100 5985.03 0 1680 1 1680
84.97 86.33 82.25 29.62 42.57 25.65 97.78 12.74 36.4 54.3 5.24 68.61 52.57 20.14 17.84 26.87 52.33 42.64 39.98 86.1 62.58 3.65 24.06 51.18 50.74 81.31 81.14 69.78 48.65 87.08 68.49 93.01 4.89 43.15 71.26 94.18 83.84 9.56 91.92 97.95 87.69 81.53 49.37 2.87 79.6 68.71 6.63 1.52 1.28 62.03 7.06 14.35 38.09 4.14 59.69 54.11 53.77 2.36 47.34 86.99 71.05 40.81 28.95 49.73 4.72 27.36 14.2 26.46 27.0 30.32 24.85 13.09 93.87 59.36 1.4 24.67 51.47 16.64 98.52 3.44 40.71 23.96 90.01 70.91 16.9 67.84 83.57 38.71 2.91 92.71 3.79 82.57 25.36 72.07 43.18 45.9 96.9 68.87 73.2 86.64 
14.7 66.38 18.56 83.33 51.17 76.07 88.71 23.21 56.97 46.82 86.81 80.92 69.47 25.72 20.35 71.15 23.53 29.43 65.73 73.49 27.96 78.18 40.57 14.13 20.17 74.22 75.02 12.03 21.64 73.31 78.17 40.71 43.76 70.46 19.37 83.02 10.62 84.98 40.11 58.45 29.17 26.31 51.95 45.27 51.02 29.19 42.47 63.6 53.68 57.8 15.24 86.71 14.5 25.04 11.16 10.92 44.36 39.45 80.14 83.85 33.54 36.54 49.07 16.23 23.69 47.27 80.82 12.38 15.21 89.15 26.0 43.96 19.12 69.32 13.57 18.73 35.18 60.63 78.9 82.1 33.51 46.75 59.73 62.44 47.24 14.74 58.89 56.02 41.61 38.77 83.9 69.71 71.26 30.43 81.36 14.76 75.8 85.55 13.34 36.34 
8 8 8 3 4 3 9 2 4 5 1 7 5 2 2 3 5 4 4 8 6 1 3 5 5 8 8 7 5 8 7 9 1 4 7 9 8 1 9 9 8 8 5 1 8 7 1 1 1 6 1 2 4 1 6 5 5 1 5 8 7 4 3 5 1 3 2 3 3 3 3 2 9 6 1 3 5 2 9 1 4 3 9 7 2 7 8 4 1 9 1 8 3 7 4 5 9 7 7 8 
1 2 3 4 5 6 7 8 9 10 11 12 13 14 15 16 17 18 19 20 21 22 23 24 25 26 27 28 29 30 31 32 33 34 35 36 37 38 39 40 41 42 43 44 45 46 47 48 49 50 51 52 53 54 55 56 57 58 59 60 61 62 63 64 65 66 67 68 69 70 71 72 73 74 75 76 77 78 79 80 81 82 83 84 85 86 87 88 89 90 91 92 93 94 95 96 97 98 99 100 
3 3 3 1 1 1 3 2 1 2 3 1 2 2 2 1 2 1 1 3 2 3 1 2 2 3 3 1 2 3 1 3 3 1 1 3 3 3 3 3 3 3 2 3 3 1 3 3 3 2 3 2 1 3 2 2 2 3 2 3 1 1 1 2 3 1 2 1 1 1 1 2 3 2 3 1 2 2 3 3 1 1 3 1 2 1 3 1 3 3 3 3 1 1 1 2 3 1 1 3 
2 2 2 3 1 3 1 1 1 3 2 3 3 1 1 3 3 1 1 2 3 2 3 3 3 2 2 3 3 2 3 1 2 1 3 1 2 2 1 1 2 2 3 2 2 3 2 2 2 3 2 1 1 2 3 3 3 2 3 2 3 1 3 3 2 3 1 3 3 3 3 1 1 3 2 3 3 1 1 2 1 3 1 3 1 3 2 1 2 1 2 2 3 3 1 3 1 3 3 2 
10 6 2 7 1 3 6 2 9 5 9 3 5 2 1 4 1 4 2 7 3 5 6 7 8 10 4 5 6 2 6 7 3 9 6 6 3 1 6 10 4 8 2 9 10 4 7 6 6 1 2 5 1 1 3 10 4 9 4 3 1 6 5 4 4 5 2 6 2 5 4 9 6 4 5 4 8 8 10 9 3 10 7 2 9 8 2 3 9 8 8 4 8 8 2 7 9 8 7 4 
3977.01 4459.97 3066.84 3574.02 3401.48 4250.61 4521.52 3103.51 3351.93 3766.82 4049.37 3940.8 3777.3 3188.99 3300.3 4549.75 3405.27 4591.27 3108.64 4158.5 4105.3 3763.81 4193.51 4408.8 3595.11 3988.31 4517.98 3767.32 4546.58 3111.6 4465.21 4263.81 4695.61 3704.78 4299.54 4437.66 4124.62 3081.85 4340.57 3995.83 4576.58 3742.47 3178.72 3600.69 3983.8 4493.78 3660.64 4455.3 4434.76 3192.73 3108.56 3768.25 3274.54 3399.65 3919.75 3963.65 4574.31 4077.87 4459.86 4383.72 3071.73 4149.92 3764.12 4588.65 4453.27 3775.25 3186.87 4184.06 3104.47 3770.41 4553.67 3369.84 4301.97 4486.2 3766.98 4595.93 3363.41 3595.04 3944.23 3892.95 4136.57 3970.5 4218.37 3141.05 3796.48 3642.9 3063.39 3941.96 3793.85 3426.7 3659.35 4576.76 3342.37 3396.91 3121.17 3786.95 3626.39 3557.03 4159.51 4553.96 
0.82 0.5 0.88 0.47 0.5 0.62 0.61 0.8 0.72 0.24 0.43 0.64 0.21 0.67 0.46 0.47 0.73 0.38 0.69 0.16 0.91 0.2 0.55 0.44 0.75 0.81 0.42 0.22 0.51 0.67 0.51 0.44 0.54 0.38 0.59 0.57 0.68 0.68 0.55 0.77 0.42 0.72 0.72 0.6 0.79 0.43 0.11 0.6 0.5 0.75 0.81 0.25 0.72 0.48 0.71 0.77 0.46 0.32 0.47 0.86 0.75 0.59 0.2 0.42 0.4 0.25 0.64 0.52 0.69 0.25 0.39 0.6 0.61 0.42 0.21 0.44 0.77 0.73 0.77 0.57 0.48 0.77 0.61 0.68 0.73 0.73 0.76 0.71 0.6 0.77 0.72 0.39 0.72 0.73 0.68 0.19 0.73 0.77 0.48 0.44 
1.0 0.62 1.0 0.61 0.7 0.59 1.0 0.5 0.74 1.0 0.93 0.57 1.0 0.85 0.53 0.55 0.61 0.54 0.56 0.55 0.97 1.0 0.82 0.92 0.63 0.51 0.71 0.64 0.85 0.54 1.0 0.5 0.6 0.69 0.71 0.94 0.8 0.75 1.0 0.82 0.63 0.71 1.0 0.94 0.56 0.61 0.77 0.72 0.92 0.72 0.84 0.79 0.76 0.78 0.95 0.51 1.0 0.61 0.77 0.77 0.58 0.75 0.8 1.0 0.85 1.0 0.72 0.71 0.77 0.62 0.68 1.0 1.0 0.63 0.72 0.73 0.83 0.64 0.75 1.0 0.68 0.81 0.81 1.0 0.69 0.76 1.0 0.94 0.91 0.71 1.0 0.76 0.89 0.65 0.54 1.0 0.91 0.68 0.81 1.0 
0.9 1.0 0.74 0.65 1.0 0.92 0.87 0.77 0.76 1.0 0.54 0.68 0.86 0.54 1.0 1.0 0.67 1.0 1.0 0.95 1.0 1.0 0.59 0.55 0.66 1.0 0.68 0.87 0.71 0.51 0.89 0.57 0.83 0.81 0.62 0.65 0.6 0.99 0.57 0.89 0.66 0.87 1.0 1.0 1.0 1.0 1.0 0.85 0.87 1.0 0.64 0.91 0.77 0.78 0.79 0.52 0.94 0.9 0.82 0.59 0.7 0.92 0.72 0.69 1.0 0.7 1.0 0.83 0.98 0.85 0.89 0.92 0.96 0.52 0.58 0.85 0.56 1.0 0.55 1.0 0.65 0.8 0.85 0.63 0.62 0.89 0.9 0.6 0.95 0.58 0.52 0.58 0.98 0.8 0.82 0.93 0.9 0.54 0.72 0.67 
0.82 0.72 0.8 0.55 0.86 0.52 0.74 1.0 1.0 0.91 0.65 1.0 0.8 0.52 0.54 0.75 0.89 0.68 0.52 0.75 0.51 0.71 0.6 0.51 0.64 0.82 0.86 0.86 0.56 0.74 1.0 0.76 1.0 0.53 0.76 1.0 0.99 0.84 0.98 0.97 0.51 0.69 0.61 0.93 0.63 0.9 0.86 0.95 0.87 0.72 0.93 0.84 0.81 0.84 0.84 0.56 1.0 0.67 0.86 0.88 0.92 0.5 0.78 0.93 0.68 0.85 1.0 0.6 0.78 0.77 0.99 0.71 0.54 0.62 0.56 1.0 0.9 0.78 1.0 0.65 0.62 0.83 0.66 0.74 0.77 0.98 1.0 0.91 0.99 0.81 1.0 0.79 0.86 0.93 0.86 1.0 0.93 0.7 0.54 0.64 
0.81 1.0 0.58 0.54 0.6 1.0 0.91 1.0 1.0 1.0 0.68 0.81 1.0 0.55 0.76 0.83 0.86 0.66 1.0 1.0 0.71 0.97 0.68 0.68 0.57 0.53 0.51 0.88 0.76 0.51 0.71 0.66 0.84 0.7 1.0 0.82 0.65 0.8 0.67 1.0 0.61 0.57 1.0 0.6 0.52 0.68 0.89 0.91 0.61 0.82 0.71 0.94 0.96 0.86 0.53 0.94 0.85 0.89 0.98 0.56 0.66 0.68 0.88 0.59 0.5 0.87 0.99 1.0 0.86 0.81 0.8 0.54 0.91 0.9 0.99 1.0 0.83 0.6 0.53 0.52 0.78 0.73 0.53 0.98 0.64 0.85 0.79 0.71 0.64 0.83 0.57 0.58 0.84 0.57 0.62 1.0 1.0 1.0 0.79 0.68 
0.97 0.61 0.51 0.92 0.58 0.98 0.63 0.53 1.0 0.73 0.52 0.99 1.0 0.67 0.69 1.0 1.0 0.94 0.61 0.7 1.0 0.8 0.62 0.54 0.7 0.83 0.53 0.91 0.78 0.67 0.62 0.6 0.77 0.54 0.95 0.83 1.0 0.95 0.67 0.55 0.71 0.99 0.51 0.94 0.83 1.0 0.81 0.7 1.0 0.8 0.75 0.88 0.79 0.65 1.0 0.59 1.0 0.73 0.55 0.95 0.52 0.56 0.51 0.52 0.73 0.76 0.67 1.0 0.9 1.0 0.93 0.52 0.58 0.87 0.78 0.61 0.9 0.76 0.78 0.85 0.99 0.94 1.0 0.5 0.7 0.62 0.72 0.7 1.0 0.74 0.54 0.87 0.64 0.99 0.9 0.82 0.96 0.9 0.99 0.72 
0.58 0.27 0.17 0.11 0.21 0.28 0.37 0.21 0.56 0.67 0.11 0.31 0.69 0.09 0.15 0.34 0.31 0.23 0.18 0.28 0.35 0.55 0.12 0.09 0.11 0.18 0.11 0.38 0.2 0.07 0.39 0.09 0.32 0.11 0.32 0.42 0.31 0.47 0.25 0.39 0.09 0.24 0.31 0.49 0.15 0.38 0.48 0.37 0.43 0.34 0.27 0.5 0.36 0.28 0.34 0.08 0.8 0.24 0.29 0.21 0.13 0.13 0.2 0.2 0.21 0.39 0.48 0.35 0.46 0.33 0.44 0.19 0.27 0.16 0.18 0.38 0.31 0.23 0.17 0.29 0.21 0.37 0.25 0.23 0.15 0.35 0.51 0.26 0.55 0.21 0.16 0.17 0.4 0.27 0.21 0.76 0.74 0.23 0.25 0.21 
1525.39 912.09 1410.45 820.95 1024.43 1734.53 740.1 1089.5 2183.64 1006.7 1518.76 1662.24 969.65 1439.56 1071.64 1128.47 1339.43 840.7 1248.48 772.62 1329.82 1200.95 729.06 990.27 1717.92 1713.87 1116.94 1217.45 937.12 1098.71 709.27 837.42 1051.68 1467.23 890.86 862.64 1606.85 1309.11 929.85 1655.9 1268.53 1856.86 1280.01 2100.05 1168.0 1123.41 825.01 561.01 993.7 1215.38 1029.15 1083.51 1365.84 1159.94 1592.89 1138.73 1233.69 1728.55 1253.67 1355.27 1318.09 785.67 926.21 1157.41 1304.77 1234.09 1341.98 627.68 1026.08 1494.18 1121.88 1524.56 1036.02 976.83 1064.49 926.15 1613.9 2010.41 1421.64 2122.12 1738.81 1151.47 899.93 1748.36 2066.26 2448.31 1216.52 1491.59 1765.62 2394.09 2040.35 974.98 1621.77 2077.63 1451.11 797.49 2435.68 1863.23 921.53 772.65 
913.18 289.09 157.74 79.5 294.79 494.99 287.76 239.23 1079.67 669.91 162.11 503.85 650.86 155.86 172.88 369.43 333.52 178.02 216.1 195.25 453.66 584.82 89.73 63.4 160.77 267.6 162.03 380.03 191.13 87.25 266.14 69.67 317.45 181.87 273.06 400.49 447.94 650.62 247.31 704.25 105.44 392.17 398.05 1092.85 139.3 430.2 451.74 208.48 420.61 362.65 311.42 542.01 524.63 384.57 583.29 90.55 954.11 467.43 335.45 260.01 149.22 113.36 214.54 248.37 284.16 436.66 589.11 221.97 482.13 445.47 535.51 294.9 277.81 119.66 166.63 369.03 557.56 426.3 275.19 543.11 409.51 409.83 225.16 369.91 240.15 858.83 596.11 418.48 907.96 508.64 265.12 176.67 659.87 604.59 267.49 588.04 1856.38 458.81 269.78 178.77 
7126.97 4060.46 6552.27 3604.74 4622.14 8172.66 3200.49 4947.52 10418.2 4533.51 7093.81 7811.19 4348.26 6697.78 4858.19 5142.36 6197.14 3703.51 5742.4 3363.11 6149.09 5504.73 3145.28 4451.37 8089.6 8069.37 5084.7 5587.23 4185.62 4993.57 3046.37 3687.11 4758.4 6836.13 3954.28 3813.19 7534.26 6045.53 4149.25 7779.49 5842.64 8784.3 5900.06 10000.24 5339.98 5117.05 3625.06 2305.06 4468.48 5576.91 4645.74 4917.56 6329.21 5299.68 7464.44 5193.63 5668.47 8142.76 5768.36 6276.35 6090.47 3428.35 4131.06 5287.06 6023.87 5670.47 6209.9 2638.39 4630.42 6970.9 5109.41 7122.8 4680.09 4384.16 4822.45 4130.73 7569.51 9552.04 6608.2 10110.58 8194.06 5257.35 3999.64 8241.8 9831.28 11741.53 5582.59 6957.93 8328.1 11470.44 9701.76 4374.88 7608.84 9888.16 6755.56 3487.44 11678.38 8816.15 4107.64 3363.27 
4065.91 945.44 288.7 -102.51 973.94 1974.96 938.82 696.14 4898.37 2849.57 310.55 2019.24 2754.3 279.32 364.39 1347.14 1167.6 390.11 580.49 476.27 1768.29 2424.11 -51.33 -183.02 303.84 838.01 310.16 1400.17 455.63 -63.74 830.69 -151.64 1087.24 409.33 865.32 1502.47 1739.69 2753.08 736.54 3021.27 27.22 1460.85 1490.25 4964.24 196.52 1651.01 1758.7 542.42 1603.05 1313.23 1057.12 2210.04 2123.14 1422.86 2416.46 -47.23 4270.56 1837.15 1177.24 800.05 246.08 66.79 572.72 741.84 920.8 1683.29 2445.53 609.87 1910.64 1727.37 2177.54 974.49 889.03 98.32 333.16 1345.14 2287.78 1631.49 875.95 2215.54 1547.55 1549.17 625.8 1349.57 700.76 3794.14 2480.57 1592.39 4039.8 2043.22 825.62 383.34 2799.37 2522.95 837.46 2440.22 8781.88 1794.07 848.89 393.85 
159.08 178.4 122.67 71.48 68.03 85.01 180.86 93.11 67.04 113.0 161.97 78.82 113.32 95.67 99.01 90.99 102.16 91.83 62.17 166.34 123.16 150.55 83.87 132.26 107.85 159.53 180.72 75.35 136.4 124.46 89.3 170.55 187.82 74.1 85.99 177.51 164.98 123.27 173.62 159.83 183.06 149.7 95.36 144.03 159.35 89.88 146.43 178.21 177.39 95.78 124.34 113.05 65.49 135.99 117.59 118.91 137.23 163.11 133.8 175.35 61.43 83.0 75.28 137.66 178.13 75.51 95.61 83.68 62.09 75.41 91.07 101.1 172.08 134.59 150.68 91.92 100.9 107.85 157.77 155.72 82.73 79.41 168.73 62.82 113.89 72.86 122.54 78.84 151.75 137.07 146.37 183.07 66.85 67.94 62.42 113.61 145.06 71.14 83.19 182.16 
238 267 184 71 68 85 271 124 67 150 242 78 151 127 132 90 136 91 62 249 164 225 83 176 143 239 271 75 181 186 89 255 281 74 85 266 247 184 260 239 274 224 127 216 239 89 219 267 266 127 186 150 65 203 156 158 182 244 178 263 61 82 75 183 267 75 127 83 62 75 91 134 258 179 226 91 134 143 236 233 82 79 253 62 151 72 183 78 227 205 219 274 66 67 62 151 217 71 83 273 
1293 387 751 1636 1654 734 680 1349 1524 865 590 263 354 678 1002 194 1188 492 560 93 267 1286 1282 1368 644 866 184 1178 1496 547 1028 1168 184 288 1503 1393 620 760 981 988 1157 815 143 294 536 1312 168 622 576 1025 1108 1144 1552 1048 1462 1016 1313 1539 457 379 1124 1520 365 141 1510 173 195 934 405 1547 361 408 1109 123 1458 459 1305 912 421 781 1112 914 1545 1554 1061 1651 155 262 751 76 1140 62 874 352 124 498 986 1489 504 1180 
1680 1542 1196 1680 1680 1680 1680 1680 1680 1680 943 1603 1262 1648 1680 701 1680 1680 1680 1248 1453 1680 1680 1680 935 1680 598 1680 1680 1332 1226 1680 1000 1680 1680 1680 1466 1680 1519 1680 1680 1680 866 1603 1506 1680 768 790 1206 1316 1680 1342 1680 1680 1680 1680 1680 1680 1180 1680 1680 1680 1026 401 1680 1680 1072 1680 1467 1680 1485 1100 1680 1680 1680 873 1680 1680 1082 1680 1434 1680 1680 1680 1680 1680 816 923 919 1293 1680 1094 1258 1680 600 1375 1680 1657 1680 1680 
2
0.0 0.0 
100.0 0.0 
0 100 120 92 115 33 64 35 98 77 56 76 14 71 60 76 81 39 92 82 52 90 95 22 64 99 94 85 84 112 92 91 71 110 56 52 107 95 122 17 109 106 112 109 68 54 93 98 57 36 46 75 85 19 93 75 107 104 77 60 51 88 97 75 58 97 76 59 23 91 88 32 78 57 123 66 86 84 82 42 100 18 77 58 98 80 55 108 93 58 58 111 16 87 38 100 47 96 99 70 113 107 
100 0 86 108 84 88 66 80 132 26 67 71 86 106 87 32 27 76 57 51 76 113 68 78 47 53 54 110 110 70 53 113 103 101 44 82 73 125 84 85 100 114 92 85 71 45 94 74 42 63 53 84 16 87 40 25 60 55 69 39 93 120 78 54 56 52 24 54 82 29 30 94 35 45 95 91 13 30 62 62 126 82 52 52 108 94 50 69 102 68 41 100 83 108 75 78 92 48 123 109 74 93 
120 86 0 51 4 88 55 85 75 72 64 44 107 68 63 65 67 81 33 44 68 58 26 103 66 33 34 59 60 15 36 58 65 27 85 69 14 68 4 103 26 45 14 12 51 87 36 21 83 96 92 48 77 100 46 81 25 31 43 86 75 69 23 49 65 35 80 66 96 58 57 92 61 77 9 60 83 60 39 82 65 105 48 68 45 49 75 17 44 62 86 25 106 55 82 20 78 39 62 72 11 21 
92 108 51 0 47 59 46 61 25 85 50 37 83 22 33 77 82 59 54 57 46 7 45 83 67 62 58 9 10 56 58 6 21 26 84 43 49 18 55 78 26 14 37 40 39 86 16 41 83 84 85 25 94 74 70 91 61 64 39 88 41 17 36 54 59 62 92 61 73 80 78 60 73 76 47 27 100 77 46 69 17 84 56 65 7 15 72 54 7 48 87 28 84 5 61 38 45 65 14 25 54 30 
115 84 4 47 0 83 51 80 71 69 59 39 102 63 58 62 64 76 30 41 63 55 21 98 62 31 31 55 56 14 33 54 61 24 81 64 11 65 8 98 23 42 11 7 46 83 32 17 79 92 88 44 75 96 44 78 23 29 38 82 70 65 18 45 61 32 77 61 92 56 55 87 57 73 11 55 81 57 34 77 62 101 44 64 41 45 71 14 40 57 82 22 102 51 77 15 73 36 59 68 10 18 
33 88 88 59 83 0 34 8 68 62 27 44 24 39 26 58 64 12 63 55 20 57 64 26 43 72 66 52 52 81 64 58 39 76 46 18 76 64 90 20 75 72 79 77 37 46 59 66 46 34 41 41 71 15 69 63 78 76 45 51 18 57 64 48 34 70 64 36 15 71 68 5 57 42 90 32 75 64 52 26 69 26 51 37 64 46 38 78 59 28 49 77 25 54 12 67 13 70 67 39 82 73 
64 66 55 46 51 34 0 30 66 40 8 12 51 39 20 33 39 25 29 21 14 48 30 47 21 38 32 45 45 47 30 49 37 51 38 19 42 60 57 47 50 55 50 46 6 40 37 34 36 42 41 20 50 45 36 46 43 41 13 41 29 55 33 14 13 35 46 15 41 41 39 39 30 30 60 24 55 37 18 27 62 49 17 19 48 30 25 44 41 6 40 51 50 44 26 36 30 36 59 43 48 46 
35 80 85 61 80 8 30 0 73 54 21 40 23 43 27 50 56 5 58 49 17 60 60 22 35 66 61 55 55 77 59 61 42 76 38 18 72 68 87 18 75 74 77 74 33 38 59 63 38 27 33 40 63 15 62 55 73 71 42 43 22 61 62 42 27 64 56 28 12 63 60 13 50 34 88 34 67 57 48 17 72 23 45 29 66 47 30 74 60 23 41 76 23 57 4 65 18 64 71 44 78 72 
98 132 75 25 71 68 66 73 0 107 69 60 92 30 49 99 105 73 79 80 62 19 70 94 88 87 83 21 21 81 83 18 31 48 103 57 74 6 79 88 48 30 60 64 60 104 41 66 102 99 102 47 116 83 95 113 86 89 62 107 51 11 61 77 79 86 113 81 83 104 102 67 96 95 69 43 122 101 70 85 9 94 79 84 29 37 90 79 33 67 105 50 94 24 74 63 55 90 12 29 79 53 
77 26 72 85 69 62 40 54 107 0 41 47 64 80 61 7 5 49 39 30 50 88 50 55 20 39 38 85 85 58 35 89 78 82 22 56 58 101 72 61 80 92 75 68 46 24 72 56 20 41 32 60 9 63 26 8 48 43 46 19 66 95 59 31 30 37 8 28 57 17 16 68 12 20 81 65 14 12 40 37 102 59 29 26 85 70 24 55 79 41 20 81 61 83 49 59 65 34 99 83 61 75 
56 67 64 50 59 27 8 21 69 41 0 20 43 40 20 35 41 17 37 28 9 52 39 39 20 45 39 48 48 55 37 53 38 58 34 15 51 63 66 38 58 61 58 54 13 35 43 42 33 35 35 25 51 37 42 45 51 49 21 38 25 57 41 20 10 42 45 13 32 45 42 32 33 26 68 26 55 40 26 20 65 41 23 16 53 34 21 52 47 2 36 59 42 47 18 44 25 43 63 43 57 54 
76 71 44 37 39 44 12 40 60 47 20 0 63 36 22 40 45 36 23 20 23 41 20 59 30 32 26 38 38 38 25 42 34 39 49 26 32 53 46 58 38 45 37 34 7 51 25 22 47 55 53 13 56 56 36 54 36 35 2 52 34 49 21 16 25 30 54 26 52 44 41 48 36 41 48 23 62 40 11 40 54 61 19 30 37 22 37 34 31 18 51 39 62 36 37 24 36 33 51 41 38 34 
14 86 107 83 102 24 51 23 92 64 43 63 0 63 50 62 67 26 78 68 40 81 82 8 49 85 80 77 76 98 78 82 63 99 43 41 94 89 109 4 98 96 100 97 56 41 82 85 44 23 33 63 71 9 79 61 93 90 64 47 42 81 84 61 44 83 63 45 10 77 74 25 63 43 111 56 73 70 69 28 93 5 64 44 88 70 41 95 83 45 45 99 3 79 25 87 38 82 92 63 100 95 
71 106 68 22 63 39 39 43 30 80 40 36 63 0 19 73 79 42 59 57 32 19 53 65 60 69 63 14 13 68 62 19 2 47 73 27 61 25 71 59 46 36 55 56 34 74 31 51 72 69 72 24 90 54 73 85 70 71 39 78 21 18 47 52 50 67 85 53 54 80 77 39 70 66 66 14 95 76 48 55 29 65 55 56 30 18 61 66 26 38 76 48 64 17 44 50 25 69 28 4 67 48 
60 87 63 33 58 26 20 27 49 61 20 22 50 19 0 54 60 25 45 41 13 33 42 49 40 55 49 29 29 59 47 34 18 49 54 9 53 43 66 45 49 46 53 51 17 55 32 43 53 51 53 15 70 41 56 65 58 58 25 58 11 37 40 34 31 53 66 33 40 62 59 29 51 47 65 6 75 57 34 36 46 50 37 36 38 19 42 56 32 19 56 50 50 29 27 43 15 55 44 22 59 47 
76 32 65 77 62 58 33 50 99 7 35 40 62 73 54 0 5 45 32 22 44 81 42 54 15 33 31 78 78 51 28 82 71 74 23 50 51 93 65 60 73 84 67 61 39 26 64 48 21 42 33 52 16 61 21 16 42 37 38 22 60 88 51 23 24 31 15 22 55 14 12 64 4 19 74 58 22 8 32 35 94 58 21 21 77 62 21 48 71 35 23 73 60 76 45 52 60 27 91 77 54 67 
81 27 67 82 64 64 39 56 105 5 41 45 67 79 60 5 0 51 34 26 50 86 45 59 21 33 32 83 83 52 30 87 76 77 26 56 53 98 66 65 76 88 70 63 44 29 68 51 24 46 37 57 11 66 21 14 42 37 43 24 66 93 54 28 30 32 13 28 60 11 10 69 9 24 76 64 17 7 36 40 99 63 26 27 82 67 26 50 76 41 25 77 65 81 51 55 66 28 96 82 55 70 
39 76 81 59 76 12 25 5 73 49 17 36 26 42 25 45 51 0 53 44 14 59 56 24 30 61 56 54 54 73 54 60 42 72 35 16 68 68 83 22 72 72 73 70 29 35 56 59 35 26 30 37 59 19 57 51 68 66 37 40 22 61 58 37 22 59 52 23 15 58 55 18 45 30 84 32 62 52 43 14 72 25 40 24 64 44 25 69 58 19 38 73 26 55 1 60 19 59 70 44 74 69 
92 57 33 54 30 63 29 58 79 39 37 23 78 59 45 32 34 53 0 11 43 60 11 73 33 9 3 58 59 20 4 60 56 44 51 47 19 72 34 74 42 57 35 29 28 54 38 17 49 64 59 35 46 73 16 48 14 12 20 52 56 69 21 17 34 7 47 34 68 28 26 69 27 44 41 46 51 28 11 51 72 76 15 36 52 43 42 17 47 35 52 43 77 55 54 20 58 10 68 64 23 36 
82 51 44 57 41 55 21 49 80 30 28 20 68 57 41 22 26 44 11 0 36 61 19 62 21 17 12 59 59 32 9 62 55 51 40 41 30 74 45 64 50 62 45 39 23 42 42 26 38 53 47 34 38 63 15 38 24 21 18 41 50 70 28 7 23 14 38 23 58 23 21 60 18 32 52 43 44 20 10 40 74 65 4 25 56 43 31 29 50 26 41 50 66 56 45 29 51 15 71 61 34 44 
52 76 68 46 63 20 14 17 62 50 9 23 40 32 13 44 50 14 43 36 0 46 44 38 29 52 46 42 42 61 44 47 31 58 41 5 55 56 70 35 57 58 60 57 16 42 42 46 40 38 40 23 60 33 51 54 58 56 25 45 16 50 44 29 19 50 54 22 29 55 52 25 42 34 71 19 64 49 32 23 59 40 32 24 50 31 29 58 44 9 44 59 40 42 15 47 15 51 57 35 62 55 
90 113 58 7 55 57 48 60 19 88 52 41 81 19 33 81 86 59 60 61 46 0 51 82 70 68 63 4 5 63 63 0 18 33 86 43 56 12 62 77 33 19 44 47 42 87 23 47 85 85 87 28 98 72 76 95 67 70 43 90 39 10 42 58 62 67 95 64 72 85 83 57 77 78 54 27 103 82 51 70 13 83 60 67 14 18 74 61 14 50 89 35 82 5 60 45 43 71 11 21 61 37 
95 68 26 45 21 64 30 60 70 50 39 20 82 53 42 42 45 56 11 19 44 51 0 77 40 17 14 49 50 17 15 51 50 32 59 46 12 63 27 77 31 46 25 19 27 62 28 6 57 70 66 29 56 76 27 58 17 19 18 61 54 60 10 23 39 17 58 40 71 39 37 69 37 52 32 41 62 39 13 56 62 80 22 42 41 35 49 14 37 36 61 32 81 46 57 9 56 21 58 57 18 25 
22 78 103 83 98 26 47 22 94 55 39 59 8 65 49 54 59 24 73 62 38 82 77 0 42 79 74 77 77 93 72 83 64 96 34 40 89 90 104 9 96 96 97 93 52 32 80 81 35 14 24 61 63 13 72 53 87 84 60 38 43 83 80 55 38 77 54 38 10 69 67 28 56 35 107 56 64 63 64 21 94 3 58 37 88 69 33 90 82 41 36 97 5 79 22 83 39 76 93 65 95 92 
64 47 66 67 62 43 21 35 88 20 20 30 49 60 40 15 21 30 33 21 29 70 40 42 0 37 33 66 66 53 31 71 58 68 19 35 51 81 66 46 67 76 64 59 27 21 56 46 17 32 26 41 30 47 29 25 46 42 29 21 45 76 47 17 9 35 25 7 41 28 25 48 14 11 73 45 35 21 27 21 83 46 18 6 68 51 9 50 62 21 21 68 47 65 30 49 45 33 80 63 56 62 
99 53 33 62 31 72 38 66 87 39 45 32 85 69 55 33 33 61 9 17 52 68 17 79 37 0 6 67 67 18 7 69 66 49 54 56 20 81 32 82 48 64 39 32 37 57 46 23 52 70 63 44 44 81 13 48 9 4 30 54 66 78 27 24 41 2 47 40 76 24 24 77 28 48 42 55 49 26 21 57 80 83 22 42 59 52 47 16 55 43 55 48 84 63 62 26 67 5 76 73 22 41 
94 54 34 58 31 66 32 61 83 38 39 26 80 63 49 31 32 56 3 12 46 63 14 74 33 6 0 62 62 20 2 64 60 47 51 50 20 76 34 76 45 60 38 31 31 54 42 20 49 65 59 39 43 75 13 46 12 9 24 52 60 73 24 19 36 4 46 35 70 25 24 71 26 44 43 49 49 26 15 52 75 77 16 37 55 46 43 17 50 37 52 45 79 58 57 23 61 7 72 67 23 39 
85 110 59 9 55 52 45 55 21 85 48 38 77 14 29 78 83 54 58 59 42 4 49 77 66 67 62 0 0 63 61 5 13 35 82 38 55 15 63 72 35 22 45 47 38 83 23 46 81 80 82 25 94 68 73 91 66 68 40 86 34 11 41 55 58 66 91 60 67 82 80 53 74 74 56 22 100 79 49 66 17 78 57 63 16 15 69 60 15 46 84 37 78 4 56 44 38 69 15 16 61 38 
84 110 60 10 56 52 45 55 21 85 48 38 76 13 29 78 83 54 59 59 42 5 50 77 66 67 62 0 0 64 62 6 13 36 82 38 56 15 64 72 36 23 46 48 39 83 24 47 81 80 82 25 95 67 74 91 67 69 41 86 34 10 42 55 58 66 92 60 67 83 80 52 74 74 57 22 100 79 49 66 17 78 57 63 17 16 69 61 16 46 85 38 77 5 55 45 38 69 15 16 62 39 
112 70 15 56 14 81 47 77 81 58 55 38 98 68 59 51 52 73 20 32 61 63 17 93 53 18 20 63 64 0 23 63 66 36 72 64 7 75 14 94 35 54 24 18 44 74 40 17 70 85 80 46 62 93 31 66 10 15 36 72 71 73 21 37 55 20 66 55 88 43 42 86 47 65 25 58 68 45 29 72 72 96 36 57 51 50 63 3 48 53 73 35 97 59 74 18 74 24 69 73 3 29 
92 53 36 58 33 64 30 59 83 35 37 25 78 62 47 28 30 54 4 9 44 63 15 72 31 7 2 61 62 23 0 64 59 48 49 49 22 76 36 74 47 61 39 33 30 51 42 21 46 63 57 38 42 73 12 44 15 12 23 49 58 73 25 16 33 5 43 33 68 24 22 69 24 41 45 48 47 24 13 50 75 75 14 35 56 46 40 20 51 35 49 47 76 58 54 25 59 7 72 67 25 40 
91 113 58 6 54 58 49 61 18 89 53 42 82 19 34 82 87 60 60 62 47 0 51 83 71 69 64 5 6 63 64 0 19 33 87 44 56 12 62 78 33 18 44 47 43 88 23 47 86 86 88 29 98 73 76 95 67 70 44 91 40 10 42 59 62 68 96 65 73 85 83 58 78 79 54 28 104 82 52 71 12 84 61 68 13 19 74 61 14 51 89 35 83 5 61 45 44 71 10 21 61 36 
71 103 65 21 61 39 37 42 31 78 38 34 63 2 18 71 76 42 56 55 31 18 50 64 58 66 60 13 13 66 59 19 0 44 72 26 58 26 69 59 44 35 52 53 32 73 29 48 71 68 71 21 87 54 70 83 67 68 36 76 21 19 44 49 49 64 83 51 54 78 75 39 68 65 64 12 93 73 46 54 30 65 52 54 28 15 60 63 24 37 75 46 64 16 43 47 25 67 28 7 65 45 
110 101 27 26 24 76 51 76 48 82 58 39 99 47 49 74 77 72 44 51 58 33 32 96 68 49 47 35 36 36 48 33 44 0 88 58 30 42 31 94 1 18 12 18 45 90 16 26 86 94 92 35 89 91 60 90 44 48 39 90 60 43 23 52 64 49 89 65 88 72 70 79 69 79 21 44 95 71 41 78 38 98 52 69 19 30 76 36 20 56 90 1 99 30 74 23 64 53 35 50 33 7 
56 44 85 84 81 46 38 38 103 22 34 49 43 73 54 23 26 35 51 40 41 86 59 34 19 54 51 82 82 72 49 87 72 88 0 46 70 97 85 41 87 94 84 78 45 2 75 65 2 20 10 58 28 43 44 18 63 59 48 5 55 91 66 36 24 52 20 22 38 38 36 52 26 8 92 60 30 31 47 20 100 38 37 19 86 68 12 69 80 35 2 87 40 81 34 68 53 50 97 76 74 82 
52 82 69 43 64 18 19 18 57 56 15 26 41 27 9 50 56 16 47 41 5 43 46 40 35 56 50 38 38 64 49 44 26 58 46 0 58 52 72 36 57 56 60 58 19 47 41 48 46 42 45 22 65 33 56 59 61 60 28 51 10 45 46 33 25 54 60 28 30 60 57 22 48 40 72 16 70 54 36 28 56 41 37 30 48 28 35 60 42 15 49 58 41 39 17 49 10 55 54 29 64 55 
107 73 14 49 11 76 42 72 74 58 51 32 94 61 53 51 53 68 19 30 55 56 12 89 51 20 20 55 56 7 22 56 58 30 70 58 0 67 15 90 29 47 19 12 39 73 32 10 68 82 77 39 64 88 33 67 14 19 30 71 65 66 14 34 51 21 66 52 83 45 44 80 46 63 22 51 70 46 25 68 65 92 33 54 44 43 61 5 41 49 71 28 93 51 69 11 68 25 61 66 6 22 
95 125 68 18 65 64 60 68 6 101 63 53 89 25 43 93 98 68 72 74 56 12 63 90 81 81 76 15 15 75 76 12 26 42 97 52 67 0 73 84 42 24 54 58 54 98 35 59 96 94 97 40 110 79 88 107 79 82 55 101 46 7 54 70 73 80 107 75 80 97 95 64 89 90 63 37 115 94 64 80 5 90 72 79 23 31 85 73 26 61 100 44 90 17 69 57 51 83 7 25 72 47 
122 84 4 55 8 90 57 87 79 72 66 46 109 71 66 65 66 83 34 45 70 62 27 104 66 32 34 63 64 14 36 62 69 31 85 72 15 73 0 105 30 49 18 15 53 88 40 23 83 97 93 51 76 103 45 80 24 29 45 86 78 73 26 50 67 34 80 67 98 57 57 95 60 78 13 63 82 59 40 83 69 107 48 69 49 53 76 16 48 64 86 29 108 59 84 23 81 38 66 76 10 25 
17 85 103 78 98 20 47 18 88 61 38 58 4 59 45 60 65 22 74 64 35 77 77 9 46 82 76 72 72 94 74 78 59 94 41 36 90 84 105 0 93 92 96 92 51 40 77 81 42 22 32 59 69 5 76 60 89 86 60 46 38 77 80 57 40 79 61 41 6 74 71 21 60 41 106 52 71 67 65 25 89 6 60 40 84 65 38 91 78 41 43 95 5 74 20 82 33 79 87 59 95 91 
109 100 26 26 23 75 50 75 48 80 58 38 98 46 49 73 76 72 42 50 57 33 31 96 67 48 45 35 36 35 47 33 44 1 87 57 29 42 30 93 0 19 11 17 44 89 16 25 85 93 91 34 88 90 59 89 43 47 38 89 59 44 21 51 63 48 88 64 87 71 69 78 68 78 21 43 94 70 40 78 39 97 51 68 19 30 75 34 20 55 89 1 98 31 73 22 63 52 36 50 32 6 
106 114 45 14 42 72 55 74 30 92 61 45 96 36 46 84 88 72 57 62 58 19 46 96 76 64 60 22 23 54 61 18 35 18 94 56 47 24 49 92 19 0 31 36 49 95 19 41 92 96 96 35 100 88 74 99 60 64 46 97 55 27 36 61 69 64 99 71 86 85 83 74 79 86 39 40 106 83 51 81 20 97 62 74 8 27 81 53 14 59 96 20 97 19 73 38 59 67 17 39 51 24 
112 92 14 37 11 79 50 77 60 75 58 37 100 55 53 67 70 73 35 45 60 44 25 97 64 39 38 45 46 24 39 44 52 12 84 60 19 54 18 96 11 31 0 6 44 86 23 18 82 92 89 38 81 93 51 83 33 38 37 85 65 54 17 47 62 40 83 62 89 63 62 82 62 76 11 49 87 63 36 77 50 99 47 66 30 37 73 24 30 55 85 10 100 40 75 15 68 44 47 59 21 7 
109 85 12 40 7 77 46 74 64 68 54 34 97 56 51 61 63 70 29 39 57 47 19 93 59 32 31 47 48 18 33 47 53 18 78 58 12 58 15 92 17 36 6 0 41 80 24 13 76 88 84 37 75 90 45 77 26 31 33 80 63 57 12 41 57 33 76 58 86 56 55 81 56 70 14 48 81 57 31 73 55 95 41 61 34 37 67 17 32 52 80 16 96 43 71 10 67 37 51 60 15 11 
68 71 51 39 46 37 6 33 60 46 13 7 56 34 17 39 44 29 28 23 16 42 27 52 27 37 31 38 39 44 30 43 32 45 45 19 39 54 53 51 44 49 44 41 0 46 30 29 43 49 48 13 56 49 39 52 42 41 8 48 28 49 28 17 20 35 52 22 45 45 43 41 35 37 55 20 61 41 16 33 56 54 20 25 41 23 32 41 34 11 47 45 55 37 30 31 30 37 53 38 45 40 
54 45 87 86 83 46 40 38 104 24 35 51 41 74 55 26 29 35 54 42 42 87 62 32 21 57 54 83 83 74 51 88 73 90 2 47 73 98 88 40 89 95 86 80 46 0 76 67 4 18 8 60 30 43 46 20 66 61 50 5 56 92 69 38 26 55 21 24 37 40 38 51 29 10 94 61 31 34 49 20 101 36 39 21 88 70 14 71 81 37 3 90 38 83 34 70 54 52 98 77 77 84 
93 94 36 16 32 59 37 59 41 72 43 25 82 31 32 64 68 56 38 42 42 23 28 80 56 46 42 23 24 40 42 23 29 16 75 41 32 35 40 77 16 19 23 24 30 76 0 24 73 79 78 18 80 74 55 79 44 47 26 78 43 33 19 41 50 45 79 52 71 65 63 62 60 66 34 27 86 63 32 63 33 82 42 55 13 14 62 38 8 41 77 17 82 18 57 21 47 49 30 36 38 16 
98 74 21 41 17 66 34 63 66 56 42 22 85 51 43 48 51 59 17 26 46 47 6 81 46 23 20 46 47 17 21 47 48 26 65 48 10 59 23 81 25 41 18 13 29 67 24 0 63 75 71 29 63 79 33 64 20 23 21 67 55 57 4 28 44 22 64 45 75 45 43 71 43 57 27 41 69 45 18 60 57 84 28 48 37 33 54 14 33 40 66 25 84 42 60 3 58 26 54 56 16 19 
57 42 83 83 79 46 36 38 102 20 33 47 44 72 53 21 24 35 49 38 40 85 57 35 17 52 49 81 81 70 46 86 71 86 2 46 68 96 83 42 85 92 82 76 43 4 73 63 0 21 12 57 27 44 42 17 61 57 47 5 55 90 65 34 23 50 18 21 39 36 34 52 24 6 90 59 29 29 45 20 98 39 35 17 85 67 11 67 78 34 3 86 41 80 34 66 53 48 96 75 72 80 
36 63 96 84 92 34 42 27 99 41 35 55 23 69 51 42 46 26 64 53 38 85 70 14 32 70 65 80 80 85 63 86 68 94 20 42 82 94 97 22 93 96 92 88 49 18 79 75 21 0 9 60 48 26 61 38 78 74 55 24 48 87 75 47 31 67 40 30 21 56 54 38 44 22 102 58 50 50 57 15 98 18 49 28 88 69 22 82 82 37 22 94 20 81 25 77 45 65 96 70 87 89 
46 53 92 85 88 41 41 33 102 32 35 53 33 72 53 33 37 30 59 47 40 87 66 24 26 63 59 82 82 80 57 88 71 92 10 45 77 97 93 32 91 96 89 84 48 8 78 71 12 9 0 60 38 35 53 28 72 67 53 14 53 90 72 43 28 61 30 26 30 48 46 45 36 15 98 60 40 42 53 16 100 28 44 23 88 70 16 77 82 37 12 92 30 82 29 74 50 59 98 74 82 87 
75 84 48 25 44 41 20 40 47 60 25 13 63 24 15 52 57 37 35 34 23 28 29 61 41 44 39 25 25 46 38 29 21 35 58 22 39 40 51 59 34 35 38 37 13 60 18 29 57 60 60 0 69 55 49 66 46 47 15 62 26 36 25 30 34 43 66 36 53 57 55 44 48 50 50 11 75 54 24 45 42 63 32 39 28 10 46 43 21 23 61 36 63 23 39 29 30 45 39 28 45 32 
85 16 77 94 75 71 50 63 116 9 51 56 71 90 70 16 11 59 46 38 60 98 56 63 30 44 43 94 95 62 42 98 87 89 28 65 64 110 76 69 88 100 81 75 56 30 80 63 27 48 38 69 0 71 31 10 52 47 55 24 76 105 66 39 40 42 8 37 65 19 19 77 20 29 86 75 5 17 48 46 111 66 38 35 94 79 33 60 88 51 26 88 68 93 58 66 75 38 108 93 66 82 
19 87 100 74 96 15 45 15 83 63 37 56 9 54 41 61 66 19 73 63 33 72 76 13 47 81 75 68 67 93 73 73 54 91 43 33 88 79 103 5 90 88 93 90 49 43 74 79 44 26 35 55 71 0 76 62 88 85 57 48 33 72 77 56 40 78 63 41 5 75 72 16 61 42 104 48 74 68 63 26 84 11 59 41 80 61 39 89 74 39 46 91 10 70 18 80 29 78 83 54 94 88 
93 40 46 70 44 69 36 62 95 26 42 36 79 73 56 21 21 57 16 15 51 76 27 72 29 13 13 73 74 31 12 76 70 60 44 56 33 88 45 76 59 74 51 45 39 46 55 33 42 61 53 49 31 76 0 35 21 16 33 43 66 84 38 22 35 11 34 34 70 11 11 75 17 38 55 58 36 14 24 50 88 75 19 35 68 58 39 29 63 41 44 59 77 70 58 37 67 7 84 77 35 53 
75 25 81 91 78 63 46 55 113 8 45 54 61 85 65 16 14 51 48 38 54 95 58 53 25 48 46 91 91 66 44 95 83 90 18 59 67 107 80 60 89 99 83 77 52 20 79 64 17 38 28 66 10 62 35 0 57 51 53 14 70 101 67 38 34 46 1 32 56 25 24 69 20 20 89 70 11 21 48 37 108 57 37 29 92 76 25 64 86 46 16 89 58 90 50 68 68 43 105 88 70 83 
107 60 25 61 23 78 43 73 86 48 51 36 93 70 58 42 42 68 14 24 58 67 17 87 46 9 12 66 67 10 15 67 67 44 63 61 14 79 24 89 43 60 33 26 42 66 44 20 61 78 72 46 52 88 21 57 0 5 33 63 70 77 25 31 48 11 56 48 83 33 32 83 37 56 35 58 58 35 25 65 78 90 29 50 57 52 55 8 53 49 64 43 91 62 69 22 72 14 74 74 13 36 
104 55 31 64 29 76 41 71 89 43 49 35 90 71 58 37 37 66 12 21 56 70 19 84 42 4 9 68 69 15 12 70 68 48 59 60 19 82 29 86 47 64 38 31 41 61 47 23 57 74 67 47 47 85 16 51 5 0 33 59 69 80 28 28 45 6 51 45 80 27 27 81 32 52 40 58 52 30 24 62 81 87 26 46 60 54 51 14 56 47 59 47 88 65 66 26 71 9 77 76 19 41 
77 69 43 39 38 45 13 42 62 46 21 2 64 39 25 38 43 37 20 18 25 43 18 60 29 30 24 40 41 36 23 44 36 39 48 28 30 55 45 60 38 46 37 33 8 50 26 21 47 55 53 15 55 57 33 53 33 33 0 51 36 51 20 15 25 28 53 26 53 42 39 50 34 40 47 25 60 38 9 40 56 62 16 29 39 24 36 32 33 19 50 39 63 38 39 23 38 30 53 43 36 33 
60 39 86 88 82 51 41 43 107 19 38 52 47 78 58 22 24 40 52 41 45 90 61 38 21 54 52 86 86 72 49 91 76 90 5 51 71 101 86 46 89 97 85 80 48 5 78 67 5 24 14 62 24 48 43 14 63 59 51 0 60 95 68 38 28 52 15 26 43 36 34 57 26 11 93 64 25 30 49 25 103 42 38 22 89 72 16 69 83 39 2 90 44 85 39 70 58 50 101 80 75 84 
51 93 75 41 70 18 29 22 51 66 25 34 42 21 11 60 66 22 56 50 16 39 54 43 45 66 60 34 34 71 58 40 21 60 55 10 65 46 78 38 59 55 65 63 28 56 43 55 55 48 53 26 76 33 66 70 70 69 36 60 0 39 52 44 36 63 70 38 33 70 68 19 58 49 76 16 80 65 45 36 51 43 47 40 47 29 44 68 41 25 58 61 43 36 23 55 4 65 49 22 71 58 
88 120 69 17 65 57 55 61 11 95 57 49 81 18 37 88 93 61 69 70 50 10 60 83 76 78 73 11 10 73 73 10 19 43 91 45 66 7 73 77 44 27 54 57 49 92 33 57 90 87 90 36 105 72 84 101 77 80 51 95 39 0 52 66 67 77 101 69 72 93 91 56 84 83 65 31 110 90 60 74 12 83 68 73 24 26 79 71 25 55 94 45 83 14 62 55 43 80 12 18 71 47 
97 78 23 36 18 64 33 62 61 59 41 21 84 47 40 51 54 58 21 28 44 42 10 80 47 27 24 41 42 21 25 42 44 23 66 46 14 54 26 80 21 36 17 12 28 69 19 4 65 75 72 25 66 77 38 67 25 28 20 68 52 52 0 30 44 27 67 45 73 49 47 68 46 58 26 37 72 48 19 60 53 83 30 48 32 28 55 19 28 39 68 22 84 37 59 3 55 31 49 52 20 15 
75 54 49 54 45 48 14 42 77 31 20 16 61 52 34 23 28 37 17 7 29 58 23 55 17 24 19 55 55 37 16 59 49 52 36 33 34 70 50 57 51 61 47 41 17 38 41 28 34 47 43 30 39 56 22 38 31 28 15 38 44 66 30 0 17 22 38 17 51 28 25 53 19 28 55 37 45 24 10 34 71 58 3 19 54 39 26 34 48 19 38 51 60 53 37 31 44 22 68 56 39 45 
58 56 65 59 61 34 13 27 79 30 10 25 44 50 31 24 30 22 34 23 19 62 39 38 9 41 36 58 58 55 33 62 49 64 24 25 51 73 67 40 63 69 62 57 20 26 50 44 23 31 28 34 40 40 35 34 48 45 25 28 36 67 44 17 0 38 35 2 35 36 33 40 23 16 71 36 44 30 26 16 75 41 19 5 61 44 12 51 55 11 27 64 42 57 22 46 35 38 73 54 56 59 
97 52 35 62 32 70 35 64 86 37 42 30 83 67 53 31 32 59 7 14 50 67 17 77 35 2 4 66 66 20 5 68 64 49 52 54 21 80 34 79 48 64 40 33 35 55 45 22 50 67 61 43 42 78 11 46 11 6 28 52 63 77 27 22 38 0 45 38 73 23 22 75 26 45 44 53 48 25 19 55 79 80 19 39 59 50 45 18 54 41 53 48 81 62 60 26 65 4 75 71 23 42 
76 24 80 92 77 64 46 56 113 8 45 54 63 85 66 15 13 52 47 38 54 95 58 54 25 47 46 91 92 66 43 96 83 89 20 60 66 107 80 61 88 99 83 76 52 21 79 64 18 40 30 66 8 63 34 1 56 51 53 15 70 101 67 38 35 45 0 32 57 24 23 70 20 21 89 71 10 20 48 38 108 58 37 30 92 76 26 63 86 46 18 89 60 90 51 67 69 42 105 89 69 82 
59 54 66 61 61 36 15 28 81 28 13 26 45 53 33 22 28 23 34 23 22 64 40 38 7 40 35 60 60 55 33 65 51 65 22 28 52 75 67 41 64 71 62 58 22 24 52 45 21 30 26 36 37 41 34 32 48 45 26 26 38 69 45 17 2 38 32 0 36 34 32 41 21 14 72 38 42 28 26 17 77 42 19 3 63 46 10 51 57 14 25 65 43 59 24 47 37 37 75 56 57 60 
23 82 96 73 92 15 41 12 83 57 32 52 10 54 40 55 60 15 68 58 29 72 71 10 41 76 70 67 67 88 68 73 54 88 38 30 83 80 98 6 87 86 89 86 45 37 71 75 39 21 30 53 65 5 70 56 83 80 53 43 33 72 73 51 35 73 57 36 0 69 66 18 55 36 100 46 68 62 58 20 84 10 54 35 78 59 33 85 72 34 40 89 10 69 14 76 28 73 82 54 89 85 
91 29 58 80 56 71 41 63 104 17 45 44 77 80 62 14 11 58 28 23 55 85 39 69 28 24 25 82 83 43 24 85 78 72 38 60 45 97 57 74 71 85 63 56 45 40 65 45 36 56 48 57 19 75 11 25 33 27 42 36 70 93 49 28 36 23 24 34 69 0 2 76 13 34 67 65 25 6 33 49 98 73 25 34 79 66 36 41 73 45 37 71 75 80 58 49 70 19 94 84 46 64 
88 30 57 78 55 68 39 60 102 16 42 41 74 77 59 12 10 55 26 21 52 83 37 67 25 24 24 80 80 42 22 83 75 70 36 57 44 95 57 71 69 83 62 55 43 38 63 43 34 54 46 55 19 72 11 24 32 27 39 34 68 91 47 25 33 22 23 32 66 2 0 74 11 31 66 63 25 4 31 46 95 70 22 31 77 64 33 40 71 42 35 69 72 77 56 47 68 18 92 81 46 63 
32 94 92 60 87 5 39 13 67 68 32 48 25 39 29 64 69 18 69 60 25 57 69 28 48 77 71 53 52 86 69 58 39 79 52 22 80 64 95 21 78 74 82 81 41 51 62 71 52 38 45 44 77 16 75 69 83 81 50 57 19 56 68 53 40 75 70 41 18 76 74 0 63 48 94 35 80 70 57 31 68 27 56 42 66 48 44 83 61 34 54 80 27 55 18 72 15 76 67 38 87 77 
78 35 61 73 57 57 30 50 96 12 33 36 63 70 51 4 9 45 27 18 42 77 37 56 14 28 26 74 74 47 24 78 68 69 26 48 46 89 60 60 68 79 62 56 35 29 60 43 24 44 36 48 20 61 17 20 37 32 34 26 58 84 46 19 23 26 20 21 55 13 11 63 0 21 69 55 26 7 28 35 90 60 17 20 73 58 22 44 67 33 26 69 61 72 45 47 58 23 87 74 49 62 
57 45 77 76 73 42 30 34 95 20 26 41 43 66 47 19 24 30 44 32 34 78 52 35 11 48 44 74 74 65 41 79 65 79 8 40 63 90 78 41 78 86 76 70 37 10 66 57 6 22 15 50 29 42 38 20 56 52 40 11 49 83 58 28 16 45 21 14 36 34 31 48 21 0 84 52 32 27 39 17 92 39 29 11 78 60 5 62 72 28 10 79 41 74 29 60 47 43 89 69 67 73 
123 95 9 47 11 90 60 88 69 81 68 48 111 66 65 74 76 84 41 52 71 54 32 107 73 42 43 56 57 25 45 54 64 21 92 72 22 63 13 106 21 39 11 14 55 94 34 27 90 102 98 50 86 104 55 89 35 40 47 93 76 65 26 55 71 44 89 72 100 67 66 94 69 84 0 60 92 69 45 87 59 110 55 75 40 49 81 26 41 66 93 19 110 51 86 24 80 48 56 70 21 18 
66 91 60 27 55 32 24 34 43 65 26 23 56 14 6 58 64 32 46 43 19 27 41 56 45 55 49 22 22 58 48 28 12 44 60 16 51 37 63 52 43 40 49 48 20 61 27 41 59 58 60 11 75 48 58 70 58 58 25 64 16 31 37 37 36 53 71 38 46 65 63 35 55 52 60 0 80 61 35 43 40 57 40 41 32 13 47 55 26 24 62 45 57 23 34 40 20 56 38 18 57 42 
86 13 83 100 81 75 55 67 122 14 55 62 73 95 75 22 17 62 51 44 64 103 62 64 35 49 49 100 100 68 47 104 93 95 30 70 70 115 82 71 94 106 87 81 61 31 86 69 29 50 40 75 5 74 36 11 58 52 60 25 80 110 72 45 44 48 10 42 68 25 25 80 26 32 92 80 0 23 54 49 117 68 44 40 99 84 37 66 93 56 28 94 70 98 62 72 79 44 113 98 71 88 
84 30 60 77 57 64 37 57 101 12 40 40 70 76 57 8 7 52 28 20 49 82 39 63 21 26 26 79 79 45 24 82 73 71 31 54 46 94 59 67 70 83 63 57 41 34 63 45 29 50 42 54 17 68 14 21 35 30 38 30 65 90 48 24 30 25 20 28 62 6 4 70 7 27 69 61 23 0 31 42 95 66 21 28 77 63 29 43 71 39 31 70 68 77 52 48 65 21 92 80 48 64 
82 62 39 46 34 52 18 48 70 40 26 11 69 48 34 32 36 43 11 10 32 51 13 64 27 21 15 49 49 29 13 52 46 41 47 36 25 64 40 65 40 51 36 31 16 49 32 18 45 57 53 24 48 63 24 48 25 24 9 49 45 60 19 10 26 19 48 26 58 33 31 57 28 39 45 35 54 31 0 43 64 67 10 29 45 33 36 26 39 24 48 41 68 46 44 21 46 21 60 53 30 35 
42 62 82 69 77 26 27 17 85 37 20 40 28 55 36 35 40 14 51 40 23 70 56 21 21 57 52 66 66 72 50 71 54 78 20 28 68 80 83 25 78 81 77 73 33 20 63 60 20 15 16 45 46 26 50 37 65 62 40 25 36 74 60 34 16 55 38 17 20 49 46 31 35 17 87 43 49 42 43 0 83 25 36 15 73 54 13 68 66 22 23 79 26 66 13 63 33 54 81 57 73 74 
100 126 65 17 62 69 62 72 9 102 65 54 93 29 46 94 99 72 72 74 59 13 62 94 83 80 75 17 17 72 75 12 30 38 100 56 65 5 69 89 39 20 50 55 56 101 33 57 98 98 100 42 111 84 88 108 78 81 56 103 51 12 53 71 75 79 108 77 84 98 95 68 90 92 59 40 117 95 64 83 0 95 73 81 20 32 87 71 24 64 102 40 94 18 73 55 55 82 3 30 70 44 
18 82 105 84 101 26 49 23 94 59 41 61 5 65 50 58 63 25 76 65 40 83 80 3 46 83 77 78 78 96 75 84 65 98 38 41 92 90 107 6 97 97 99 95 54 36 82 84 39 18 28 63 66 11 75 57 90 87 62 42 43 83 83 58 41 80 58 42 10 73 70 27 60 39 110 57 68 66 67 25 95 0 61 40 89 70 37 93 83 43 40 99 1 80 24 85 39 79 93 65 97 94 
77 52 48 56 44 51 17 45 79 29 23 19 64 55 37 21 26 40 15 4 32 60 22 58 18 22 16 57 57 36 14 61 52 52 37 37 33 72 48 60 51 62 47 41 20 39 42 28 35 49 44 32 38 59 19 37 29 26 16 38 47 68 30 3 19 19 37 19 54 25 22 56 17 29 55 40 44 21 10 36 73 61 0 21 55 41 27 32 49 22 38 52 62 55 40 31 47 19 70 59 38 46 
58 52 68 65 64 37 19 29 84 26 16 30 44 56 36 21 27 24 36 25 24 67 42 37 6 42 37 63 63 57 35 68 54 69 19 30 54 79 69 40 68 74 66 61 25 21 55 48 17 28 23 39 35 41 35 29 50 46 29 22 40 73 48 19 5 39 30 3 35 34 31 42 20 11 75 41 40 28 29 15 81 40 21 0 67 49 7 54 60 17 21 69 42 62 24 50 39 38 78 59 59 63 
98 108 45 7 41 64 48 66 29 85 53 37 88 30 38 77 82 64 52 56 50 14 41 88 68 59 55 16 17 51 56 13 28 19 86 48 44 23 49 84 19 8 30 34 41 88 13 37 85 88 88 28 94 80 68 92 57 60 39 89 47 24 32 54 61 59 92 63 78 79 77 66 73 78 40 32 99 77 45 73 20 89 55 67 0 19 74 50 6 51 88 21 89 12 65 34 51 62 17 33 49 23 
80 94 49 15 45 46 30 47 37 70 34 22 70 18 19 62 67 44 43 43 31 18 35 69 51 52 46 15 16 50 46 19 15 30 68 28 43 31 53 65 30 27 37 37 23 70 14 33 67 69 70 10 79 61 58 76 52 54 24 72 29 26 28 39 44 50 76 46 59 66 64 48 58 60 49 13 84 63 33 54 32 70 41 49 19 0 56 47 13 32 71 32 70 13 46 32 33 53 29 23 49 30 
55 50 75 72 71 38 25 30 90 24 21 37 41 61 42 21 26 25 42 31 29 74 49 33 9 47 43 69 69 63 40 74 60 76 12 35 61 85 76 38 75 81 73 67 32 14 62 54 11 22 16 46 33 39 39 25 55 51 36 16 44 79 55 26 12 45 26 10 33 36 33 44 22 5 81 47 37 29 36 13 87 37 27 7 74 56 0 60 67 23 15 76 38 69 25 57 43 43 84 64 65 70 
108 69 17 54 14 78 44 74 79 55 52 34 95 66 56 48 50 69 17 29 58 61 14 90 50 16 17 60 61 3 20 61 63 36 69 60 5 73 16 91 34 53 24 17 41 71 38 14 67 82 77 43 60 89 29 64 8 14 32 69 68 71 19 34 51 18 63 51 85 41 40 83 44 62 26 55 66 43 26 68 71 93 32 54 50 47 60 0 46 50 70 34 94 56 70 16 71 21 67 70 5 28 
93 102 44 7 40 59 41 60 33 79 47 31 83 26 32 71 76 58 47 50 44 14 37 82 62 55 50 15 16 48 51 14 24 20 80 42 41 26 48 78 20 14 30 32 34 81 8 33 78 82 82 21 88 74 63 86 53 56 33 83 41 25 28 48 55 54 86 57 72 73 71 61 67 72 41 26 93 71 39 66 24 83 49 60 6 13 67 46 0 44 82 22 83 10 59 30 46 58 21 30 46 22 
58 68 62 48 57 28 6 23 67 41 2 18 45 38 19 35 41 19 35 26 9 50 36 41 21 43 37 46 46 53 35 51 37 56 35 15 49 61 64 41 55 59 55 52 11 37 41 40 34 37 37 23 51 39 41 46 49 47 19 39 25 55 39 19 11 41 46 14 34 45 42 34 33 28 66 24 56 39 24 22 64 43 22 17 51 32 23 50 44 0 38 56 44 45 20 42 25 41 61 42 54 51 
58 41 86 87 82 49 40 41 105 20 36 51 45 76 56 23 25 38 52 41 44 89 61 36 21 55 52 84 85 73 49 89 75 90 2 49 71 100 86 43 89 96 85 80 47 3 77 66 3 22 12 61 26 46 44 16 64 59 50 2 58 94 68 38 27 53 18 25 40 37 35 54 26 10 93 62 28 31 48 23 102 40 38 21 88 71 15 70 82 38 0 89 42 84 37 70 56 50 100 79 75 83 
111 100 25 28 22 77 51 76 50 81 59 39 99 48 50 73 77 73 43 50 59 35 32 97 68 48 45 37 38 35 47 35 46 1 87 58 28 44 29 95 1 20 10 16 45 90 17 25 86 94 92 36 88 91 59 89 43 47 39 90 61 45 22 51 64 48 89 65 89 71 69 80 69 79 19 45 94 70 41 79 40 99 52 69 21 32 76 34 22 56 89 0 99 32 74 22 65 52 37 52 32 6 
16 83 106 84 102 25 50 23 94 61 42 62 3 64 50 60 65 26 77 66 40 82 81 5 47 84 79 78 77 97 76 83 64 99 40 41 93 90 108 5 98 97 100 96 55 38 82 84 41 20 30 63 68 10 77 58 91 88 63 44 43 83 84 60 42 81 60 43 10 75 72 27 61 41 110 57 70 68 68 26 94 1 62 42 89 70 38 94 83 44 42 99 0 80 25 86 39 80 93 65 98 95 
87 108 55 5 51 54 44 57 24 83 47 36 79 17 29 76 81 55 55 56 42 5 46 79 65 63 58 4 5 59 58 5 16 30 81 39 51 17 59 74 31 19 40 43 37 83 18 42 80 81 82 23 93 70 70 90 62 65 38 85 36 14 37 53 57 62 90 59 69 80 77 55 72 74 51 23 98 77 46 66 18 80 55 62 12 13 69 56 10 45 84 32 80 0 57 40 41 66 15 20 57 33 
38 75 82 61 77 12 26 4 74 49 18 37 25 44 27 45 51 1 54 45 15 60 57 22 30 62 57 56 55 74 54 61 43 74 34 17 69 69 84 20 73 73 75 71 30 34 57 60 34 25 29 39 58 18 58 50 69 66 39 39 23 62 59 37 22 60 51 24 14 58 56 18 45 29 86 34 62 52 44 13 73 24 40 24 65 46 25 70 59 20 37 74 25 57 0 62 20 60 71 45 75 70 
100 78 20 38 15 67 36 65 63 59 44 24 87 50 43 52 55 60 20 29 47 45 9 83 49 26 23 44 45 18 25 45 47 23 68 49 11 57 23 82 22 38 15 10 31 70 21 3 66 77 74 29 66 80 37 68 22 26 23 70 55 55 3 31 46 26 67 47 76 49 47 72 47 60 24 40 72 48 21 63 55 85 31 50 34 32 57 16 30 42 70 22 86 40 62 0 58 30 51 55 17 15 
47 92 78 45 73 13 30 18 55 65 25 36 38 25 15 60 66 19 58 51 15 43 56 39 45 67 61 38 38 74 59 44 25 64 53 10 68 51 81 33 63 59 68 67 30 54 47 58 53 45 50 30 75 29 67 68 72 71 38 58 4 43 55 44 35 65 69 37 28 70 68 15 58 47 80 20 79 65 46 33 55 39 47 39 51 33 43 71 46 25 56 65 39 41 20 58 0 66 54 26 74 62 
96 48 39 65 36 70 36 64 90 34 43 33 82 69 55 27 28 59 10 15 51 71 21 76 33 5 7 69 69 24 7 71 67 53 50 55 25 83 38 79 52 67 44 37 37 52 49 26 48 65 59 45 38 78 7 43 14 9 30 50 65 80 31 22 38 4 42 37 73 19 18 76 23 43 48 56 44 21 21 54 82 79 19 38 62 53 43 21 58 41 50 52 80 66 60 30 66 0 79 74 27 46 
99 123 62 14 59 67 59 71 12 99 63 51 92 28 44 91 96 70 68 71 57 11 58 93 80 76 72 15 15 69 72 10 28 35 97 54 61 7 66 87 36 17 47 51 53 98 30 54 96 96 98 39 108 83 84 105 74 77 53 101 49 12 49 68 73 75 105 75 82 94 92 67 87 89 56 38 113 92 60 81 3 93 70 78 17 29 84 67 21 61 100 37 93 15 71 51 54 79 0 29 66 40 
70 109 72 25 68 39 43 44 29 83 43 41 63 4 22 77 82 44 64 61 35 21 57 65 63 73 67 16 16 73 67 21 7 50 76 29 66 25 76 59 50 39 59 60 38 77 36 56 75 70 74 28 93 54 77 88 74 76 43 80 22 18 52 56 54 71 89 56 54 84 81 38 74 69 70 18 98 80 53 57 30 65 59 59 33 23 64 70 30 42 79 52 65 20 45 55 26 74 29 0 72 52 
113 74 11 54 10 82 48 78 79 61 57 38 100 67 59 54 55 74 23 34 62 61 18 95 56 22 23 61 62 3 25 61 65 33 74 64 6 72 10 95 32 51 21 15 45 77 38 16 72 87 82 45 66 94 35 70 13 19 36 75 71 71 20 39 56 23 69 57 89 46 46 87 49 67 21 57 71 48 30 73 70 97 38 59 49 49 65 5 46 54 75 32 98 57 75 17 74 27 66 72 0 26 
107 93 21 30 18 73 46 72 53 75 54 34 95 48 47 67 70 69 36 44 55 37 25 92 62 41 39 38 39 29 40 36 45 7 82 55 22 47 25 91 6 24 7 11 40 84 16 19 80 89 87 32 82 88 53 83 36 41 33 84 58 47 15 45 59 42 82 60 85 64 63 77 62 73 18 42 88 64 35 74 44 94 46 63 23 30 70 28 22 51 83 6 95 33 70 15 62 46 40 52 26 0 
