100 4919.95 0 1680 1 1680
53.76 57.97 84.41 98.7 54.21 74.4 12.52 53.08 28.93 68.96 28.05 18.99 70.88 48.66 51.63 74.64 6.02 64.05 83.94 24.35 9.1 2.54 16.65 24.57 73.61 97.11 60.61 90.59 27.46 69.95 37.01 6.76 15.28 20.34 17.35 59.84 5.28 9.96 18.45 23.98 79.93 15.57 68.6 41.02 14.24 38.22 49.7 68.99 19.73 72.35 61.33 61.51 26.08 73.16 82.8 24.39 64.27 25.66 28.97 28.95 40.03 34.97 68.02 48.38 64.35 92.16 42.14 72.72 95.59 70.89 82.78 84.47 81.9 62.28 2.94 46.53 18.05 74.7 76.46 7.49 8.86 50.97 37.75 41.21 3.68 13.98 82.9 96.56 57.37 76.25 38.69 16.58 94.14 60.18 7.37 51.84 29.21 51.07 48.32 60.18 
43.29 89.7 32.57 23.56 55.59 25.91 38.02 51.14 63.22 33.93 69.61 35.42 43.51 86.84 63.16 78.9 10.56 28.19 67.32 89.91 54.22 37.41 14.69 83.38 61.24 76.43 26.07 24.35 43.07 75.75 27.01 86.1 54.33 28.58 43.89 48.63 11.09 43.61 20.23 46.18 64.2 16.01 55.1 83.6 35.7 37.36 47.68 10.95 58.74 26.77 22.17 20.35 83.96 70.94 89.22 50.09 17.51 78.57 48.51 72.31 78.38 64.91 63.95 58.95 67.99 82.43 80.22 20.86 27.75 56.15 30.56 37.85 25.43 60.02 65.7 18.28 68.72 10.58 31.92 82.99 56.64 24.46 28.23 58.19 28.37 39.92 44.23 35.3 58.87 42.88 35.13 42.48 84.01 66.76 22.1 57.62 80.51 36.63 41.42 38.13 
5 6 8 9 5 7 2 5 3 7 3 2 7 5 5 7 1 6 8 3 1 1 2 3 7 9 6 9 3 7 4 1 2 2 2 6 1 1 2 3 8 2 7 4 2 4 5 7 2 7 6 6 3 7 8 3 6 3 3 3 4 4 7 5 6 9 4 7 9 7 8 8 8 6 1 5 2 7 7 1 1 5 4 4 1 2 8 9 6 7 4 2 9 6 1 5 3 5 5 6 
1 2 3 4 5 6 7 8 9 10 11 12 13 14 15 16 17 18 19 20 21 22 23 24 25 26 27 28 29 30 31 32 33 34 35 36 37 38 39 40 41 42 43 44 45 46 47 48 49 50 51 52 53 54 55 56 57 58 59 60 61 62 63 64 65 66 67 68 69 70 71 72 73 74 75 76 77 78 79 80 81 82 83 84 85 86 87 88 89 90 91 92 93 94 95 96 97 98 99 100 
3 3 3 2 3 1 3 3 1 1 1 3 1 3 3 1 1 3 3 1 1 1 3 1 1 2 3 2 1 1 2 1 3 3 3 3 1 1 3 1 3 3 1 2 3 2 3 1 3 1 3 3 1 1 3 1 3 1 1 1 2 2 1 3 3 2 2 1 2 1 3 3 3 3 1 3 3 1 1 1 1 3 2 2 1 3 3 2 3 1 2 3 2 3 1 3 1 3 3 3 
2 1 2 3 2 1 3 2 3 1 3 3 1 2 2 1 2 1 2 3 2 2 3 3 1 3 1 3 3 1 1 2 3 3 3 1 2 2 3 3 2 3 1 1 3 1 2 1 3 1 1 1 3 1 2 3 1 3 3 3 1 1 1 2 1 3 1 1 3 1 2 2 2 1 2 2 3 1 1 2 2 2 1 1 2 3 2 3 1 1 1 3 3 1 2 2 3 2 2 1 
2 1 4 1 8 5 4 4 3 10 8 8 4 5 4 2 9 6 6 4 6 3 7 2 2 2 8 9 1 3 3 8 1 6 8 5 8 5 9 2 1 6 3 8 5 1 6 9 4 8 4 7 9 5 1 2 5 6 1 2 2 3 9 10 3 5 3 4 3 1 2 10 2 10 4 3 10 3 9 3 4 2 2 1 1 6 8 4 5 10 6 10 2 7 2 5 9 4 10 3 
4008.75 4423.76 3734.51 4074.38 4374.56 3285.7 4082.08 4611.02 4280.05 3960.37 4703.75 4248.76 3356.84 3280.84 4468.46 4106.51 3348.14 3927.86 3748.84 4205.64 3918.21 3859.6 4800.7 4188.41 4167.8 4156.24 4698.3 3305.49 4400.29 4402.36 3818.28 4268.33 4282.28 3875.66 4377.34 3286.72 4787.05 3286.24 3330.91 4171.08 4621.38 3745.59 4157.34 4162.94 3282.49 4356.8 3754.15 3372.47 4563.88 4090.51 3522.41 4666.89 3395.68 3285.87 4557.2 3995.97 3286.36 3831.22 4496.79 4042.44 4183.34 4699.73 3262.62 3935.18 4549.69 3282.65 4165.02 4107.16 4011.52 4647.75 4015.18 4146.6 4182.4 3709.93 4353.87 4088.46 3912.82 3677.97 3367.3 4161.89 4697.35 4217.51 4180.0 4437.91 4522.74 3778.84 4096.73 4596.63 3283.88 3828.37 3865.74 3908.03 4183.12 4801.68 4030.24 3281.55 3248.64 3322.88 3648.2 4310.31 
0.23 0.48 0.33 0.22 0.27 0.29 0.44 0.41 0.76 0.82 0.29 0.44 0.43 0.23 0.43 0.3 0.57 0.81 0.82 0.44 0.79 0.49 0.35 0.31 0.34 0.28 0.16 0.57 0.35 0.72 0.79 0.21 0.23 0.81 0.21 0.2 0.49 0.16 0.58 0.37 0.06 0.79 0.83 0.44 0.16 0.19 0.83 0.55 0.47 0.23 0.36 0.64 0.85 0.12 0.48 0.38 0.21 0.83 0.48 0.26 0.24 0.48 0.88 0.77 0.72 0.29 0.8 0.45 0.84 0.3 0.23 0.72 0.27 0.69 0.47 0.66 0.71 0.54 0.87 0.6 0.33 0.32 0.3 0.12 0.47 0.79 0.39 0.33 0.16 0.63 0.82 0.62 0.4 0.74 0.52 0.27 0.81 0.39 0.71 0.69 
0.54 0.56 0.96 0.9 1.0 0.97 0.88 0.58 0.61 1.0 0.65 0.5 1.0 0.91 0.67 0.96 0.96 1.0 0.51 0.56 0.69 0.8 0.9 0.9 0.85 1.0 0.65 0.96 0.72 0.67 1.0 0.51 0.96 0.68 0.55 0.8 0.91 0.97 0.7 1.0 0.84 0.58 0.98 0.79 0.59 0.85 0.87 0.72 0.69 0.56 0.86 0.91 0.89 0.66 1.0 0.75 1.0 0.55 0.61 1.0 0.74 1.0 0.52 1.0 0.86 0.88 0.61 0.53 0.54 0.72 0.9 1.0 0.6 1.0 0.7 1.0 0.99 0.78 0.82 0.98 0.8 0.98 0.64 0.86 0.53 0.96 0.54 0.66 0.62 0.69 0.53 1.0 0.95 0.56 0.62 0.63 0.78 0.66 0.7 0.76 
0.76 0.9 0.89 0.55 0.5 1.0 0.55 0.65 0.55 0.87 0.51 0.64 1.0 0.64 0.62 0.84 0.58 0.61 0.84 0.55 0.81 0.83 0.81 0.7 1.0 0.95 0.74 0.85 0.93 1.0 0.9 1.0 0.77 0.91 0.61 0.76 0.55 0.92 0.64 0.52 1.0 0.98 1.0 0.59 0.83 0.98 0.74 1.0 1.0 0.91 0.78 0.6 0.89 0.71 0.59 0.74 0.97 1.0 1.0 0.89 0.56 0.7 1.0 0.75 1.0 0.54 0.71 0.73 0.93 1.0 0.56 0.67 1.0 0.88 0.51 0.98 0.72 0.91 0.66 0.6 0.58 1.0 0.66 0.56 0.94 1.0 0.53 0.83 0.69 0.91 1.0 1.0 0.87 0.52 0.64 0.9 0.5 0.93 0.53 0.91 
0.65 1.0 0.91 0.9 0.93 0.67 0.74 1.0 0.61 0.56 0.79 0.97 0.59 0.92 0.55 1.0 0.65 0.95 0.74 0.79 0.96 0.73 0.67 0.62 0.89 0.74 0.94 0.79 0.57 0.72 1.0 1.0 0.78 0.88 0.62 1.0 0.96 0.95 0.77 0.66 0.85 0.84 1.0 0.51 0.83 0.64 0.73 1.0 0.74 0.54 1.0 0.51 0.74 0.87 0.95 0.62 0.51 0.97 1.0 0.76 0.72 0.74 0.77 0.7 1.0 0.94 0.56 0.65 1.0 1.0 0.81 0.97 1.0 0.57 1.0 0.81 0.76 1.0 0.62 0.68 0.75 1.0 0.7 0.83 0.59 0.95 0.8 0.5 0.72 0.76 0.85 0.96 0.6 1.0 0.85 1.0 1.0 0.82 0.76 1.0 
1.0 0.8 0.97 0.61 0.93 0.55 0.61 0.67 0.95 0.52 0.87 0.93 0.53 0.83 0.67 0.6 0.69 0.81 0.5 1.0 0.55 0.8 0.54 0.62 0.9 1.0 0.74 1.0 0.75 0.95 0.73 0.79 0.66 1.0 0.95 0.65 0.82 0.99 0.7 0.87 0.77 1.0 0.76 0.93 0.56 0.51 0.56 0.75 1.0 1.0 0.57 0.68 0.86 0.78 0.76 0.66 1.0 0.93 0.94 0.66 0.62 0.97 1.0 0.97 0.97 0.81 1.0 1.0 0.85 0.55 0.83 0.76 0.73 0.84 0.91 1.0 0.56 0.86 1.0 1.0 0.67 0.87 0.72 0.9 0.78 0.96 0.7 0.66 0.53 0.59 0.82 0.6 0.53 1.0 0.91 0.59 0.82 0.75 0.96 0.63 
0.97 0.75 0.94 0.82 0.8 0.78 0.64 1.0 1.0 0.74 0.6 0.56 1.0 0.81 0.64 1.0 0.6 1.0 0.64 0.64 0.92 0.73 1.0 0.69 0.72 1.0 0.85 0.71 0.54 0.72 0.78 1.0 1.0 0.52 1.0 0.86 0.78 0.81 0.79 0.53 0.9 0.85 0.62 0.69 0.73 0.95 0.72 0.66 0.65 0.62 1.0 1.0 0.72 0.64 0.56 0.55 0.58 0.51 0.6 0.73 0.57 0.86 0.97 0.74 1.0 0.74 1.0 0.81 0.85 0.71 0.88 1.0 1.0 0.64 1.0 1.0 0.51 0.62 1.0 0.92 0.76 0.85 0.71 0.99 0.69 0.68 0.71 0.86 1.0 0.99 0.99 0.88 0.84 0.62 0.69 0.56 1.0 0.58 0.92 0.82 
0.26 0.3 0.7 0.22 0.35 0.28 0.14 0.25 0.2 0.19 0.14 0.16 0.31 0.36 0.1 0.48 0.15 0.47 0.1 0.16 0.27 0.29 0.26 0.17 0.49 0.7 0.28 0.46 0.15 0.33 0.51 0.4 0.38 0.28 0.19 0.34 0.31 0.68 0.19 0.16 0.49 0.4 0.46 0.15 0.17 0.26 0.19 0.36 0.33 0.17 0.38 0.19 0.36 0.2 0.24 0.12 0.29 0.26 0.34 0.33 0.11 0.43 0.39 0.38 0.83 0.27 0.24 0.21 0.37 0.28 0.3 0.49 0.44 0.27 0.32 0.79 0.16 0.38 0.33 0.37 0.18 0.73 0.15 0.35 0.16 0.59 0.11 0.16 0.16 0.28 0.36 0.51 0.22 0.18 0.21 0.19 0.32 0.22 0.25 0.36 
1620.41 2026.87 1105.76 1820.78 566.56 1331.69 1251.24 1179.08 1434.28 2176.37 522.53 731.44 1227.21 2134.71 1354.83 1136.18 762.37 1268.94 1017.47 1154.29 1068.74 1551.95 852.47 1589.91 1820.38 1841.41 663.58 841.81 1690.53 1677.0 1192.24 619.73 1508.32 1072.36 611.72 1429.31 724.61 1482.6 896.81 1886.86 1296.55 1082.09 1081.86 847.51 2391.98 1443.61 1102.13 1187.99 1185.8 675.24 1138.42 844.25 1579.17 1528.17 1586.8 1651.11 1500.97 1163.83 1663.89 1385.97 1448.01 1131.71 1488.84 2036.96 1293.83 1726.06 1444.94 1199.65 1190.82 1406.41 1542.83 1769.27 1146.51 1858.36 1193.94 1568.93 1882.52 1212.13 1025.83 1351.93 985.75 1210.47 1493.06 1274.22 1876.53 1120.86 664.08 1006.41 1698.32 1806.5 1210.61 1682.95 1423.18 805.37 1478.69 1694.77 878.4 1229.63 1978.31 1544.94 
410.29 595.23 788.72 433.51 188.7 377.64 160.25 269.3 349.95 378.72 85.47 113.79 404.86 778.32 181.5 493.51 128.09 526.24 110.36 179.39 305.37 456.86 216.15 301.75 1000.31 1355.18 165.59 443.52 256.32 540.8 643.45 228.3 552.93 295.89 133.93 449.09 268.79 967.57 124.49 247.51 627.72 453.57 521.95 133.52 413.74 362.41 209.08 489.13 393.1 118.79 464.99 172.15 607.3 366.26 355.72 171.06 394.06 280.91 567.77 522.2 132.46 484.86 577.87 727.96 1049.46 446.8 311.8 277.51 466.58 380.79 399.47 761.73 508.6 453.99 363.08 1186.94 229.46 443.22 304.5 559.86 206.26 833.4 212.18 508.56 318.66 639.05 61.9 156.23 246.31 585.16 450.2 872.55 381.32 136.58 264.58 374.52 307.98 261.91 482.54 505.09 
7602.05 9634.33 5028.79 8603.92 2332.8 6158.43 5756.21 5395.39 6671.38 10381.83 2112.67 3157.22 5636.07 10173.53 6274.16 5180.91 3311.86 5844.68 4587.36 5271.45 4843.69 7259.74 3762.33 7449.53 8601.9 8707.03 2817.88 3709.07 7952.65 7885.0 5461.2 2598.65 7041.6 4861.81 2558.6 6646.56 3123.04 6913.01 3984.03 8934.28 5982.73 4910.47 4909.29 3737.56 11459.89 6718.04 5010.64 5439.94 5429.02 2876.18 5192.08 3721.26 7395.86 7140.83 7434.02 7755.54 7004.87 5319.17 7819.46 6429.83 6740.05 5158.56 6944.22 9684.78 5969.15 8130.31 6724.7 5498.24 5454.12 6532.05 7214.14 8346.33 5232.57 8791.79 5469.7 7344.64 8912.6 5560.64 4629.16 6259.64 4428.74 5552.36 6965.32 5871.09 8882.66 5104.3 2820.4 4532.06 7991.6 8532.49 5553.05 7914.73 6615.89 3526.86 6893.46 7973.85 3891.99 5648.15 9391.57 7224.72 
1551.47 2476.16 3443.58 1667.53 443.48 1388.21 301.27 846.48 1249.75 1393.6 -72.63 68.95 1524.31 3391.58 407.48 1967.56 140.45 2131.22 51.81 396.93 1026.85 1784.29 580.73 1008.74 4501.55 6275.91 327.94 1717.6 781.58 2204.0 2717.24 641.49 2264.64 979.47 169.67 1745.46 843.96 4337.87 122.47 737.53 2638.61 1767.85 2109.75 167.61 1568.7 1312.06 545.38 1945.66 1465.52 93.94 1824.97 360.74 2536.52 1331.31 1278.6 355.29 1470.29 904.56 2338.83 2111.0 162.32 1924.29 2389.36 3139.82 4747.29 1734.0 1058.99 887.57 1832.92 1403.94 1497.34 3308.67 2042.98 1769.94 1315.41 5434.68 647.3 1716.12 1022.48 2299.28 531.3 3666.98 560.89 2042.81 1093.3 2695.24 -190.48 281.17 731.57 2425.82 1751.01 3862.75 1406.59 182.9 822.89 1372.61 1039.9 809.55 1912.71 2025.43 
160.35 176.95 149.38 122.23 174.98 65.71 163.28 184.44 85.6 79.21 94.07 169.95 67.14 131.23 178.74 82.13 66.96 157.11 149.95 84.11 78.36 77.19 192.03 83.77 83.36 124.69 187.93 99.16 88.01 88.05 114.55 85.37 171.29 155.03 175.09 131.47 95.74 65.72 133.24 83.42 184.86 149.82 83.15 124.89 131.3 130.7 150.17 67.45 182.56 81.81 140.9 186.68 67.91 65.72 182.29 79.92 131.45 76.62 89.94 80.85 125.5 140.99 65.25 157.41 181.99 98.48 124.95 82.14 120.35 92.96 160.61 165.86 167.3 148.4 87.08 163.54 156.51 73.56 67.35 83.24 93.95 168.7 125.4 133.14 90.45 151.15 163.87 137.9 131.36 76.57 115.97 156.32 125.49 192.07 80.6 131.26 64.97 132.92 145.93 172.41 
240 265 224 162 262 65 244 276 85 79 94 254 67 196 268 82 66 235 224 84 78 77 288 83 83 166 281 132 88 88 152 85 256 232 262 197 95 65 199 83 277 224 83 166 196 174 225 67 273 81 211 280 67 65 273 79 197 76 89 80 167 187 65 236 272 131 166 82 160 92 240 248 250 222 87 245 234 73 67 83 93 253 167 177 90 226 245 183 197 76 154 234 167 288 80 196 64 199 218 258 
531 150 1325 1030 1 731 716 1181 422 1394 985 301 164 1134 640 411 131 634 1449 1542 1004 317 1139 1007 474 1273 651 742 579 1063 595 245 42 198 798 546 161 1191 65 326 822 654 1036 798 485 1247 420 997 799 831 727 905 1323 3 141 599 938 674 160 445 1132 1202 692 1159 706 1583 1308 452 671 267 354 1389 1193 286 925 1500 204 581 1600 1214 1024 152 223 72 293 1367 1183 183 1015 1224 548 1521 1043 270 1276 310 919 752 1138 1578 
853 379 1680 1383 1526 991 1680 1534 590 1680 1615 962 424 1680 1209 856 916 1680 1680 1680 1680 1680 1680 1514 981 1626 1158 1002 1672 1680 1680 845 302 1230 1680 1680 822 1680 1313 1234 1206 1038 1680 1680 1680 1680 865 1680 1680 1431 1680 1535 1680 664 432 1680 1680 842 1680 1680 1680 1680 1680 1680 1491 1680 1680 1484 1487 1576 1015 1680 1680 1071 1680 1680 1637 903 1680 1680 1680 752 1100 363 1680 1680 1680 443 1491 1680 1680 1680 1303 1332 1474 1680 1680 1680 1680 1680 
10
0.0 0.0 0.0 0.0 0.0 0.0 0.0 0.0 0.0 0.0 
100.0 0.0 100.0 0.0 0.0 100.0 0.0 100.0 100.0 100.0 
0 100 0 100 100 0 100 0 0 0 78 58 108 124 70 104 63 72 46 95 41 67 90 50 63 77 89 96 90 26 46 62 86 29 83 99 95 118 63 74 81 15 48 74 58 78 89 57 81 58 87 85 81 44 65 73 72 112 45 102 99 100 30 78 83 55 104 33 59 40 45 49 76 63 71 93 46 107 119 83 108 104 110 74 34 94 36 116 102 18 44 91 81 58 71 61 99 116 70 95 75 59 95 68 78 66 35 81 75 86 
100 0 100 0 0 100 0 100 100 100 69 106 90 101 77 78 40 73 69 76 75 40 83 99 81 108 12 69 107 93 54 37 22 86 95 123 65 93 51 103 45 86 56 35 47 77 12 44 27 52 102 22 87 93 38 53 68 69 61 77 65 64 87 101 121 55 66 82 56 77 88 73 93 76 93 123 90 75 99 90 88 92 85 86 65 49 71 75 82 83 57 56 47 71 28 42 93 102 82 87 52 45 126 89 23 77 85 62 63 71 
0 100 0 100 100 0 100 0 0 0 78 58 108 124 70 104 63 72 46 95 41 67 90 50 63 77 89 96 90 26 46 62 86 29 83 99 95 118 63 74 81 15 48 74 58 78 89 57 81 58 87 85 81 44 65 73 72 112 45 102 99 100 30 78 83 55 104 33 59 40 45 49 76 63 71 93 46 107 119 83 108 104 110 74 34 94 36 116 102 18 44 91 81 58 71 61 99 116 70 95 75 59 95 68 78 66 35 81 75 86 
100 0 100 0 0 100 0 100 100 100 69 106 90 101 77 78 40 73 69 76 75 40 83 99 81 108 12 69 107 93 54 37 22 86 95 123 65 93 51 103 45 86 56 35 47 77 12 44 27 52 102 22 87 93 38 53 68 69 61 77 65 64 87 101 121 55 66 82 56 77 88 73 93 76 93 123 90 75 99 90 88 92 85 86 65 49 71 75 82 83 57 56 47 71 28 42 93 102 82 87 52 45 126 89 23 77 85 62 63 71 
100 0 100 0 0 100 0 100 100 100 69 106 90 101 77 78 40 73 69 76 75 40 83 99 81 108 12 69 107 93 54 37 22 86 95 123 65 93 51 103 45 86 56 35 47 77 12 44 27 52 102 22 87 93 38 53 68 69 61 77 65 64 87 101 121 55 66 82 56 77 88 73 93 76 93 123 90 75 99 90 88 92 85 86 65 49 71 75 82 83 57 56 47 71 28 42 93 102 82 87 52 45 126 89 23 77 85 62 63 71 
0 100 0 100 100 0 100 0 0 0 78 58 108 124 70 104 63 72 46 95 41 67 90 50 63 77 89 96 90 26 46 62 86 29 83 99 95 118 63 74 81 15 48 74 58 78 89 57 81 58 87 85 81 44 65 73 72 112 45 102 99 100 30 78 83 55 104 33 59 40 45 49 76 63 71 93 46 107 119 83 108 104 110 74 34 94 36 116 102 18 44 91 81 58 71 61 99 116 70 95 75 59 95 68 78 66 35 81 75 86 
100 0 100 0 0 100 0 100 100 100 69 106 90 101 77 78 40 73 69 76 75 40 83 99 81 108 12 69 107 93 54 37 22 86 95 123 65 93 51 103 45 86 56 35 47 77 12 44 27 52 102 22 87 93 38 53 68 69 61 77 65 64 87 101 121 55 66 82 56 77 88 73 93 76 93 123 90 75 99 90 88 92 85 86 65 49 71 75 82 83 57 56 47 71 28 42 93 102 82 87 52 45 126 89 23 77 85 62 63 71 
0 100 0 100 100 0 100 0 0 0 78 58 108 124 70 104 63 72 46 95 41 67 90 50 63 77 89 96 90 26 46 62 86 29 83 99 95 118 63 74 81 15 48 74 58 78 89 57 81 58 87 85 81 44 65 73 72 112 45 102 99 100 30 78 83 55 104 33 59 40 45 49 76 63 71 93 46 107 119 83 108 104 110 74 34 94 36 116 102 18 44 91 81 58 71 61 99 116 70 95 75 59 95 68 78 66 35 81 75 86 
0 100 0 100 100 0 100 0 0 0 78 58 108 124 70 104 63 72 46 95 41 67 90 50 63 77 89 96 90 26 46 62 86 29 83 99 95 118 63 74 81 15 48 74 58 78 89 57 81 58 87 85 81 44 65 73 72 112 45 102 99 100 30 78 83 55 104 33 59 40 45 49 76 63 71 93 46 107 119 83 108 104 110 74 34 94 36 116 102 18 44 91 81 58 71 61 99 116 70 95 75 59 95 68 78 66 35 81 75 86 
0 100 0 100 100 0 100 0 0 0 78 58 108 124 70 104 63 72 46 95 41 67 90 50 63 77 89 96 90 26 46 62 86 29 83 99 95 118 63 74 81 15 48 74 58 78 89 57 81 58 87 85 81 44 65 73 72 112 45 102 99 100 30 78 83 55 104 33 59 40 45 49 76 63 71 93 46 107 119 83 108 104 110 74 34 94 36 116 102 18 44 91 81 58 71 61 99 116 70 95 75 59 95 68 78 66 35 81 75 86 
78 69 78 69 69 78 69 78 78 78 0 46 32 49 12 26 41 7 31 17 36 35 17 43 19 41 57 18 38 55 45 51 46 49 26 54 18 41 26 36 23 63 40 36 36 8 58 43 42 29 33 46 18 42 40 16 5 35 37 24 22 24 49 33 54 30 27 45 25 38 37 28 25 16 26 54 38 29 44 21 31 31 33 18 55 26 43 38 25 60 46 19 21 19 52 39 29 43 15 22 17 37 57 24 51 14 44 7 5 8 
58 106 58 106 106 58 106 58 58 58 46 0 62 77 34 65 68 38 39 56 36 66 47 9 27 19 94 61 34 33 60 76 85 33 32 41 63 73 55 18 66 51 55 71 61 41 94 66 79 55 33 85 36 18 69 55 42 79 49 64 67 69 32 24 24 51 72 34 50 33 21 33 27 32 22 34 18 70 72 35 64 58 68 29 60 72 45 80 60 50 59 65 64 35 81 66 51 66 30 50 57 62 36 23 84 32 30 53 49 51 
108 90 108 90 90 108 90 108 108 108 32 62 0 16 37 12 72 36 63 15 67 65 17 64 44 47 81 20 34 83 78 82 70 78 30 45 24 10 57 45 47 94 72 64 68 29 81 75 67 61 31 70 27 66 70 46 37 26 69 13 25 25 77 39 56 62 25 74 57 68 63 59 35 44 40 50 63 16 12 27 2 5 7 35 87 40 75 24 7 91 79 34 46 50 80 70 11 12 37 13 45 68 52 41 77 41 73 33 37 24 
124 101 124 101 101 124 101 124 124 124 49 77 16 0 54 24 87 53 80 31 84 80 34 80 61 60 93 34 46 99 94 97 82 95 45 52 38 8 73 59 61 111 88 78 83 46 94 90 80 78 44 83 43 83 85 62 54 32 86 26 37 37 94 53 67 78 34 91 74 85 80 75 50 61 56 59 80 26 5 42 17 20 16 51 104 52 92 27 23 108 95 47 61 67 95 86 26 11 54 29 61 84 60 57 91 57 89 49 53 41 
70 77 70 77 77 70 77 70 70 70 12 34 37 54 0 35 45 4 26 26 29 40 20 31 8 30 65 29 31 45 45 54 55 40 20 47 30 47 29 25 33 56 38 43 38 8 66 45 50 31 27 55 14 30 44 24 9 47 34 34 34 35 39 24 44 30 39 36 26 30 26 21 16 6 16 46 27 39 49 16 37 35 40 9 52 38 38 49 32 54 45 31 31 13 57 43 30 46 4 25 25 39 49 12 57 3 35 19 15 18 
104 78 104 78 78 104 78 104 104 104 26 65 12 24 35 0 63 33 58 9 63 56 17 66 43 52 70 10 42 81 71 72 58 76 35 55 13 16 49 50 37 90 65 54 59 26 70 66 56 54 38 59 29 66 60 37 32 15 63 2 13 14 75 45 63 55 13 71 50 64 62 55 38 42 43 59 63 5 21 30 9 15 7 36 81 28 70 15 6 87 72 23 36 46 70 62 20 24 37 17 36 60 61 43 67 38 70 25 30 18 
63 40 63 40 40 63 40 63 63 63 41 68 72 87 45 63 0 42 30 56 35 6 58 60 46 74 28 52 77 53 16 10 23 46 65 92 49 79 15 68 26 48 16 12 7 48 27 6 18 14 72 22 58 53 2 25 38 62 21 60 51 52 47 69 86 16 55 42 19 38 48 35 61 41 59 91 51 62 83 61 70 71 70 54 29 39 31 67 64 45 18 40 27 35 13 2 70 84 49 63 26 6 93 55 16 43 45 38 35 47 
72 73 72 73 73 72 73 72 72 72 7 38 36 53 4 33 42 0 27 23 31 37 19 35 12 35 62 25 34 48 44 52 51 43 22 50 26 46 26 29 28 58 37 39 36 7 62 43 46 29 29 51 16 34 41 20 4 43 34 31 30 31 42 28 48 28 35 38 24 32 30 22 19 9 20 50 31 36 48 18 36 34 38 12 52 33 39 45 30 55 44 26 27 13 54 40 30 46 8 24 21 37 52 17 54 6 37 14 10 14 
46 69 46 69 69 46 69 46 46 46 31 39 63 80 26 58 30 27 0 49 6 29 46 30 22 48 57 49 55 27 21 36 50 20 44 69 48 72 20 42 37 31 16 35 22 34 57 27 44 17 51 49 40 23 31 27 25 65 10 56 52 53 20 44 59 13 57 15 14 9 18 6 39 19 35 66 21 60 75 42 62 61 65 33 26 48 12 69 56 29 21 44 36 13 43 27 57 73 28 51 29 24 68 31 46 23 17 34 29 40 
95 76 95 76 76 95 76 95 95 95 17 56 15 31 26 9 56 23 49 0 54 49 9 56 33 45 67 7 36 71 63 66 55 66 27 50 11 23 42 41 32 81 57 48 52 17 67 59 52 46 32 56 21 56 54 30 23 22 55 7 14 15 65 37 56 47 17 62 42 55 53 45 30 32 34 53 53 13 27 22 14 15 15 26 73 27 61 24 7 78 64 20 31 36 65 55 17 27 27 11 30 53 56 33 62 29 61 18 21 9 
41 75 41 75 75 41 75 41 41 41 36 36 67 84 29 63 35 31 6 54 0 35 50 26 24 47 63 54 55 20 24 41 56 14 46 69 54 77 26 42 43 26 19 41 27 38 62 31 50 23 52 55 43 19 36 33 30 71 13 61 57 59 14 45 58 19 63 9 21 2 14 8 40 22 36 65 17 66 79 44 67 64 69 35 25 54 10 75 61 24 23 50 42 17 47 32 60 76 31 55 36 29 67 32 51 26 10 40 34 44 
67 40 67 40 40 67 40 67 67 67 35 66 65 80 40 56 6 37 29 49 35 0 52 59 42 70 28 45 72 54 21 16 20 48 60 88 42 72 11 64 19 52 19 6 8 42 27 12 15 11 67 19 53 52 4 19 33 55 23 54 44 45 49 64 83 15 48 43 16 38 47 33 56 37 55 86 50 55 76 55 63 65 63 49 34 32 33 60 57 48 23 33 20 31 16 6 64 77 44 57 19 7 89 51 17 39 46 32 29 41 
90 83 90 83 83 90 83 90 90 90 17 47 17 34 20 17 58 19 46 9 50 52 0 48 27 35 72 16 27 65 62 68 61 61 17 42 20 27 43 32 37 76 56 52 53 12 73 60 57 46 22 61 11 49 57 33 21 32 53 16 23 24 60 27 47 46 26 57 42 50 46 41 20 27 25 44 46 22 29 12 17 14 21 18 71 35 58 33 12 74 63 27 36 33 68 57 12 26 20 5 33 54 46 25 67 23 55 20 22 11 
50 99 50 99 99 50 99 50 50 50 43 9 64 80 31 66 60 35 30 56 26 59 48 0 23 27 87 60 40 24 51 67 78 24 35 49 61 75 48 24 60 41 46 64 53 39 87 58 73 47 38 78 37 8 61 50 39 78 40 64 65 67 22 29 34 44 71 24 43 24 12 25 29 27 24 43 9 70 75 37 65 60 69 30 50 68 35 80 61 41 49 62 59 29 73 58 54 70 29 51 52 54 45 23 76 29 20 50 45 50 
63 81 63 81 81 63 81 63 63 63 19 27 44 61 8 43 46 12 22 33 24 42 27 23 0 27 69 37 32 38 43 55 59 33 22 47 38 54 31 22 38 50 37 46 39 16 69 46 54 32 28 59 18 23 46 29 15 55 32 41 42 43 32 22 40 30 47 30 26 24 19 16 16 5 13 44 19 47 56 20 45 41 48 11 48 45 34 57 39 48 43 38 37 11 59 44 36 52 7 31 30 40 47 9 60 5 28 26 21 26 
77 108 77 108 108 77 108 77 77 77 41 19 47 60 30 52 74 35 48 45 47 70 35 27 27 0 96 51 14 51 70 83 86 50 17 22 54 56 59 5 64 68 64 74 67 33 96 73 81 60 15 86 24 33 74 55 39 68 58 52 58 60 48 8 13 57 62 48 54 46 34 42 16 32 14 17 32 58 55 23 49 42 53 22 72 66 57 68 47 67 69 59 62 39 87 72 35 48 26 36 56 68 20 18 88 31 45 48 45 43 
89 12 89 12 12 89 12 89 89 89 57 94 81 93 65 70 28 62 57 67 63 28 72 87 69 96 0 60 96 81 43 27 11 75 84 112 56 85 38 91 35 75 44 23 35 65 0 33 15 39 91 10 76 80 26 41 57 62 50 68 56 56 76 90 109 43 58 70 44 65 75 61 81 64 81 112 78 67 91 79 79 83 77 74 55 41 59 68 73 72 46 47 36 59 17 30 83 93 70 77 40 33 114 78 11 65 73 52 52 60 
96 69 96 69 69 96 69 96 96 96 18 61 20 34 29 10 52 25 49 7 54 45 16 60 37 51 60 0 43 73 60 62 49 67 34 58 4 26 39 47 27 81 55 43 49 20 61 56 46 43 39 49 27 59 50 27 24 17 53 8 6 8 67 43 63 45 10 63 40 56 55 46 35 34 39 61 56 11 31 28 18 22 18 31 71 20 61 20 12 78 62 13 26 37 60 51 24 33 31 19 26 49 63 38 57 31 62 15 20 10 
90 107 90 107 107 90 107 90 90 90 38 34 34 46 31 42 77 34 55 36 55 72 27 40 32 14 96 43 0 63 75 86 85 61 11 16 47 43 61 16 61 79 69 74 70 30 96 77 80 63 5 85 19 45 76 54 39 58 64 42 50 52 60 11 21 61 53 59 58 55 45 49 16 36 19 17 43 47 41 17 36 29 41 22 81 61 65 57 36 78 75 54 60 43 89 75 23 34 27 25 55 71 19 23 88 33 56 44 44 37 
26 93 26 93 93 26 93 26 26 26 55 33 83 99 45 81 53 48 27 71 20 54 65 24 38 51 81 73 63 0 38 56 75 6 56 74 73 93 46 47 64 17 36 61 46 54 81 48 69 43 61 74 56 17 55 54 49 90 31 79 77 78 6 52 58 39 82 11 41 18 19 27 50 39 45 68 20 84 94 57 83 79 86 48 32 74 22 93 77 18 36 70 63 35 64 51 74 90 45 70 56 48 70 42 69 42 10 59 54 62 
46 54 46 54 54 46 54 46 46 46 45 60 78 94 45 71 16 44 21 63 24 21 62 51 43 70 43 60 75 38 0 18 40 33 64 90 58 86 21 64 38 31 6 28 13 51 43 10 35 16 71 38 59 43 19 33 41 73 11 68 61 62 34 66 81 15 66 29 20 26 39 27 59 39 56 87 42 71 90 61 77 77 78 53 13 51 17 78 70 28 2 51 38 32 26 15 74 89 48 68 35 13 90 52 32 42 33 45 41 53 
62 37 62 37 37 62 37 62 62 62 51 76 82 97 54 72 10 52 36 66 41 16 68 67 55 83 27 62 86 56 18 0 26 50 74 102 59 89 25 77 36 48 21 19 16 58 26 9 23 23 81 25 68 60 11 35 48 71 27 70 60 61 52 78 95 25 64 47 28 43 55 42 70 50 68 100 58 72 93 70 80 81 80 63 28 47 34 76 74 45 20 50 36 43 9 11 80 94 58 73 36 14 102 64 16 53 50 48 45 57 
86 22 86 22 22 86 22 86 86 86 46 85 70 82 55 58 23 51 50 55 56 20 61 78 59 86 11 49 85 75 40 26 0 69 73 101 45 74 30 81 23 72 39 14 29 54 11 29 5 32 80 1 65 73 21 31 46 52 44 56 45 45 69 79 99 36 47 64 35 58 67 53 71 54 71 101 70 56 80 68 68 71 66 64 52 30 54 58 62 68 42 35 25 49 18 25 72 82 60 65 30 27 103 67 11 55 67 40 41 49 
29 86 29 86 86 29 86 29 29 29 49 33 78 95 40 76 46 43 20 66 14 48 61 24 33 50 75 67 61 6 33 50 69 0 53 72 67 88 40 46 57 18 30 54 40 49 74 42 63 37 58 67 52 16 48 47 43 84 25 74 71 73 1 50 58 33 76 4 35 11 16 21 47 34 42 67 17 78 90 53 78 75 81 44 27 68 16 88 73 17 31 64 56 30 58 44 70 86 40 65 50 41 69 39 63 37 5 53 48 57 
83 95 83 95 95 83 95 83 83 83 26 32 30 45 20 35 65 22 44 27 46 60 17 35 22 17 84 34 11 56 64 74 73 53 0 27 37 40 49 14 50 71 58 62 58 18 84 66 68 51 6 73 7 39 64 42 27 50 53 34 40 42 52 9 29 50 44 50 46 46 37 38 6 25 11 28 36 40 40 5 32 25 36 11 70 50 56 50 29 69 64 43 48 32 77 63 19 34 16 18 43 60 30 14 76 22 48 33 32 26 
99 123 99 123 123 99 123 99 99 99 54 41 45 52 47 55 92 50 69 50 69 88 42 49 47 22 112 58 16 74 90 102 101 72 27 0 62 52 77 27 77 90 84 90 86 46 112 93 96 79 21 101 35 56 92 70 55 71 79 55 64 66 71 24 19 77 67 71 73 68 57 63 31 51 33 7 55 60 48 33 48 40 53 38 94 77 79 69 49 89 90 69 76 58 105 90 35 41 43 39 71 87 8 38 104 49 68 60 60 53 
95 65 95 65 65 95 65 95 95 95 18 63 24 38 30 13 49 26 48 11 54 42 20 61 38 54 56 4 47 73 58 59 45 67 37 62 0 30 37 50 23 80 53 40 46 22 57 53 42 41 42 46 30 60 47 25 24 17 52 11 3 5 67 46 66 43 9 63 38 56 56 46 38 35 42 64 57 13 35 31 22 26 21 33 69 16 60 20 16 77 60 9 22 37 56 48 28 37 32 22 23 46 66 40 53 32 62 14 19 12 
118 93 118 93 93 118 93 118 118 118 41 73 10 8 47 16 79 46 72 23 77 72 27 75 54 56 85 26 43 93 86 89 74 88 40 52 30 0 65 55 53 104 81 70 75 39 86 82 72 70 41 75 37 77 77 53 47 25 78 18 29 29 87 49 65 71 27 84 66 78 73 68 45 54 50 58 73 18 6 37 9 14 8 45 96 44 85 21 16 101 87 39 52 59 87 78 21 12 47 23 53 76 59 52 83 51 83 41 45 33 
63 51 63 51 51 63 51 63 63 63 26 55 57 73 29 49 15 26 20 42 26 11 43 48 31 59 38 39 61 46 21 25 30 40 49 77 37 65 0 53 18 47 16 16 10 32 38 17 24 4 56 29 42 42 15 12 22 52 17 47 39 40 40 53 72 7 44 35 5 29 37 23 45 26 44 75 39 50 69 45 56 57 57 38 33 31 27 57 50 44 23 29 18 20 27 13 55 69 33 48 13 10 78 40 29 28 37 24 20 33 
74 103 74 103 103 74 103 74 74 74 36 18 45 59 25 50 68 29 42 41 42 64 32 24 22 5 91 47 16 47 64 77 81 46 14 27 50 55 53 0 58 64 58 68 61 28 91 68 75 54 15 80 20 29 68 49 34 64 53 49 54 56 44 5 18 52 58 44 49 41 30 36 11 27 9 23 28 54 54 19 46 40 51 17 67 62 52 65 44 62 64 54 57 33 81 66 34 48 21 33 51 62 25 13 82 25 41 43 40 38 
81 45 81 45 45 81 45 81 81 81 23 66 47 61 33 37 26 28 37 32 43 19 37 60 38 64 35 27 61 64 38 36 23 57 50 77 23 53 18 58 0 66 34 16 25 31 35 31 19 23 56 24 42 56 24 10 24 35 36 35 24 25 57 56 77 26 28 52 22 46 51 37 48 33 49 78 53 36 58 44 45 48 44 41 51 12 45 41 39 63 40 14 1 31 33 26 49 60 37 42 8 25 80 46 30 34 54 17 18 25 
15 86 15 86 86 15 86 15 15 15 63 51 94 111 56 90 48 58 31 81 26 52 76 41 50 68 75 81 79 17 31 48 72 18 71 90 80 104 47 64 66 0 32 59 43 64 75 42 66 43 76 70 69 34 50 58 57 97 30 88 84 85 19 68 76 40 89 20 43 26 34 35 65 49 60 85 35 92 106 70 94 91 96 61 20 78 20 101 88 3 29 75 65 44 57 46 86 103 57 81 60 44 87 56 64 53 23 66 61 71 
48 56 48 56 56 48 56 48 48 48 40 55 72 88 38 65 16 37 16 57 19 19 56 46 37 64 44 55 69 36 6 21 39 30 58 84 53 81 16 58 34 32 0 26 10 44 44 11 34 11 65 38 53 38 18 28 35 69 6 63 56 57 31 60 75 10 61 26 14 22 34 22 53 33 50 81 37 66 84 55 71 71 72 47 16 47 14 73 65 29 6 46 34 26 28 14 68 83 42 62 30 11 84 46 33 36 29 39 35 47 
74 35 74 35 35 74 35 74 74 74 36 71 64 78 43 54 12 39 35 48 41 6 52 64 46 74 23 43 74 61 28 19 14 54 62 90 40 70 16 68 16 59 26 0 15 44 23 18 8 17 69 13 55 58 9 19 35 51 30 52 41 41 55 67 87 21 45 50 21 44 53 39 59 41 59 89 56 52 75 57 62 64 61 52 40 28 40 57 56 55 30 30 17 36 16 13 64 76 47 57 19 14 92 55 14 42 52 31 30 40 
58 47 58 47 47 58 47 58 58 58 36 61 68 83 38 59 7 36 22 52 27 8 53 53 39 67 35 49 70 46 13 16 29 40 58 86 46 75 10 61 25 43 10 15 0 42 34 7 23 7 65 27 52 46 8 21 32 61 15 57 49 50 41 62 79 9 53 35 12 30 41 27 54 34 52 84 43 59 79 54 66 67 67 47 26 38 24 66 60 40 15 38 25 27 20 5 65 79 42 58 23 1 86 48 23 37 38 34 31 43 
78 77 78 77 77 78 77 78 78 78 8 41 29 46 8 26 48 7 34 17 38 42 12 39 16 33 65 20 30 54 51 58 54 49 18 46 22 39 32 28 31 64 44 44 42 0 66 50 50 35 25 54 10 39 47 24 10 38 41 25 26 28 48 25 46 35 31 45 30 38 35 29 17 15 19 46 36 30 41 13 29 26 32 11 59 33 46 40 23 62 51 25 30 20 59 46 23 39 10 17 25 43 49 18 58 12 44 14 13 10 
89 12 89 12 12 89 12 89 89 89 58 94 81 94 66 70 27 62 57 67 62 27 73 87 69 96 0 61 96 81 43 26 11 74 84 112 57 86 38 91 35 75 44 23 34 66 0 32 16 39 91 11 77 80 26 42 57 63 49 68 57 56 75 90 110 43 59 70 44 65 75 61 82 64 82 112 78 68 91 79 79 83 77 75 54 41 59 69 74 71 45 47 36 59 17 30 84 94 70 77 41 33 114 78 11 65 73 52 52 61 
57 44 57 44 44 57 44 57 57 57 43 66 75 90 45 66 6 43 27 59 31 12 60 58 46 73 33 56 77 48 10 9 29 42 66 93 53 82 17 68 31 42 11 18 7 50 32 0 24 14 72 28 59 50 8 28 39 67 18 64 55 56 43 68 85 15 60 38 19 34 45 32 61 41 59 90 48 66 87 62 73 74 74 54 23 44 26 72 67 39 13 45 31 34 16 5 72 86 49 66 29 6 93 55 21 44 41 41 38 50 
81 27 81 27 27 81 27 81 81 81 42 79 67 80 50 56 18 46 44 52 50 15 57 73 54 81 15 46 80 69 35 23 5 63 68 96 42 72 24 75 19 66 34 8 23 50 16 24 0 26 75 5 61 67 16 26 41 51 38 54 42 43 64 74 94 30 45 58 30 53 62 47 66 48 66 96 64 54 77 63 65 68 63 59 48 28 48 57 59 63 37 32 20 44 16 20 68 79 54 62 25 22 98 62 11 50 61 36 36 45 
58 52 58 52 52 58 52 58 58 58 29 55 61 78 31 54 14 29 17 46 23 11 46 47 32 60 39 43 63 43 16 23 32 37 51 79 41 70 4 54 23 43 11 17 7 35 39 14 26 0 58 31 45 41 14 16 25 57 13 52 44 45 37 55 72 3 49 32 5 26 35 21 47 27 45 77 38 54 73 47 60 61 61 40 28 35 23 61 54 40 18 34 22 21 27 11 58 73 35 52 18 8 79 41 29 30 34 28 24 37 
87 102 87 102 102 87 102 87 87 87 33 33 31 44 27 38 72 29 51 32 52 67 22 38 28 15 91 39 5 61 71 81 80 58 6 21 42 41 56 15 56 76 65 69 65 25 91 72 75 58 0 80 14 43 71 49 34 54 60 38 45 47 57 9 25 57 49 56 53 51 42 44 11 31 16 21 41 43 39 12 33 26 38 18 77 56 62 53 32 74 71 49 55 39 84 70 20 33 23 21 50 66 24 19 83 28 53 39 38 32 
85 22 85 22 22 85 22 85 85 85 46 85 70 83 55 59 22 51 49 56 55 19 61 78 59 86 10 49 85 74 38 25 1 67 73 101 46 75 29 80 24 70 38 13 27 54 11 28 5 31 80 0 65 72 19 31 46 53 42 57 46 46 68 79 99 35 48 63 35 57 66 52 71 54 71 101 69 57 80 68 68 72 66 64 51 31 52 59 62 67 41 36 25 49 17 23 73 83 59 66 29 26 103 67 10 55 65 41 41 49 
81 87 81 87 87 81 87 81 81 81 18 36 27 43 14 29 58 16 40 21 43 53 11 37 18 24 76 27 19 56 59 68 65 52 7 35 30 37 42 20 42 69 53 55 52 10 77 59 61 45 14 65 0 39 57 35 20 44 49 28 33 35 51 16 36 44 37 48 40 43 36 35 8 20 13 36 36 34 38 2 28 23 32 8 66 42 52 44 24 67 59 35 40 27 70 56 17 34 11 14 35 53 38 14 69 16 46 25 24 18 
44 93 44 93 93 44 93 44 44 44 42 18 66 83 30 66 53 34 23 56 19 52 49 8 23 33 80 59 45 17 43 60 73 16 39 56 60 77 42 29 56 34 38 58 46 39 80 50 67 41 43 72 39 0 54 46 36 77 32 64 64 66 14 34 42 37 70 16 37 16 5 19 33 25 28 51 3 70 78 40 67 63 71 31 42 65 27 80 62 33 41 59 55 25 66 51 57 73 29 53 48 47 53 25 70 28 12 48 42 49 
65 38 65 38 38 65 38 65 65 65 40 69 70 85 44 60 2 41 31 54 36 4 57 61 46 74 26 50 76 55 19 11 21 48 64 92 47 77 15 68 24 50 18 9 8 47 26 8 16 14 71 19 57 54 0 24 37 60 23 58 49 49 49 68 86 17 53 44 19 39 49 35 60 41 59 90 52 60 81 60 68 70 68 53 32 36 33 65 62 47 21 38 24 35 12 4 69 82 48 62 24 7 93 55 15 43 47 36 34 46 
73 53 73 53 53 73 53 73 73 73 16 55 46 62 24 37 25 20 27 30 33 19 33 50 29 55 41 27 54 54 33 35 31 47 42 70 25 53 12 49 10 58 28 19 21 24 42 28 26 16 49 31 35 46 24 0 15 40 28 35 27 28 48 48 68 18 32 43 14 36 41 27 39 23 40 70 43 38 58 37 45 46 45 33 45 20 37 45 38 55 35 18 9 21 35 24 45 58 28 38 2 22 72 36 34 24 44 12 10 21 
72 68 72 68 68 72 68 72 72 72 5 42 37 54 9 32 38 4 25 23 30 33 21 39 15 39 57 24 39 49 41 48 46 43 27 55 24 47 22 34 24 57 35 35 32 10 57 39 41 25 34 46 20 36 37 15 0 41 31 30 28 29 43 33 53 25 33 39 20 32 32 22 24 11 25 54 33 35 50 22 37 36 39 17 50 29 38 44 31 55 41 23 22 13 49 36 33 48 13 26 16 33 57 21 49 10 38 11 6 14 
112 69 112 69 69 112 69 112 112 112 35 79 26 32 47 15 62 43 65 22 71 55 32 78 55 68 62 17 58 90 73 71 52 84 50 71 17 25 52 64 35 97 69 51 61 38 63 67 51 57 54 53 44 77 60 40 41 0 68 16 13 12 84 60 79 59 8 80 54 73 73 63 53 52 57 75 74 10 31 45 23 31 19 49 85 23 77 5 22 94 75 22 35 54 67 62 36 36 49 32 38 61 77 56 62 49 80 31 36 28 
45 61 45 61 61 45 61 45 45 45 37 49 69 86 34 63 21 34 10 55 13 23 53 40 32 58 50 53 64 31 11 27 44 25 53 79 52 78 17 53 36 30 6 30 15 41 49 18 38 13 60 42 49 32 23 28 31 68 0 61 55 56 26 54 70 9 60 20 13 16 28 16 48 28 45 76 31 65 81 51 69 68 70 42 18 48 10 73 62 27 11 46 35 21 34 19 64 80 37 58 30 16 78 41 38 32 23 38 33 45 
102 77 102 77 77 102 77 102 102 102 24 64 13 26 34 2 60 31 56 7 61 54 16 64 41 52 68 8 42 79 68 70 56 74 34 55 11 18 47 49 35 88 63 52 57 25 68 64 54 52 38 57 28 64 58 35 30 16 61 0 11 12 73 44 63 53 12 69 48 62 60 53 37 40 41 59 61 5 23 29 11 16 9 34 79 27 68 16 6 85 70 21 34 44 68 59 20 25 35 16 34 57 61 41 65 37 68 23 28 16 
99 65 99 65 65 99 65 99 99 99 22 67 25 37 34 13 51 30 52 14 57 44 23 65 42 58 56 6 50 77 61 60 45 71 40 64 3 29 39 54 24 84 56 41 49 26 57 55 42 44 45 46 33 64 49 27 28 13 55 11 0 1 71 50 70 46 5 66 41 59 60 50 42 38 45 67 61 11 34 35 23 27 20 37 72 15 63 17 18 81 62 10 24 41 57 50 30 37 36 25 26 49 70 44 53 36 66 17 23 16 
100 64 100 64 64 100 64 100 100 100 24 69 25 37 35 14 52 31 53 15 59 45 24 67 43 60 56 8 52 78 62 61 45 73 42 66 5 29 40 56 25 85 57 41 50 28 56 56 43 45 47 46 35 66 49 28 29 12 56 12 1 0 72 51 72 47 3 68 43 61 61 51 44 40 47 69 62 11 34 37 23 28 21 39 74 15 65 16 18 82 63 11 25 42 58 51 32 38 38 26 27 50 71 46 54 38 68 19 24 17 
30 87 30 87 87 30 87 30 30 30 49 32 77 94 39 75 47 42 20 65 14 49 60 22 32 48 76 67 60 6 34 52 69 1 52 71 67 87 40 44 57 19 31 55 41 48 75 43 64 37 57 68 51 14 49 48 43 84 26 73 71 72 0 48 56 33 76 5 35 11 15 21 46 33 41 66 16 78 89 52 77 74 80 43 29 68 17 88 72 18 32 64 56 29 59 45 69 85 40 64 50 42 68 38 64 36 4 53 48 57 
78 101 78 101 101 78 101 78 78 78 33 24 39 53 24 45 69 28 44 37 45 64 27 29 22 8 90 43 11 52 66 78 79 50 9 24 46 49 53 5 56 68 60 67 62 25 90 68 74 55 9 79 16 34 68 48 33 60 54 44 50 51 48 0 20 53 54 48 49 44 33 38 8 27 9 22 32 50 48 14 41 34 46 15 70 59 55 60 39 66 65 51 55 34 81 66 28 42 19 28 49 63 24 13 81 25 44 40 38 35 
83 121 83 121 121 83 121 83 83 83 54 24 56 67 44 63 86 48 59 56 58 83 47 34 40 13 109 63 21 58 81 95 99 58 29 19 66 65 72 18 77 76 75 87 79 46 110 85 94 72 25 99 36 42 86 68 53 79 70 63 70 72 56 20 0 70 74 58 67 56 44 53 29 45 28 11 41 69 62 35 58 51 63 35 83 79 67 79 57 75 80 72 75 51 99 84 44 55 39 46 69 81 12 31 100 44 54 61 58 55 
55 55 55 55 55 55 55 55 55 55 30 51 62 78 30 55 16 28 13 47 19 15 46 44 30 57 43 45 61 39 15 25 36 33 50 77 43 71 7 52 26 40 10 21 9 35 43 15 30 3 57 35 44 37 17 18 25 59 9 53 46 47 33 53 70 0 51 28 4 22 32 18 45 25 43 75 34 56 74 46 61 61 62 39 26 38 19 63 55 36 16 36 25 18 30 14 58 73 34 52 20 10 77 39 32 28 30 29 25 37 
104 66 104 66 66 104 66 104 104 104 27 72 25 34 39 13 55 35 57 17 63 48 26 71 47 62 58 10 53 82 66 64 47 76 44 67 9 27 44 58 28 89 61 45 53 31 59 60 45 49 49 48 37 70 53 32 33 8 60 12 5 3 76 54 74 51 0 72 46 65 65 55 46 44 50 70 66 9 32 39 22 28 19 42 77 17 68 12 18 86 67 15 28 46 61 55 32 36 41 28 31 53 72 49 57 41 72 23 28 21 
33 82 33 82 82 33 82 33 33 33 45 34 74 91 36 71 42 38 15 62 9 43 57 24 30 48 70 63 59 11 29 47 64 4 50 71 63 84 35 44 52 20 26 50 35 45 70 38 58 32 56 63 48 16 44 43 39 80 20 69 66 68 5 48 58 28 72 0 30 7 14 16 44 30 40 66 16 74 86 50 74 71 77 41 26 63 12 83 68 18 27 59 51 25 54 40 66 83 37 61 45 37 68 36 59 33 4 49 43 53 
59 56 59 56 56 59 56 59 59 59 25 50 57 74 26 50 19 24 14 42 21 16 42 43 26 54 44 40 58 41 20 28 35 35 46 73 38 66 5 49 22 43 14 21 12 30 44 19 30 5 53 35 40 37 19 14 20 54 13 48 41 43 35 49 67 4 46 30 0 23 31 17 41 22 40 71 34 51 69 42 56 56 57 35 31 34 22 59 50 40 21 32 22 15 32 17 54 68 30 47 16 13 74 36 34 24 32 25 20 32 
40 77 40 77 77 40 77 40 40 40 38 33 68 85 30 64 38 32 9 55 2 38 50 24 24 46 65 56 55 18 26 43 58 11 46 68 56 78 29 41 46 26 22 44 30 38 65 34 53 26 51 57 43 16 39 36 32 73 16 62 59 61 11 44 56 22 65 7 23 0 12 9 39 23 35 64 15 67 80 44 68 65 70 35 26 56 11 76 62 23 25 52 44 18 50 35 60 77 31 55 38 32 66 31 54 27 8 41 36 46 
45 88 45 88 88 45 88 45 45 45 37 21 63 80 26 62 48 30 18 53 14 47 46 12 19 34 75 55 45 19 39 55 67 16 37 57 56 73 37 30 51 34 34 53 41 35 75 45 62 35 42 66 36 5 49 41 32 73 28 60 60 61 15 33 44 32 65 14 31 12 0 14 31 21 26 52 2 66 75 38 64 60 67 28 39 60 24 76 59 32 38 55 50 20 61 46 54 71 26 50 43 42 54 23 65 23 11 43 37 45 
49 73 49 73 73 49 73 49 49 49 28 33 59 75 21 55 35 22 6 45 8 33 41 25 16 42 61 46 49 27 27 42 53 21 38 63 46 68 23 36 37 35 22 39 27 29 61 32 47 21 44 52 35 19 35 27 22 63 16 53 50 51 21 38 53 18 55 16 17 9 14 0 33 14 29 59 16 58 71 36 58 56 61 27 32 48 17 67 53 32 27 43 36 9 48 32 52 68 23 46 30 29 62 25 50 18 16 32 27 36 
76 93 76 93 93 76 93 76 76 76 25 27 35 50 16 38 61 19 39 30 40 56 20 29 16 16 81 35 16 50 59 70 71 47 6 31 38 45 45 11 48 65 53 59 54 17 82 61 66 47 11 71 8 33 60 39 24 53 48 37 42 44 46 8 29 45 46 44 41 39 31 33 0 20 5 30 30 43 45 8 36 30 40 6 65 50 50 53 33 63 59 43 46 27 73 59 24 40 11 22 41 55 32 8 73 17 42 32 29 26 
63 76 63 76 76 63 76 63 63 63 16 32 44 61 6 42 41 9 19 32 22 37 27 27 5 32 64 34 36 39 39 50 54 34 25 51 35 54 26 27 33 49 33 41 34 15 64 41 48 27 31 54 20 25 41 23 11 52 28 40 38 40 33 27 45 25 44 30 22 23 21 14 20 0 18 49 22 45 56 22 44 41 47 13 45 40 31 55 38 47 39 34 32 7 54 39 37 53 8 32 25 35 52 14 55 3 28 22 17 23 
71 93 71 93 93 71 93 71 71 71 26 22 40 56 16 43 59 20 35 34 36 55 25 24 13 14 81 39 19 45 56 68 71 42 11 33 42 50 44 9 49 60 50 59 52 19 82 59 66 45 16 71 13 28 59 40 25 57 45 41 45 47 41 9 28 43 50 40 40 35 26 29 5 18 0 31 25 47 50 13 41 36 46 8 61 52 46 58 38 58 56 45 47 25 72 57 30 45 11 27 41 54 33 4 73 16 37 34 31 30 
93 123 93 123 123 93 123 93 93 93 54 34 50 59 46 59 91 50 66 53 65 86 44 43 44 17 112 61 17 68 87 100 101 67 28 7 64 58 75 23 78 85 81 89 84 46 112 90 96 77 21 101 36 51 90 70 54 75 76 59 67 69 66 22 11 75 70 66 71 64 52 59 30 49 31 0 50 64 54 33 52 45 57 37 90 78 75 73 52 84 87 71 76 56 103 88 39 47 42 42 71 85 2 35 104 47 62 61 60 54 
46 90 46 90 90 46 90 46 46 46 38 18 63 80 27 63 51 31 21 53 17 50 46 9 19 32 78 56 43 20 42 58 70 17 36 55 57 73 39 28 53 35 37 56 43 36 78 48 64 38 41 69 36 3 52 43 33 74 31 61 61 62 16 32 41 34 66 16 34 15 2 16 30 22 25 50 0 66 74 37 64 59 67 28 41 62 26 76 59 34 40 56 52 22 64 49 54 70 26 50 45 45 52 22 67 24 12 44 39 45 
107 75 107 75 75 107 75 107 107 107 29 70 16 26 39 5 62 36 60 13 66 55 22 70 47 58 67 11 47 84 71 72 56 78 40 60 13 18 50 54 36 92 66 52 59 30 68 66 54 54 43 57 34 70 60 38 35 10 65 5 11 11 78 50 69 56 9 74 51 67 66 58 43 45 47 64 66 0 23 35 13 20 10 40 82 26 72 10 11 90 73 22 35 48 69 61 25 27 40 22 36 60 66 47 65 42 73 26 31 21 
119 99 119 99 99 119 99 119 119 119 44 72 12 5 49 21 83 48 75 27 79 76 29 75 56 55 91 31 41 94 90 93 80 90 40 48 35 6 69 54 58 106 84 75 79 41 91 87 77 73 39 80 38 78 81 58 50 31 81 23 34 34 89 48 62 74 32 86 69 80 75 71 45 56 50 54 74 23 0 37 13 15 13 46 100 49 87 27 19 103 91 44 57 62 91 82 20 7 49 24 57 80 56 52 88 52 84 45 49 36 
83 90 83 90 90 83 90 83 83 83 21 35 27 42 16 30 61 18 42 22 44 55 12 37 20 23 79 28 17 57 61 70 68 53 5 33 31 37 45 19 44 70 55 57 54 13 79 62 63 47 12 68 2 40 60 37 22 45 51 29 35 37 52 14 35 46 39 50 42 44 38 36 8 22 13 33 37 35 37 0 28 22 32 9 68 45 54 45 24 68 62 37 43 29 72 59 16 33 13 14 38 56 36 15 72 19 48 27 26 20 
108 88 108 88 88 108 88 108 108 108 31 64 2 17 37 9 70 36 62 14 67 63 17 65 45 49 79 18 36 83 77 80 68 78 32 48 22 9 56 46 45 94 71 62 66 29 79 73 65 60 33 68 28 67 68 45 37 23 69 11 23 23 77 41 58 61 22 74 56 68 64 58 36 44 41 52 64 13 13 28 0 7 5 35 87 38 75 21 6 91 78 32 45 49 79 69 13 14 38 13 44 67 54 42 75 41 73 32 36 23 
104 92 104 92 92 104 92 104 104 104 31 58 5 20 35 15 71 34 61 15 64 65 14 60 41 42 83 22 29 79 77 81 71 75 25 40 26 14 57 40 48 91 71 64 67 26 83 74 68 61 26 72 23 63 70 46 36 31 68 16 27 28 74 34 51 61 28 71 56 65 60 56 30 41 36 45 59 20 15 22 7 0 12 31 86 42 73 28 9 89 77 36 47 47 81 70 6 12 34 9 45 68 47 37 78 38 69 33 36 24 
110 85 110 85 85 110 85 110 110 110 33 68 7 16 40 7 70 38 65 15 69 63 21 69 48 53 77 18 41 86 78 80 66 81 36 53 21 8 57 51 44 96 72 61 67 32 77 74 63 61 38 66 32 71 68 45 39 19 70 9 20 21 80 46 63 62 19 77 57 70 67 61 40 47 46 57 67 10 13 32 5 12 0 39 88 36 77 16 8 94 79 30 44 52 78 69 18 17 41 18 44 67 59 46 74 44 76 32 37 25 
74 86 74 86 86 74 86 74 74 74 18 29 35 51 9 36 54 12 33 26 35 49 18 30 11 22 74 31 22 48 53 63 64 44 11 38 33 45 38 17 41 61 47 52 47 11 75 54 59 40 18 64 8 31 53 33 17 49 42 34 37 39 43 15 35 39 42 41 35 35 28 27 6 13 8 37 28 40 46 9 35 31 39 0 59 44 45 50 31 59 53 37 40 21 66 52 25 42 5 22 34 48 39 7 66 10 38 25 23 21 
34 65 34 65 65 34 65 34 34 34 55 60 87 104 52 81 29 52 26 73 25 34 71 50 48 72 55 71 81 32 13 28 52 27 70 94 69 96 33 67 51 20 16 40 26 59 54 23 48 28 77 51 66 42 32 45 50 85 18 79 72 74 29 70 83 26 77 26 31 26 39 32 65 45 61 90 41 82 100 68 87 86 88 59 0 64 15 90 80 17 10 63 51 38 37 28 82 98 54 76 47 26 93 57 43 49 30 56 51 63 
94 49 94 49 49 94 49 94 94 94 26 72 40 52 38 28 39 33 48 27 54 32 35 68 45 66 41 20 61 74 51 47 30 68 50 77 16 44 31 62 12 78 47 28 38 33 41 44 28 35 56 31 42 65 36 20 29 23 48 27 15 15 68 59 79 38 17 63 34 56 60 48 50 40 52 78 62 26 49 45 38 42 36 44 64 0 57 29 32 75 53 7 13 40 44 39 44 52 42 38 18 38 81 50 39 39 64 18 23 24 
36 71 36 71 71 36 71 36 36 36 43 45 75 92 38 70 31 39 12 61 10 33 58 35 34 57 59 61 65 22 17 34 54 16 56 79 60 85 27 52 45 20 14 40 24 46 59 26 48 23 62 52 52 27 33 37 38 77 10 68 63 65 17 55 67 19 68 12 22 11 24 17 50 31 46 75 26 72 87 54 75 73 77 45 15 57 0 81 69 17 15 55 45 25 42 29 69 85 40 63 39 26 77 42 47 35 16 46 40 52 
116 75 116 75 75 116 75 116 116 116 38 80 24 27 49 15 67 45 69 24 75 60 33 80 57 68 68 20 57 93 78 76 58 88 50 69 20 21 57 65 41 101 73 57 66 40 69 72 57 61 53 59 44 80 65 45 44 5 73 16 17 16 88 60 79 63 12 83 59 76 76 67 53 55 58 73 76 10 27 45 21 28 16 50 90 29 81 0 21 98 80 27 40 58 73 67 34 33 51 32 43 66 75 58 68 52 83 35 40 31 
102 82 102 82 82 102 82 102 102 102 25 60 7 23 32 6 64 30 56 7 61 57 12 61 39 47 73 12 36 77 70 74 62 73 29 49 16 16 50 44 39 88 65 56 60 23 74 67 59 54 32 62 24 62 62 38 31 22 62 6 18 18 72 39 57 55 18 68 50 62 59 53 33 38 38 52 59 11 19 24 6 9 8 31 80 32 69 21 0 85 71 26 38 43 72 62 13 20 33 10 37 60 55 38 69 35 67 25 29 17 
18 83 18 83 83 18 83 18 18 18 60 50 91 108 54 87 45 55 29 78 24 48 74 41 48 67 72 78 78 18 28 45 68 17 69 89 77 101 44 62 63 3 29 55 40 62 71 39 63 40 74 67 67 33 47 55 55 94 27 85 81 82 18 66 75 36 86 18 40 23 32 32 63 47 58 84 34 90 103 68 91 89 94 59 17 75 17 98 85 0 26 72 62 41 54 43 84 101 55 79 57 41 86 55 60 51 21 63 58 69 
44 57 44 57 57 44 57 44 44 44 46 59 79 95 45 72 18 44 21 64 23 23 63 49 43 69 46 62 75 36 2 20 42 31 64 90 60 87 23 64 40 29 6 30 15 51 45 13 37 18 71 41 59 41 21 35 41 75 11 70 62 63 32 65 80 16 67 27 21 25 38 27 59 39 56 87 40 73 91 62 78 77 79 53 10 53 15 80 71 26 0 52 40 32 28 17 75 90 48 68 36 16 89 52 34 42 31 46 42 54 
91 56 91 56 56 91 56 91 91 91 19 65 34 47 31 23 40 26 44 20 50 33 27 62 38 59 47 13 54 70 51 50 35 64 43 69 9 39 29 54 14 75 46 30 38 25 47 45 32 34 49 36 35 59 38 18 23 22 46 21 10 11 64 51 72 36 15 59 32 52 55 43 43 34 45 71 56 22 44 37 32 36 30 37 63 7 55 27 26 72 52 0 13 35 47 40 37 46 34 31 16 38 73 43 43 33 60 12 17 16 
81 47 81 47 47 81 47 81 81 81 21 64 46 61 31 36 27 27 36 31 42 20 36 59 37 62 36 26 60 63 38 36 25 56 48 76 22 52 18 57 1 65 34 17 25 30 36 31 20 22 55 25 40 55 24 9 22 35 35 34 24 25 56 55 75 25 28 51 22 44 50 36 46 32 47 76 52 35 57 43 45 47 44 40 51 13 45 40 38 62 40 13 0 30 34 26 47 59 36 41 6 25 79 44 30 32 52 15 16 24 
58 71 58 71 71 58 71 58 58 58 19 35 50 67 13 46 35 13 13 36 17 31 33 29 11 39 59 37 43 35 32 43 49 30 32 58 37 59 20 33 31 44 26 36 27 20 59 34 44 21 39 49 27 25 35 21 13 54 21 44 41 42 29 34 51 18 46 25 15 18 20 9 27 7 25 56 22 48 62 29 49 47 52 21 38 40 25 58 43 41 32 35 30 0 47 32 43 59 16 38 23 29 58 20 49 10 25 23 18 27 
71 28 71 28 28 71 28 71 71 71 52 81 80 95 57 70 13 54 43 65 47 16 68 73 59 87 17 60 89 64 26 9 18 58 77 105 56 87 27 81 33 57 28 16 20 59 17 16 16 27 84 17 70 66 12 35 49 67 34 68 57 58 59 81 99 30 61 54 32 50 61 48 73 54 72 103 64 69 91 72 79 81 78 66 37 44 42 73 72 54 28 47 34 47 0 15 80 93 61 74 35 19 106 68 7 56 58 48 46 57 
61 42 61 42 42 61 42 61 61 61 39 66 70 86 43 62 2 40 27 55 32 6 57 58 44 72 30 51 75 51 15 11 25 44 63 90 48 78 13 66 26 46 14 13 5 46 30 5 20 11 70 23 56 51 4 24 36 62 19 59 50 51 45 66 84 14 55 40 17 35 46 32 59 39 57 88 49 61 82 59 69 70 69 52 28 39 29 67 62 43 17 40 26 32 15 0 69 82 47 62 25 3 91 53 19 41 43 37 34 46 
99 93 99 93 93 99 93 99 99 99 29 51 11 26 30 20 70 30 57 17 60 64 12 54 36 35 83 24 23 74 74 80 72 70 19 35 28 21 55 34 49 86 68 64 65 23 84 72 68 58 20 73 17 57 69 45 33 36 64 20 30 32 69 28 44 58 32 66 54 60 54 52 24 37 30 39 54 25 20 16 13 6 18 25 82 44 69 34 13 84 75 37 47 43 80 69 0 16 29 6 45 66 41 31 78 33 64 32 34 23 
116 102 116 102 102 116 102 116 116 116 43 66 12 11 46 24 84 46 73 27 76 77 26 70 52 48 93 33 34 90 89 94 82 86 34 41 37 12 69 48 60 103 83 76 79 39 94 86 79 73 33 83 34 73 82 58 48 36 80 25 37 38 85 42 55 73 36 83 68 77 71 68 40 53 45 47 70 27 7 33 14 12 17 42 98 52 85 33 20 101 90 46 59 59 93 82 16 0 45 21 57 80 48 48 90 49 81 45 48 36 
70 82 70 82 82 70 82 70 70 70 15 30 37 54 4 37 49 8 28 27 31 44 20 29 7 26 70 31 27 45 48 58 60 40 16 43 32 47 33 21 37 57 42 47 42 10 70 49 54 35 23 59 11 29 48 28 13 49 37 35 36 38 40 19 39 34 41 37 30 31 26 23 11 8 11 42 26 40 49 13 38 34 41 5 54 42 40 51 33 55 48 34 36 16 61 47 29 45 0 24 30 43 44 8 62 5 35 23 19 20 
95 87 95 87 87 95 87 95 95 95 22 50 13 29 25 17 63 24 51 11 55 57 5 51 31 36 77 19 25 70 68 73 65 65 18 39 22 23 48 33 42 81 62 57 58 17 77 66 62 52 21 66 14 53 62 38 26 32 58 16 25 26 64 28 46 52 28 61 47 55 50 46 22 32 27 42 50 22 24 14 13 9 18 22 76 38 63 32 10 79 68 31 41 38 74 62 6 21 24 0 38 59 44 28 71 28 60 25 27 16 
75 52 75 52 52 75 52 75 75 75 17 57 45 61 25 36 26 21 29 30 36 19 33 52 30 56 40 26 55 56 35 36 30 50 43 71 23 53 13 51 8 60 30 19 23 25 41 29 25 18 50 29 35 48 24 2 16 38 30 34 26 27 50 49 69 20 31 45 16 38 43 30 41 25 41 71 45 36 57 38 44 45 44 34 47 18 39 43 37 57 36 16 6 23 35 25 45 57 30 38 0 23 73 38 33 26 46 12 11 21 
59 45 59 45 45 59 45 59 59 59 37 62 68 84 39 60 6 37 24 53 29 7 54 54 40 68 33 49 71 48 13 14 27 41 60 87 46 76 10 62 25 44 11 14 1 43 33 6 22 8 66 26 53 47 7 22 33 61 16 57 49 50 42 63 81 10 53 37 13 32 42 29 55 35 54 85 45 60 80 56 67 68 67 48 26 38 26 66 60 41 16 38 25 29 19 3 66 80 43 59 23 0 87 49 22 38 40 34 31 43 
95 126 95 126 126 95 126 95 95 95 57 36 52 60 49 61 93 52 68 56 67 89 46 45 47 20 114 63 19 70 90 102 103 69 30 8 66 59 78 25 80 87 84 92 86 49 114 93 98 79 24 103 38 53 93 72 57 77 78 61 70 71 68 24 12 77 72 68 74 66 54 62 32 52 33 2 52 66 56 36 54 47 59 39 93 81 77 75 55 86 89 73 79 58 106 91 41 48 44 44 73 87 0 38 106 49 65 64 62 57 
68 89 68 89 89 68 89 68 68 68 24 23 41 57 12 43 55 17 31 33 32 51 25 23 9 18 78 38 23 42 52 64 67 39 14 38 40 52 40 13 46 56 46 55 48 18 78 55 62 41 19 67 14 25 55 36 21 56 41 41 44 46 38 13 31 39 49 36 36 31 23 25 8 14 4 35 22 47 52 15 42 37 46 7 57 50 42 58 38 55 52 43 44 20 68 53 31 48 8 28 38 49 38 0 69 12 33 31 27 28 
78 23 78 23 23 78 23 78 78 78 51 84 77 91 57 67 16 54 46 62 51 17 67 76 60 88 11 57 88 69 32 16 11 63 76 104 53 83 29 82 30 64 33 14 23 58 11 21 11 29 83 10 69 70 15 34 49 62 38 65 53 54 64 81 100 32 57 59 34 54 65 50 73 55 73 104 67 65 88 72 75 78 74 66 43 39 47 68 69 60 34 43 30 49 7 19 78 90 62 71 33 22 106 69 0 56 62 46 45 55 
66 77 66 77 77 66 77 66 66 66 14 32 41 57 3 38 43 6 23 29 26 39 23 29 5 31 65 31 33 42 42 53 55 37 22 49 32 51 28 25 34 53 36 42 37 12 65 44 50 30 28 55 16 28 43 24 10 49 32 37 36 38 36 25 44 28 41 33 24 27 23 18 17 3 16 47 24 42 52 19 41 38 44 10 49 39 35 52 35 51 42 33 32 10 56 41 33 49 5 28 26 38 49 12 56 0 32 21 16 21 
35 85 35 85 85 35 85 35 35 35 44 30 73 89 35 70 45 37 17 61 10 46 55 20 28 45 73 62 56 10 33 50 67 5 48 68 62 83 37 41 54 23 29 52 38 44 73 41 61 34 53 65 46 12 47 44 38 80 23 68 66 68 4 44 54 30 72 4 32 8 11 16 42 28 37 62 12 73 84 48 73 69 76 38 30 64 16 83 67 21 31 60 52 25 58 43 64 81 35 60 46 40 65 33 62 32 0 49 43 52 
81 62 81 62 62 81 62 81 81 81 7 53 33 49 19 25 38 14 34 18 40 32 20 50 26 48 52 15 44 59 45 48 40 53 33 60 14 41 24 43 17 66 39 31 34 14 52 41 36 28 39 41 25 48 36 12 11 31 38 23 17 19 53 40 61 29 23 49 25 41 43 32 32 22 34 61 44 26 45 27 32 33 32 25 56 18 46 35 25 63 46 12 15 23 48 37 32 45 23 25 12 34 64 31 46 21 49 0 5 9 
75 63 75 63 63 75 63 75 75 75 5 49 37 53 15 30 35 10 29 21 34 29 22 45 21 45 52 20 44 54 41 45 41 48 32 60 19 45 20 40 18 61 35 30 31 13 52 38 36 24 38 41 24 42 34 10 6 36 33 28 23 24 48 38 58 25 28 43 20 36 37 27 29 17 31 60 39 31 49 26 36 36 37 23 51 23 40 40 29 58 42 17 16 18 46 34 34 48 19 27 11 31 62 27 45 16 43 5 0 12 
86 71 86 71 71 86 71 86 86 86 8 51 24 41 18 18 47 14 40 9 44 41 11 50 26 43 60 10 37 62 53 57 49 57 26 53 12 33 33 38 25 71 47 40 43 10 61 50 45 37 32 49 18 49 46 21 14 28 45 16 16 17 57 35 55 37 21 53 32 46 45 36 26 23 30 54 45 21 36 20 23 24 25 21 63 24 52 31 17 69 54 16 24 27 57 46 23 36 20 16 21 43 57 28 55 21 52 9 12 0 
