100 9087.32 0 1680 14 120
68.57 14.14 97.55 35.76 54.26 28.79 72.7 58.51 74.24 54.38 27.19 75.52 34.6 69.98 51.75 96.19 25.05 29.47 65.27 90.6 90.42 40.04 46.32 96.48 20.33 13.58 27.93 1.25 58.78 64.28 28.52 91.88 18.93 3.13 25.12 71.17 9.97 26.44 2.47 73.13 69.43 37.83 92.71 18.39 58.17 23.6 39.98 26.81 60.66 23.78 82.55 25.78 48.12 63.87 46.57 63.66 20.98 94.24 35.34 37.51 62.1 84.51 35.6 14.16 94.51 74.08 8.7 52.57 97.65 48.86 61.73 48.9 20.64 92.92 36.37 92.18 69.98 79.76 52.64 52.02 47.71 69.62 28.66 61.3 25.98 48.1 24.91 45.56 48.03 81.82 31.43 7.54 83.04 72.89 64.83 54.09 96.66 17.53 2.54 65.2 
23.93 78.17 59.64 62.65 40.89 85.77 16.98 78.43 87.92 44.21 69.89 31.16 82.32 76.15 48.88 83.15 13.85 22.33 62.51 82.45 46.1 23.53 28.05 48.17 87.62 40.84 85.42 62.09 29.54 32.4 17.41 68.24 30.62 77.74 71.38 20.32 13.99 77.41 39.71 35.6 22.66 64.06 58.24 63.05 41.25 12.39 60.25 18.89 51.32 46.61 56.25 73.02 67.58 71.49 57.18 46.82 61.74 32.14 86.06 64.04 14.73 18.0 81.3 55.68 20.64 10.28 70.14 71.9 10.46 84.64 43.84 20.38 24.01 74.1 64.07 84.27 84.97 44.2 22.53 63.0 19.11 10.78 24.41 17.43 59.16 32.8 83.31 58.87 57.04 23.64 52.45 26.51 23.68 40.82 11.91 22.15 43.53 83.25 50.0 64.8 
7 2 9 4 5 3 7 6 7 5 3 7 4 7 5 9 3 3 6 9 9 4 5 9 2 2 3 1 6 6 3 9 2 1 3 7 1 3 1 7 7 4 9 2 6 3 4 3 6 3 8 3 5 6 5 6 2 9 4 4 6 8 4 2 9 7 1 5 9 5 6 5 2 9 4 9 7 8 5 5 5 7 3 6 3 5 3 5 5 8 3 1 8 7 6 5 9 2 1 6 
1 2 3 4 5 6 7 8 9 10 11 12 13 14 15 16 17 18 19 20 21 22 23 24 25 26 27 28 29 30 31 32 33 34 35 36 37 38 39 40 41 42 43 44 45 46 47 48 49 50 51 52 53 54 55 56 57 58 59 60 61 62 63 64 65 66 67 68 69 70 71 72 73 74 75 76 77 78 79 80 81 82 83 84 85 86 87 88 89 90 91 92 93 94 95 96 97 98 99 100 
3 1 2 2 3 3 3 3 3 3 3 3 2 3 3 2 3 3 3 2 2 2 3 2 1 1 3 2 3 3 3 2 1 2 3 3 2 3 2 3 3 2 2 1 3 3 2 3 3 3 1 3 3 3 3 3 1 2 2 2 3 1 2 1 2 3 2 3 2 3 3 3 1 2 2 2 3 1 3 3 3 3 3 3 3 3 3 3 3 1 3 2 1 3 3 3 2 1 2 3 
2 2 1 3 3 1 2 3 2 3 1 2 3 2 3 1 1 1 3 1 1 3 3 1 2 2 1 1 3 3 1 1 2 1 1 2 1 1 1 2 2 3 1 2 3 1 3 1 3 1 3 1 3 3 3 3 2 1 3 3 3 3 3 2 1 2 1 3 1 3 3 3 2 1 3 1 2 3 3 3 3 2 1 3 1 3 1 3 3 3 1 1 3 2 3 3 1 2 1 3 
2 3 3 10 8 10 2 9 8 7 2 4 2 1 5 1 5 1 8 5 5 3 2 4 10 8 8 4 6 6 2 7 7 9 5 1 5 8 5 5 8 8 2 6 4 8 2 6 7 1 6 4 8 4 2 1 10 8 4 9 4 4 8 3 7 5 6 2 5 2 1 1 3 7 6 7 4 2 7 1 4 5 5 4 2 4 8 2 4 4 6 8 5 4 1 1 2 1 7 8 
3395.44 3460.43 3445.66 3828.61 4116.67 4676.57 3404.43 3400.38 4165.18 4675.06 3375.73 4713.12 3373.68 4134.69 3856.06 4503.06 3854.71 3937.67 4109.67 3724.26 3368.73 3297.73 3414.13 4251.86 3170.77 4165.48 4136.43 4307.17 3774.29 3816.45 3369.71 4034.35 4334.48 3199.8 3424.42 4210.63 3440.39 4130.3 3737.49 3183.42 4171.89 4155.68 3370.39 3780.33 4287.81 4121.37 3358.89 3867.11 4494.79 4631.82 3857.62 4633.32 4135.24 4707.85 3419.74 4452.6 3393.77 4109.01 4418.05 3194.24 4376.01 4486.58 4165.86 3446.03 4372.42 3672.58 3853.42 3406.32 3825.07 3348.73 4385.24 4420.39 3341.05 4199.84 3805.49 4097.07 4695.81 3402.85 4560.11 4249.91 4331.25 3388.0 4017.04 4693.41 3378.54 4276.74 4108.69 3366.1 4460.99 4551.99 3795.79 4143.22 3362.94 4496.78 4797.41 4462.13 3378.42 4154.58 4113.92 4127.87 
0.43 0.09 0.1 0.7 0.73 0.61 0.35 0.45 0.84 0.52 0.32 0.83 0.7 0.29 0.56 0.32 0.54 0.59 0.67 0.58 0.64 0.28 0.33 0.81 0.65 0.51 0.64 0.84 0.48 0.63 0.83 0.33 0.49 0.57 0.54 0.82 0.56 0.6 0.53 0.61 0.5 0.8 0.53 0.14 0.83 0.42 0.69 0.69 0.38 0.83 0.33 0.82 0.41 0.83 0.85 0.27 0.67 0.81 0.83 0.55 0.81 0.84 0.72 0.04 0.47 0.51 0.86 0.38 0.62 0.39 0.1 0.8 0.06 0.55 0.15 0.33 0.83 0.62 0.37 0.67 0.81 0.53 0.64 0.81 0.41 0.83 0.42 0.42 0.82 0.81 0.12 0.45 0.54 0.83 0.84 0.76 0.56 0.14 0.34 0.51 
1.0 0.63 0.78 0.73 0.89 0.98 0.87 0.79 0.97 0.74 0.98 1.0 0.88 0.85 0.96 0.87 0.84 0.55 0.7 0.64 0.99 0.82 1.0 0.77 0.97 0.91 0.7 0.57 0.81 0.98 0.58 0.92 0.72 0.91 0.99 1.0 1.0 0.97 0.53 0.9 0.72 0.51 0.67 1.0 0.79 0.62 1.0 0.95 1.0 0.65 0.73 0.57 0.91 0.72 0.85 1.0 0.78 0.75 0.66 1.0 1.0 1.0 0.82 0.94 1.0 0.7 0.51 0.81 0.59 0.75 0.5 0.53 0.59 0.62 1.0 0.79 0.99 0.74 0.84 1.0 0.77 0.73 0.75 0.6 0.66 0.71 0.52 1.0 0.61 0.68 1.0 0.95 0.65 0.93 0.71 0.75 1.0 0.99 0.77 1.0 
0.53 1.0 0.7 0.99 1.0 0.75 0.8 0.67 0.62 0.81 0.89 1.0 0.94 0.72 1.0 1.0 0.67 0.56 0.88 0.62 0.72 0.87 0.9 0.93 0.94 0.75 0.9 1.0 0.65 0.72 0.56 0.62 0.92 0.59 0.81 0.93 0.65 0.79 0.5 0.93 0.55 0.87 1.0 0.62 0.91 0.56 0.63 0.65 1.0 0.99 1.0 0.91 0.78 0.76 0.52 0.63 0.66 0.8 0.77 0.75 0.78 1.0 0.59 0.52 0.56 1.0 0.78 0.59 0.71 0.67 0.59 1.0 0.9 0.99 0.58 0.57 1.0 0.88 0.8 0.83 0.66 0.8 0.57 0.97 0.52 0.8 0.7 0.98 0.54 0.63 0.98 0.98 0.8 0.92 0.97 0.8 0.76 0.57 0.92 1.0 
1.0 0.5 0.74 0.74 0.94 0.53 0.57 0.89 0.91 0.65 0.7 0.95 0.51 0.74 0.99 1.0 0.97 0.61 1.0 0.79 0.9 0.76 0.79 0.79 1.0 0.73 0.86 0.83 0.58 0.55 0.75 0.96 0.76 0.59 0.88 0.94 1.0 0.97 1.0 0.53 0.61 0.52 0.79 1.0 0.73 0.71 0.7 0.81 0.69 0.6 0.99 0.86 0.91 0.6 0.96 0.76 0.98 0.98 0.71 0.87 0.79 0.51 1.0 0.81 0.91 1.0 1.0 0.87 0.74 0.92 0.86 0.9 0.56 0.87 1.0 0.51 0.83 0.54 0.96 0.84 1.0 1.0 0.76 0.85 0.74 0.75 0.68 0.63 0.54 0.98 0.81 0.73 0.67 0.62 0.71 0.91 0.76 0.61 0.95 0.6 
1.0 0.64 0.64 0.74 0.84 0.69 0.94 0.65 0.82 1.0 0.61 0.87 1.0 0.7 0.7 0.86 0.59 0.6 0.94 0.73 1.0 0.67 0.65 0.98 0.98 0.59 0.66 0.54 1.0 0.63 0.77 0.83 0.97 0.71 0.69 1.0 0.52 0.83 0.82 0.59 1.0 1.0 1.0 1.0 1.0 0.67 1.0 0.93 0.98 0.74 0.8 0.84 0.93 0.52 1.0 0.76 0.59 0.55 0.91 1.0 1.0 0.94 0.92 1.0 1.0 0.87 0.65 0.51 0.79 0.81 0.97 0.97 0.92 0.53 0.75 1.0 0.97 0.89 0.51 0.99 0.64 0.53 0.64 0.94 0.77 0.78 0.58 0.63 0.59 0.69 0.65 0.72 1.0 0.83 0.79 0.5 1.0 0.55 0.94 0.58 
0.84 0.65 0.99 0.89 0.69 1.0 0.72 0.79 0.99 0.91 0.83 0.96 0.75 0.87 0.98 0.97 1.0 0.65 0.7 0.77 1.0 0.77 0.97 0.97 0.8 0.93 0.72 0.93 0.91 1.0 1.0 0.82 1.0 0.68 0.68 0.82 0.97 0.68 0.55 0.8 1.0 0.57 0.98 0.54 0.69 0.87 0.6 0.51 0.69 0.61 1.0 0.69 0.68 0.55 0.63 0.72 0.91 0.78 0.93 0.77 0.72 0.51 0.79 0.64 0.68 0.84 1.0 0.57 0.78 0.62 0.7 1.0 0.55 0.94 0.77 0.88 1.0 0.74 0.72 0.61 0.69 0.64 0.56 0.6 0.86 1.0 0.67 0.62 0.78 1.0 0.88 0.62 1.0 0.89 1.0 0.89 0.58 0.57 0.8 0.96 
0.44 0.13 0.26 0.35 0.48 0.27 0.27 0.24 0.45 0.35 0.31 0.8 0.32 0.27 0.65 0.72 0.32 0.07 0.41 0.18 0.64 0.28 0.45 0.53 0.72 0.28 0.26 0.24 0.28 0.24 0.19 0.37 0.48 0.16 0.33 0.72 0.33 0.42 0.12 0.21 0.24 0.13 0.52 0.34 0.36 0.14 0.26 0.24 0.47 0.18 0.58 0.26 0.41 0.1 0.27 0.26 0.27 0.25 0.3 0.5 0.45 0.25 0.35 0.25 0.35 0.51 0.26 0.12 0.19 0.23 0.17 0.46 0.15 0.27 0.34 0.2 0.8 0.23 0.24 0.42 0.22 0.2 0.12 0.28 0.17 0.33 0.09 0.24 0.08 0.29 0.45 0.3 0.35 0.39 0.39 0.24 0.33 0.11 0.5 0.34 
1304.74 675.4 794.72 1463.39 2123.85 1515.18 1408.17 779.91 2542.97 1449.72 1727.84 1398.72 1507.1 430.83 724.67 372.29 873.8 605.84 2454.75 695.65 862.52 962.69 1287.21 1652.03 1445.29 2001.12 2542.19 1405.91 746.11 861.63 1515.71 1422.67 1323.43 756.18 802.4 564.09 929.31 1987.94 836.66 677.27 1887.68 2512.93 1470.86 582.67 1497.03 1955.55 1742.47 845.76 1188.85 649.28 739.67 1577.68 1902.82 1190.09 1474.28 480.17 1496.44 2493.13 1688.67 877.69 1497.69 1435.7 2210.72 703.42 1208.92 768.99 974.58 1406.45 840.74 1356.47 292.21 644.02 808.45 1107.76 541.23 1000.65 1530.12 1396.37 1221.23 519.46 1181.49 780.18 791.86 1529.13 1400.11 1636.47 2097.54 1114.04 1463.68 1525.98 591.3 2033.5 926.74 1360.25 754.8 641.06 1688.48 289.98 1364.65 2234.1 
623.39 98.26 219.37 523.58 1098.67 426.26 392.3 173.22 1141.84 474.67 582.09 1075.85 461.04 110.1 458.33 264.0 253.83 41.3 1039.32 126.37 510.82 231.35 588.57 839.55 1038.14 606.28 656.95 328.67 221.64 230.07 280.43 565.77 681.48 133.57 267.54 418.61 341.97 880.04 103.74 144.75 434.0 286.95 744.99 197.25 472.28 368.82 501.54 163.67 516.18 100.51 385.69 463.5 686.53 154.5 412.97 127.35 318.17 750.43 473.72 456.44 655.89 337.74 762.27 214.41 444.26 386.91 320.85 173.66 182.19 331.28 57.77 300.62 96.93 312.51 158.65 195.85 1179.34 296.15 250.1 209.45 245.65 156.85 76.87 454.67 255.75 541.31 247.36 232.55 127.2 473.88 313.48 557.57 272.88 543.6 303.82 149.06 642.14 24.7 709.49 629.54 
6023.69 2876.98 3473.62 6816.97 10119.26 7075.92 6540.84 3399.53 12214.85 6748.59 8139.22 6493.62 7035.5 1654.13 3123.37 1361.46 3868.98 2529.19 11773.76 2978.27 3812.62 4313.45 5936.03 7760.16 6726.45 9505.6 12210.96 6529.54 3230.53 3808.17 7078.53 6613.33 6117.17 3280.9 3512.01 2320.45 4146.56 9439.72 3683.3 2886.37 8938.42 12064.65 6854.3 2413.36 6985.15 9277.77 8212.36 3728.78 5444.26 2746.41 3198.34 7388.39 9014.1 5450.45 6871.42 1900.85 6982.2 11965.64 7943.37 3888.44 6988.46 6678.49 10553.62 3017.11 5544.62 3344.94 4372.9 6532.23 3703.71 6282.33 961.03 2720.12 3542.23 5038.8 2206.14 4503.26 7150.6 6481.85 5606.15 2097.32 5407.46 3400.88 3459.32 7145.63 6500.55 7682.34 9987.72 5070.2 6818.42 7129.91 2456.48 9667.52 4133.7 6301.27 3274.02 2705.3 7942.38 949.91 6323.26 10670.48 
2616.97 -8.71 596.86 2117.92 4993.37 1631.29 1461.49 366.11 5209.2 1873.35 2410.46 4879.23 1805.2 50.52 1791.67 820.02 769.13 -293.5 4696.62 131.87 2054.08 656.77 2442.84 3697.73 4690.68 2531.42 2784.74 1143.34 608.2 650.35 902.16 2328.85 2907.41 167.86 837.7 1593.06 1209.85 3900.18 18.68 223.73 1670.02 934.76 3224.94 486.26 1861.41 1344.08 2007.72 318.33 2080.91 2.55 1428.45 1817.48 2932.63 272.5 1564.85 136.75 1090.86 3252.14 1868.58 1782.19 2779.44 1188.71 3311.35 572.03 1721.29 1434.53 1104.25 368.28 410.96 1156.39 -211.14 1003.1 -15.35 1062.57 293.23 479.23 5396.69 980.75 750.49 547.27 728.25 284.24 -115.65 1773.37 778.75 2206.53 736.82 662.77 135.98 1869.4 1067.4 2287.86 864.38 2218.01 1019.11 245.31 2710.68 -376.48 3047.43 2647.68 
135.82 69.21 103.37 114.86 164.67 187.06 136.18 136.02 166.61 187.0 135.03 188.52 101.21 165.39 154.24 135.09 154.19 157.51 164.39 111.73 101.06 98.93 136.57 127.56 63.42 83.31 165.46 129.21 150.97 152.66 134.79 121.03 86.69 95.99 136.98 168.43 103.21 165.21 112.12 127.34 166.88 124.67 101.11 75.61 171.51 164.85 100.77 154.68 179.79 185.27 77.15 185.33 165.41 188.31 136.79 178.1 67.88 123.27 132.54 95.83 175.04 89.73 124.98 68.92 131.17 146.9 115.6 136.25 114.75 133.95 175.41 176.82 66.82 126.0 114.16 122.91 187.83 68.06 182.4 170.0 173.25 135.52 160.68 187.74 135.14 171.07 164.35 134.64 178.44 91.04 151.83 124.3 67.26 179.87 191.9 178.49 101.35 83.09 123.42 165.11 
14 4 9 10 17 20 14 14 17 20 14 20 9 17 16 12 16 16 17 10 9 9 14 12 4 5 17 12 16 16 14 11 6 9 14 18 9 17 10 13 17 11 9 5 18 17 9 16 19 19 5 19 17 20 14 19 4 11 12 9 18 6 11 4 12 15 11 14 10 14 18 18 4 11 10 11 20 4 19 18 18 14 17 20 14 18 17 14 19 6 16 11 4 19 20 19 9 5 11 17 
118 96 51 63 12 113 32 31 18 66 99 2 52 116 86 78 23 51 94 74 101 113 90 110 40 7 99 13 93 108 42 61 17 67 23 97 73 15 55 104 63 60 0 39 27 56 99 75 46 83 25 63 31 9 2 48 30 82 35 77 85 65 57 4 29 18 114 113 89 113 99 7 25 25 53 69 56 6 42 98 56 90 58 8 74 14 22 54 16 80 105 61 104 13 61 14 60 68 84 88 
120 120 120 120 108 120 97 54 81 120 120 58 120 120 120 112 55 90 120 120 120 120 120 120 102 43 120 119 120 120 79 97 77 110 71 120 120 88 76 120 120 120 30 84 106 108 120 120 120 104 84 120 74 67 58 119 120 120 120 100 120 120 108 22 120 52 120 120 120 120 120 43 120 105 120 120 120 42 71 120 120 120 107 93 120 46 87 120 87 120 120 120 120 45 110 39 120 120 120 120 
10
0.0 0.0 0.0 0.0 0.0 0.0 0.0 0.0 0.0 0.0 
0.0 100.0 0.0 0.0 0.0 0.0 100.0 0.0 0.0 0.0 
0 7 0 0 0 0 7 0 0 0 5 5 8 5 4 6 5 6 8 5 5 5 6 7 5 9 2 2 6 8 7 3 3 7 6 3 6 4 4 5 2 8 2 5 5 5 1 5 2 5 5 5 7 4 5 1 5 2 5 3 7 5 5 6 5 5 4 7 6 5 4 6 6 4 6 5 5 6 7 6 5 3 2 8 5 8 7 6 4 5 3 5 2 4 4 4 6 5 5 6 4 1 6 5 4 4 7 6 3 6 
7 0 7 7 7 7 0 7 7 7 7 1 7 3 5 2 7 4 5 5 2 7 2 5 5 6 6 5 5 6 7 6 6 7 1 4 2 2 6 6 6 6 5 1 2 7 6 2 4 6 7 3 7 2 5 6 4 6 5 4 6 2 4 4 4 5 3 8 2 3 7 8 2 3 8 8 2 4 9 3 5 6 5 6 3 6 5 6 6 4 6 8 5 7 3 5 2 4 4 7 4 5 8 6 7 6 7 1 3 5 
0 7 0 0 0 0 7 0 0 0 5 5 8 5 4 6 5 6 8 5 5 5 6 7 5 9 2 2 6 8 7 3 3 7 6 3 6 4 4 5 2 8 2 5 5 5 1 5 2 5 5 5 7 4 5 1 5 2 5 3 7 5 5 6 5 5 4 7 6 5 4 6 6 4 6 5 5 6 7 6 5 3 2 8 5 8 7 6 4 5 3 5 2 4 4 4 6 5 5 6 4 1 6 5 4 4 7 6 3 6 
0 7 0 0 0 0 7 0 0 0 5 5 8 5 4 6 5 6 8 5 5 5 6 7 5 9 2 2 6 8 7 3 3 7 6 3 6 4 4 5 2 8 2 5 5 5 1 5 2 5 5 5 7 4 5 1 5 2 5 3 7 5 5 6 5 5 4 7 6 5 4 6 6 4 6 5 5 6 7 6 5 3 2 8 5 8 7 6 4 5 3 5 2 4 4 4 6 5 5 6 4 1 6 5 4 4 7 6 3 6 
0 7 0 0 0 0 7 0 0 0 5 5 8 5 4 6 5 6 8 5 5 5 6 7 5 9 2 2 6 8 7 3 3 7 6 3 6 4 4 5 2 8 2 5 5 5 1 5 2 5 5 5 7 4 5 1 5 2 5 3 7 5 5 6 5 5 4 7 6 5 4 6 6 4 6 5 5 6 7 6 5 3 2 8 5 8 7 6 4 5 3 5 2 4 4 4 6 5 5 6 4 1 6 5 4 4 7 6 3 6 
0 7 0 0 0 0 7 0 0 0 5 5 8 5 4 6 5 6 8 5 5 5 6 7 5 9 2 2 6 8 7 3 3 7 6 3 6 4 4 5 2 8 2 5 5 5 1 5 2 5 5 5 7 4 5 1 5 2 5 3 7 5 5 6 5 5 4 7 6 5 4 6 6 4 6 5 5 6 7 6 5 3 2 8 5 8 7 6 4 5 3 5 2 4 4 4 6 5 5 6 4 1 6 5 4 4 7 6 3 6 
7 0 7 7 7 7 0 7 7 7 7 1 7 3 5 2 7 4 5 5 2 7 2 5 5 6 6 5 5 6 7 6 6 7 1 4 2 2 6 6 6 6 5 1 2 7 6 2 4 6 7 3 7 2 5 6 4 6 5 4 6 2 4 4 4 5 3 8 2 3 7 8 2 3 8 8 2 4 9 3 5 6 5 6 3 6 5 6 6 4 6 8 5 7 3 5 2 4 4 7 4 5 8 6 7 6 7 1 3 5 
0 7 0 0 0 0 7 0 0 0 5 5 8 5 4 6 5 6 8 5 5 5 6 7 5 9 2 2 6 8 7 3 3 7 6 3 6 4 4 5 2 8 2 5 5 5 1 5 2 5 5 5 7 4 5 1 5 2 5 3 7 5 5 6 5 5 4 7 6 5 4 6 6 4 6 5 5 6 7 6 5 3 2 8 5 8 7 6 4 5 3 5 2 4 4 4 6 5 5 6 4 1 6 5 4 4 7 6 3 6 
0 7 0 0 0 0 7 0 0 0 5 5 8 5 4 6 5 6 8 5 5 5 6 7 5 9 2 2 6 8 7 3 3 7 6 3 6 4 4 5 2 8 2 5 5 5 1 5 2 5 5 5 7 4 5 1 5 2 5 3 7 5 5 6 5 5 4 7 6 5 4 6 6 4 6 5 5 6 7 6 5 3 2 8 5 8 7 6 4 5 3 5 2 4 4 4 6 5 5 6 4 1 6 5 4 4 7 6 3 6 
0 7 0 0 0 0 7 0 0 0 5 5 8 5 4 6 5 6 8 5 5 5 6 7 5 9 2 2 6 8 7 3 3 7 6 3 6 4 4 5 2 8 2 5 5 5 1 5 2 5 5 5 7 4 5 1 5 2 5 3 7 5 5 6 5 5 4 7 6 5 4 6 6 4 6 5 5 6 7 6 5 3 2 8 5 8 7 6 4 5 3 5 2 4 4 4 6 5 5 6 4 1 6 5 4 4 7 6 3 6 
5 7 5 5 5 5 7 5 5 5 0 5 3 3 1 5 0 3 4 1 4 0 4 3 2 4 3 2 2 4 2 2 1 2 5 4 5 5 0 0 2 3 3 6 4 0 4 4 4 0 0 3 2 4 1 3 3 3 2 3 2 4 3 3 2 1 4 1 5 3 0 1 4 4 1 1 5 3 2 4 1 1 3 3 3 4 4 1 1 3 1 0 2 0 3 1 5 2 2 0 3 4 1 1 0 1 2 5 5 2 
5 1 5 5 5 5 1 5 5 5 5 0 6 1 3 1 6 3 4 3 1 5 1 3 3 5 4 4 3 5 5 4 4 6 0 2 1 1 4 4 4 5 3 0 0 5 4 0 2 5 5 1 5 1 4 4 2 4 3 2 5 0 2 3 2 4 1 6 1 1 5 6 1 1 7 6 0 2 7 2 4 4 3 5 1 5 4 5 4 2 4 6 3 5 1 4 0 2 2 6 2 3 6 4 5 4 6 0 2 3 
8 7 8 8 8 8 7 8 8 8 3 6 0 4 3 5 3 3 2 3 5 2 4 2 3 1 6 5 2 1 1 4 4 0 5 6 5 6 3 3 5 0 5 6 5 3 7 5 6 2 3 4 0 5 3 6 4 5 2 5 1 5 3 2 3 2 5 1 4 4 4 3 4 5 2 3 6 3 3 3 2 4 6 1 4 1 2 1 4 3 4 4 5 3 5 4 5 3 3 2 4 6 2 2 4 4 1 5 6 2 
5 3 5 5 5 5 3 5 5 5 3 1 4 0 2 1 4 1 3 1 0 3 1 2 1 4 3 2 2 4 4 2 2 4 2 2 1 2 2 2 3 4 2 2 0 3 3 1 2 3 3 0 4 1 2 3 0 3 1 1 3 1 0 2 0 2 1 4 1 0 3 4 1 1 5 4 2 1 5 1 2 3 2 4 0 4 2 3 3 1 3 4 2 3 0 2 1 0 0 4 0 3 4 3 4 3 4 1 2 2 
4 5 4 4 4 4 5 4 4 4 1 3 3 2 0 3 2 2 3 0 2 1 3 2 0 4 2 2 1 3 2 1 1 3 4 2 3 4 0 0 2 3 2 4 3 1 3 3 3 1 1 2 3 3 0 2 1 2 0 2 2 3 1 2 1 0 2 2 3 2 1 2 3 3 3 2 3 2 3 3 0 1 2 3 2 4 3 1 1 1 1 2 2 1 2 0 3 1 1 2 1 3 2 1 2 1 3 4 3 1 
6 2 6 6 6 6 2 6 6 6 5 1 5 1 3 0 5 2 3 3 1 5 0 3 3 4 5 4 3 4 5 4 4 5 0 3 0 2 4 4 4 4 4 1 1 5 5 0 3 4 5 1 4 1 3 5 1 4 3 2 4 0 1 2 2 3 1 6 0 1 5 6 0 2 6 6 1 1 7 1 3 4 4 4 1 4 2 4 4 2 4 6 4 5 1 4 0 2 2 5 2 4 5 4 5 4 5 0 3 3 
5 7 5 5 5 5 7 5 5 5 0 6 3 4 2 5 0 4 5 2 4 1 5 4 2 5 3 3 3 4 2 2 2 2 6 4 5 6 1 1 3 3 3 6 5 0 4 5 5 1 0 4 3 5 2 3 3 3 2 4 2 5 4 3 3 2 4 1 5 4 0 0 5 5 1 0 5 4 1 5 2 1 3 4 4 5 4 2 1 3 1 0 3 0 4 2 5 3 3 0 3 4 0 1 0 1 2 6 5 3 
6 4 6 6 6 6 4 6 6 6 3 3 3 1 2 2 4 0 1 2 2 3 1 0 2 2 5 4 1 2 3 4 3 3 2 4 2 4 3 3 4 2 4 3 2 4 5 2 4 3 4 1 2 3 2 5 1 4 1 3 2 2 1 0 1 2 2 4 1 1 4 4 1 3 4 4 3 0 5 0 2 4 4 2 1 2 0 2 4 1 4 4 4 4 2 3 2 1 1 4 2 5 4 2 4 4 3 2 4 1 
8 5 8 8 8 8 5 8 8 8 4 4 2 3 3 3 5 1 0 3 3 4 2 0 3 1 6 5 1 1 3 5 4 3 3 5 3 5 4 4 6 1 5 5 3 4 6 3 6 3 4 3 2 4 3 6 3 5 2 4 2 3 2 1 2 3 4 4 2 3 5 5 2 4 5 5 4 1 5 1 3 5 5 1 3 1 0 3 4 2 5 5 5 5 4 4 3 2 2 4 3 6 4 3 5 4 3 4 5 1 
5 5 5 5 5 5 5 5 5 5 1 3 3 1 0 3 2 2 3 0 2 1 3 2 0 4 3 2 1 3 2 1 1 3 3 2 3 4 1 1 2 3 2 4 2 2 3 3 3 1 1 1 2 2 0 3 1 2 0 2 2 2 1 2 1 0 2 2 3 1 2 2 2 2 3 2 3 1 3 2 0 1 2 3 1 3 3 1 1 1 1 2 2 1 2 0 3 1 1 2 1 3 2 1 2 1 3 3 3 1 
5 2 5 5 5 5 2 5 5 5 4 1 5 0 2 1 4 2 3 2 0 4 1 3 2 5 4 3 2 4 4 3 3 5 1 2 1 1 3 3 3 4 2 1 0 4 4 0 2 4 4 0 4 0 3 4 1 3 2 1 4 0 1 2 1 3 0 5 1 0 4 5 1 1 5 5 1 1 6 1 3 3 3 4 0 4 3 4 3 1 3 5 3 4 0 3 0 1 1 5 1 3 5 3 4 3 5 1 2 2 
5 7 5 5 5 5 7 5 5 5 0 5 2 3 1 5 1 3 4 1 4 0 4 3 2 3 3 3 2 3 1 2 2 1 5 4 5 5 1 0 3 2 4 6 4 0 4 4 5 0 0 3 2 4 1 3 3 3 1 3 1 4 3 2 2 1 4 1 4 3 1 1 4 4 1 1 5 3 2 4 1 2 3 3 3 3 3 0 1 2 2 1 3 1 4 1 5 2 2 0 3 4 0 0 1 1 1 5 5 2 
6 2 6 6 6 6 2 6 6 6 4 1 4 1 3 0 5 1 2 3 1 4 0 2 2 4 4 4 2 4 4 4 3 5 1 3 0 2 4 4 4 4 3 2 1 5 5 0 3 4 4 1 4 1 3 5 1 4 2 2 3 0 1 2 1 3 1 5 0 1 5 5 0 2 6 5 2 1 6 1 3 4 4 4 1 4 2 4 4 1 4 5 4 5 1 3 0 1 2 5 2 4 5 4 5 4 5 1 3 2 
7 5 7 7 7 7 5 7 7 7 3 3 2 2 2 3 4 0 0 2 3 3 2 0 2 1 5 4 1 1 2 4 3 2 3 4 3 5 3 3 5 1 4 4 3 3 6 3 5 2 3 2 2 3 2 5 2 5 1 3 1 3 1 0 2 2 3 3 2 2 4 4 2 4 4 4 4 1 5 1 2 4 5 1 2 1 0 2 4 1 4 4 4 4 3 3 3 2 2 3 3 5 3 2 4 4 3 3 5 0 
5 5 5 5 5 5 5 5 5 5 2 3 3 1 0 3 2 2 3 0 2 2 2 2 0 4 3 2 1 3 2 1 1 3 3 2 3 3 1 1 2 3 2 4 2 2 3 2 3 1 2 1 3 2 0 3 1 2 0 2 2 2 1 1 0 0 2 3 2 1 2 3 2 2 3 3 3 1 4 2 0 2 2 3 1 3 2 2 1 1 2 3 2 2 1 1 3 0 0 2 1 3 2 1 2 1 3 3 3 1 
9 6 9 9 9 9 6 9 9 9 4 5 1 4 4 4 5 2 1 4 5 3 4 1 4 0 7 6 2 0 2 5 5 2 5 6 4 6 4 4 6 1 6 6 5 4 7 4 7 3 4 4 1 5 4 7 4 6 3 5 2 5 3 2 4 3 5 3 4 4 5 4 4 6 4 5 6 3 5 3 3 5 6 0 4 0 1 3 5 3 5 5 6 5 5 4 5 4 3 4 5 7 4 3 5 5 2 5 7 2 
2 6 2 2 2 2 6 2 2 2 3 4 6 3 2 5 3 5 6 3 4 3 4 5 3 7 0 0 4 6 5 1 1 5 5 2 5 3 2 3 0 6 1 4 4 3 1 4 2 3 3 3 5 3 3 0 3 0 3 2 5 4 4 4 3 3 3 5 5 3 2 4 4 3 4 3 4 4 5 5 3 1 0 6 3 6 6 4 2 4 1 3 0 2 3 2 4 3 3 4 2 1 4 3 2 2 5 4 3 4 
2 5 2 2 2 2 5 2 2 2 2 4 5 2 2 4 3 4 5 2 3 3 4 4 2 6 0 0 3 6 4 0 1 5 4 1 4 3 2 2 0 5 0 4 3 2 1 3 2 3 2 3 5 3 2 0 2 0 3 1 4 3 3 4 2 3 2 4 4 3 2 3 4 2 4 3 3 3 4 4 2 1 0 5 3 6 5 3 1 3 1 2 0 2 2 1 4 2 2 3 2 1 3 3 2 1 5 4 2 3 
6 5 6 6 6 6 5 6 6 6 2 3 2 2 1 3 3 1 1 1 2 2 2 1 1 2 4 3 0 2 2 3 2 2 3 4 3 4 2 2 4 1 4 4 2 3 5 2 4 2 2 1 1 3 1 4 1 4 0 3 1 2 1 0 1 1 3 2 2 1 3 3 2 3 3 3 4 1 4 1 1 3 4 2 2 2 1 1 2 0 3 3 3 3 2 2 3 1 1 3 2 4 3 1 3 2 2 3 4 0 
8 6 8 8 8 8 6 8 8 8 4 5 1 4 3 4 4 2 1 3 4 3 4 1 3 0 6 6 2 0 2 5 5 2 5 6 4 6 4 4 6 1 6 6 4 4 7 4 6 3 4 3 1 5 3 6 3 6 3 5 1 4 3 2 3 3 5 3 3 4 5 4 3 5 4 5 5 2 5 2 3 5 6 0 4 0 1 2 5 3 5 5 6 5 4 4 4 3 3 4 4 7 4 3 5 5 2 5 6 2 
7 7 7 7 7 7 7 7 7 7 2 5 1 4 2 5 2 3 3 2 4 1 4 2 2 2 5 4 2 2 0 3 3 0 5 5 5 6 2 2 4 1 5 6 5 2 6 5 6 1 2 3 0 5 2 5 3 4 2 4 0 5 3 2 3 1 5 1 4 3 3 2 4 5 1 2 6 3 2 4 2 3 5 2 4 2 3 0 3 2 3 2 4 2 4 3 5 3 3 1 4 6 1 1 3 3 0 5 6 2 
3 6 3 3 3 3 6 3 3 3 2 4 4 2 1 4 2 4 5 1 3 2 4 4 1 5 1 0 3 5 3 0 0 4 4 2 4 3 1 1 0 4 1 4 3 2 2 3 2 2 2 2 4 3 1 1 2 1 2 2 3 3 3 3 2 2 3 3 4 2 1 3 4 2 3 2 4 3 4 4 2 0 1 5 2 5 4 3 0 2 0 2 0 1 2 0 4 2 2 2 2 2 3 2 1 1 4 4 3 3 
3 6 3 3 3 3 6 3 3 3 1 4 4 2 1 4 2 3 4 1 3 2 3 3 1 5 1 1 2 5 3 0 0 3 4 2 4 4 0 1 1 4 1 4 3 1 2 3 3 1 1 2 3 3 1 1 2 1 1 2 3 3 2 3 2 1 3 3 4 2 1 2 3 3 3 2 4 3 3 4 1 0 1 4 2 5 4 2 0 2 0 2 1 1 2 0 4 2 2 2 2 2 2 2 1 0 3 4 3 2 
7 7 7 7 7 7 7 7 7 7 2 6 0 4 3 5 2 3 3 3 5 1 5 2 3 2 5 5 2 2 0 4 3 0 6 5 5 6 3 2 5 1 5 6 5 2 6 5 6 1 2 4 0 5 2 5 4 5 2 5 1 5 3 2 3 2 5 1 5 4 3 2 4 5 1 3 6 3 2 4 2 3 5 1 4 2 3 1 3 3 4 3 5 3 5 3 5 3 3 2 4 6 1 1 3 3 0 6 6 2 
6 1 6 6 6 6 1 6 6 6 5 0 5 2 4 0 6 2 3 3 1 5 1 3 3 5 5 4 3 5 5 4 4 6 0 3 0 2 4 5 5 5 4 1 1 6 5 0 3 5 5 2 5 1 4 5 2 4 3 2 4 1 2 3 2 4 1 6 1 2 6 6 1 2 7 6 1 2 7 2 4 5 4 5 2 5 3 5 5 2 5 6 4 5 2 4 0 2 2 6 2 4 6 5 6 5 6 0 2 3 
3 4 3 3 3 3 4 3 3 3 4 2 6 2 2 3 4 4 5 2 2 4 3 4 2 6 2 1 4 6 5 2 2 5 3 0 3 1 3 3 1 5 0 2 2 4 1 2 0 4 4 2 5 1 3 2 2 1 3 0 5 2 3 4 2 3 1 5 3 2 3 5 3 1 5 4 2 3 6 4 3 2 1 6 2 6 5 4 3 3 2 4 1 3 1 2 3 2 2 5 1 1 5 4 4 3 5 3 1 4 
6 2 6 6 6 6 2 6 6 6 5 1 5 1 3 0 5 2 3 3 1 5 0 3 3 4 5 4 3 4 5 4 4 5 0 3 0 2 4 4 4 4 3 1 1 5 5 0 3 4 5 1 5 1 3 5 1 4 3 2 4 0 1 2 2 3 1 6 0 1 5 6 0 2 6 6 1 2 7 1 3 4 4 4 1 4 3 4 4 2 4 6 4 5 1 4 0 2 2 5 2 4 5 4 5 4 5 0 3 3 
4 2 4 4 4 4 2 4 4 4 5 1 6 2 4 2 6 4 5 4 1 5 2 5 3 6 3 3 4 6 6 3 4 6 2 1 2 0 4 4 3 6 2 1 1 5 3 2 1 5 5 2 6 1 4 3 2 3 4 1 5 1 3 4 3 4 1 6 2 2 5 6 2 1 7 6 0 3 7 3 4 4 3 6 2 6 5 5 4 3 4 6 3 5 1 3 2 3 3 6 2 2 6 5 5 4 6 1 0 4 
4 6 4 4 4 4 6 4 4 4 0 4 3 2 0 4 1 3 4 1 3 1 4 3 1 4 2 2 2 4 2 1 0 3 4 3 4 4 0 0 2 3 2 5 3 1 3 4 4 1 0 2 3 3 0 2 2 2 1 2 2 3 2 3 2 1 3 2 4 2 1 2 4 3 2 1 4 3 3 3 1 0 2 4 2 4 4 1 0 2 1 1 2 0 3 0 4 2 2 1 2 3 1 1 1 0 2 4 4 2 
5 6 5 5 5 5 6 5 5 5 0 4 3 2 0 4 1 3 4 1 3 0 4 3 1 4 3 2 2 4 2 1 1 2 5 3 4 4 0 0 2 3 3 5 3 0 4 4 4 0 0 2 2 3 0 3 2 2 1 3 2 3 2 2 2 1 3 2 4 2 1 1 4 3 2 1 4 2 2 3 0 1 3 3 3 4 3 1 1 2 1 1 2 1 3 1 4 2 2 1 2 4 1 0 1 1 2 4 4 2 
2 6 2 2 2 2 6 2 2 2 2 4 5 3 2 4 3 4 6 2 3 3 4 5 2 6 0 0 4 6 4 0 1 5 5 1 4 3 2 2 0 5 1 4 3 3 1 4 2 3 2 3 5 3 2 0 3 0 3 2 4 3 3 4 3 3 3 4 4 3 2 4 4 2 4 3 4 4 4 5 3 1 0 6 3 6 5 4 1 3 1 2 0 2 2 1 4 3 3 3 2 1 3 3 2 1 5 4 2 4 
8 6 8 8 8 8 6 8 8 8 3 5 0 4 3 4 3 2 1 3 4 2 4 1 3 1 6 5 1 1 1 4 4 1 5 5 4 6 3 3 5 0 5 6 4 3 7 4 6 2 3 3 0 5 3 6 3 5 2 5 1 4 3 2 3 2 5 2 4 3 4 3 4 5 3 4 5 2 4 3 2 4 5 0 3 1 1 1 4 2 4 4 5 4 4 4 4 3 3 3 4 6 3 2 4 4 1 5 6 1 
2 5 2 2 2 2 5 2 2 2 3 3 5 2 2 4 3 4 5 2 2 4 3 4 2 6 1 0 4 6 5 1 1 5 4 0 3 2 2 3 1 5 0 3 2 3 1 3 1 3 3 2 5 2 2 1 2 1 3 1 4 3 3 4 2 3 2 5 4 2 3 4 3 1 5 4 2 3 5 4 3 2 0 6 2 6 5 4 2 3 2 3 0 3 2 2 3 2 2 4 1 0 4 3 3 2 5 3 1 4 
5 1 5 5 5 5 1 5 5 5 6 0 6 2 4 1 6 3 5 4 1 6 2 4 4 6 4 4 4 6 6 4 4 6 1 2 1 1 5 5 4 6 3 0 1 6 4 1 2 5 6 2 6 1 4 4 2 4 4 2 5 1 3 4 3 4 1 7 2 2 6 7 2 1 7 6 0 3 8 3 4 5 4 6 2 6 4 5 5 3 5 6 4 5 2 4 1 3 3 6 2 3 6 5 6 5 7 1 1 4 
5 2 5 5 5 5 2 5 5 5 4 0 5 0 3 1 5 2 3 2 0 4 1 3 2 5 4 3 2 4 5 3 3 5 1 2 1 1 3 3 3 4 2 1 0 4 4 0 2 4 4 1 4 0 3 4 1 3 2 1 4 0 1 2 1 3 0 5 1 1 4 5 1 1 6 5 1 1 6 1 3 4 3 4 0 4 3 4 4 2 4 5 3 4 0 3 0 1 1 5 1 3 5 4 5 4 5 1 2 2 
5 7 5 5 5 5 7 5 5 5 0 5 3 3 1 5 0 4 4 2 4 0 5 3 2 4 3 2 3 4 2 2 1 2 6 4 5 5 1 0 3 3 3 6 4 0 4 5 5 1 0 3 3 4 1 3 3 3 2 3 2 4 3 3 3 1 4 1 5 3 0 0 5 4 1 0 5 3 2 4 1 1 3 4 3 4 4 1 1 3 1 0 3 0 4 1 5 3 3 0 3 4 0 1 0 1 2 5 5 3 
1 6 1 1 1 1 6 1 1 1 4 4 7 3 3 5 4 5 6 3 4 4 5 6 3 7 1 1 5 7 6 2 2 6 5 1 5 3 3 4 1 7 1 4 4 4 0 4 1 4 4 4 6 3 3 0 3 1 4 2 5 4 4 5 4 4 3 6 5 4 3 5 5 2 6 4 4 5 6 5 4 2 1 7 4 7 6 5 3 4 2 4 1 3 3 3 5 4 4 5 3 0 5 4 3 3 6 4 2 5 
5 2 5 5 5 5 2 5 5 5 4 0 5 1 3 0 5 2 3 3 0 4 0 3 2 4 4 3 2 4 5 3 3 5 0 2 0 2 4 4 4 4 3 1 0 5 4 0 3 4 4 1 4 1 3 4 1 4 3 2 4 0 1 2 2 3 1 5 0 1 5 5 0 1 6 5 1 1 6 1 3 4 3 4 1 4 3 4 4 2 4 5 3 4 1 3 0 1 2 5 1 3 5 4 5 4 5 0 2 2 
2 4 2 2 2 2 4 2 2 2 4 2 6 2 3 3 5 4 6 3 2 5 3 5 3 7 2 2 4 6 6 2 3 6 3 0 3 1 4 4 2 6 1 2 2 5 1 3 0 5 4 3 6 2 3 2 3 2 4 1 5 2 3 4 3 4 2 6 4 3 4 6 3 1 6 5 2 4 7 4 4 3 1 6 2 7 5 5 3 3 3 5 2 4 2 3 3 3 3 5 2 1 5 5 4 3 6 3 0 4 
5 6 5 5 5 5 6 5 5 5 0 5 2 3 1 4 1 3 3 1 4 0 4 2 1 3 3 3 2 3 1 2 1 1 5 4 4 5 1 0 3 2 3 5 4 1 4 4 5 0 0 3 2 4 1 3 2 3 1 3 1 4 2 2 2 1 4 1 4 3 1 1 4 4 1 1 5 2 2 3 1 2 3 3 3 3 3 0 1 2 2 1 3 1 3 1 4 2 2 1 3 4 1 0 1 1 1 5 5 2 
5 7 5 5 5 5 7 5 5 5 0 5 3 3 1 5 0 4 4 1 4 0 4 3 2 4 3 2 2 4 2 2 1 2 5 4 5 5 0 0 2 3 3 6 4 0 4 4 4 0 0 3 3 4 1 3 3 3 2 3 2 4 3 3 2 1 4 1 5 3 0 1 4 4 1 0 5 3 2 4 1 1 3 4 3 4 4 1 1 3 1 0 2 0 4 1 5 3 2 0 3 4 0 1 0 1 2 5 5 3 
5 3 5 5 5 5 3 5 5 5 3 1 4 0 2 1 4 1 3 1 0 3 1 2 1 4 3 3 1 3 3 2 2 4 2 2 1 2 2 2 3 3 2 2 1 3 4 1 3 3 3 0 3 1 2 3 0 3 1 1 3 1 0 1 0 2 1 4 1 0 3 4 1 1 5 4 2 1 5 1 2 3 3 3 0 4 2 3 3 1 3 4 2 3 0 2 1 0 0 4 0 3 4 3 4 3 4 1 2 1 
7 7 7 7 7 7 7 7 7 7 2 5 0 4 3 4 3 2 2 2 4 2 4 2 3 1 5 5 1 1 0 4 3 0 5 5 5 6 3 2 5 0 5 6 4 3 6 4 6 2 3 3 0 5 2 5 3 5 2 4 0 4 3 2 3 2 5 1 4 3 3 2 4 5 2 3 6 3 3 3 2 4 5 1 4 1 2 1 3 2 4 3 5 3 4 3 5 3 3 2 4 6 2 1 3 3 1 5 6 2 
4 2 4 4 4 4 2 4 4 4 4 1 5 1 3 1 5 3 4 2 0 4 1 3 2 5 3 3 3 5 5 3 3 5 1 1 1 1 3 3 3 5 2 1 0 4 3 1 2 4 4 1 5 0 3 3 1 3 3 1 4 0 2 3 2 3 0 5 2 1 4 5 1 0 6 5 0 2 6 2 3 3 2 5 1 5 4 4 3 2 3 5 2 4 0 3 1 1 2 5 1 2 5 4 4 3 5 1 1 3 
5 5 5 5 5 5 5 5 5 5 1 4 3 2 0 3 2 2 3 0 3 1 3 2 0 4 3 2 1 3 2 1 1 2 4 3 3 4 0 0 2 3 2 4 3 1 3 3 3 1 1 2 2 3 0 3 1 2 0 2 2 3 2 2 1 0 3 2 3 2 1 2 3 3 2 2 4 2 3 3 0 1 2 3 2 3 3 1 1 1 1 2 2 1 2 0 3 1 1 2 2 3 2 1 2 1 2 4 4 1 
1 6 1 1 1 1 6 1 1 1 3 4 6 3 2 5 3 5 6 3 4 3 5 5 3 7 0 0 4 6 5 1 1 5 5 2 5 3 2 3 0 6 1 4 4 3 0 4 2 3 3 3 5 3 3 0 3 0 3 2 5 4 4 5 3 3 3 5 5 3 2 4 4 3 5 3 4 4 5 5 3 1 0 6 3 7 6 4 2 4 1 3 0 2 3 2 5 3 3 4 2 1 4 4 2 2 5 5 3 4 
5 4 5 5 5 5 4 5 5 5 3 2 4 0 1 1 3 1 3 1 1 3 1 2 1 4 3 2 1 3 3 2 2 4 2 2 1 2 2 2 3 3 2 2 1 3 3 1 3 2 3 0 3 1 1 3 0 3 1 1 3 1 0 1 0 1 1 4 1 0 3 4 1 1 4 4 2 1 5 1 1 2 2 3 0 4 2 3 2 0 2 4 2 3 1 2 1 0 0 3 0 3 4 2 3 2 4 2 2 1 
2 6 2 2 2 2 6 2 2 2 3 4 5 3 2 4 3 4 5 2 3 3 4 5 2 6 0 0 4 6 4 1 1 5 4 1 4 3 2 2 0 5 1 4 3 3 1 4 2 3 3 3 5 3 2 0 3 0 3 1 4 3 3 4 3 3 3 4 4 3 2 4 4 2 4 3 3 4 5 4 3 1 0 6 3 6 5 4 1 3 1 3 0 2 2 1 4 3 3 3 2 1 4 3 2 1 5 4 2 4 
5 5 5 5 5 5 5 5 5 5 2 3 2 1 0 3 2 1 2 0 2 1 2 1 0 3 3 3 0 3 2 2 1 2 3 3 3 4 1 1 3 2 3 4 2 2 4 3 4 1 2 1 2 3 0 3 1 3 0 2 1 2 1 1 1 0 2 2 3 1 2 2 2 3 3 3 3 1 3 2 0 2 3 2 1 3 2 1 2 1 2 2 2 2 2 1 3 1 0 2 2 4 2 1 2 2 2 3 4 1 
3 4 3 3 3 3 4 3 3 3 3 2 5 1 2 2 4 3 4 2 1 3 2 3 2 5 2 1 3 5 4 2 2 5 2 0 2 1 2 3 2 5 1 2 1 3 2 2 1 3 3 1 4 1 2 2 1 1 2 0 4 1 2 3 1 2 1 5 2 1 3 4 2 0 5 4 1 2 5 3 2 2 1 5 1 5 4 4 2 2 2 4 1 3 0 1 2 1 1 4 0 1 4 3 3 2 5 2 1 3 
7 6 7 7 7 7 6 7 7 7 2 5 1 3 2 4 2 2 2 2 4 1 3 1 2 2 5 4 1 1 0 3 3 1 4 5 4 5 2 2 4 1 4 5 4 2 5 4 5 1 2 3 0 4 2 5 3 4 1 4 0 4 2 1 2 1 4 1 3 3 3 2 3 4 2 3 5 2 3 3 1 3 4 1 3 2 2 0 3 2 3 3 4 3 4 2 4 2 2 2 3 5 2 1 3 3 1 5 5 1 
5 2 5 5 5 5 2 5 5 5 4 0 5 1 3 0 5 2 3 2 0 4 0 3 2 5 4 3 2 4 5 3 3 5 1 2 0 1 3 3 3 4 3 1 0 4 4 0 2 4 4 1 4 0 3 4 1 3 2 1 4 0 1 2 1 3 0 5 1 1 4 5 0 1 6 5 1 1 6 1 3 4 3 4 0 4 3 4 4 2 4 5 3 4 0 3 0 1 1 5 1 3 5 4 5 4 5 0 2 2 
5 4 5 5 5 5 4 5 5 5 3 2 3 0 1 1 4 1 2 1 1 3 1 1 1 3 4 3 1 3 3 3 2 3 2 3 1 3 2 2 3 3 3 3 1 3 4 1 3 2 3 0 3 2 2 4 0 3 1 2 2 1 0 1 0 1 1 4 1 0 3 4 1 2 4 4 2 0 5 1 1 3 3 3 0 3 1 2 3 0 3 4 3 3 1 2 2 0 0 3 1 4 4 2 4 3 3 2 3 1 
6 4 6 6 6 6 4 6 6 6 3 3 2 2 2 2 3 0 1 2 2 2 2 0 1 2 4 4 0 2 2 3 3 2 3 4 2 4 3 2 4 2 4 4 2 3 5 2 4 2 3 1 2 3 2 5 1 4 1 3 1 2 1 0 1 1 3 3 2 1 4 4 2 3 4 4 3 0 4 1 1 3 4 2 2 2 1 2 3 1 3 4 4 3 2 2 2 1 1 3 2 5 3 2 4 3 3 3 4 0 
5 4 5 5 5 5 4 5 5 5 2 2 3 0 1 2 3 1 2 1 1 2 1 2 0 4 3 2 1 3 3 2 2 3 2 2 2 3 2 2 3 3 2 3 1 3 4 2 3 2 2 0 3 2 1 3 0 3 1 1 2 1 0 1 0 1 1 3 2 0 3 3 1 2 4 3 2 1 4 1 1 2 3 3 0 3 2 2 2 0 2 3 2 3 1 1 2 0 0 3 1 3 3 2 3 2 3 2 3 1 
5 5 5 5 5 5 5 5 5 5 1 4 2 2 0 3 2 2 3 0 3 1 3 2 0 3 3 3 1 3 1 2 1 2 4 3 3 4 1 1 3 2 3 4 3 1 4 3 4 1 1 2 2 3 0 3 1 3 0 2 1 3 1 1 1 0 3 2 3 2 2 2 3 3 2 2 4 1 3 2 0 2 3 2 2 3 2 1 1 1 2 2 2 2 2 1 3 1 1 2 2 4 2 0 2 1 2 4 4 1 
4 3 4 4 4 4 3 4 4 4 4 1 5 1 2 1 4 2 4 2 0 4 1 3 2 5 3 2 3 5 5 3 3 5 1 1 1 1 3 3 3 5 2 1 0 4 3 1 2 4 4 1 5 0 3 3 1 3 2 1 4 0 1 3 1 3 0 5 2 1 4 5 1 0 6 5 1 2 6 2 3 3 2 5 1 5 3 4 3 2 3 5 2 4 0 2 1 1 1 5 0 2 5 3 4 3 5 1 1 3 
7 8 7 7 7 7 8 7 7 7 1 6 1 4 2 6 1 4 4 2 5 1 5 3 3 3 5 4 2 3 1 3 3 1 6 5 6 6 2 2 4 2 5 7 5 1 6 5 6 1 1 4 1 5 2 5 4 4 2 5 1 5 4 3 3 2 5 0 5 4 2 1 5 5 0 2 6 4 1 4 2 3 5 2 4 3 4 1 3 3 3 2 4 2 5 3 6 3 3 1 4 6 1 1 2 2 0 6 6 3 
6 2 6 6 6 6 2 6 6 6 5 1 4 1 3 0 5 1 2 3 1 4 0 2 2 4 5 4 2 3 4 4 4 5 1 3 0 2 4 4 4 4 4 2 1 5 5 0 4 4 5 1 4 2 3 5 1 4 3 2 3 1 1 2 2 3 2 5 0 1 5 5 0 2 6 6 2 1 6 0 3 4 4 4 1 4 2 4 4 2 4 5 4 5 2 3 0 2 2 5 2 4 5 4 5 4 5 1 3 2 
5 3 5 5 5 5 3 5 5 5 3 1 4 0 2 1 4 1 3 1 0 3 1 2 1 4 3 3 1 4 3 2 2 4 2 2 1 2 2 2 3 3 2 2 1 3 4 1 3 3 3 0 3 1 2 3 0 3 1 1 3 1 0 1 0 2 1 4 1 0 3 4 1 1 5 4 2 1 5 1 2 3 3 4 0 4 2 3 3 1 3 4 2 3 0 2 1 0 0 4 0 3 4 3 4 3 4 1 2 1 
4 7 4 4 4 4 7 4 4 4 0 5 4 3 1 5 0 4 5 2 4 1 5 4 2 5 2 2 3 5 3 1 1 3 6 3 5 5 1 1 2 4 3 6 4 0 3 5 4 1 0 3 3 4 1 2 3 2 2 3 3 4 3 4 3 2 4 2 5 3 0 1 5 4 2 0 5 4 2 5 2 1 3 4 3 5 5 2 0 3 1 0 2 0 4 1 5 3 3 1 3 3 1 2 0 0 3 5 4 3 
6 8 6 6 6 6 8 6 6 6 1 6 3 4 2 6 0 4 5 2 5 1 5 4 3 4 4 3 3 4 2 3 2 2 6 5 6 6 2 1 4 3 4 7 5 0 5 5 6 1 1 4 2 5 2 4 4 4 2 4 2 5 4 4 3 2 5 1 5 4 1 0 5 5 0 0 6 4 1 5 2 2 4 4 4 4 4 1 2 3 2 1 4 1 5 2 6 4 3 0 4 5 0 1 1 2 2 6 6 3 
6 2 6 6 6 6 2 6 6 6 4 1 4 1 3 0 5 1 2 2 1 4 0 2 2 4 4 4 2 3 4 4 3 4 1 3 0 2 4 4 4 4 3 2 1 5 5 0 3 4 4 1 4 1 3 4 1 4 2 2 3 0 1 2 1 3 1 5 0 1 5 5 0 2 6 5 2 1 6 0 3 4 4 4 1 4 2 4 4 1 4 5 4 4 1 3 0 1 1 5 2 4 5 3 5 4 5 1 3 2 
4 3 4 4 4 4 3 4 4 4 4 1 5 1 3 2 5 3 4 2 1 4 2 4 2 6 3 2 3 5 5 2 3 5 2 1 2 1 3 3 2 5 1 1 1 4 2 1 1 4 4 1 5 0 3 3 1 2 3 0 4 1 2 3 2 3 0 5 2 1 4 5 2 0 6 5 1 2 6 3 3 3 2 5 1 5 4 4 3 2 3 5 2 4 0 2 2 2 2 5 1 2 5 4 4 3 5 1 0 3 
6 8 6 6 6 6 8 6 6 6 1 7 2 5 3 6 1 4 5 3 5 1 6 4 3 4 4 4 3 4 1 3 3 1 7 5 6 7 2 2 4 3 5 7 6 1 6 6 6 1 1 5 2 6 2 5 4 4 3 5 2 6 4 4 4 2 6 0 6 5 2 0 6 6 0 1 7 4 0 5 2 3 5 3 5 4 4 1 2 4 3 1 4 2 5 3 6 4 4 0 5 6 0 2 2 2 1 7 6 3 
5 8 5 5 5 5 8 5 5 5 1 6 3 4 2 6 0 4 5 2 5 1 5 4 3 5 3 3 3 5 2 2 2 3 6 4 6 6 1 1 3 4 4 6 5 0 4 5 5 1 0 4 3 5 2 3 4 3 3 4 3 5 4 4 3 2 5 2 6 4 0 0 5 5 1 0 6 4 1 5 2 1 3 4 4 5 5 2 1 4 1 0 3 1 4 2 6 4 3 1 4 4 1 2 0 1 2 6 5 3 
5 2 5 5 5 5 2 5 5 5 5 0 6 2 3 1 5 3 4 3 1 5 2 4 3 6 4 3 4 5 6 4 4 6 1 2 1 0 4 4 4 5 2 0 1 5 4 1 2 5 5 2 6 0 4 4 2 3 3 1 5 1 2 3 2 4 1 6 2 2 5 6 2 1 7 6 0 3 7 3 4 4 3 6 2 6 4 5 4 3 4 6 3 5 1 3 1 2 2 6 2 3 6 5 5 4 6 1 1 4 
6 4 6 6 6 6 4 6 6 6 3 2 3 1 2 1 4 0 1 1 1 3 1 1 1 3 4 3 1 2 3 3 3 3 2 3 2 3 3 2 4 2 3 3 1 3 5 1 4 2 3 1 3 2 2 4 1 4 1 2 2 1 0 0 1 1 2 4 1 1 4 4 1 2 4 4 3 0 5 0 2 3 4 2 1 2 1 2 3 0 3 4 3 3 2 2 2 1 1 4 2 4 4 2 4 3 3 2 3 1 
7 9 7 7 7 7 9 7 7 7 2 7 3 5 3 7 1 5 5 3 6 2 6 5 4 5 5 4 4 5 2 4 3 2 7 6 7 7 3 2 4 4 5 8 6 2 6 6 7 2 2 5 3 6 3 5 5 5 3 5 3 6 5 4 4 3 6 1 6 5 2 1 6 6 0 1 7 5 0 6 3 3 5 4 5 5 5 2 3 4 3 2 5 2 6 3 7 5 4 1 5 6 1 2 2 3 2 7 7 4 
6 3 6 6 6 6 3 6 6 6 4 2 3 1 3 1 5 0 1 2 1 4 1 1 2 3 5 4 1 2 4 4 4 4 2 4 1 3 3 3 5 3 4 3 1 4 5 1 4 3 4 1 3 2 3 5 1 4 2 3 3 1 1 1 1 2 2 4 0 1 5 5 0 3 5 5 3 0 6 0 3 4 4 3 1 3 1 3 4 1 4 5 4 4 2 3 1 1 1 4 2 5 4 3 5 4 4 2 4 1 
5 5 5 5 5 5 5 5 5 5 1 4 2 2 0 3 2 2 3 0 3 1 3 2 0 3 3 2 1 3 2 2 1 2 4 3 3 4 1 0 3 2 3 4 3 1 4 3 4 1 1 2 2 3 0 3 1 3 0 2 1 3 1 1 1 0 3 2 3 2 2 2 3 3 2 2 4 2 3 3 0 1 3 3 2 3 2 1 1 1 2 2 2 1 2 1 3 1 1 2 2 4 2 0 2 1 2 4 4 1 
3 6 3 3 3 3 6 3 3 3 1 4 4 3 1 4 1 4 5 1 3 2 4 4 2 5 1 1 3 5 3 0 0 3 5 2 4 4 0 1 1 4 2 5 4 1 2 4 3 2 1 3 4 3 1 1 2 1 2 2 3 4 3 3 2 2 3 3 4 3 1 2 4 3 3 1 4 3 3 4 1 0 2 4 3 5 4 2 0 3 0 1 1 0 3 0 4 2 2 2 2 2 2 2 1 0 3 5 3 3 
2 5 2 2 2 2 5 2 2 2 3 3 6 2 2 4 3 4 5 2 3 3 4 5 2 6 0 0 4 6 5 1 1 5 4 1 4 3 2 3 0 5 0 4 3 3 1 3 1 3 3 3 5 2 2 0 2 0 3 1 4 3 3 4 3 3 2 5 4 3 3 4 4 2 5 3 3 4 5 4 3 2 0 6 3 6 5 4 2 3 1 3 0 2 2 2 4 3 3 4 2 0 4 3 3 2 5 4 2 4 
8 6 8 8 8 8 6 8 8 8 3 5 1 4 3 4 4 2 1 3 4 3 4 1 3 0 6 5 2 0 2 5 4 1 5 6 4 6 4 3 6 0 6 6 4 4 7 4 6 3 4 3 1 5 3 6 3 6 2 5 1 4 3 2 3 2 5 2 4 4 4 4 4 5 3 4 6 2 4 3 3 4 6 0 4 0 1 2 4 3 5 4 5 4 4 4 4 3 3 3 4 6 3 2 4 4 2 5 6 2 
5 3 5 5 5 5 3 5 5 5 3 1 4 0 2 1 4 1 3 1 0 3 1 2 1 4 3 3 2 4 4 2 2 4 2 2 1 2 2 3 3 3 2 2 0 3 4 1 2 3 3 0 4 1 2 3 0 3 1 1 3 0 0 2 0 2 1 4 1 0 3 4 1 1 5 4 2 1 5 1 2 3 3 4 0 4 2 3 3 1 3 4 2 3 0 2 1 0 0 4 0 3 4 3 4 3 4 1 2 2 
8 6 8 8 8 8 6 8 8 8 4 5 1 4 4 4 5 2 1 3 4 3 4 1 3 0 6 6 2 0 2 5 5 2 5 6 4 6 4 4 6 1 6 6 4 4 7 4 7 3 4 4 1 5 3 7 4 6 3 5 2 4 3 2 3 3 5 3 4 4 5 4 4 5 4 5 6 2 5 3 3 5 6 0 4 0 1 2 5 3 5 5 6 5 5 4 4 3 3 4 4 7 4 3 5 5 2 5 6 2 
7 5 7 7 7 7 5 7 7 7 4 4 2 2 3 2 4 0 0 3 3 3 2 0 2 1 6 5 1 1 3 4 4 3 3 5 3 5 4 3 5 1 5 4 3 4 6 3 5 3 4 2 2 4 3 6 2 5 2 4 2 3 1 1 2 2 3 4 2 2 5 4 2 4 4 5 4 1 5 1 2 4 5 1 2 1 0 2 4 2 4 5 5 4 3 4 3 2 2 4 3 6 4 3 5 4 3 3 5 1 
6 6 6 6 6 6 6 6 6 6 1 5 1 3 1 4 2 2 3 1 4 0 4 2 2 3 4 3 1 2 0 3 2 1 5 4 4 5 1 1 4 1 4 5 4 1 5 4 5 0 1 3 1 4 1 4 3 4 1 4 0 4 2 2 2 1 4 1 4 3 2 1 4 4 1 2 5 2 2 3 1 2 4 2 3 2 2 0 2 2 2 2 3 2 3 2 4 2 2 1 3 5 1 0 2 2 1 5 5 1 
4 6 4 4 4 4 6 4 4 4 1 4 4 3 1 4 1 4 4 1 3 1 4 4 1 5 2 1 2 5 3 0 0 3 5 3 4 4 0 1 1 4 2 5 4 1 3 4 3 1 1 3 3 3 1 2 2 1 2 2 3 4 3 3 2 1 3 3 4 3 0 2 4 3 2 1 4 3 3 4 1 0 2 4 3 5 4 2 0 2 0 1 1 0 3 0 4 2 2 2 2 3 2 1 1 0 3 5 4 3 
5 4 5 5 5 5 4 5 5 5 3 2 3 1 1 2 3 1 2 1 1 2 1 1 1 3 4 3 0 3 2 2 2 3 2 3 2 3 2 2 3 2 3 3 2 3 4 2 3 2 3 1 2 2 1 4 0 3 1 2 2 2 0 1 0 1 2 3 2 1 3 3 1 2 4 4 3 0 4 1 1 3 3 3 1 3 2 2 2 0 3 3 3 3 1 2 2 0 0 3 1 4 3 2 3 2 3 2 3 0 
3 6 3 3 3 3 6 3 3 3 1 4 4 3 1 4 1 4 5 1 3 2 4 4 2 5 1 1 3 5 3 0 0 4 5 2 4 4 1 1 1 4 2 5 4 1 2 4 3 2 1 3 4 3 1 1 2 1 2 2 3 4 3 3 2 2 3 3 4 3 1 2 4 3 3 1 4 3 3 4 2 0 1 5 3 5 4 2 0 3 0 1 1 0 3 0 4 2 2 2 2 2 2 2 1 0 3 5 3 3 
5 8 5 5 5 5 8 5 5 5 0 6 4 4 2 6 0 4 5 2 5 1 5 4 3 5 3 2 3 5 2 2 2 3 6 4 6 6 1 1 2 4 3 6 5 0 4 5 5 1 0 4 3 5 2 3 4 3 2 4 3 5 4 4 3 2 5 2 5 4 0 1 5 5 1 0 6 4 2 5 2 1 3 4 4 5 5 2 1 3 1 0 3 0 4 2 6 3 3 1 4 4 1 2 0 1 3 6 5 3 
2 5 2 2 2 2 5 2 2 2 2 3 5 2 2 4 3 4 5 2 3 3 4 4 2 6 0 0 3 6 4 0 1 5 4 1 4 3 2 2 0 5 0 4 3 3 1 3 2 3 2 2 5 2 2 0 2 0 2 1 4 3 3 4 2 2 2 4 4 2 2 4 4 2 4 3 3 3 5 4 2 1 0 5 2 6 5 3 1 3 1 3 0 2 2 1 4 2 2 3 2 1 3 3 2 1 5 4 2 3 
4 7 4 4 4 4 7 4 4 4 0 5 3 3 1 5 0 4 5 1 4 1 5 4 2 5 2 2 3 5 2 1 1 3 5 3 5 5 0 1 2 4 3 5 4 0 3 4 4 1 0 3 3 4 1 2 3 2 2 3 3 4 3 3 3 2 4 2 5 3 0 1 4 4 2 1 5 3 2 4 1 0 2 4 3 5 4 2 0 3 0 0 2 0 3 1 5 3 2 1 3 3 1 1 0 0 3 5 4 3 
4 3 4 4 4 4 3 4 4 4 3 1 5 0 2 1 4 2 4 2 0 4 1 3 1 5 3 2 2 4 4 2 2 5 2 1 1 1 3 3 2 4 2 2 0 4 3 1 2 3 4 0 4 0 2 3 1 2 2 0 4 0 1 2 1 2 0 5 2 0 4 5 1 0 5 4 1 2 6 2 2 3 2 4 0 5 3 3 3 1 3 4 2 3 0 2 1 1 1 4 0 2 4 3 4 3 5 1 1 2 
4 5 4 4 4 4 5 4 4 4 1 4 4 2 0 4 2 3 4 0 3 1 3 3 1 4 2 1 2 4 3 0 0 3 4 2 4 3 0 1 1 4 2 4 3 1 3 3 3 1 1 2 3 3 0 2 2 1 1 1 2 3 2 2 1 1 2 3 3 2 1 2 3 2 3 2 3 2 3 3 1 0 2 4 2 4 4 2 0 2 0 2 1 1 2 0 3 1 1 2 1 2 2 1 1 0 3 4 3 2 
6 2 6 6 6 6 2 6 6 6 5 0 5 1 3 0 5 2 3 3 0 5 0 3 3 5 4 4 3 4 5 4 4 5 0 3 0 2 4 4 4 4 3 1 0 5 5 0 3 4 5 1 5 1 3 5 1 4 3 2 4 0 2 2 2 3 1 6 0 1 5 6 0 2 6 6 1 2 7 1 3 4 4 4 1 4 3 4 4 2 4 6 4 5 1 3 0 2 2 5 2 4 5 4 5 4 5 0 2 3 
5 4 5 5 5 5 4 5 5 5 2 2 3 0 1 2 3 1 2 1 1 2 1 2 0 4 3 2 1 3 3 2 2 3 2 2 2 3 2 2 3 3 2 3 1 3 4 1 3 2 3 0 3 1 1 3 0 3 1 1 2 1 0 1 0 1 1 3 2 0 3 4 1 2 4 4 2 1 5 1 1 2 3 3 0 3 2 2 2 0 2 3 2 3 1 1 2 0 0 3 1 3 3 2 3 2 3 2 3 1 
5 4 5 5 5 5 4 5 5 5 2 2 3 0 1 2 3 1 2 1 1 2 2 2 0 3 3 2 1 3 3 2 2 3 2 2 2 3 2 2 3 3 2 3 1 3 4 2 3 2 2 0 3 2 1 3 0 3 0 1 2 1 0 1 0 1 1 3 2 0 3 3 1 2 4 3 2 1 4 1 1 2 3 3 0 3 2 2 2 0 2 3 2 2 1 1 2 0 0 3 1 3 3 2 3 2 3 2 3 1 
6 7 6 6 6 6 7 6 6 6 0 6 2 4 2 5 0 4 4 2 5 0 5 3 2 4 4 3 3 4 1 2 2 2 6 5 5 6 1 1 3 3 4 6 5 0 5 5 5 1 0 4 2 5 2 4 3 3 2 4 2 5 3 3 3 2 5 1 5 4 1 0 5 5 0 1 6 4 1 4 2 2 4 3 4 4 4 1 2 3 2 1 3 1 4 2 5 3 3 0 4 5 0 1 1 1 1 6 5 3 
4 4 4 4 4 4 4 4 4 4 3 2 4 0 1 2 3 2 3 1 1 3 2 3 1 5 2 2 2 4 4 2 2 4 2 1 2 2 2 2 2 4 1 2 1 3 3 1 2 3 3 0 4 1 2 2 0 2 2 0 3 1 1 2 1 2 0 4 2 0 3 4 2 1 5 4 2 2 5 2 2 2 2 4 0 4 3 3 2 1 2 4 2 3 0 1 2 1 1 4 0 2 4 3 3 2 4 2 2 2 
1 5 1 1 1 1 5 1 1 1 4 3 6 3 3 4 4 5 6 3 3 4 4 5 3 7 1 1 4 7 6 2 2 6 4 1 4 2 3 4 1 6 0 3 3 4 0 3 1 4 4 3 6 2 3 1 3 1 4 1 5 3 4 5 3 4 2 6 4 3 3 5 4 2 6 4 3 4 6 5 4 2 0 6 3 7 6 5 3 4 2 4 1 3 2 2 4 3 3 5 2 0 5 4 4 3 6 4 1 4 
6 8 6 6 6 6 8 6 6 6 1 6 2 4 2 5 0 4 4 2 5 0 5 3 2 4 4 3 3 4 1 3 2 1 6 5 5 6 1 1 3 3 4 6 5 0 5 5 5 1 0 4 2 5 2 4 4 4 2 4 2 5 4 3 3 2 5 1 5 4 1 0 5 5 0 1 6 4 1 4 2 2 4 3 4 4 4 1 2 3 2 1 3 1 4 2 5 3 3 0 4 5 0 1 1 2 1 6 6 3 
5 6 5 5 5 5 6 5 5 5 1 4 2 3 1 4 1 2 3 1 3 0 4 2 1 3 3 3 1 3 1 2 2 1 5 4 4 5 1 0 3 2 3 5 4 1 4 4 5 0 1 3 1 4 1 4 2 3 1 3 1 4 2 2 2 0 3 1 4 3 2 1 3 4 2 2 5 2 2 3 0 2 3 2 3 3 3 0 1 2 2 2 3 1 3 1 4 2 2 1 3 4 1 0 2 1 1 4 5 1 
4 7 4 4 4 4 7 4 4 4 0 5 4 4 2 5 0 4 5 2 4 1 5 4 2 5 2 2 3 5 3 1 1 3 6 4 5 5 1 1 2 4 3 6 5 0 3 5 4 1 0 4 3 4 2 2 3 2 2 3 3 5 4 4 3 2 4 2 5 4 0 1 5 4 2 0 5 4 2 5 2 1 3 4 4 5 5 2 1 3 1 0 2 0 4 1 5 3 3 1 3 4 1 2 0 1 3 6 5 3 
4 6 4 4 4 4 6 4 4 4 1 4 4 3 1 4 1 4 4 1 3 1 4 4 1 5 2 1 2 5 3 1 0 3 5 3 4 4 0 1 1 4 2 5 4 1 3 4 3 1 1 3 3 3 1 2 2 1 2 2 3 4 3 3 2 1 3 2 4 3 0 2 4 3 2 1 4 3 3 4 1 0 2 4 3 5 4 2 0 2 0 1 1 0 3 0 4 2 2 1 2 3 2 1 1 0 3 5 4 3 
7 7 7 7 7 7 7 7 7 7 2 6 1 4 3 5 2 3 3 3 5 1 5 3 3 2 5 5 2 2 0 4 3 0 6 5 5 6 2 2 5 1 5 7 5 2 6 5 6 1 2 4 1 5 2 5 4 5 2 5 1 5 3 3 3 2 5 0 5 4 3 2 5 5 1 2 6 3 2 4 2 3 5 2 4 2 3 1 3 3 3 3 5 3 5 3 5 3 3 1 4 6 1 1 3 3 0 6 6 2 
6 1 6 6 6 6 1 6 6 6 5 0 5 1 4 0 6 2 4 3 1 5 1 3 3 5 4 4 3 5 5 4 4 6 0 3 0 1 4 4 4 5 3 1 1 5 4 0 3 5 5 1 5 1 4 5 2 4 3 2 5 0 2 3 2 4 1 6 1 1 5 6 1 1 7 6 1 2 7 2 4 5 4 5 1 5 3 5 5 2 5 6 4 5 1 4 0 2 2 6 2 4 6 4 6 5 6 0 2 3 
3 3 3 3 3 3 3 3 3 3 5 2 6 2 3 3 5 4 5 3 2 5 3 5 3 7 3 2 4 6 6 3 3 6 2 1 3 0 4 4 2 6 1 1 2 5 2 2 0 5 5 2 6 1 4 3 2 2 4 1 5 2 3 4 3 4 1 6 3 2 4 6 3 0 6 5 1 3 7 4 4 3 2 6 2 6 5 5 4 3 3 5 2 4 1 3 2 3 3 5 2 1 6 5 5 4 6 2 0 4 
6 5 6 6 6 6 5 6 6 6 2 3 2 2 1 3 3 1 1 1 2 2 2 0 1 2 4 3 0 2 2 3 2 2 3 4 3 4 2 2 4 1 4 4 2 3 5 2 4 2 3 1 2 3 1 4 1 4 1 3 1 2 1 0 1 1 3 3 2 1 3 3 2 3 3 3 4 1 4 1 1 3 4 2 2 2 1 1 3 0 3 3 3 3 2 2 3 1 1 3 2 4 3 1 3 3 2 3 4 0 
