100 5219.3 0 1680 1 1680
97.69 79.67 32.15 9.38 47.26 42.12 98.52 49.31 35.91 91.46 86.96 6.28 90.38 69.66 49.18 49.1 84.48 18.92 16.11 75.94 94.56 1.23 61.12 51.04 3.76 72.87 84.05 85.54 13.7 13.88 48.33 92.62 5.29 75.41 85.96 27.89 71.53 45.89 39.77 26.58 38.67 68.79 35.68 42.16 67.88 8.72 35.69 81.68 25.72 20.38 75.85 50.99 84.07 28.69 30.26 93.61 7.49 13.31 96.68 95.31 47.62 1.83 53.71 95.67 7.62 8.33 97.31 32.08 36.25 49.98 62.5 7.8 30.6 42.89 19.57 40.16 93.23 70.99 87.38 58.4 28.95 68.7 60.59 38.83 72.66 16.66 87.59 17.75 75.42 79.97 63.81 83.88 18.09 14.7 61.82 4.02 81.32 79.43 92.62 36.54 
87.87 69.04 16.16 73.4 44.19 86.5 66.71 20.34 63.28 28.1 42.93 67.35 77.96 33.33 88.82 86.37 23.88 23.46 85.27 32.23 52.56 27.9 43.42 71.75 11.01 35.48 58.58 55.3 37.58 48.87 16.77 50.08 20.14 36.83 25.22 87.18 13.11 17.45 88.63 86.02 47.3 77.32 37.36 47.61 12.13 30.9 30.15 32.72 26.64 27.12 42.84 13.03 54.98 25.29 44.49 79.26 31.8 79.15 42.86 13.95 64.0 44.32 14.05 58.51 73.82 66.98 43.08 32.44 10.81 58.14 36.61 26.14 84.79 37.88 65.93 11.8 39.48 15.72 28.95 16.39 44.21 82.74 54.48 30.42 48.49 69.86 17.89 57.75 59.83 11.22 10.88 64.57 43.22 56.37 34.16 82.65 22.36 16.78 67.47 42.71 
9 8 3 1 5 4 9 5 4 9 8 1 9 7 5 5 8 2 2 7 9 1 6 5 1 7 8 8 2 2 5 9 1 7 8 3 7 5 4 3 4 7 4 4 7 1 4 8 3 2 7 5 8 3 3 9 1 2 9 9 5 1 5 9 1 1 9 3 4 5 6 1 3 4 2 4 9 7 8 6 3 7 6 4 7 2 8 2 7 8 6 8 2 2 6 1 8 8 9 4 
1 2 3 4 5 6 7 8 9 10 11 12 13 14 15 16 17 18 19 20 21 22 23 24 25 26 27 28 29 30 31 32 33 34 35 36 37 38 39 40 41 42 43 44 45 46 47 48 49 50 51 52 53 54 55 56 57 58 59 60 61 62 63 64 65 66 67 68 69 70 71 72 73 74 75 76 77 78 79 80 81 82 83 84 85 86 87 88 89 90 91 92 93 94 95 96 97 98 99 100 
1 3 1 2 1 3 1 1 3 1 3 2 1 3 1 1 3 2 2 3 1 2 3 1 2 3 3 3 2 2 1 1 2 3 3 1 3 1 3 1 3 3 3 3 3 2 3 3 1 2 3 1 3 1 1 1 2 2 1 1 1 2 1 1 2 2 1 1 3 1 3 2 1 3 2 3 1 3 3 3 1 3 3 3 3 2 3 2 3 3 3 3 2 2 3 2 3 3 1 3 
3 2 2 3 2 3 3 2 3 3 2 3 3 3 2 2 2 1 1 3 3 3 2 2 3 3 2 2 1 1 2 3 3 3 2 2 3 2 3 2 3 3 3 3 3 3 3 2 2 1 3 2 2 2 2 3 3 1 3 3 2 3 2 3 3 3 3 2 3 2 2 3 2 3 1 3 3 3 2 2 2 3 2 3 3 1 2 1 3 2 2 2 1 1 2 3 2 2 3 3 
9 5 2 7 2 10 9 4 2 2 9 10 9 10 7 3 3 5 2 4 10 7 1 5 8 10 10 9 8 7 6 9 4 9 8 1 1 3 10 5 5 1 10 1 5 5 2 7 7 2 3 10 8 3 8 7 7 4 4 6 4 2 9 7 1 1 10 2 3 2 4 5 6 5 5 8 10 7 1 10 3 6 5 9 4 9 3 6 2 3 2 5 10 3 2 7 4 10 7 1 
3349.88 4467.47 4377.57 4176.81 4402.07 4974.53 3639.89 3090.19 4138.89 3774.62 3664.62 4927.92 3415.4 4988.97 4491.86 4035.11 4656.33 4399.55 3675.41 3155.91 4932.98 4454.58 3573.53 4551.39 3592.79 4821.29 4824.85 3443.03 3771.04 4086.04 4341.46 3846.77 3330.22 4003.4 4569.27 3857.33 4737.12 4102.2 4837.6 4593.57 4589.3 4764.79 4966.08 3999.45 4609.53 4617.86 3768.96 4337.77 4245.82 3885.2 3852.22 4940.81 4030.57 4924.82 4229.73 4236.6 4334.03 3141.07 3326.68 4404.25 3113.52 4399.92 3344.78 4221.59 4327.59 4405.46 4910.78 4018.59 4111.08 3641.22 3143.44 4437.48 4493.72 4682.95 4578.91 4559.31 4917.42 4089.16 3911.28 4995.22 4220.89 4599.44 4553.7 3697.59 3117.02 3655.23 4209.14 4632.03 3981.78 4050.47 3944.56 4458.22 4836.23 4022.2 3530.17 4307.38 3239.99 4884.58 4453.51 4452.17 
0.55 0.81 0.66 0.93 0.88 0.41 0.35 0.78 0.65 0.85 0.38 0.49 0.55 0.69 0.93 0.5 0.72 0.77 0.91 0.65 0.54 0.93 0.74 0.77 0.43 0.51 0.59 0.52 0.55 0.94 0.69 0.4 0.78 0.26 0.46 0.18 0.42 0.57 0.55 0.75 0.78 0.28 0.68 0.28 0.81 0.82 0.65 0.93 0.94 0.58 0.62 0.64 0.4 0.66 0.45 0.94 0.94 0.71 0.77 0.71 0.84 0.67 0.43 0.94 0.61 0.4 0.48 0.61 0.68 0.65 0.82 0.81 0.84 0.69 0.8 0.41 0.48 0.95 0.41 0.68 0.5 0.73 0.71 0.56 0.66 0.39 0.69 0.75 0.66 0.64 0.88 0.69 0.5 0.62 0.59 0.94 0.74 0.38 0.94 0.65 
1.0 0.63 0.93 0.91 0.74 0.84 0.95 0.79 0.86 1.0 0.98 0.93 0.95 0.96 0.94 0.6 0.85 1.0 0.94 1.0 0.58 0.62 0.97 0.91 0.61 0.59 0.62 0.83 0.82 1.0 0.85 0.54 0.99 0.66 1.0 0.94 0.66 0.53 0.81 0.84 0.56 0.53 0.76 0.74 0.91 0.86 0.77 0.72 0.94 0.95 0.63 1.0 0.68 1.0 0.9 0.75 0.74 0.65 0.76 0.76 0.75 0.68 0.68 0.72 0.85 0.97 1.0 0.98 1.0 0.73 0.77 0.56 0.58 0.61 0.54 0.99 0.96 0.7 1.0 1.0 0.95 0.95 0.86 0.65 0.74 0.94 0.78 0.55 0.64 0.97 0.83 0.6 0.92 0.88 0.68 0.78 0.71 1.0 0.7 1.0 
0.69 0.6 0.57 0.63 1.0 0.63 0.79 0.55 1.0 0.92 0.92 0.75 0.95 0.79 0.75 0.89 0.73 0.59 0.63 0.82 0.68 0.73 0.64 1.0 1.0 0.61 0.77 0.82 1.0 0.87 0.53 0.94 0.73 0.6 0.79 0.7 0.69 0.98 1.0 0.7 0.69 0.54 0.88 0.59 0.78 0.61 0.56 0.71 0.52 0.89 0.8 0.5 0.71 1.0 0.93 0.7 1.0 1.0 0.61 0.85 0.56 0.97 0.97 0.6 0.98 0.75 0.96 1.0 0.62 1.0 0.93 0.61 0.53 0.98 0.89 1.0 0.69 0.56 0.61 0.61 0.95 0.91 0.56 0.66 0.91 0.73 0.79 1.0 0.97 0.9 0.52 0.87 0.56 1.0 0.84 0.88 0.59 1.0 1.0 0.84 
0.99 0.82 0.86 0.96 0.77 0.64 0.86 1.0 0.81 0.93 0.75 0.58 0.94 0.79 0.81 0.64 0.5 0.62 1.0 0.91 0.7 0.9 0.87 0.94 0.89 0.89 1.0 0.7 0.53 0.69 0.69 1.0 0.72 0.86 0.79 0.94 0.95 0.95 0.92 1.0 0.72 0.51 0.58 0.74 0.91 0.78 0.77 0.93 0.72 0.94 0.79 0.97 0.9 0.88 1.0 0.96 0.56 0.63 0.8 0.84 0.58 0.95 0.79 0.83 0.9 0.81 0.74 0.93 0.58 0.88 0.74 1.0 0.59 0.75 0.61 0.88 0.69 0.61 0.95 0.92 1.0 0.77 0.78 0.93 0.77 0.64 0.5 0.67 0.74 0.9 0.75 0.66 0.67 0.61 0.97 0.82 0.81 0.92 0.88 0.72 
0.77 0.96 0.56 0.56 1.0 0.99 0.95 0.97 0.79 1.0 0.75 0.91 1.0 0.7 0.61 0.74 0.85 0.79 0.53 0.91 0.71 0.69 0.67 0.71 1.0 0.71 1.0 0.79 0.81 0.87 0.94 0.88 0.63 0.63 0.95 0.76 0.52 0.69 0.71 0.74 0.87 1.0 0.89 0.6 0.73 0.95 0.97 0.68 0.81 1.0 0.92 0.93 0.56 0.53 0.92 0.9 0.56 0.74 0.66 0.71 0.96 0.59 0.55 0.95 0.72 0.87 0.74 0.57 0.77 0.78 0.59 0.66 1.0 0.85 0.55 0.99 0.51 0.85 0.82 0.92 1.0 0.91 0.58 0.79 0.72 0.76 1.0 0.58 1.0 0.69 0.82 0.78 0.9 0.81 0.77 0.6 0.95 0.84 0.51 0.83 
0.64 0.71 1.0 0.73 0.68 0.82 0.75 1.0 0.96 1.0 0.78 0.9 0.61 0.59 0.85 0.54 0.87 1.0 0.75 0.74 1.0 1.0 0.67 0.88 1.0 0.75 1.0 0.96 0.7 0.72 0.97 0.85 0.95 0.96 0.59 0.71 0.6 1.0 1.0 0.98 1.0 0.71 1.0 0.81 0.96 0.65 0.52 0.66 0.74 1.0 0.81 0.75 0.88 0.83 0.75 0.76 0.5 0.76 0.92 0.84 0.64 0.71 0.95 0.72 0.75 0.68 1.0 0.79 0.59 0.5 1.0 1.0 0.8 0.83 0.65 0.56 0.69 1.0 0.57 0.68 0.91 0.79 0.7 0.84 0.65 0.73 0.74 0.57 0.75 0.6 0.65 0.81 1.0 0.57 0.6 0.86 0.67 0.62 0.93 0.71 
0.34 0.21 0.26 0.23 0.39 0.28 0.46 0.42 0.53 0.86 0.4 0.33 0.52 0.25 0.29 0.14 0.23 0.29 0.24 0.5 0.2 0.28 0.24 0.53 0.55 0.17 0.47 0.36 0.25 0.38 0.29 0.38 0.31 0.2 0.35 0.34 0.14 0.34 0.53 0.43 0.24 0.1 0.35 0.16 0.45 0.25 0.17 0.21 0.21 0.81 0.29 0.34 0.21 0.38 0.58 0.34 0.12 0.23 0.23 0.32 0.15 0.26 0.27 0.24 0.41 0.35 0.52 0.41 0.16 0.25 0.31 0.22 0.15 0.32 0.11 0.48 0.16 0.2 0.27 0.35 0.83 0.48 0.15 0.27 0.24 0.24 0.23 0.12 0.34 0.33 0.17 0.22 0.31 0.25 0.26 0.29 0.22 0.48 0.29 0.35 
551.54 961.55 1683.17 822.55 2297.62 716.04 526.05 2230.77 1701.89 1848.38 483.52 721.51 554.64 792.86 1031.58 938.03 1138.76 785.82 1946.61 1968.54 1074.66 848.06 1853.81 838.14 881.41 850.95 941.01 489.31 1169.27 870.34 749.81 473.01 2194.78 488.17 1008.33 1309.79 1934.0 1144.83 1073.1 629.47 730.95 1454.83 766.84 1252.48 755.05 902.48 1527.07 1262.36 1154.06 1598.07 1166.57 1258.56 844.63 1067.89 1068.62 1038.39 1246.93 2011.54 2404.32 744.07 1987.87 1432.37 448.35 913.71 1878.8 2116.54 779.77 1527.13 1031.63 1520.97 2195.83 807.76 652.8 709.26 1043.97 910.45 898.09 801.76 1601.75 1003.84 1266.19 703.0 746.11 572.35 1861.14 525.71 1337.43 685.15 1388.28 1095.88 1965.86 881.21 758.33 1062.86 1898.6 1039.78 2021.5 550.38 1249.74 1888.39 
157.21 159.58 434.14 203.09 807.04 196.57 244.14 859.45 862.25 1549.41 195.38 246.14 289.73 190.5 358.55 122.11 227.09 245.82 448.65 1037.15 222.32 232.51 412.52 427.45 498.65 149.02 363.76 163.67 317.52 308.56 198.93 178.84 745.31 100.16 357.64 454.22 208.16 458.46 648.49 294.68 165.36 101.95 238.43 159.74 344.69 224.78 256.79 319.47 237.22 1253.47 217.81 355.14 185.71 436.08 708.51 342.51 124.63 435.47 569.33 262.28 214.53 389.36 143.72 197.14 678.34 679.24 453.06 599.76 165.62 472.71 811.34 167.38 115.74 176.04 93.92 403.57 182.55 149.9 433.05 342.81 1074.29 309.44 81.5 153.99 319.48 143.04 255.73 96.83 475.09 350.81 421.78 175.92 251.33 291.13 461.43 327.83 499.13 270.59 358.57 610.64 
2257.72 4307.77 7915.86 3612.74 10988.11 3080.2 2130.25 10653.83 8009.45 8741.92 1917.6 3107.56 2273.22 3464.32 4657.92 4190.16 5193.8 3429.08 9233.04 9342.72 4873.3 3740.3 8769.04 3690.7 3907.04 3754.77 4205.05 1946.56 5346.35 3851.69 3249.07 1865.03 10473.89 1940.87 4541.64 6048.96 9169.99 5224.15 4865.51 2647.35 3154.75 6774.13 3334.18 5762.39 3275.26 4012.41 7135.33 5811.8 5270.31 7490.34 5332.83 5792.81 3723.17 4839.45 4843.11 4691.97 5734.63 9557.71 11521.61 3220.35 9439.35 6661.84 1741.75 4068.56 8894.01 10082.7 3398.87 7135.65 4658.16 7104.87 10479.14 3538.79 2764.01 3046.32 4719.87 4052.23 3990.44 3508.81 7508.76 4519.19 5830.97 3014.99 3230.55 2361.73 8805.69 2128.56 6187.13 2925.74 6441.39 4979.39 9329.32 3906.04 3291.65 4814.29 8992.98 4698.9 9607.48 2251.91 5748.69 8941.95 
286.07 297.9 1670.72 515.45 3535.2 482.83 720.68 3797.26 3811.24 7247.05 476.88 730.69 948.63 452.51 1292.73 110.57 635.45 729.1 1743.26 4685.77 611.62 662.57 1562.59 1637.27 1993.23 245.12 1318.8 318.37 1087.58 1042.81 494.64 394.21 3226.54 0.79 1288.21 1771.11 540.78 1792.32 2742.45 973.39 326.79 9.76 692.15 298.72 1223.45 623.89 783.97 1097.36 686.08 5767.34 589.07 1275.68 428.56 1680.41 3042.54 1212.57 123.15 1677.34 2346.66 811.4 572.66 1446.81 218.59 485.7 2891.72 2896.19 1765.3 2498.79 328.11 1863.53 3556.72 336.88 78.69 380.22 -30.39 1517.86 412.74 249.49 1665.23 1214.04 4871.46 1047.22 -92.49 269.96 1097.4 215.22 778.63 -15.87 1875.47 1254.05 1608.92 379.59 756.65 955.66 1807.15 1139.14 1995.67 852.93 1292.87 2553.19 
67.0 178.7 87.55 125.3 88.04 198.98 72.8 61.8 165.56 75.49 146.58 147.84 68.31 199.56 89.84 80.7 186.25 131.99 110.26 126.24 98.66 133.64 142.94 91.03 107.78 192.85 192.99 137.72 113.13 122.58 86.83 76.94 99.91 160.14 182.77 77.15 189.48 82.04 193.5 91.87 183.57 190.59 198.64 159.98 184.38 138.54 150.76 173.51 84.92 116.56 154.09 98.82 161.22 98.5 84.59 84.73 130.02 94.23 66.53 88.08 62.27 132.0 66.9 84.43 129.83 132.16 98.22 80.37 164.44 72.82 125.74 133.12 89.87 187.32 137.37 182.37 98.35 163.57 156.45 199.81 84.42 183.98 182.15 147.9 124.68 109.66 168.37 138.96 159.27 162.02 157.78 178.33 145.09 120.67 141.21 129.22 129.6 195.38 89.07 178.09 
66 268 87 167 88 298 72 61 248 75 219 197 68 299 89 80 279 175 147 189 98 178 214 91 143 289 289 206 150 163 86 76 133 240 274 77 284 82 290 91 275 285 297 239 276 184 226 260 84 155 231 98 241 98 84 84 173 125 66 88 62 175 66 84 173 176 98 80 246 72 188 177 89 280 183 273 98 245 234 299 84 275 273 221 187 146 252 185 238 243 236 267 193 160 211 172 194 293 89 267 
74 801 769 811 1025 1510 1654 609 387 9 1300 1572 737 1428 1061 557 1255 24 791 1482 1228 290 1538 1229 142 1234 848 1141 735 1606 1081 1230 78 1298 274 971 436 57 1562 1019 414 741 451 1561 1641 1318 1303 1046 1107 1339 389 472 90 432 1596 806 1069 195 161 1329 1113 181 448 653 1150 599 78 1164 1640 1173 1139 1624 1407 151 1670 1126 1214 1532 100 1531 1465 325 1300 191 43 513 961 388 864 465 848 905 1438 908 861 154 1662 1351 64 682 
519 1680 1338 1680 1680 1680 1680 1680 801 639 1680 1680 1522 1680 1229 1680 1680 315 989 1680 1680 519 1680 1582 1680 1680 1540 1680 1458 1680 1588 1490 1326 1680 503 1540 1680 749 1680 1680 1075 1680 1359 1680 1680 1680 1680 1275 1680 1680 1680 1680 1214 1649 1680 1467 1680 980 1007 1680 1281 534 1634 1345 1680 1631 1140 1680 1680 1680 1680 1680 1680 1676 1680 1680 1680 1680 545 1680 1680 1680 1680 1439 550 1390 1375 957 1680 725 1680 1680 1680 1680 1680 1618 1680 1680 509 1680 
5
0.0 0.0 0.0 0.0 0.0 
0.0 0.0 0.0 100.0 100.0 
0 0 0 100 100 131 105 35 73 64 96 118 53 72 95 96 67 119 77 101 99 87 30 86 82 108 27 74 88 11 81 102 101 39 50 51 105 20 83 89 91 72 49 97 90 61 103 51 63 68 32 46 87 37 33 87 52 100 38 53 122 32 80 105 96 79 44 55 112 74 67 106 45 37 76 72 27 90 57 68 41 101 72 92 60 52 107 81 49 87 71 89 60 96 80 64 105 46 58 70 82 84 81 114 56 
0 0 0 100 100 131 105 35 73 64 96 118 53 72 95 96 67 119 77 101 99 87 30 86 82 108 27 74 88 11 81 102 101 39 50 51 105 20 83 89 91 72 49 97 90 61 103 51 63 68 32 46 87 37 33 87 52 100 38 53 122 32 80 105 96 79 44 55 112 74 67 106 45 37 76 72 27 90 57 68 41 101 72 92 60 52 107 81 49 87 71 89 60 96 80 64 105 46 58 70 82 84 81 114 56 
0 0 0 100 100 131 105 35 73 64 96 118 53 72 95 96 67 119 77 101 99 87 30 86 82 108 27 74 88 11 81 102 101 39 50 51 105 20 83 89 91 72 49 97 90 61 103 51 63 68 32 46 87 37 33 87 52 100 38 53 122 32 80 105 96 79 44 55 112 74 67 106 45 37 76 72 27 90 57 68 41 101 72 92 60 52 107 81 49 87 71 89 60 96 80 64 105 46 58 70 82 84 81 114 56 
100 100 100 0 0 98 85 89 28 73 44 103 93 51 116 104 33 93 96 50 50 113 78 21 101 105 72 83 58 89 97 93 96 63 52 96 105 80 98 113 30 112 94 41 30 65 72 72 67 111 69 78 105 77 75 94 100 95 80 63 95 68 24 112 128 59 55 101 104 27 34 112 74 96 65 89 74 34 75 39 96 111 110 112 101 62 70 75 79 89 34 120 45 85 119 109 91 59 46 90 17 112 115 98 67 
100 100 100 0 0 98 85 89 28 73 44 103 93 51 116 104 33 93 96 50 50 113 78 21 101 105 72 83 58 89 97 93 96 63 52 96 105 80 98 113 30 112 94 41 30 65 72 72 67 111 69 78 105 77 75 94 100 95 80 63 95 68 24 112 128 59 55 101 104 27 34 112 74 96 65 89 74 34 75 39 96 111 110 112 101 62 70 75 79 89 34 120 45 85 119 109 91 59 46 90 17 112 115 98 67 
131 131 131 98 98 0 26 97 89 66 55 21 83 66 60 46 93 12 61 48 48 65 101 81 59 35 113 57 49 121 57 32 34 97 92 86 38 114 55 63 69 79 87 57 71 71 30 79 68 81 105 84 57 94 98 50 88 35 93 80 9 106 84 45 73 55 105 85 29 91 91 44 85 98 56 62 109 67 74 81 95 48 76 59 81 81 29 49 82 46 83 70 85 35 78 84 27 91 88 64 93 67 73 21 76 
105 105 105 85 85 26 0 71 70 40 41 18 57 44 42 27 73 13 37 36 35 45 75 65 36 22 88 31 28 95 34 11 14 73 68 60 22 89 32 44 54 56 61 44 55 46 13 54 43 58 80 58 36 68 72 26 62 14 67 55 17 81 67 31 57 32 81 60 19 72 71 31 60 72 31 36 83 51 48 60 69 32 54 40 56 56 17 24 56 21 63 51 62 10 57 60 6 66 66 39 76 46 52 13 50 
35 35 35 89 89 97 71 0 61 31 71 83 17 47 60 60 57 84 41 74 72 52 15 70 46 72 33 39 58 28 45 67 66 28 37 16 69 27 47 54 71 39 13 72 70 31 71 21 33 35 27 14 52 12 16 51 19 64 9 28 88 29 65 69 63 50 41 21 76 62 56 70 16 6 45 36 26 68 24 51 9 65 38 56 26 28 75 47 15 51 55 55 44 61 48 32 70 30 43 34 72 49 47 79 26 
73 73 73 28 28 89 70 61 0 47 35 89 66 28 93 83 6 81 72 42 41 89 50 13 78 87 46 59 41 62 73 76 78 36 24 68 86 53 75 90 23 86 66 34 21 39 59 44 41 84 42 50 82 49 47 73 73 76 51 35 84 41 6 92 104 39 30 74 87 1 6 93 46 68 43 64 47 24 48 12 68 90 84 89 75 35 60 54 52 68 8 95 17 67 94 82 75 31 17 65 10 88 90 83 40 
64 64 64 73 73 66 40 31 47 0 42 55 23 22 47 39 47 54 24 44 42 42 35 51 31 48 48 13 27 54 27 39 39 34 33 27 45 48 29 43 47 39 26 45 46 9 39 13 6 38 40 18 36 27 31 28 31 38 26 16 58 41 48 49 56 19 45 30 50 49 45 50 19 35 14 17 43 43 7 35 33 46 37 42 29 18 44 16 16 25 39 48 32 32 46 37 41 29 34 17 57 40 42 50 10 
96 96 96 44 44 55 41 71 35 42 0 59 66 24 76 62 40 49 59 7 6 75 67 26 63 62 71 47 17 84 59 50 53 56 47 69 62 75 59 75 14 79 69 3 15 39 28 49 38 78 64 56 66 62 63 55 73 52 62 43 51 64 29 69 89 23 58 73 60 36 39 70 54 75 29 53 69 11 48 30 74 69 76 73 71 44 26 36 56 48 30 82 37 42 84 78 47 49 40 55 38 75 79 53 44 
118 118 118 103 103 21 18 83 89 55 59 0 67 62 39 26 92 13 44 54 53 45 90 84 41 14 104 44 47 109 40 16 17 89 86 70 17 104 37 43 73 60 72 62 74 62 31 69 59 62 96 72 37 83 87 32 71 18 81 71 13 97 86 23 52 50 99 69 8 91 90 23 74 83 49 46 99 70 62 78 80 27 57 39 64 73 33 39 69 31 81 50 81 24 58 65 14 83 84 49 95 47 53 5 66 
53 53 53 93 93 83 57 17 66 23 66 67 0 44 42 43 63 70 24 68 66 35 30 72 29 55 48 25 51 46 27 51 50 39 45 3 52 44 30 36 70 23 4 68 69 28 60 21 28 20 41 16 34 24 29 34 7 49 21 30 73 43 68 52 46 43 53 7 60 67 62 53 21 16 37 20 41 67 18 54 12 47 22 39 9 31 65 35 14 36 59 38 48 47 31 17 56 38 49 18 77 32 30 64 25 
72 72 72 51 51 66 44 47 28 22 24 62 44 0 65 54 29 56 45 28 26 62 43 29 50 59 49 32 17 61 46 48 50 33 26 48 58 52 47 62 25 61 46 25 24 16 35 25 16 60 42 33 55 38 39 44 52 48 38 19 59 42 27 64 77 11 39 52 59 30 27 64 31 52 14 37 46 22 26 16 51 62 59 61 51 20 38 26 32 39 20 68 18 39 68 59 47 26 22 38 37 61 63 56 20 
95 95 95 116 116 60 42 60 93 47 76 39 42 65 0 15 93 49 22 73 72 8 72 94 16 24 90 33 59 89 20 31 27 78 80 44 22 86 18 6 86 24 46 79 86 56 54 56 53 28 82 55 10 65 71 21 43 27 62 63 51 84 93 15 14 56 91 40 30 95 91 16 59 57 51 30 83 83 49 81 53 11 23 4 35 64 59 40 52 27 85 10 79 35 20 32 37 74 81 30 103 11 16 39 56 
96 96 96 104 104 46 27 60 83 39 62 26 43 54 15 0 84 35 19 59 57 19 70 82 15 12 87 25 46 89 15 15 12 73 73 46 9 84 13 17 73 33 48 65 74 48 38 51 45 36 79 52 11 63 68 11 46 12 60 56 36 80 82 9 30 44 85 44 17 85 82 10 55 60 39 25 80 70 44 71 56 7 31 13 38 58 43 28 49 15 75 25 70 20 32 39 21 68 73 26 91 21 27 25 50 
67 67 67 33 33 93 73 57 6 47 40 92 63 29 93 84 0 84 71 47 46 89 45 20 78 89 39 59 44 56 73 78 80 30 19 65 88 47 75 90 29 84 63 39 27 38 63 42 40 82 36 47 82 45 42 73 70 78 47 33 88 35 13 93 103 41 23 71 89 6 2 94 43 63 44 64 41 29 46 13 65 91 82 89 72 32 64 55 49 69 10 95 14 69 92 80 77 26 13 64 15 87 88 86 39 
119 119 119 93 93 12 13 84 81 54 49 13 70 56 49 35 84 0 49 42 42 54 89 74 47 25 102 45 39 109 45 20 23 86 81 74 27 102 43 52 63 67 75 51 64 60 21 68 56 69 94 72 46 82 86 37 75 23 81 68 3 94 77 35 64 44 94 73 20 82 82 35 73 86 44 49 97 60 62 71 83 38 65 49 69 70 22 37 70 34 74 60 75 23 67 72 14 80 78 52 86 56 62 10 64 
77 77 77 96 96 61 37 41 72 24 59 44 24 45 22 19 71 49 0 59 56 17 51 74 6 31 68 13 42 69 3 29 27 56 57 27 28 65 6 18 68 20 28 62 68 33 43 34 30 21 60 34 12 44 49 11 27 26 41 40 51 62 72 28 32 37 68 25 36 74 69 29 37 40 31 7 62 64 27 59 36 24 17 18 20 42 49 23 30 15 64 23 57 27 24 23 34 52 59 7 82 16 19 41 34 
101 101 101 50 50 48 36 74 42 44 7 54 68 28 73 59 47 42 59 0 2 73 72 33 62 58 77 46 17 90 58 46 49 62 53 72 58 81 58 73 21 78 71 9 22 42 22 53 41 78 70 60 64 66 68 53 75 48 66 48 45 70 37 66 87 24 64 74 55 44 46 66 58 79 30 53 75 19 51 37 77 66 76 71 73 48 20 36 59 46 37 80 44 39 83 79 42 55 47 56 45 73 78 48 47 
99 99 99 50 50 48 35 72 41 42 6 53 66 26 72 57 46 42 56 2 0 71 69 33 60 56 75 44 14 87 56 44 47 60 51 69 56 79 56 71 21 76 68 9 22 40 21 50 39 76 68 57 62 64 65 51 73 46 64 45 45 68 36 64 85 22 63 72 54 43 45 64 56 76 28 51 73 18 48 35 75 64 73 69 70 46 19 33 56 44 36 78 42 37 81 76 41 53 45 53 45 71 75 47 45 
87 87 87 113 113 65 45 52 89 42 75 45 35 62 8 19 89 54 17 73 71 0 65 91 11 30 83 30 58 81 16 34 31 72 74 36 27 79 15 1 84 16 39 78 84 51 55 50 48 20 76 49 9 58 64 20 35 31 55 58 56 77 90 22 14 54 85 32 36 91 87 23 53 49 48 25 76 81 43 77 45 17 15 5 27 59 60 38 46 27 81 6 74 37 13 24 40 69 76 24 99 3 8 44 51 
30 30 30 78 78 101 75 15 50 35 67 90 30 43 72 70 45 89 51 72 69 65 0 61 57 81 18 46 58 19 55 73 73 15 25 30 78 14 58 67 64 53 27 68 63 30 73 21 33 50 12 18 63 7 3 60 33 72 9 23 93 14 55 80 76 49 26 36 84 51 44 80 15 21 46 45 11 62 27 42 24 76 52 68 40 23 77 51 21 59 46 68 34 67 62 46 76 19 33 44 61 62 60 85 26 
86 86 86 21 21 81 65 70 13 51 26 84 72 29 94 82 20 74 74 33 33 91 61 0 79 85 59 61 37 75 75 72 75 47 36 75 84 66 76 92 11 90 74 23 10 44 53 51 45 89 54 58 84 59 58 73 80 74 61 43 77 54 6 91 106 38 43 80 83 14 19 91 55 77 43 67 59 14 54 19 77 89 88 90 80 43 52 54 59 67 15 98 27 64 97 88 70 42 28 68 12 90 93 78 47 
82 82 82 101 101 59 36 46 78 31 63 41 29 50 16 15 78 47 6 62 60 11 57 79 0 27 74 18 46 75 4 27 24 62 64 31 24 71 4 12 72 19 33 66 72 40 45 40 37 21 67 40 5 50 55 10 31 24 47 47 50 68 78 23 26 42 75 28 32 79 76 23 43 45 36 14 68 69 33 65 41 18 17 11 23 48 51 27 37 16 70 18 63 27 21 24 33 58 65 14 87 11 15 38 40 
108 108 108 105 105 35 22 72 87 48 62 14 55 59 24 12 89 25 31 58 56 30 81 85 27 0 96 34 47 99 27 12 9 82 80 58 3 94 24 28 75 45 60 65 75 56 35 60 52 48 88 62 23 73 78 21 58 10 71 64 26 89 85 9 38 48 93 56 6 89 87 9 65 71 44 35 90 71 53 76 67 13 43 24 51 66 39 34 59 22 79 35 76 20 43 51 16 77 79 37 95 32 38 15 58 
27 27 27 72 72 113 88 33 46 48 71 104 48 49 90 87 39 102 68 77 75 83 18 59 74 96 0 61 66 17 72 88 88 15 24 48 94 8 74 84 64 71 45 71 63 42 83 35 45 68 8 34 80 24 19 76 51 87 27 33 105 7 52 96 95 58 16 54 99 46 39 97 31 38 57 61 6 64 42 42 42 92 70 86 58 32 86 65 37 74 44 86 34 80 80 64 90 22 31 60 54 80 78 99 38 
74 74 74 83 83 57 31 39 59 13 47 44 25 32 33 25 59 45 13 46 44 30 46 61 18 34 61 0 30 65 14 27 27 47 47 29 32 60 15 30 54 32 30 50 54 22 34 26 19 32 53 28 23 39 43 14 32 25 37 30 48 54 59 35 45 24 59 30 37 61 57 36 31 41 18 6 56 51 19 47 37 32 29 29 27 32 40 11 25 12 51 36 45 21 37 32 31 43 48 9 69 29 32 39 24 
88 88 88 58 58 49 28 58 41 27 17 47 51 17 59 46 44 39 42 17 14 58 58 37 46 47 66 30 0 76 42 35 38 50 43 55 46 68 42 58 27 62 54 20 28 27 18 37 25 61 58 44 49 51 54 38 58 37 51 34 43 59 38 54 72 8 56 57 46 43 42 54 43 62 13 36 62 24 34 32 60 53 59 56 55 35 20 19 43 31 34 65 36 27 67 62 33 43 39 39 48 57 61 41 32 
11 11 11 89 89 121 95 28 62 54 84 109 46 61 89 89 56 109 69 90 87 81 19 75 75 99 17 65 76 0 73 93 93 28 39 44 97 9 76 83 79 67 42 85 78 50 92 41 53 64 20 37 80 26 23 78 47 91 28 42 112 21 68 98 91 68 33 50 103 62 56 98 35 32 66 64 15 78 47 57 36 93 67 85 54 41 96 71 40 78 60 84 48 86 76 60 96 35 46 62 71 78 75 105 45 
81 81 81 97 97 57 34 45 73 27 59 40 27 46 20 15 73 45 3 58 56 16 55 75 4 27 72 14 42 73 0 25 23 59 60 30 24 69 2 16 68 22 32 62 68 36 42 37 33 23 64 37 9 47 53 7 31 22 45 43 48 65 73 24 31 38 71 28 32 75 71 25 40 44 32 10 65 64 30 61 40 20 19 15 23 44 47 22 34 13 65 22 59 24 25 26 31 55 61 11 83 15 19 37 37 
102 102 102 93 93 32 11 67 76 39 50 16 51 48 31 15 78 20 29 46 44 34 73 72 27 12 88 27 35 93 25 0 3 73 70 54 12 87 23 33 63 47 56 53 63 46 24 52 43 49 80 56 25 66 71 17 56 3 64 55 22 81 73 20 46 36 83 53 11 77 76 20 58 67 34 30 82 59 46 64 64 21 44 29 49 56 28 23 53 15 68 40 66 8 47 51 5 67 69 33 83 36 42 12 50 
101 101 101 96 96 34 14 66 78 39 53 17 50 50 27 12 80 23 27 49 47 31 73 75 24 9 88 27 38 93 23 3 0 73 71 53 8 87 21 30 65 44 54 56 66 47 27 52 44 46 80 55 22 66 70 15 54 1 64 56 25 81 76 16 42 38 84 52 10 80 78 16 58 66 35 29 83 62 46 66 62 17 42 26 47 57 32 24 52 14 70 37 67 11 44 49 9 68 70 31 85 33 39 14 50 
39 39 39 63 63 97 73 28 36 34 56 89 39 33 78 73 30 86 56 62 60 72 15 47 62 82 15 47 50 28 59 73 73 0 11 40 79 19 61 73 51 62 37 57 50 26 67 21 30 59 8 23 68 16 12 62 44 72 19 17 90 8 41 83 84 42 13 46 84 36 29 83 19 35 41 48 12 50 29 28 36 79 61 74 49 16 71 49 26 59 32 76 20 65 71 56 75 7 18 48 46 69 68 84 23 
50 50 50 52 52 92 68 37 24 33 47 86 45 26 80 73 19 81 57 53 51 74 25 36 64 80 24 47 43 39 60 70 71 11 0 47 78 29 62 75 40 67 44 47 39 24 61 24 28 65 18 28 69 25 22 62 51 70 27 16 85 18 30 83 88 36 12 52 82 25 18 83 24 44 37 50 23 39 31 17 45 79 66 76 55 15 64 47 31 58 21 79 9 62 76 62 71 7 7 50 35 72 72 80 23 
51 51 51 96 96 86 60 16 68 27 69 70 3 48 44 46 65 74 27 72 69 36 30 75 31 58 48 29 55 44 30 54 53 40 47 0 55 43 33 38 73 23 2 72 72 32 63 24 31 20 42 18 36 24 29 37 4 52 21 33 77 43 71 54 47 47 54 6 63 70 64 55 22 13 41 24 41 70 21 56 9 50 22 40 10 33 69 39 16 39 61 39 51 50 32 16 59 40 51 22 79 33 31 67 28 
105 105 105 105 105 38 22 69 86 45 62 17 52 58 22 9 88 27 28 58 56 27 78 84 24 3 94 32 46 97 24 12 8 79 78 55 0 92 21 25 74 42 56 65 75 54 36 58 50 45 86 60 20 70 75 18 55 9 68 62 29 87 84 8 36 47 90 53 8 88 85 8 63 68 43 32 88 71 51 74 64 10 40 21 48 63 40 32 57 20 78 32 75 19 40 48 16 74 78 34 94 29 35 17 56 
20 20 20 80 80 114 89 27 53 48 75 104 44 52 86 84 47 102 65 81 79 79 14 66 71 94 8 60 68 9 69 87 87 19 29 43 92 0 72 80 70 66 40 76 69 43 85 34 45 63 11 31 77 21 16 74 46 86 23 34 106 11 59 94 90 60 24 48 98 53 46 94 29 32 58 59 6 69 41 47 35 90 65 82 53 33 89 65 35 73 51 82 39 80 75 59 90 26 37 58 62 76 74 99 38 
83 83 83 98 98 55 32 47 75 29 59 37 30 47 18 13 75 43 6 58 56 15 58 76 4 24 74 15 42 76 2 23 21 61 62 33 21 72 0 15 69 24 35 62 69 38 41 39 34 25 66 40 7 50 55 6 34 20 48 45 46 68 75 22 30 38 73 31 29 77 73 22 43 47 33 12 68 65 32 62 43 18 21 14 26 47 46 23 37 11 67 22 61 23 26 28 29 57 63 13 84 15 20 35 39 
89 89 89 113 113 63 44 54 90 43 75 43 36 62 6 17 90 52 18 73 71 1 67 92 12 28 84 30 58 83 16 33 30 73 75 38 25 80 15 0 84 18 40 78 84 52 54 51 49 22 77 50 8 60 65 20 37 29 57 58 54 78 90 20 14 54 86 34 34 92 88 21 54 51 48 26 78 81 44 77 47 16 17 3 28 60 60 38 47 26 82 7 75 36 15 26 39 70 77 25 100 5 10 42 52 
91 91 91 30 30 69 54 71 23 47 14 73 70 25 86 73 29 63 68 21 21 84 64 11 72 75 64 54 27 79 68 63 65 51 40 73 74 70 69 84 0 85 72 11 1 41 42 50 42 85 59 57 76 60 60 65 77 64 61 42 66 59 16 81 99 30 50 77 73 24 28 82 54 76 36 61 64 3 51 22 76 80 83 83 77 42 41 46 57 59 20 91 31 54 92 84 60 45 33 62 24 83 87 67 45 
72 72 72 112 112 79 56 39 86 39 79 60 23 61 24 33 84 67 20 78 76 16 53 90 19 45 71 32 62 67 22 47 44 62 67 23 42 66 24 18 85 0 26 81 85 47 64 43 45 3 65 39 22 47 53 30 20 43 44 51 69 66 88 38 23 56 76 17 51 88 83 39 43 35 49 25 65 82 37 74 31 34 2 22 13 52 69 42 37 35 78 16 69 46 8 8 52 61 71 23 96 13 8 58 45 
49 49 49 94 94 87 61 13 66 26 69 72 4 46 46 48 63 75 28 71 68 39 27 74 33 60 45 30 54 42 32 56 54 37 44 2 56 40 35 40 72 26 0 71 71 30 64 22 30 22 39 16 38 22 27 39 6 53 18 31 78 40 69 56 49 46 51 8 64 68 62 57 20 11 40 25 39 69 20 55 8 52 25 43 12 31 69 39 14 40 60 41 49 51 34 19 60 37 49 23 77 35 33 68 26 
97 97 97 41 41 57 44 72 34 45 3 62 68 25 79 65 39 51 62 9 9 78 68 23 66 65 71 50 20 85 62 53 56 57 47 72 65 76 62 78 11 81 71 0 13 41 31 51 41 81 65 58 69 63 64 58 76 55 64 45 54 65 28 73 93 25 58 75 63 35 38 73 56 77 32 56 70 9 50 30 76 72 79 76 74 45 29 39 58 51 29 85 37 45 87 81 50 50 40 58 36 78 82 56 46 
90 90 90 30 30 71 55 70 21 46 15 74 69 24 86 74 27 64 68 22 22 84 63 10 72 75 63 54 28 78 68 63 66 50 39 72 75 69 69 84 1 85 71 13 0 40 43 49 41 84 57 56 76 59 59 65 76 65 60 41 67 57 14 82 99 30 48 76 74 22 26 82 53 75 36 61 62 4 50 21 75 81 83 83 76 41 42 46 56 59 18 91 29 55 91 83 61 43 31 62 22 83 87 68 44 
61 61 61 65 65 71 46 31 39 9 39 62 28 16 56 48 38 60 33 42 40 51 30 44 40 56 42 22 27 50 36 46 47 26 24 32 54 43 38 52 41 47 30 41 40 0 42 10 3 45 34 17 45 24 27 37 36 46 24 8 63 34 40 58 65 18 36 36 58 40 36 58 16 36 15 26 37 38 10 26 35 55 45 52 36 10 46 23 16 34 31 57 23 38 54 44 48 20 25 26 49 49 50 57 5 
103 103 103 72 72 30 13 71 59 39 28 31 60 35 54 38 63 21 43 22 21 55 73 53 45 35 83 34 18 92 42 24 27 67 61 63 36 85 41 54 42 64 64 31 43 42 0 51 39 65 75 57 46 66 69 35 66 27 65 50 24 76 55 44 68 25 74 65 32 61 61 44 57 74 26 41 79 38 47 50 71 45 61 51 61 51 5 24 55 29 52 62 54 18 67 66 19 61 58 43 64 56 61 25 47 
51 51 51 72 72 79 54 21 44 13 49 69 21 25 56 51 42 68 34 53 50 50 21 51 40 60 35 26 37 41 37 52 52 21 24 24 58 34 39 51 50 43 22 51 49 10 51 0 12 40 27 7 46 14 18 40 28 51 13 8 71 28 47 61 64 29 34 29 63 46 40 61 6 26 25 26 30 47 7 32 25 57 41 52 30 9 56 30 7 38 37 55 27 45 51 38 55 18 28 26 55 48 48 64 5 
63 63 63 67 67 68 43 33 41 6 38 59 28 16 53 45 40 56 30 41 39 48 33 45 37 52 45 19 25 53 33 43 44 30 28 31 50 45 34 49 42 45 30 41 41 3 39 12 0 43 37 18 42 26 29 34 35 42 26 12 60 38 42 54 62 17 40 35 54 43 38 55 18 37 13 23 40 38 9 29 35 51 42 48 35 13 44 19 17 30 33 54 26 35 52 42 45 24 28 23 51 46 48 54 7 
68 68 68 111 111 81 58 35 84 38 78 62 20 60 28 36 82 69 21 78 76 20 50 89 21 48 68 32 61 64 23 49 46 59 65 20 45 63 25 22 85 3 22 81 84 45 65 40 43 0 62 36 24 44 49 31 16 45 41 49 71 63 86 42 27 55 73 14 54 86 80 42 41 31 49 25 61 81 35 72 27 37 4 25 10 50 70 42 34 36 77 20 67 48 12 4 54 58 69 22 95 16 12 60 43 
32 32 32 69 69 105 80 27 42 40 64 96 41 42 82 79 36 94 60 70 68 76 12 54 67 88 8 53 58 20 64 80 80 8 18 42 86 11 66 77 59 65 39 65 57 34 75 27 37 62 0 26 72 17 12 68 45 79 20 25 97 1 48 88 88 51 15 48 91 42 36 89 23 34 49 54 4 58 34 36 36 84 64 78 51 24 79 56 30 66 39 79 28 72 73 58 82 15 26 53 51 73 72 91 30 
46 46 46 78 78 84 58 14 50 18 56 72 16 33 55 52 47 72 34 60 57 49 18 58 40 62 34 28 44 37 37 56 55 23 28 18 60 31 40 50 57 39 16 58 56 17 57 7 18 36 26 0 46 10 15 42 22 54 8 15 75 28 53 62 61 35 36 24 66 51 45 62 4 19 31 27 28 54 10 39 18 58 38 51 26 15 62 34 3 41 44 53 32 49 48 34 59 21 33 26 61 46 45 68 12 
87 87 87 105 105 57 36 52 82 36 66 37 34 55 10 11 82 46 12 64 62 9 63 84 5 23 80 23 49 80 9 25 22 68 69 36 20 77 7 8 76 22 38 69 76 45 46 46 42 24 72 46 0 56 61 11 36 22 53 52 48 74 82 18 23 46 80 33 29 84 80 18 49 50 40 19 74 72 39 70 46 13 20 6 28 53 51 30 42 18 74 15 68 27 21 28 31 64 71 19 92 10 16 36 46 
37 37 37 77 77 94 68 12 49 27 62 83 24 38 65 63 45 82 44 66 64 58 7 59 50 73 24 39 51 26 47 66 66 16 25 24 70 21 50 60 60 47 22 63 59 24 66 14 26 44 17 10 56 0 5 52 28 64 3 18 85 18 53 72 70 43 29 30 76 50 43 73 8 19 39 38 17 58 20 39 20 68 46 61 34 17 70 44 13 51 44 62 32 59 56 41 69 18 31 36 60 55 54 78 19 
33 33 33 75 75 98 72 16 47 31 63 87 29 39 71 68 42 86 49 68 65 64 3 58 55 78 19 43 54 23 53 71 70 12 22 29 75 16 55 65 60 53 27 64 59 27 69 18 29 49 12 15 61 5 0 57 33 69 8 19 89 13 52 77 76 45 25 35 81 48 41 78 12 22 42 43 12 58 24 38 25 73 51 67 39 19 73 48 18 56 42 67 30 64 61 46 73 16 29 42 57 61 59 82 22 
87 87 87 94 94 50 26 51 73 28 55 32 34 44 21 11 73 37 11 53 51 20 60 73 10 21 76 14 38 78 7 17 15 62 62 37 18 74 6 20 65 30 39 58 65 37 35 40 34 31 68 42 11 52 57 0 38 14 50 45 40 69 72 20 34 35 74 36 25 74 71 21 44 50 30 14 70 61 33 60 47 17 27 18 31 46 40 19 39 6 65 27 59 16 31 34 23 57 62 16 82 21 26 29 39 
52 52 52 100 100 88 62 19 73 31 73 71 7 52 43 46 70 75 27 75 73 35 33 80 31 58 51 32 58 47 31 56 54 44 51 4 55 46 34 37 77 20 6 76 76 36 66 28 35 16 45 22 36 28 33 38 0 53 25 37 78 47 76 54 44 51 58 2 63 74 68 55 27 14 45 26 45 74 26 61 10 49 20 39 8 38 71 42 21 41 66 36 55 52 29 13 61 44 56 23 83 31 28 68 33 
100 100 100 95 95 35 14 64 76 38 52 18 49 48 27 12 78 23 26 48 46 31 72 74 24 10 87 25 37 91 22 3 1 72 70 52 9 86 20 29 64 43 53 55 65 46 27 51 42 45 79 54 22 64 69 14 53 0 62 54 26 80 74 17 42 37 82 50 12 78 76 17 56 65 34 28 81 61 44 65 61 18 41 26 46 56 31 23 51 13 69 37 66 9 43 48 9 67 69 30 84 32 38 15 49 
38 38 38 80 80 93 67 9 51 26 62 81 21 38 62 60 47 81 41 66 64 55 9 61 47 71 27 37 51 28 45 64 64 19 27 21 68 23 48 57 61 44 18 64 60 24 65 13 26 41 20 8 53 3 8 50 25 62 0 19 84 22 56 70 67 43 32 27 74 52 46 70 7 16 39 35 20 59 18 41 17 66 43 58 31 18 70 43 11 49 46 59 34 58 53 37 67 20 34 34 62 52 51 76 19 
53 53 53 63 63 80 55 28 35 16 43 71 30 19 63 56 33 68 40 48 45 58 23 43 47 64 33 30 34 42 43 55 56 17 16 33 62 34 45 58 42 51 31 45 41 8 50 8 12 49 25 15 52 18 19 45 37 54 19 0 72 26 38 66 71 26 28 38 66 37 31 67 12 34 23 33 29 40 14 23 34 63 49 59 39 1 54 31 16 42 28 63 18 47 59 47 57 12 19 33 46 55 56 66 6 
122 122 122 95 95 9 17 88 84 58 51 13 73 59 51 36 88 3 51 45 45 56 93 77 50 26 105 48 43 112 48 22 25 90 85 77 29 106 46 54 66 69 78 54 67 63 24 71 60 71 97 75 48 85 89 40 78 26 84 72 0 98 80 36 65 48 98 76 20 86 86 36 77 89 48 52 100 63 65 75 86 39 67 50 72 73 25 41 73 37 77 61 78 26 69 74 17 83 82 55 89 58 64 11 67 
32 32 32 68 68 106 81 29 41 41 64 97 43 42 84 80 35 94 62 70 68 77 14 54 68 89 7 54 59 21 65 81 81 8 18 43 87 11 68 78 59 66 40 65 57 34 76 28 38 63 1 28 74 18 13 69 47 80 22 26 98 0 47 89 89 51 13 49 92 42 35 90 24 35 49 55 5 57 35 36 38 86 65 79 53 24 79 57 31 67 39 81 27 73 75 60 83 15 25 54 50 74 73 92 31 
80 80 80 24 24 84 67 65 6 48 29 86 68 27 93 82 13 77 72 37 36 90 55 6 78 85 52 59 38 68 73 73 76 41 30 71 84 59 75 90 16 88 69 28 14 40 55 47 42 86 48 53 82 53 52 72 76 74 56 38 80 47 0 90 104 37 36 76 84 7 13 91 50 72 42 65 53 18 50 14 72 89 85 89 77 38 55 53 55 66 9 96 21 65 95 84 72 36 22 66 9 88 90 80 43 
105 105 105 112 112 45 31 69 92 49 69 23 52 64 15 9 93 35 28 66 64 22 80 91 23 9 96 35 54 98 24 20 16 83 83 54 8 94 22 20 81 38 56 73 82 58 44 61 54 42 88 62 18 72 77 20 54 17 70 66 36 89 90 0 28 53 94 51 15 94 91 0 65 68 49 34 90 78 54 80 64 4 37 16 46 67 48 37 59 24 84 26 80 27 35 45 25 78 83 35 100 25 31 24 60 
96 96 96 128 128 73 57 63 104 56 89 52 46 77 14 30 103 64 32 87 85 14 76 106 26 38 95 45 72 91 31 46 42 84 88 47 36 90 30 14 99 23 49 93 99 65 68 64 62 27 88 61 23 70 76 34 44 42 67 71 65 89 104 28 0 69 98 41 44 106 101 29 65 59 63 39 88 95 57 91 55 25 24 16 36 72 73 53 58 41 96 8 89 50 15 31 51 82 91 39 114 16 16 53 65 
79 79 79 59 59 55 32 50 39 19 23 50 43 11 56 44 41 44 37 24 22 54 49 38 42 48 58 24 8 68 38 36 38 42 36 47 47 60 38 54 30 56 46 25 30 18 25 29 17 55 51 35 46 43 45 35 51 37 43 26 48 51 37 53 69 0 49 50 48 41 39 53 35 54 6 31 54 26 26 28 52 51 53 53 48 27 28 16 34 29 31 61 30 28 61 55 36 36 33 33 47 53 56 45 24 
44 44 44 55 55 105 81 41 30 45 58 99 53 39 91 85 23 94 68 64 63 85 26 43 75 93 16 59 56 33 71 83 84 13 12 54 90 24 73 86 50 76 51 58 48 36 74 34 40 73 15 36 80 29 25 74 58 82 32 28 98 13 36 94 98 49 0 60 94 30 23 95 32 48 50 61 19 49 41 27 50 91 74 86 63 27 77 59 39 70 29 89 20 75 84 70 84 16 17 60 38 82 82 93 34 
55 55 55 101 101 85 60 21 74 30 73 69 7 52 40 44 71 73 25 74 72 32 36 80 28 56 54 30 57 50 28 53 52 46 52 6 53 48 31 34 77 17 8 75 76 36 65 29 35 14 48 24 33 30 35 36 2 50 27 38 76 49 76 51 41 50 60 0 61 75 69 52 28 17 44 24 47 74 26 62 13 46 17 36 5 39 70 41 22 39 66 34 56 50 26 10 58 46 57 21 84 28 25 66 33 
112 112 112 104 104 29 19 76 87 50 60 8 60 59 30 17 89 20 36 55 54 36 84 83 32 6 99 37 46 103 32 11 10 84 82 63 8 98 29 34 73 51 64 63 74 58 32 63 54 54 91 66 29 76 81 25 63 12 74 66 20 92 84 15 44 48 94 61 0 89 87 15 68 76 45 39 93 70 56 76 72 19 49 30 56 68 36 35 63 25 79 41 77 20 49 57 13 79 81 41 94 38 44 9 61 
74 74 74 27 27 91 72 62 1 49 36 91 67 30 95 85 6 82 74 44 43 91 51 14 79 89 46 61 43 62 75 77 80 36 25 70 88 53 77 92 24 88 68 35 22 40 61 46 43 86 42 51 84 50 48 74 74 78 52 37 86 42 7 94 106 41 30 75 89 0 6 94 48 69 45 66 47 25 50 14 70 92 85 91 76 36 61 56 53 69 9 97 18 69 95 84 76 32 18 67 9 89 91 85 42 
67 67 67 34 34 91 71 56 6 45 39 90 62 27 91 82 2 82 69 46 45 87 44 19 76 87 39 57 42 56 71 76 78 29 18 64 85 46 73 88 28 83 62 38 26 36 61 40 38 80 36 45 80 43 41 71 68 76 46 31 86 35 13 91 101 39 23 69 87 6 0 92 41 62 42 62 40 28 45 11 63 89 80 87 71 30 62 53 47 66 8 93 13 67 90 78 75 25 12 62 16 85 87 84 37 
106 106 106 112 112 44 31 70 93 50 70 23 53 64 16 10 94 35 29 66 64 23 80 91 23 9 97 36 54 98 25 20 16 83 83 55 8 94 22 21 82 39 57 73 82 58 44 61 55 42 89 62 18 73 78 21 55 17 70 67 36 90 91 0 29 53 95 52 15 94 92 0 66 69 49 35 91 78 54 81 65 5 37 17 47 68 48 38 59 25 84 27 80 27 36 46 25 79 83 36 101 26 31 24 60 
45 45 45 74 74 85 60 16 46 19 54 74 21 31 59 55 43 73 37 58 56 53 15 55 43 65 31 31 43 35 40 58 58 19 24 22 63 29 43 54 54 43 20 56 53 16 57 6 18 41 23 4 49 8 12 44 27 56 7 12 77 24 50 65 65 35 32 28 68 48 41 66 0 22 31 30 25 52 12 35 22 61 42 55 30 12 62 36 7 43 40 57 29 51 52 38 60 17 29 29 57 50 49 69 11 
37 37 37 96 96 98 72 6 68 35 75 83 16 52 57 60 63 86 40 79 76 49 21 77 45 71 38 41 62 32 44 67 66 35 44 13 68 32 47 51 76 35 11 77 75 36 74 26 37 31 34 19 50 19 22 50 14 65 16 34 89 35 72 68 59 54 48 17 76 69 62 69 22 0 49 36 32 74 27 57 4 63 35 54 22 34 78 49 19 52 62 51 50 62 43 27 71 37 50 34 78 46 43 79 31 
76 76 76 65 65 56 31 45 43 14 29 49 37 14 51 39 44 44 31 30 28 48 46 43 36 44 57 18 13 66 32 34 35 41 37 41 43 58 33 48 36 49 40 32 36 15 26 25 13 49 49 31 40 39 42 30 45 34 39 23 48 49 42 49 63 6 50 44 45 45 42 49 31 49 0 24 52 32 21 31 47 47 47 47 42 25 30 11 29 24 35 55 32 25 55 49 34 35 35 26 52 47 50 43 20 
72 72 72 89 89 62 36 36 64 17 53 46 20 37 30 25 64 49 7 53 51 25 45 67 14 35 61 6 36 64 10 30 29 48 50 24 32 59 12 26 61 25 25 56 61 26 41 26 23 25 54 27 19 38 43 14 26 28 35 33 52 55 65 34 39 31 61 24 39 66 62 35 30 36 24 0 55 57 19 51 33 30 22 26 20 34 46 17 24 15 56 31 49 26 30 25 35 44 51 2 74 23 26 43 26 
27 27 27 74 74 109 83 26 47 43 69 99 41 46 83 80 41 97 62 75 73 76 11 59 68 90 6 56 62 15 65 82 83 12 23 41 88 6 68 78 64 65 39 70 62 37 79 30 40 61 4 28 74 17 12 70 45 81 20 29 100 5 53 90 88 54 19 47 93 47 40 91 25 32 52 55 0 62 36 41 35 86 64 79 51 27 83 59 31 68 44 80 33 75 73 58 85 19 31 54 56 73 72 94 33 
90 90 90 34 34 67 51 68 24 43 11 70 67 22 83 70 29 60 64 19 18 81 62 14 69 71 64 51 24 78 64 59 62 50 39 70 71 69 65 81 3 82 69 9 4 38 38 47 38 81 58 54 72 58 58 61 74 61 59 40 63 57 18 78 95 26 49 74 70 25 28 78 52 74 32 57 62 0 48 21 73 77 80 79 73 40 38 42 54 55 20 87 29 51 88 81 56 43 32 59 26 80 83 64 42 
57 57 57 75 75 74 48 24 48 7 48 62 18 26 49 44 46 62 27 51 48 43 27 54 33 53 42 19 34 47 30 46 46 29 31 21 51 41 32 44 51 37 20 50 50 10 47 7 9 35 34 10 39 20 24 33 26 44 18 14 65 35 50 54 57 26 41 26 56 50 45 54 12 27 21 19 36 48 0 36 26 50 35 45 26 15 51 24 8 31 41 48 32 39 45 34 48 25 33 19 59 41 42 57 7 
68 68 68 39 39 81 60 51 12 35 30 78 54 16 81 71 13 71 59 37 35 77 42 19 65 76 42 47 32 57 61 64 66 28 17 56 74 47 62 77 22 74 55 30 21 26 50 32 29 72 36 39 70 39 38 60 61 65 41 23 75 36 14 80 91 28 27 62 76 14 11 81 35 57 31 51 41 21 36 0 57 78 71 77 62 23 51 42 40 55 4 83 8 56 81 70 64 22 10 52 22 75 77 73 28 
41 41 41 96 96 95 69 9 68 33 74 80 12 51 53 56 65 83 36 77 75 45 24 77 41 67 42 37 60 36 40 64 62 36 45 9 64 35 43 47 76 31 8 76 75 35 71 25 35 27 36 18 46 20 25 47 10 61 17 34 86 38 72 64 55 52 50 13 72 70 63 65 22 4 47 33 35 73 26 57 0 59 31 50 18 34 76 47 18 49 62 47 51 59 39 23 68 38 51 31 79 42 39 76 31 
101 101 101 111 111 48 32 65 90 46 69 27 47 62 11 7 91 38 24 66 64 17 76 89 18 13 92 32 53 93 20 21 17 79 79 50 10 90 18 16 80 34 52 72 81 55 45 57 51 37 84 58 13 68 73 17 49 18 66 63 39 86 89 4 25 51 91 46 19 92 89 5 61 63 47 30 86 77 50 78 59 0 32 12 41 64 49 35 55 22 82 22 77 27 31 41 26 75 80 31 99 20 26 28 56 
72 72 72 110 110 76 54 38 84 37 76 57 22 59 23 31 82 65 17 76 73 15 52 88 17 43 70 29 59 67 19 44 42 61 66 22 40 65 21 17 83 2 25 79 83 45 61 41 42 4 64 38 20 46 51 27 20 41 43 49 67 65 85 37 24 53 74 17 49 85 80 37 42 35 47 22 64 80 35 71 31 32 0 21 12 50 67 40 35 32 76 16 67 44 10 8 50 59 69 20 94 12 8 56 43 
92 92 92 112 112 59 40 56 89 42 73 39 39 61 4 13 89 49 18 71 69 5 68 90 11 24 86 29 56 85 15 29 26 74 76 40 21 82 14 3 83 22 43 76 83 52 51 52 48 25 78 51 6 61 67 18 39 26 58 59 50 79 89 16 16 53 86 36 30 91 87 17 55 54 47 26 79 79 45 77 50 12 21 0 31 60 56 37 48 24 81 11 75 33 19 29 35 70 77 26 99 8 14 38 52 
60 60 60 101 101 81 56 26 75 29 71 64 9 51 35 38 72 69 20 73 70 27 40 80 23 51 58 27 55 54 23 49 47 49 55 10 48 53 26 28 77 13 12 74 76 36 61 30 35 10 51 26 28 34 39 31 8 46 31 39 72 53 77 46 36 48 63 5 56 76 71 47 30 22 42 20 51 73 26 62 18 41 12 31 0 40 67 38 24 35 67 29 57 46 22 7 54 48 59 18 85 23 21 61 34 
52 52 52 62 62 81 56 28 35 18 44 73 31 20 64 58 32 70 42 48 46 59 23 43 48 66 32 32 35 41 44 56 57 16 15 33 63 33 47 60 42 52 31 45 41 10 51 9 13 50 24 15 53 17 19 46 38 56 18 1 73 24 38 67 72 27 27 39 68 36 30 68 12 34 25 34 27 40 15 23 34 64 50 60 40 0 55 33 16 43 28 64 17 49 60 48 58 10 18 34 45 56 57 67 7 
107 107 107 70 70 29 17 75 60 44 26 33 65 38 59 43 64 22 49 20 19 60 77 52 51 39 86 40 20 96 47 28 32 71 64 69 40 89 46 60 41 69 69 29 42 46 5 56 44 70 79 62 51 70 73 40 71 31 70 54 25 79 55 48 73 28 77 70 36 61 62 48 62 78 30 46 83 38 51 51 76 49 67 56 67 55 0 29 60 34 53 67 56 23 72 72 23 64 60 49 64 61 66 28 51 
81 81 81 75 75 49 24 47 54 16 36 39 35 26 40 28 55 37 23 36 33 38 51 54 27 34 65 11 19 71 22 23 24 49 47 39 32 65 23 38 46 42 39 39 46 23 24 30 19 42 56 34 30 44 48 19 42 23 43 31 41 57 53 37 53 16 59 41 35 56 53 38 36 49 11 17 59 42 24 42 47 35 40 37 38 33 29 0 32 13 46 45 42 15 47 43 25 43 45 20 63 38 42 34 26 
49 49 49 79 79 82 56 15 52 16 56 69 14 32 52 49 49 70 30 59 56 46 21 59 37 59 37 25 43 40 34 53 52 26 31 16 57 35 37 47 57 37 14 58 56 16 55 7 17 34 30 3 42 13 18 39 21 51 11 16 73 31 55 59 58 34 39 22 63 53 47 59 7 19 29 24 31 54 8 40 18 55 35 48 24 16 60 32 0 38 45 50 34 46 45 31 56 24 35 23 62 43 42 65 12 
87 87 87 89 89 46 21 51 68 25 48 31 36 39 27 15 69 34 15 46 44 27 59 67 16 22 74 12 31 78 13 15 14 59 58 39 20 73 11 26 59 35 40 51 59 34 29 38 30 36 66 41 18 51 56 6 41 13 49 42 37 67 66 24 41 29 70 39 25 69 66 25 43 52 24 15 68 55 31 55 49 22 32 24 35 43 34 13 38 0 59 34 55 11 37 38 19 54 58 17 76 27 32 27 36 
71 71 71 34 34 83 63 55 8 39 30 81 59 20 85 75 10 74 64 37 36 81 46 15 70 79 44 51 34 60 65 68 70 32 21 61 78 51 67 82 20 78 60 29 18 31 52 37 33 77 39 44 74 44 42 65 66 69 46 28 77 39 9 84 96 31 29 66 79 9 8 84 40 62 35 56 44 20 41 4 62 82 76 81 67 28 53 46 45 59 0 87 12 59 86 75 67 26 13 57 17 80 82 75 33 
89 89 89 120 120 70 51 55 95 48 82 50 38 68 10 25 95 60 23 80 78 6 68 98 18 35 86 36 65 84 22 40 37 76 79 39 32 82 22 7 91 16 41 85 91 57 62 55 54 20 79 53 15 62 67 27 36 37 59 63 61 81 96 26 8 61 89 34 41 97 93 27 57 51 55 31 80 87 48 83 47 22 16 11 29 64 67 45 50 34 87 0 80 43 10 24 46 73 82 30 105 7 8 49 56 
60 60 60 45 45 85 62 44 17 32 37 81 48 18 79 70 14 75 57 44 42 74 34 27 63 76 34 45 36 48 59 66 67 20 9 51 75 39 61 75 31 69 49 37 29 23 54 27 26 67 28 32 68 32 30 59 55 66 34 18 78 27 21 80 89 30 20 56 77 18 13 80 29 50 32 49 33 29 32 8 51 77 67 75 57 17 56 42 34 55 12 80 0 57 77 65 66 14 3 49 28 72 74 75 24 
96 96 96 85 85 35 10 61 67 32 42 24 47 39 35 20 69 23 27 39 37 37 67 64 27 20 80 21 27 86 24 8 11 65 62 50 19 80 23 36 54 46 51 45 55 38 18 45 35 48 72 49 27 59 64 16 52 9 58 47 26 73 65 27 50 28 75 50 20 69 67 27 51 62 25 26 75 51 39 56 59 27 44 33 46 49 23 15 46 11 59 43 57 0 48 50 9 59 60 29 74 37 43 18 42 
80 80 80 119 119 78 57 48 94 46 84 58 31 68 20 32 92 67 24 83 81 13 62 97 21 43 80 37 67 76 25 47 44 71 76 32 40 75 26 15 92 8 34 87 91 54 67 51 52 12 73 48 21 56 61 31 29 43 53 59 69 75 95 35 15 61 84 26 49 95 90 36 52 43 55 30 73 88 45 81 39 31 10 19 22 60 72 47 45 37 86 10 77 48 0 16 53 69 79 29 104 11 5 57 53 
64 64 64 109 109 84 60 32 82 37 78 65 17 59 32 39 80 72 23 79 76 24 46 88 24 51 64 32 62 60 26 51 49 56 62 16 48 59 28 26 84 8 19 81 83 44 66 38 42 4 58 34 28 41 46 34 13 48 37 47 74 60 84 45 31 55 70 10 57 84 78 46 38 27 49 25 58 81 34 70 23 41 8 29 7 48 72 43 31 38 75 24 65 50 16 0 57 56 66 23 93 20 16 63 41 
105 105 105 91 91 27 6 70 75 41 47 14 56 47 37 21 77 14 34 42 41 40 76 70 33 16 90 31 33 96 31 5 9 75 71 59 16 90 29 39 60 52 60 50 61 48 19 55 45 54 82 59 31 69 73 23 61 9 67 57 17 83 72 25 51 36 84 58 13 76 75 25 60 71 34 35 85 56 48 64 68 26 50 35 54 58 23 25 56 19 67 46 66 9 53 57 0 69 69 37 81 42 47 9 52 
46 46 46 59 59 91 66 30 31 29 49 83 38 26 74 68 26 80 52 55 53 69 19 42 58 77 22 43 43 35 55 67 68 7 7 40 74 26 57 70 45 61 37 50 43 20 61 18 24 58 15 21 64 18 16 57 44 67 20 12 83 15 36 78 82 36 16 46 79 32 25 79 17 37 35 44 19 43 25 22 38 75 59 70 48 10 64 43 24 54 26 73 14 59 69 56 69 0 13 44 41 66 66 78 18 
58 58 58 46 46 88 66 43 17 34 40 84 49 22 81 73 13 78 59 47 45 76 33 28 65 79 31 48 39 46 61 69 70 18 7 51 78 37 63 77 33 71 49 40 31 25 58 28 28 69 26 33 71 31 29 62 56 69 34 19 82 25 22 83 91 33 17 57 81 18 12 83 29 50 35 51 31 32 33 10 51 80 69 77 59 18 60 45 35 58 13 82 3 60 79 66 69 13 0 52 28 74 75 78 25 
70 70 70 90 90 64 39 34 65 17 55 49 18 38 30 26 64 52 7 56 53 24 44 68 14 37 60 9 39 62 11 33 31 48 50 22 34 58 13 25 62 23 23 58 62 26 43 26 23 22 53 26 19 36 42 16 23 30 34 33 55 54 66 35 39 33 60 21 41 67 62 36 29 34 26 2 54 59 19 52 31 31 20 26 18 34 49 20 23 17 57 30 49 29 29 23 37 44 52 0 75 22 24 45 26 
82 82 82 17 17 93 76 72 10 57 38 95 77 37 103 91 15 86 82 45 45 99 61 12 87 95 54 69 48 71 83 83 85 46 35 79 94 62 84 100 24 96 77 36 22 49 64 55 51 95 51 61 92 60 57 82 83 84 62 46 89 50 9 100 114 47 38 84 94 9 16 101 57 78 52 74 56 26 59 22 79 99 94 99 85 45 64 63 62 76 17 105 28 74 104 93 81 41 28 75 0 98 100 89 51 
84 84 84 112 112 67 46 49 88 40 75 47 32 61 11 21 87 56 16 73 71 3 62 90 11 32 80 29 57 78 15 36 33 69 72 33 29 76 15 5 83 13 35 78 83 49 56 48 46 16 73 46 10 55 61 21 31 32 52 55 58 74 88 25 16 53 82 28 38 89 85 26 50 46 47 23 73 80 41 75 42 20 12 8 23 56 61 38 43 27 80 7 72 37 11 20 42 66 74 22 98 0 5 46 49 
81 81 81 115 115 73 52 47 90 42 79 53 30 63 16 27 88 62 19 78 75 8 60 93 15 38 78 32 61 75 19 42 39 68 72 31 35 74 20 10 87 8 33 82 87 50 61 48 48 12 72 45 16 54 59 26 28 38 51 56 64 73 90 31 16 56 82 25 44 91 87 31 49 43 50 26 72 83 42 77 39 26 8 14 21 57 66 42 42 32 82 8 74 43 5 16 47 66 75 24 100 5 0 52 50 
114 114 114 98 98 21 13 79 83 50 53 5 64 56 39 25 86 10 41 48 47 44 85 78 38 15 99 39 41 105 37 12 14 84 80 67 17 99 35 42 67 58 68 56 68 57 25 64 54 60 91 68 36 78 82 29 68 15 76 66 11 92 80 24 53 45 93 66 9 85 84 24 69 79 43 43 94 64 57 73 76 28 56 38 61 67 28 34 65 27 75 49 75 18 57 63 9 78 78 45 89 46 52 0 61 
56 56 56 67 67 76 50 26 40 10 44 66 25 20 56 50 39 64 34 47 45 51 26 47 40 58 38 24 32 45 37 50 50 23 23 28 56 38 39 52 45 45 26 46 44 5 47 5 7 43 30 12 46 19 22 39 33 49 19 6 67 31 43 60 65 24 34 33 61 42 37 60 11 31 20 26 33 42 7 28 31 56 43 52 34 7 51 26 12 36 33 56 24 42 53 41 52 18 25 26 51 49 50 61 0 
