100 7386.49 0 1680 14 120
72.98 91.78 36.47 74.64 41.9 13.8 62.14 97.8 18.91 40.03 68.56 58.27 36.39 6.83 54.36 26.31 2.61 56.72 26.29 39.26 83.18 28.69 86.23 97.62 71.65 62.01 74.42 86.43 18.12 20.22 8.94 8.44 17.33 62.95 35.79 58.5 35.95 12.69 42.27 17.4 51.42 71.02 2.08 37.38 43.12 16.78 15.94 86.48 97.57 68.94 4.19 95.82 2.61 79.27 16.04 58.07 46.49 1.81 84.63 74.65 36.42 71.86 14.21 76.04 18.14 29.41 53.27 10.0 17.8 24.16 27.61 62.96 80.6 4.46 32.04 2.38 97.25 94.26 15.97 7.69 70.66 28.65 79.64 59.53 87.26 79.83 68.57 19.84 1.82 92.7 14.04 2.34 71.04 9.73 84.74 82.34 12.4 38.57 63.96 73.19 
77.32 70.16 17.53 18.59 46.03 33.02 34.49 81.22 62.08 61.63 59.11 75.48 83.23 18.79 76.59 45.37 79.95 50.27 32.33 78.67 82.81 31.52 73.53 20.45 29.64 11.51 15.43 43.85 49.53 44.22 87.49 69.22 51.4 14.48 37.76 36.01 10.93 64.79 89.68 84.6 84.36 27.13 25.55 52.96 87.65 36.82 88.47 78.42 27.44 69.52 80.67 28.28 68.37 41.04 37.36 27.06 72.19 87.52 86.58 20.93 59.42 14.44 72.9 23.71 22.0 24.74 86.18 86.19 32.25 60.51 80.89 47.63 19.94 68.5 83.93 12.97 53.88 30.74 55.45 34.36 16.4 48.12 23.58 73.82 65.28 63.68 56.9 62.32 86.04 68.58 38.8 12.26 30.93 59.01 71.87 74.01 42.2 67.81 36.73 69.62 
7 9 4 7 4 2 6 9 2 4 7 6 4 1 5 3 1 6 3 4 8 3 8 9 7 6 7 8 2 2 1 1 2 6 4 6 4 2 4 2 5 7 1 4 4 2 2 8 9 7 1 9 1 8 2 6 5 1 8 7 4 7 2 7 2 3 5 1 2 3 3 6 8 1 3 1 9 9 2 1 7 3 8 6 8 8 7 2 1 9 2 1 7 1 8 8 2 4 6 7 
1 2 3 4 5 6 7 8 9 10 11 12 13 14 15 16 17 18 19 20 21 22 23 24 25 26 27 28 29 30 31 32 33 34 35 36 37 38 39 40 41 42 43 44 45 46 47 48 49 50 51 52 53 54 55 56 57 58 59 60 61 62 63 64 65 66 67 68 69 70 71 72 73 74 75 76 77 78 79 80 81 82 83 84 85 86 87 88 89 90 91 92 93 94 95 96 97 98 99 100 
2 3 2 2 2 1 2 3 1 2 2 2 2 1 2 1 1 2 1 2 3 1 3 3 2 2 2 3 1 1 1 1 1 2 2 2 2 1 2 1 2 2 1 2 2 1 1 3 3 2 1 3 1 3 1 2 2 1 3 2 2 2 1 2 1 1 2 1 1 1 1 2 3 1 1 1 3 3 1 1 2 1 3 2 3 3 2 1 1 3 1 1 2 1 3 3 1 2 2 2 
3 1 2 3 2 3 2 1 3 2 3 2 2 1 1 3 1 2 3 2 2 3 2 1 3 2 3 2 3 3 1 1 3 2 2 2 2 3 2 3 1 3 1 2 2 3 3 2 1 3 1 1 1 2 3 2 1 1 2 3 2 3 3 3 3 3 1 1 3 3 3 2 2 1 3 1 1 1 3 1 3 3 2 2 2 2 3 3 1 1 3 1 3 1 2 2 3 2 2 3 
5 6 5 5 8 9 3 5 6 2 5 7 2 10 10 3 10 8 3 7 2 9 6 6 7 3 2 2 10 8 6 6 9 8 1 2 7 5 4 8 3 7 6 1 5 8 6 4 9 3 4 9 5 7 5 8 7 7 9 3 2 1 10 6 9 8 2 8 4 5 2 10 2 6 8 2 8 2 5 3 2 10 2 7 4 2 10 3 5 10 2 4 2 5 7 6 4 7 5 3 
4091.37 3624.65 4502.91 4569.25 4042.99 3810.75 3351.51 4167.11 3673.8 4689.53 4040.14 3764.03 4574.56 3315.44 3367.5 3299.62 3489.68 4339.09 3254.57 3764.41 4668.14 3549.71 3700.46 3758.44 3758.67 3313.26 4642.81 4629.43 3339.11 4315.94 3713.85 3724.57 3536.92 4098.51 3369.56 4797.7 3751.79 4551.74 3535.19 4143.23 3461.49 3754.58 3679.51 3525.84 4039.68 4126.42 3743.32 3522.34 4526.82 3354.35 3516.67 4351.76 4221.32 3762.94 4340.44 4043.64 3759.56 3758.08 3615.77 3390.75 4581.07 3621.26 3472.67 3769.56 4229.98 4087.35 4632.49 4383.59 3535.5 4585.28 4705.53 3369.15 4680.28 3638.79 4103.56 4594.34 4256.74 4651.98 4166.62 3462.15 4792.43 3406.67 4624.36 3760.73 3547.53 4685.95 3368.6 3401.9 4018.19 3335.08 4590.16 3553.12 4699.53 4038.7 3759.02 3625.05 3487.29 3759.84 4334.01 3238.98 
0.25 0.54 0.21 0.21 0.4 0.34 0.31 0.24 0.51 0.78 0.23 0.76 0.62 0.05 0.06 0.72 0.07 0.83 0.28 0.7 0.78 0.44 0.49 0.51 0.72 0.07 0.61 0.71 0.04 0.66 0.46 0.53 0.66 0.77 0.65 0.62 0.72 0.25 0.59 0.72 0.4 0.75 0.54 0.55 0.21 0.81 0.57 0.62 0.27 0.48 0.58 0.18 0.25 0.7 0.26 0.63 0.7 0.72 0.21 0.3 0.89 0.25 0.05 0.47 0.38 0.6 0.83 0.7 0.58 0.24 0.83 0.06 0.87 0.56 0.27 0.65 0.46 0.71 0.24 0.45 0.87 0.02 0.93 0.75 0.66 0.88 0.06 0.61 0.27 0.05 0.64 0.6 0.68 0.22 0.76 0.54 0.58 0.74 0.25 0.75 
0.74 0.64 0.5 0.55 0.72 0.9 0.99 0.74 0.77 0.72 0.98 0.66 1.0 0.75 0.74 0.57 0.68 0.65 1.0 0.86 0.58 0.71 0.57 0.66 0.62 0.93 0.98 1.0 0.84 0.82 1.0 0.82 0.71 0.62 0.58 0.64 1.0 1.0 0.79 0.76 0.99 0.64 0.65 0.55 0.53 0.77 0.93 0.73 1.0 0.52 0.7 1.0 0.78 1.0 0.81 0.63 0.88 0.81 0.63 1.0 0.8 0.63 1.0 1.0 0.85 0.68 1.0 0.87 0.55 0.78 0.71 0.98 0.61 0.62 1.0 0.71 0.57 0.78 0.54 0.93 0.54 0.63 0.85 0.9 0.53 0.58 0.81 0.93 0.58 0.53 0.98 0.51 0.68 0.74 0.87 0.85 0.97 1.0 0.97 0.97 
0.79 1.0 0.59 0.76 0.61 0.86 1.0 0.63 0.81 0.6 0.86 0.79 0.94 1.0 1.0 0.54 0.9 1.0 1.0 0.66 0.7 1.0 0.51 0.97 0.58 0.86 0.86 0.95 1.0 0.65 1.0 0.71 1.0 0.96 0.61 0.56 0.63 0.52 0.99 0.64 0.61 0.54 0.91 0.7 0.56 0.95 1.0 0.94 0.65 0.85 0.51 1.0 0.67 0.8 1.0 0.51 0.61 1.0 1.0 0.75 0.7 0.65 0.75 0.84 0.81 0.91 0.85 1.0 1.0 0.84 0.83 0.82 1.0 0.59 0.7 0.91 0.74 0.9 0.66 0.81 0.77 0.86 1.0 0.97 0.87 0.79 0.77 1.0 0.5 0.74 0.82 0.55 0.52 0.87 0.63 0.93 0.55 0.63 0.77 0.69 
0.6 0.55 0.95 0.93 0.59 0.96 1.0 0.52 0.5 0.64 0.75 0.69 0.6 0.92 0.57 0.72 0.77 0.55 0.96 0.94 0.92 1.0 0.63 0.57 0.92 0.97 1.0 0.55 0.57 0.86 0.84 0.82 0.62 0.54 0.82 0.77 0.7 0.69 0.62 1.0 0.76 0.57 0.62 0.65 0.77 0.82 0.84 0.5 0.95 0.62 0.87 0.67 0.56 0.71 0.91 0.76 0.84 1.0 0.93 0.54 0.9 0.54 1.0 0.67 1.0 0.65 0.74 0.69 0.82 0.52 0.94 0.95 0.58 0.85 0.6 0.55 0.87 0.8 0.72 0.97 0.56 0.5 0.63 0.56 0.85 0.76 0.6 0.62 0.56 0.64 0.86 0.89 0.68 0.99 0.55 1.0 0.75 0.89 0.66 0.88 
0.75 0.62 1.0 0.93 0.98 0.95 1.0 0.85 0.85 0.67 0.64 0.95 0.55 0.99 0.5 0.87 0.56 1.0 0.64 0.6 0.7 0.75 0.76 0.62 0.51 0.67 0.97 0.61 0.63 1.0 0.87 0.71 0.57 0.72 0.71 0.81 0.93 1.0 0.61 0.66 0.87 1.0 0.58 0.51 0.91 0.92 1.0 0.79 0.78 1.0 0.82 0.78 0.93 0.71 1.0 0.56 1.0 0.93 0.82 1.0 1.0 0.96 0.83 0.92 1.0 1.0 0.72 1.0 0.86 0.71 0.93 0.94 0.89 0.51 0.95 0.71 0.75 1.0 0.81 0.8 0.8 0.65 0.86 0.93 1.0 0.71 0.66 0.85 0.87 0.68 0.8 1.0 0.72 0.54 0.83 0.66 1.0 1.0 0.84 0.54 
0.63 1.0 0.75 0.83 0.82 0.95 1.0 0.71 0.69 0.73 0.76 1.0 0.88 0.86 0.93 0.97 0.77 1.0 1.0 0.69 0.87 0.65 1.0 0.91 0.87 0.92 1.0 0.52 0.65 0.65 0.93 0.57 0.65 0.75 0.64 0.82 0.76 1.0 0.88 0.6 0.65 0.64 0.55 0.64 0.85 0.55 0.61 0.63 0.88 1.0 1.0 0.97 0.5 0.89 0.71 0.98 0.51 0.97 0.75 1.0 0.86 0.8 1.0 0.81 0.53 1.0 0.91 0.58 0.64 0.51 0.79 0.85 0.69 0.91 0.85 0.7 0.55 0.54 0.76 0.78 0.83 1.0 0.71 0.82 0.76 1.0 0.79 1.0 0.57 0.96 0.91 0.7 0.51 0.94 0.79 1.0 0.55 0.51 0.61 1.0 
0.17 0.22 0.21 0.3 0.2 0.66 0.99 0.15 0.18 0.13 0.31 0.34 0.27 0.59 0.2 0.19 0.2 0.35 0.61 0.22 0.23 0.35 0.14 0.21 0.14 0.48 0.82 0.16 0.19 0.3 0.68 0.19 0.16 0.17 0.13 0.18 0.31 0.36 0.26 0.19 0.26 0.12 0.12 0.08 0.18 0.3 0.47 0.17 0.42 0.27 0.25 0.51 0.14 0.35 0.52 0.13 0.23 0.74 0.36 0.41 0.43 0.17 0.62 0.42 0.36 0.4 0.41 0.35 0.25 0.12 0.41 0.61 0.22 0.14 0.34 0.17 0.15 0.31 0.16 0.45 0.16 0.18 0.33 0.37 0.29 0.24 0.2 0.49 0.08 0.16 0.5 0.17 0.09 0.32 0.2 0.52 0.22 0.29 0.25 0.32 
1059.16 989.26 801.8 1012.41 1735.13 1580.11 774.87 1011.27 1208.71 903.32 892.0 1132.15 743.33 1231.92 1293.85 1366.42 1294.69 2114.66 1033.91 1274.24 768.82 1399.45 1351.47 1192.69 1510.63 803.92 773.55 843.03 927.17 2129.79 1350.04 1223.67 1551.69 2245.71 888.96 930.99 1127.73 863.6 1220.04 2362.41 1268.82 1177.47 1384.37 1150.87 985.4 2429.84 963.3 1039.75 1292.98 839.53 1003.33 1174.13 1046.05 1321.63 1100.21 2214.54 1268.92 1348.29 1119.96 960.77 987.58 1000.06 766.44 925.16 1306.36 2106.28 975.96 2571.75 1363.07 1170.51 956.43 796.3 1067.47 1223.09 1739.6 718.25 2031.85 895.72 963.45 1029.74 981.52 898.69 909.62 1137.43 1334.97 905.36 974.57 1338.43 1106.12 991.41 889.77 1201.77 1047.42 860.95 1350.02 1183.4 1119.67 1217.3 1031.1 1507.19 
159.61 219.58 141.35 349.84 425.62 996.62 761.33 170.11 250.72 117.46 318.75 392.34 233.83 750.89 242.93 244.27 196.42 840.49 598.22 316.3 179.63 501.54 185.13 248.0 203.88 370.82 632.26 137.97 182.08 698.8 924.87 235.34 285.29 363.03 135.52 147.19 367.59 340.7 274.01 420.39 277.56 189.62 143.69 109.86 182.28 750.38 381.67 162.19 489.41 213.0 228.11 648.25 162.46 443.27 590.19 283.41 296.17 963.0 395.22 378.07 411.29 165.43 445.32 480.55 531.38 952.69 399.08 997.88 367.16 123.04 432.81 507.07 219.43 196.66 655.54 152.29 362.31 217.92 117.37 506.2 129.32 155.67 297.3 418.7 446.84 224.39 224.35 676.04 89.86 198.13 460.26 177.35 108.71 260.74 191.38 667.39 250.27 383.55 258.13 448.18 
4795.82 4446.29 3508.98 4562.05 8175.63 7400.54 3374.34 4556.35 5543.55 4016.59 3960.01 5160.76 3216.63 5659.59 5969.27 6332.12 5973.46 10073.32 4669.56 5871.2 3344.12 6497.26 6257.36 5463.46 7053.17 3519.59 3367.75 3715.14 4135.83 10148.97 6250.21 5618.37 7258.47 10728.55 3944.81 4154.96 5138.66 3818.01 5600.22 11312.04 5844.12 5387.37 6421.85 5254.33 4427.01 11649.2 4316.52 4698.74 5964.91 3697.67 4516.64 5370.63 4730.24 6108.14 5001.06 10572.69 5844.61 6241.46 5099.81 4303.86 4437.91 4500.3 3332.2 4125.78 6031.78 10031.39 4379.81 12358.75 6315.34 5352.55 4282.15 3481.51 4837.34 5615.46 8198.0 3091.27 9659.24 3978.6 4317.25 4648.72 4407.62 3993.47 4048.1 5187.15 6174.85 4026.82 4372.83 6192.14 5030.58 4457.07 3948.85 5508.85 4737.08 3804.74 6250.09 5417.02 5098.35 5586.52 4655.48 7035.97 
298.05 597.9 206.74 1249.2 1628.08 4483.12 3306.67 350.55 753.6 87.28 1093.74 1461.71 669.16 3254.46 714.66 721.35 482.09 3702.43 2491.1 1081.51 398.14 2007.68 425.63 740.02 519.4 1354.09 2661.28 189.86 410.4 2993.99 4124.34 676.69 926.44 1315.14 177.58 235.93 1337.94 1203.52 870.07 1601.97 887.82 448.1 218.43 49.3 411.4 3251.92 1408.37 310.96 1947.07 565.0 640.54 2741.24 312.28 1716.35 2450.97 917.03 980.85 4315.02 1476.09 1390.35 1556.43 327.15 1726.59 1902.73 2156.92 4263.45 1495.39 4489.38 1335.79 115.19 1664.03 2035.37 597.15 483.29 2777.68 261.44 1311.54 589.61 86.86 2030.99 146.62 278.34 986.5 1593.48 1734.22 621.95 621.74 2880.2 -50.7 490.65 1801.32 386.76 43.56 803.68 456.89 2836.93 751.33 1417.75 790.63 1740.88 
122.74 144.99 135.09 137.08 121.29 76.21 100.55 166.68 73.48 140.69 121.2 112.92 137.24 66.31 101.03 65.99 69.79 130.17 65.09 112.93 186.73 70.99 148.02 150.34 112.76 99.4 139.28 185.18 66.78 86.32 74.28 74.49 70.74 122.96 101.09 143.93 112.55 91.03 106.06 82.86 103.84 112.64 73.59 105.78 121.19 82.53 74.87 140.89 181.07 100.63 70.33 174.07 84.43 150.52 86.81 121.31 112.79 75.16 144.63 101.72 137.43 108.64 69.45 113.09 84.6 81.75 138.97 87.67 70.71 91.71 94.11 101.07 187.21 72.78 82.07 91.89 170.27 186.08 83.33 69.24 143.77 68.13 184.97 112.82 141.9 187.44 101.06 68.04 80.36 133.4 91.8 71.06 140.99 80.77 150.36 145.0 69.75 112.8 130.02 97.17 
11 15 12 13 11 5 9 17 5 13 11 10 13 4 9 4 4 12 4 10 20 5 15 16 10 9 13 19 4 6 5 5 5 11 9 13 10 6 10 5 9 10 5 10 11 5 5 15 19 9 5 18 6 16 6 11 10 5 15 9 13 10 4 10 6 5 13 6 5 6 6 9 20 5 5 6 18 19 5 4 13 4 19 10 15 20 9 4 5 14 6 5 13 5 16 15 4 10 12 9 
61 55 65 103 61 80 20 31 31 56 35 86 62 109 32 87 24 76 75 24 70 119 75 12 65 33 7 105 37 54 6 71 33 37 105 94 18 56 16 4 25 84 88 14 73 36 5 117 35 92 18 62 15 100 77 97 40 32 8 20 44 26 19 94 76 97 66 60 22 43 5 6 10 77 101 24 53 97 43 45 93 118 62 6 75 11 21 12 9 32 0 81 53 52 50 56 84 80 38 4 
106 78 110 120 120 100 34 54 96 120 120 109 113 120 52 120 120 120 120 95 120 120 120 90 120 80 118 120 120 120 66 120 98 93 120 108 82 110 120 115 70 120 111 96 120 74 96 120 98 118 72 120 54 120 120 120 91 120 60 120 64 120 114 120 120 120 120 120 50 57 61 86 55 120 120 104 120 120 84 101 119 120 118 113 120 114 49 120 30 108 87 120 83 120 106 99 120 98 120 44 
2
0.0 0.0 
100.0 0.0 
0 7 5 6 6 7 4 4 6 7 3 3 5 4 2 5 4 4 1 5 5 3 6 5 6 8 7 7 8 7 3 4 1 2 3 7 5 6 6 2 3 1 3 7 5 4 3 4 1 6 8 5 1 8 2 7 4 6 3 0 6 7 3 7 2 7 5 5 3 1 5 3 2 5 8 2 2 6 7 8 3 4 7 4 7 4 6 6 5 3 1 6 4 6 7 3 6 6 4 3 6 5 
7 0 7 8 2 5 4 2 5 9 4 5 6 6 6 1 6 3 5 5 2 6 8 3 8 7 5 4 5 6 3 3 6 4 3 4 3 4 2 4 7 6 7 5 1 4 6 2 6 8 7 6 5 7 4 6 2 4 6 6 8 5 4 5 5 5 2 2 7 6 2 4 6 5 5 4 6 0 7 7 4 2 5 4 5 6 7 7 6 4 6 8 2 0 5 4 7 7 3 5 5 7 
5 7 0 1 5 4 3 5 3 1 4 2 1 1 2 6 1 4 5 2 4 2 0 4 0 4 3 4 4 2 4 4 4 4 4 4 3 3 5 4 2 4 1 3 6 3 2 4 4 0 3 0 4 3 5 2 4 3 1 5 1 4 2 4 4 3 5 4 1 4 5 3 3 2 4 4 2 6 2 3 4 5 4 3 3 0 1 1 1 3 5 1 5 6 3 4 0 0 5 2 2 0 
6 8 1 0 5 3 3 6 3 0 5 3 1 2 4 7 2 5 6 2 5 3 1 5 0 3 3 4 4 1 5 5 6 5 5 4 4 3 5 5 3 5 3 3 7 4 3 5 5 0 3 1 6 3 6 2 5 3 3 6 1 3 4 4 5 3 6 5 2 5 5 4 4 2 3 6 4 7 1 2 5 6 4 4 3 2 0 0 1 5 6 0 5 7 3 5 0 0 6 3 3 1 
6 2 5 5 0 2 2 1 2 6 3 3 3 4 4 2 4 2 5 2 1 4 5 1 5 4 2 1 2 4 2 2 5 4 2 1 1 2 0 3 5 4 4 2 2 2 5 1 5 5 4 4 5 4 4 3 2 1 3 5 6 2 2 2 4 2 1 0 5 5 1 3 4 2 3 4 4 2 5 4 3 2 2 2 3 4 4 4 3 3 5 5 2 2 2 3 5 5 2 3 2 4 
7 5 4 3 2 0 3 4 1 4 5 3 2 4 5 4 4 3 6 2 3 4 4 3 4 1 0 1 0 1 4 4 6 5 4 0 3 1 2 5 5 6 4 0 5 3 5 4 6 4 1 3 6 1 6 1 4 1 4 7 4 0 3 0 5 0 4 3 5 6 4 4 5 2 0 6 5 5 2 1 4 4 0 3 0 4 3 3 2 5 7 3 4 5 0 5 3 3 4 4 1 3 
4 4 3 3 2 3 0 2 1 4 2 1 2 2 2 3 2 1 3 1 1 2 3 1 3 4 2 2 3 3 1 1 3 2 1 2 0 1 2 2 3 3 2 2 3 0 2 1 3 3 4 2 3 4 3 2 1 1 1 4 4 2 1 3 2 2 2 1 2 3 1 1 2 1 3 3 2 3 3 3 1 2 2 0 3 2 3 2 2 1 4 3 2 3 2 2 3 3 2 1 1 2 
4 2 5 6 1 4 2 0 3 6 2 2 4 4 3 1 4 1 3 3 0 3 6 1 5 6 4 3 4 5 1 0 3 2 1 3 1 3 2 2 4 3 4 4 0 2 4 0 3 6 5 4 3 5 2 4 0 3 3 3 6 4 2 4 2 4 0 1 4 3 0 2 3 3 4 2 3 1 6 5 1 0 4 1 4 4 5 5 4 2 3 6 0 1 4 1 5 5 0 3 3 4 
6 5 3 3 2 1 1 3 0 4 3 2 1 2 3 4 3 2 5 1 2 3 3 2 3 2 0 1 1 1 3 3 5 4 3 1 1 0 2 4 4 4 3 0 4 2 4 3 5 3 2 2 5 2 4 1 3 0 2 5 4 1 2 1 4 1 3 2 3 5 3 3 4 0 1 4 4 4 2 2 3 3 1 2 1 2 2 2 1 3 5 3 3 4 0 4 3 3 3 2 0 2 
7 9 1 0 6 4 4 6 4 0 5 4 2 2 4 7 3 5 6 3 6 4 1 6 0 4 4 5 4 2 6 6 6 6 6 5 5 4 6 6 4 5 3 4 7 4 3 6 5 0 3 2 6 3 6 3 6 4 3 6 1 4 4 5 6 4 7 6 3 6 6 5 5 3 4 6 4 8 1 3 6 7 5 5 4 2 1 1 2 5 6 0 6 8 4 6 1 1 6 4 3 1 
3 4 4 5 3 5 2 2 3 5 0 1 3 2 1 3 2 1 1 2 2 1 4 2 4 6 4 4 5 4 0 1 1 0 0 4 2 3 3 0 2 1 2 4 2 1 2 1 1 4 6 3 1 6 1 4 1 3 2 2 5 4 1 5 0 4 2 2 2 1 2 0 1 3 5 1 1 3 5 5 0 2 4 1 5 3 4 4 3 0 2 5 1 3 4 0 4 4 1 1 3 3 
3 5 2 3 3 3 1 2 2 4 1 0 2 1 1 3 1 1 2 1 2 1 3 2 3 5 3 3 4 3 1 1 2 2 1 3 1 2 3 1 2 2 1 3 3 0 1 2 2 3 4 2 2 4 2 3 2 2 0 3 3 3 0 4 2 3 3 2 1 2 2 1 1 1 4 2 1 4 4 4 1 3 3 1 3 1 3 2 2 1 3 3 2 4 3 2 3 3 2 0 2 2 
5 6 1 1 3 2 2 4 1 2 3 2 0 1 2 5 1 3 4 1 3 2 1 3 1 3 2 3 3 1 3 3 4 4 3 3 2 1 4 4 2 4 2 2 5 2 2 4 4 1 3 0 4 2 4 1 4 2 1 5 2 2 2 3 4 2 4 3 2 4 4 3 3 0 2 4 3 5 2 2 3 4 3 2 2 1 1 0 0 3 5 1 4 5 2 4 1 1 4 2 1 0 
4 6 1 2 4 4 2 4 2 2 2 1 1 0 1 5 0 3 3 1 3 1 1 3 2 4 3 4 4 3 3 3 3 3 3 4 3 2 4 3 1 2 0 3 5 2 1 4 3 2 4 0 3 4 4 2 4 3 0 4 2 4 1 4 3 3 4 4 0 3 4 2 2 2 4 3 1 5 3 4 3 4 4 2 4 0 2 1 1 2 4 2 4 6 3 3 1 1 4 1 2 1 
2 6 2 4 4 5 2 3 3 4 1 1 2 1 0 5 1 2 2 2 3 0 3 3 3 6 4 5 5 4 2 3 1 2 2 5 3 3 5 2 0 1 1 4 4 2 0 3 1 3 5 2 2 5 2 4 3 4 1 2 3 5 1 5 1 5 4 4 1 1 3 1 0 3 5 2 0 5 4 5 2 4 5 2 5 1 3 3 2 1 2 4 3 5 4 2 3 3 3 1 3 2 
5 1 6 7 2 4 3 1 4 7 3 3 5 5 5 0 5 2 4 4 1 4 7 1 6 6 4 3 4 5 2 2 4 3 2 4 2 3 2 3 5 4 5 4 0 3 5 1 5 7 6 5 4 6 3 5 1 3 4 4 7 4 3 4 3 4 0 1 5 4 1 3 4 4 5 3 4 0 6 6 2 1 4 2 5 5 6 6 5 3 4 7 1 0 4 2 6 6 1 4 4 5 
4 6 1 2 4 4 2 4 3 3 2 1 1 0 1 5 0 2 3 1 3 1 2 3 2 5 3 4 4 3 3 3 3 3 3 4 3 2 4 3 1 2 0 3 5 2 1 3 2 2 4 1 3 4 3 3 3 3 0 3 2 4 1 4 2 4 4 4 0 3 4 2 1 2 4 3 1 5 3 4 3 4 4 2 4 0 2 2 1 2 3 2 3 5 3 3 2 2 3 1 2 1 
4 3 4 5 2 3 1 1 2 5 1 1 3 3 2 2 2 0 2 2 0 2 4 1 4 5 3 3 4 4 0 0 3 2 0 3 0 2 2 1 3 2 3 3 2 0 3 0 3 4 5 3 2 5 2 3 0 2 2 3 5 3 1 3 2 3 1 1 3 3 1 1 2 2 4 2 2 2 5 4 1 1 3 0 4 3 4 4 3 1 3 5 0 2 3 1 4 4 1 1 2 3 
1 5 5 6 5 6 3 3 5 6 1 2 4 3 2 4 3 2 0 4 3 2 5 3 5 8 6 6 6 6 2 2 0 0 2 6 3 5 5 1 2 1 3 6 3 3 2 3 1 5 7 4 0 7 0 6 3 5 3 0 5 6 2 6 0 6 4 4 3 0 3 2 1 4 7 0 2 4 7 7 1 3 6 2 6 4 6 5 4 1 0 6 3 4 6 1 5 5 2 2 5 5 
5 5 2 2 2 2 1 3 1 3 2 1 1 1 2 4 1 2 4 0 2 2 2 2 2 3 1 2 2 2 2 2 4 3 2 2 1 1 3 3 2 3 2 1 4 1 2 3 3 2 3 1 4 3 4 1 3 1 1 4 3 2 1 2 3 2 3 2 2 4 3 2 3 0 2 3 2 4 2 3 2 3 2 2 2 1 2 1 0 2 4 2 3 4 1 3 2 2 3 1 1 1 
5 2 4 5 1 3 1 0 2 6 2 2 3 3 3 1 3 0 3 2 0 3 5 0 5 5 3 2 3 4 1 0 4 2 1 2 0 2 1 2 4 3 4 3 1 1 4 0 4 5 5 4 3 4 3 3 0 2 3 4 5 3 2 3 3 3 0 0 4 4 0 2 3 2 3 3 3 2 5 4 1 1 3 1 3 3 4 4 3 2 4 5 0 2 3 2 5 4 1 2 2 4 
3 6 2 3 4 4 2 3 3 4 1 1 2 1 0 4 1 2 2 2 3 0 3 3 3 5 4 5 5 4 2 2 2 2 2 4 2 3 4 2 0 1 0 4 4 1 0 3 1 3 5 2 2 5 2 3 3 3 0 2 3 4 1 5 1 4 4 3 1 2 3 1 0 2 5 2 0 5 4 5 2 3 4 2 4 1 3 3 2 1 2 3 3 5 4 2 3 3 3 0 3 2 
6 8 0 1 5 4 3 6 3 1 4 3 1 1 3 7 2 4 5 2 5 3 0 5 0 4 3 5 4 2 5 5 5 5 5 5 4 3 6 5 2 4 2 4 7 3 2 5 4 0 4 1 5 3 5 2 5 4 2 5 0 4 3 4 4 4 6 5 2 5 5 4 3 2 4 5 3 7 2 3 5 6 4 4 4 1 1 1 2 4 5 1 5 7 3 5 0 0 5 3 3 1 
5 3 4 5 1 3 1 1 2 6 2 2 3 3 3 1 3 1 3 2 0 3 5 0 5 4 3 2 3 4 1 1 4 3 1 2 0 2 1 2 4 3 4 3 1 1 4 0 4 5 4 3 3 4 3 3 0 2 3 4 5 3 2 3 3 3 1 0 4 4 0 2 3 2 3 3 3 2 5 4 1 1 3 1 3 3 4 4 3 2 4 5 1 2 3 2 4 4 1 2 2 4 
6 8 0 0 5 4 3 5 3 0 4 3 1 2 3 6 2 4 5 2 5 3 0 5 0 3 3 4 4 2 5 5 5 5 5 4 4 3 5 5 3 4 2 3 6 3 3 5 5 0 3 1 5 3 5 2 5 3 2 6 0 3 3 4 5 3 6 5 2 5 5 4 4 2 3 5 3 7 1 3 5 6 4 4 3 1 0 0 1 4 6 0 5 7 3 5 0 0 5 3 3 0 
8 7 4 3 4 1 4 6 2 4 6 5 3 4 6 6 5 5 8 3 5 5 4 4 3 0 1 2 1 1 6 5 7 7 6 2 4 3 4 6 6 7 5 1 6 4 6 5 7 4 0 4 7 0 7 1 5 2 5 8 4 1 5 1 7 1 5 4 5 7 5 5 6 3 1 7 6 6 2 0 6 6 1 5 1 4 3 3 3 6 8 3 6 6 2 6 3 3 6 5 2 3 
7 5 3 3 2 0 2 4 0 4 4 3 2 3 4 4 3 3 6 1 3 4 3 3 3 1 0 1 1 1 4 3 6 5 4 1 2 1 2 4 4 5 4 0 4 2 4 3 5 3 1 2 6 1 5 0 4 0 3 6 4 0 3 1 5 0 3 3 4 5 3 4 4 1 0 5 4 5 2 1 4 4 0 3 0 3 2 2 1 4 6 3 4 5 0 4 3 3 4 3 0 2 
7 4 4 4 1 1 2 3 1 5 4 3 3 4 5 3 4 3 6 2 2 5 5 2 4 2 1 0 0 2 4 3 6 5 4 0 2 1 1 5 5 6 5 1 4 3 5 3 6 5 2 4 6 2 5 2 3 1 4 6 5 1 3 0 5 1 3 2 5 6 3 4 5 2 1 5 5 4 3 2 4 4 0 3 1 4 4 3 3 4 6 4 3 4 1 5 4 4 4 4 1 4 
8 5 4 4 2 0 3 4 1 4 5 4 3 4 5 4 4 4 6 2 3 5 4 3 4 1 1 0 0 2 4 4 6 6 4 0 3 1 2 5 5 6 5 0 5 3 5 4 6 4 1 3 6 1 6 1 4 1 4 7 5 0 4 0 5 0 4 3 5 6 4 4 5 2 0 6 5 5 3 1 5 4 0 4 0 4 3 3 2 5 7 4 4 5 1 5 4 4 4 4 1 3 
7 6 2 1 4 1 3 5 1 2 4 3 1 3 4 5 3 4 6 2 4 4 2 4 2 1 1 2 2 0 4 4 6 5 4 2 3 2 4 5 4 5 3 1 6 3 4 5 5 2 1 2 6 1 6 0 5 2 3 6 3 1 3 2 5 1 5 4 3 6 4 4 4 1 1 6 4 6 1 1 5 5 2 4 1 2 1 1 1 4 6 1 5 6 1 5 2 2 5 3 1 2 
3 3 4 5 2 4 1 1 3 6 0 1 3 3 2 2 3 0 2 2 1 2 5 1 5 6 4 4 4 4 0 0 2 1 0 4 1 3 3 1 3 2 3 4 2 1 3 0 2 5 5 3 2 5 1 4 0 3 2 2 5 4 1 4 1 4 1 1 3 2 1 0 2 3 4 1 2 2 5 5 0 1 4 0 4 3 5 4 3 0 2 5 0 2 4 0 5 4 0 1 3 4 
4 3 4 5 2 4 1 0 3 6 1 1 3 3 3 2 3 0 2 2 0 2 5 1 5 5 3 3 4 4 0 0 3 1 0 3 1 2 2 1 3 2 3 3 1 1 3 0 3 5 5 3 2 5 2 4 0 2 2 3 5 4 1 4 2 4 1 1 3 3 0 1 2 3 4 2 2 2 5 5 0 1 4 0 4 3 5 4 3 1 3 5 0 2 3 1 5 4 0 2 3 4 
1 6 4 6 5 6 3 3 5 6 1 2 4 3 1 4 3 3 0 4 4 2 5 4 5 7 6 6 6 6 2 3 0 1 2 6 4 5 5 1 2 0 3 6 4 3 2 3 0 5 7 4 0 7 1 6 3 5 2 0 5 6 2 6 1 6 4 4 3 0 3 2 1 4 7 1 1 5 6 7 2 3 6 3 6 3 5 5 4 1 0 6 3 5 5 2 5 5 3 2 5 4 
2 4 4 5 4 5 2 2 4 6 0 2 4 3 2 3 3 2 0 3 2 2 5 3 5 7 5 5 6 5 1 1 1 0 1 5 2 4 4 0 2 1 3 5 3 2 2 2 1 5 7 4 0 6 0 5 2 4 2 1 5 5 2 5 0 5 3 3 3 1 2 1 1 4 6 0 1 4 6 6 1 2 5 2 6 3 5 5 4 0 1 6 2 4 5 0 5 5 1 2 4 4 
3 3 4 5 2 4 1 1 3 6 0 1 3 3 2 2 3 0 2 2 1 2 5 1 5 6 4 4 4 4 0 0 2 1 0 4 1 3 3 1 3 2 3 4 2 1 3 1 2 5 5 3 2 5 1 4 1 3 2 2 5 4 1 4 1 4 2 2 3 2 1 0 2 3 5 1 2 2 5 5 0 1 4 0 4 3 5 4 3 0 2 5 0 2 4 0 5 4 0 1 3 4 
7 4 4 4 1 0 2 3 1 5 4 3 3 4 5 4 4 3 6 2 2 4 5 2 4 2 1 0 0 2 4 3 6 5 4 0 2 1 1 5 5 5 5 1 4 3 5 3 6 4 2 3 6 2 5 2 3 0 4 6 5 0 3 0 5 1 3 2 5 6 3 4 5 2 1 5 5 4 3 2 4 4 0 3 1 4 4 3 3 4 6 4 3 4 1 4 4 4 4 4 1 4 
5 3 3 4 1 3 0 1 1 5 2 1 2 3 3 2 3 0 3 1 0 2 4 0 4 4 2 2 3 3 1 1 4 2 1 2 0 1 1 2 3 3 3 2 2 1 3 1 3 4 4 3 3 4 3 3 1 1 2 4 4 3 1 3 2 3 1 1 3 3 1 1 3 2 3 3 3 2 4 4 1 2 2 0 3 3 4 3 2 2 4 4 1 3 2 2 4 4 1 2 2 3 
6 4 3 3 2 1 1 3 0 4 3 2 1 2 3 3 2 2 5 1 2 3 3 2 3 3 1 1 1 2 3 2 5 4 3 1 1 0 2 3 4 4 3 1 4 1 3 2 4 3 2 2 5 2 4 1 3 0 2 5 4 1 2 1 4 1 3 2 3 4 2 3 3 0 1 4 3 4 3 2 3 3 1 2 1 2 2 2 1 3 5 3 3 4 0 3 3 3 3 2 0 2 
6 2 5 5 0 2 2 2 2 6 3 3 4 4 5 2 4 2 5 3 1 4 6 1 5 4 2 1 2 4 3 2 5 4 3 1 1 2 0 4 5 5 5 2 2 3 5 2 5 6 4 4 5 4 4 3 2 1 4 5 6 2 3 2 4 3 1 1 5 5 1 3 5 3 3 4 5 2 5 4 3 2 2 2 3 4 5 4 4 3 5 5 2 2 2 3 5 5 2 4 2 4 
2 4 4 5 3 5 2 2 4 6 0 1 4 3 2 3 3 1 1 3 2 2 5 2 5 6 4 5 5 5 1 1 1 0 1 5 2 3 4 0 2 1 3 4 2 1 2 2 1 5 6 4 1 6 0 5 1 4 2 1 5 5 1 5 0 5 3 3 3 1 2 0 1 3 5 0 1 3 6 6 0 2 5 1 5 3 5 4 4 0 1 5 1 3 4 0 5 5 1 1 4 4 
3 7 2 3 5 5 3 4 4 4 2 2 2 1 0 5 1 3 2 2 4 0 2 4 3 6 4 5 5 4 3 3 2 2 3 5 3 4 5 2 0 1 0 4 5 2 0 4 1 3 5 2 2 5 3 4 4 4 1 2 3 5 2 5 2 5 5 4 0 2 4 2 1 3 5 3 0 6 4 5 3 4 5 3 5 1 3 3 3 2 2 3 4 6 4 3 3 3 4 1 4 2 
1 6 4 5 4 6 3 3 4 5 1 2 4 2 1 4 2 2 1 3 3 1 4 3 4 7 5 6 6 5 2 2 0 1 2 5 3 4 5 1 1 0 2 5 4 2 1 3 0 4 7 3 0 6 1 5 3 5 2 1 4 6 2 6 0 6 4 4 2 0 3 1 0 4 6 1 1 5 6 6 2 3 6 2 6 3 5 4 4 1 1 5 3 5 5 1 4 4 3 1 4 4 
3 7 1 3 4 4 2 4 3 3 2 1 2 0 1 5 0 3 3 2 4 0 2 4 2 5 4 5 5 3 3 3 3 3 3 5 3 3 5 3 0 2 0 4 5 2 0 4 2 2 5 1 3 5 3 3 4 4 0 3 2 4 2 5 2 4 5 4 0 2 4 2 1 2 5 3 1 6 3 4 3 4 5 3 4 0 2 2 2 2 3 3 4 6 4 3 2 2 4 1 3 1 
7 5 3 3 2 0 2 4 0 4 4 3 2 3 4 4 3 3 6 1 3 4 4 3 3 1 0 1 0 1 4 3 6 5 4 1 2 1 2 4 4 5 4 0 4 3 4 3 5 3 1 3 6 1 5 1 3 0 3 6 4 0 3 0 5 0 3 2 4 6 3 4 4 1 0 5 4 5 2 1 4 4 0 3 0 3 2 2 2 4 6 3 4 5 0 4 3 3 4 3 0 3 
5 1 6 7 2 5 3 0 4 7 2 3 5 5 4 0 5 2 3 4 1 4 7 1 6 6 4 4 5 6 2 1 4 3 2 4 2 4 2 2 5 4 5 4 0 3 5 1 4 7 6 5 3 6 3 5 1 4 4 4 7 5 3 5 3 5 1 1 5 4 1 2 4 4 5 3 4 0 7 6 2 0 4 2 5 5 6 6 5 2 4 7 1 0 4 2 6 6 1 3 4 5 
4 4 3 4 2 3 0 2 2 4 1 0 2 2 2 3 2 0 3 1 1 1 3 1 3 4 2 3 3 3 1 1 3 2 1 3 1 1 3 1 2 2 2 3 3 0 2 1 2 3 4 2 3 4 2 3 1 2 1 3 4 3 0 3 2 3 2 2 2 3 2 1 2 1 3 2 2 3 4 4 1 2 3 0 3 2 3 3 2 1 3 4 1 3 2 2 3 3 1 1 2 2 
3 6 2 3 5 5 2 4 4 3 2 1 2 1 0 5 1 3 2 2 4 0 2 4 3 6 4 5 5 4 3 3 2 2 3 5 3 3 5 2 0 1 0 4 5 2 0 4 1 3 5 2 2 5 3 4 4 4 1 2 2 5 2 5 2 5 5 4 0 2 4 2 1 3 5 3 0 6 4 5 3 4 5 3 5 1 3 3 2 2 2 3 4 6 4 3 3 2 3 1 3 2 
4 2 4 5 1 4 1 0 3 6 1 2 4 4 3 1 3 0 3 3 0 3 5 0 5 5 3 3 4 5 0 0 3 2 1 3 1 2 2 2 4 3 4 3 1 1 4 0 3 5 5 4 3 5 2 4 0 3 3 3 6 4 2 4 2 4 1 1 4 3 0 1 3 3 4 2 3 1 5 5 1 0 4 1 4 4 5 4 3 1 3 5 0 2 3 1 5 5 0 2 3 4 
1 6 4 5 5 6 3 3 5 5 1 2 4 3 1 5 2 3 1 3 4 1 4 4 5 7 5 6 6 5 2 3 0 1 2 6 3 4 5 1 1 0 2 5 4 2 1 3 0 5 7 4 1 7 1 5 3 5 2 1 4 6 2 6 1 6 4 4 2 0 4 2 0 4 6 1 1 5 6 6 2 3 6 3 6 3 5 4 4 1 1 5 3 5 5 2 5 4 3 2 5 4 
6 8 0 0 5 4 3 6 3 0 4 3 1 2 3 7 2 4 5 2 5 3 0 5 0 4 3 5 4 2 5 5 5 5 5 4 4 3 6 5 3 4 2 3 7 3 3 5 5 0 3 1 5 3 6 2 5 4 2 6 0 4 3 4 5 3 6 5 2 5 5 4 4 2 4 5 3 7 1 3 5 6 4 4 3 1 0 1 2 4 6 0 5 7 3 5 0 0 5 3 3 1 
8 7 3 3 4 1 4 5 2 3 6 4 3 4 5 6 4 5 7 3 5 5 4 4 3 0 1 2 1 1 5 5 7 7 5 2 4 2 4 6 5 7 5 1 6 4 5 5 7 3 0 3 7 0 7 1 5 2 4 8 4 1 4 2 6 1 5 4 5 7 5 5 6 2 1 7 6 6 1 0 6 6 2 5 1 4 2 2 2 6 8 2 6 6 1 6 3 3 6 5 2 3 
5 6 0 1 4 3 2 4 2 2 3 2 0 0 2 5 1 3 4 1 4 2 1 3 1 4 2 4 3 2 3 3 4 4 3 3 3 2 4 4 2 3 1 3 5 2 2 4 4 1 3 0 4 3 4 2 4 3 1 4 1 3 2 3 3 3 4 4 1 4 4 3 3 1 3 4 2 6 2 3 3 5 3 3 3 0 1 0 0 3 4 1 4 6 2 4 1 1 4 2 2 0 
1 5 4 6 5 6 3 3 5 6 1 2 4 3 2 4 3 2 0 4 3 2 5 3 5 7 6 6 6 6 2 2 0 0 2 6 3 5 5 1 2 0 3 6 3 3 2 3 1 5 7 4 0 7 0 6 3 5 3 0 5 6 2 6 0 6 4 4 3 0 3 2 1 4 6 0 2 4 6 7 1 3 6 2 6 3 6 5 4 1 0 6 3 4 5 1 5 5 2 2 5 4 
8 7 3 3 4 1 4 5 2 3 6 4 2 4 5 6 4 5 7 3 4 5 3 4 3 0 1 2 1 1 5 5 7 6 5 2 4 2 4 6 5 6 5 1 6 4 5 5 7 3 0 3 7 0 7 1 5 2 4 7 4 1 4 1 6 1 5 4 5 7 5 5 6 2 1 7 6 6 1 0 6 6 1 5 1 4 2 2 2 5 7 2 5 6 1 6 3 3 6 4 2 3 
2 4 5 6 4 6 3 2 4 6 1 2 4 4 2 3 3 2 0 4 3 2 5 3 5 7 5 5 6 6 1 2 1 0 1 5 3 4 4 0 3 1 3 5 3 2 3 2 1 6 7 4 0 7 0 5 2 4 3 1 6 6 2 6 0 6 3 3 3 1 2 1 1 4 6 0 2 3 6 7 1 2 6 2 6 4 6 5 4 1 1 6 2 4 5 0 5 5 1 2 4 5 
7 6 2 2 3 1 2 4 1 3 4 3 1 2 4 5 3 3 6 1 3 3 2 3 2 1 0 2 1 0 4 4 6 5 4 2 3 1 3 5 4 5 3 1 5 3 4 4 5 2 1 2 6 1 5 0 4 1 3 6 3 1 3 1 5 1 4 3 3 5 4 4 4 1 1 5 4 5 1 1 4 5 1 3 1 2 1 1 1 4 6 2 4 5 0 5 2 2 4 3 1 2 
4 2 4 5 2 4 1 0 3 6 1 2 4 4 3 1 3 0 3 3 0 3 5 0 5 5 4 3 4 5 0 0 3 2 1 3 1 3 2 1 4 3 4 3 1 1 4 0 3 5 5 4 3 5 2 4 0 3 3 3 6 4 2 4 2 4 1 1 4 3 0 1 3 3 4 2 3 1 5 5 1 0 4 1 4 4 5 4 4 1 3 5 0 2 3 1 5 5 0 2 3 4 
6 4 3 3 1 1 1 3 0 4 3 2 2 3 4 3 3 2 5 1 2 3 4 2 3 2 0 1 1 2 3 2 5 4 3 0 1 0 1 4 4 5 4 0 4 2 4 3 5 4 2 3 5 2 4 1 3 0 3 5 4 1 2 1 4 1 2 2 4 5 2 3 4 1 1 4 4 4 3 2 3 3 1 2 1 3 3 3 2 3 5 3 3 4 0 4 3 3 3 3 0 3 
3 6 1 3 3 4 1 3 2 3 2 0 1 0 1 4 0 2 3 1 3 0 2 3 2 5 3 4 4 3 2 2 2 2 2 4 2 2 4 2 1 2 0 3 4 1 1 3 2 2 4 1 3 4 3 3 3 3 0 3 2 4 1 4 2 4 4 3 1 2 3 1 1 2 4 3 1 5 3 4 2 3 4 2 4 0 2 2 1 2 3 3 3 5 3 2 2 2 3 0 2 1 
0 6 5 6 5 7 4 3 5 6 2 3 5 4 2 4 3 3 0 4 4 2 5 4 6 8 6 6 7 6 2 3 0 1 2 6 4 5 5 1 2 1 3 6 4 3 2 3 1 6 8 4 0 7 1 6 3 5 3 0 5 7 3 7 1 6 4 4 3 0 4 2 1 5 7 1 2 5 7 7 2 3 7 3 7 4 6 5 5 2 0 6 3 5 6 2 6 5 3 2 5 5 
6 8 1 1 6 4 4 6 4 1 5 3 2 2 3 7 2 5 5 3 5 3 0 5 0 4 4 5 5 3 5 5 5 5 5 5 4 4 6 5 3 4 2 4 7 4 2 6 4 0 4 1 5 4 6 3 6 4 2 5 0 4 3 5 5 4 6 5 2 5 6 4 4 3 4 5 3 7 2 4 5 6 5 4 4 2 1 1 2 4 5 1 6 7 4 5 1 0 6 3 3 1 
7 5 4 3 2 0 2 4 1 4 4 3 2 4 5 4 4 3 6 2 3 4 4 3 3 1 0 1 0 1 4 4 6 5 4 0 3 1 2 5 5 6 4 0 5 3 5 4 6 4 1 3 6 1 6 1 4 1 4 7 4 0 3 0 5 0 4 3 4 6 4 4 5 2 0 6 5 5 2 1 4 4 0 3 0 3 3 3 2 4 6 3 4 5 0 5 3 3 4 4 1 3 
3 4 2 4 2 3 1 2 2 4 1 0 2 1 1 3 1 1 2 1 2 1 3 2 3 5 3 3 4 3 1 1 2 2 1 3 1 2 3 1 2 2 2 3 3 0 2 2 2 3 4 2 2 4 2 3 2 2 1 3 3 3 0 4 1 3 2 2 2 2 2 0 1 2 4 2 1 4 4 4 1 2 3 0 4 1 3 3 2 1 3 4 2 4 3 1 3 3 2 0 2 2 
7 5 4 4 2 0 3 4 1 5 5 4 3 4 5 4 4 3 6 2 3 5 4 3 4 1 1 0 0 2 4 4 6 5 4 0 3 1 2 5 5 6 5 0 5 3 5 4 6 4 2 3 6 1 6 1 4 1 4 7 5 0 4 0 5 0 3 3 5 6 4 4 5 2 0 6 5 4 3 1 4 4 0 3 0 4 3 3 3 5 7 4 4 4 1 5 4 4 4 4 1 3 
2 5 4 5 4 5 2 2 4 6 0 2 4 3 1 3 2 2 0 3 3 1 4 3 5 7 5 5 5 5 1 2 1 0 1 5 2 4 4 0 2 0 2 5 3 2 2 2 1 5 6 3 0 6 0 5 2 4 2 1 5 5 1 5 0 5 3 3 2 0 2 1 1 3 6 0 1 4 6 6 1 2 5 2 5 3 5 4 4 0 1 5 2 4 5 1 5 4 2 1 4 4 
7 5 3 3 2 0 2 4 1 4 4 3 2 3 5 4 4 3 6 2 3 4 4 3 3 1 0 1 0 1 4 4 6 5 4 1 3 1 3 5 5 6 4 0 5 3 5 4 6 3 1 3 6 1 6 1 4 1 4 6 4 0 3 0 5 0 4 3 4 6 4 4 5 1 0 6 5 5 2 1 4 4 0 3 0 3 3 2 2 4 6 3 4 5 0 5 3 3 4 4 1 3 
5 2 5 6 1 4 2 0 3 7 2 3 4 4 4 0 4 1 4 3 0 4 6 1 6 5 3 3 4 5 1 1 4 3 2 3 1 3 1 3 5 4 5 3 1 2 5 1 4 6 5 4 4 5 3 4 1 2 4 4 6 4 2 3 3 4 0 0 5 4 0 2 4 3 4 3 4 1 6 5 2 1 3 2 4 4 5 5 4 2 4 6 1 1 3 2 5 5 1 3 3 5 
5 2 4 5 0 3 1 1 2 6 2 2 3 4 4 1 4 1 4 2 0 3 5 0 5 4 3 2 3 4 1 1 4 3 2 2 1 2 1 3 4 4 4 2 1 2 4 1 4 5 4 4 4 4 3 3 1 2 3 4 5 3 2 3 3 3 0 0 4 4 0 2 4 2 3 3 4 2 5 4 2 1 3 1 3 4 5 4 3 2 4 5 1 2 3 2 5 5 1 3 2 4 
3 7 1 2 5 5 2 4 3 3 2 1 2 0 1 5 0 3 3 2 4 1 2 4 2 5 4 5 5 3 3 3 3 3 3 5 3 3 5 3 0 2 0 4 5 2 0 4 2 2 5 1 3 5 3 3 4 4 1 3 2 4 2 5 2 4 5 4 0 3 4 2 1 2 5 3 1 6 3 4 3 4 5 3 4 0 2 2 2 2 3 3 4 6 4 3 2 2 4 1 3 1 
1 6 4 5 5 6 3 3 5 6 1 2 4 3 1 4 3 3 0 4 4 2 5 4 5 7 5 6 6 6 2 3 0 1 2 6 3 4 5 1 2 0 2 6 4 3 2 3 0 5 7 4 0 7 1 5 3 5 2 0 5 6 2 6 0 6 4 4 3 0 3 2 1 4 6 1 1 5 6 7 2 3 6 3 6 3 5 5 4 1 0 6 3 5 5 1 5 5 3 2 5 4 
5 2 5 5 1 4 1 0 3 6 2 2 4 4 3 1 4 1 3 3 0 3 5 0 5 5 3 3 4 4 1 0 3 2 1 3 1 2 1 2 4 3 4 3 1 2 4 0 4 5 5 4 3 5 2 4 0 2 3 4 6 4 2 4 2 4 0 0 4 3 0 2 3 3 4 2 3 1 5 5 1 0 3 1 4 4 5 4 4 2 4 5 0 1 3 1 5 5 0 2 3 4 
3 4 3 4 3 4 1 2 3 5 0 1 3 2 1 3 2 1 2 2 2 1 4 2 4 5 4 4 4 4 0 1 2 1 0 4 1 3 3 0 2 1 2 4 2 1 2 1 2 4 5 3 2 5 1 4 1 3 1 2 4 4 0 4 1 4 2 2 2 2 2 0 1 2 4 1 1 3 5 5 0 2 4 0 4 2 4 3 3 0 2 4 1 3 3 1 4 4 1 1 3 3 
2 6 3 4 4 5 2 3 4 5 1 1 3 2 0 4 1 2 1 3 3 0 3 3 4 6 4 5 5 4 2 2 1 1 2 5 3 3 5 1 1 0 1 4 4 2 1 3 0 4 6 3 1 6 1 4 3 4 1 1 4 5 1 5 1 5 4 4 1 1 3 1 0 3 5 1 0 5 5 5 1 3 5 2 5 2 4 3 3 1 1 4 3 5 4 2 4 3 2 1 4 3 
5 5 2 2 2 2 1 3 0 3 3 1 0 2 3 4 2 2 4 0 2 2 2 2 2 3 1 2 2 1 3 3 4 4 3 2 2 0 3 3 3 4 2 1 4 1 3 3 4 2 2 1 4 2 4 1 3 1 2 5 3 2 2 2 3 1 3 2 2 4 3 2 3 0 2 4 3 4 2 2 3 4 2 2 2 1 2 1 0 3 5 2 3 5 1 3 2 2 3 2 0 1 
8 5 4 3 3 0 3 4 1 4 5 4 2 4 5 5 4 4 7 2 3 5 4 3 3 1 0 1 0 1 4 4 7 6 5 1 3 1 3 5 5 6 5 0 5 3 5 4 6 4 1 3 6 1 6 1 4 1 4 7 4 0 4 0 6 0 4 3 5 6 4 4 5 2 0 6 5 5 2 1 5 5 0 4 0 4 3 3 2 5 7 3 4 5 1 5 3 3 5 4 1 3 
2 4 4 6 4 6 3 2 4 6 1 2 4 3 2 3 3 2 0 3 3 2 5 3 5 7 5 5 6 6 1 2 1 0 1 5 3 4 4 0 3 1 3 5 3 2 3 2 1 5 7 4 0 7 0 5 2 4 3 1 5 6 2 6 0 6 3 3 3 1 2 1 1 4 6 0 2 3 6 6 1 2 6 2 6 3 5 5 4 1 1 6 2 4 5 0 5 5 1 2 4 4 
2 6 2 4 4 5 2 3 4 4 1 1 3 1 0 4 1 2 2 2 3 0 3 3 3 6 4 5 5 4 2 2 1 1 2 5 3 3 5 1 0 1 1 4 4 2 0 3 1 3 6 2 2 6 2 4 3 4 1 2 3 5 1 5 1 5 4 4 1 1 3 1 0 3 5 2 0 5 5 5 2 3 5 2 5 2 4 3 3 1 2 4 3 5 4 2 3 3 3 1 4 3 
6 0 6 7 2 5 3 1 4 8 3 4 5 5 5 0 5 2 4 4 2 5 7 2 7 6 5 4 5 6 2 2 5 4 2 4 2 4 2 3 6 5 6 5 0 3 6 1 5 7 6 6 4 6 3 5 1 4 5 5 7 5 4 4 4 5 1 2 6 5 1 3 5 4 5 3 5 0 7 6 3 1 4 3 5 5 7 6 5 3 5 7 2 0 5 3 7 7 2 4 4 6 
7 7 2 1 5 2 3 6 2 1 5 4 2 3 4 6 3 5 7 2 5 4 2 5 1 2 2 3 3 1 5 5 6 6 5 3 4 3 5 6 4 6 3 2 7 4 4 5 6 1 1 2 6 1 6 1 5 3 3 7 2 2 4 3 6 2 6 5 3 6 5 5 5 2 2 6 5 7 0 1 5 6 3 4 2 3 1 1 2 5 7 1 6 7 2 6 1 1 6 4 2 2 
8 7 3 2 4 1 3 5 2 3 5 4 2 4 5 6 4 4 7 3 4 5 3 4 3 0 1 2 1 1 5 5 7 6 5 2 4 2 4 6 5 6 4 1 6 4 5 5 6 3 0 3 7 0 7 1 5 2 4 7 4 1 4 1 6 1 5 4 4 7 5 5 5 2 1 6 5 6 1 0 5 6 1 4 1 3 2 2 2 5 7 2 5 6 1 6 3 3 5 4 2 3 
3 4 4 5 3 4 1 1 3 6 0 1 3 3 2 2 3 1 1 2 1 2 5 1 5 6 4 4 5 5 0 0 2 1 0 4 1 3 3 0 3 2 3 4 2 1 3 1 2 5 6 3 1 6 1 4 1 3 2 2 5 4 1 4 1 4 2 2 3 2 1 0 1 3 5 1 2 3 5 5 0 1 4 1 5 3 5 4 3 0 2 5 1 3 4 0 5 4 0 1 3 4 
4 2 5 6 2 4 2 0 3 7 2 3 4 4 4 1 4 1 3 3 1 3 6 1 6 6 4 4 4 5 1 1 3 2 1 4 2 3 2 2 4 3 4 4 0 2 4 0 3 6 6 5 3 6 2 5 0 3 3 3 6 4 2 4 2 4 1 1 4 3 0 2 3 4 5 2 3 1 6 6 1 0 4 1 5 4 6 5 4 2 3 6 0 1 4 1 6 6 0 3 4 5 
7 5 4 4 2 0 2 4 1 5 4 3 3 4 5 4 4 3 6 2 3 4 4 3 4 1 0 0 0 2 4 4 6 5 4 0 2 1 2 5 5 6 5 0 4 3 5 4 6 4 2 3 6 1 6 1 4 1 4 7 5 0 3 0 5 0 3 3 5 6 3 4 5 2 0 6 5 4 3 1 4 4 0 3 0 4 3 3 2 4 6 4 4 4 1 5 4 4 4 4 1 3 
4 4 3 4 2 3 0 1 2 5 1 1 2 2 2 2 2 0 2 2 1 2 4 1 4 5 3 3 4 4 0 0 3 2 0 3 0 2 2 1 3 2 3 3 2 0 3 1 3 4 5 3 2 5 2 3 1 2 2 3 4 3 0 3 2 3 2 1 3 3 1 0 2 2 4 2 2 3 4 4 1 1 3 0 4 2 4 3 2 1 3 4 1 3 3 1 4 4 1 1 2 3 
7 5 3 3 3 0 3 4 1 4 5 3 2 4 5 5 4 4 6 2 3 4 4 3 3 1 0 1 0 1 4 4 6 6 4 1 3 1 3 5 5 6 4 0 5 3 5 4 6 3 1 3 6 1 6 1 4 1 4 7 4 0 4 0 5 0 4 3 4 6 4 4 5 2 0 6 5 5 2 1 5 5 0 4 0 3 3 2 2 5 7 3 4 5 0 5 3 3 4 4 1 3 
4 6 0 2 4 4 2 4 2 2 3 1 1 0 1 5 0 3 4 1 3 1 1 3 1 4 3 4 4 2 3 3 3 3 3 4 3 2 4 3 1 3 0 3 5 2 1 4 3 1 4 0 3 4 4 2 4 3 0 4 2 3 1 4 3 3 4 4 0 3 4 2 2 1 4 3 2 5 3 3 3 4 4 2 3 0 2 1 1 2 4 2 4 6 3 3 1 1 4 1 2 1 
6 7 1 0 4 3 3 5 2 1 4 3 1 2 3 6 2 4 6 2 4 3 1 4 0 3 2 4 3 1 5 5 5 5 5 4 4 2 5 5 3 5 2 2 6 3 3 5 5 0 2 1 6 2 6 1 5 3 2 6 1 3 3 3 5 3 5 5 2 5 5 4 4 2 3 5 4 7 1 2 5 6 3 4 3 2 0 0 1 4 6 0 5 7 2 5 0 0 5 3 2 1 
6 7 1 0 4 3 2 5 2 1 4 2 0 1 3 6 2 4 5 1 4 3 1 4 0 3 2 3 3 1 4 4 5 5 4 3 3 2 4 4 3 4 2 2 6 3 3 4 4 1 2 0 5 2 5 1 4 3 2 5 1 3 3 3 4 2 5 4 2 5 4 3 3 1 3 5 3 6 1 2 4 5 3 3 2 1 0 0 0 4 5 0 5 6 2 5 0 0 5 2 2 0 
5 6 1 1 3 2 2 4 1 2 3 2 0 1 2 5 1 3 4 0 3 2 2 3 1 3 1 3 2 1 3 3 4 4 3 3 2 1 4 4 3 4 2 2 5 2 2 3 4 2 2 0 4 2 4 1 4 2 1 5 2 2 2 3 4 2 4 3 2 4 4 3 3 0 2 4 3 5 2 2 3 4 2 2 2 1 1 0 0 3 5 1 4 5 1 4 1 1 4 2 1 0 
3 4 3 5 3 5 1 2 3 5 0 1 3 2 1 3 2 1 1 2 2 1 4 2 4 6 4 4 5 4 0 1 1 0 0 4 2 3 3 0 2 1 2 4 2 1 2 1 1 4 6 3 1 5 1 4 1 3 2 2 4 4 1 5 0 4 2 2 2 1 2 0 1 3 5 1 1 3 5 5 0 2 4 1 5 2 4 4 3 0 2 5 1 3 4 0 4 4 1 1 3 3 
1 6 5 6 5 7 4 3 5 6 2 3 5 4 2 4 3 3 0 4 4 2 5 4 6 8 6 6 7 6 2 3 0 1 2 6 4 5 5 1 2 1 3 6 4 3 2 3 1 6 8 4 0 7 1 6 3 5 3 0 5 6 3 7 1 6 4 4 3 0 4 2 1 5 7 1 2 5 7 7 2 3 6 3 7 4 6 5 5 2 0 6 3 5 6 2 6 5 3 2 5 5 
6 8 1 0 5 3 3 6 3 0 5 3 1 2 4 7 2 5 6 2 5 3 1 5 0 3 3 4 4 1 5 5 6 6 5 4 4 3 5 5 3 5 3 3 7 4 3 5 5 0 2 1 6 2 6 2 5 3 3 6 1 3 4 4 5 3 6 5 3 6 5 4 4 2 3 6 4 7 1 2 5 6 4 4 3 2 0 0 1 5 6 0 6 7 3 5 0 0 6 3 3 1 
4 2 5 5 2 4 2 0 3 6 1 2 4 4 3 1 3 0 3 3 0 3 5 1 5 6 4 3 4 5 0 0 3 2 0 3 1 3 2 1 4 3 4 4 1 1 4 0 3 5 6 4 3 5 2 4 0 3 3 3 6 4 2 4 2 4 1 1 4 3 0 1 3 3 4 2 3 2 6 5 1 0 4 1 4 4 5 5 4 1 3 6 0 2 4 1 5 5 0 2 3 4 
6 0 6 7 2 5 3 1 4 8 3 4 5 6 5 0 5 2 4 4 2 5 7 2 7 6 5 4 5 6 2 2 5 4 2 4 3 4 2 3 6 5 6 5 0 3 6 2 5 7 6 6 4 6 4 5 2 4 5 5 7 5 4 4 4 5 1 2 6 5 1 3 5 5 5 4 5 0 7 6 3 1 4 3 5 6 7 6 5 3 5 7 2 0 5 3 7 7 2 4 4 6 
7 5 3 3 2 0 2 4 0 4 4 3 2 3 4 4 3 3 6 1 3 4 3 3 3 2 0 1 1 1 4 3 5 5 4 1 2 0 2 4 4 5 4 0 4 2 4 3 5 3 1 2 5 1 5 0 3 0 3 6 4 0 3 1 5 0 3 3 4 5 3 3 4 1 1 5 4 5 2 1 4 4 1 3 0 3 2 2 1 4 6 3 4 5 0 4 3 3 4 3 0 2 
3 4 4 5 3 5 2 1 4 6 0 2 4 3 2 2 3 1 1 3 2 2 5 2 5 6 4 5 5 5 0 1 2 0 0 4 2 3 3 0 3 1 3 4 2 2 3 1 2 5 6 4 1 6 0 5 1 4 2 2 5 5 1 5 1 5 2 2 3 1 1 1 2 3 5 0 2 3 6 6 0 1 5 1 5 3 5 5 4 0 2 5 1 3 4 0 5 5 1 2 4 4 
6 7 0 0 5 3 3 5 3 1 4 3 1 1 3 6 2 4 5 2 5 3 0 4 0 3 3 4 4 2 5 5 5 5 5 4 4 3 5 5 3 4 2 3 6 3 3 5 5 0 3 1 5 3 5 2 5 3 2 6 1 3 3 4 5 3 5 5 2 5 5 4 4 2 3 5 3 7 1 3 5 6 4 4 3 1 0 0 1 4 6 0 5 7 3 5 0 0 5 3 2 0 
6 7 0 0 5 3 3 5 3 1 4 3 1 1 3 6 2 4 5 2 4 3 0 4 0 3 3 4 4 2 4 4 5 5 4 4 4 3 5 5 3 4 2 3 6 3 2 5 4 0 3 1 5 3 5 2 5 3 2 5 0 3 3 4 4 3 5 5 2 5 5 4 3 2 3 5 3 7 1 3 4 6 4 4 3 1 0 0 1 4 5 0 5 7 3 5 0 0 5 3 2 0 
4 3 5 6 2 4 2 0 3 6 1 2 4 4 3 1 3 1 2 3 1 3 5 1 5 6 4 4 4 5 0 0 3 1 0 4 1 3 2 1 4 3 4 4 1 1 3 0 3 5 6 4 2 6 1 4 0 3 3 3 6 4 2 4 2 4 1 1 4 3 0 1 2 3 5 1 3 2 6 5 0 0 4 1 4 4 5 5 4 1 3 6 0 2 4 1 5 5 0 2 3 4 
3 5 2 3 3 4 1 3 2 4 1 0 2 1 1 4 1 1 2 1 2 0 3 2 3 5 3 4 4 3 1 2 2 2 1 4 2 2 4 1 1 1 1 3 3 1 1 2 2 3 5 2 2 4 2 3 2 3 0 2 3 4 0 4 1 4 3 3 1 2 2 1 1 2 4 2 1 4 4 4 1 3 4 1 4 1 3 2 2 1 2 3 2 4 3 2 3 3 2 0 2 2 
6 5 2 3 2 1 1 3 0 3 3 2 1 2 3 4 2 2 5 1 2 3 3 2 3 2 0 1 1 1 3 3 5 4 3 1 2 0 2 4 4 4 3 0 4 2 3 3 5 3 2 2 5 2 4 1 3 0 2 5 3 1 2 1 4 1 3 2 3 5 3 3 4 0 1 4 4 4 2 2 3 4 1 2 1 2 2 2 1 3 5 3 3 4 0 4 2 2 3 2 0 2 
5 7 0 1 4 3 2 4 2 1 3 2 0 1 2 5 1 3 5 1 4 2 1 4 0 3 2 4 3 2 4 4 4 4 4 4 3 2 4 4 2 4 1 3 5 2 2 4 4 1 3 0 4 3 5 2 4 3 1 5 1 3 2 3 4 3 5 4 1 4 4 3 3 1 3 4 3 6 2 3 4 5 3 3 3 1 1 0 0 3 5 1 4 6 2 4 0 0 4 2 2 0 
