100 5286.32 0 1680 7 240
19.36 48.61 18.37 62.44 50.6 54.1 53.17 27.34 59.55 61.15 84.29 37.03 72.94 90.04 17.21 34.69 71.5 14.29 52.92 93.27 27.66 57.58 57.99 17.59 85.75 1.35 7.73 28.3 69.62 91.12 4.98 12.76 98.09 28.81 17.31 7.46 54.08 41.82 42.04 16.0 1.56 98.62 90.62 62.42 7.1 70.02 94.9 41.81 3.23 4.7 9.55 19.7 38.44 64.91 19.11 3.1 70.22 63.01 20.18 41.18 35.88 69.5 85.5 60.25 31.85 70.91 19.35 57.09 69.24 97.06 16.87 75.72 13.02 42.81 93.17 34.67 76.62 38.78 17.38 27.78 86.06 68.28 54.43 18.95 90.85 85.46 3.18 2.24 5.37 41.99 61.92 25.71 98.31 47.01 98.06 43.08 80.91 93.98 20.71 8.62 
24.47 63.06 59.36 67.41 69.64 77.99 64.95 73.52 39.12 61.92 89.63 25.43 17.77 81.09 19.65 14.59 38.85 41.79 46.73 47.5 43.53 56.25 13.54 81.08 32.51 44.6 88.33 60.99 66.8 27.58 75.03 49.84 31.28 84.62 75.26 54.01 47.21 53.97 59.66 46.33 79.92 45.7 68.38 72.06 27.81 40.89 65.25 13.81 55.46 89.89 71.97 86.06 79.4 76.87 51.12 55.08 33.12 34.65 86.96 72.71 37.25 67.72 15.99 60.05 68.48 44.06 53.81 59.69 24.12 80.9 67.2 50.19 55.34 86.99 40.52 80.35 78.09 70.29 80.99 25.34 34.41 12.5 39.85 89.64 42.35 20.86 15.37 41.48 31.3 32.58 80.68 65.48 87.42 71.31 81.72 11.96 21.43 22.82 10.16 88.56 
2 5 2 6 5 5 5 3 6 6 8 4 7 9 2 4 7 2 5 9 3 6 6 2 8 1 1 3 7 9 1 2 9 3 2 1 5 4 4 2 1 9 9 6 1 7 9 4 1 1 1 2 4 6 2 1 7 6 2 4 4 7 8 6 3 7 2 6 7 9 2 7 2 4 9 4 7 4 2 3 8 7 5 2 9 8 1 1 1 4 6 3 9 5 9 4 8 9 2 1 
1 2 3 4 5 6 7 8 9 10 11 12 13 14 15 16 17 18 19 20 21 22 23 24 25 26 27 28 29 30 31 32 33 34 35 36 37 38 39 40 41 42 43 44 45 46 47 48 49 50 51 52 53 54 55 56 57 58 59 60 61 62 63 64 65 66 67 68 69 70 71 72 73 74 75 76 77 78 79 80 81 82 83 84 85 86 87 88 89 90 91 92 93 94 95 96 97 98 99 100 
1 2 1 1 2 2 2 2 1 1 2 2 1 2 1 2 1 1 2 2 2 1 1 1 2 2 2 2 1 2 2 1 2 2 1 2 2 2 2 1 2 2 2 1 2 1 2 2 2 2 2 1 2 1 1 2 1 1 1 2 2 1 2 1 2 1 1 1 1 2 1 1 1 2 2 2 1 2 1 2 2 1 2 1 2 2 2 2 2 2 1 2 2 2 2 2 2 2 1 2 
1 2 1 2 2 2 2 2 2 2 1 1 2 3 1 1 2 1 2 3 2 2 2 1 1 3 3 2 2 3 3 1 3 2 1 3 2 1 1 1 3 3 3 2 3 2 3 1 3 3 3 1 1 2 1 3 2 2 1 1 1 2 1 2 2 2 1 2 2 3 1 2 1 1 3 1 2 1 1 2 1 2 2 1 3 1 3 3 3 1 2 2 3 2 3 1 1 3 1 3 
9 9 4 4 3 3 9 8 7 5 8 4 7 3 3 6 8 4 4 8 4 10 2 8 5 4 4 6 6 3 3 6 4 6 2 8 5 4 4 6 5 3 9 2 5 8 5 1 10 3 7 7 8 5 3 2 5 3 1 10 7 9 10 2 3 9 2 5 6 6 9 6 10 6 8 9 3 5 10 2 2 6 5 2 5 5 4 4 2 10 6 5 8 4 8 5 4 6 9 8 
4743.67 4584.97 3777.4 4222.96 4491.32 4076.81 4747.66 3369.89 3742.79 3788.01 3505.79 3904.81 3704.99 3630.98 4200.55 4769.53 3349.92 4167.5 4054.09 3499.56 3827.36 4162.13 3089.47 3506.57 4405.98 4247.84 4634.2 4748.06 4667.78 4735.24 4224.87 4740.09 4646.72 4754.17 3213.23 3493.62 3878.92 4171.59 4267.79 4665.26 4312.81 3960.31 4559.26 3099.29 4384.61 3473.05 3578.7 4849.82 4103.61 4341.9 3694.4 3690.81 3445.36 3558.0 4026.19 3346.4 4045.72 4193.31 4928.16 3466.49 3777.04 4663.74 4227.45 3297.48 4611.46 4568.37 3222.81 3877.72 4729.22 4612.63 4452.0 4833.08 4191.16 4616.32 3359.3 4475.73 3869.44 4288.49 4498.33 3377.35 3344.91 4754.91 3330.87 3353.58 4516.66 3798.39 4175.22 3870.18 3377.36 3831.36 4816.05 3682.7 3356.34 3815.27 3385.38 3987.15 3779.3 4831.11 4813.06 3479.21 
0.34 0.5 0.7 0.67 0.27 0.31 0.5 0.43 0.55 0.51 0.35 0.71 0.6 0.24 0.28 0.13 0.47 0.32 0.32 0.19 0.4 0.94 0.81 0.2 0.56 0.25 0.25 0.38 0.39 0.31 0.21 0.14 0.66 0.07 0.79 0.23 0.49 0.43 0.64 0.33 0.3 0.35 0.49 0.85 0.19 0.52 0.06 0.78 0.56 0.17 0.59 0.69 0.34 0.34 0.17 0.85 0.41 0.34 0.59 0.68 0.54 0.66 0.56 0.88 0.17 0.63 0.98 0.65 0.57 0.29 0.76 0.24 0.67 0.59 0.55 0.45 0.33 0.38 0.76 0.88 0.99 0.09 0.62 0.84 0.53 0.35 0.39 0.73 0.91 0.74 0.5 0.13 0.44 0.52 0.31 0.44 0.42 0.32 0.68 0.32 
0.89 1.0 0.71 0.53 0.75 0.94 0.52 0.69 1.0 0.81 0.85 0.57 0.68 0.9 0.84 0.53 0.82 1.0 0.67 0.74 0.55 0.66 0.94 0.6 0.89 0.59 0.95 0.83 1.0 1.0 0.89 0.87 0.98 0.86 0.63 0.57 0.85 0.93 0.53 0.88 0.87 1.0 0.93 0.82 0.78 0.54 0.55 1.0 1.0 0.8 0.64 0.95 1.0 0.77 0.54 0.79 0.71 0.96 0.87 1.0 0.6 0.74 0.61 0.94 0.58 0.75 1.0 0.59 0.73 0.76 0.6 0.74 1.0 0.9 0.9 0.51 0.68 1.0 1.0 0.79 0.61 1.0 0.55 1.0 0.68 0.99 0.77 0.62 0.83 0.77 0.89 0.87 0.94 1.0 0.65 0.87 1.0 0.85 0.87 1.0 
0.66 0.67 0.57 0.79 1.0 0.85 0.66 0.91 0.89 0.72 0.75 0.66 0.91 0.7 0.8 0.6 0.91 0.64 0.53 1.0 0.59 0.73 0.94 0.75 1.0 0.97 1.0 0.7 0.97 1.0 0.9 0.52 0.55 0.81 0.95 1.0 0.74 0.79 0.78 0.89 0.65 0.51 0.82 1.0 0.63 0.8 0.91 0.78 0.72 0.78 0.98 0.81 1.0 1.0 0.85 0.69 0.81 0.86 0.82 1.0 0.95 1.0 0.87 0.63 1.0 0.92 0.85 0.51 0.83 0.64 0.63 0.59 0.72 0.79 0.78 0.76 0.78 0.65 0.66 0.72 0.71 0.98 0.54 1.0 0.93 0.64 0.95 0.62 0.6 0.61 1.0 0.9 0.89 0.7 0.92 0.7 1.0 0.99 1.0 0.56 
0.76 0.83 1.0 0.5 0.68 1.0 0.97 0.73 0.92 0.53 1.0 0.5 0.57 0.95 1.0 0.76 0.55 0.92 0.74 1.0 1.0 0.84 0.6 0.93 0.66 0.88 0.55 1.0 1.0 0.56 0.95 0.85 0.67 0.54 0.89 0.73 0.57 0.56 1.0 0.73 1.0 0.9 0.93 0.63 1.0 1.0 0.86 0.65 0.91 0.92 0.59 1.0 0.83 0.67 1.0 0.97 1.0 1.0 0.57 0.71 0.89 1.0 0.86 0.95 0.79 0.69 0.77 0.87 0.76 0.71 0.99 0.54 1.0 0.56 0.77 0.57 0.66 0.71 0.69 0.7 0.64 0.86 0.72 1.0 0.68 0.66 0.82 0.88 0.51 1.0 0.92 0.84 0.61 0.75 0.74 0.51 0.93 0.55 0.51 0.61 
1.0 1.0 0.72 1.0 1.0 0.72 0.54 0.94 0.76 0.98 1.0 0.91 1.0 0.69 1.0 1.0 0.63 0.7 0.66 1.0 0.51 1.0 0.54 0.75 0.73 0.97 0.54 1.0 0.87 0.55 1.0 0.76 0.78 0.69 0.78 0.88 0.79 0.57 0.98 1.0 0.71 0.71 0.78 0.68 0.58 0.98 0.5 1.0 0.76 1.0 0.88 0.78 1.0 1.0 1.0 0.54 0.61 0.7 0.71 0.97 1.0 0.99 0.94 0.82 0.95 0.86 0.95 0.58 1.0 0.69 0.51 1.0 0.95 0.97 0.51 0.51 1.0 0.96 0.67 0.98 1.0 0.53 0.69 0.95 0.57 0.89 1.0 0.63 0.69 1.0 0.67 0.75 1.0 0.71 0.79 0.84 0.53 0.52 0.96 0.97 
1.0 0.98 0.63 0.93 1.0 0.65 0.62 0.81 0.73 0.76 0.91 0.62 0.65 0.6 0.77 0.75 0.88 0.64 0.92 0.85 0.81 0.75 0.53 0.57 0.92 0.82 0.91 0.85 0.69 0.7 0.64 0.57 0.74 0.66 1.0 0.6 0.8 1.0 1.0 0.89 0.88 0.98 0.7 1.0 0.64 1.0 0.54 0.98 0.52 1.0 0.75 0.84 1.0 0.59 0.67 0.65 0.56 0.91 1.0 0.85 0.62 0.52 0.67 0.5 0.68 0.82 0.64 0.53 0.93 0.82 0.65 0.85 0.83 0.98 0.96 0.8 1.0 0.62 0.54 0.96 0.78 0.97 0.61 0.79 0.55 0.85 0.88 0.79 1.0 0.76 0.54 0.99 1.0 0.56 0.78 0.64 0.63 0.59 0.77 1.0 
0.44 0.54 0.18 0.2 0.51 0.37 0.11 0.35 0.45 0.23 0.58 0.1 0.23 0.25 0.51 0.18 0.23 0.26 0.16 0.63 0.13 0.3 0.15 0.18 0.4 0.4 0.26 0.49 0.58 0.21 0.49 0.16 0.21 0.17 0.41 0.22 0.23 0.24 0.4 0.5 0.35 0.32 0.38 0.35 0.18 0.42 0.12 0.5 0.26 0.57 0.24 0.51 0.83 0.31 0.31 0.19 0.2 0.53 0.29 0.58 0.31 0.38 0.29 0.23 0.3 0.34 0.4 0.08 0.43 0.2 0.12 0.2 0.57 0.38 0.26 0.09 0.35 0.27 0.17 0.38 0.22 0.43 0.09 0.75 0.14 0.32 0.53 0.17 0.17 0.36 0.3 0.49 0.51 0.21 0.27 0.17 0.31 0.15 0.33 0.33 
1179.73 1460.88 2470.12 1769.55 859.99 782.98 1443.42 1004.02 1013.51 1271.74 667.82 1435.1 777.56 804.54 789.22 1755.91 999.82 2188.13 1309.43 584.74 1868.08 1333.24 1344.62 614.39 1373.97 1667.76 1806.57 2048.0 1669.36 816.71 799.73 1596.28 2275.94 1341.77 1151.02 642.53 1279.64 1534.59 2171.23 1907.77 1022.07 852.76 1318.31 1274.77 1073.56 1196.59 721.12 1590.48 1165.61 1000.99 962.96 811.96 684.58 1177.21 721.42 1309.57 1300.11 877.13 1636.85 1399.99 1058.09 1567.0 1404.64 1207.46 736.0 1664.61 1475.05 1408.6 1979.04 1817.76 1733.2 1537.01 1149.6 2496.52 945.93 1244.2 730.06 995.84 1765.88 1319.02 1304.69 1547.88 1306.25 1477.71 1118.5 1351.07 2119.82 2150.59 1225.76 1218.95 2093.6 1087.39 1167.46 1798.1 923.04 1159.64 1589.77 1669.31 1425.47 691.39 
578.59 816.06 482.48 294.17 430.54 303.46 157.04 359.28 439.1 226.91 387.45 156.11 178.4 199.0 391.14 356.4 217.77 499.08 241.28 325.77 283.04 403.55 200.6 115.13 524.04 693.6 406.73 1040.86 1018.26 208.11 427.98 254.55 572.25 174.72 470.29 148.31 294.27 366.48 877.35 874.48 333.54 235.47 503.04 428.32 216.93 534.56 75.16 742.39 335.78 656.53 290.08 371.76 564.26 373.13 278.56 239.26 200.38 452.49 541.44 877.29 338.26 662.92 392.63 317.14 213.03 522.19 584.59 138.92 940.35 349.57 144.78 324.82 659.76 842.38 223.27 134.59 254.02 315.76 290.51 489.12 280.59 670.92 113.76 1125.79 130.34 447.69 1053.86 495.86 199.95 434.8 611.33 536.11 596.29 338.13 284.36 168.67 423.86 282.52 481.08 241.75 
5398.63 6804.42 11850.59 8347.76 3799.94 3414.92 6717.08 4520.08 4567.55 5858.68 2839.09 6675.51 3387.78 3522.7 3446.08 8279.57 4499.1 10440.65 6047.17 2423.68 8840.42 6166.21 6223.12 2571.96 6369.84 7838.78 8532.86 9740.02 7846.8 3583.54 3498.65 7481.38 10879.72 6208.87 5255.09 2712.67 5898.22 7172.95 10356.13 9038.85 4610.33 3763.8 6091.55 5873.84 4867.81 5482.93 3105.61 7452.39 5328.06 4504.97 4314.8 3559.8 2922.9 5386.07 3107.08 6047.84 6000.56 3885.66 7684.24 6499.93 4790.44 7334.99 6523.2 5537.29 3180.0 7823.03 6875.26 6543.01 9395.21 8588.82 8166.02 7185.06 5248.01 11982.58 4229.67 5720.99 3150.29 4479.21 8329.39 6095.11 6023.47 7239.42 6031.24 6888.55 5092.51 6255.36 10099.09 10252.95 5628.79 5594.77 9968.0 4936.95 5337.28 8490.51 4115.18 5298.22 7448.84 7846.56 6627.35 2956.96 
2392.94 3580.28 1912.39 970.86 1652.71 1017.32 285.21 1296.38 1695.48 634.56 1437.24 280.55 392.0 494.99 1455.7 1282.01 588.83 1995.42 706.41 1128.84 915.18 1517.75 503.02 75.66 2120.22 2968.0 1533.63 4704.31 4591.29 540.55 1639.92 772.75 2361.25 373.59 1851.43 241.57 971.33 1332.38 3886.76 3872.41 1167.68 677.34 2015.18 1641.62 584.64 2172.82 -124.21 3211.94 1178.91 2782.64 950.39 1358.79 2321.31 1365.65 892.8 696.32 501.91 1762.46 2207.21 3886.44 1191.29 2814.58 1463.15 1085.68 565.17 2110.93 2422.96 194.62 4201.75 1247.87 223.89 1124.08 2798.82 3711.91 616.33 172.93 770.12 1078.79 952.54 1945.61 902.97 2854.58 68.8 5128.95 151.72 1738.44 4769.31 1979.29 499.75 1674.01 2556.65 2180.57 2481.47 1190.67 921.81 343.33 1619.3 912.6 1905.39 708.76 
94.87 137.55 75.55 84.46 134.74 122.3 142.43 101.1 74.86 75.76 105.17 117.14 74.1 108.93 84.01 143.09 67.0 83.35 121.62 104.99 114.82 83.24 61.79 70.13 132.18 127.44 139.03 142.44 93.36 142.06 126.75 94.8 139.4 142.63 64.26 104.81 116.37 125.15 128.03 93.31 129.38 118.81 136.78 61.99 131.54 69.46 107.36 145.49 123.11 130.26 110.83 73.82 103.36 71.16 80.52 100.39 80.91 83.87 98.56 103.99 113.31 93.27 126.82 65.95 138.34 91.37 64.46 77.55 94.58 138.38 89.04 96.66 83.82 138.49 100.78 134.27 77.39 128.65 89.97 101.32 100.35 95.1 99.93 67.07 135.5 113.95 125.26 116.11 101.32 114.94 96.32 110.48 100.69 114.46 101.56 119.61 113.38 144.93 96.26 104.38 
13 26 10 12 25 23 27 19 10 10 20 22 10 20 12 27 9 11 23 19 21 11 8 10 25 24 26 27 13 27 24 13 26 27 9 19 22 23 24 13 24 22 26 8 25 9 20 27 23 24 21 10 19 10 11 19 11 11 14 19 21 13 24 9 26 13 9 11 13 26 12 13 11 26 19 25 11 24 12 19 19 13 19 9 25 21 23 22 19 21 13 21 19 21 19 22 21 27 13 19 
185 206 190 215 102 81 207 85 118 167 121 202 235 140 213 220 88 120 26 173 176 8 138 61 186 226 174 93 156 36 103 187 83 197 28 27 50 61 151 171 226 90 90 132 25 56 165 151 22 133 237 6 182 52 32 49 85 140 203 117 75 232 158 180 16 213 209 219 29 169 193 19 134 210 69 200 222 55 217 145 115 48 106 76 67 57 83 155 138 146 144 177 1 78 201 55 229 151 170 217 
236 240 240 240 240 233 240 113 240 195 240 240 240 172 240 240 235 175 103 240 240 138 233 164 240 240 207 240 198 240 233 240 195 240 88 232 228 195 240 240 240 140 240 240 240 240 198 240 121 240 240 211 206 240 179 157 240 240 240 163 240 240 240 240 58 240 240 240 240 198 240 144 166 240 124 240 240 216 240 240 240 240 240 192 240 170 240 240 228 240 240 209 34 190 240 229 240 240 240 240 
2
0.0 0.0 
0.0 100.0 
0 14 4 11 8 13 12 13 11 11 10 12 17 6 10 17 3 5 11 6 10 14 7 11 8 11 13 6 12 9 13 13 10 7 14 12 11 7 10 9 10 7 11 15 16 13 4 11 16 6 7 12 10 12 12 14 7 7 11 10 12 11 7 13 12 12 10 11 8 11 10 18 9 12 8 13 14 12 15 11 11 5 13 9 9 13 14 12 2 5 4 7 14 10 18 12 18 6 11 13 3 12 
14 0 11 8 6 10 8 8 9 5 12 10 12 11 15 13 11 13 13 8 10 15 8 10 14 3 15 7 1 6 11 16 3 7 17 4 4 6 10 8 8 8 2 16 13 9 10 13 14 13 6 1 4 3 6 9 7 6 13 12 3 7 10 10 17 10 6 12 7 9 14 14 5 12 6 6 15 5 11 6 3 11 15 15 11 3 15 16 12 8 9 11 9 6 14 7 14 14 16 17 13 2 
4 11 0 6 4 8 7 9 7 7 6 8 13 2 7 12 0 2 7 2 5 11 2 7 5 8 9 3 9 5 9 10 7 3 11 8 7 4 5 5 5 3 8 11 11 9 1 7 12 3 4 9 6 8 8 9 3 4 7 6 8 7 2 9 9 7 6 7 4 7 7 13 6 8 4 9 10 8 11 7 8 1 9 7 5 9 10 9 2 3 2 3 10 5 14 7 13 3 8 10 2 9 
11 8 6 0 4 2 0 2 0 3 3 1 6 5 7 6 7 7 4 5 2 6 4 1 7 5 6 7 6 2 3 7 6 5 8 4 4 6 2 1 1 5 7 7 6 2 7 4 6 7 6 7 5 5 2 3 4 6 5 4 5 1 4 3 8 1 2 4 4 1 6 7 4 4 5 3 7 3 4 1 5 6 6 7 3 5 6 8 9 7 7 4 3 3 7 1 7 7 7 8 8 6 
8 6 4 4 0 6 4 5 5 2 6 6 10 5 9 10 5 6 8 2 5 10 2 5 8 3 10 3 4 1 7 11 2 1 12 3 2 1 5 3 3 1 3 11 10 6 4 7 10 7 2 4 2 3 4 7 1 2 8 7 3 3 4 7 11 5 2 7 0 5 8 11 1 8 0 5 11 3 8 3 3 5 10 9 5 4 10 11 6 3 4 5 6 1 12 4 11 7 10 11 7 4 
13 10 8 2 6 0 1 1 1 5 4 0 4 7 7 4 9 8 4 7 3 5 6 1 7 6 5 9 8 4 1 7 8 7 7 5 6 8 3 3 3 7 8 6 4 0 9 3 4 8 8 8 7 6 3 1 6 8 5 4 6 3 5 1 8 1 4 3 6 1 6 5 6 3 7 3 5 4 2 3 6 7 5 7 4 6 5 7 11 9 9 5 1 5 5 2 5 8 7 7 10 8 
12 8 7 0 4 1 0 1 0 3 4 1 5 6 8 5 8 8 5 6 3 6 4 2 8 4 7 7 6 3 2 8 6 6 8 3 4 6 3 2 1 5 7 7 5 1 8 4 6 8 7 7 5 4 2 2 5 7 5 5 5 1 5 2 9 1 2 4 5 1 7 6 4 4 5 2 7 2 3 1 5 7 7 8 4 5 6 8 10 7 8 5 2 3 7 0 6 8 8 9 9 6 
13 8 9 2 5 1 1 0 1 3 5 2 4 7 9 5 9 9 6 7 4 7 6 3 9 5 7 8 6 4 2 8 7 7 9 3 5 7 4 3 3 7 7 7 5 1 9 5 6 9 7 7 6 5 2 1 6 7 6 6 5 1 6 2 9 2 3 5 6 2 7 6 5 5 6 2 7 2 3 2 5 8 7 9 5 5 7 9 11 9 9 6 1 4 6 1 6 9 8 9 10 6 
11 9 7 0 5 1 0 1 0 3 3 1 5 6 7 5 8 7 4 6 2 6 4 1 7 5 6 7 7 3 2 7 7 6 8 4 5 6 2 2 1 5 7 7 5 1 8 4 5 7 7 7 6 5 2 2 5 7 5 4 5 2 4 2 8 1 3 3 5 0 6 6 5 3 5 3 6 3 3 2 5 6 6 7 3 6 6 7 10 8 8 4 2 3 7 1 6 7 7 8 9 7 
11 5 7 3 2 5 3 3 3 0 6 5 8 7 10 9 7 8 8 4 5 10 4 4 9 1 10 5 3 1 6 11 3 3 11 1 1 3 5 3 2 4 3 10 9 5 7 7 9 8 4 3 2 2 1 5 3 4 8 7 2 1 5 6 11 5 0 7 3 4 9 10 1 7 3 2 10 1 7 1 1 6 10 10 6 2 10 11 8 5 6 6 5 1 10 2 10 9 10 11 9 3 
10 12 6 3 6 4 4 5 3 6 0 3 8 3 3 7 6 4 1 6 1 4 4 2 3 8 3 8 10 5 4 4 9 6 5 7 7 7 1 3 3 6 10 5 6 4 7 1 6 4 8 10 8 8 6 5 6 8 1 0 8 5 3 4 4 2 5 1 6 2 2 8 7 2 7 7 4 6 6 5 8 4 3 4 0 9 4 4 8 8 7 2 5 6 8 4 8 4 3 5 6 10 
12 10 8 1 6 0 1 2 1 5 3 0 5 6 6 4 8 7 3 7 2 5 5 0 6 6 5 8 8 4 1 6 8 7 6 5 6 7 2 2 2 6 8 5 4 1 9 3 4 7 8 8 7 6 4 2 6 8 4 3 6 3 5 1 7 0 4 2 6 0 5 5 6 2 6 4 5 4 3 3 6 7 5 7 3 7 5 6 10 8 9 5 2 5 6 2 5 7 6 7 9 8 
17 12 13 6 10 4 5 4 5 8 8 5 0 11 10 1 13 12 7 12 7 6 10 6 11 9 8 13 10 8 3 8 11 11 8 7 9 12 7 7 7 11 11 6 3 4 14 7 3 12 12 11 10 9 6 3 10 12 8 8 9 6 10 3 10 5 8 6 10 5 9 2 10 5 11 5 7 7 1 7 9 12 7 11 8 9 6 9 15 13 14 10 3 9 2 5 2 12 9 9 14 10 
6 11 2 5 5 7 6 7 6 7 3 6 11 0 5 10 2 1 5 4 3 8 2 5 3 8 7 5 9 5 7 7 8 4 8 8 7 5 3 4 4 4 9 9 9 7 4 5 10 1 6 10 7 9 7 8 4 6 4 3 9 6 1 7 7 5 6 5 4 5 4 11 6 6 5 8 8 7 9 6 8 1 7 4 3 9 8 6 5 5 4 1 8 5 12 6 11 2 6 8 3 9 
10 15 7 7 9 7 8 9 7 10 3 6 10 5 0 9 7 5 3 9 5 5 7 5 2 12 2 10 13 8 7 2 12 9 4 11 11 10 4 6 7 9 13 5 7 7 9 3 7 4 11 14 11 12 10 8 9 11 2 2 12 9 5 7 1 6 9 3 9 6 1 9 10 4 10 10 4 10 8 8 12 6 3 1 4 12 4 1 9 10 9 4 9 9 10 8 9 4 1 3 7 13 
17 13 12 6 10 4 5 5 5 9 7 4 1 10 9 0 13 12 6 12 7 4 10 5 10 10 6 13 11 9 3 7 12 11 7 8 10 12 7 7 7 11 12 5 1 4 14 6 2 11 12 12 11 10 7 3 10 12 7 7 10 7 9 3 9 5 8 5 10 5 8 1 10 4 11 6 5 7 1 7 10 11 6 10 7 10 5 8 15 13 14 9 4 9 1 6 1 11 8 8 14 11 
3 11 0 7 5 9 8 9 8 7 6 8 13 2 7 13 0 2 8 3 6 11 3 7 5 8 9 4 9 6 10 10 8 4 11 9 7 5 6 6 6 3 8 12 12 9 1 8 12 3 5 10 7 9 9 10 4 5 7 6 9 8 3 10 9 8 7 8 4 8 7 14 6 9 5 10 11 9 11 7 8 1 10 7 6 10 11 9 2 3 2 3 10 6 15 8 14 3 9 10 1 9 
5 13 2 7 6 8 8 9 7 8 4 7 12 1 5 12 2 0 6 4 5 9 4 6 3 9 7 6 11 6 8 8 9 5 9 10 9 6 5 5 6 5 10 10 11 9 4 6 11 1 7 11 8 10 9 9 5 7 5 4 10 8 3 9 7 7 7 6 6 7 5 13 7 7 6 10 9 9 10 7 9 1 7 4 4 10 8 7 4 6 4 2 10 7 13 8 13 1 6 8 2 11 
11 13 7 4 8 4 5 6 4 8 1 3 7 5 3 6 8 6 0 8 2 3 6 3 4 9 2 10 11 6 4 3 10 8 3 8 9 9 2 4 5 8 11 3 5 4 9 0 5 5 10 12 10 10 7 5 7 10 0 1 10 6 5 4 3 3 7 0 7 3 2 7 8 1 8 8 3 7 5 6 9 6 2 3 2 10 2 3 10 9 9 4 6 7 7 5 7 5 2 3 8 11 
6 8 2 5 2 7 6 7 6 4 6 7 12 4 9 12 3 4 8 0 5 11 1 6 7 5 10 1 6 3 8 11 4 1 12 6 4 1 5 4 4 0 5 12 11 8 2 7 11 5 2 7 4 6 6 8 1 2 8 7 6 5 3 8 10 7 4 8 1 6 8 13 3 8 1 7 11 6 10 5 5 3 10 8 5 6 10 10 4 1 1 4 8 3 13 6 13 5 9 11 4 6 
10 10 5 2 5 3 3 4 2 5 1 2 7 3 5 7 6 5 2 5 0 5 3 1 4 7 5 7 8 4 3 6 7 5 6 6 6 6 0 1 2 5 8 6 6 3 7 2 6 4 7 9 7 7 5 4 4 7 3 2 7 4 2 3 6 2 4 2 4 1 3 7 5 3 5 5 5 5 5 3 7 4 5 5 1 7 5 5 8 7 7 2 5 4 8 3 8 5 5 6 6 8 
14 15 11 6 10 5 6 7 6 10 4 5 6 8 5 4 11 9 3 11 5 0 9 5 6 11 2 13 13 9 4 2 13 11 2 10 11 12 5 7 7 11 13 0 3 5 12 3 2 8 12 14 12 11 9 5 10 12 3 4 11 8 8 4 4 5 9 3 10 5 4 4 11 2 11 9 0 9 4 8 11 9 2 6 5 12 0 3 13 13 12 7 6 9 5 7 4 8 4 3 11 13 
7 8 2 4 2 6 4 6 4 4 4 5 10 2 7 10 3 4 6 1 3 9 0 4 6 5 8 3 7 2 6 9 5 2 10 5 4 3 3 2 3 1 6 10 9 6 3 6 10 4 3 7 4 6 5 7 1 3 6 5 6 4 1 6 9 5 3 6 1 4 6 11 3 6 2 6 9 5 8 4 5 2 8 7 3 6 9 8 5 3 3 2 7 3 11 4 11 5 8 9 4 6 
11 10 7 1 5 1 2 3 1 4 2 0 6 5 5 5 7 6 3 6 1 5 4 0 6 6 5 8 8 4 2 6 7 6 6 5 6 7 1 2 2 6 8 6 5 2 8 2 5 6 7 8 7 6 4 3 5 7 3 3 6 3 4 2 6 0 4 2 5 0 4 6 6 2 6 4 5 4 4 3 6 6 5 6 2 7 5 6 9 8 8 4 3 4 7 2 6 6 5 7 8 8 
8 14 5 7 8 7 8 9 7 9 3 6 11 3 2 10 5 3 4 7 4 6 6 6 0 11 4 9 12 7 7 5 11 8 6 10 10 9 4 6 6 7 12 7 9 8 7 4 9 2 9 13 10 11 9 9 7 9 3 3 11 8 4 7 3 6 8 4 7 6 2 11 9 5 8 10 6 10 9 8 11 4 4 1 3 12 6 4 7 8 7 3 9 8 12 8 11 2 3 5 5 12 
11 3 8 5 3 6 4 5 5 1 8 6 9 8 12 10 8 9 9 5 7 11 5 6 11 0 11 5 1 3 7 12 1 4 13 1 0 4 7 5 4 4 2 12 10 6 7 9 11 10 4 2 1 0 2 6 4 4 10 9 0 3 6 7 13 6 2 9 3 6 10 11 1 9 3 3 12 2 8 3 0 8 11 12 7 1 11 12 9 6 7 7 6 2 11 4 11 10 12 13 10 1 
13 15 9 6 10 5 7 7 6 10 3 5 8 7 2 6 9 7 2 10 5 2 8 5 4 11 0 12 13 9 5 1 13 10 1 11 11 11 4 6 7 10 13 2 5 6 11 2 4 6 12 14 12 12 9 7 9 12 2 3 12 8 7 5 2 5 9 2 9 5 2 7 11 2 10 9 1 9 6 8 11 8 0 3 4 12 1 1 12 11 11 6 7 9 8 7 7 6 1 1 9 13 
6 7 3 7 3 9 7 8 7 5 8 8 13 5 10 13 4 6 10 1 7 13 3 8 9 5 12 0 6 4 10 13 4 1 13 6 4 1 7 5 6 2 5 13 13 9 2 9 13 7 1 6 4 6 7 10 2 1 9 8 6 6 5 10 12 8 5 9 2 8 10 14 3 10 2 8 13 6 11 6 5 4 12 10 7 6 12 12 4 0 1 6 10 4 15 7 14 7 11 13 5 6 
12 1 9 6 4 8 6 6 7 3 10 8 10 9 13 11 9 11 11 6 8 13 7 8 12 1 13 6 0 4 9 14 1 5 15 3 2 4 8 6 6 6 1 14 12 8 8 11 12 11 4 0 2 1 4 8 5 4 11 11 1 5 8 9 15 8 4 11 5 8 12 12 3 11 4 5 13 4 9 5 1 9 13 13 9 1 13 14 10 6 8 9 7 4 12 6 12 12 14 15 11 0 
9 6 5 2 1 4 3 4 3 1 5 4 8 5 8 9 6 6 6 3 4 9 2 4 7 3 9 4 4 0 5 10 3 2 10 3 2 3 4 2 1 2 4 10 8 5 5 6 9 7 3 5 3 3 3 5 1 3 7 6 3 2 3 5 10 4 1 6 1 4 7 10 1 6 2 4 9 2 7 2 3 5 9 8 4 4 9 9 7 4 5 4 5 0 10 3 10 7 9 10 7 4 
13 11 9 3 7 1 2 2 2 6 4 1 3 7 7 3 10 8 4 8 3 4 6 2 7 7 5 10 9 5 0 6 9 8 6 6 7 9 3 4 4 8 9 5 3 1 10 3 3 8 9 9 8 7 4 1 7 9 4 4 7 4 6 0 7 1 5 3 7 2 6 4 7 2 8 4 5 5 1 4 7 8 5 7 4 7 4 6 12 10 10 6 2 6 5 3 4 8 6 7 10 9 
13 16 10 7 11 7 8 8 7 11 4 6 8 7 2 7 10 8 3 11 6 2 9 6 5 12 1 13 14 10 6 0 14 11 1 12 12 12 5 7 8 11 14 2 5 7 12 3 5 7 13 15 13 13 10 7 10 13 3 4 13 9 8 6 1 6 10 3 10 6 3 7 12 3 11 10 1 11 7 9 13 9 1 3 5 13 2 1 12 12 12 7 8 10 8 8 7 7 1 0 10 14 
10 3 7 6 2 8 6 7 7 3 9 8 11 8 12 12 8 9 10 4 7 13 5 7 11 1 13 4 1 3 9 14 0 3 14 3 1 3 8 6 5 4 0 14 12 8 6 10 12 10 2 2 0 2 4 8 3 2 11 10 2 5 6 9 14 8 3 10 3 7 11 13 2 10 3 5 13 4 10 4 1 7 12 12 8 2 13 13 8 4 6 8 8 3 13 6 13 10 13 14 9 2 
7 7 3 5 1 7 6 7 6 3 6 7 11 4 9 11 4 5 8 1 5 11 2 6 8 4 10 1 5 2 8 11 3 0 12 5 3 0 5 4 4 0 4 12 11 7 3 8 11 6 1 5 3 5 5 8 0 1 8 7 5 5 3 8 11 6 3 8 1 6 8 12 2 8 0 6 11 5 9 4 4 4 10 9 6 5 11 11 5 1 2 4 8 2 13 5 13 6 10 12 5 5 
14 17 11 8 12 7 8 9 8 11 5 6 8 8 4 7 11 9 3 12 6 2 10 6 6 13 1 13 15 10 6 1 14 12 0 12 13 13 6 8 8 11 15 2 5 7 13 4 4 8 13 15 13 13 10 8 11 13 3 5 13 10 8 6 2 6 10 4 11 7 4 7 12 4 12 11 1 11 7 10 13 10 1 5 6 14 1 2 13 13 13 8 8 11 8 9 7 8 2 1 11 15 
12 4 8 4 3 5 3 3 4 1 7 5 7 8 11 8 9 10 8 6 6 10 5 5 10 1 11 6 3 3 6 12 3 5 12 0 2 5 6 4 4 5 3 11 9 5 8 8 9 10 5 3 3 1 1 5 4 5 9 8 1 2 6 6 12 5 2 8 4 5 10 9 3 8 4 2 11 1 6 2 1 8 10 11 7 1 10 12 10 7 8 7 4 2 9 3 9 10 11 12 10 2 
11 4 7 4 2 6 4 5 5 1 7 6 9 7 11 10 7 9 9 4 6 11 4 6 10 0 11 4 2 2 7 12 1 3 13 2 0 3 6 4 4 4 2 12 10 6 6 8 11 9 3 2 1 1 3 6 3 3 9 8 1 3 6 7 12 6 2 8 3 6 10 11 1 9 2 4 11 2 8 3 0 7 11 11 7 2 11 12 8 5 6 7 6 1 11 4 11 9 11 13 9 2 
7 6 4 6 1 8 6 7 6 3 7 7 12 5 10 12 5 6 9 1 6 12 3 7 9 4 11 1 4 3 9 12 3 0 13 5 3 0 6 4 5 1 3 13 12 8 3 9 12 7 0 5 2 4 5 8 1 0 9 8 5 5 4 9 12 7 4 9 1 7 9 13 2 9 0 6 12 5 10 5 4 5 11 10 7 5 12 12 5 1 3 5 8 3 13 6 13 7 11 13 6 4 
10 10 5 2 5 3 3 4 2 5 1 2 7 3 4 7 6 5 2 5 0 5 3 1 4 7 4 7 8 4 3 5 8 5 6 6 6 6 0 1 2 5 8 6 6 3 7 2 6 5 7 9 7 7 5 4 5 7 3 2 7 4 2 3 6 2 4 2 5 1 3 7 6 3 5 5 5 5 5 3 7 4 4 5 1 7 5 5 8 7 7 2 4 4 8 3 7 5 5 6 7 8 
9 8 5 1 3 3 2 3 2 3 3 2 7 4 6 7 6 5 4 4 1 7 2 2 6 5 6 5 6 2 4 7 6 4 8 4 4 4 1 0 0 3 6 8 7 3 6 4 7 5 5 7 5 5 3 4 3 5 5 4 5 2 2 4 8 2 2 4 3 2 5 8 4 4 4 4 7 3 6 2 5 4 6 7 2 6 7 7 7 5 6 3 4 2 9 2 8 6 7 8 6 6 
10 8 5 1 3 3 1 3 1 2 3 2 7 4 7 7 6 6 5 4 2 7 3 2 6 4 7 6 6 1 4 8 5 4 8 4 4 5 2 0 0 4 6 8 7 3 6 4 7 6 5 6 4 4 2 4 3 5 5 4 4 1 3 4 8 2 1 4 3 2 6 8 3 4 4 3 7 3 5 1 4 5 7 7 3 5 7 8 8 6 6 3 4 2 8 1 8 6 7 9 7 6 
7 8 3 5 1 7 5 7 5 4 6 6 11 4 9 11 3 5 8 0 5 11 1 6 7 4 10 2 6 2 8 11 4 0 11 5 4 1 5 3 4 0 5 11 11 7 2 7 11 5 2 6 3 5 5 8 0 2 7 6 5 5 3 8 10 6 3 7 1 6 8 12 2 8 1 6 11 5 9 4 4 3 10 8 5 6 10 10 4 2 2 4 8 3 13 5 12 6 9 11 5 6 
11 2 8 7 3 8 7 7 7 3 10 8 11 9 13 12 8 10 11 5 8 13 6 8 12 2 13 5 1 4 9 14 0 4 15 3 2 3 8 6 6 5 0 14 12 8 7 11 13 11 3 1 1 2 5 9 4 3 11 10 2 5 7 9 15 8 4 11 4 8 12 13 2 11 3 5 14 4 10 5 2 8 13 13 9 2 13 14 9 5 6 8 8 4 13 6 13 11 14 15 10 1 
15 16 11 7 11 6 7 7 7 10 5 5 6 9 5 5 12 10 3 12 6 0 10 6 7 12 2 13 14 10 5 2 14 12 2 11 12 13 6 8 8 11 14 0 3 6 13 4 2 9 13 14 13 12 9 6 11 13 4 5 12 9 9 5 4 5 10 3 11 6 5 5 12 3 12 9 1 10 5 9 12 10 2 6 6 12 1 4 14 13 13 8 7 10 5 8 5 9 4 3 12 14 
16 13 11 6 10 4 5 5 5 9 6 4 3 9 7 1 12 11 5 11 6 3 9 5 9 10 5 13 12 8 3 5 12 11 5 9 10 12 6 7 7 11 12 3 0 4 13 4 0 10 12 12 11 10 7 3 10 12 5 6 10 7 8 3 7 4 8 4 10 4 7 2 10 3 11 7 3 8 2 7 10 10 4 8 6 10 3 6 14 13 13 8 4 9 2 6 2 10 6 6 12 12 
13 9 9 2 6 0 1 1 1 5 4 1 4 7 7 4 9 9 4 8 3 5 6 2 8 6 6 9 8 5 1 7 8 7 7 5 6 8 3 3 3 7 8 6 4 0 10 4 4 8 8 8 7 6 3 0 6 8 5 5 6 3 6 1 8 1 4 4 6 1 6 5 6 3 7 3 6 4 2 3 6 8 6 8 4 6 5 8 11 9 10 6 1 5 5 2 5 9 7 8 10 8 
4 10 1 7 4 9 8 9 8 7 7 9 14 4 9 14 1 4 9 2 7 12 3 8 7 7 11 2 8 5 10 12 6 3 13 8 6 3 7 6 6 2 7 13 13 10 0 9 13 5 3 8 6 8 8 10 3 3 9 8 8 8 4 10 11 8 6 9 4 8 8 14 5 10 4 9 12 8 12 7 7 2 11 9 6 8 12 11 1 2 0 5 10 6 15 8 15 5 10 12 3 8 
11 13 7 4 7 3 4 5 4 7 1 3 7 5 3 6 8 6 0 7 2 3 6 2 4 9 2 9 11 6 3 3 10 8 4 8 8 9 2 4 4 7 11 4 4 4 9 0 4 5 9 11 9 9 7 5 7 9 1 1 9 6 4 3 4 3 6 0 7 3 2 6 8 1 8 7 3 7 5 6 9 6 2 4 2 10 2 3 10 9 9 4 5 7 7 5 7 5 3 4 8 11 
16 14 12 6 10 4 6 6 5 9 6 4 3 10 7 2 12 11 5 11 6 2 10 5 9 11 4 13 12 9 3 5 12 11 4 9 11 12 6 7 7 11 13 2 0 4 13 4 0 10 13 13 12 11 8 4 11 13 5 6 11 7 9 3 7 5 9 4 10 5 6 2 11 3 11 8 3 8 3 8 11 11 4 8 6 11 3 6 14 13 13 8 5 9 3 6 2 10 6 6 13 12 
6 13 3 7 7 8 8 9 7 8 4 7 12 1 4 11 3 1 5 5 4 8 4 6 2 10 6 7 11 7 8 7 10 6 8 10 9 7 5 5 6 5 11 9 10 8 5 5 10 0 8 12 9 10 9 9 6 8 4 4 10 8 3 8 6 7 7 5 6 6 4 12 8 7 7 10 8 9 10 8 10 2 6 3 4 11 8 6 5 6 5 2 9 7 13 8 12 0 5 7 3 11 
7 6 4 6 2 8 7 7 7 4 8 8 12 6 11 12 5 7 10 2 7 12 3 7 9 4 12 1 4 3 9 13 2 1 13 5 3 0 7 5 5 2 3 13 12 8 3 9 13 8 0 4 2 4 6 9 2 0 10 9 5 5 5 9 13 8 4 9 2 7 10 13 2 10 1 7 13 5 10 5 4 5 12 11 7 5 12 12 5 2 3 6 9 3 14 6 14 8 12 13 6 4 
12 1 9 7 4 8 7 7 7 3 10 8 11 10 14 12 10 11 12 7 9 14 7 8 13 2 14 6 0 5 9 15 2 5 15 3 2 5 9 7 6 6 1 14 12 8 8 11 13 12 4 0 2 2 5 8 5 4 12 11 2 5 8 9 15 9 4 11 5 8 13 13 3 11 5 5 14 4 10 5 2 9 14 14 10 2 14 15 10 6 8 9 8 4 13 6 13 12 14 15 11 0 
10 4 6 5 2 7 5 6 6 2 8 7 10 7 11 11 7 8 10 4 7 12 4 7 10 1 12 4 2 3 8 13 0 3 13 3 1 2 7 5 4 3 1 13 11 7 6 9 12 9 2 2 0 2 4 7 3 2 10 9 2 4 6 8 13 7 3 9 2 7 10 12 1 9 2 5 12 3 9 4 1 7 12 11 7 2 12 13 8 4 5 7 7 2 12 5 12 9 12 13 8 2 
12 3 8 5 3 6 4 5 5 2 8 6 9 9 12 10 9 10 10 6 7 11 6 6 11 0 12 6 1 3 7 13 2 5 13 1 1 4 7 5 4 5 2 12 10 6 8 9 11 10 4 2 2 0 2 6 4 5 10 9 0 3 7 7 13 6 3 9 4 6 11 11 2 9 4 3 12 2 8 3 0 8 12 12 8 0 11 13 10 6 8 8 6 3 11 4 11 11 12 13 10 1 
12 6 8 2 4 3 2 2 2 1 6 4 6 7 10 7 9 9 7 6 5 9 5 4 9 2 9 7 4 3 4 10 4 5 10 1 3 5 5 3 2 5 5 9 7 3 8 7 8 9 6 5 4 2 0 3 4 6 8 7 2 1 6 4 11 4 1 6 4 3 9 8 3 6 5 1 9 0 5 1 3 7 9 10 6 3 9 10 10 7 8 6 3 2 8 1 8 9 10 11 10 4 
14 9 9 3 7 1 2 1 2 5 5 2 3 8 8 3 10 9 5 8 4 5 7 3 9 6 7 10 8 5 1 7 8 8 8 5 6 8 4 4 4 8 9 6 3 0 10 5 4 9 9 8 7 6 3 0 7 9 6 6 6 3 7 1 9 2 4 4 7 2 7 4 7 4 8 3 6 4 1 3 6 9 6 9 5 6 6 8 12 10 10 7 0 5 5 2 4 9 8 8 11 8 
7 7 3 4 1 6 5 6 5 3 6 6 10 4 9 10 4 5 7 1 4 10 1 5 7 4 9 2 5 1 7 10 3 0 11 4 3 1 5 3 3 0 4 11 10 6 3 7 11 6 2 5 3 4 4 7 0 2 7 6 5 4 3 7 10 6 3 7 0 5 8 11 2 8 1 6 10 4 9 3 4 3 9 8 5 5 10 10 5 2 3 4 7 2 12 4 12 6 9 11 5 5 
7 6 4 6 2 8 7 7 7 4 8 8 12 6 11 12 5 7 10 2 7 12 3 7 9 4 12 1 4 3 9 13 2 1 13 5 3 0 7 5 5 2 3 13 12 8 3 9 13 8 0 4 2 5 6 9 2 0 10 9 5 5 5 9 13 8 4 9 2 7 10 13 2 10 1 7 13 5 11 5 4 5 12 11 7 5 12 12 5 1 3 6 9 3 14 6 14 8 12 13 6 4 
11 13 7 5 8 5 5 6 5 8 1 4 8 4 2 7 7 5 0 8 3 3 6 3 3 10 2 9 11 7 4 3 11 8 3 9 9 9 3 5 5 7 11 4 5 5 9 1 5 4 10 12 10 10 8 6 7 10 0 1 10 7 4 4 3 4 7 1 7 4 1 7 9 2 8 8 3 8 6 6 10 6 2 2 2 10 3 2 9 9 9 4 6 7 8 6 8 4 2 3 7 11 
10 12 6 4 7 4 5 6 4 7 0 3 8 3 2 7 6 4 1 7 2 4 5 3 3 9 3 8 11 6 4 4 10 7 5 8 8 8 2 4 4 6 10 5 6 5 8 1 6 4 9 11 9 9 7 6 6 9 1 0 9 6 3 4 4 3 6 1 6 3 1 8 8 2 7 8 4 7 6 6 9 5 3 3 1 10 4 3 8 8 8 3 6 6 9 5 8 4 3 4 6 10 
12 3 8 5 3 6 5 5 5 2 8 6 9 9 12 10 9 10 10 6 7 11 6 6 11 0 12 6 1 3 7 13 2 5 13 1 1 5 7 5 4 5 2 12 10 6 8 9 11 10 5 2 2 0 2 6 5 5 10 9 0 3 7 7 13 6 3 9 4 6 11 11 2 9 4 3 12 2 8 3 0 8 12 12 8 0 11 13 10 6 8 8 6 3 11 4 11 11 12 13 10 1 
11 7 7 1 3 3 1 1 2 1 5 3 6 6 9 7 8 8 6 5 4 8 4 3 8 3 8 6 5 2 4 9 5 5 10 2 3 5 4 2 1 5 5 9 7 3 8 6 7 8 5 5 4 3 1 3 4 5 7 6 3 0 5 4 10 3 1 5 4 2 8 8 3 5 4 2 8 1 5 0 3 7 8 9 5 3 8 9 9 7 7 5 3 2 8 0 8 8 9 10 9 5 
7 10 2 4 4 5 5 6 4 5 3 5 10 1 5 9 3 3 5 3 2 8 1 4 4 6 7 5 8 3 6 8 6 3 8 6 6 4 2 2 3 3 7 9 8 6 4 4 9 3 5 8 6 7 6 7 3 5 4 3 7 5 0 6 7 4 4 5 3 4 5 10 5 5 4 7 8 6 8 4 6 2 7 5 2 7 7 7 5 4 4 1 7 4 11 5 10 3 6 8 4 8 
13 10 9 3 7 1 2 2 2 6 4 1 3 7 7 3 10 9 4 8 3 4 6 2 7 7 5 10 9 5 0 6 9 8 6 6 7 9 3 4 4 8 9 5 3 1 10 3 3 8 9 9 8 7 4 1 7 9 4 4 7 4 6 0 7 1 5 3 7 2 6 4 7 2 8 4 5 5 1 4 7 8 5 7 4 7 4 7 12 10 10 6 2 6 4 3 4 8 6 7 10 9 
12 17 9 8 11 8 9 9 8 11 4 7 10 7 1 9 9 7 3 10 6 4 9 6 3 13 2 12 15 10 7 1 14 11 2 12 12 12 6 8 8 10 15 4 7 8 11 4 7 6 13 15 13 13 11 9 10 13 3 4 13 10 7 7 0 7 10 4 10 7 2 9 12 5 11 11 3 11 8 10 13 8 2 2 5 14 3 0 11 12 11 6 9 11 10 9 9 6 1 1 9 15 
12 10 7 1 5 1 1 2 1 5 2 0 5 5 6 5 8 7 3 7 2 5 5 0 6 6 5 8 8 4 1 6 8 6 6 5 6 7 2 2 2 6 8 5 4 1 8 3 5 7 8 9 7 6 4 2 6 8 4 3 6 3 4 1 7 0 4 2 5 0 5 6 6 2 6 4 5 4 3 3 6 6 5 6 3 7 5 6 10 8 8 4 2 4 6 2 6 7 6 7 9 8 
10 6 6 2 2 4 2 3 3 0 5 4 8 6 9 8 7 7 7 4 4 9 3 4 8 2 9 5 4 1 5 10 3 3 10 2 2 4 4 2 1 3 4 10 8 4 6 6 9 7 4 4 3 3 1 4 3 4 7 6 3 1 4 5 10 4 0 6 2 3 8 9 2 6 3 3 9 1 6 1 2 6 9 9 5 3 9 10 8 5 6 5 4 0 9 2 9 8 9 11 8 4 
11 12 7 4 7 3 4 5 3 7 1 2 6 5 3 5 8 6 0 8 2 3 6 2 4 9 2 9 11 6 3 3 10 8 4 8 8 9 2 4 4 7 11 3 4 4 9 0 4 5 9 11 9 9 6 4 7 9 1 1 9 5 5 3 4 2 6 0 7 2 2 6 8 1 8 7 3 7 4 5 9 6 2 4 2 9 2 3 10 9 9 4 5 7 7 5 6 6 3 4 8 10 
8 7 4 4 0 6 5 6 5 3 6 6 10 4 9 10 4 6 7 1 4 10 1 5 7 3 9 2 5 1 7 10 3 1 11 4 3 1 5 3 3 1 4 11 10 6 4 7 10 6 2 5 2 4 4 7 0 2 7 6 4 4 3 7 10 5 2 7 0 5 8 11 1 8 0 5 10 4 8 3 3 4 9 9 5 5 10 10 5 3 3 4 7 1 12 4 11 6 9 11 6 5 
11 9 7 1 5 1 1 2 0 4 2 0 5 5 6 5 8 7 3 6 1 5 4 0 6 6 5 8 8 4 2 6 7 6 7 5 6 7 1 2 2 6 8 6 4 1 8 3 5 6 7 8 7 6 3 2 5 7 4 3 6 2 4 2 7 0 3 2 5 0 5 6 5 2 6 4 5 4 3 3 6 6 5 6 2 6 5 6 9 8 8 4 3 4 7 2 6 7 6 7 8 8 
10 14 7 6 8 6 7 7 6 9 2 5 9 4 1 8 7 5 2 8 3 4 6 4 2 10 2 10 12 7 6 3 11 8 4 10 10 9 3 5 6 8 12 5 7 6 8 2 6 4 10 13 10 11 9 7 8 10 1 1 11 8 5 6 2 5 8 2 8 5 0 9 9 3 9 9 4 9 7 7 10 5 2 1 3 11 4 2 9 9 9 4 8 8 9 7 9 4 1 3 7 12 
18 14 13 7 11 5 6 6 6 10 8 5 2 11 9 1 14 13 7 13 7 4 11 6 11 11 7 14 12 10 4 7 13 12 7 9 11 13 7 8 8 12 13 5 2 5 14 6 2 12 13 13 12 11 8 4 11 13 7 8 11 8 10 4 9 6 9 6 11 6 9 0 11 5 12 7 5 8 2 8 11 12 6 10 8 11 5 8 16 14 14 10 5 10 0 7 0 12 8 8 14 12 
9 5 6 4 1 6 4 5 5 1 7 6 10 6 10 10 6 7 8 3 5 11 3 6 9 1 11 3 3 1 7 12 2 2 12 3 1 2 6 4 3 2 2 12 10 6 5 8 11 8 2 3 1 2 3 7 2 2 9 8 2 3 5 7 12 6 2 8 1 5 9 11 0 8 1 4 11 3 8 3 1 6 10 10 6 3 11 11 7 4 5 6 6 1 11 4 11 8 11 12 8 3 
12 12 8 4 8 3 4 5 3 7 2 2 5 6 4 4 9 7 1 8 3 2 6 2 5 9 2 10 11 6 2 3 10 8 4 8 9 9 3 4 4 8 11 3 3 3 10 1 3 7 10 11 9 9 6 4 8 10 2 2 9 5 5 2 5 2 6 1 8 2 3 5 8 0 8 7 2 7 3 6 9 7 2 5 3 9 2 4 11 10 10 5 4 7 6 5 5 7 4 4 9 11 
8 6 4 5 0 7 5 6 5 3 7 6 11 5 10 11 5 6 8 1 5 11 2 6 8 3 10 2 4 2 8 11 3 0 12 4 2 0 5 4 4 1 3 12 11 7 4 8 11 7 1 5 2 4 5 8 1 1 8 7 4 4 4 8 11 6 3 8 0 6 9 12 1 8 0 6 11 4 9 4 3 4 10 9 6 4 11 11 5 2 3 5 7 2 13 5 12 7 10 12 6 4 
13 6 9 3 5 3 2 2 3 2 7 4 5 8 10 6 10 10 8 7 5 9 6 4 10 3 9 8 5 4 4 10 5 6 11 2 4 6 5 4 3 6 5 9 7 3 9 7 8 10 7 5 5 3 1 3 6 7 8 8 3 2 7 4 11 4 3 7 5 4 9 7 4 7 6 0 9 1 4 2 3 9 9 11 6 3 9 11 11 8 9 7 2 3 7 2 7 10 10 11 11 4 
14 15 10 7 11 5 7 7 6 10 4 5 7 8 4 5 11 9 3 11 5 0 9 5 6 12 1 13 13 9 5 1 13 11 1 11 11 12 5 7 7 11 14 1 3 6 12 3 3 8 13 14 12 12 9 6 10 13 3 4 12 8 8 5 3 5 9 3 10 5 4 5 11 2 11 9 0 10 5 8 12 9 1 5 5 12 0 3 13 12 12 7 7 10 6 7 5 8 3 2 11 13 
12 5 8 3 3 4 2 2 3 1 6 4 7 7 10 7 9 9 7 6 5 9 5 4 10 2 9 6 4 2 5 11 4 5 11 1 2 5 5 3 3 5 4 10 8 4 8 7 8 9 5 4 3 2 0 4 4 5 8 7 2 1 6 5 11 4 1 7 4 4 9 8 3 7 4 1 10 0 6 1 2 7 9 10 6 2 9 11 10 7 8 6 3 2 9 2 9 9 10 11 10 3 
15 11 11 4 8 2 3 3 3 7 6 3 1 9 8 1 11 10 5 10 5 4 8 4 9 8 6 11 9 7 1 7 10 9 7 6 8 10 5 6 5 9 10 5 2 2 12 5 3 10 10 10 9 8 5 1 9 11 6 6 8 5 8 1 8 3 6 4 8 3 7 2 8 3 9 4 5 6 0 5 8 10 6 9 6 8 5 8 13 11 12 8 2 7 3 4 3 10 8 8 12 9 
11 6 7 1 3 3 1 2 2 1 5 3 7 6 8 7 7 7 6 5 3 8 4 3 8 3 8 6 5 2 4 9 4 4 10 2 3 5 3 2 1 4 5 9 7 3 7 6 8 8 5 5 4 3 1 3 3 5 6 6 3 0 4 4 10 3 1 5 3 3 7 8 3 6 4 2 8 1 5 0 3 6 8 9 4 3 8 9 9 6 7 5 3 1 8 1 8 8 9 10 8 5 
11 3 8 5 3 6 5 5 5 1 8 6 9 8 12 10 8 9 9 5 7 11 5 6 11 0 11 5 1 3 7 13 1 4 13 1 0 4 7 5 4 4 2 12 10 6 7 9 11 10 4 2 1 0 3 6 4 4 10 9 0 3 6 7 13 6 2 9 3 6 10 11 1 9 3 3 12 2 8 3 0 8 11 12 7 1 11 12 9 6 7 7 6 2 11 4 11 10 12 13 10 1 
5 11 1 6 5 7 7 8 6 6 4 7 12 1 6 11 1 1 6 3 4 9 2 6 4 8 8 4 9 5 8 9 7 4 10 8 7 5 4 4 5 3 8 10 10 8 2 6 11 2 5 9 7 8 7 9 3 5 6 5 8 7 2 8 8 6 6 6 4 6 5 12 6 7 4 9 9 7 10 6 8 0 8 6 4 9 9 8 3 4 3 2 9 5 13 7 12 2 7 9 2 9 
13 15 9 6 10 5 7 7 6 10 3 5 7 7 3 6 10 7 2 10 5 2 8 5 4 11 0 12 13 9 5 1 12 10 1 10 11 11 4 6 7 10 13 2 4 6 11 2 4 6 12 14 12 12 9 6 9 12 2 3 12 8 7 5 2 5 9 2 9 5 2 6 10 2 10 9 1 9 6 8 11 8 0 4 4 12 1 1 12 12 11 6 7 9 7 7 6 6 1 2 9 13 
9 15 7 7 9 7 8 9 7 10 4 7 11 4 1 10 7 4 3 8 5 6 7 6 1 12 3 10 13 8 7 3 12 9 5 11 11 10 5 7 7 8 13 6 8 8 9 4 8 3 11 14 11 12 10 9 8 11 2 3 12 9 5 7 2 6 9 4 9 6 1 10 10 5 9 11 5 10 9 9 12 6 4 0 4 13 5 2 9 10 9 4 9 9 11 8 10 3 2 3 6 13 
9 11 5 3 5 4 4 5 3 6 0 3 8 3 4 7 6 4 2 5 1 5 3 2 3 7 4 7 9 4 4 5 8 6 6 7 7 7 1 2 3 5 9 6 6 4 6 2 6 4 7 10 7 8 6 5 5 7 2 1 8 5 2 4 5 3 5 2 5 2 3 8 6 3 6 6 5 6 6 4 7 4 4 4 0 8 5 5 8 7 7 2 5 5 9 4 8 4 4 6 6 9 
13 3 9 5 4 6 5 5 6 2 9 7 9 9 12 10 10 10 10 6 7 12 6 7 12 1 12 6 1 4 7 13 2 5 14 1 2 5 7 6 5 6 2 12 10 6 8 10 11 11 5 2 2 0 3 6 5 5 10 10 0 3 7 7 14 7 3 9 5 6 11 11 3 9 4 3 12 2 8 3 1 9 12 13 8 0 12 13 10 7 8 8 6 3 11 4 11 11 13 14 11 1 
14 15 10 6 10 5 6 7 6 10 4 5 6 8 4 5 11 8 2 10 5 0 9 5 6 11 1 12 13 9 4 2 13 11 1 10 11 12 5 7 7 10 13 1 3 5 12 2 3 8 12 14 12 11 9 6 10 12 3 4 11 8 7 4 3 5 9 2 10 5 4 5 11 2 11 9 0 9 5 8 11 9 1 5 5 12 0 3 13 12 12 7 6 9 6 7 5 8 3 2 11 13 
12 16 9 8 11 7 8 9 7 11 4 6 9 6 1 8 9 7 3 10 5 3 8 6 4 12 1 12 14 9 6 1 13 11 2 12 12 12 5 7 8 10 14 4 6 8 11 3 6 6 12 15 13 13 10 8 10 12 2 3 13 9 7 7 0 6 10 3 10 6 2 8 11 4 11 11 3 11 8 9 12 8 1 2 5 13 3 0 11 12 11 6 9 10 9 9 8 6 0 1 9 14 
2 12 2 9 6 11 10 11 10 8 8 10 15 5 9 15 2 4 10 4 8 13 5 9 7 9 12 4 10 7 12 12 8 5 13 10 8 5 8 7 8 4 9 14 14 11 1 10 14 5 5 10 8 10 10 12 5 5 9 8 10 9 5 12 11 10 8 10 5 9 9 16 7 11 5 11 13 10 13 9 9 3 12 9 8 10 13 11 0 3 2 6 12 7 17 10 16 5 11 13 2 10 
5 8 3 7 3 9 7 9 8 5 8 8 13 5 10 13 3 6 9 1 7 13 3 8 8 6 11 0 6 4 10 12 4 1 13 7 5 1 7 5 6 2 5 13 13 9 2 9 13 6 2 6 4 6 7 10 2 1 9 8 6 7 4 10 12 8 5 9 3 8 9 14 4 10 2 8 12 7 11 6 6 4 12 10 7 7 12 12 3 0 1 5 10 4 15 7 14 7 11 13 5 6 
4 9 2 7 4 9 8 9 8 6 7 9 14 4 9 14 2 4 9 1 7 12 3 8 7 7 11 1 8 5 10 12 6 2 13 8 6 3 7 6 6 2 6 13 13 10 0 9 13 5 3 8 5 8 8 10 3 3 9 8 8 7 4 10 11 8 6 9 3 8 9 14 5 10 3 9 12 8 12 7 7 3 11 9 7 8 12 11 2 1 0 5 10 5 15 8 15 6 10 12 3 8 
7 11 3 4 5 5 5 6 4 6 2 5 10 1 4 9 3 2 4 4 2 7 2 4 3 7 6 6 9 4 6 7 8 4 8 7 7 5 2 3 3 4 8 8 8 6 5 4 8 2 6 9 7 8 6 7 4 6 4 3 8 5 1 6 6 4 5 4 4 4 4 10 6 5 5 7 7 6 8 5 7 2 6 4 2 8 7 6 6 5 5 0 7 5 11 5 10 2 5 7 4 9 
14 9 10 3 6 1 2 1 2 5 5 2 3 8 9 4 10 10 6 8 5 6 7 3 9 6 7 10 7 5 2 8 8 8 8 4 6 8 4 4 4 8 8 7 4 1 10 5 5 9 9 8 7 6 3 0 7 9 6 6 6 3 7 2 9 2 4 5 7 3 8 5 6 4 7 2 7 3 2 3 6 9 7 9 5 6 6 9 12 10 10 7 0 5 5 2 5 10 8 9 11 7 
10 6 5 3 1 5 3 4 3 1 6 5 9 5 9 9 6 7 7 3 4 9 3 4 8 2 9 4 4 0 6 10 3 2 11 2 1 3 4 2 2 3 4 10 9 5 6 7 9 7 3 4 2 3 2 5 2 3 7 6 3 2 4 6 11 4 0 7 1 4 8 10 1 7 2 3 10 2 7 1 2 5 9 9 5 3 9 10 7 4 5 5 5 0 10 3 10 8 10 11 7 4 
18 14 14 7 12 5 7 6 7 10 8 6 2 12 10 1 15 13 7 13 8 5 11 7 12 11 8 15 12 10 5 8 13 13 8 9 11 13 8 9 8 13 13 5 2 5 15 7 3 13 14 13 12 11 8 5 12 14 8 9 11 8 11 4 10 6 9 7 12 7 9 0 11 6 13 7 6 9 3 8 11 13 7 11 9 11 6 9 17 15 15 11 5 10 0 7 0 13 9 9 15 12 
12 7 7 1 4 2 0 1 1 2 4 2 5 6 8 6 8 8 5 6 3 7 4 2 8 4 7 7 6 3 3 8 6 5 9 3 4 6 3 2 1 5 6 8 6 2 8 5 6 8 6 6 5 4 1 2 4 6 6 5 4 0 5 3 9 2 2 5 4 2 7 7 4 5 5 2 7 2 4 1 4 7 7 8 4 4 7 9 10 7 8 5 2 3 7 0 7 8 8 9 9 6 
18 14 13 7 11 5 6 6 6 10 8 5 2 11 9 1 14 13 7 13 8 4 11 6 11 11 7 14 12 10 4 7 13 13 7 9 11 13 7 8 8 12 13 5 2 5 15 7 2 12 14 13 12 11 8 4 12 14 8 8 11 8 10 4 9 6 9 6 11 6 9 0 11 5 12 7 5 9 3 8 11 12 6 10 8 11 5 8 16 14 15 10 5 10 0 7 0 12 8 8 15 12 
6 14 3 7 7 8 8 9 7 9 4 7 12 2 4 11 3 1 5 5 5 8 5 6 2 10 6 7 12 7 8 7 10 6 8 10 9 7 5 6 6 6 11 9 10 9 5 5 10 0 8 12 9 11 9 9 6 8 4 4 11 8 3 8 6 7 8 6 6 7 4 12 8 7 7 10 8 9 10 8 10 2 6 3 4 11 8 6 5 7 6 2 10 8 13 8 12 0 5 7 3 11 
11 16 8 7 10 7 8 8 7 10 3 6 9 6 1 8 9 6 2 9 5 4 8 5 3 12 1 11 14 9 6 1 13 10 2 11 11 11 5 7 7 9 14 4 6 7 10 3 6 5 12 14 12 12 10 8 9 12 2 3 12 9 6 6 1 6 9 3 9 6 1 8 11 4 10 10 3 10 8 9 12 7 1 2 4 13 3 0 11 11 10 5 8 10 9 8 8 5 0 1 8 14 
13 17 10 8 11 7 9 9 8 11 5 7 9 8 3 8 10 8 3 11 6 3 9 7 5 13 1 13 15 10 7 0 14 12 1 12 13 13 6 8 9 11 15 3 6 8 12 4 6 7 13 15 13 13 11 8 11 13 3 4 13 10 8 7 1 7 11 4 11 7 3 8 12 4 12 11 2 11 8 10 13 9 2 3 6 14 2 1 13 13 12 7 9 11 9 9 8 7 1 0 10 15 
3 13 2 8 7 10 9 10 9 9 6 9 14 3 7 14 1 2 8 4 6 11 4 8 5 10 9 5 11 7 10 10 9 5 11 10 9 6 7 6 7 5 10 12 12 10 3 8 13 3 6 11 8 10 10 11 5 6 7 6 10 9 4 10 9 9 8 8 6 8 7 14 8 9 6 11 11 10 12 8 10 2 9 6 6 11 11 9 2 5 3 4 11 7 15 9 15 3 8 10 0 11 
12 2 9 6 4 8 6 6 7 3 10 8 10 9 13 11 9 11 11 6 8 13 6 8 12 1 13 6 0 4 9 14 2 5 15 2 2 4 8 6 6 6 1 14 12 8 8 11 12 11 4 0 2 1 4 8 5 4 11 10 1 5 8 9 15 8 4 10 5 8 12 12 3 11 4 4 13 3 9 5 1 9 13 13 9 1 13 14 10 6 8 9 7 4 12 6 12 11 14 15 11 0 
