100 7317.51 0 1680 7 240
50.54 73.3 71.34 9.85 75.67 62.38 31.24 62.78 93.61 31.62 92.27 8.09 60.12 18.63 29.44 96.69 24.53 72.9 15.83 63.59 18.9 92.5 46.6 90.26 36.06 58.94 94.91 35.35 42.96 20.2 31.63 37.47 28.75 83.24 69.53 17.84 4.59 14.91 58.7 26.41 50.53 4.7 14.32 42.44 48.06 73.8 50.29 14.89 1.37 81.13 79.12 30.25 14.11 98.83 83.25 98.4 3.33 81.4 23.97 97.55 26.27 63.07 49.41 29.34 20.13 41.26 6.56 9.81 64.89 9.89 95.03 82.94 50.3 68.5 62.8 73.92 18.83 83.04 14.91 24.32 71.02 80.63 81.31 46.23 17.32 57.33 61.53 57.33 34.68 68.76 47.92 12.52 91.42 1.14 13.3 61.63 47.67 74.06 6.64 84.69 
61.11 78.05 14.99 21.15 16.77 34.24 59.2 51.99 83.83 18.6 39.3 57.21 85.97 80.35 61.94 32.31 21.62 26.06 63.28 69.46 22.24 17.55 58.22 16.19 68.68 32.95 79.43 26.57 38.04 35.93 43.4 15.3 42.69 72.35 11.67 74.55 69.43 80.88 23.73 27.97 89.0 54.79 59.47 85.97 67.47 32.61 12.56 83.26 24.27 84.82 12.78 21.8 77.34 74.93 74.48 69.1 62.98 46.14 47.37 79.0 74.63 23.36 51.19 10.99 39.1 83.67 50.66 54.55 59.19 24.58 11.87 58.26 74.02 89.8 62.05 21.72 58.48 70.1 73.48 84.78 22.03 69.31 16.19 60.45 41.69 66.42 85.98 45.65 73.74 62.65 74.81 31.24 24.47 50.62 77.08 71.99 78.67 86.49 35.69 41.93 
5 7 7 1 7 6 3 6 9 3 9 1 6 2 3 9 3 7 2 6 2 9 5 9 4 6 9 4 4 2 3 4 3 8 7 2 1 2 6 3 5 1 2 4 5 7 5 2 1 8 8 3 2 9 8 9 1 8 3 9 3 6 5 3 2 4 1 1 6 1 9 8 5 7 6 7 2 8 2 3 7 8 8 5 2 6 6 6 4 7 5 2 9 1 2 6 5 7 1 8 
1 2 3 4 5 6 7 8 9 10 11 12 13 14 15 16 17 18 19 20 21 22 23 24 25 26 27 28 29 30 31 32 33 34 35 36 37 38 39 40 41 42 43 44 45 46 47 48 49 50 51 52 53 54 55 56 57 58 59 60 61 62 63 64 65 66 67 68 69 70 71 72 73 74 75 76 77 78 79 80 81 82 83 84 85 86 87 88 89 90 91 92 93 94 95 96 97 98 99 100 
3 1 1 2 1 2 1 2 1 1 1 2 2 1 1 1 1 1 1 2 1 1 3 1 1 2 1 1 1 1 1 1 1 3 1 1 2 1 2 1 3 2 1 1 3 1 3 1 2 3 3 1 1 1 3 1 2 3 1 1 1 2 3 1 1 1 2 2 2 2 1 3 3 1 2 1 1 3 1 1 1 3 3 3 1 2 2 2 1 1 3 1 1 2 1 2 3 1 2 3 
3 2 2 3 2 3 2 3 2 2 2 3 3 3 2 2 2 2 3 3 3 2 3 2 3 3 2 3 3 3 2 3 2 1 2 3 3 3 3 2 3 3 3 3 3 2 3 3 3 1 1 2 3 2 1 2 3 1 2 2 2 3 3 2 3 3 3 3 3 3 2 1 3 2 3 2 3 1 3 2 2 1 1 3 3 3 3 3 3 2 3 3 2 3 3 3 3 2 3 1 
4 3 2 6 10 6 9 6 8 7 9 5 6 2 2 9 10 4 9 3 3 5 9 4 3 8 10 3 1 7 5 5 1 7 2 8 7 1 1 8 1 10 8 10 3 9 10 9 5 6 10 10 7 7 4 8 7 10 2 2 4 2 5 7 1 9 10 5 10 6 9 5 3 5 8 7 10 2 3 2 10 9 10 6 10 8 6 2 10 10 6 2 6 6 2 2 7 1 8 5 
3516.68 3866.36 3815.82 4828.22 4366.29 4821.52 3921.27 4808.01 4717.1 4191.11 3891.96 3567.82 4848.11 3346.78 3943.14 3773.64 4349.14 3558.38 3743.9 3892.5 3794.19 3719.7 4128.29 3562.6 3371.61 4726.65 4413.26 3366.17 4195.65 4452.17 3560.79 3558.18 4299.04 4308.06 4156.43 4731.22 3972.21 4402.92 4386.23 4719.37 4355.49 4288.9 4692.35 4444.03 3962.91 3786.47 4464.85 3667.96 3533.9 4808.65 4363.24 4453.81 4463.38 4340.47 3575.31 4710.45 3925.08 4344.27 3288.66 4066.11 3461.67 4025.05 3386.88 4376.72 4441.27 3966.32 4461.97 3526.64 4391.23 4771.07 3492.41 3730.53 3644.58 3563.75 4680.31 4338.83 4356.26 3637.97 3755.11 3532.55 4375.65 4057.85 4400.99 4815.1 4337.62 4744.29 4774.17 3977.31 4320.55 4338.52 4774.11 4003.25 4821.33 4828.91 4262.04 4105.68 4165.62 4281.93 4662.8 3689.77 
0.23 0.27 0.6 0.56 0.6 0.53 0.85 0.64 0.81 0.15 0.85 0.86 0.72 0.61 0.62 0.86 0.34 0.67 0.85 0.36 0.19 0.88 0.85 0.28 0.31 0.72 0.3 0.34 0.66 0.18 0.88 0.87 0.84 0.34 0.59 0.74 0.24 0.81 0.79 0.9 0.76 0.4 0.74 0.26 0.33 0.85 0.51 0.85 0.87 0.67 0.4 0.17 0.09 0.36 0.53 0.89 0.03 0.27 0.56 0.56 0.5 0.59 0.86 0.3 0.73 0.85 0.18 0.88 0.39 0.59 0.86 0.87 0.2 0.9 0.84 0.06 0.58 0.58 0.19 0.56 0.18 0.85 0.3 0.52 0.62 0.74 0.75 0.56 0.53 0.21 0.44 0.64 0.46 0.55 0.66 0.58 0.09 0.75 0.73 0.89 
0.53 0.61 0.67 0.53 1.0 0.69 0.61 0.98 1.0 0.58 0.9 0.88 0.93 0.79 0.77 0.93 0.94 0.52 0.51 0.56 0.58 1.0 0.56 0.79 0.58 1.0 0.59 0.69 0.63 1.0 0.73 0.86 0.99 0.93 1.0 0.94 0.69 0.76 0.52 1.0 1.0 0.75 0.64 0.66 0.86 1.0 0.77 0.91 0.77 0.89 0.51 0.7 0.57 0.55 1.0 0.68 0.62 0.59 0.56 0.57 0.59 0.91 1.0 0.99 0.98 0.56 0.91 0.92 1.0 0.81 0.53 0.74 1.0 0.88 0.79 0.75 0.99 1.0 0.99 0.65 0.79 0.98 0.77 0.88 0.64 1.0 0.62 0.66 0.8 0.73 1.0 0.87 0.6 0.54 0.57 0.85 0.7 1.0 1.0 0.6 
0.73 1.0 0.78 0.97 1.0 0.7 0.81 0.98 0.55 0.97 0.88 1.0 0.55 0.81 0.53 0.76 0.69 0.73 0.53 0.69 0.73 1.0 1.0 0.51 0.87 0.62 0.63 0.85 1.0 0.77 0.61 0.82 0.86 0.89 1.0 0.78 0.54 0.99 1.0 0.61 1.0 0.54 0.99 0.66 1.0 1.0 0.86 0.97 0.97 1.0 0.73 0.53 1.0 0.98 1.0 1.0 0.58 0.67 0.6 0.74 0.53 0.63 0.84 0.84 0.73 0.77 0.51 0.51 1.0 1.0 0.8 0.61 0.67 0.72 0.52 0.9 0.98 0.56 0.9 1.0 1.0 1.0 0.61 0.94 0.87 0.88 0.88 0.75 0.88 0.82 0.87 0.81 0.5 0.58 0.56 0.92 0.81 0.57 0.91 1.0 
0.84 0.76 0.82 1.0 0.55 1.0 1.0 0.94 0.73 0.97 0.52 0.99 0.84 0.69 1.0 0.7 0.88 1.0 0.61 0.95 0.72 0.83 0.85 0.62 0.87 0.88 0.96 0.86 1.0 0.69 0.88 1.0 0.86 0.84 0.95 0.68 0.67 0.54 0.6 0.98 0.96 0.97 0.97 1.0 0.7 0.88 0.83 0.71 0.89 1.0 0.56 0.87 0.6 0.92 0.59 1.0 0.79 0.69 0.94 0.66 0.87 0.97 0.72 0.67 1.0 0.89 0.67 1.0 0.84 1.0 0.81 1.0 0.83 0.93 0.89 0.69 0.61 1.0 0.73 0.75 0.6 0.72 0.96 0.82 0.64 0.66 0.98 0.82 0.85 0.59 0.62 1.0 0.65 0.54 0.68 0.54 0.94 0.96 0.51 0.79 
0.92 0.66 0.92 0.88 0.79 0.73 0.92 0.7 0.89 0.69 0.65 0.68 1.0 0.58 0.88 0.5 0.6 0.6 0.63 0.98 0.59 0.68 0.8 0.89 0.88 0.54 1.0 1.0 0.81 0.71 0.9 0.68 0.64 1.0 0.55 0.95 0.55 1.0 1.0 0.86 0.95 0.61 0.61 0.7 0.57 1.0 0.74 0.9 0.91 0.83 0.67 0.83 0.79 0.8 0.86 0.76 0.61 0.92 1.0 0.76 1.0 1.0 0.55 1.0 0.71 0.55 1.0 0.98 0.53 0.71 0.53 1.0 0.85 1.0 0.83 0.66 0.85 0.92 0.91 0.55 0.56 1.0 0.51 1.0 0.99 0.69 0.84 0.81 1.0 0.92 0.57 1.0 0.69 0.64 0.79 0.88 0.97 1.0 0.94 1.0 
0.76 0.92 1.0 0.87 1.0 0.98 0.86 0.54 1.0 0.92 0.9 1.0 0.5 0.89 0.52 0.51 1.0 0.99 1.0 0.93 0.87 0.7 1.0 0.84 1.0 0.84 0.98 0.63 0.71 0.65 1.0 0.68 0.93 0.73 0.69 0.81 0.99 0.71 0.52 1.0 1.0 0.51 0.88 0.7 1.0 0.61 0.62 0.64 0.62 1.0 0.81 1.0 0.6 0.73 1.0 1.0 0.8 0.88 1.0 0.63 0.9 0.85 0.61 1.0 0.82 0.84 0.58 0.93 0.73 1.0 1.0 0.52 0.55 0.92 0.97 0.81 1.0 0.98 0.88 0.86 0.73 1.0 0.84 1.0 0.72 0.91 1.0 0.71 1.0 1.0 0.88 0.98 0.82 0.75 0.99 0.51 0.91 0.73 0.83 0.69 
0.23 0.28 0.39 0.4 0.43 0.34 0.39 0.34 0.36 0.34 0.24 0.59 0.22 0.23 0.19 0.13 0.34 0.23 0.1 0.33 0.16 0.4 0.38 0.19 0.39 0.25 0.35 0.32 0.36 0.25 0.36 0.32 0.43 0.51 0.36 0.38 0.14 0.29 0.16 0.51 0.92 0.12 0.33 0.21 0.34 0.54 0.25 0.36 0.37 0.74 0.11 0.26 0.16 0.29 0.51 0.52 0.14 0.22 0.32 0.14 0.25 0.47 0.2 0.56 0.42 0.18 0.18 0.43 0.32 0.58 0.18 0.23 0.26 0.54 0.3 0.25 0.5 0.51 0.53 0.23 0.19 0.7 0.2 0.68 0.25 0.37 0.45 0.24 0.6 0.32 0.27 0.69 0.11 0.08 0.17 0.19 0.48 0.4 0.36 0.33 
660.2 436.87 1621.62 621.07 1329.49 684.22 2082.39 692.55 1791.27 1293.52 1815.12 967.17 842.52 1610.3 1657.9 2012.84 916.61 1559.23 1850.78 666.69 436.38 1327.06 1842.61 881.14 450.13 1732.05 1134.18 557.31 520.95 1450.5 935.39 914.81 534.44 1889.01 1874.79 1453.72 1355.36 494.25 537.04 1768.04 687.51 1430.62 1392.06 1052.59 519.91 2307.12 1457.61 1887.61 1052.53 736.51 1209.92 1001.26 936.32 1551.88 1787.28 1577.19 1012.26 1218.16 1554.24 1729.6 1181.46 1827.19 1163.27 1629.17 583.41 1835.12 1125.01 1075.72 982.8 736.43 1681.35 1490.78 494.15 1070.28 1555.01 1285.47 1471.57 1982.47 496.73 1772.69 997.16 1722.01 882.52 754.7 1763.17 1520.67 640.92 1889.06 1272.6 856.15 728.86 1587.66 567.88 699.11 2024.25 1617.51 1067.26 578.31 1705.12 1074.34 
185.47 116.79 641.02 236.33 639.88 217.45 834.95 275.02 563.76 495.04 494.32 542.98 182.16 419.15 294.84 340.98 315.5 393.36 167.16 226.92 73.85 557.62 589.55 135.72 185.46 471.5 453.62 164.13 181.15 416.08 382.29 322.96 224.67 846.55 625.92 517.11 129.31 136.44 86.61 836.83 633.01 161.28 425.18 255.14 191.95 1310.56 294.75 584.97 404.6 570.86 160.38 235.35 151.12 418.27 910.33 847.28 155.56 314.33 471.04 228.74 310.21 876.52 234.43 811.77 237.99 331.66 186.31 512.27 298.65 472.88 393.87 327.33 120.06 565.16 408.11 332.16 770.47 1019.47 272.22 307.25 211.84 1259.04 164.2 484.76 430.15 516.02 283.63 440.19 722.41 218.12 224.36 1197.57 65.67 73.49 297.7 314.21 467.47 241.29 577.69 369.82 
2800.99 1684.35 7608.09 2605.36 6147.43 2921.09 9911.95 2962.75 8456.34 5967.59 8575.59 4335.86 3712.59 7551.51 7789.5 9564.19 4083.03 7296.16 8753.88 2833.43 1681.88 6135.32 8713.03 3905.71 1750.66 8160.26 5170.88 2286.57 2104.77 6752.5 4176.97 4074.06 2172.2 8945.04 8873.94 6768.6 6276.78 1971.23 2185.2 8340.22 2937.53 6653.1 6460.28 4762.97 2099.55 11035.59 6788.07 8938.07 4762.64 3182.54 5549.62 4506.29 4181.62 7259.39 8436.38 7385.96 4561.28 5590.82 7271.21 8147.99 5407.32 8635.93 5316.36 7645.83 2417.06 8675.59 5125.05 4878.6 4413.98 3182.13 7906.76 6953.91 1970.75 4851.4 7275.07 5927.37 6857.86 9412.34 1983.67 8363.47 4485.78 8110.07 3912.58 3273.51 8315.84 7103.36 2704.62 8945.28 5863.02 3780.76 3144.3 7438.31 2339.4 2995.54 9621.25 7587.57 4836.3 2391.53 8025.61 4871.68 
427.35 83.93 2705.1 681.66 2699.38 587.24 3674.76 875.08 2318.78 1975.2 1971.59 2214.89 410.82 1595.73 974.21 1204.89 1077.48 1466.79 335.8 634.58 -130.74 2288.08 2447.73 178.58 427.31 1857.51 1768.1 320.66 405.73 1580.38 1411.46 1114.79 623.34 3732.75 2629.59 2085.55 146.56 182.2 -66.93 3684.16 2665.05 306.38 1625.88 775.72 459.77 6052.81 973.73 2424.84 1523.02 2354.28 301.91 676.77 255.62 1591.35 4051.65 3736.4 277.79 1071.66 1855.2 643.68 1051.06 3882.6 672.14 3558.86 689.96 1158.3 431.57 2061.33 993.24 1864.41 1469.33 1136.63 100.3 2325.81 1540.55 1160.81 3352.34 4597.36 861.1 1036.27 559.18 5795.19 321.0 1923.81 1650.77 2080.09 918.13 1700.96 3112.05 590.61 621.79 5487.84 -171.66 -132.56 988.5 1071.05 1837.34 706.45 2388.44 1349.09 
140.67 77.33 76.32 144.85 87.33 144.65 78.43 144.24 94.34 83.82 77.84 107.03 145.44 66.94 78.86 75.47 86.98 71.17 74.88 116.77 75.88 74.39 165.13 71.25 67.43 141.8 88.27 67.32 83.91 89.04 71.22 71.16 85.98 172.32 83.13 94.62 119.17 88.06 131.59 94.39 174.22 128.67 93.85 88.88 158.52 75.73 178.59 73.36 106.02 192.35 174.53 89.08 89.27 86.81 143.01 94.21 117.75 173.77 65.77 81.32 69.23 120.75 135.48 87.53 88.83 79.33 133.86 105.8 131.74 143.13 69.85 149.22 145.78 71.28 140.41 86.78 87.13 145.52 75.1 70.65 87.51 162.31 176.04 192.6 86.75 142.33 143.23 119.32 86.41 86.77 190.96 80.07 96.43 144.87 85.24 123.17 166.62 85.64 139.88 147.59 
30 11 10 27 12 27 11 27 13 11 11 20 27 9 11 10 12 10 10 22 10 10 35 10 9 27 12 9 11 12 10 10 12 36 11 13 22 12 25 13 37 24 13 12 33 10 38 10 20 41 37 12 12 12 30 13 22 37 9 11 9 23 29 12 12 11 25 20 25 27 9 31 31 10 26 12 12 31 10 10 12 34 37 41 12 27 27 22 12 12 40 11 13 27 12 23 35 12 26 31 
211 136 83 17 198 170 88 36 235 73 206 145 107 81 63 166 14 197 148 45 98 71 214 154 239 77 6 226 92 23 145 109 64 188 140 66 47 106 154 6 195 220 170 219 117 155 24 233 37 142 173 55 218 168 54 86 68 16 182 5 20 87 24 91 67 203 93 10 62 96 98 148 221 24 7 188 133 119 7 86 104 2 87 231 231 194 18 21 87 235 232 101 56 143 6 117 18 110 3 118 
240 240 240 142 240 240 183 139 240 240 240 182 240 154 180 240 236 240 240 69 149 161 240 186 240 180 171 240 222 205 240 212 240 240 240 217 240 240 240 122 240 240 216 240 240 218 145 240 110 240 240 240 240 227 237 240 240 111 240 184 198 240 238 168 153 240 240 87 240 240 175 207 240 158 105 240 240 240 53 203 225 30 125 240 240 231 69 98 172 240 240 240 208 240 149 159 42 240 84 239 
5
0.0 0.0 0.0 0.0 0.0 
100.0 100.0 100.0 0.0 0.0 
0 0 0 14 14 9 10 15 11 16 12 7 11 13 12 15 6 8 3 6 16 11 14 5 10 11 17 8 17 6 12 13 11 10 9 9 13 9 12 16 4 4 3 13 10 7 6 6 6 8 14 14 3 10 11 16 11 3 14 12 14 5 13 8 14 5 14 9 13 9 6 7 6 10 10 18 13 8 9 10 15 6 12 4 4 15 12 16 8 8 9 9 11 6 11 7 9 16 7 3 9 7 10 9 14 
0 0 0 14 14 9 10 15 11 16 12 7 11 13 12 15 6 8 3 6 16 11 14 5 10 11 17 8 17 6 12 13 11 10 9 9 13 9 12 16 4 4 3 13 10 7 6 6 6 8 14 14 3 10 11 16 11 3 14 12 14 5 13 8 14 5 14 9 13 9 6 7 6 10 10 18 13 8 9 10 15 6 12 4 4 15 12 16 8 8 9 9 11 6 11 7 9 16 7 3 9 7 10 9 14 
0 0 0 14 14 9 10 15 11 16 12 7 11 13 12 15 6 8 3 6 16 11 14 5 10 11 17 8 17 6 12 13 11 10 9 9 13 9 12 16 4 4 3 13 10 7 6 6 6 8 14 14 3 10 11 16 11 3 14 12 14 5 13 8 14 5 14 9 13 9 6 7 6 10 10 18 13 8 9 10 15 6 12 4 4 15 12 16 8 8 9 9 11 6 11 7 9 16 7 3 9 7 10 9 14 
14 14 14 0 0 11 15 10 3 11 10 9 11 17 5 14 8 14 11 9 14 4 11 9 13 4 13 10 13 11 9 17 6 8 5 7 5 7 15 10 10 9 11 9 5 14 7 8 13 11 11 7 12 3 16 11 5 11 17 15 17 9 13 7 17 11 9 10 4 6 13 7 7 12 3 13 14 12 16 12 11 8 15 10 12 10 15 11 10 6 12 15 10 11 13 12 4 13 7 11 13 13 16 5 13 
14 14 14 0 0 11 15 10 3 11 10 9 11 17 5 14 8 14 11 9 14 4 11 9 13 4 13 10 13 11 9 17 6 8 5 7 5 7 15 10 10 9 11 9 5 14 7 8 13 11 11 7 12 3 16 11 5 11 17 15 17 9 13 7 17 11 9 10 4 6 13 7 7 12 3 13 14 12 16 12 11 8 15 10 12 10 15 11 10 6 12 15 10 11 13 12 4 13 7 11 13 13 16 5 13 
9 9 9 11 11 0 4 7 8 7 4 2 2 6 6 6 6 3 5 3 7 6 5 4 2 7 8 0 8 2 4 6 5 3 5 3 6 4 4 7 5 6 5 5 5 3 6 5 3 0 5 6 5 8 5 8 6 5 7 5 6 6 4 4 7 3 5 1 7 5 3 6 5 2 7 9 4 1 4 1 6 4 4 5 5 6 4 7 0 5 1 3 2 2 2 1 6 7 7 5 2 2 4 7 5 
10 10 10 15 15 4 0 9 12 8 6 6 4 3 10 6 9 2 7 6 7 10 7 8 1 11 9 4 9 5 6 3 9 7 9 7 10 8 1 9 7 9 8 8 9 3 10 8 4 3 6 9 8 12 1 9 10 8 3 1 3 10 4 8 3 6 7 5 11 9 4 10 9 2 11 9 3 3 1 2 8 8 1 8 7 8 1 8 4 9 2 2 5 5 2 3 10 8 11 8 1 3 1 11 5 
15 15 15 10 10 7 9 0 8 0 3 8 5 10 5 4 10 10 11 8 4 6 1 10 7 7 3 7 2 9 3 9 5 5 7 6 4 7 8 0 11 12 12 2 6 10 11 10 10 8 2 3 12 10 10 1 5 12 9 8 8 11 4 8 9 10 1 6 6 8 10 10 10 6 8 3 6 8 10 6 1 9 8 11 12 1 7 1 7 8 7 10 4 9 6 9 8 3 11 12 8 9 10 9 4 
11 11 11 3 3 8 12 8 0 9 7 6 8 14 3 12 5 11 8 6 12 2 9 6 10 1 11 7 11 7 7 14 3 5 2 4 4 4 12 8 7 6 8 6 2 11 4 5 10 8 9 5 8 1 13 9 2 8 14 12 14 6 10 4 15 7 7 7 3 2 9 4 4 9 0 12 11 9 12 9 9 5 12 7 9 8 12 10 7 3 9 11 7 8 10 9 1 11 4 8 10 9 13 2 11 
16 16 16 11 11 7 8 0 9 0 3 8 5 9 6 3 11 10 12 9 3 7 1 10 7 8 2 7 2 9 3 9 5 5 8 7 5 7 8 1 11 12 12 2 7 10 11 10 10 8 2 3 12 10 9 0 6 12 8 8 8 12 4 8 9 10 2 6 6 8 10 10 10 6 9 2 6 8 10 6 0 10 7 11 12 1 7 0 7 9 7 10 4 10 6 9 9 2 11 12 8 9 9 10 3 
12 12 12 10 10 4 6 3 7 3 0 5 2 8 4 4 8 7 9 6 4 5 1 7 5 6 4 4 4 6 0 7 4 2 6 4 4 4 6 3 8 9 9 1 5 8 8 7 7 5 1 3 9 8 7 3 4 9 7 6 7 9 3 5 8 7 1 3 5 6 7 8 8 3 7 5 4 5 7 3 2 7 5 8 9 2 5 3 4 6 4 7 1 6 4 6 7 4 9 9 5 6 7 7 3 
7 7 7 9 9 2 6 8 6 8 5 0 4 9 5 9 3 5 3 0 10 5 7 2 4 5 10 2 10 1 5 9 4 3 3 2 6 2 7 8 2 4 3 6 4 5 3 2 4 2 7 7 4 6 8 9 5 3 9 7 9 4 7 1 9 2 6 2 6 3 3 3 3 4 5 11 7 3 6 4 8 1 7 3 3 7 7 9 2 3 3 5 4 2 5 3 4 9 4 3 4 3 7 4 8 
11 11 11 11 11 2 4 5 8 5 2 4 0 6 6 4 7 4 7 4 5 6 3 6 2 7 6 2 6 4 2 6 5 3 6 4 6 5 4 5 7 8 7 4 6 5 8 7 5 3 3 5 8 9 5 6 6 7 6 4 5 8 2 5 6 6 4 1 7 6 5 8 7 1 8 7 3 3 5 1 4 6 3 7 7 4 3 5 2 6 2 4 1 5 1 3 7 5 8 7 2 4 5 8 3 
13 13 13 17 17 6 3 10 14 9 8 9 6 0 12 6 12 4 10 9 7 13 8 11 4 13 9 7 9 8 8 0 11 9 12 10 12 10 2 10 10 12 11 9 12 6 13 11 7 6 7 11 11 15 1 10 12 11 1 1 2 13 5 11 0 9 9 7 13 12 7 13 12 5 14 10 3 6 3 5 9 11 2 11 9 9 2 9 7 12 5 4 7 8 4 6 13 8 14 11 4 6 2 14 6 
12 12 12 5 5 6 10 5 3 6 4 5 6 12 0 9 6 10 9 6 9 1 5 6 8 1 8 6 8 7 4 12 1 3 2 3 0 3 10 5 8 8 9 3 1 10 6 6 9 7 6 2 9 4 11 6 0 8 12 10 11 7 8 4 12 8 4 5 1 3 9 5 6 7 3 9 9 8 11 7 6 5 10 8 9 5 10 7 6 3 7 10 5 7 8 8 3 8 6 8 8 8 11 4 8 
15 15 15 14 14 6 6 4 12 3 4 9 4 6 9 0 12 8 12 9 1 10 3 11 5 10 3 7 3 9 4 5 8 7 10 8 8 9 4 5 11 13 12 5 9 9 12 11 9 7 2 7 12 13 6 4 9 12 5 5 4 13 1 9 5 10 4 6 9 10 9 12 11 4 11 3 3 7 7 5 3 10 4 12 11 3 4 3 7 10 6 7 5 9 4 8 11 2 13 12 6 8 7 12 1 
6 6 6 8 8 6 9 10 5 11 8 3 7 12 6 12 0 8 3 3 13 5 10 1 8 5 13 5 13 4 8 12 5 5 3 3 7 3 10 10 2 1 3 8 4 7 0 0 6 5 10 8 3 4 11 11 5 3 13 11 13 1 10 2 13 3 9 5 7 3 6 0 0 8 4 14 10 6 9 7 10 1 10 2 4 10 10 11 5 2 7 8 7 4 8 6 3 12 1 2 7 6 10 3 11 
8 8 8 14 14 3 2 10 11 10 7 5 4 4 10 8 8 0 5 5 9 10 8 7 2 10 10 4 10 4 7 5 9 7 9 7 10 7 3 10 6 8 6 8 9 1 9 7 2 3 7 10 6 12 3 10 10 6 5 3 5 8 6 7 5 5 8 5 11 8 2 9 8 3 11 11 5 2 1 3 9 7 3 6 5 9 3 10 4 8 2 0 5 4 3 2 10 9 9 6 2 2 1 10 7 
3 3 3 11 11 5 7 11 8 12 9 3 7 10 9 12 3 5 0 3 13 8 10 2 6 8 13 5 13 2 8 10 8 6 6 5 9 5 9 12 0 2 0 9 7 4 4 3 3 4 10 10 0 8 8 12 8 0 11 9 11 3 10 4 11 1 10 6 10 5 3 4 3 7 8 14 9 4 7 6 11 3 9 1 1 11 8 12 4 5 5 6 7 2 7 4 7 13 4 0 6 4 7 6 10 
6 6 6 9 9 3 6 8 6 9 6 0 4 9 6 9 3 5 3 0 10 5 8 1 4 5 11 2 10 1 5 9 5 3 3 2 6 2 7 9 2 3 3 6 4 4 3 2 3 2 7 7 3 6 8 9 5 3 10 7 9 3 7 2 10 1 7 3 7 3 3 3 2 5 6 11 7 3 6 4 8 1 7 2 3 8 7 9 2 3 4 5 4 1 5 3 5 10 4 3 4 3 7 4 8 
16 16 16 14 14 7 7 4 12 3 4 10 5 7 9 1 13 9 13 10 0 10 3 12 7 11 2 8 2 10 5 6 8 7 10 9 8 9 6 4 12 14 13 5 10 10 13 12 10 8 3 7 13 13 7 3 9 13 6 6 5 14 2 10 6 11 4 7 10 10 10 13 12 5 12 2 4 8 9 6 3 11 5 13 12 3 5 3 8 11 7 9 5 10 5 9 12 1 13 13 7 9 8 12 2 
11 11 11 4 4 6 10 6 2 7 5 5 6 13 1 10 5 10 8 5 10 0 6 6 8 0 9 6 9 6 5 13 1 3 2 3 2 3 11 6 7 7 8 4 0 10 5 5 9 7 7 3 8 3 12 7 0 8 13 11 12 6 8 3 13 7 5 5 1 2 9 4 5 7 2 10 9 8 11 7 7 5 10 7 9 6 10 8 6 3 7 10 5 7 8 8 2 9 5 8 8 8 11 3 9 
14 14 14 11 11 5 7 1 9 1 1 7 3 8 5 3 10 8 10 8 3 6 0 9 6 7 3 5 2 8 2 8 5 4 7 6 5 6 6 2 10 11 11 2 6 9 10 9 9 6 0 3 11 10 8 2 6 11 7 7 7 11 3 7 8 9 1 4 6 7 9 10 9 4 9 3 4 7 9 5 0 9 6 10 10 0 6 1 6 8 6 8 3 8 5 7 8 2 10 11 6 8 8 9 2 
5 5 5 9 9 4 8 10 6 10 7 2 6 11 6 11 1 7 2 1 12 6 9 0 6 5 12 4 12 2 7 11 5 5 3 3 7 3 9 10 1 1 2 8 5 6 2 0 4 4 9 8 2 5 9 11 6 2 11 9 11 1 9 2 11 2 8 5 7 3 4 2 1 7 5 13 9 5 8 6 10 0 9 1 3 9 9 11 4 3 5 7 6 3 7 4 4 12 2 2 6 5 8 4 10 
10 10 10 13 13 2 1 7 10 7 5 4 2 4 8 5 8 2 6 4 7 8 6 6 0 9 8 2 8 3 5 4 7 5 7 5 8 6 2 8 6 8 7 6 7 3 8 7 3 2 5 8 7 10 3 8 8 7 5 2 4 8 4 6 5 5 6 3 9 7 3 8 7 1 9 9 3 2 2 1 6 6 2 6 6 6 2 8 2 7 0 2 3 4 1 2 9 7 9 7 0 2 2 9 4 
11 11 11 4 4 7 11 7 1 8 6 5 7 13 1 10 5 10 8 5 11 0 7 5 9 0 10 6 10 7 5 13 2 4 1 3 2 3 11 7 7 7 8 5 1 10 5 5 9 7 7 4 8 2 12 8 1 7 13 11 13 6 9 3 13 7 6 6 2 2 9 4 4 8 1 10 10 8 11 8 7 5 11 7 8 7 11 8 6 2 8 10 6 7 9 8 1 10 4 7 9 9 12 2 9 
17 17 17 13 13 8 9 3 11 2 4 10 6 9 8 3 13 10 13 11 2 9 3 12 8 10 0 8 0 10 5 8 8 7 10 9 7 9 7 3 13 14 14 4 9 11 13 12 12 9 3 6 14 13 9 2 8 14 8 8 7 14 4 10 8 12 4 7 9 10 11 13 12 7 11 0 5 10 10 7 2 12 7 13 13 3 7 1 9 11 8 10 6 11 7 10 11 1 13 14 8 10 10 12 3 
8 8 8 10 10 0 4 7 7 7 4 2 2 7 6 7 5 4 5 2 8 6 5 4 2 6 8 0 8 2 4 7 4 2 4 3 6 3 5 7 4 6 5 5 5 4 6 4 4 1 5 6 5 8 6 7 5 5 7 5 7 6 5 3 7 3 5 1 7 4 3 5 5 2 7 9 5 2 5 2 6 3 5 5 4 6 5 7 0 4 1 4 2 2 3 2 6 8 6 5 2 2 5 6 5 
17 17 17 13 13 8 9 2 11 2 4 10 6 9 8 3 13 10 13 10 2 9 2 12 8 10 0 8 0 10 5 9 7 7 10 9 7 9 8 3 13 14 14 4 9 11 13 12 12 9 3 5 14 12 9 1 8 13 8 8 7 14 4 10 9 12 4 7 8 10 11 12 12 7 11 0 6 10 10 7 2 11 7 13 13 2 7 1 8 11 8 10 6 11 7 10 11 1 13 14 8 10 10 12 3 
6 6 6 11 11 2 5 9 7 9 6 1 4 8 7 9 4 4 2 1 10 6 8 2 3 7 10 2 10 0 6 8 6 4 5 3 7 3 6 9 2 4 3 7 5 3 4 3 2 1 7 8 3 8 6 10 6 3 9 6 8 4 7 3 8 1 7 3 8 4 2 4 4 4 7 11 6 2 5 3 8 2 6 3 2 8 6 9 1 4 3 4 4 0 4 1 6 10 5 3 3 2 5 6 7 
12 12 12 9 9 4 6 3 7 3 0 5 2 8 4 4 8 7 8 5 5 5 2 7 5 5 5 4 5 6 0 8 3 2 5 4 3 4 6 3 8 9 9 1 4 8 8 7 7 5 2 3 9 8 8 4 4 9 8 6 7 9 3 5 8 7 1 2 5 5 7 7 7 3 7 5 4 5 8 4 2 6 6 8 8 2 6 3 4 6 4 7 1 6 4 6 6 4 8 9 5 6 7 7 3 
13 13 13 17 17 6 3 9 14 9 7 9 6 0 12 5 12 5 10 9 6 13 8 11 4 13 8 7 9 8 8 0 11 9 12 10 12 10 1 10 11 12 11 9 12 6 13 11 7 6 7 11 11 15 2 9 12 11 0 1 1 13 5 11 0 9 9 7 13 12 7 13 12 5 14 9 3 6 4 5 8 11 2 11 10 8 2 9 7 12 5 4 7 8 4 6 13 7 14 11 4 6 3 14 5 
11 11 11 6 6 5 9 5 3 5 4 4 5 11 1 8 5 9 8 5 8 1 5 5 7 2 8 4 7 6 3 11 0 1 2 2 1 2 9 5 7 7 8 3 1 9 5 5 8 6 5 2 8 4 10 6 0 7 11 9 10 6 7 3 11 6 3 4 2 2 8 5 5 6 3 8 8 7 10 6 5 5 9 7 8 5 8 6 5 3 6 9 4 6 7 7 3 8 5 7 7 7 10 4 7 
10 10 10 8 8 3 7 5 5 5 2 3 3 9 3 7 5 7 6 3 7 3 4 5 5 4 7 2 7 4 2 9 1 0 3 1 3 2 7 5 6 7 7 3 2 7 5 5 6 4 4 3 7 6 8 6 2 6 9 7 9 6 5 3 9 5 3 2 4 3 6 5 5 4 5 8 6 5 8 4 4 4 7 6 7 4 6 6 3 3 4 7 2 5 5 5 4 7 6 7 5 5 8 5 5 
9 9 9 5 5 5 9 7 2 8 6 3 6 12 2 10 3 9 6 3 10 2 7 3 7 1 10 4 10 5 5 12 2 3 0 1 3 1 10 7 5 5 6 5 1 8 3 3 7 6 7 5 6 3 11 9 2 5 12 10 12 4 8 1 12 5 6 4 3 0 7 2 3 7 2 11 9 6 10 7 7 3 10 5 7 7 9 9 5 0 6 9 5 5 7 6 1 10 3 5 7 7 10 1 9 
9 9 9 7 7 3 7 6 4 7 4 2 4 10 3 8 3 7 5 2 9 3 6 3 5 3 9 3 9 3 4 10 2 1 1 0 4 0 8 7 4 5 5 4 2 7 4 3 6 4 6 5 6 5 9 8 3 5 10 8 10 4 7 1 10 4 5 2 4 1 5 3 3 5 4 10 7 5 8 5 6 2 8 4 6 6 7 8 3 2 4 7 3 4 5 5 3 8 4 5 5 5 8 3 7 
13 13 13 5 5 6 10 4 4 5 4 6 6 12 0 8 7 10 9 6 8 2 5 7 8 2 7 6 7 7 3 12 1 3 3 4 0 4 10 4 8 9 9 3 2 10 7 7 10 7 5 1 10 5 11 5 1 9 12 10 11 8 7 4 12 8 3 5 1 4 9 6 6 7 4 8 8 8 11 7 5 6 10 8 10 4 9 6 6 4 7 10 5 8 8 8 4 7 7 9 8 9 11 5 7 
9 9 9 7 7 4 8 7 4 7 4 2 5 10 3 9 3 7 5 2 9 3 6 3 6 3 9 3 9 3 4 10 2 2 1 0 4 0 8 7 4 5 5 5 2 7 3 3 6 4 6 5 6 4 9 8 2 5 11 9 10 4 7 0 11 4 5 3 4 1 6 3 3 5 3 10 8 5 8 5 7 2 8 4 6 6 8 8 3 1 5 7 4 4 6 5 2 9 4 5 6 5 9 3 7 
12 12 12 15 15 4 1 8 12 8 6 7 4 2 10 4 10 3 9 7 6 11 6 9 2 11 7 5 8 6 6 1 9 7 10 8 10 8 0 8 9 11 9 7 10 5 11 10 6 5 5 9 9 13 1 8 10 9 2 0 2 11 3 9 2 8 7 5 11 10 6 11 10 3 12 8 2 4 3 3 7 9 0 9 8 7 0 8 5 10 3 3 5 6 2 5 11 6 12 10 3 5 2 12 4 
16 16 16 10 10 7 9 0 8 1 3 8 5 10 5 5 10 10 12 9 4 6 2 10 8 7 3 7 3 9 3 10 5 5 7 7 4 7 8 0 11 12 12 2 6 11 11 10 11 8 3 2 12 9 10 1 5 12 9 9 9 11 5 8 10 10 1 6 5 8 11 10 10 6 8 3 6 9 11 7 1 9 8 11 12 1 8 1 7 8 8 10 5 10 7 9 8 3 11 12 8 10 10 9 4 
4 4 4 10 10 5 7 11 7 11 8 2 7 10 8 11 2 6 0 2 12 7 10 1 6 7 13 4 13 2 8 11 7 6 5 4 8 4 9 11 0 2 0 9 6 5 3 2 3 4 9 9 1 7 9 12 7 0 11 9 11 2 9 3 11 1 9 5 9 5 3 3 3 7 7 14 9 4 7 6 11 2 9 0 1 10 9 12 4 4 5 6 6 2 7 4 6 12 4 0 6 4 8 5 10 
4 4 4 9 9 6 9 12 6 12 9 4 8 12 8 13 1 8 2 3 14 7 11 1 8 7 14 6 14 4 9 12 7 7 5 5 9 5 11 12 2 0 2 10 6 7 2 1 5 6 11 10 2 6 11 13 7 1 13 11 13 0 11 4 13 3 10 6 9 4 5 2 2 8 6 15 11 6 9 8 12 2 11 1 3 11 10 13 6 4 7 8 8 4 9 6 5 13 2 1 8 6 10 4 12 
3 3 3 11 11 5 8 12 8 12 9 3 7 11 9 12 3 6 0 3 13 8 11 2 7 8 14 5 14 3 9 11 8 7 6 5 9 5 9 12 0 2 0 10 7 5 4 3 3 5 10 10 0 8 9 13 8 0 12 9 12 3 10 4 11 1 10 6 10 6 3 4 3 7 8 15 10 5 7 7 11 3 9 1 1 11 9 13 5 5 6 6 7 3 8 4 7 13 4 0 6 4 8 6 11 
13 13 13 9 9 5 8 2 6 2 1 6 4 9 3 5 8 8 9 6 5 4 2 8 6 5 4 5 4 7 1 9 3 3 5 4 3 5 7 2 9 10 10 0 4 9 8 8 9 6 2 1 10 8 9 3 4 9 9 8 8 9 4 6 9 8 0 4 4 5 8 8 8 5 6 5 6 7 9 5 2 7 7 9 10 1 7 3 5 6 6 8 3 7 5 7 6 4 9 10 6 8 9 7 4 
10 10 10 5 5 5 9 6 2 7 5 4 6 12 1 9 4 9 7 4 10 0 6 5 7 1 9 5 9 5 4 12 1 2 1 2 2 2 10 6 6 6 7 4 0 9 4 4 8 6 6 4 8 3 11 7 1 7 12 10 11 5 8 2 12 6 5 4 2 1 8 4 4 7 2 10 9 7 10 7 6 4 10 6 8 6 9 8 5 2 7 9 5 6 7 7 2 9 4 7 8 7 10 3 8 
7 7 7 14 14 3 3 10 11 10 8 5 5 6 10 9 7 1 4 4 10 10 9 6 3 10 11 4 11 3 8 6 9 7 8 7 10 7 5 11 5 7 5 9 9 0 8 6 1 3 8 10 5 11 4 11 10 5 7 5 7 7 7 7 6 4 9 5 11 8 1 8 7 4 10 12 6 2 2 4 10 6 5 5 3 10 5 11 4 8 3 1 6 3 4 2 9 10 8 5 2 1 3 9 8 
6 6 6 7 7 6 10 11 4 11 8 3 8 13 6 12 0 9 4 3 13 5 10 2 8 5 13 6 13 4 8 13 5 5 3 4 7 3 11 11 3 2 4 8 4 8 0 1 6 6 10 8 4 4 11 12 5 3 13 11 13 1 11 2 13 4 9 6 7 3 6 0 0 8 4 14 11 7 10 8 10 2 11 3 5 10 11 12 5 2 7 9 7 5 9 6 3 13 0 3 8 7 10 2 11 
6 6 6 8 8 5 8 10 5 10 7 2 7 11 6 11 0 7 3 2 12 5 9 0 7 5 12 4 12 3 7 11 5 5 3 3 7 3 10 10 2 1 3 8 4 6 1 0 5 4 9 8 3 5 10 11 5 2 12 10 12 1 9 2 12 2 8 5 7 3 5 1 0 7 5 13 9 5 8 6 10 0 9 2 3 9 9 11 4 2 6 7 6 3 7 5 4 12 2 2 6 5 9 3 10 
6 6 6 13 13 3 4 10 10 10 7 4 5 7 9 9 6 2 3 3 10 9 9 4 3 9 12 4 12 2 7 7 8 6 7 6 10 6 6 11 3 5 3 9 8 1 6 5 0 2 8 10 3 10 5 11 9 4 8 6 8 6 7 6 7 2 9 5 10 7 0 7 6 4 9 12 7 2 3 4 10 5 6 4 2 10 5 11 3 7 3 2 6 2 5 1 8 11 7 4 3 1 4 8 8 
8 8 8 11 11 0 3 8 8 8 5 2 3 6 7 7 5 3 4 2 8 7 6 4 2 7 9 1 9 1 5 6 6 4 6 4 7 4 5 8 4 6 5 6 6 3 6 4 2 0 6 7 5 9 5 8 7 5 7 5 7 6 5 4 7 3 6 2 8 5 2 6 5 2 8 10 5 0 4 2 7 4 5 4 4 7 4 8 1 5 1 3 3 2 3 1 7 8 7 5 2 1 4 7 6 
14 14 14 11 11 5 6 2 9 2 1 7 3 7 6 2 10 7 10 7 3 7 0 9 5 7 3 5 3 7 2 7 5 4 7 6 5 6 5 3 9 11 10 2 6 8 10 9 8 6 0 4 11 10 7 2 6 10 7 6 6 10 2 7 7 9 2 4 7 7 8 9 9 4 9 4 3 6 8 4 1 8 5 10 10 1 5 2 5 8 5 7 3 8 4 7 8 2 10 10 5 7 7 9 2 
14 14 14 7 7 6 9 3 5 3 3 7 5 11 2 7 8 10 10 7 7 3 3 8 8 4 6 6 5 8 3 11 2 3 5 5 1 5 9 2 9 10 10 1 4 10 8 8 10 7 4 0 11 7 11 4 3 10 11 10 10 9 6 6 11 9 2 5 3 5 10 8 8 6 6 6 8 8 11 7 3 7 9 10 10 3 9 4 6 6 7 10 4 9 7 8 6 6 8 10 8 9 11 7 6 
3 3 3 12 12 5 8 12 8 12 9 4 8 11 9 12 3 6 0 3 13 8 11 2 7 8 14 5 14 3 9 11 8 7 6 6 10 6 9 12 1 2 0 10 8 5 4 3 3 5 11 11 0 8 9 13 9 0 12 9 12 3 10 5 11 2 10 6 10 6 3 4 4 7 8 15 10 5 7 7 12 3 9 1 1 11 9 13 5 5 6 6 8 3 8 4 7 13 5 0 6 4 8 6 11 
10 10 10 3 3 8 12 10 1 10 8 6 9 15 4 13 4 12 8 6 13 3 10 5 10 2 13 8 12 8 8 15 4 6 3 5 5 4 13 9 7 6 8 8 3 11 4 5 10 9 10 7 8 0 14 11 4 7 15 13 15 5 11 4 15 8 8 7 4 3 10 3 4 10 1 13 12 9 13 10 10 5 13 7 9 9 13 11 8 3 10 12 8 8 11 9 1 12 3 7 10 10 13 1 12 
11 11 11 16 16 5 1 10 13 9 7 8 5 1 11 6 11 3 8 8 7 12 8 9 3 12 9 6 9 6 8 2 10 8 11 9 11 9 1 10 9 11 9 9 11 4 11 10 5 5 7 11 9 14 0 10 11 9 2 1 3 11 5 9 2 7 9 6 12 10 5 11 11 4 13 10 3 4 1 4 9 9 2 9 8 9 2 9 6 11 4 2 6 6 3 4 12 8 12 9 3 4 1 12 6 
16 16 16 11 11 8 9 1 9 0 3 9 6 10 6 4 11 10 12 9 3 7 2 11 8 8 2 7 1 10 4 9 6 6 9 8 5 8 8 1 12 13 13 3 7 11 12 11 11 8 2 4 13 11 10 0 7 13 9 8 8 12 4 9 9 11 2 6 7 9 11 11 11 6 10 2 6 9 11 7 1 10 8 12 12 1 8 0 8 9 8 10 5 10 7 9 9 2 12 13 8 10 10 10 4 
11 11 11 5 5 6 10 5 2 6 4 5 6 12 0 9 5 10 8 5 9 0 6 6 8 1 8 5 8 6 4 12 0 2 2 3 1 2 10 5 7 7 8 4 1 10 5 5 9 7 6 3 9 4 11 7 0 8 12 10 11 7 8 3 12 7 4 5 1 2 8 5 5 7 2 9 9 7 11 7 6 5 10 7 9 5 9 7 5 3 7 10 5 7 8 7 2 8 5 8 8 8 11 3 8 
3 3 3 11 11 5 8 12 8 12 9 3 7 11 8 12 3 6 0 3 13 8 11 2 7 7 14 5 13 3 9 11 7 6 5 5 9 5 9 12 0 1 0 9 7 5 3 2 4 5 10 10 0 7 9 13 8 0 12 9 12 2 10 4 11 1 10 6 9 5 3 3 3 7 7 14 10 5 7 7 11 2 9 0 1 11 9 12 5 5 6 6 7 2 8 4 6 13 4 0 6 4 8 6 11 
14 14 14 17 17 7 3 9 14 8 7 9 6 1 12 5 13 5 11 10 6 13 7 11 5 13 8 7 8 9 8 0 11 9 12 10 12 11 2 9 11 13 12 9 12 7 13 12 8 7 7 11 12 15 2 9 12 12 0 2 0 13 4 11 0 10 8 7 13 12 8 13 13 5 14 9 3 6 4 5 8 11 2 11 10 8 2 8 7 12 6 5 7 9 4 7 13 7 14 12 5 7 3 14 5 
12 12 12 15 15 5 1 8 12 8 6 7 4 1 10 5 11 3 9 7 6 11 7 9 2 11 8 5 8 6 6 1 9 7 10 8 10 9 0 9 9 11 9 8 10 5 11 10 6 5 6 10 9 13 1 8 10 9 2 0 2 11 4 9 2 8 7 5 11 10 6 11 10 3 12 9 2 4 3 3 7 9 0 9 8 7 0 8 5 10 3 3 5 6 2 5 11 7 12 10 3 5 2 12 4 
14 14 14 17 17 6 3 8 14 8 7 9 5 2 11 4 13 5 11 9 5 12 7 11 4 13 7 7 7 8 7 1 10 9 12 10 11 10 2 9 11 13 12 8 11 7 13 12 8 7 6 10 12 15 3 8 11 12 0 2 0 13 4 11 1 10 8 7 12 11 8 13 12 4 14 8 2 6 5 5 7 11 2 11 10 7 2 7 7 12 5 5 6 9 4 7 13 6 14 12 5 7 4 13 4 
5 5 5 9 9 6 10 11 6 12 9 4 8 13 7 13 1 8 3 3 14 6 11 1 8 6 14 6 14 4 9 13 6 6 4 4 8 4 11 11 2 0 3 9 5 7 1 1 6 6 10 9 3 5 11 12 7 2 13 11 13 0 11 3 13 3 10 6 8 4 6 1 1 8 5 14 11 6 10 8 11 2 11 2 4 11 11 12 6 3 7 8 8 4 9 6 4 13 1 2 8 6 10 3 12 
13 13 13 13 13 4 4 4 10 4 3 7 2 5 8 1 10 6 10 7 2 8 3 9 4 9 4 5 4 7 3 5 7 5 8 7 7 7 3 5 9 11 10 4 8 7 11 9 7 5 2 6 10 11 5 4 8 10 4 4 4 11 0 8 5 8 4 4 8 8 7 10 10 3 10 5 1 5 6 3 3 9 3 10 9 3 3 4 5 9 4 6 3 7 2 6 10 3 11 10 4 6 5 10 0 
8 8 8 7 7 4 8 8 4 8 5 1 5 11 4 9 2 7 4 2 10 3 7 2 6 3 10 3 10 3 5 11 3 3 1 1 4 0 9 8 3 4 4 6 2 7 2 2 6 4 7 6 5 4 9 9 3 4 11 9 11 3 8 0 11 3 6 3 5 1 5 2 2 6 3 11 8 5 8 5 8 1 9 3 5 7 8 9 3 1 5 7 4 4 6 5 2 10 3 4 6 5 9 2 8 
14 14 14 17 17 7 3 9 15 9 8 9 6 0 12 5 13 5 11 10 6 13 8 11 5 13 8 7 9 8 8 0 11 9 12 10 12 11 2 10 11 13 11 9 12 6 13 12 7 7 7 11 11 15 2 9 12 11 0 2 1 13 5 11 0 10 9 7 13 12 8 13 13 5 14 9 3 6 4 5 8 11 2 11 10 8 2 9 7 12 6 5 7 9 4 7 13 7 14 12 5 7 3 14 5 
5 5 5 11 11 3 6 10 7 10 7 2 6 9 8 10 3 5 1 1 11 7 9 2 5 7 12 3 12 1 7 9 6 5 5 4 8 4 8 10 1 3 1 8 6 4 4 2 2 3 9 9 2 8 7 11 7 1 10 8 10 3 8 3 10 0 9 4 9 5 2 4 3 5 7 13 8 3 6 5 10 2 8 1 1 9 7 11 3 4 4 5 6 1 6 3 6 11 4 1 5 3 7 6 9 
14 14 14 9 9 5 7 1 7 2 1 6 4 9 4 4 9 8 10 7 4 5 1 8 6 6 4 5 4 7 1 9 3 3 6 5 3 5 7 1 9 10 10 0 5 9 9 8 9 6 2 2 10 8 9 2 4 10 8 7 8 10 4 6 9 9 0 4 5 6 9 8 8 5 7 4 5 7 9 5 1 8 7 9 10 1 7 2 5 7 6 8 3 8 5 7 7 4 9 10 6 8 9 8 4 
9 9 9 10 10 1 5 6 7 6 3 2 1 7 5 6 5 5 6 3 7 5 4 5 3 6 7 1 7 3 2 7 4 2 4 2 5 3 5 6 5 6 6 4 4 5 6 5 5 2 4 5 6 7 6 6 5 6 7 5 7 6 4 3 7 4 4 0 6 4 4 6 5 2 6 8 4 3 6 2 5 4 5 5 5 5 5 6 1 4 2 5 1 3 3 3 5 7 6 6 3 3 6 6 5 
13 13 13 4 4 7 11 6 3 6 5 6 7 13 1 9 7 11 10 7 10 1 6 7 9 2 9 7 8 8 5 13 2 4 3 4 1 4 11 5 9 9 10 4 2 11 7 7 10 8 7 3 10 4 12 7 1 9 13 11 12 8 8 5 13 9 5 6 0 4 10 6 6 8 3 9 10 9 12 8 6 6 11 9 10 6 11 7 7 4 8 11 6 8 9 9 3 9 6 9 9 10 12 4 9 
9 9 9 6 6 5 9 8 2 8 6 3 6 12 3 10 3 8 5 3 10 2 7 3 7 2 10 4 10 4 5 12 2 3 0 1 4 1 10 8 5 4 6 5 1 8 3 3 7 5 7 5 6 3 10 9 2 5 12 10 11 4 8 1 12 5 6 4 4 0 7 2 2 7 2 11 9 6 10 6 8 2 10 4 6 7 9 9 4 0 6 8 5 5 7 6 1 10 3 5 7 6 10 1 9 
6 6 6 13 13 3 4 10 9 10 7 3 5 7 9 9 6 2 3 3 10 9 9 4 3 9 11 3 11 2 7 7 8 6 7 5 9 6 6 11 3 5 3 8 8 1 6 5 0 2 8 10 3 10 5 11 8 3 8 6 8 6 7 5 8 2 9 4 10 7 0 6 6 4 9 12 6 1 3 4 10 4 6 4 2 9 5 11 3 6 3 2 5 1 4 1 8 11 7 4 3 1 4 8 8 
7 7 7 7 7 6 10 10 4 10 8 3 8 13 5 12 0 9 4 3 13 4 10 2 8 4 13 5 12 4 7 13 5 5 2 3 6 3 11 10 3 2 4 8 4 8 0 1 7 6 9 8 4 3 11 11 5 3 13 11 13 1 10 2 13 4 8 6 6 2 6 0 0 8 3 13 10 7 10 8 10 2 11 3 5 10 10 11 5 2 7 9 7 5 9 6 2 12 0 3 8 7 10 2 11 
6 6 6 7 7 5 9 10 4 10 8 3 7 12 6 11 0 8 3 2 12 5 9 1 7 4 12 5 12 4 7 12 5 5 3 3 6 3 10 10 3 2 3 8 4 7 0 0 6 5 9 8 4 4 11 11 5 3 13 10 12 1 10 2 13 3 8 5 6 2 6 0 0 7 4 13 10 6 9 7 10 1 10 2 4 9 10 11 5 2 6 8 6 4 8 6 3 12 1 3 7 6 10 2 10 
10 10 10 12 12 2 2 6 9 6 3 4 1 5 7 4 8 3 7 5 5 7 4 7 1 8 7 2 7 4 3 5 6 4 7 5 7 5 3 6 7 8 7 5 7 4 8 7 4 2 4 6 7 10 4 6 7 7 5 3 4 8 3 6 5 5 5 2 8 7 4 8 7 0 9 8 2 2 4 0 5 6 3 7 6 5 2 6 2 7 1 3 2 4 0 3 8 6 9 7 1 3 4 8 3 
10 10 10 3 3 7 11 8 0 9 7 5 8 14 3 11 4 11 8 6 12 2 9 5 9 1 11 7 11 7 7 14 3 5 2 4 4 3 12 8 7 6 8 6 2 10 4 5 9 8 9 6 8 1 13 10 2 7 14 12 14 5 10 3 14 7 7 6 3 2 9 3 4 9 0 12 11 9 12 9 9 5 12 7 8 8 11 10 7 2 9 11 7 7 10 9 1 11 3 7 10 9 12 1 10 
18 18 18 13 13 9 9 3 12 2 5 11 7 10 9 3 14 11 14 11 2 10 3 13 9 10 0 9 0 11 5 9 8 8 11 10 8 10 8 3 14 15 15 5 10 12 14 13 12 10 4 6 15 13 10 2 9 14 9 9 8 14 5 11 9 13 4 8 9 11 12 13 13 8 12 0 6 10 11 8 3 12 8 14 14 3 8 2 9 11 9 11 7 12 8 11 12 1 14 14 9 11 11 13 4 
13 13 13 14 14 4 3 6 11 6 4 7 3 3 9 3 10 5 9 7 4 9 4 9 3 10 5 5 6 6 4 3 8 6 9 7 8 8 2 6 9 11 10 6 9 6 11 9 7 5 3 8 10 12 3 6 9 10 3 2 2 11 1 8 3 8 5 4 10 9 6 10 10 2 11 6 0 5 4 2 5 9 1 9 9 5 1 6 5 9 3 5 4 7 2 5 10 4 11 10 3 5 4 11 2 
8 8 8 12 12 1 3 8 9 8 5 3 3 6 8 7 6 2 4 3 8 8 7 5 2 8 10 2 10 2 5 6 7 5 6 5 8 5 4 9 4 6 5 7 7 2 7 5 2 0 6 8 5 9 4 9 7 5 6 4 6 6 5 5 6 3 7 3 9 6 1 7 6 2 9 10 5 0 3 2 8 5 4 5 4 7 4 9 2 6 1 2 4 2 3 0 8 9 7 5 1 0 3 8 6 
9 9 9 16 16 4 1 10 12 10 7 6 5 3 11 7 9 1 7 6 9 11 9 8 2 11 10 5 10 5 8 4 10 8 10 8 11 8 3 11 7 9 7 9 10 2 10 8 3 4 8 11 7 13 1 11 11 7 4 3 5 10 6 8 4 6 9 6 12 10 3 10 9 4 12 11 4 3 0 4 9 8 3 8 6 9 3 10 5 10 3 1 6 5 3 3 11 9 11 8 2 3 0 11 7 
10 10 10 12 12 1 2 6 9 6 3 4 1 5 7 5 7 3 6 4 6 7 5 6 1 8 7 2 7 3 4 5 6 4 7 5 7 5 3 7 6 8 7 5 7 4 8 6 4 2 4 7 7 10 4 7 7 7 5 3 5 8 3 5 5 5 5 2 8 6 4 8 7 0 9 8 2 2 4 0 5 6 3 7 6 5 2 7 2 7 1 3 2 4 0 2 8 6 8 7 1 3 3 8 4 
15 15 15 11 11 6 8 1 9 0 2 8 4 9 6 3 10 9 11 8 3 7 0 10 6 7 2 6 2 8 2 8 5 4 7 6 5 7 7 1 11 12 11 2 6 10 10 10 10 7 1 3 12 10 9 1 6 11 8 7 7 11 3 8 8 10 1 5 6 8 10 10 10 5 9 3 5 8 9 5 0 9 7 11 11 0 6 1 6 8 6 9 4 9 5 8 8 2 11 11 7 8 9 9 3 
6 6 6 8 8 4 8 9 5 10 7 1 6 11 5 10 1 7 3 1 11 5 9 0 6 5 12 3 11 2 6 11 5 4 3 2 6 2 9 9 2 2 3 7 4 6 2 0 5 4 8 7 3 5 9 10 5 2 11 9 11 2 9 1 11 2 8 4 6 2 4 2 1 6 5 12 9 5 8 6 9 0 9 2 3 9 8 10 3 2 5 7 5 3 7 4 3 11 2 2 6 5 8 3 9 
12 12 12 15 15 4 1 8 12 7 5 7 3 2 10 4 10 3 9 7 5 10 6 9 2 11 7 5 7 6 6 2 9 7 10 8 10 8 0 8 9 11 9 7 10 5 11 9 6 5 5 9 9 13 2 8 10 9 2 0 2 11 3 9 2 8 7 5 11 10 6 11 10 3 12 8 1 4 3 3 7 9 0 9 8 7 0 7 5 10 3 3 5 6 2 5 11 6 12 10 3 5 2 11 4 
4 4 4 10 10 5 8 11 7 11 8 3 7 11 8 12 2 6 1 2 13 7 10 1 6 7 13 5 13 3 8 11 7 6 5 4 8 4 9 11 0 1 1 9 6 5 3 2 4 4 10 10 1 7 9 12 7 0 11 9 11 2 10 3 11 1 9 5 9 4 4 3 2 7 7 14 9 5 8 7 11 2 9 0 2 10 9 12 4 4 6 6 7 2 7 4 6 12 3 0 6 4 8 5 10 
4 4 4 12 12 5 7 12 9 12 9 3 7 9 9 11 4 5 1 3 12 9 10 3 6 8 13 4 13 2 8 10 8 7 7 6 10 6 8 12 1 3 1 10 8 3 5 3 2 4 10 10 1 9 8 12 9 1 10 8 10 4 9 5 10 1 10 5 10 6 2 5 4 6 8 14 9 4 6 6 11 3 8 2 0 11 8 12 4 6 5 5 7 2 7 3 7 12 5 1 5 3 7 7 10 
15 15 15 10 10 6 8 1 8 1 2 7 4 9 5 3 10 9 11 8 3 6 0 9 6 7 3 6 2 8 2 8 5 4 7 6 4 6 7 1 10 11 11 1 6 10 10 9 10 7 1 3 11 9 9 1 5 11 8 7 7 11 3 7 8 9 1 5 6 7 9 10 9 5 8 3 5 7 9 5 0 9 7 10 11 0 6 1 6 8 6 9 3 9 5 8 8 2 10 11 7 8 9 9 3 
12 12 12 15 15 4 1 7 12 7 5 7 3 2 10 4 10 3 8 7 5 10 6 9 2 11 7 5 7 6 6 2 8 6 9 7 9 8 0 8 9 10 9 7 9 5 11 9 5 4 5 9 9 13 2 8 9 9 2 0 2 11 3 8 2 7 7 5 11 9 5 10 10 2 11 8 1 4 3 2 6 8 0 9 8 6 0 7 5 9 3 3 4 6 1 4 11 6 11 9 2 4 2 11 3 
16 16 16 11 11 7 8 1 10 0 3 9 5 9 7 3 11 10 12 9 3 8 1 11 8 8 1 7 1 9 3 9 6 6 9 8 6 8 8 1 12 13 13 3 8 11 12 11 11 8 2 4 13 11 9 0 7 12 8 8 7 12 4 9 9 11 2 6 7 9 11 11 11 6 10 2 6 9 10 7 1 10 7 12 12 1 7 0 8 9 7 10 5 10 6 9 10 1 12 13 8 10 10 11 3 
8 8 8 10 10 0 4 7 7 7 4 2 2 7 6 7 5 4 4 2 8 6 6 4 2 6 9 0 8 1 4 7 5 3 5 3 6 3 5 7 4 6 5 5 5 4 5 4 3 1 5 6 5 8 6 8 5 5 7 5 7 6 5 3 7 3 5 1 7 4 3 5 5 2 7 9 5 2 5 2 6 3 5 4 4 6 5 8 0 4 1 4 2 2 3 2 6 8 6 5 2 2 5 6 6 
8 8 8 6 6 5 9 8 3 9 6 3 6 12 3 10 2 8 5 3 11 3 8 3 7 2 11 4 11 4 6 12 3 3 0 2 4 1 10 8 4 4 5 6 2 8 2 2 7 5 8 6 5 3 11 9 3 5 12 10 12 3 9 1 12 4 7 4 4 0 6 2 2 7 2 11 9 6 10 7 8 2 10 4 6 8 9 9 4 0 6 8 5 5 7 6 1 10 2 5 7 6 10 1 9 
9 9 9 12 12 1 2 7 9 7 4 3 2 5 7 6 7 2 5 4 7 7 6 5 0 8 8 1 8 3 4 5 6 4 6 4 7 5 3 8 5 7 6 6 7 3 7 6 3 1 5 7 6 10 4 8 7 6 6 3 5 7 4 5 6 4 6 2 8 6 3 7 6 1 9 9 3 1 3 1 6 5 3 6 5 6 3 7 1 6 0 2 2 3 1 1 8 7 8 6 1 2 3 8 5 
9 9 9 15 15 3 2 10 11 10 7 5 4 4 10 7 8 0 6 5 9 10 8 7 2 10 10 4 10 4 7 4 9 7 9 7 10 7 3 10 6 8 6 8 9 1 9 7 2 3 7 10 6 12 2 10 10 6 5 3 5 8 6 7 5 5 8 5 11 8 2 9 8 3 11 11 5 2 1 3 9 7 3 6 5 9 3 10 4 8 2 0 5 4 3 2 10 9 9 7 1 2 1 10 7 
11 11 11 10 10 2 5 4 7 4 1 4 1 7 5 5 7 5 7 4 5 5 3 6 3 6 6 2 6 4 1 7 4 2 5 3 5 4 5 5 6 8 7 3 5 6 7 6 6 3 3 4 8 8 6 5 5 7 7 5 6 8 3 4 7 6 3 1 6 5 5 7 6 2 7 7 4 4 6 2 4 5 5 7 7 3 4 5 2 5 2 5 0 5 2 4 6 5 8 7 3 4 6 7 3 
6 6 6 11 11 2 5 9 8 10 6 2 5 8 7 9 4 4 2 1 10 7 8 3 4 7 11 2 11 0 6 8 6 5 5 4 8 4 6 10 2 4 3 7 6 3 5 3 2 2 8 9 3 8 6 10 7 2 9 6 9 4 7 4 9 1 8 3 8 5 1 5 4 4 7 12 7 2 5 4 9 3 6 2 2 9 6 10 2 5 3 4 5 0 5 1 6 10 5 3 3 1 5 6 8 
11 11 11 13 13 2 2 6 10 6 4 5 1 4 8 4 8 3 7 5 5 8 5 7 1 9 7 3 7 4 4 4 7 5 7 5 8 6 2 7 7 9 8 5 7 4 9 7 5 3 4 7 8 11 3 7 8 8 4 2 4 9 2 6 4 6 5 3 9 7 4 9 8 0 10 8 2 3 3 0 5 7 2 7 7 5 1 6 3 7 1 3 2 5 0 3 9 6 9 8 1 3 3 9 3 
7 7 7 12 12 1 3 9 9 9 6 3 3 6 8 8 6 2 4 3 9 8 7 4 2 8 10 2 10 1 6 6 7 5 6 5 8 5 5 9 4 6 4 7 7 2 6 5 1 1 7 8 4 9 4 9 7 4 7 5 7 6 6 5 7 3 7 3 9 6 1 6 6 3 9 11 5 0 3 2 8 4 5 4 3 8 4 9 2 6 1 2 4 1 3 0 8 9 7 4 1 0 4 8 7 
9 9 9 4 4 6 10 8 1 9 7 4 7 13 3 11 3 10 7 5 12 2 8 4 9 1 11 6 11 6 6 13 3 4 1 3 4 2 11 8 6 5 7 6 2 9 3 4 8 7 8 6 7 1 12 9 2 6 13 11 13 4 10 2 13 6 7 5 3 1 8 2 3 8 1 12 10 8 11 8 8 3 11 6 7 8 11 10 6 1 8 10 6 6 9 8 0 11 3 6 9 8 11 1 10 
16 16 16 13 13 7 8 3 11 2 4 9 5 8 8 2 12 9 13 10 1 9 2 12 7 10 1 8 1 10 4 7 8 7 10 8 7 9 6 3 12 13 13 4 9 10 13 12 11 8 2 6 13 12 8 2 8 13 7 7 6 13 3 10 7 11 4 7 9 10 11 12 12 6 11 1 4 9 9 6 2 11 6 12 12 2 6 1 8 10 7 9 5 10 6 9 11 0 13 13 8 9 9 12 2 
7 7 7 7 7 7 11 11 4 11 9 4 8 14 6 13 1 9 4 4 13 5 10 2 9 4 13 6 13 5 8 14 5 6 3 4 7 4 12 11 4 2 4 9 4 8 0 2 7 7 10 8 5 3 12 12 5 4 14 12 14 1 11 3 14 4 9 6 6 3 7 0 1 9 3 14 11 7 11 8 11 2 12 3 5 10 11 12 6 2 8 9 8 5 9 7 3 13 0 4 9 7 11 2 12 
3 3 3 11 11 5 8 12 8 12 9 3 7 11 8 12 2 6 0 3 13 8 11 2 7 7 14 5 14 3 9 11 7 7 5 5 9 5 10 12 0 1 0 10 7 5 3 2 4 5 10 10 0 7 9 13 8 0 12 10 12 2 10 4 12 1 10 6 9 5 4 3 3 7 7 14 10 5 8 7 11 2 10 0 1 11 9 13 5 5 6 7 7 3 8 4 6 13 4 0 6 4 8 5 11 
9 9 9 13 13 2 1 8 10 8 5 4 2 4 8 6 7 2 6 4 7 8 6 6 0 9 8 2 8 3 5 4 7 5 7 5 8 6 3 8 6 8 6 6 8 2 8 6 3 2 5 8 6 10 3 8 8 6 5 3 5 8 4 6 5 5 6 3 9 7 3 8 7 1 10 9 3 1 2 1 7 6 3 6 5 7 2 8 2 7 1 1 3 3 1 1 9 8 9 6 0 2 2 9 5 
7 7 7 13 13 2 3 9 9 9 6 3 4 6 8 8 6 2 4 3 9 8 8 5 2 9 10 2 10 2 6 6 7 5 7 5 9 5 5 10 4 6 4 8 7 1 7 5 1 1 7 9 4 10 4 10 8 4 7 5 7 6 6 5 7 3 8 3 10 6 1 7 6 3 9 11 5 0 3 3 8 5 5 4 3 8 4 10 2 6 2 2 4 1 3 0 8 9 7 4 2 0 3 8 7 
10 10 10 16 16 4 1 10 13 9 7 7 5 2 11 7 10 1 7 7 8 11 8 8 2 12 10 5 10 5 7 3 10 8 10 8 11 9 2 10 8 10 8 9 10 3 10 9 4 4 7 11 8 13 1 10 11 8 3 2 4 10 5 9 3 7 9 6 12 10 4 10 10 4 12 11 4 3 0 3 9 8 2 8 7 9 2 10 5 10 3 1 6 5 3 4 11 9 11 8 2 3 0 12 6 
9 9 9 5 5 7 11 9 2 10 7 4 8 14 4 12 3 10 6 4 12 3 9 4 9 2 12 6 12 6 7 14 4 5 1 3 5 3 12 9 5 4 6 7 3 9 2 3 8 7 9 7 6 1 12 10 3 6 14 12 13 3 10 2 14 6 8 6 4 1 8 2 2 8 1 13 11 8 11 8 9 3 11 5 7 9 11 11 6 1 8 10 7 6 9 8 1 12 2 5 9 8 12 0 11 
14 14 14 13 13 5 5 4 11 3 3 8 3 6 8 1 11 7 10 8 2 9 2 10 4 9 3 5 3 7 3 5 7 5 9 7 7 7 4 4 10 12 11 4 8 8 11 10 8 6 2 6 11 12 6 4 8 11 5 4 4 12 0 8 5 9 4 5 9 9 8 11 10 3 10 4 2 6 7 4 3 9 4 10 10 3 3 3 6 9 5 7 3 8 3 7 10 2 12 11 5 7 6 11 0 
