100 5058.25 0 1680 7 240
26.28 19.59 51.09 65.49 93.36 93.57 81.47 81.84 52.74 86.62 42.08 30.64 49.68 75.48 5.64 29.55 30.56 46.58 7.17 28.19 20.48 81.64 13.75 25.84 42.66 80.73 20.59 15.82 3.96 20.92 95.65 15.06 30.05 30.96 72.33 48.73 53.22 52.61 64.3 57.67 93.07 57.64 9.83 91.04 95.45 62.51 25.13 50.88 51.97 86.1 58.42 18.36 4.15 41.36 35.16 59.45 34.94 29.39 60.72 61.32 74.46 41.46 18.28 93.91 62.12 5.35 13.28 36.2 27.39 86.13 5.02 74.0 42.08 92.24 82.89 47.1 96.21 53.42 5.1 37.38 60.14 82.46 6.33 14.18 29.93 85.63 47.67 97.92 92.29 95.83 26.39 59.28 20.73 53.23 39.03 32.03 31.26 76.6 57.14 69.07 
29.45 28.03 30.12 84.07 20.93 68.3 83.35 72.69 64.35 89.2 18.23 45.99 49.26 76.63 20.6 35.18 37.04 41.06 89.87 71.6 26.63 32.49 83.85 66.8 59.96 19.04 17.33 20.6 58.28 21.19 49.2 52.86 41.88 53.23 42.2 60.3 50.8 67.96 48.91 73.47 81.6 86.63 36.63 84.31 75.0 28.8 42.73 60.97 38.6 26.82 21.73 71.71 52.55 47.24 81.33 27.03 18.13 71.46 82.93 65.34 47.1 48.61 19.35 68.45 32.19 48.8 89.88 89.24 63.4 16.49 36.52 45.69 23.93 70.73 74.9 51.0 14.65 51.41 41.44 84.29 89.6 82.53 30.68 21.85 64.76 19.75 16.2 31.59 42.27 30.69 82.36 21.68 51.27 89.07 79.53 37.8 80.23 59.21 16.58 74.78 
3 2 5 6 9 9 8 8 5 8 4 3 5 7 1 3 3 5 1 3 2 8 2 3 4 8 2 2 1 2 9 2 3 3 7 5 5 5 6 6 9 6 1 9 9 6 3 5 5 8 6 2 1 4 4 6 4 3 6 6 7 4 2 9 6 1 2 4 3 8 1 7 4 9 8 5 9 5 1 4 6 8 1 2 3 8 5 9 9 9 3 6 2 5 4 3 3 7 6 7 
1 2 3 4 5 6 7 8 9 10 11 12 13 14 15 16 17 18 19 20 21 22 23 24 25 26 27 28 29 30 31 32 33 34 35 36 37 38 39 40 41 42 43 44 45 46 47 48 49 50 51 52 53 54 55 56 57 58 59 60 61 62 63 64 65 66 67 68 69 70 71 72 73 74 75 76 77 78 79 80 81 82 83 84 85 86 87 88 89 90 91 92 93 94 95 96 97 98 99 100 
1 3 1 1 1 1 1 1 1 1 2 1 1 2 2 1 1 1 2 1 3 1 3 1 2 1 3 3 2 3 1 3 1 1 2 1 1 1 1 1 1 1 2 1 1 1 1 1 1 1 1 3 2 2 2 1 2 1 1 1 2 2 3 1 1 2 3 2 1 1 2 2 2 1 1 1 1 1 2 2 1 1 2 3 1 1 1 1 1 1 1 1 3 1 2 1 1 2 1 2 
1 3 3 2 1 1 2 2 3 2 3 1 3 3 3 1 1 3 3 1 3 2 3 1 3 2 3 3 3 3 1 3 1 1 3 3 3 3 2 2 1 2 3 1 1 2 1 3 3 2 2 3 3 3 3 2 3 1 2 2 3 3 3 1 2 3 3 3 1 2 3 3 3 1 2 3 1 3 3 3 2 2 3 3 1 2 3 1 1 1 1 2 3 3 3 1 1 3 2 3 
5 6 9 9 7 7 1 5 1 9 1 8 1 6 4 9 3 9 8 9 8 7 5 4 1 6 5 5 1 2 4 5 10 8 9 10 4 3 7 9 8 2 10 5 6 10 1 5 4 5 5 8 1 3 5 4 7 6 3 1 7 9 6 5 9 3 10 8 6 6 8 2 6 8 3 4 7 5 10 6 6 3 2 4 5 10 5 2 8 1 2 2 8 6 9 10 3 4 3 7 
3457.63 4143.01 4221.34 4531.0 4510.91 4508.85 4822.74 3442.8 4868.2 4686.55 4891.62 3430.8 4647.24 4064.17 3419.64 4552.43 3583.68 4606.29 3350.48 4674.9 3376.74 4639.04 3685.72 3948.41 4933.69 4150.45 3281.52 3963.99 4731.52 4542.29 3599.43 4000.78 4603.67 3462.06 4356.64 4571.73 4436.84 3625.48 4439.67 4245.46 3254.11 4554.61 4672.82 4016.34 3839.21 4596.07 4765.99 3544.59 3974.8 3692.14 3904.67 3198.66 4753.15 3580.57 3917.55 3755.68 4536.43 3901.33 3686.47 4758.35 4504.6 4266.23 4257.19 3847.85 4597.68 3270.56 4586.07 3107.66 4246.36 3917.46 3317.16 4413.64 4013.11 3470.61 3488.17 4137.83 4533.57 3332.38 4544.58 4132.31 4045.06 3605.35 3868.37 3812.98 3422.96 4632.6 3942.4 4628.35 3120.4 4692.27 4044.29 4440.96 3452.24 4138.01 4264.01 4612.77 3437.92 3478.41 3699.07 4728.07 
0.11 0.68 0.47 0.35 0.65 0.7 0.65 0.74 0.66 0.03 0.67 0.46 0.65 0.65 0.59 0.47 0.3 0.39 0.86 0.44 0.79 0.75 0.54 0.56 0.68 0.8 0.37 0.06 0.67 0.11 0.55 0.73 0.37 0.61 0.3 0.38 0.51 0.32 0.74 0.39 0.94 0.09 0.37 0.63 0.89 0.3 0.68 0.25 0.6 0.55 0.4 0.74 0.65 0.41 0.27 0.5 0.79 0.7 0.33 0.65 0.82 0.12 0.7 0.42 0.37 0.37 0.36 0.93 0.48 0.71 0.77 0.2 0.72 0.68 0.45 0.62 0.71 0.59 0.3 0.84 0.97 0.49 0.13 0.53 0.45 0.35 0.74 0.14 0.74 0.68 0.04 0.12 0.47 0.78 0.26 0.35 0.51 0.52 0.32 0.65 
0.72 0.56 0.84 0.74 0.79 0.73 0.73 0.97 0.68 0.68 0.91 0.56 0.74 0.65 0.84 0.87 0.57 0.7 1.0 0.51 1.0 0.94 0.83 1.0 0.68 0.59 0.96 0.83 0.72 0.82 0.63 0.68 0.69 0.88 0.92 0.9 0.96 0.67 0.94 1.0 1.0 0.83 1.0 1.0 0.94 1.0 0.63 0.82 0.62 0.56 0.74 1.0 1.0 0.57 0.81 0.84 0.79 0.56 0.85 1.0 0.59 0.96 1.0 0.68 1.0 1.0 0.89 0.94 0.61 0.64 0.64 1.0 1.0 0.99 1.0 0.94 0.84 0.99 0.57 1.0 0.84 0.57 0.76 0.99 0.72 1.0 0.91 0.76 0.82 1.0 1.0 1.0 0.95 0.59 0.85 0.66 0.93 0.85 1.0 0.85 
0.64 0.65 1.0 0.79 0.83 0.81 0.78 0.73 1.0 0.93 0.87 0.89 0.52 0.51 1.0 1.0 0.99 1.0 0.72 0.92 0.68 0.57 0.68 1.0 1.0 0.65 0.96 0.59 0.83 0.93 0.55 0.62 0.76 0.6 0.84 0.85 0.69 0.74 0.66 1.0 0.7 1.0 0.74 0.96 0.91 0.84 1.0 0.79 0.64 0.97 0.54 0.97 0.57 0.73 0.77 0.64 1.0 0.52 1.0 0.99 0.57 0.61 0.95 0.88 0.56 1.0 0.8 0.54 0.76 0.99 0.53 0.9 0.75 0.87 0.75 1.0 0.81 0.91 0.6 0.95 0.99 0.71 0.51 0.65 0.89 0.95 0.65 0.84 0.86 0.73 0.58 0.89 0.74 0.91 0.9 0.73 0.93 0.93 1.0 0.64 
0.55 1.0 0.53 0.57 0.99 1.0 0.7 0.8 0.54 0.93 0.55 0.86 0.63 0.8 0.59 0.58 0.92 0.78 0.54 0.64 1.0 0.56 0.65 0.92 1.0 0.94 0.91 0.62 1.0 0.83 0.58 1.0 0.72 0.72 0.97 1.0 0.89 0.87 0.57 1.0 0.76 0.67 1.0 0.73 0.79 0.86 0.55 0.58 0.55 1.0 0.75 1.0 0.7 0.72 0.51 1.0 0.86 0.63 0.79 1.0 1.0 0.96 0.97 0.92 0.88 0.59 0.79 0.62 0.81 0.8 1.0 1.0 0.8 0.93 0.82 0.84 0.64 0.95 0.97 1.0 1.0 0.8 0.98 0.98 0.81 1.0 1.0 0.64 0.6 1.0 0.65 0.7 0.73 0.54 0.76 0.81 0.85 1.0 1.0 0.66 
0.82 0.85 0.66 0.86 1.0 0.62 0.68 0.72 0.73 1.0 0.63 0.72 1.0 0.88 1.0 0.84 0.85 0.61 0.81 0.82 1.0 0.72 0.88 0.77 0.8 0.55 0.75 0.85 0.55 0.74 0.98 0.56 0.85 0.83 0.5 0.98 0.85 1.0 0.72 0.62 1.0 0.52 0.81 0.66 0.66 1.0 0.88 0.93 1.0 0.79 0.58 0.73 1.0 0.77 0.64 1.0 0.64 0.83 0.87 0.6 0.84 0.54 1.0 0.91 0.76 0.88 0.52 0.88 1.0 0.74 0.63 0.76 1.0 1.0 0.8 0.68 0.72 0.67 0.91 0.94 0.71 0.93 0.95 0.89 0.96 0.51 0.6 0.87 0.56 0.52 0.5 1.0 0.79 0.76 0.71 0.99 0.72 0.85 0.86 0.69 
1.0 0.76 0.94 0.76 0.76 1.0 0.84 0.51 0.71 0.82 0.89 0.58 0.99 0.95 0.62 0.72 0.78 0.95 0.64 0.85 1.0 1.0 0.56 1.0 1.0 1.0 0.65 0.77 0.72 0.81 0.64 0.64 0.69 0.94 0.97 0.65 0.88 0.78 0.58 0.95 0.59 1.0 0.65 1.0 0.61 0.92 1.0 0.61 0.7 0.95 0.59 0.63 0.85 0.91 1.0 1.0 0.85 0.68 0.93 0.87 1.0 1.0 0.61 0.86 0.78 0.6 1.0 1.0 0.89 1.0 1.0 0.7 0.61 0.97 0.96 1.0 0.94 1.0 0.95 0.77 0.87 0.51 0.7 0.7 1.0 0.91 0.51 0.92 0.9 0.84 0.56 0.6 0.96 0.54 0.6 1.0 0.51 0.92 0.5 0.89 
0.21 0.23 0.27 0.22 0.49 0.37 0.23 0.21 0.19 0.48 0.24 0.18 0.24 0.22 0.3 0.31 0.34 0.32 0.2 0.21 0.68 0.22 0.18 0.71 0.54 0.2 0.4 0.2 0.24 0.38 0.12 0.15 0.22 0.3 0.36 0.49 0.44 0.33 0.15 0.59 0.31 0.29 0.39 0.46 0.27 0.67 0.31 0.21 0.15 0.41 0.1 0.45 0.34 0.21 0.21 0.54 0.37 0.1 0.54 0.52 0.29 0.31 0.57 0.43 0.29 0.31 0.29 0.28 0.33 0.37 0.22 0.48 0.36 0.78 0.47 0.54 0.3 0.57 0.29 0.68 0.51 0.16 0.25 0.39 0.49 0.44 0.18 0.33 0.22 0.32 0.11 0.37 0.39 0.12 0.24 0.38 0.27 0.62 0.43 0.22 
843.96 1793.11 787.3 651.63 1046.55 1957.71 1407.83 1275.88 1254.88 533.27 1433.98 2182.25 1363.68 1745.19 1576.0 768.85 1846.1 1022.16 2676.41 628.38 2290.38 1048.25 1183.36 1517.65 1242.68 2068.67 1026.77 774.88 1397.86 808.58 1372.91 1912.65 615.02 2328.06 778.17 784.49 1210.2 1707.32 1358.01 626.45 2346.13 719.61 886.13 1542.27 1882.53 959.53 1394.12 1134.09 1645.2 1305.13 937.5 2557.63 1464.44 1872.05 1055.95 1330.8 953.27 1835.28 1832.32 1392.72 975.68 492.31 1838.36 1019.05 858.57 1591.44 662.7 2982.75 1744.91 1724.55 2354.46 753.17 1827.03 2631.14 2073.45 1106.17 1580.8 1268.59 691.87 1931.0 1802.09 1895.61 745.4 1581.3 1193.9 1001.99 1422.57 593.42 2428.25 1349.26 1097.53 720.47 1883.73 1782.37 524.05 895.2 2036.61 1072.39 1651.84 1114.75 
133.63 447.96 236.78 142.72 507.41 580.53 377.55 295.78 245.05 242.22 352.38 377.47 330.38 365.42 463.99 254.23 637.14 326.33 539.41 120.97 1511.17 244.36 170.81 1113.0 642.14 491.93 376.76 128.3 286.96 251.02 127.76 273.07 150.7 706.29 275.46 407.58 534.09 590.61 206.75 385.36 831.43 232.46 425.32 720.66 408.56 675.81 365.1 239.81 322.44 582.19 68.69 1071.7 467.92 456.1 245.39 693.43 334.48 192.05 902.46 714.37 303.5 140.66 1105.62 435.62 233.82 478.45 199.01 850.16 614.61 525.92 500.46 338.41 630.56 1993.83 884.54 608.6 416.65 722.0 191.09 1374.12 929.75 249.13 196.2 681.85 678.66 415.27 296.91 221.55 571.3 454.37 95.68 273.66 592.63 171.17 119.63 336.08 559.56 638.96 720.91 239.61 
3719.79 8465.54 3436.48 2758.16 4732.77 9288.53 6539.15 5879.39 5774.38 2166.34 6669.89 10411.25 6318.42 8225.97 7379.98 3344.27 8730.5 4610.82 12882.06 2641.9 10951.91 4741.27 5416.82 7088.25 5713.39 9843.35 4633.84 3374.38 6489.29 3542.92 6364.55 9063.23 2575.08 11140.28 3390.86 3422.45 5551.01 8036.61 6290.06 2632.24 11230.65 3098.03 3930.67 7211.33 8912.66 4297.67 6470.62 5170.46 7726.0 6025.64 4187.49 12288.13 6822.21 8860.24 4779.74 6154.0 4266.36 8676.38 8661.62 6463.61 4378.38 1961.54 8691.78 4595.26 3792.86 7457.22 2813.49 14413.73 8224.55 8122.74 11272.29 3265.87 8635.14 12655.68 9867.23 5030.86 7404.02 5842.97 2959.35 9155.02 8510.47 8978.06 3226.99 7406.5 5469.49 4509.94 6612.84 2467.1 11641.23 6246.29 4987.66 3102.33 8918.65 8411.85 2120.23 3975.98 9683.07 4861.95 7759.21 5073.73 
168.14 1739.79 683.9 213.61 2037.05 2402.65 1387.73 978.89 725.26 711.09 1261.91 1387.33 1151.92 1327.12 1819.96 771.13 2685.7 1131.67 2197.07 104.85 7055.86 721.82 354.05 5065.0 2710.68 1959.67 1383.82 141.52 934.78 755.12 138.82 865.34 253.52 3031.46 877.31 1537.89 2170.44 2453.06 533.75 1426.79 3657.16 662.31 1626.58 3103.3 1542.81 2879.06 1325.52 699.04 1112.21 2410.95 -156.55 4858.49 1839.6 1780.49 726.93 2967.17 1172.4 460.23 4012.32 3071.84 1017.52 203.31 5028.08 1678.11 669.11 1892.26 495.03 3750.78 2573.04 2129.59 2002.28 1192.06 2652.78 9469.13 3922.7 2543.0 1583.24 3109.99 455.46 6370.6 4148.76 745.64 480.98 2909.23 2893.32 1576.34 984.56 607.77 2356.49 1771.87 -21.61 868.32 2463.13 355.86 98.13 1180.4 2297.78 2694.81 3104.53 698.04 
69.15 165.72 84.43 90.62 90.22 90.18 96.45 68.86 97.36 93.73 146.75 68.62 92.94 121.93 102.59 91.05 71.67 92.13 100.51 93.5 135.07 92.78 147.43 78.97 148.01 83.01 131.26 158.56 141.95 181.69 71.99 160.03 92.07 69.24 130.7 91.43 88.74 72.51 88.79 84.91 65.08 91.09 140.18 80.33 76.78 91.92 95.32 70.89 79.5 73.84 78.09 127.95 142.59 107.42 117.53 75.11 136.09 78.03 73.73 95.17 135.14 127.99 170.29 76.96 91.95 98.12 183.44 93.23 84.93 78.35 99.51 132.41 120.39 69.41 69.76 82.76 90.67 66.65 136.34 123.97 80.9 72.11 116.05 152.52 68.46 92.65 78.85 92.57 62.41 93.85 80.89 88.82 138.09 82.76 127.92 92.26 68.76 104.35 73.98 141.84 
9 35 12 12 12 12 13 9 13 13 27 9 13 23 19 13 10 13 19 13 28 13 31 11 28 11 28 33 27 38 10 34 13 9 24 13 12 10 12 12 9 13 26 11 10 13 13 10 11 10 11 27 27 20 22 10 25 11 10 13 25 24 36 10 13 18 39 17 12 11 18 25 22 9 9 11 12 9 25 23 11 10 22 32 9 13 11 13 8 13 11 12 29 11 24 13 9 19 10 27 
61 2 145 61 58 205 145 120 171 135 64 21 47 164 98 99 134 108 206 156 211 48 195 221 231 29 212 142 91 166 156 9 65 30 49 194 188 80 179 199 125 63 162 130 14 110 34 150 121 56 56 61 102 170 236 130 65 221 129 180 198 142 82 81 23 190 37 45 157 40 68 86 71 115 121 23 57 128 124 208 37 158 20 70 82 203 210 190 21 208 199 112 85 100 121 220 20 68 154 218 
240 211 240 240 126 240 213 240 240 229 240 240 240 240 140 180 224 240 240 240 240 173 240 240 240 163 240 237 168 240 224 33 124 200 240 240 240 109 240 240 197 240 240 240 201 240 98 240 240 240 240 107 214 240 240 176 240 240 170 240 240 240 217 211 240 240 110 126 240 86 136 240 169 227 233 108 240 240 240 240 240 240 229 240 240 240 240 240 160 240 240 189 117 240 184 240 150 100 240 240 
10
0.0 0.0 0.0 0.0 0.0 0.0 0.0 0.0 0.0 0.0 
0.0 100.0 100.0 100.0 0.0 0.0 0.0 100.0 100.0 100.0 
0 14 14 14 0 0 0 14 14 14 5 4 8 15 13 16 16 15 11 17 6 7 9 15 3 6 6 8 12 10 4 12 12 10 10 11 3 3 8 4 15 7 7 8 11 11 10 12 11 13 17 14 5 17 17 9 7 11 9 12 8 10 7 8 12 9 5 11 14 12 12 9 3 16 9 7 12 13 9 12 5 12 6 16 15 9 13 10 5 13 15 16 4 3 10 12 7 14 14 14 12 9 7 14 12 7 12 13 8 14 
14 0 0 0 14 14 14 0 0 0 10 10 12 9 17 14 11 12 9 12 13 8 10 11 11 10 9 10 1 5 10 15 3 6 8 16 12 11 5 11 15 7 9 8 13 8 10 8 11 9 13 8 9 13 14 13 8 9 11 16 13 4 6 9 5 13 12 5 9 10 13 9 11 14 13 7 2 5 6 17 9 13 12 13 12 9 18 10 8 5 8 12 9 11 6 16 13 17 15 16 4 14 7 7 6 9 5 12 14 10 
14 0 0 0 14 14 14 0 0 0 10 10 12 9 17 14 11 12 9 12 13 8 10 11 11 10 9 10 1 5 10 15 3 6 8 16 12 11 5 11 15 7 9 8 13 8 10 8 11 9 13 8 9 13 14 13 8 9 11 16 13 4 6 9 5 13 12 5 9 10 13 9 11 14 13 7 2 5 6 17 9 13 12 13 12 9 18 10 8 5 8 12 9 11 6 16 13 17 15 16 4 14 7 7 6 9 5 12 14 10 
14 0 0 0 14 14 14 0 0 0 10 10 12 9 17 14 11 12 9 12 13 8 10 11 11 10 9 10 1 5 10 15 3 6 8 16 12 11 5 11 15 7 9 8 13 8 10 8 11 9 13 8 9 13 14 13 8 9 11 16 13 4 6 9 5 13 12 5 9 10 13 9 11 14 13 7 2 5 6 17 9 13 12 13 12 9 18 10 8 5 8 12 9 11 6 16 13 17 15 16 4 14 7 7 6 9 5 12 14 10 
0 14 14 14 0 0 0 14 14 14 5 4 8 15 13 16 16 15 11 17 6 7 9 15 3 6 6 8 12 10 4 12 12 10 10 11 3 3 8 4 15 7 7 8 11 11 10 12 11 13 17 14 5 17 17 9 7 11 9 12 8 10 7 8 12 9 5 11 14 12 12 9 3 16 9 7 12 13 9 12 5 12 6 16 15 9 13 10 5 13 15 16 4 3 10 12 7 14 14 14 12 9 7 14 12 7 12 13 8 14 
0 14 14 14 0 0 0 14 14 14 5 4 8 15 13 16 16 15 11 17 6 7 9 15 3 6 6 8 12 10 4 12 12 10 10 11 3 3 8 4 15 7 7 8 11 11 10 12 11 13 17 14 5 17 17 9 7 11 9 12 8 10 7 8 12 9 5 11 14 12 12 9 3 16 9 7 12 13 9 12 5 12 6 16 15 9 13 10 5 13 15 16 4 3 10 12 7 14 14 14 12 9 7 14 12 7 12 13 8 14 
0 14 14 14 0 0 0 14 14 14 5 4 8 15 13 16 16 15 11 17 6 7 9 15 3 6 6 8 12 10 4 12 12 10 10 11 3 3 8 4 15 7 7 8 11 11 10 12 11 13 17 14 5 17 17 9 7 11 9 12 8 10 7 8 12 9 5 11 14 12 12 9 3 16 9 7 12 13 9 12 5 12 6 16 15 9 13 10 5 13 15 16 4 3 10 12 7 14 14 14 12 9 7 14 12 7 12 13 8 14 
14 0 0 0 14 14 14 0 0 0 10 10 12 9 17 14 11 12 9 12 13 8 10 11 11 10 9 10 1 5 10 15 3 6 8 16 12 11 5 11 15 7 9 8 13 8 10 8 11 9 13 8 9 13 14 13 8 9 11 16 13 4 6 9 5 13 12 5 9 10 13 9 11 14 13 7 2 5 6 17 9 13 12 13 12 9 18 10 8 5 8 12 9 11 6 16 13 17 15 16 4 14 7 7 6 9 5 12 14 10 
14 0 0 0 14 14 14 0 0 0 10 10 12 9 17 14 11 12 9 12 13 8 10 11 11 10 9 10 1 5 10 15 3 6 8 16 12 11 5 11 15 7 9 8 13 8 10 8 11 9 13 8 9 13 14 13 8 9 11 16 13 4 6 9 5 13 12 5 9 10 13 9 11 14 13 7 2 5 6 17 9 13 12 13 12 9 18 10 8 5 8 12 9 11 6 16 13 17 15 16 4 14 7 7 6 9 5 12 14 10 
14 0 0 0 14 14 14 0 0 0 10 10 12 9 17 14 11 12 9 12 13 8 10 11 11 10 9 10 1 5 10 15 3 6 8 16 12 11 5 11 15 7 9 8 13 8 10 8 11 9 13 8 9 13 14 13 8 9 11 16 13 4 6 9 5 13 12 5 9 10 13 9 11 14 13 7 2 5 6 17 9 13 12 13 12 9 18 10 8 5 8 12 9 11 6 16 13 17 15 16 4 14 7 7 6 9 5 12 14 10 
5 10 10 10 5 5 5 10 10 10 0 0 3 9 9 11 11 10 6 12 2 2 4 9 3 0 1 3 9 6 0 7 7 5 4 7 1 1 5 1 10 3 1 3 6 5 4 6 6 7 12 9 2 12 11 5 1 5 3 8 4 6 4 3 7 4 2 6 9 7 7 3 1 11 5 4 8 8 4 8 3 7 2 11 10 4 10 4 3 7 9 11 2 2 5 8 3 10 9 9 7 4 3 9 7 1 7 8 4 8 
4 10 10 10 4 4 4 10 10 10 0 0 4 10 10 12 11 10 7 12 3 3 5 10 2 1 2 4 9 6 0 8 8 5 5 8 1 1 4 0 11 3 2 3 7 6 5 7 7 8 12 9 1 12 12 6 2 6 4 9 5 6 4 4 7 5 2 6 9 7 8 4 1 12 6 3 8 9 5 9 2 8 3 12 11 5 11 5 2 8 10 11 1 1 5 9 4 11 10 10 7 5 3 9 7 2 7 9 5 9 
8 12 12 12 8 8 8 12 12 12 3 4 0 7 6 8 8 7 4 9 2 3 2 7 6 3 3 1 10 6 4 4 9 6 4 4 4 5 7 4 6 6 3 4 3 4 2 5 3 6 9 8 5 9 9 1 4 4 1 5 1 7 7 2 7 1 2 6 7 5 4 2 4 8 1 7 10 8 5 5 6 3 1 8 7 3 6 3 6 7 8 8 6 5 5 5 2 6 6 6 8 1 5 8 7 2 7 5 2 6 
15 9 9 9 15 15 15 9 9 9 9 10 7 0 9 4 2 2 3 3 9 7 5 1 12 8 8 6 8 5 10 7 7 6 4 9 11 11 9 11 6 8 7 6 6 4 5 2 5 1 3 1 10 3 4 7 8 3 6 8 8 6 9 6 4 8 10 5 0 2 5 6 11 4 7 9 7 4 6 10 10 5 9 4 2 5 10 4 10 4 1 2 11 11 5 9 10 8 7 8 5 8 7 1 3 8 4 3 9 1 
13 17 17 17 13 13 13 17 17 17 9 10 6 9 0 6 9 7 8 9 7 9 7 8 12 9 9 7 15 11 10 2 14 11 9 1 10 11 13 10 4 12 9 10 4 8 7 8 5 9 8 10 12 9 7 4 10 8 6 1 4 12 13 8 11 4 8 11 10 7 4 8 10 6 4 13 15 12 11 1 12 4 7 7 7 7 0 7 12 12 10 8 12 11 11 1 6 1 3 1 12 4 11 11 11 9 12 5 5 8 
16 14 14 14 16 16 16 14 14 14 11 12 8 4 6 0 2 1 5 3 10 9 6 2 14 10 10 7 12 9 12 5 11 9 7 7 12 13 12 12 2 11 9 9 4 6 6 5 5 5 1 5 12 2 0 7 10 6 7 6 8 10 12 8 8 7 11 9 5 4 4 7 12 0 6 12 11 8 9 7 13 4 9 0 1 7 7 6 13 8 5 2 13 13 9 7 9 5 3 5 9 8 10 6 7 9 9 2 9 3 
16 11 11 11 16 16 16 11 11 11 11 11 8 2 9 2 0 1 4 1 10 9 6 1 14 10 9 7 10 7 11 7 9 8 6 9 12 12 11 12 5 10 9 8 6 5 6 4 5 3 1 3 12 1 2 8 9 5 7 8 9 9 11 7 6 8 11 7 2 3 5 7 12 2 7 11 9 6 8 9 12 5 10 2 1 6 10 6 12 6 3 0 13 13 7 9 10 7 6 7 7 9 9 4 6 9 7 3 10 2 
15 12 12 12 15 15 15 12 12 12 10 10 7 2 7 1 1 0 4 2 9 8 5 1 13 9 8 6 10 7 10 5 9 8 5 7 11 12 11 11 3 9 8 7 4 5 5 4 4 3 2 3 11 2 1 6 9 4 6 6 8 9 11 6 6 7 10 7 3 3 3 6 11 1 6 11 10 6 7 8 12 4 8 1 0 5 8 5 11 6 3 1 12 12 7 7 9 6 4 6 8 7 9 4 6 8 7 2 8 1 
11 9 9 9 11 11 11 9 9 9 6 7 4 3 8 5 4 4 0 6 6 4 2 3 9 5 5 3 7 3 7 6 6 3 1 7 8 8 7 7 6 5 4 3 4 0 1 0 2 1 6 3 7 6 6 5 5 0 3 7 6 5 7 2 3 5 7 3 2 1 3 2 8 5 4 7 6 4 3 8 7 4 5 5 4 2 9 1 7 3 3 4 8 8 3 7 6 7 6 7 4 6 4 3 2 4 3 3 6 2 
17 12 12 12 17 17 17 12 12 12 12 12 9 3 9 3 1 2 6 0 11 10 7 2 15 11 10 8 11 8 13 8 10 9 7 10 13 14 12 13 5 11 10 9 7 6 7 5 6 4 1 4 13 0 2 9 11 6 8 8 10 10 12 8 7 9 12 8 3 4 6 8 13 3 8 12 10 7 9 10 13 6 11 2 2 7 10 7 13 7 3 1 14 14 8 9 11 8 6 8 8 10 10 4 6 10 8 4 11 3 
6 13 13 13 6 6 6 13 13 13 2 3 2 9 7 10 10 9 6 11 0 4 4 9 5 3 3 3 11 7 3 6 10 7 5 5 3 3 7 3 8 6 3 5 5 6 4 7 5 8 11 10 5 11 11 3 4 6 3 6 2 8 7 4 9 2 1 7 9 7 6 4 3 10 3 6 11 10 6 6 5 6 0 10 9 4 7 5 6 9 10 10 5 4 6 6 0 8 7 7 9 2 5 10 8 3 8 7 2 8 
7 8 8 8 7 7 7 8 8 8 2 3 3 7 9 9 9 8 4 10 4 0 2 7 5 1 1 2 7 3 3 7 5 3 2 8 4 4 4 3 9 2 0 1 5 3 3 4 4 5 10 6 3 10 10 5 0 3 3 8 5 4 3 1 5 4 4 3 6 5 6 1 4 9 4 3 6 6 2 8 3 6 3 9 8 2 10 3 3 5 7 9 4 4 2 8 4 9 8 9 5 5 1 6 4 1 4 6 5 6 
9 10 10 10 9 9 9 10 10 10 4 5 2 5 7 6 6 5 2 7 4 2 0 5 7 3 3 1 8 4 5 5 7 4 1 6 6 6 6 5 6 4 2 2 3 1 0 2 2 3 7 5 5 7 7 3 3 1 1 6 4 5 6 1 5 3 4 4 5 2 3 1 6 6 3 6 7 6 3 7 6 3 3 6 5 0 8 0 6 5 5 6 6 6 3 6 4 7 6 7 5 4 4 5 4 3 5 4 4 4 
15 11 11 11 15 15 15 11 11 11 9 10 7 1 8 2 1 1 3 2 9 7 5 0 12 8 8 6 9 6 10 6 8 7 5 8 11 11 10 11 4 9 8 7 4 4 4 3 4 2 2 2 10 2 2 7 8 4 6 7 8 8 10 6 5 7 10 6 2 2 4 6 11 2 6 10 9 5 7 8 11 4 8 2 1 5 9 4 11 5 2 1 11 11 6 8 9 7 5 7 7 8 8 3 5 8 6 2 8 0 
3 11 11 11 3 3 3 11 11 11 3 2 6 12 12 14 14 13 9 15 5 5 7 12 0 4 4 6 9 7 2 10 9 7 7 10 2 1 5 2 13 4 4 5 10 8 8 9 9 10 15 12 2 15 14 8 4 8 7 11 7 7 4 6 9 7 4 8 11 10 10 6 1 14 8 4 9 10 6 11 2 10 5 14 13 7 12 8 2 10 12 14 1 1 7 11 6 13 12 12 9 7 4 11 9 4 9 11 7 11 
6 10 10 10 6 6 6 10 10 10 0 1 3 8 9 10 10 9 5 11 3 1 3 8 4 0 0 2 8 5 1 7 7 4 4 7 2 2 4 2 9 3 0 2 6 4 4 5 5 6 11 8 2 11 10 4 1 4 3 8 4 5 4 2 6 4 2 5 8 6 6 2 2 10 4 3 8 7 4 8 3 6 2 10 9 3 9 4 3 7 8 10 3 2 4 8 3 9 9 9 6 4 2 8 6 0 6 7 4 7 
6 9 9 9 6 6 6 9 9 9 1 2 3 8 9 10 9 8 5 10 3 1 3 8 4 0 0 2 8 4 2 7 7 4 3 7 3 3 4 2 9 3 0 2 6 4 3 5 5 6 10 8 2 10 10 4 1 4 3 8 4 5 4 2 6 4 2 4 7 5 6 2 3 10 4 3 7 7 3 8 3 6 2 10 9 3 9 3 3 6 8 9 3 3 3 8 3 9 8 9 6 4 2 8 6 0 6 7 4 7 
8 10 10 10 8 8 8 10 10 10 3 4 1 6 7 7 7 6 3 8 3 2 1 6 6 2 2 0 8 5 4 5 7 4 2 5 5 5 6 4 7 4 2 2 3 2 1 3 2 4 8 6 5 8 8 2 3 2 0 6 3 5 6 1 5 2 3 4 6 4 4 1 5 7 2 5 8 7 4 6 5 3 2 7 7 1 8 1 5 6 7 7 5 5 4 6 3 7 6 7 6 3 3 6 5 2 6 5 3 5 
12 1 1 1 12 12 12 1 1 1 9 9 10 8 15 12 10 10 7 11 11 7 8 9 9 8 8 8 0 3 9 13 1 4 6 14 10 9 4 10 13 5 7 6 11 7 8 7 10 7 12 7 7 12 12 11 7 7 9 14 12 3 5 7 4 11 10 4 7 8 11 7 10 12 11 5 0 4 4 15 7 11 10 12 11 7 16 8 6 4 7 10 8 9 4 15 12 15 13 15 2 12 5 6 4 8 3 10 12 9 
10 5 5 5 10 10 10 5 5 5 6 6 6 5 11 9 7 7 3 8 7 3 4 6 7 5 4 5 3 0 6 9 2 0 2 10 7 7 3 7 10 3 4 2 7 3 4 3 6 4 9 4 5 9 9 7 4 3 5 10 8 1 4 3 1 7 7 0 4 4 7 3 7 9 7 4 3 2 1 11 6 7 7 9 7 3 12 4 5 2 5 7 6 7 1 11 8 11 10 11 1 8 3 4 1 4 1 7 8 5 
4 10 10 10 4 4 4 10 10 10 0 0 4 10 10 12 11 10 7 13 3 3 5 10 2 1 2 4 9 6 0 8 8 5 5 8 1 1 5 0 11 3 2 4 7 6 5 7 7 8 13 10 2 13 12 6 2 6 4 9 5 6 4 4 8 5 2 6 9 8 8 4 1 12 6 3 9 9 5 9 2 8 3 12 11 5 10 5 3 8 10 11 2 1 5 9 4 11 10 10 8 5 3 10 8 2 7 9 5 9 
12 15 15 15 12 12 12 15 15 15 7 8 4 7 2 5 7 5 6 8 6 7 5 6 10 7 7 5 13 9 8 0 12 9 6 1 8 9 11 8 3 9 7 7 1 6 4 6 3 6 7 8 10 7 6 2 8 5 4 1 3 10 11 6 9 3 6 9 7 5 2 6 9 5 2 11 12 10 8 2 10 2 5 5 6 5 3 4 11 9 8 7 10 9 8 1 5 2 2 2 10 3 9 9 9 7 9 3 4 6 
12 3 3 3 12 12 12 3 3 3 7 8 9 7 14 11 9 9 6 10 10 5 7 8 9 7 7 7 1 2 8 12 0 2 5 13 9 9 3 9 12 4 6 5 10 6 7 5 8 6 11 6 6 11 11 10 6 6 8 13 10 1 4 6 3 10 9 2 6 7 10 6 9 11 10 5 0 3 3 14 6 10 9 11 9 6 15 7 6 3 6 9 7 8 3 13 10 14 12 13 1 11 4 5 3 7 2 9 11 8 
10 6 6 6 10 10 10 6 6 6 5 5 6 6 11 9 8 8 3 9 7 3 4 7 7 4 4 4 4 0 5 9 2 0 2 10 7 6 3 6 10 2 3 2 7 3 4 3 6 4 9 5 4 9 10 7 3 3 5 10 7 1 3 3 2 7 7 0 5 5 7 3 6 9 7 3 3 3 0 11 5 7 6 9 8 3 12 4 4 2 5 8 5 6 0 10 7 11 10 11 2 8 2 5 2 4 2 7 8 6 
10 8 8 8 10 10 10 8 8 8 4 5 4 4 9 7 6 5 1 7 5 2 1 5 7 4 3 2 6 2 5 6 5 2 0 7 6 6 5 6 7 4 3 1 4 0 1 1 3 2 7 4 5 7 7 5 3 1 3 7 5 3 5 1 3 5 6 2 4 2 4 1 6 7 4 5 5 4 2 8 6 4 5 7 6 1 10 1 5 3 4 6 6 6 1 8 6 8 7 8 3 5 3 4 2 3 3 4 6 4 
11 16 16 16 11 11 11 16 16 16 7 8 4 9 1 7 9 7 7 10 5 8 6 8 10 7 7 5 14 10 8 1 13 10 7 0 8 9 12 8 4 10 7 8 3 7 6 8 4 8 9 10 10 9 8 2 8 7 4 1 3 11 11 6 11 3 6 10 9 7 4 7 8 7 3 11 13 11 9 0 11 3 5 7 7 6 2 6 11 11 10 9 10 9 9 0 4 3 3 2 11 3 9 10 10 7 11 5 3 8 
3 12 12 12 3 3 3 12 12 12 1 1 4 11 10 12 12 11 8 13 3 4 6 11 2 2 3 5 10 7 1 8 9 7 6 8 0 0 6 0 11 5 3 5 8 7 6 8 7 9 13 11 3 13 13 6 3 7 5 9 5 7 5 5 9 5 2 7 10 8 8 5 0 12 6 4 10 10 6 9 3 8 3 12 12 6 10 6 4 9 11 12 2 1 6 9 3 11 10 10 9 5 4 11 9 3 9 9 5 10 
3 11 11 11 3 3 3 11 11 11 1 1 5 11 11 13 12 12 8 14 3 4 6 11 1 2 3 5 9 7 1 9 9 6 6 9 0 0 5 0 12 4 3 5 8 7 6 8 8 9 14 11 2 14 13 6 3 7 5 10 6 7 4 5 9 6 2 7 10 9 9 5 0 13 6 4 9 10 6 10 2 9 3 13 12 6 11 6 3 9 11 12 1 0 6 9 4 11 11 11 8 6 4 11 9 3 8 10 5 10 
8 5 5 5 8 8 8 5 5 5 5 4 7 9 13 12 11 11 7 12 7 4 6 10 5 4 4 6 4 3 5 11 3 3 5 12 6 5 0 5 13 1 4 3 10 6 7 7 8 7 13 8 3 12 13 9 3 6 7 12 9 2 0 5 5 9 7 4 8 8 10 5 5 12 9 1 4 6 3 13 3 10 7 12 11 6 14 7 2 6 9 11 3 5 3 12 8 13 12 13 4 9 2 8 5 4 5 10 9 9 
4 11 11 11 4 4 4 11 11 11 1 0 4 11 10 12 12 11 7 13 3 3 5 11 2 2 2 4 10 7 0 8 9 6 6 8 0 0 5 0 11 4 3 4 7 6 6 8 7 9 13 10 2 13 13 6 3 7 5 9 5 7 5 4 8 5 2 7 10 8 8 4 0 12 6 4 9 9 6 9 3 8 3 12 11 5 10 6 3 9 11 12 2 0 6 9 3 11 10 10 8 5 4 10 8 2 8 9 5 10 
15 15 15 15 15 15 15 15 15 15 10 11 6 6 4 2 5 3 6 5 8 9 6 4 13 9 9 7 13 10 11 3 12 10 7 4 11 12 13 11 0 11 9 9 3 6 6 6 4 6 4 7 12 5 3 5 10 6 6 3 6 11 13 7 9 6 9 9 6 5 3 7 11 2 5 12 13 10 9 4 13 3 8 3 4 6 4 6 12 9 7 5 13 12 9 4 8 2 1 2 10 6 10 8 9 9 10 3 7 5 
7 7 7 7 7 7 7 7 7 7 3 3 6 8 12 11 10 9 5 11 6 2 4 9 4 3 3 4 5 3 3 9 4 2 4 10 5 4 1 4 11 0 2 2 8 4 5 5 7 6 11 7 2 11 11 7 2 5 5 10 7 2 1 3 4 7 5 3 7 6 8 3 4 11 7 1 5 6 2 11 2 8 5 11 10 4 12 5 2 5 8 10 3 4 2 11 7 12 11 11 4 7 0 7 5 3 4 8 7 8 
7 9 9 9 7 7 7 9 9 9 1 2 3 7 9 9 9 8 4 10 3 0 2 8 4 0 0 2 7 4 2 7 6 3 3 7 3 3 4 3 9 2 0 1 6 3 3 4 4 5 10 7 2 10 10 4 0 4 3 8 4 4 4 1 5 4 3 4 7 5 6 1 3 9 4 3 7 6 3 8 3 6 3 9 8 2 10 3 3 6 8 9 3 3 3 8 4 9 8 9 5 5 1 7 5 0 5 7 5 7 
8 8 8 8 8 8 8 8 8 8 3 3 4 6 10 9 8 7 3 9 5 1 2 7 5 2 2 2 6 2 4 7 5 2 1 8 5 5 3 4 9 2 1 0 6 2 3 3 4 4 9 6 3 9 9 5 1 3 3 8 5 3 3 1 4 5 5 2 6 4 6 1 5 9 5 3 5 5 1 9 4 6 4 9 8 2 10 3 4 4 6 8 4 5 1 9 5 10 8 9 4 6 1 6 3 2 3 6 6 6 
11 13 13 13 11 11 11 13 13 13 6 7 3 6 4 4 6 4 4 7 5 5 3 4 10 6 6 3 11 7 7 1 10 7 4 3 8 8 10 7 3 8 6 6 0 4 2 4 1 4 6 6 8 6 5 2 6 4 2 2 3 8 9 4 7 2 6 7 6 3 0 4 8 4 2 9 10 8 7 4 9 0 5 4 4 3 5 3 9 7 6 5 9 8 6 3 5 3 2 3 8 3 7 7 7 5 7 2 4 4 
11 8 8 8 11 11 11 8 8 8 5 6 4 4 8 6 5 5 0 6 6 3 1 4 8 4 4 2 7 3 6 6 6 3 0 7 7 7 6 6 6 4 3 2 4 0 1 1 2 2 7 3 6 6 6 4 4 0 3 7 5 4 6 2 3 4 6 3 3 1 4 1 7 6 4 6 6 4 3 8 7 4 5 6 5 1 9 1 6 3 4 5 7 7 2 7 6 8 6 7 4 5 4 4 3 4 3 3 6 3 
10 10 10 10 10 10 10 10 10 10 4 5 2 5 7 6 6 5 1 7 4 3 0 4 8 4 3 1 8 4 5 4 7 4 1 6 6 6 7 6 6 5 3 3 2 1 0 2 1 3 7 5 6 7 6 3 4 1 1 5 4 5 7 1 5 3 5 4 4 2 3 1 6 6 2 6 7 6 4 6 7 3 4 6 5 0 8 0 7 5 5 6 7 6 3 6 5 6 5 6 5 4 4 5 4 3 5 3 4 4 
12 8 8 8 12 12 12 8 8 8 6 7 5 2 8 5 4 4 0 5 7 4 2 3 9 5 5 3 7 3 7 6 5 3 1 8 8 8 7 8 6 5 4 3 4 1 2 0 3 1 6 2 7 5 6 5 5 1 4 7 6 4 7 3 3 5 7 3 2 1 4 3 8 5 5 7 6 3 3 8 8 4 6 5 4 2 9 2 7 3 3 4 8 8 3 8 7 8 6 8 4 6 5 3 2 5 3 3 7 2 
11 11 11 11 11 11 11 11 11 11 6 7 3 5 5 5 5 4 2 6 5 4 2 4 9 5 5 2 10 6 7 3 8 6 3 4 7 8 8 7 4 7 4 4 1 2 1 3 0 3 6 5 7 6 5 2 5 2 2 4 3 7 8 3 6 3 6 5 4 2 1 3 7 5 2 8 9 7 5 5 8 1 4 5 4 2 6 1 8 6 5 5 8 8 5 5 5 5 4 5 7 3 6 5 5 4 6 2 4 3 
13 9 9 9 13 13 13 9 9 9 7 8 6 1 9 5 3 3 1 4 8 5 3 2 10 6 6 4 7 4 8 6 6 4 2 8 9 9 7 9 6 6 5 4 4 2 3 1 3 0 5 1 8 5 5 6 6 2 5 7 7 5 8 4 3 6 8 4 1 1 4 4 9 5 5 8 6 3 4 9 9 4 7 4 3 3 10 3 8 3 2 3 9 9 4 8 8 8 6 8 4 7 6 2 2 6 3 3 8 1 
17 13 13 13 17 17 17 13 13 13 12 12 9 3 8 1 1 2 6 1 11 10 7 2 15 11 10 8 12 9 13 7 11 9 7 9 13 14 13 13 4 11 10 9 6 7 7 6 6 5 0 5 13 0 1 8 11 6 8 7 9 10 13 8 8 9 12 9 4 5 5 8 13 1 8 13 11 8 9 9 14 5 10 1 1 7 9 7 13 7 4 1 14 14 9 8 11 7 5 7 9 9 11 5 7 10 8 3 10 3 
14 8 8 8 14 14 14 8 8 8 9 9 8 1 10 5 3 3 3 4 10 6 5 2 12 8 8 6 7 4 10 8 6 5 4 10 11 11 8 10 7 7 7 6 6 3 5 2 5 1 5 0 9 4 5 8 7 3 6 9 9 6 9 6 3 8 10 4 0 3 6 5 11 5 7 9 6 3 5 10 10 6 9 5 3 5 11 5 9 2 0 3 10 11 5 10 10 9 8 9 4 9 7 0 2 7 3 4 10 2 
5 9 9 9 5 5 5 9 9 9 2 1 5 10 12 12 12 11 7 13 5 3 5 10 2 2 2 5 7 5 2 10 6 4 5 10 3 2 3 2 12 2 2 3 8 6 6 7 7 8 13 9 0 13 13 7 2 6 6 10 7 5 2 4 7 7 4 5 9 8 9 4 2 12 7 1 7 8 4 11 0 9 4 12 11 5 12 6 0 7 10 12 0 2 4 11 6 12 11 12 6 7 2 9 7 3 6 10 7 10 
17 13 13 13 17 17 17 13 13 13 12 12 9 3 9 2 1 2 6 0 11 10 7 2 15 11 10 8 12 9 13 7 11 9 7 9 13 14 12 13 5 11 10 9 6 6 7 5 6 5 0 4 13 0 1 8 11 6 8 8 10 10 13 8 7 9 12 8 4 5 5 8 13 2 8 13 11 7 9 9 14 6 11 1 1 7 9 7 13 7 4 1 14 14 9 9 11 7 6 7 9 10 11 5 7 10 8 4 10 3 
17 14 14 14 17 17 17 14 14 14 11 12 9 4 7 0 2 1 6 2 11 10 7 2 14 10 10 8 12 9 12 6 11 10 7 8 13 13 13 13 3 11 10 9 5 6 6 6 5 5 1 5 13 1 0 8 11 6 8 7 9 11 13 8 8 8 11 9 5 5 4 8 13 0 7 13 11 8 9 8 14 5 10 0 1 7 8 6 13 8 5 2 14 13 9 8 10 6 4 6 9 9 11 6 8 10 9 3 9 3 
9 13 13 13 9 9 9 13 13 13 5 6 1 7 4 7 8 6 5 9 3 5 3 7 8 4 4 2 11 7 6 2 10 7 5 2 6 6 9 6 5 7 4 5 2 4 3 5 2 6 8 8 7 8 8 0 5 4 2 3 1 8 9 4 8 0 4 7 7 5 3 4 6 7 0 8 11 9 7 3 8 2 3 7 7 3 5 3 8 8 8 8 8 6 6 3 2 5 4 4 9 1 6 8 7 4 8 4 1 6 
7 8 8 8 7 7 7 8 8 8 1 2 4 8 10 10 9 9 5 11 4 0 3 8 4 1 1 3 7 4 2 8 6 3 3 8 3 3 3 3 10 2 0 1 6 4 4 5 5 6 11 7 2 11 11 5 0 4 3 9 5 4 3 2 5 5 3 4 7 6 7 2 3 10 5 2 6 6 2 9 3 6 3 10 9 3 10 4 2 6 8 9 3 3 3 9 4 10 9 10 5 5 1 7 5 1 5 7 5 7 
11 9 9 9 11 11 11 9 9 9 5 6 4 3 8 6 5 4 0 6 6 3 1 4 8 4 4 2 7 3 6 5 6 3 1 7 7 7 6 7 6 5 4 3 4 0 1 1 2 2 6 3 6 6 6 4 4 0 3 7 5 4 6 2 3 5 6 3 3 1 3 2 7 6 4 6 6 4 3 8 7 3 5 6 4 1 9 1 7 3 4 5 7 7 3 7 6 7 6 7 4 5 4 4 3 4 3 3 6 3 
9 11 11 11 9 9 9 11 11 11 3 4 1 6 6 7 7 6 3 8 3 3 1 6 7 3 3 0 9 5 4 4 8 5 3 4 5 5 7 5 6 5 3 3 2 3 1 4 2 5 8 6 6 8 8 2 3 3 0 5 2 6 7 1 6 1 3 5 6 4 3 2 5 7 1 6 9 7 4 5 6 3 2 7 6 1 7 1 6 6 7 7 6 5 4 5 3 6 5 6 7 2 4 7 6 2 6 4 3 5 
12 16 16 16 12 12 12 16 16 16 8 9 5 8 1 6 8 6 7 8 6 8 6 7 11 8 8 6 14 10 9 1 13 10 7 1 9 10 12 9 3 10 8 8 2 7 5 7 4 7 7 9 10 8 7 3 9 7 5 0 4 11 12 7 10 3 7 10 8 6 3 7 9 6 3 11 13 11 9 1 11 3 6 6 6 6 2 5 11 10 9 7 11 10 9 1 5 1 2 1 11 3 9 10 10 7 10 4 4 7 
8 13 13 13 8 8 8 13 13 13 4 5 1 8 4 8 9 8 6 10 2 5 4 8 7 4 4 3 12 8 5 3 10 7 5 3 5 6 9 5 6 7 4 5 3 5 4 6 3 7 9 9 7 10 9 1 5 5 2 4 0 9 8 4 9 0 3 8 8 6 4 4 5 8 1 8 11 10 7 4 7 4 2 8 8 4 5 4 8 9 9 9 7 6 7 3 1 5 5 5 9 0 6 9 8 4 9 5 0 7 
10 4 4 4 10 10 10 4 4 4 6 6 7 6 12 10 9 9 5 10 8 4 5 8 7 5 5 5 3 1 6 10 1 1 3 11 7 7 2 7 11 2 4 3 8 4 5 4 7 5 10 6 5 10 11 8 4 4 6 11 9 0 3 4 2 8 8 1 6 6 8 4 7 10 8 3 2 3 1 12 5 8 7 10 9 5 13 5 4 3 6 9 6 7 1 12 8 12 11 12 1 9 2 5 3 5 2 8 9 7 
7 6 6 6 7 7 7 6 6 6 4 4 7 9 13 12 11 11 7 12 7 3 6 10 4 4 4 6 5 4 4 11 4 3 5 11 5 4 0 5 13 1 4 3 9 6 7 7 8 8 13 9 2 13 13 9 3 6 7 12 8 3 0 5 6 8 6 4 9 8 10 5 5 13 8 0 5 6 3 12 2 10 6 12 11 6 14 7 1 6 9 11 3 4 4 12 8 13 12 13 5 9 2 8 6 4 5 10 9 9 
8 9 9 9 8 8 8 9 9 9 3 4 2 6 8 8 7 6 2 8 4 1 1 6 6 2 2 1 7 3 4 6 6 3 1 6 5 5 5 4 7 3 1 1 4 2 1 3 3 4 8 6 4 8 8 4 2 2 1 7 4 4 5 0 4 3 4 3 5 3 4 0 5 8 3 5 7 6 3 7 5 4 3 8 7 0 9 1 5 5 6 7 5 5 2 7 4 8 7 8 5 4 3 6 4 1 4 5 4 5 
12 5 5 5 12 12 12 5 5 5 7 7 7 4 11 8 6 6 3 7 9 5 5 5 9 6 6 5 4 1 8 9 3 2 3 11 9 9 5 8 9 4 5 4 7 3 5 3 6 3 8 3 7 7 8 8 5 3 6 10 9 2 6 4 0 8 9 1 3 4 7 4 9 8 8 6 3 1 2 11 7 7 8 8 6 4 12 5 7 0 3 6 8 9 2 11 9 11 9 11 1 9 4 2 0 6 0 6 9 4 
9 13 13 13 9 9 9 13 13 13 4 5 1 8 4 7 8 7 5 9 2 4 3 7 7 4 4 2 11 7 5 3 10 7 5 3 5 6 9 5 6 7 4 5 2 4 3 5 3 6 9 8 7 9 8 0 5 5 1 3 0 8 8 3 8 0 3 7 7 5 3 4 5 7 0 8 11 9 6 4 7 3 2 7 7 3 5 3 8 8 8 8 7 6 6 3 2 5 5 5 9 0 6 8 8 4 8 5 1 6 
5 12 12 12 5 5 5 12 12 12 2 2 2 10 8 11 11 10 7 12 1 4 4 10 4 2 2 3 10 7 2 6 9 7 6 6 2 2 7 2 9 5 3 5 6 6 5 7 6 8 12 10 4 12 11 4 3 6 3 7 3 8 6 4 9 3 0 7 9 7 6 4 2 11 4 6 10 10 6 7 5 6 1 11 10 5 8 5 5 9 10 11 4 3 6 7 1 9 8 8 9 3 5 10 8 2 8 8 3 9 
11 5 5 5 11 11 11 5 5 5 6 6 6 5 11 9 7 7 3 8 7 3 4 6 8 5 4 4 4 0 6 9 2 0 2 10 7 7 4 7 9 3 4 2 7 3 4 3 5 4 9 4 5 8 9 7 4 3 5 10 8 1 4 3 1 7 7 0 4 4 7 3 7 9 7 4 3 2 1 11 6 7 7 8 7 3 12 4 5 2 5 7 6 7 0 10 8 11 9 11 1 8 3 4 1 4 1 6 8 5 
14 9 9 9 14 14 14 9 9 9 9 9 7 0 10 5 2 3 2 3 9 6 5 2 11 8 7 6 7 4 9 7 6 5 4 9 10 10 8 10 6 7 7 6 6 3 4 2 4 1 4 0 9 4 5 7 7 3 6 8 8 6 9 5 3 7 9 4 0 2 5 5 10 5 7 9 6 3 5 10 10 5 8 4 3 4 10 4 9 3 0 3 10 10 5 9 9 9 7 8 4 8 7 1 3 7 4 4 9 1 
12 10 10 10 12 12 12 10 10 10 7 7 5 2 7 4 3 3 1 4 7 5 2 2 10 6 5 4 8 4 8 5 7 5 2 7 8 9 8 8 5 6 5 4 3 1 2 1 2 1 5 3 8 5 5 5 6 1 4 6 6 6 8 3 4 5 7 4 2 0 3 3 8 4 4 8 7 4 4 7 9 3 6 4 3 2 8 2 8 4 3 3 9 9 4 7 7 7 5 6 5 6 6 3 3 5 4 2 6 1 
12 13 13 13 12 12 12 13 13 13 7 8 4 5 4 4 5 3 3 6 6 6 3 4 10 6 6 4 11 7 8 2 10 7 4 4 8 9 10 8 3 8 6 6 0 4 3 4 1 4 5 6 9 5 4 3 7 3 3 3 4 8 10 4 7 3 6 7 5 3 0 4 8 4 2 9 10 8 7 4 10 0 5 4 4 3 5 3 9 7 6 5 10 9 6 4 5 4 2 3 8 4 7 6 6 6 7 1 5 4 
9 9 9 9 9 9 9 9 9 9 3 4 2 6 8 7 7 6 2 8 4 1 1 6 6 2 2 1 7 3 4 6 6 3 1 7 5 5 5 4 7 3 1 1 4 1 1 3 3 4 8 5 4 8 8 4 2 2 2 7 4 4 5 0 4 4 4 3 5 3 4 0 5 8 3 5 7 5 2 7 5 4 3 7 7 0 9 1 5 5 6 7 5 5 2 7 4 8 7 8 5 4 2 6 4 2 4 5 5 5 
3 11 11 11 3 3 3 11 11 11 1 1 4 11 10 12 12 11 8 13 3 4 6 11 1 2 3 5 10 7 1 9 9 6 6 8 0 0 5 0 11 4 3 5 8 7 6 8 7 9 13 11 2 13 13 6 3 7 5 9 5 7 5 5 9 5 2 7 10 8 8 5 0 12 6 4 10 10 6 9 3 8 3 12 12 6 11 6 3 9 11 12 2 0 6 9 4 11 11 11 9 5 4 11 9 3 8 10 5 10 
16 14 14 14 16 16 16 14 14 14 11 12 8 4 6 0 2 1 5 3 10 9 6 2 14 10 10 7 12 9 12 5 11 9 7 7 12 13 12 12 2 11 9 9 4 6 6 5 5 5 1 5 12 2 0 7 10 6 7 6 8 10 13 8 8 7 11 9 5 4 4 8 12 0 6 12 11 8 9 7 13 4 9 0 1 7 7 6 13 8 5 2 13 13 9 7 9 5 3 5 9 8 10 6 7 9 9 2 9 3 
9 13 13 13 9 9 9 13 13 13 5 6 1 7 4 6 7 6 4 8 3 4 3 6 8 4 4 2 11 7 6 2 10 7 4 3 6 6 9 6 5 7 4 5 2 4 2 5 2 5 8 7 7 8 7 0 5 4 1 3 1 8 8 3 8 0 4 7 7 4 2 3 6 6 0 8 10 8 6 4 8 2 3 6 6 3 5 3 8 8 8 7 7 7 6 3 3 5 4 4 8 1 6 8 7 4 8 4 2 6 
7 7 7 7 7 7 7 7 7 7 4 3 7 9 13 12 11 11 7 12 6 3 6 10 4 3 3 5 5 4 3 11 5 3 5 11 4 4 1 4 12 1 3 3 9 6 6 7 8 8 13 9 1 13 13 8 2 6 6 11 8 3 0 5 6 8 6 4 9 8 9 5 4 12 8 0 5 7 3 12 1 9 6 12 11 5 13 6 1 6 9 12 2 4 4 12 7 13 12 13 5 8 2 8 6 4 5 10 8 9 
12 2 2 2 12 12 12 2 2 2 8 8 10 7 15 11 9 10 6 10 11 6 7 9 9 8 7 8 0 3 9 12 0 3 5 13 10 9 4 9 13 5 7 5 10 6 7 6 9 6 11 6 7 11 11 11 6 6 9 13 11 2 5 7 3 11 10 3 6 7 10 7 10 11 10 5 0 3 4 14 7 10 10 11 10 7 15 7 7 3 6 9 8 9 4 14 11 14 13 14 2 11 5 5 3 7 2 10 12 8 
13 5 5 5 13 13 13 5 5 5 8 9 8 4 12 8 6 6 4 7 10 6 6 5 10 7 7 7 4 2 9 10 3 3 4 11 10 10 6 9 10 6 6 5 8 4 6 3 7 3 8 3 8 7 8 9 6 4 7 11 10 3 6 6 1 9 10 2 3 4 8 5 10 8 8 7 3 0 3 12 8 8 9 8 6 5 13 5 8 0 3 6 9 10 3 12 10 12 10 11 1 10 5 2 1 7 1 7 10 5 
9 6 6 6 9 9 9 6 6 6 4 5 5 6 11 9 8 7 3 9 6 2 3 7 6 4 3 4 4 1 5 8 3 0 2 9 6 6 3 6 9 2 3 1 7 3 4 3 5 4 9 5 4 9 9 7 2 3 4 9 7 1 3 3 2 6 6 1 5 4 7 2 6 9 6 3 4 3 0 10 4 7 6 9 8 3 12 4 4 3 5 8 5 6 0 10 7 11 9 10 2 7 1 5 2 3 2 7 7 6 
12 17 17 17 12 12 12 17 17 17 8 9 5 10 1 7 9 8 8 10 6 8 7 8 11 8 8 6 15 11 9 2 14 11 8 0 9 10 13 9 4 11 8 9 4 8 6 8 5 9 9 10 11 9 8 3 9 8 5 1 4 12 12 7 11 4 7 11 10 7 4 7 9 7 4 12 14 12 10 0 11 4 6 7 8 7 1 6 12 11 11 9 11 10 10 0 5 2 3 2 12 3 10 11 11 8 12 6 4 8 
5 9 9 9 5 5 5 9 9 9 3 2 6 10 12 13 12 12 7 13 5 3 6 11 2 3 3 5 7 6 2 10 6 5 6 11 3 2 3 3 13 2 3 4 9 7 7 8 8 9 14 10 0 14 14 8 3 7 6 11 7 5 2 5 7 7 5 6 10 9 10 5 3 13 8 1 7 8 4 11 0 9 5 13 12 6 13 7 0 8 10 12 0 2 5 11 6 13 12 12 7 8 3 10 7 3 7 10 7 10 
12 13 13 13 12 12 12 13 13 13 7 8 3 5 4 4 5 4 4 6 6 6 3 4 10 6 6 3 11 7 8 2 10 7 4 3 8 9 10 8 3 8 6 6 0 4 3 4 1 4 5 6 9 6 5 2 6 3 3 3 4 8 10 4 7 3 6 7 5 3 0 4 8 4 2 9 10 8 7 4 9 0 5 4 4 3 5 3 9 7 6 5 9 9 6 4 5 3 2 3 8 4 7 6 6 6 7 1 4 4 
6 12 12 12 6 6 6 12 12 12 2 3 1 9 7 9 10 8 5 11 0 3 3 8 5 2 2 2 10 7 3 5 9 6 5 5 3 3 7 3 8 5 3 4 5 5 4 6 4 7 10 9 4 11 10 3 3 5 2 6 2 7 6 3 8 2 1 7 8 6 5 3 3 9 3 6 10 9 6 6 5 5 0 9 9 3 7 4 5 8 9 10 5 3 6 6 1 8 7 7 8 2 4 9 7 2 8 7 2 8 
16 13 13 13 16 16 16 13 13 13 11 12 8 4 7 0 2 1 5 2 10 9 6 2 14 10 10 7 12 9 12 5 11 9 7 7 12 13 12 12 3 11 9 9 4 6 6 5 5 4 1 5 12 1 0 7 10 6 7 6 8 10 12 8 8 7 11 8 4 4 4 7 12 0 6 12 11 8 9 7 13 4 9 0 1 7 8 6 13 8 5 2 13 13 8 7 10 5 4 5 9 8 10 6 7 9 8 2 9 3 
15 12 12 12 15 15 15 12 12 12 10 11 7 2 7 1 1 0 4 2 9 8 5 1 13 9 9 7 11 7 11 6 9 8 6 7 12 12 11 11 4 10 8 8 4 5 5 4 4 3 1 3 11 1 1 7 9 4 6 6 8 9 11 7 6 7 10 7 3 3 4 7 12 1 6 11 10 6 8 8 12 4 9 1 0 6 8 5 12 6 3 1 12 12 7 7 9 6 4 6 8 8 9 4 6 8 7 2 9 1 
9 9 9 9 9 9 9 9 9 9 4 5 3 5 7 7 6 5 2 7 4 2 0 5 7 3 3 1 7 3 5 5 6 3 1 6 6 6 6 5 6 4 2 2 3 1 0 2 2 3 7 5 5 7 7 3 3 1 1 6 4 5 6 0 4 3 5 3 4 2 3 0 6 7 3 5 7 5 3 7 6 3 3 7 6 0 8 0 6 4 5 6 6 6 3 7 4 7 6 7 5 4 3 5 4 2 4 4 5 4 
13 18 18 18 13 13 13 18 18 18 10 11 6 10 0 7 10 8 9 10 7 10 8 9 12 9 9 8 16 12 10 3 15 12 10 2 10 11 14 10 4 12 10 10 5 9 8 9 6 10 9 11 12 9 8 5 10 9 7 2 5 13 14 9 12 5 8 12 10 8 5 9 11 7 5 13 15 13 12 1 13 5 7 8 8 8 0 8 13 13 11 9 13 11 11 1 6 2 3 2 13 5 11 12 12 9 13 6 5 9 
10 10 10 10 10 10 10 10 10 10 4 5 3 4 7 6 6 5 1 7 5 3 0 4 8 4 3 1 8 4 5 4 7 4 1 6 6 6 7 6 6 5 3 3 3 1 0 2 1 3 7 5 6 7 6 3 4 1 1 5 4 5 7 1 5 3 5 4 4 2 3 1 6 6 3 6 7 5 4 6 7 3 4 6 5 0 8 0 7 5 5 6 7 7 3 6 5 6 5 6 5 4 4 5 4 3 5 3 5 4 
5 8 8 8 5 5 5 8 8 8 3 2 6 10 12 13 12 11 7 13 6 3 6 11 2 3 3 5 6 5 3 11 6 4 5 11 4 3 2 3 12 2 3 4 9 6 7 7 8 8 13 9 0 13 13 8 2 7 6 11 8 4 1 5 7 8 5 5 9 8 9 5 3 13 8 1 7 8 4 12 0 9 5 13 12 6 13 7 0 7 10 12 1 3 4 11 7 13 12 13 6 8 2 9 7 3 6 10 8 10 
13 5 5 5 13 13 13 5 5 5 7 8 7 4 12 8 6 6 3 7 9 5 5 5 10 7 6 6 4 2 8 9 3 2 3 11 9 9 6 9 9 5 6 4 7 3 5 3 6 3 7 2 7 7 8 8 6 3 6 10 9 3 6 5 0 8 9 2 3 4 7 5 9 8 8 6 3 0 3 11 8 7 8 8 6 4 13 5 7 0 3 6 8 9 2 11 9 11 9 11 1 9 5 2 0 6 1 6 10 4 
15 8 8 8 15 15 15 8 8 8 9 10 8 1 10 5 3 3 3 3 10 7 5 2 12 8 8 7 7 5 10 8 6 5 4 10 11 11 9 11 7 8 8 6 6 4 5 3 5 2 4 0 10 4 5 8 8 4 7 9 9 6 9 6 3 8 10 5 0 3 6 6 11 5 8 9 6 3 5 11 10 6 9 5 3 5 11 5 10 3 0 3 11 11 5 10 10 9 8 9 4 9 7 0 3 8 4 4 10 2 
16 12 12 12 16 16 16 12 12 12 11 11 8 2 8 2 0 1 4 1 10 9 6 1 14 10 9 7 10 7 11 7 9 8 6 9 12 12 11 12 5 10 9 8 5 5 6 4 5 3 1 3 12 1 2 8 9 5 7 7 9 9 11 7 6 8 11 7 3 3 5 7 12 2 7 12 9 6 8 9 12 5 10 2 1 6 9 6 12 6 3 0 13 13 7 8 10 7 5 7 8 9 9 4 6 9 7 3 10 2 
4 9 9 9 4 4 4 9 9 9 2 1 6 11 12 13 13 12 8 14 5 4 6 11 1 3 3 5 8 6 2 10 7 5 6 10 2 1 3 2 13 3 3 4 9 7 7 8 8 9 14 10 0 14 14 8 3 7 6 11 7 6 3 5 8 7 4 6 10 9 10 5 2 13 7 2 8 9 5 11 0 9 5 13 12 6 13 7 1 8 11 13 0 1 5 11 6 13 12 12 7 7 3 10 8 3 7 10 7 10 
3 11 11 11 3 3 3 11 11 11 2 1 5 11 11 13 13 12 8 14 4 4 6 11 1 2 3 5 9 7 1 9 8 6 6 9 1 0 5 0 12 4 3 5 8 7 6 8 8 9 14 11 2 14 13 6 3 7 5 10 6 7 4 5 9 6 3 7 10 9 9 5 0 13 7 4 9 10 6 10 2 9 3 13 12 6 11 7 3 9 11 13 1 0 6 10 4 12 11 11 8 6 4 11 8 3 8 10 6 10 
10 6 6 6 10 10 10 6 6 6 5 5 5 5 11 9 7 7 3 8 6 2 3 6 7 4 3 4 4 1 5 8 3 0 1 9 6 6 3 6 9 2 3 1 6 2 3 3 5 4 9 5 4 9 9 6 3 3 4 9 7 1 4 2 2 6 6 0 5 4 6 2 6 9 6 4 4 3 0 10 5 6 6 8 7 3 11 3 4 2 5 7 5 6 0 10 7 10 9 10 2 7 2 4 2 3 2 6 7 5 
12 16 16 16 12 12 12 16 16 16 8 9 5 9 1 7 9 7 7 9 6 8 6 8 11 8 8 6 15 11 9 1 13 10 8 0 9 9 12 9 4 11 8 9 3 7 6 8 5 8 8 10 11 9 8 3 9 7 5 1 3 12 12 7 11 3 7 10 9 7 4 7 9 7 3 12 14 12 10 0 11 4 6 7 7 7 1 6 11 11 10 8 11 10 10 0 5 2 3 2 12 3 10 10 10 8 11 5 4 8 
7 13 13 13 7 7 7 13 13 13 3 4 2 10 6 9 10 9 6 11 0 4 4 9 6 3 3 3 12 8 4 5 10 7 6 4 3 4 8 3 8 7 4 5 5 6 5 7 5 8 11 10 6 11 10 2 4 6 3 5 1 8 8 4 9 2 1 8 9 7 5 4 4 9 3 7 11 10 7 5 6 5 1 10 9 4 6 5 7 9 10 10 6 4 7 5 0 7 7 7 9 1 6 10 9 3 9 7 1 8 
14 17 17 17 14 14 14 17 17 17 10 11 6 8 1 5 7 6 7 8 8 9 7 7 13 9 9 7 15 11 11 2 14 11 8 3 11 11 13 11 2 12 9 10 3 8 6 8 5 8 7 9 12 7 6 5 10 7 6 1 5 12 13 8 11 5 9 11 9 7 4 8 11 5 5 13 14 12 11 2 13 3 8 5 6 7 2 6 13 11 9 7 13 12 10 2 7 0 1 0 12 5 11 10 10 9 11 4 6 7 
14 15 15 15 14 14 14 15 15 15 9 10 6 7 3 3 6 4 6 6 7 8 6 5 12 9 8 6 13 10 10 2 12 10 7 3 10 11 12 10 1 11 8 8 2 6 5 6 4 6 5 8 11 6 4 4 9 6 5 2 5 11 12 7 9 5 8 9 7 5 2 7 11 3 4 12 13 10 9 3 12 2 7 4 4 6 3 5 12 9 8 5 12 11 9 3 7 1 0 1 11 5 10 8 9 8 10 3 6 5 
14 16 16 16 14 14 14 16 16 16 9 10 6 8 1 5 7 6 7 8 7 9 7 7 12 9 9 7 15 11 10 2 13 11 8 2 10 11 13 10 2 11 9 9 3 7 6 8 5 8 7 9 12 7 6 4 10 7 6 1 5 12 13 8 11 5 8 11 8 6 3 8 11 5 4 13 14 11 10 2 12 3 7 5 6 7 2 6 13 11 9 7 12 11 10 2 7 0 1 0 12 5 11 10 10 9 11 4 5 7 
12 4 4 4 12 12 12 4 4 4 7 7 8 5 12 9 7 8 4 8 9 5 5 7 9 6 6 6 2 1 8 10 1 2 3 11 9 8 4 8 10 4 5 4 8 4 5 4 7 4 9 4 6 9 9 9 5 4 7 11 9 1 5 5 1 9 9 1 4 5 8 5 9 9 8 5 2 1 2 12 7 8 8 9 8 5 13 5 6 1 4 8 7 8 2 12 9 12 11 12 0 9 4 3 1 6 0 7 10 6 
9 14 14 14 9 9 9 14 14 14 4 5 1 8 4 8 9 7 6 10 2 5 4 8 7 4 4 3 12 8 5 3 11 8 5 3 5 6 9 5 6 7 5 6 3 5 4 6 3 7 9 9 7 10 9 1 5 5 2 3 0 9 9 4 9 0 3 8 8 6 4 4 5 8 1 8 11 10 7 3 8 4 2 8 8 4 5 4 8 9 9 9 7 6 7 3 1 5 5 5 9 0 6 9 8 4 9 5 0 7 
7 7 7 7 7 7 7 7 7 7 3 3 5 7 11 10 9 9 4 10 5 1 4 8 4 2 2 3 5 3 3 9 4 2 3 9 4 4 2 4 10 0 1 1 7 4 4 5 6 6 11 7 2 11 11 6 1 4 4 9 6 2 2 3 4 6 5 3 7 6 7 2 4 10 6 2 5 5 1 10 3 7 4 10 9 3 11 4 2 5 7 9 3 4 2 10 6 11 10 11 4 6 0 7 4 2 4 8 7 7 
14 7 7 7 14 14 14 7 7 7 9 9 8 1 11 6 4 4 3 4 10 6 5 3 11 8 8 6 6 4 10 9 5 5 4 10 11 11 8 10 8 7 7 6 7 4 5 3 5 2 5 0 9 5 6 8 7 4 7 10 9 5 8 6 2 8 10 4 1 3 6 6 11 6 8 8 5 2 5 11 10 6 9 6 4 5 12 5 9 2 0 4 10 11 4 10 10 10 8 10 3 9 7 0 2 7 3 5 10 3 
12 6 6 6 12 12 12 6 6 6 7 7 7 3 11 7 6 6 2 6 8 4 4 5 9 6 6 5 4 1 8 9 3 2 2 10 9 9 5 8 9 5 5 3 7 3 4 2 5 2 7 2 7 7 8 7 5 3 6 10 8 3 6 4 0 8 8 1 3 3 6 4 9 7 7 6 3 1 2 11 7 6 7 7 6 4 12 4 7 0 3 6 8 8 2 10 9 10 9 10 1 8 4 2 0 6 1 6 9 4 
7 9 9 9 7 7 7 9 9 9 1 2 2 8 9 9 9 8 4 10 3 1 3 8 4 0 0 2 8 4 2 7 7 4 3 7 3 3 4 2 9 3 0 2 5 4 3 5 4 6 10 7 3 10 10 4 1 4 2 7 4 5 4 1 6 4 2 4 7 5 6 2 3 9 4 4 7 7 3 8 3 6 2 9 8 2 9 3 3 6 8 9 3 3 3 8 3 9 8 9 6 4 2 7 6 0 6 7 4 7 
12 5 5 5 12 12 12 5 5 5 7 7 7 4 12 9 7 7 3 8 8 4 5 6 9 6 6 6 3 1 7 9 2 2 3 11 9 8 5 8 10 4 5 3 7 3 5 3 6 3 8 3 6 8 9 8 5 3 6 10 9 2 5 4 0 8 8 1 4 4 7 4 8 9 8 5 2 1 2 12 7 7 8 8 7 4 13 5 6 1 4 7 7 8 2 11 9 11 10 11 0 9 4 3 1 6 0 7 9 5 
13 12 12 12 13 13 13 12 12 12 8 9 5 3 5 2 3 2 3 4 7 6 4 2 11 7 7 5 10 7 9 3 9 7 4 5 9 10 10 9 3 8 7 6 2 3 3 3 2 3 3 4 10 4 3 4 7 3 4 4 5 8 10 5 6 5 8 6 4 2 1 5 10 2 4 10 10 7 7 6 10 1 7 2 2 4 6 3 10 6 4 3 10 10 6 5 7 4 3 4 7 5 8 5 6 7 7 0 6 2 
8 14 14 14 8 8 8 14 14 14 4 5 2 9 5 9 10 8 6 11 2 5 4 8 7 4 4 3 12 8 5 4 11 8 6 3 5 5 9 5 7 7 5 6 4 6 4 7 4 8 10 10 7 10 9 1 5 6 3 4 0 9 9 4 9 1 3 8 9 6 5 5 5 9 2 8 12 10 7 4 7 4 2 9 9 5 5 5 8 10 10 10 7 6 7 4 1 6 6 5 10 0 7 10 9 4 9 6 0 8 
14 10 10 10 14 14 14 10 10 10 8 9 6 1 8 3 2 1 2 3 8 6 4 0 11 7 7 5 9 5 9 6 8 6 4 8 10 10 9 10 5 8 7 6 4 3 4 2 3 1 3 2 10 3 3 6 7 3 5 7 7 7 9 5 4 6 9 5 1 1 4 5 10 3 6 9 8 5 6 8 10 4 8 3 1 4 9 4 10 4 2 2 10 10 5 8 8 7 5 7 6 7 7 3 4 7 5 2 8 0 
