100 7835.65 0 1680 14 120
9.6 80.61 56.72 23.91 24.79 62.55 79.87 32.02 84.84 19.52 71.17 16.95 25.23 6.4 7.72 69.21 4.35 71.24 96.48 46.46 58.27 73.88 85.73 23.95 50.46 13.39 51.54 49.29 65.15 86.56 26.31 60.52 2.93 7.42 64.16 35.48 71.68 1.97 8.86 72.77 20.18 29.6 15.56 8.0 21.0 52.64 93.7 26.54 48.8 52.26 30.21 31.48 70.08 62.76 15.9 19.91 34.8 68.43 94.41 97.65 5.86 78.98 82.44 1.61 25.03 80.62 42.75 87.71 49.3 69.52 30.75 85.24 72.16 76.34 95.42 76.01 58.57 80.79 18.36 53.65 30.51 39.68 8.73 80.82 69.14 60.77 83.31 12.34 57.72 28.12 41.05 6.75 2.66 32.2 51.28 30.03 42.7 92.41 41.78 90.46 
61.05 85.88 58.08 61.91 48.9 18.81 35.22 62.95 17.42 81.29 61.58 66.26 86.92 51.77 21.77 26.94 72.44 78.71 18.29 82.67 35.33 26.23 12.38 50.0 11.25 86.2 26.88 75.22 43.7 35.05 12.41 65.01 75.93 46.48 40.18 80.83 11.02 51.82 12.82 21.2 79.88 32.84 13.72 41.38 33.23 86.58 67.69 41.98 88.46 38.26 64.64 73.69 77.08 23.68 61.84 46.14 17.78 70.99 88.77 82.79 87.14 88.12 88.89 57.68 84.75 79.92 38.38 58.35 56.24 35.65 67.08 15.89 73.7 39.1 22.74 54.99 53.27 30.25 60.47 84.68 58.11 20.36 70.32 74.03 87.73 34.92 81.38 11.44 46.01 35.17 23.26 89.71 57.06 10.73 67.83 37.75 32.47 65.92 20.4 71.85 
1 8 6 3 3 6 8 3 8 2 7 2 3 1 1 7 1 7 9 5 6 7 8 3 5 2 5 5 6 8 3 6 1 1 6 4 7 1 1 7 2 3 2 1 2 5 9 3 5 5 3 3 7 6 2 2 4 7 9 9 1 8 8 1 3 8 4 8 5 7 3 8 7 7 9 7 6 8 2 5 3 4 1 8 7 6 8 2 6 3 4 1 1 3 5 3 4 9 4 9 
1 2 3 4 5 6 7 8 9 10 11 12 13 14 15 16 17 18 19 20 21 22 23 24 25 26 27 28 29 30 31 32 33 34 35 36 37 38 39 40 41 42 43 44 45 46 47 48 49 50 51 52 53 54 55 56 57 58 59 60 61 62 63 64 65 66 67 68 69 70 71 72 73 74 75 76 77 78 79 80 81 82 83 84 85 86 87 88 89 90 91 92 93 94 95 96 97 98 99 100 
3 1 3 1 1 3 1 1 1 1 2 1 1 3 3 2 3 2 1 3 3 2 1 1 3 1 3 3 3 1 1 3 3 3 3 1 2 3 3 2 1 1 1 3 1 3 1 1 3 3 1 1 2 3 1 1 1 2 1 1 3 1 1 3 1 1 1 1 3 2 1 1 2 2 1 2 3 1 1 3 1 1 3 1 2 3 1 1 3 1 1 3 3 1 3 1 1 1 1 1 
3 3 2 1 1 2 3 1 3 1 1 1 1 3 3 1 3 1 2 3 2 1 3 1 3 1 3 3 2 3 1 2 3 3 2 3 1 3 3 1 1 1 1 3 1 3 2 1 3 3 1 1 1 2 1 1 3 1 2 2 3 3 3 3 1 3 3 3 3 1 1 3 1 1 2 1 2 3 1 3 1 3 3 3 1 2 3 1 2 1 3 3 3 1 3 1 3 2 3 2 
1 9 2 6 9 9 9 4 2 10 8 6 4 1 7 4 9 2 7 1 1 2 10 6 10 1 2 5 9 8 8 7 2 7 6 8 9 7 5 9 7 4 2 9 7 3 3 7 4 9 2 1 7 8 8 6 8 3 6 9 8 4 7 7 3 5 8 9 10 7 7 9 3 4 8 8 7 2 4 8 10 8 1 7 7 7 6 3 10 2 7 3 7 9 9 4 5 2 7 7 
3695.61 3519.5 4264.33 4232.78 4565.36 3097.09 3254.74 3245.09 4452.75 4809.79 4937.25 3821.37 3253.24 3623.12 4165.64 3285.96 3323.48 4231.27 4170.88 3621.53 3654.81 4324.92 4818.77 4820.9 4932.26 3675.05 4257.96 4901.29 3751.73 4765.86 4818.06 3992.1 4548.31 4119.42 4246.76 4877.84 4560.05 4221.0 4620.54 3667.0 4259.68 3265.73 4414.74 4120.55 4016.1 3911.74 3912.14 4384.08 3331.81 4590.4 4385.92 3661.83 4034.65 4716.78 4938.75 3928.8 4711.98 3912.79 4480.09 3387.9 4688.59 3314.6 4016.19 4216.7 3912.03 4527.27 4728.98 4307.48 4848.13 4175.65 3992.44 4817.82 3915.26 3331.62 4837.48 4899.37 4184.41 4755.23 3236.6 4719.84 4734.61 4925.48 3702.77 4193.4 4376.72 4024.62 4223.86 3915.04 4849.59 4218.83 4297.11 3916.53 4357.52 4727.77 4609.97 3273.26 4498.13 4650.61 4294.01 4294.45 
0.34 0.24 0.61 0.08 0.11 0.3 0.25 0.16 0.4 0.38 0.41 0.16 0.37 0.33 0.67 0.37 0.15 0.2 0.48 0.37 0.34 0.66 0.63 0.32 0.58 0.35 0.45 0.26 0.24 0.43 0.36 0.58 0.2 0.39 0.18 0.36 0.11 0.64 0.24 0.26 0.48 0.46 0.23 0.21 0.8 0.64 0.52 0.76 0.38 0.27 0.63 0.36 0.45 0.48 0.41 0.07 0.36 0.65 0.15 0.19 0.45 0.14 0.41 0.46 0.61 0.31 0.42 0.3 0.36 0.45 0.43 0.1 0.65 0.4 0.36 0.47 0.59 0.81 0.36 0.45 0.61 0.49 0.36 0.85 0.88 0.8 0.16 0.58 0.35 0.52 0.64 0.55 0.78 0.33 0.28 0.14 0.25 0.84 0.78 0.74 
0.98 0.69 0.78 0.67 0.94 0.52 0.72 0.62 0.68 0.95 0.79 0.68 0.81 0.75 0.99 0.95 0.9 0.9 0.77 1.0 0.65 0.97 1.0 1.0 0.78 0.79 0.63 1.0 0.95 0.75 0.64 0.92 0.76 0.58 0.83 0.96 0.59 0.66 0.58 1.0 0.56 0.67 1.0 0.92 0.82 0.76 0.96 1.0 0.69 0.92 0.86 0.97 0.87 1.0 0.83 0.96 0.99 1.0 0.77 0.52 0.86 0.88 0.75 0.65 0.78 0.8 0.55 1.0 0.86 0.58 0.53 0.98 1.0 1.0 0.88 0.82 0.78 0.79 0.67 0.97 0.59 0.55 1.0 0.98 0.78 0.52 0.96 0.52 0.73 1.0 1.0 0.9 0.92 0.99 0.7 0.8 0.77 1.0 0.6 0.95 
0.76 1.0 0.94 0.85 1.0 0.59 0.91 0.76 0.88 0.57 0.85 0.65 0.8 0.91 0.52 0.92 1.0 0.51 0.61 0.67 0.67 0.9 0.75 0.96 0.59 1.0 1.0 1.0 0.91 1.0 0.59 0.62 0.72 0.88 0.68 0.92 0.65 0.7 1.0 0.6 0.87 0.89 0.54 0.66 0.51 0.58 0.6 0.69 0.76 0.76 0.82 1.0 0.75 1.0 0.94 1.0 0.99 0.78 0.63 0.56 0.69 0.62 0.93 0.96 0.86 0.68 0.55 0.75 0.65 1.0 0.74 1.0 0.97 0.52 1.0 0.57 0.95 0.72 0.64 0.51 0.52 0.87 0.73 1.0 1.0 0.66 0.69 0.55 0.99 0.75 0.68 0.72 1.0 0.8 1.0 1.0 1.0 1.0 0.89 0.9 
1.0 0.85 1.0 0.86 0.95 0.5 0.57 0.85 0.75 0.97 0.56 0.78 0.66 0.66 0.58 0.86 1.0 0.64 0.79 1.0 1.0 0.97 1.0 1.0 0.64 0.7 0.6 0.77 0.77 1.0 0.7 0.55 0.71 0.88 0.89 0.55 0.75 0.8 0.5 1.0 0.65 0.79 0.54 0.87 0.93 0.71 0.72 0.85 0.57 0.71 1.0 1.0 0.96 0.6 0.86 0.63 0.87 0.51 1.0 1.0 1.0 0.68 0.9 0.8 0.9 1.0 0.9 0.98 0.75 1.0 1.0 0.87 0.59 1.0 0.92 0.9 0.87 0.92 1.0 0.62 0.57 1.0 0.62 0.83 0.8 0.71 0.6 0.72 0.5 0.9 0.82 0.5 0.59 0.97 0.71 1.0 0.64 0.6 0.56 1.0 
1.0 0.92 0.92 1.0 1.0 0.93 0.77 0.76 1.0 0.95 0.52 0.98 0.81 0.94 0.58 1.0 0.55 0.98 0.87 1.0 1.0 1.0 0.64 0.66 0.57 0.79 0.73 0.6 0.85 0.85 0.67 0.72 0.66 1.0 0.77 1.0 0.87 0.81 0.75 0.89 0.75 0.73 0.87 0.69 0.78 0.62 0.5 1.0 0.92 0.7 0.6 0.87 0.78 0.85 0.59 0.68 0.67 0.77 0.95 0.64 0.99 0.81 0.91 0.64 0.52 1.0 0.86 1.0 1.0 0.6 0.99 0.85 0.92 0.71 1.0 0.88 0.67 0.77 0.76 0.76 1.0 1.0 0.64 1.0 0.86 0.97 0.76 0.79 0.7 0.81 1.0 0.87 0.99 1.0 0.82 0.87 0.81 0.57 1.0 0.84 
0.72 0.72 0.53 0.6 0.73 0.66 0.82 1.0 0.99 0.95 0.84 1.0 0.52 0.51 0.77 0.74 0.56 0.63 0.7 0.51 0.89 0.64 0.5 0.83 0.56 0.89 0.73 0.7 0.7 0.58 0.73 0.95 1.0 0.98 0.54 0.57 1.0 0.71 0.66 0.86 0.61 1.0 0.59 0.99 0.69 1.0 0.59 0.82 0.97 0.94 1.0 0.71 1.0 0.61 0.71 1.0 1.0 0.93 0.82 0.92 0.75 0.53 0.73 0.79 0.99 0.51 0.6 0.76 0.73 1.0 0.52 0.78 0.68 1.0 0.97 0.54 0.83 0.62 0.79 1.0 0.91 0.51 0.59 1.0 0.63 0.94 1.0 1.0 0.52 0.73 0.7 1.0 0.72 1.0 0.97 0.69 0.66 0.6 0.53 0.87 
0.53 0.39 0.36 0.3 0.66 0.09 0.24 0.31 0.44 0.47 0.16 0.34 0.18 0.22 0.13 0.55 0.28 0.18 0.23 0.35 0.39 0.54 0.24 0.53 0.1 0.39 0.2 0.32 0.39 0.37 0.13 0.21 0.25 0.45 0.21 0.28 0.25 0.21 0.14 0.46 0.14 0.34 0.15 0.37 0.21 0.19 0.12 0.48 0.27 0.33 0.42 0.6 0.49 0.32 0.28 0.41 0.58 0.29 0.38 0.17 0.44 0.16 0.42 0.26 0.32 0.28 0.14 0.56 0.3 0.35 0.2 0.57 0.36 0.37 0.79 0.2 0.36 0.25 0.26 0.24 0.16 0.24 0.17 0.81 0.34 0.22 0.3 0.16 0.13 0.4 0.39 0.28 0.38 0.78 0.4 0.48 0.26 0.2 0.16 0.62 
762.59 1000.37 1845.26 1026.89 1527.83 1485.52 1557.89 1327.49 1793.87 655.85 1074.98 1331.46 1951.1 740.68 719.2 2146.14 1445.56 1823.15 836.09 760.52 800.77 1998.17 681.49 1400.07 726.29 995.69 2040.12 1073.43 1337.05 711.48 814.19 834.7 1799.94 742.11 1079.26 1040.92 1257.9 824.96 1100.49 1464.37 964.03 2336.36 1580.7 1824.44 1086.51 1245.11 1133.95 888.57 2214.43 1654.0 1733.53 1042.53 861.04 941.52 974.0 1053.96 815.76 927.83 1163.09 1092.42 1096.14 2012.24 826.17 729.91 1463.36 1103.17 1225.35 1506.58 625.82 688.43 712.08 1655.44 1644.37 1796.86 943.27 1119.98 1099.07 2062.16 2003.2 1108.24 629.42 1221.38 1228.79 1116.18 1153.66 716.14 1198.43 1113.19 617.38 1599.2 797.54 871.58 1028.33 1303.38 1473.48 1784.32 744.5 2027.42 1029.52 1024.98 
367.13 346.19 623.37 281.28 1001.68 106.51 372.53 386.89 916.37 291.9 134.04 404.14 385.03 165.08 85.15 1179.27 399.49 305.06 197.94 251.86 354.52 1102.01 160.33 721.85 56.47 424.29 332.63 373.8 450.72 263.84 121.78 126.46 437.14 386.15 268.6 354.76 299.39 155.25 146.55 596.59 120.21 844.91 286.86 652.87 234.4 248.05 142.71 455.58 604.18 544.99 772.5 623.13 407.39 286.46 313.54 448.03 436.79 282.37 452.09 192.73 457.38 312.52 338.73 162.96 417.22 267.75 192.63 827.01 192.04 234.5 154.7 950.53 690.67 741.25 746.02 209.23 396.63 572.21 618.31 323.49 110.39 323.75 205.1 921.59 389.24 195.02 335.45 166.85 72.32 696.35 275.24 290.54 359.75 1003.19 591.62 892.98 168.31 434.71 165.69 636.19 
3312.94 4501.87 8726.32 4634.46 7139.16 6927.6 7289.47 6137.44 8469.35 2779.26 4874.88 6157.32 9255.52 3203.39 3096.0 10230.71 6727.79 8615.76 3680.47 3302.61 3503.83 9490.87 2907.45 6500.36 3131.47 4478.47 9700.59 4867.17 6185.26 3057.4 3570.94 3673.51 8499.68 3210.53 4896.32 4704.62 5789.49 3624.8 5002.45 6821.83 4320.16 11181.78 7403.48 8622.18 4932.53 5725.53 5169.76 3942.86 10572.17 7769.98 8167.67 4712.64 3805.18 4207.59 4370.01 4769.78 3578.81 4139.14 5315.47 4962.08 4980.68 9561.19 3630.83 3149.53 6816.8 5015.83 5626.74 7032.91 2629.11 2942.14 3060.38 7777.18 7721.87 8484.29 4216.37 5099.9 4995.33 9810.79 9516.0 5041.22 2647.08 5606.92 5643.97 5080.9 5268.32 3080.72 5492.13 5065.93 2586.9 7496.02 3487.69 3857.92 4641.63 6016.88 6867.39 8421.59 3222.52 9637.08 4647.58 4624.92 
1335.66 1230.94 2616.85 906.38 4508.39 32.55 1362.63 1434.46 4081.83 959.51 170.18 1520.71 1425.13 325.39 -74.25 5396.36 1497.46 1025.31 489.72 759.3 1272.59 5010.06 301.65 3109.24 -217.64 1621.43 1163.16 1369.0 1753.6 819.2 108.91 132.31 1685.7 1430.77 842.98 1273.78 996.94 276.26 232.73 2482.93 101.07 3724.53 934.32 2764.33 671.99 740.23 213.55 1777.89 2520.9 2224.94 3362.5 2615.63 1536.97 932.32 1067.69 1740.16 1683.95 911.87 1760.45 463.65 1786.92 1062.62 1193.63 314.82 1586.11 838.73 463.13 3635.07 460.2 672.51 273.48 4252.65 2953.37 3206.26 3230.1 546.15 1483.14 2361.04 2591.57 1117.46 51.97 1118.75 525.5 4107.97 1446.19 475.12 1177.23 334.26 -138.39 2981.76 876.22 952.69 1298.75 4515.93 2458.08 3964.89 341.53 1673.56 328.46 2680.94 
147.82 70.39 170.57 84.66 91.31 123.88 65.09 64.9 89.05 96.2 148.12 76.43 65.06 144.92 166.63 98.58 132.94 126.94 83.42 144.86 146.19 129.75 96.38 96.42 197.29 73.5 170.32 196.05 150.07 95.32 96.36 159.68 181.93 164.78 169.87 97.56 136.8 168.84 184.82 110.01 85.19 65.31 88.29 164.82 80.32 156.47 78.24 87.68 133.27 183.62 87.72 73.24 121.04 188.67 98.77 78.58 94.24 117.38 89.6 67.76 187.54 66.29 80.32 168.67 78.24 90.55 94.58 86.15 193.93 125.27 79.85 96.36 117.46 99.95 96.75 146.98 167.38 95.1 64.73 188.79 94.69 98.51 148.11 83.87 131.3 160.98 84.48 78.3 193.98 84.38 85.94 156.66 174.3 94.56 184.4 65.47 89.96 93.01 85.88 85.89 
15 5 18 6 6 13 4 4 6 6 14 5 4 15 17 9 14 12 5 15 15 12 6 6 21 5 18 21 16 6 6 17 19 17 18 6 13 18 19 10 6 4 6 17 5 16 5 6 14 19 6 5 11 20 7 5 6 11 6 4 20 4 5 18 5 6 6 6 20 11 5 6 11 9 6 13 17 6 4 20 6 7 15 5 12 17 6 5 20 6 6 16 18 6 19 4 6 6 6 6 
8 96 79 107 111 67 108 108 96 1 54 45 56 77 85 70 64 33 104 10 112 25 114 21 20 78 119 26 14 41 64 98 3 61 12 3 110 90 53 15 77 52 108 97 118 69 49 84 77 5 64 47 68 81 76 80 62 102 110 19 60 114 61 81 101 115 27 80 52 88 31 94 85 105 105 25 101 118 113 102 7 8 24 74 88 63 81 80 36 55 26 7 33 112 47 41 16 117 23 30 
62 120 120 120 120 120 120 120 120 33 66 75 120 100 120 115 120 95 120 33 120 67 120 68 32 120 120 104 85 55 120 112 32 120 88 33 120 117 87 98 115 120 120 120 120 120 89 120 120 92 120 99 120 120 114 103 120 120 120 120 120 120 120 120 120 120 59 120 120 120 93 113 120 120 120 94 120 120 120 120 67 78 120 120 120 120 120 118 95 111 54 90 120 120 81 113 98 120 90 53 
5
0.0 0.0 0.0 0.0 0.0 
100.0 100.0 0.0 100.0 100.0 
0 0 7 0 0 2 5 5 3 4 7 7 3 8 1 5 2 2 3 5 7 1 5 9 3 6 7 8 3 7 1 6 3 6 7 6 4 1 3 6 2 8 3 6 7 2 5 6 4 4 3 7 4 3 5 3 2 5 7 2 4 6 5 6 7 1 5 5 3 2 5 5 6 4 6 3 8 5 6 8 6 5 7 3 3 3 6 2 6 5 6 6 6 5 5 6 0 3 6 4 4 5 7 6 6 
0 0 7 0 0 2 5 5 3 4 7 7 3 8 1 5 2 2 3 5 7 1 5 9 3 6 7 8 3 7 1 6 3 6 7 6 4 1 3 6 2 8 3 6 7 2 5 6 4 4 3 7 4 3 5 3 2 5 7 2 4 6 5 6 7 1 5 5 3 2 5 5 6 4 6 3 8 5 6 8 6 5 7 3 3 3 6 2 6 5 6 6 6 5 5 6 0 3 6 4 4 5 7 6 6 
7 7 0 7 7 4 8 5 4 3 4 6 5 6 5 6 4 6 3 1 5 5 7 7 6 4 5 6 3 3 6 4 6 5 6 2 6 5 3 5 6 5 3 1 5 5 3 1 3 2 7 8 3 7 4 5 5 7 4 4 3 2 7 9 9 6 8 8 4 6 8 4 7 5 5 5 6 7 6 7 6 5 6 4 7 4 3 5 7 7 5 8 1 5 3 3 6 4 2 6 3 3 8 3 8 
0 0 7 0 0 2 5 5 3 4 7 7 3 8 1 5 2 2 3 5 7 1 5 9 3 6 7 8 3 7 1 6 3 6 7 6 4 1 3 6 2 8 3 6 7 2 5 6 4 4 3 7 4 3 5 3 2 5 7 2 4 6 5 6 7 1 5 5 3 2 5 5 6 4 6 3 8 5 6 8 6 5 7 3 3 3 6 2 6 5 6 6 6 5 5 6 0 3 6 4 4 5 7 6 6 
0 0 7 0 0 2 5 5 3 4 7 7 3 8 1 5 2 2 3 5 7 1 5 9 3 6 7 8 3 7 1 6 3 6 7 6 4 1 3 6 2 8 3 6 7 2 5 6 4 4 3 7 4 3 5 3 2 5 7 2 4 6 5 6 7 1 5 5 3 2 5 5 6 4 6 3 8 5 6 8 6 5 7 3 3 3 6 2 6 5 6 6 6 5 5 6 0 3 6 4 4 5 7 6 6 
2 2 4 2 2 0 5 3 1 1 4 5 1 6 1 4 0 2 0 2 4 0 4 6 3 3 5 6 1 4 1 3 3 4 5 3 3 1 1 4 2 5 0 3 5 1 2 3 1 2 3 6 1 3 3 1 1 4 4 0 1 3 4 6 6 1 5 5 0 2 5 2 5 2 4 1 6 4 5 6 4 3 5 0 3 1 3 0 5 4 4 5 3 3 2 3 2 0 3 3 2 3 5 3 5 
5 5 8 5 5 5 0 2 4 4 4 3 3 4 4 1 4 3 5 6 4 5 0 4 2 3 4 5 4 5 4 4 2 3 3 6 2 5 5 3 3 5 6 7 4 4 5 6 6 5 1 1 4 2 3 3 3 0 4 4 5 5 1 1 1 5 0 0 5 3 0 4 2 3 3 3 5 1 3 4 2 2 3 4 1 4 5 5 0 0 3 0 7 3 5 5 5 5 6 2 4 4 1 5 1 
5 5 5 5 5 3 2 0 2 2 2 2 1 3 3 1 2 3 3 4 2 3 1 4 1 1 2 3 2 3 3 2 1 1 2 3 0 4 3 1 2 3 3 4 2 3 2 4 3 3 2 2 2 2 1 1 2 1 2 2 2 3 1 3 3 4 2 2 3 2 2 1 2 0 1 1 3 1 1 3 1 0 2 2 1 1 2 3 2 2 1 2 4 0 2 2 4 3 3 0 2 2 2 2 2 
3 3 4 3 3 1 4 2 0 0 4 4 0 5 1 3 0 1 1 3 4 1 3 6 2 3 4 5 0 4 1 3 2 3 4 3 2 1 1 3 1 4 1 3 4 1 2 3 1 2 2 5 1 2 2 0 1 3 3 0 1 3 3 5 5 2 4 4 1 1 4 2 4 1 3 0 5 3 4 5 3 2 4 0 2 0 3 1 4 3 3 4 3 2 1 3 2 1 3 2 1 2 4 3 4 
4 4 3 4 4 1 4 2 0 0 3 4 1 4 2 3 1 2 1 2 3 2 3 5 2 2 3 5 0 3 2 2 2 2 4 2 2 2 1 2 2 4 1 2 3 2 1 2 1 1 3 5 0 3 2 1 1 3 3 1 0 2 3 5 5 3 4 5 1 2 4 1 4 1 3 1 4 3 3 5 3 2 4 0 3 0 2 1 4 4 2 4 2 2 1 2 3 1 2 2 0 1 4 2 4 
7 7 4 7 7 4 4 2 4 3 0 1 3 1 5 3 4 5 4 3 0 5 4 2 4 1 0 1 3 1 5 0 4 1 2 2 3 5 4 1 4 0 4 3 0 5 2 3 4 3 4 4 3 5 1 4 4 4 0 4 3 1 3 5 5 6 5 5 5 5 4 1 3 2 1 4 1 3 1 2 2 2 1 4 4 3 1 5 4 4 1 4 3 1 2 1 6 5 2 3 2 1 3 1 4 
7 7 6 7 7 5 3 2 4 4 1 0 3 1 5 1 5 5 5 5 0 6 3 1 4 1 0 1 4 2 5 2 3 1 0 4 2 6 5 1 4 1 5 5 1 5 3 4 5 4 4 2 3 4 1 4 4 3 1 4 4 3 2 3 3 6 3 3 5 5 3 2 1 2 0 4 1 2 0 1 1 1 0 4 3 3 3 5 2 3 1 3 5 1 3 2 6 5 3 3 3 2 2 2 2 
3 3 5 3 3 1 3 1 0 1 3 3 0 4 1 2 1 1 1 3 3 2 3 5 1 2 3 5 1 3 2 2 1 2 4 3 2 2 2 2 1 4 2 3 4 1 2 3 2 2 2 4 1 2 2 0 0 2 3 1 1 3 2 4 4 2 3 4 2 1 3 1 3 1 3 0 5 2 3 5 3 2 4 0 2 0 3 1 3 3 2 3 3 2 2 2 2 2 3 1 1 2 4 3 4 
8 8 6 8 8 6 4 3 5 4 1 1 4 0 6 3 5 6 6 5 1 6 4 0 5 2 1 0 4 2 7 2 4 2 1 4 3 7 5 2 5 1 6 5 0 6 4 4 5 4 5 3 4 5 2 5 5 4 1 5 5 3 4 5 4 7 5 5 6 6 4 3 2 3 1 5 0 4 1 0 2 3 0 5 5 4 3 6 4 5 2 4 5 2 4 3 7 6 3 4 4 3 3 3 3 
1 1 5 1 1 1 4 3 1 2 5 5 1 6 0 3 1 0 2 4 5 1 3 7 1 4 5 6 2 5 0 4 2 4 5 4 3 1 2 4 1 6 2 4 5 0 3 4 2 3 2 5 2 2 3 1 1 3 5 1 2 4 3 5 5 1 4 4 2 0 4 3 5 2 4 1 6 3 5 6 4 3 5 1 2 1 4 1 4 3 4 4 5 3 3 4 1 2 5 2 3 3 5 4 5 
5 5 6 5 5 4 1 1 3 3 3 1 2 3 3 0 3 3 4 5 2 4 1 3 2 2 2 3 3 3 4 2 1 1 2 4 0 4 4 1 2 3 4 5 2 3 3 5 4 4 2 1 3 2 2 2 2 1 2 3 3 4 0 2 2 5 1 2 4 3 1 2 1 1 1 2 3 0 1 3 0 1 2 3 2 2 3 4 1 1 2 1 5 1 3 3 5 4 4 1 3 2 1 3 1 
2 2 4 2 2 0 4 2 0 1 4 5 1 5 1 3 0 1 1 3 4 1 3 6 2 3 4 6 1 4 1 3 2 3 5 3 3 1 1 3 1 5 1 3 5 0 2 3 1 2 2 5 1 2 3 0 1 3 4 0 1 3 3 5 5 1 4 4 1 1 4 2 5 2 4 0 6 3 4 6 4 3 5 0 2 1 3 0 4 4 3 4 3 3 2 3 1 1 4 2 2 3 5 3 5 
2 2 6 2 2 2 3 3 1 2 5 5 1 6 0 3 1 0 2 4 5 1 3 7 1 4 5 6 2 5 0 4 1 4 5 5 2 1 3 4 0 6 3 5 5 0 3 5 3 3 1 5 3 1 3 1 1 3 5 1 2 4 3 4 5 1 3 4 2 0 3 3 4 2 4 1 6 3 4 6 4 3 5 1 2 2 4 1 4 3 4 4 5 3 3 4 1 2 5 2 3 4 5 4 4 
3 3 3 3 3 0 5 3 1 1 4 5 1 6 2 4 1 2 0 2 4 1 5 6 3 3 5 6 1 4 2 3 3 4 5 3 3 1 0 4 2 5 0 2 5 2 2 2 0 1 4 6 1 4 3 1 2 4 4 0 1 3 4 6 6 2 5 6 0 2 5 2 5 3 4 2 6 4 5 6 4 3 5 1 4 1 3 1 5 5 4 5 2 3 1 3 2 0 3 3 1 2 6 3 6 
5 5 1 5 5 2 6 4 3 2 3 5 3 5 4 5 3 4 2 0 4 3 6 6 5 3 4 5 2 3 4 3 4 4 5 1 4 3 1 4 4 4 2 0 4 4 1 0 1 1 5 6 1 5 3 3 4 5 3 2 1 1 5 7 7 4 6 7 2 4 6 2 6 3 4 3 5 5 5 6 5 4 5 2 5 3 2 3 6 6 3 6 0 3 1 2 4 2 1 4 1 2 6 2 6 
7 7 5 7 7 4 4 2 4 3 0 0 3 1 5 2 4 5 4 4 0 5 3 2 4 0 0 1 3 1 5 1 3 1 1 3 2 5 4 1 4 1 5 4 0 5 2 3 4 3 4 3 3 4 1 3 4 3 0 4 3 2 3 4 4 6 4 4 5 5 3 2 2 2 0 3 1 3 1 1 2 2 0 4 4 3 2 5 3 4 0 4 4 1 2 2 6 5 2 3 2 1 3 2 3 
1 1 5 1 1 0 5 3 1 2 5 6 2 6 1 4 1 1 1 3 5 0 4 7 3 4 5 7 2 5 1 4 3 4 6 4 4 0 1 4 2 6 1 4 6 1 3 4 2 3 3 6 2 3 4 1 1 4 5 1 2 4 4 6 6 1 5 5 1 1 5 3 6 3 5 1 7 4 5 7 5 4 6 1 3 2 4 0 5 4 4 5 4 4 3 4 1 1 4 3 3 3 6 4 6 
5 5 7 5 5 4 0 1 3 3 4 3 3 4 3 1 3 3 5 6 3 4 0 4 1 3 3 4 3 5 4 3 1 2 3 5 1 4 5 2 2 4 5 6 4 3 4 6 5 4 1 1 4 1 3 3 2 0 3 4 4 5 0 1 1 4 0 1 5 3 0 3 1 2 3 3 4 0 2 4 1 2 3 3 1 3 4 4 0 0 3 0 6 2 4 4 4 5 5 1 4 3 1 4 1 
9 9 7 9 9 6 4 4 6 5 2 1 5 0 7 3 6 7 6 6 2 7 4 0 5 2 1 0 5 3 7 3 5 2 1 5 4 7 6 2 6 1 7 6 1 7 4 5 6 5 5 3 5 6 3 5 6 4 2 6 5 4 4 5 4 8 5 5 7 6 4 4 2 4 2 5 0 4 2 0 3 3 1 6 5 5 4 7 4 5 2 4 6 3 5 3 8 7 4 4 4 3 3 3 3 
3 3 6 3 3 3 2 1 2 2 4 4 1 5 1 2 2 1 3 5 4 3 1 5 0 3 4 5 2 5 2 4 0 3 4 5 1 3 3 3 0 5 3 5 4 1 3 5 4 3 0 3 3 0 3 1 1 1 4 2 3 4 1 3 3 2 2 2 3 1 2 3 3 1 3 1 5 1 3 5 2 2 4 2 0 2 4 2 2 1 3 2 5 2 3 4 2 3 5 1 3 3 3 4 3 
6 6 4 6 6 3 3 1 3 2 1 1 2 2 4 2 3 4 3 3 0 4 3 2 3 0 1 2 2 1 4 0 2 0 2 2 2 4 3 0 3 1 4 3 1 4 2 3 3 2 3 3 2 3 0 2 3 3 0 3 2 2 2 4 4 5 4 4 4 4 3 1 2 1 0 3 2 2 1 2 1 1 1 3 3 2 1 4 3 3 0 3 3 0 2 1 5 4 2 2 2 1 3 1 3 
7 7 5 7 7 5 4 2 4 3 0 0 3 1 5 2 4 5 5 4 0 5 3 1 4 1 0 1 3 1 6 1 3 1 1 3 2 6 4 1 4 1 5 4 0 5 3 4 4 3 4 3 3 4 1 4 4 3 0 4 4 2 3 4 4 6 4 4 5 5 3 2 2 2 0 4 1 3 0 1 2 2 0 4 4 3 2 5 3 4 1 3 4 1 3 2 6 5 3 3 3 2 3 2 3 
8 8 6 8 8 6 5 3 5 5 1 1 5 0 6 3 6 6 6 5 1 7 4 0 5 2 1 0 5 2 7 2 5 2 1 4 4 7 6 2 6 1 6 5 1 6 4 5 5 4 5 3 4 6 3 5 5 4 1 6 5 3 4 5 5 7 5 5 6 6 4 3 3 4 2 5 0 4 2 1 3 3 1 5 5 5 3 6 4 5 2 4 5 3 4 3 7 6 3 4 4 3 3 3 4 
3 3 3 3 3 1 4 2 0 0 3 4 1 4 2 3 1 2 1 2 3 2 3 5 2 2 3 5 0 3 2 2 2 2 4 2 2 2 1 2 2 4 1 2 4 2 1 2 1 1 3 5 0 3 2 1 1 3 3 1 0 2 3 5 5 2 4 5 1 2 4 1 4 1 3 1 5 3 3 5 3 2 4 0 3 0 2 1 4 4 2 4 2 2 1 2 3 1 2 2 0 1 5 2 5 
7 7 3 7 7 4 5 3 4 3 1 2 3 2 5 3 4 5 4 3 1 5 5 3 5 1 1 2 3 0 5 1 4 2 3 1 3 5 3 2 5 1 4 2 1 5 2 2 3 2 5 5 2 5 1 4 4 4 1 4 3 1 4 6 6 6 5 5 4 5 5 2 4 3 2 4 2 4 2 3 3 3 2 4 5 3 1 5 4 5 1 5 2 2 2 1 6 4 1 4 2 1 4 0 5 
1 1 6 1 1 1 4 3 1 2 5 5 2 7 0 4 1 0 2 4 5 1 4 7 2 4 6 7 2 5 0 5 2 4 6 5 3 1 2 4 1 6 2 5 6 0 3 5 3 3 2 5 3 2 4 1 1 4 5 1 2 5 4 5 6 0 4 4 2 0 4 4 5 3 5 1 7 4 5 7 4 3 6 1 2 2 5 1 4 3 4 5 5 4 3 4 0 2 5 3 3 4 5 5 5 
6 6 4 6 6 3 4 2 3 2 0 2 2 2 4 2 3 4 3 3 1 4 3 3 4 0 1 2 2 1 5 0 3 1 2 2 2 4 3 1 4 1 3 3 1 4 1 2 3 2 4 4 2 4 0 3 3 3 0 3 2 1 3 5 5 5 4 4 4 4 4 1 3 2 1 3 2 3 1 3 2 1 2 3 4 2 0 4 3 4 0 4 3 1 1 0 5 4 1 2 1 0 4 0 4 
3 3 6 3 3 3 2 1 2 2 4 3 1 4 2 1 2 1 3 4 3 3 1 5 0 2 3 5 2 4 2 3 0 2 3 4 1 3 3 2 1 4 3 5 4 2 3 5 3 3 0 3 2 0 2 1 1 1 3 2 2 4 1 3 3 3 2 2 3 1 2 2 2 1 3 1 4 1 3 4 2 1 3 2 0 1 3 2 2 1 2 2 5 2 3 3 3 3 4 0 3 3 3 3 2 
6 6 5 6 6 4 3 1 3 2 1 1 2 2 4 1 3 4 4 4 1 4 2 2 3 0 1 2 2 2 4 1 2 0 1 3 1 5 4 0 3 2 4 4 1 4 2 4 4 3 3 2 2 3 0 2 3 2 1 3 3 2 1 3 3 5 3 3 4 4 2 1 1 1 0 2 2 2 0 2 1 0 1 3 3 2 2 4 2 3 0 2 4 0 2 2 5 4 3 1 2 1 2 2 2 
7 7 6 7 7 5 3 2 4 4 2 0 4 1 5 2 5 5 5 5 1 6 3 1 4 2 1 1 4 3 6 2 3 1 0 4 2 6 5 1 4 2 6 5 1 5 4 5 5 4 4 2 4 4 2 4 4 3 1 5 4 3 2 3 3 6 3 3 6 5 3 3 1 3 1 4 1 2 0 1 1 2 0 5 4 4 3 6 2 3 1 3 5 2 4 3 6 6 4 3 4 3 2 3 2 
6 6 2 6 6 3 6 3 3 2 2 4 3 4 4 4 3 5 3 1 3 4 5 5 5 2 3 4 2 1 5 2 4 3 4 0 4 4 2 3 4 3 3 1 3 4 1 0 2 1 5 6 2 5 2 3 4 5 2 3 2 0 5 7 7 5 6 6 3 5 6 2 5 3 3 3 4 5 4 4 4 3 4 3 5 3 1 4 5 6 2 6 0 3 1 1 5 3 0 4 1 1 6 1 6 
4 4 6 4 4 3 2 0 2 2 3 2 2 3 3 0 3 2 3 4 2 4 1 4 1 2 2 4 2 3 3 2 1 1 2 4 0 4 4 1 2 3 4 5 3 3 3 4 4 3 1 2 2 1 1 2 2 1 2 3 3 3 0 2 2 4 2 2 4 2 1 2 1 1 2 2 3 1 2 3 1 0 2 3 1 2 3 3 1 1 2 2 5 1 3 3 4 4 4 0 2 2 2 3 2 
1 1 5 1 1 1 5 4 1 2 5 6 2 7 1 4 1 1 1 3 5 0 4 7 3 4 6 7 2 5 1 4 3 5 6 4 4 0 2 5 2 6 1 4 6 1 3 4 2 3 3 6 2 3 4 2 2 4 5 1 2 4 4 6 6 0 5 5 1 1 5 3 6 3 5 2 7 4 5 7 5 4 6 1 3 2 4 0 5 4 5 5 4 4 3 4 1 1 5 3 3 4 6 4 6 
3 3 3 3 3 1 5 3 1 1 4 5 2 5 2 4 1 3 0 1 4 1 5 6 3 3 4 6 1 3 2 3 3 4 5 2 4 2 0 4 3 5 0 2 5 2 1 2 0 1 4 6 1 4 3 2 2 4 4 1 0 2 4 6 6 2 5 6 0 3 5 2 5 3 4 2 5 5 4 6 4 3 5 1 4 1 2 1 5 5 3 5 2 3 1 2 3 0 3 3 1 2 6 3 6 
6 6 5 6 6 4 3 1 3 2 1 1 2 2 4 1 3 4 4 4 1 4 2 2 3 0 1 2 2 2 4 1 2 0 1 3 1 5 4 0 3 2 4 4 1 4 2 3 4 3 3 2 2 3 0 2 3 2 1 3 3 2 2 4 3 5 3 3 4 4 3 1 2 1 0 3 2 2 0 2 1 1 1 3 3 2 2 4 2 3 0 3 4 0 2 2 5 4 3 2 2 1 2 2 2 
2 2 6 2 2 2 3 2 1 2 4 4 1 5 1 2 1 0 2 4 4 2 2 6 0 3 4 6 2 5 1 4 1 3 4 4 2 2 3 3 0 5 3 5 5 1 3 4 3 3 1 4 2 1 3 1 0 2 4 1 2 4 2 4 4 2 3 3 2 0 3 3 4 2 4 1 5 2 4 5 3 2 4 1 1 1 4 2 3 2 3 3 5 2 3 4 2 2 5 1 3 3 4 4 3 
8 8 5 8 8 5 5 3 4 4 0 1 4 1 6 3 5 6 5 4 1 6 4 1 5 1 1 1 4 1 6 1 4 2 2 3 3 6 5 2 5 0 5 4 0 6 3 4 5 3 5 4 3 5 2 4 5 4 1 5 4 2 4 5 5 7 5 5 6 6 4 2 3 3 1 4 1 4 2 1 3 3 1 5 5 4 2 6 4 5 1 5 4 2 3 2 7 5 2 4 3 2 4 2 4 
3 3 3 3 3 0 6 3 1 1 4 5 2 6 2 4 1 3 0 2 5 1 5 7 3 4 5 6 1 4 2 3 3 4 6 3 4 1 0 4 3 5 0 2 5 2 2 2 0 1 4 6 1 4 3 2 2 5 4 1 1 3 4 7 7 2 6 6 0 2 5 3 6 3 4 2 6 5 5 6 5 4 5 1 4 2 3 1 5 5 4 6 2 4 2 3 2 0 3 3 2 3 6 3 6 
6 6 1 6 6 3 7 4 3 2 3 5 3 5 4 5 3 5 2 0 4 4 6 6 5 3 4 5 2 2 5 3 5 4 5 1 5 4 2 4 5 4 2 0 4 4 2 0 2 1 6 7 2 6 3 4 4 6 3 3 2 1 5 8 8 5 7 7 3 5 7 3 6 4 4 4 5 6 5 6 5 4 5 3 6 3 2 4 6 6 4 7 0 4 2 2 5 3 1 4 2 2 7 2 7 
7 7 5 7 7 5 4 2 4 3 0 1 4 0 5 2 5 5 5 4 0 6 4 1 4 1 0 1 4 1 6 1 4 1 1 3 3 6 5 1 5 0 5 4 0 5 3 4 4 3 4 3 3 5 1 4 4 3 0 4 4 2 3 5 4 6 4 4 5 5 4 2 2 3 1 4 0 3 1 1 2 2 0 4 4 4 2 5 3 4 1 4 4 2 3 2 6 5 2 3 3 2 3 2 3 
2 2 5 2 2 1 4 3 1 2 5 5 1 6 0 3 0 0 2 4 5 1 3 7 1 4 5 6 2 5 0 4 2 4 5 4 3 1 2 4 1 6 2 4 5 0 3 4 2 3 2 5 2 2 3 1 0 3 5 1 2 4 3 5 5 1 4 4 2 0 4 3 5 2 4 1 6 3 4 6 4 3 5 1 2 1 4 1 4 3 4 4 4 3 3 4 1 2 5 2 3 3 5 4 5 
5 5 3 5 5 2 5 2 2 1 2 3 2 4 3 3 2 3 2 1 2 3 4 4 3 2 3 4 1 2 3 1 3 2 4 1 3 3 1 2 3 3 2 2 3 3 0 1 1 0 4 5 0 4 1 2 2 4 2 2 1 1 3 6 6 4 5 5 2 3 4 1 4 2 2 2 4 4 3 4 3 2 3 2 4 1 1 3 4 4 2 5 1 2 0 1 4 2 1 2 0 0 5 1 5 
6 6 1 6 6 3 6 4 3 2 3 4 3 4 4 5 3 5 2 0 3 4 6 5 5 3 4 5 2 2 5 2 5 4 5 0 4 4 2 3 4 4 2 0 4 4 1 0 2 1 5 6 2 5 3 3 4 5 3 3 2 1 5 7 7 5 6 7 3 5 6 2 6 3 4 3 4 5 4 5 5 4 4 3 5 3 1 4 6 6 3 6 0 3 1 1 5 3 1 4 2 2 6 1 6 
4 4 3 4 4 1 6 3 1 1 4 5 2 5 2 4 1 3 0 1 4 2 5 6 4 3 4 5 1 3 3 3 3 4 5 2 4 2 0 4 3 5 0 2 4 2 1 2 0 1 4 6 1 4 3 2 2 5 4 1 0 2 4 7 7 3 6 6 1 3 5 2 5 3 4 2 5 5 4 6 4 3 5 1 4 2 2 2 5 5 3 6 2 3 1 2 3 1 2 3 1 2 6 2 6 
4 4 2 4 4 2 5 3 2 1 3 4 2 4 3 4 2 3 1 1 3 3 4 5 3 2 3 4 1 2 3 2 3 3 4 1 3 3 1 3 3 3 1 1 3 3 0 1 1 0 4 5 0 4 2 2 2 4 3 2 0 1 4 6 6 3 5 5 2 3 5 1 5 2 3 2 4 4 3 5 4 3 4 1 4 1 1 2 5 5 2 5 1 2 0 1 4 2 1 3 0 1 5 1 5 
3 3 7 3 3 3 1 2 2 3 4 4 2 5 2 2 2 1 4 5 4 3 1 5 0 3 4 5 3 5 2 4 0 3 4 5 1 3 4 3 1 5 4 6 4 2 4 5 4 4 0 3 3 0 3 2 1 1 4 3 3 5 1 2 3 3 1 2 4 1 2 3 3 2 3 2 5 1 3 5 2 2 4 3 0 2 4 3 2 1 3 2 6 2 4 4 3 4 5 1 3 3 3 4 2 
7 7 8 7 7 6 1 2 5 5 4 2 4 3 5 1 5 5 6 6 3 6 1 3 3 3 3 3 5 5 5 4 3 2 2 6 2 6 6 2 4 4 6 7 3 5 5 6 6 5 3 0 5 3 3 4 4 1 3 5 5 5 1 1 1 6 1 1 6 5 1 4 0 3 2 4 3 1 2 3 1 2 2 5 3 4 5 6 1 2 3 1 7 3 5 4 6 6 5 3 5 4 0 5 0 
4 4 3 4 4 1 4 2 1 0 3 3 1 4 2 3 1 3 1 1 3 2 4 5 3 2 3 4 0 2 3 2 2 2 4 2 2 2 1 2 2 3 1 2 3 2 0 2 1 0 3 5 0 3 1 1 2 3 2 1 0 1 3 5 5 3 4 5 2 3 4 1 4 1 3 1 4 3 3 5 3 2 3 1 3 1 1 2 4 4 2 4 2 2 0 1 3 2 2 2 0 1 5 1 5 
3 3 7 3 3 3 2 2 2 3 5 4 2 5 2 2 2 1 4 5 4 3 1 6 0 3 4 6 3 5 2 4 0 3 4 5 1 3 4 3 1 5 4 6 5 2 4 5 4 4 0 3 3 0 3 2 1 1 4 3 3 5 1 3 3 3 2 2 4 1 2 3 3 2 4 1 5 1 4 5 3 2 4 2 0 2 4 3 2 1 3 2 6 3 4 4 3 3 5 1 3 4 3 4 3 
5 5 4 5 5 3 3 1 2 2 1 1 2 2 3 2 3 3 3 3 1 4 3 3 3 0 1 3 2 1 4 0 2 0 2 2 1 4 3 0 3 2 3 3 1 3 1 3 3 2 3 3 1 3 0 2 2 3 1 3 2 1 2 4 4 4 4 4 3 3 3 0 2 1 1 2 2 2 1 3 2 1 2 2 3 2 1 3 3 3 0 3 3 0 1 1 4 3 2 2 1 0 3 1 3 
3 3 5 3 3 1 3 1 0 1 4 4 0 5 1 2 0 1 1 3 3 1 3 5 1 2 4 5 1 4 1 3 1 2 4 3 2 2 2 2 1 4 2 4 4 1 2 3 2 2 2 4 1 2 2 0 0 2 3 1 1 3 2 4 4 2 3 4 2 1 3 2 4 1 3 0 5 3 3 5 3 2 4 0 2 0 3 1 3 3 3 3 4 2 2 3 2 2 3 1 1 2 4 3 4 
2 2 5 2 2 1 3 2 1 1 4 4 0 5 1 2 1 1 2 4 4 1 2 6 1 3 4 5 1 4 1 3 1 3 4 4 2 2 2 3 0 5 2 4 4 0 2 4 2 2 1 4 2 1 2 0 0 2 4 1 2 4 2 4 4 2 3 3 2 0 3 2 4 1 3 0 5 2 4 5 3 2 4 1 1 1 3 1 3 2 3 3 4 2 2 3 2 2 4 1 2 3 4 3 4 
5 5 7 5 5 4 0 1 3 3 4 3 2 4 3 1 3 3 4 5 3 4 0 4 1 3 3 4 3 4 4 3 1 2 3 5 1 4 4 2 2 4 5 6 3 3 4 5 5 4 1 1 3 1 3 2 2 0 3 4 4 4 0 1 2 4 1 1 5 3 0 3 1 2 2 2 4 0 2 4 1 1 3 3 1 3 4 4 0 0 3 0 6 2 4 4 4 5 5 1 4 3 1 4 1 
7 7 4 7 7 4 4 2 3 3 0 1 3 1 5 2 4 5 4 3 0 5 3 2 4 0 0 1 3 1 5 0 3 1 1 2 2 5 4 1 4 1 4 3 0 5 2 3 4 3 4 3 2 4 1 3 4 3 0 4 3 2 3 5 4 6 4 4 4 5 4 1 3 2 0 3 1 3 1 2 2 2 1 4 4 3 1 5 3 4 0 4 3 1 2 1 6 4 2 3 2 1 3 1 3 
2 2 4 2 2 0 4 2 0 1 4 4 1 5 1 3 0 1 0 2 4 1 4 6 2 3 4 6 1 4 1 3 2 3 5 3 3 1 1 3 1 5 1 3 4 1 2 3 1 2 3 5 1 3 3 1 1 4 4 0 1 3 3 5 6 1 4 5 1 1 4 2 5 2 4 1 5 4 4 6 4 3 5 0 3 1 3 0 4 4 3 5 3 3 2 3 2 1 3 2 1 2 5 3 5 
4 4 3 4 4 1 5 2 1 0 3 4 1 5 2 3 1 2 1 1 3 2 4 5 3 2 4 5 0 3 2 2 2 3 4 2 3 2 0 3 2 4 1 2 4 2 1 2 0 0 3 5 0 3 2 1 2 4 3 1 0 2 3 6 6 3 5 5 1 2 4 1 4 2 3 1 5 4 4 5 4 2 4 1 3 1 2 1 4 4 3 5 2 2 0 2 3 1 2 2 0 1 5 2 5 
6 6 2 6 6 3 5 3 3 2 1 3 3 3 4 4 3 4 3 1 2 4 5 4 4 2 2 3 2 1 5 1 4 2 3 0 3 4 2 2 4 2 3 1 2 4 1 1 2 1 5 5 1 5 1 3 4 4 2 3 2 0 4 6 6 5 5 6 3 4 5 1 4 2 2 3 3 4 3 4 3 3 3 3 4 2 0 4 5 5 2 5 1 2 1 0 5 3 0 3 1 1 5 0 5 
5 5 7 5 5 4 1 1 3 3 3 2 2 4 3 0 3 3 4 5 3 4 0 4 1 2 3 4 3 4 4 3 1 1 2 5 0 4 4 2 2 4 4 5 3 3 3 5 4 4 1 1 3 1 2 2 2 0 3 3 3 4 0 2 2 4 1 1 4 3 1 2 1 1 2 2 4 0 2 3 1 1 3 3 1 2 4 4 0 1 2 1 5 1 3 3 4 4 5 1 3 3 1 4 1 
6 6 9 6 6 6 1 3 5 5 5 3 4 5 5 2 5 4 6 7 4 6 1 5 3 4 4 5 5 6 5 5 3 3 3 7 2 6 6 4 4 5 7 8 5 5 6 7 7 6 2 1 5 3 4 4 4 1 5 5 6 6 2 0 0 6 1 0 6 4 1 5 2 3 4 4 5 1 3 4 2 3 4 5 2 5 6 6 1 1 4 0 8 4 6 6 6 6 7 3 5 5 1 6 1 
7 7 9 7 7 6 1 3 5 5 5 3 4 4 5 2 5 5 6 7 4 6 1 4 3 4 4 5 5 6 6 5 3 3 3 7 2 6 6 3 4 5 7 8 4 5 6 7 7 6 3 1 5 3 4 4 4 2 4 6 6 6 2 0 0 6 1 1 7 5 1 5 1 3 3 4 4 1 3 4 2 3 3 5 3 5 6 6 1 2 4 1 7 3 6 5 6 7 6 3 5 5 1 5 0 
1 1 6 1 1 1 5 4 2 3 6 6 2 7 1 5 1 1 2 4 6 1 4 8 2 5 6 7 2 6 0 5 3 5 6 5 4 0 2 5 2 7 2 5 6 1 4 5 3 3 3 6 3 3 4 2 2 4 6 1 3 5 4 6 6 0 5 5 2 1 5 4 6 3 5 2 7 4 6 7 5 4 6 2 3 2 5 1 5 4 5 5 5 4 4 5 0 2 5 3 3 4 6 5 6 
5 5 8 5 5 5 0 2 4 4 5 3 3 5 4 1 4 3 5 6 4 5 0 5 2 4 4 5 4 5 4 4 2 3 3 6 2 5 5 3 3 5 6 7 4 4 5 6 6 5 1 1 4 2 4 3 3 1 4 4 5 5 1 1 1 5 0 0 5 3 0 4 2 3 3 3 5 1 3 4 2 2 4 4 1 4 5 5 1 0 4 0 7 3 5 5 5 5 6 2 5 4 1 5 1 
5 5 8 5 5 5 0 2 4 5 5 3 4 5 4 2 4 4 6 7 4 5 1 5 2 4 4 5 5 5 4 4 2 3 3 6 2 5 6 3 3 5 6 7 4 4 5 7 6 5 2 1 5 2 4 4 3 1 4 5 5 6 1 0 1 5 0 0 6 4 0 4 2 3 3 4 5 1 3 4 2 3 4 5 2 4 5 5 1 0 4 0 7 3 5 5 5 6 6 2 5 4 1 5 1 
3 3 4 3 3 0 5 3 1 1 5 5 2 6 2 4 1 2 0 2 5 1 5 7 3 4 5 6 1 4 2 4 3 4 6 3 4 1 0 4 2 6 0 3 5 2 2 3 1 2 4 6 2 4 3 2 2 5 4 1 1 3 4 6 7 2 5 6 0 2 5 3 6 3 5 2 6 5 5 7 5 4 5 1 4 2 3 1 5 5 4 6 3 4 2 3 2 0 4 3 2 3 6 3 6 
2 2 6 2 2 2 3 2 1 2 5 5 1 6 0 3 1 0 2 4 5 1 3 6 1 4 5 6 2 5 0 4 1 4 5 5 2 1 3 4 0 6 2 5 5 0 3 5 3 3 1 5 3 1 3 1 0 3 5 1 2 4 3 4 5 1 3 4 2 0 3 3 4 2 4 1 6 3 4 6 4 3 5 1 2 1 4 1 4 3 4 4 5 3 3 4 1 2 5 2 3 3 4 4 4 
5 5 8 5 5 5 0 2 4 4 4 3 3 4 4 1 4 3 5 6 3 5 0 4 2 3 3 4 4 5 4 4 2 2 3 6 1 5 5 3 3 4 5 7 4 4 4 6 5 5 2 1 4 2 3 3 3 0 4 4 4 5 1 1 1 5 0 0 5 3 0 4 1 2 3 3 4 0 2 4 1 2 3 4 1 3 5 5 0 0 3 0 6 2 4 4 5 5 6 2 4 4 1 5 0 
5 5 4 5 5 2 4 1 2 1 1 2 1 3 3 2 2 3 2 2 2 3 3 4 3 1 2 3 1 2 4 1 2 1 3 2 2 3 2 1 3 2 3 3 2 3 1 2 2 1 3 4 1 3 0 2 2 3 1 2 1 1 2 5 5 4 4 4 3 3 4 0 3 1 1 2 3 3 2 3 2 1 2 2 3 1 1 3 3 3 1 4 2 1 1 1 4 3 2 2 0 0 4 1 4 
6 6 7 6 6 5 2 2 4 4 3 1 3 2 5 1 5 4 5 6 2 6 1 2 3 2 2 3 4 4 5 3 2 1 1 5 1 6 5 2 4 3 6 6 2 5 4 6 5 5 3 0 4 3 2 4 4 1 3 5 4 4 1 2 1 6 2 2 6 4 1 3 0 2 2 4 3 1 1 2 0 2 2 4 3 4 4 5 1 2 2 1 6 2 4 4 6 6 5 2 4 3 0 4 0 
4 4 5 4 4 2 3 0 1 1 2 2 1 3 2 1 2 2 3 3 2 3 2 4 1 1 2 4 1 3 3 2 1 1 3 3 1 3 3 1 2 3 3 4 3 2 2 3 3 2 2 3 1 2 1 1 1 2 2 2 2 2 1 3 3 3 3 3 3 2 2 1 2 0 2 1 3 2 2 4 1 0 2 2 2 1 2 3 2 2 1 3 4 0 2 2 3 3 3 0 1 1 3 2 3 
6 6 5 6 6 4 3 1 3 3 1 0 3 1 4 1 4 4 4 4 0 5 3 2 3 0 0 2 3 2 5 1 3 0 1 3 2 5 4 0 4 1 4 4 1 4 2 4 4 3 3 2 3 4 1 3 3 2 0 4 3 2 2 4 3 5 3 3 5 4 3 1 2 2 0 3 1 2 0 2 1 1 0 4 3 3 2 4 2 3 0 3 4 1 2 2 5 5 3 2 2 1 2 2 2 
3 3 5 3 3 1 3 1 0 1 4 4 0 5 1 2 0 1 2 3 3 1 3 5 1 3 4 5 1 4 1 3 1 2 4 3 2 2 2 3 1 4 2 4 4 1 2 3 2 2 2 4 1 1 2 0 0 2 3 1 1 3 2 4 4 2 3 4 2 1 3 2 4 1 3 0 5 2 3 5 3 2 4 1 2 0 3 1 3 3 3 3 4 2 2 3 2 2 4 1 2 2 4 3 4 
8 8 6 8 8 6 5 3 5 4 1 1 5 0 6 3 6 6 6 5 1 7 4 0 5 2 1 0 5 2 7 2 4 2 1 4 3 7 5 2 5 1 6 5 0 6 4 4 5 4 5 3 4 5 2 5 5 4 1 5 5 3 4 5 4 7 5 5 6 6 4 3 3 3 1 5 0 4 1 0 2 3 1 5 5 4 3 6 4 5 2 4 5 2 4 3 7 6 3 4 4 3 3 3 4 
5 5 7 5 5 4 1 1 3 3 3 2 2 4 3 0 3 3 4 5 3 4 0 4 1 2 3 4 3 4 4 3 1 2 2 5 1 4 5 2 2 4 5 6 3 3 4 5 5 4 1 1 3 1 2 3 2 0 3 4 4 4 0 1 1 4 1 1 5 3 0 3 1 2 2 2 4 0 2 4 1 1 3 3 1 3 4 4 0 1 2 0 6 2 4 4 4 5 5 1 3 3 1 4 1 
6 6 6 6 6 5 3 1 4 3 1 0 3 1 5 1 4 4 5 5 1 5 2 2 3 1 0 2 3 2 5 1 3 0 0 4 2 5 4 0 4 2 5 5 1 4 3 4 4 3 3 2 3 4 1 3 4 2 1 4 4 3 2 3 3 6 3 3 5 4 2 2 1 2 0 3 1 2 0 1 1 1 0 4 3 3 2 5 2 3 1 3 4 1 3 2 6 5 3 2 3 2 2 2 2 
8 8 7 8 8 6 4 3 5 5 2 1 5 0 6 3 6 6 6 6 1 7 4 0 5 2 1 1 5 3 7 3 4 2 1 4 3 7 6 2 5 1 6 6 1 6 4 5 6 5 5 3 5 5 3 5 5 4 2 6 5 4 3 4 4 7 4 4 7 6 4 3 2 4 2 5 0 4 1 0 2 3 1 6 5 5 3 7 3 5 2 4 5 3 4 3 7 7 4 4 4 3 3 3 3 
6 6 6 6 6 4 2 1 3 3 2 1 3 2 4 0 4 4 4 5 2 5 1 3 2 1 2 3 3 3 4 2 2 1 1 4 1 5 4 1 3 3 5 5 2 4 3 5 4 4 2 1 3 3 2 3 3 1 2 4 4 3 1 2 2 5 2 2 5 4 1 2 0 1 1 3 2 1 1 2 0 1 1 4 2 3 3 4 1 2 1 1 5 1 3 3 5 5 4 1 3 2 1 3 1 
5 5 5 5 5 3 2 0 2 2 2 1 2 3 3 1 3 3 3 4 2 4 2 3 2 1 2 3 2 3 3 1 1 0 2 3 0 4 3 1 2 3 4 4 2 3 2 4 3 3 2 2 2 2 1 2 2 1 2 3 2 3 1 3 3 4 2 3 4 3 2 1 2 0 1 2 3 1 1 3 1 0 2 2 2 2 2 3 2 2 1 2 4 0 2 2 4 4 3 1 2 1 2 2 2 
7 7 6 7 7 5 3 2 4 4 1 0 4 0 5 2 5 5 5 5 0 6 3 1 4 1 0 1 4 2 6 2 3 1 0 4 2 6 5 1 4 1 5 5 0 5 3 4 5 4 4 2 3 4 2 4 4 3 1 5 4 3 3 4 3 6 4 4 5 5 3 2 2 2 0 4 1 3 0 1 1 2 0 4 4 4 3 5 3 4 1 3 5 1 3 2 6 5 3 3 3 2 2 2 3 
3 3 4 3 3 0 4 2 0 0 4 4 0 5 1 3 0 1 1 2 4 1 3 6 2 3 4 5 0 4 1 3 2 3 5 3 3 1 1 3 1 5 1 3 4 1 2 3 1 1 3 5 1 2 2 0 1 3 4 0 1 3 3 5 5 2 4 5 1 1 4 2 4 2 4 1 5 3 4 6 4 2 4 0 3 0 3 0 4 4 3 4 3 2 1 3 2 1 3 2 1 2 5 3 5 
3 3 7 3 3 3 1 1 2 3 4 3 2 5 2 2 2 2 4 5 4 3 1 5 0 3 4 5 3 5 2 4 0 3 4 5 1 3 4 3 1 5 4 6 4 2 4 5 4 4 0 3 3 0 3 2 1 1 4 3 3 4 1 2 3 3 1 2 4 2 1 3 3 2 3 2 5 1 3 5 2 2 4 3 0 2 4 3 2 1 3 2 6 2 3 4 3 4 5 1 3 3 3 4 2 
3 3 4 3 3 1 4 1 0 0 3 3 0 4 1 2 1 2 1 3 3 2 3 5 2 2 3 5 0 3 2 2 1 2 4 3 2 2 1 2 1 4 2 3 4 1 1 3 2 1 2 4 1 2 2 0 1 3 3 1 1 2 2 5 5 2 4 4 2 1 3 1 4 1 3 0 4 3 3 5 3 2 4 0 2 0 2 1 3 3 2 4 3 2 1 2 2 1 3 1 1 2 4 2 4 
6 6 3 6 6 3 5 2 3 2 1 3 3 3 4 3 3 4 3 2 2 4 4 4 4 1 2 3 2 1 5 0 3 2 3 1 3 4 2 2 4 2 3 2 2 4 1 1 2 1 4 5 1 4 1 3 3 4 1 3 2 0 4 6 6 5 5 5 3 4 5 1 4 2 2 3 3 4 2 3 3 2 3 3 4 2 0 4 4 5 1 5 2 2 1 0 5 3 0 3 1 0 4 0 5 
2 2 5 2 2 0 5 3 1 1 5 5 1 6 1 4 0 1 1 3 5 0 4 7 2 4 5 6 1 5 1 4 2 4 6 4 3 0 1 4 2 6 1 4 5 1 3 4 2 2 3 6 2 3 3 1 1 4 5 0 1 4 4 6 6 1 5 5 1 1 5 3 5 3 4 1 6 4 5 7 4 3 5 0 3 1 4 0 5 4 4 5 4 3 2 4 1 1 4 3 2 3 5 4 5 
6 6 7 6 6 5 0 2 4 4 4 2 3 4 4 1 4 4 5 6 3 5 0 4 2 3 3 4 4 4 4 3 2 2 2 5 1 5 5 2 3 4 5 6 3 4 4 6 5 5 2 1 4 2 3 3 3 0 3 4 4 5 0 1 1 5 1 1 5 4 0 3 1 2 2 3 4 0 2 3 1 2 3 4 2 3 4 5 0 1 3 0 6 2 4 4 5 5 5 2 4 4 1 4 0 
5 5 7 5 5 4 0 2 3 4 4 3 3 5 3 1 4 3 5 6 4 4 0 5 1 3 4 5 4 5 3 4 1 3 3 6 1 4 5 3 2 5 5 6 4 3 4 6 5 5 1 2 4 1 3 3 2 0 4 4 4 5 1 1 2 4 0 0 5 3 0 3 2 2 3 3 5 1 3 5 2 2 4 4 1 3 5 4 1 0 3 1 6 3 4 5 4 5 6 1 4 4 2 5 1 
6 6 5 6 6 4 3 1 3 2 1 1 2 2 4 2 3 4 4 3 0 4 3 2 3 0 1 2 2 1 4 0 2 0 1 2 2 5 3 0 3 1 4 4 1 4 2 3 3 2 3 3 2 3 0 3 3 3 0 3 3 2 2 4 4 5 4 4 4 4 3 1 2 1 0 3 2 2 1 2 1 1 1 3 3 2 1 4 3 3 0 3 3 0 2 1 5 4 2 2 2 1 3 1 3 
6 6 8 6 6 5 0 2 4 4 4 3 3 4 4 1 4 4 5 6 4 5 0 4 2 3 3 4 4 5 5 4 2 2 3 6 2 5 5 3 3 5 6 7 4 4 5 6 6 5 2 1 4 2 3 3 3 0 4 5 5 5 1 0 1 5 0 0 6 4 0 4 1 3 3 3 4 0 3 4 1 2 3 4 2 4 5 5 0 1 3 0 7 3 5 5 5 6 6 2 4 4 1 5 0 
6 6 1 6 6 3 7 4 3 2 3 5 3 5 5 5 3 5 2 0 4 4 6 6 5 3 4 5 2 2 5 3 5 4 5 0 5 4 2 4 5 4 2 0 4 4 1 0 2 1 6 7 2 6 3 4 4 6 3 3 2 1 5 8 7 5 7 7 3 5 6 2 6 4 4 4 5 6 4 5 5 4 5 3 6 3 2 4 6 6 3 7 0 4 2 2 5 3 1 4 2 2 6 2 7 
5 5 5 5 5 3 3 0 2 2 1 1 2 2 3 1 3 3 3 3 1 4 2 3 2 0 1 3 2 2 4 1 2 0 2 3 1 4 3 0 2 2 4 4 2 3 2 3 3 2 2 3 2 3 0 2 2 2 1 3 2 2 1 4 3 4 3 3 4 3 2 1 2 0 1 2 2 2 1 3 1 0 1 2 2 2 2 3 2 3 0 3 4 0 2 2 4 4 3 1 2 1 2 2 2 
5 5 3 5 5 2 5 2 1 1 2 3 2 4 3 3 2 3 1 1 2 3 4 5 3 2 3 4 1 2 3 1 3 2 4 1 3 3 1 2 3 3 2 2 3 3 0 1 1 0 4 5 0 4 1 2 2 4 2 2 0 1 3 6 6 4 5 5 2 3 4 1 4 2 2 2 4 4 3 4 3 2 3 1 3 1 1 2 4 4 2 5 2 2 0 1 4 2 1 2 0 1 5 1 5 
6 6 3 6 6 3 5 2 3 2 1 2 2 3 4 3 3 4 3 2 2 4 4 3 4 1 2 3 2 1 4 0 3 2 3 1 3 4 2 2 4 2 3 2 2 4 1 1 2 1 4 4 1 4 1 3 3 4 1 3 2 0 3 6 5 5 5 5 3 4 4 1 4 2 2 3 3 4 2 3 3 2 2 3 4 2 0 4 4 5 1 5 2 2 1 0 5 3 1 3 1 0 4 0 4 
0 0 6 0 0 2 5 4 2 3 6 6 2 7 1 5 1 1 2 4 6 1 4 8 2 5 6 7 3 6 0 5 3 5 6 5 4 1 3 5 2 7 2 5 6 1 4 5 3 4 3 6 3 3 4 2 2 4 6 2 3 5 4 6 6 0 5 5 2 1 5 4 6 3 5 2 7 4 6 7 5 4 6 2 3 2 5 1 5 4 5 5 5 4 4 5 0 2 5 3 4 4 6 5 6 
3 3 4 3 3 0 5 3 1 1 5 5 2 6 2 4 1 2 0 2 5 1 5 7 3 4 5 6 1 4 2 4 3 4 6 3 4 1 0 4 2 5 0 3 5 2 2 3 1 2 4 6 2 3 3 2 2 5 4 1 1 3 4 6 7 2 5 6 0 2 5 3 6 3 5 2 6 5 5 7 5 4 5 1 4 1 3 1 5 5 4 6 3 4 2 3 2 0 3 3 2 3 6 3 6 
6 6 2 6 6 3 6 3 3 2 2 3 3 3 5 4 4 5 3 1 2 4 5 4 5 2 3 3 2 1 5 1 4 3 4 0 4 5 3 3 5 2 3 1 2 5 1 1 2 1 5 5 2 5 2 3 4 5 2 3 2 0 5 7 6 5 6 6 4 5 6 2 5 3 3 4 3 5 3 4 4 3 3 3 5 3 0 4 5 6 2 6 1 3 1 1 5 3 0 4 1 1 5 0 6 
4 4 6 4 4 3 2 0 2 2 3 3 1 4 2 1 2 2 3 4 3 3 1 4 1 2 3 4 2 4 3 2 0 1 3 4 0 3 3 2 1 4 3 4 3 2 2 4 3 3 1 3 2 1 2 1 1 1 3 2 2 3 1 3 3 3 2 2 3 2 2 2 2 0 2 1 4 1 2 4 1 1 3 2 1 1 3 3 2 1 2 2 4 1 2 3 3 3 4 0 2 2 2 3 2 
4 4 3 4 4 2 4 2 1 0 2 3 1 4 3 3 2 3 1 1 2 3 4 4 3 2 3 4 0 2 3 1 3 2 4 1 2 3 1 2 3 3 2 2 3 3 0 2 1 0 3 5 0 3 1 1 2 4 2 1 0 1 3 5 5 3 5 5 2 3 4 0 4 1 2 2 4 3 3 4 3 2 3 1 3 1 1 2 4 4 2 4 2 2 0 1 4 2 1 2 0 0 4 1 4 
5 5 3 5 5 3 4 2 2 1 1 2 2 3 3 2 3 4 2 2 1 3 3 3 3 1 2 3 1 1 4 0 3 1 3 1 2 4 2 1 3 2 3 2 2 3 0 2 2 1 3 4 1 4 0 2 3 3 1 2 1 1 3 5 5 4 4 4 3 3 4 0 3 1 1 2 3 3 2 3 2 1 2 2 3 2 0 3 4 4 1 4 2 1 1 0 4 3 1 2 0 0 4 0 4 
7 7 8 7 7 5 1 2 4 4 3 2 4 3 5 1 5 5 6 6 3 6 1 3 3 3 3 3 5 4 5 4 3 2 2 6 2 6 6 2 4 4 6 7 3 5 5 6 6 5 3 0 5 3 3 4 4 1 3 5 5 5 1 1 1 6 1 1 6 4 1 4 0 3 2 4 3 1 2 3 1 2 2 5 3 4 4 5 1 2 3 1 6 2 5 4 6 6 5 2 4 4 0 4 0 
6 6 3 6 6 3 5 2 3 2 1 2 3 3 4 3 3 4 3 2 2 4 4 3 4 1 2 3 2 0 5 0 3 2 3 1 3 4 3 2 4 2 3 2 2 4 1 1 2 1 4 5 1 4 1 3 3 4 1 3 2 0 4 6 5 5 5 5 3 4 5 1 4 2 2 3 3 4 2 3 3 2 2 3 4 2 0 4 4 5 1 5 2 2 1 0 5 3 0 3 1 0 4 0 5 
6 6 8 6 6 5 1 2 4 4 4 2 4 3 5 1 5 4 6 6 3 6 1 3 3 3 3 4 5 5 5 4 2 2 2 6 2 6 6 2 3 4 6 7 3 5 5 6 6 5 2 0 5 3 3 4 4 1 3 5 5 5 1 1 0 6 1 1 6 4 0 4 0 3 2 4 4 1 2 3 1 2 3 5 2 4 5 5 0 1 3 0 7 2 5 4 6 6 6 2 4 4 0 5 0 
