10 585.96 0 1680 14 120
53.61 97.8 14.63 51.72 27.53 15.15 9.33 52.06 29.51 53.88 
66.85 57.24 39.02 13.64 78.22 70.07 51.76 29.78 10.7 62.03 
5 9 2 5 3 2 1 5 3 5 
1 2 3 4 5 6 7 8 9 10 
3 2 2 3 2 2 2 3 2 3 
1 2 1 1 2 1 1 1 2 1 
6 6 6 2 7 9 1 9 4 9 
3765.62 3691.89 3678.93 3958.3 4672.27 4851.26 4406.02 4684.31 4630.67 4766.12 
0.8 0.4 0.74 0.6 0.44 0.91 0.43 0.27 0.57 0.27 
0.6 0.65 0.85 0.71 0.94 0.75 0.57 0.75 0.73 0.62 
0.57 1.0 1.0 1.0 1.0 0.79 0.94 1.0 1.0 0.65 
0.86 0.59 0.54 0.54 0.59 0.59 0.94 0.64 0.73 0.7 
0.71 0.66 0.7 0.65 0.84 0.64 1.0 0.91 0.78 0.73 
0.7 0.93 0.91 1.0 0.75 0.59 0.95 0.73 0.79 0.98 
0.15 0.23 0.29 0.25 0.35 0.13 0.48 0.32 0.33 0.21 
1620.03 971.36 1114.02 1710.76 697.24 1961.87 1808.77 1336.71 875.02 968.25 
248.57 210.46 308.27 405.76 227.78 282.02 816.93 392.93 280.94 187.41 
7600.17 4356.82 5070.12 8053.8 2986.19 9309.36 8543.85 6183.56 3875.1 4341.25 
742.85 552.29 1041.33 1528.8 638.88 910.12 3584.66 1464.66 904.68 437.06 
150.62 110.76 110.37 158.33 140.17 145.54 132.18 187.37 138.92 190.64 
16 10 10 16 13 13 12 20 13 20 
47 100 8 5 104 82 99 40 55 98 
120 120 120 44 120 120 120 120 94 120 
5
0.0 0.0 0.0 0.0 0.0 
0.0 0.0 0.0 100.0 100.0 
0 0 0 7 7 6 8 2 3 5 5 3 4 2 5 
0 0 0 7 7 6 8 2 3 5 5 3 4 2 5 
0 0 0 7 7 6 8 2 3 5 5 3 4 2 5 
7 7 7 0 0 4 7 4 7 2 2 3 6 6 4 
7 7 7 0 0 4 7 4 7 2 2 3 6 6 4 
6 6 6 4 4 0 3 3 3 2 2 3 2 4 0 
8 8 8 7 7 3 0 6 4 5 5 6 3 5 3 
2 2 2 4 4 3 6 0 3 2 2 0 2 2 3 
3 3 3 7 7 3 4 3 0 4 4 4 1 1 3 
5 5 5 2 2 2 5 2 4 0 1 2 3 4 2 
5 5 5 2 2 2 5 2 4 1 0 1 3 4 2 
3 3 3 3 3 3 6 0 4 2 1 0 3 3 3 
4 4 4 6 6 2 3 2 1 3 3 3 0 2 2 
2 2 2 6 6 4 5 2 1 4 4 3 2 0 4 
5 5 5 4 4 0 3 3 3 2 2 3 2 4 0 
