10 938.17 0 1680 7 240
34.79 64.07 76.03 31.47 41.24 26.01 50.19 8.09 29.77 81.3 
28.71 81.18 71.21 83.66 48.8 46.97 14.02 85.23 75.58 43.21 
4 6 7 3 4 3 5 1 3 8 
1 2 3 4 5 6 7 8 9 10 
3 2 3 2 3 2 3 3 2 3 
2 1 3 2 2 2 2 3 2 2 
9 3 4 4 5 7 10 5 1 7 
3865.38 4782.24 3493.38 3391.05 3602.04 3721.63 4833.03 3405.54 4581.09 3624.91 
0.42 0.83 0.32 0.32 0.46 0.5 0.11 0.46 0.33 0.11 
0.71 0.57 0.61 0.52 0.96 0.5 0.65 0.82 1.0 0.57 
0.95 0.63 0.78 0.99 0.82 0.71 0.92 0.51 0.81 0.77 
1.0 0.64 1.0 0.62 0.52 0.92 0.82 0.76 0.66 1.0 
0.54 0.86 0.86 0.52 0.67 0.86 0.77 0.7 0.85 1.0 
0.92 0.73 0.64 0.91 0.7 0.97 0.64 0.55 1.0 0.86 
0.33 0.15 0.26 0.15 0.19 0.27 0.24 0.12 0.46 0.38 
1697.83 1100.11 1072.77 892.42 1073.14 954.4 1611.93 1054.96 1585.77 829.14 
568.08 146.48 297.46 133.82 239.73 229.13 398.82 139.07 704.86 361.24 
7989.16 5000.56 4863.85 3962.08 4865.69 4271.99 7559.66 4774.78 7428.85 3645.7 
2340.39 232.38 987.28 169.11 698.65 645.63 1494.11 195.37 3024.28 1306.18 
154.62 143.47 139.74 101.73 144.08 111.65 193.32 136.22 137.43 145.0 
33 27 29 19 30 21 41 29 26 31 
142 205 41 188 205 83 68 74 174 181 
240 240 119 240 240 215 240 240 240 240 
5
0.0 0.0 0.0 0.0 0.0 
100.0 0.0 0.0 0.0 100.0 
0 14 14 14 0 11 9 11 5 9 8 14 2 5 14 
14 0 0 0 14 6 14 14 12 9 7 7 12 11 13 
14 0 0 0 14 6 14 14 12 9 7 7 12 11 13 
14 0 0 0 14 6 14 14 12 9 7 7 12 11 13 
0 14 14 14 0 11 9 11 5 9 8 14 2 5 14 
11 6 6 6 11 0 8 8 7 3 2 3 8 6 6 
9 14 14 14 9 8 0 2 4 5 7 9 8 4 5 
11 14 14 14 11 8 2 0 6 5 7 8 9 6 4 
5 12 12 12 5 7 4 6 0 5 5 10 3 1 9 
9 9 9 9 9 3 5 5 5 0 2 5 7 4 5 
8 7 7 7 8 2 7 7 5 2 0 5 6 4 7 
14 7 7 7 14 3 9 8 10 5 5 0 11 9 6 
2 12 12 12 2 8 8 9 3 7 6 11 0 3 12 
5 11 11 11 5 6 4 6 1 4 4 9 3 0 8 
14 13 13 13 14 6 5 4 9 5 7 6 12 8 0 
