10 702.11 0 1680 7 240
5.04 15.96 71.89 4.24 97.03 52.36 6.67 91.23 29.27 93.16 
51.14 85.04 40.39 24.23 19.85 63.3 76.09 17.98 36.25 63.63 
1 2 7 1 9 5 1 9 3 9 
1 2 3 4 5 6 7 8 9 10 
1 1 3 1 2 1 1 2 1 2 
1 3 1 1 3 2 1 3 1 3 
5 8 4 6 3 10 9 8 10 9 
4903.94 4298.02 3983.17 4689.04 4963.66 4204.67 3338.85 4177.48 4585.23 3307.1 
0.97 0.62 0.89 0.13 0.67 0.14 0.25 0.72 0.21 0.09 
0.85 1.0 0.57 0.54 0.69 1.0 1.0 1.0 0.89 0.75 
0.74 1.0 0.54 0.79 0.62 0.68 0.7 1.0 0.63 0.57 
0.91 0.88 0.59 0.58 1.0 0.61 1.0 0.56 1.0 0.67 
0.8 0.79 1.0 0.52 0.56 0.8 0.89 0.5 0.91 0.56 
0.84 0.63 1.0 1.0 0.95 0.86 0.96 1.0 0.71 0.61 
0.38 0.44 0.18 0.13 0.23 0.29 0.6 0.28 0.36 0.1 
1571.36 863.39 903.36 482.37 1182.18 891.69 1030.22 952.52 1157.36 1059.9 
599.83 339.84 153.56 81.28 308.47 246.79 658.97 295.99 380.91 95.06 
7356.79 3816.95 4016.78 1911.86 5410.91 3958.43 4651.08 4262.59 5286.81 4799.5 
2499.14 1199.21 267.8 -93.59 1042.33 733.93 2794.83 979.94 1404.55 -24.69 
98.08 85.96 159.33 93.78 148.91 84.09 66.78 125.32 91.7 99.21 
14 12 34 13 28 12 9 23 13 18 
135 2 47 214 51 192 209 229 19 207 
159 188 125 240 129 240 233 240 240 240 
10
0.0 0.0 0.0 0.0 0.0 0.0 0.0 0.0 0.0 0.0 
100.0 100.0 0.0 0.0 100.0 100.0 0.0 100.0 100.0 0.0 
0 0 14 14 0 0 14 0 0 14 7 3 13 10 17 9 3 17 10 14 
0 0 14 14 0 0 14 0 0 14 7 3 13 10 17 9 3 17 10 14 
14 14 0 0 14 14 0 14 14 0 7 12 11 3 14 11 10 13 6 16 
14 14 0 0 14 14 0 14 14 0 7 12 11 3 14 11 10 13 6 16 
0 0 14 14 0 0 14 0 0 14 7 3 13 10 17 9 3 17 10 14 
0 0 14 14 0 0 14 0 0 14 7 3 13 10 17 9 3 17 10 14 
14 14 0 0 14 14 0 14 14 0 7 12 11 3 14 11 10 13 6 16 
0 0 14 14 0 0 14 0 0 14 7 3 13 10 17 9 3 17 10 14 
0 0 14 14 0 0 14 0 0 14 7 3 13 10 17 9 3 17 10 14 
14 14 0 0 14 14 0 14 14 0 7 12 11 3 14 11 10 13 6 16 
7 7 7 7 7 7 7 7 7 7 0 5 9 3 13 6 3 13 4 12 
3 3 12 12 3 3 12 3 3 12 5 0 10 8 14 6 1 14 7 11 
13 13 11 11 13 13 11 13 13 11 9 10 0 9 4 4 10 4 6 4 
10 10 3 3 10 10 3 10 10 3 3 8 9 0 13 8 7 12 3 13 
17 17 14 14 17 17 14 17 17 14 13 14 4 13 0 8 15 0 9 6 
9 9 11 11 9 9 11 9 9 11 6 6 4 8 8 0 6 8 5 5 
3 3 10 10 3 3 10 3 3 10 3 1 10 7 15 6 0 14 6 12 
17 17 13 13 17 17 13 17 17 13 13 14 4 12 0 8 14 0 9 6 
10 10 6 6 10 10 6 10 10 6 4 7 6 3 9 5 6 9 0 9 
14 14 16 16 14 14 16 14 14 16 12 11 4 13 6 5 12 6 9 0 
