10 593.42 0 1680 14 120
73.07 97.37 95.96 19.62 20.71 71.15 50.26 92.94 29.07 5.15 
49.4 62.16 17.91 29.34 65.5 78.19 44.49 76.7 76.9 86.33 
7 9 9 2 2 7 5 9 3 1 
1 2 3 4 5 6 7 8 9 10 
1 3 3 2 2 1 1 3 3 1 
2 2 2 2 2 2 2 2 2 2 
10 2 1 5 1 9 3 5 8 8 
4257.21 4162.72 3509.55 4382.46 3294.18 3895.61 4343.62 4293.63 3811.41 3775.98 
0.62 0.63 0.43 0.47 0.43 0.46 0.16 0.55 0.23 0.51 
0.88 0.57 0.52 0.54 0.74 0.87 1.0 1.0 1.0 1.0 
0.74 0.52 0.64 0.51 0.73 0.96 0.51 0.58 0.84 1.0 
0.86 0.58 0.84 0.89 0.57 0.69 0.86 0.99 0.8 0.73 
0.64 0.98 0.59 0.59 0.8 0.86 0.54 0.6 0.61 0.77 
0.99 0.55 0.75 0.68 0.68 0.74 0.56 0.61 0.67 0.84 
0.35 0.09 0.12 0.1 0.16 0.37 0.13 0.21 0.28 0.48 
2038.63 545.75 1245.76 785.24 1012.64 895.21 992.01 1068.91 1447.24 1618.42 
758.68 31.33 142.83 105.05 135.42 356.68 134.91 158.99 442.3 783.85 
9693.16 2228.75 5728.81 3426.18 4563.2 3976.03 4460.03 4844.56 6736.19 7592.08 
3293.4 -343.36 214.13 25.24 177.1 1283.41 174.54 294.95 1711.5 3419.27 
85.14 166.51 140.38 131.47 98.83 77.91 86.87 171.75 152.46 75.52 
6 17 15 12 9 5 6 18 16 5 
85 30 46 25 97 102 0 111 65 31 
120 69 85 37 109 114 12 120 120 43 
10
0.0 0.0 0.0 0.0 0.0 0.0 0.0 0.0 0.0 0.0 
0.0 100.0 0.0 100.0 100.0 100.0 0.0 100.0 0.0 100.0 
0 7 0 7 7 7 0 7 0 7 6 8 6 2 4 7 4 8 5 6 
7 0 7 0 0 0 7 0 7 0 6 7 9 5 2 5 5 6 2 1 
0 7 0 7 7 7 0 7 0 7 6 8 6 2 4 7 4 8 5 6 
7 0 7 0 0 0 7 0 7 0 6 7 9 5 2 5 5 6 2 1 
7 0 7 0 0 0 7 0 7 0 6 7 9 5 2 5 5 6 2 1 
7 0 7 0 0 0 7 0 7 0 6 7 9 5 2 5 5 6 2 1 
0 7 0 7 7 7 0 7 0 7 6 8 6 2 4 7 4 8 5 6 
7 0 7 0 0 0 7 0 7 0 6 7 9 5 2 5 5 6 2 1 
0 7 0 7 7 7 0 7 0 7 6 8 6 2 4 7 4 8 5 6 
7 0 7 0 0 0 7 0 7 0 6 7 9 5 2 5 5 6 2 1 
6 6 6 6 6 6 6 6 6 6 0 1 2 4 3 2 1 2 3 5 
8 7 8 7 7 7 8 7 8 7 1 0 3 6 5 2 3 1 4 6 
6 9 6 9 9 9 6 9 6 9 2 3 0 5 6 4 3 4 6 8 
2 5 2 5 5 5 2 5 2 5 4 6 5 0 2 5 2 6 3 4 
4 2 4 2 2 2 4 2 4 2 3 5 6 2 0 3 2 5 1 1 
7 5 7 5 5 5 7 5 7 5 2 2 4 5 3 0 2 1 3 4 
4 5 4 5 5 5 4 5 4 5 1 3 3 2 2 2 0 3 2 4 
8 6 8 6 6 6 8 6 8 6 2 1 4 6 5 1 3 0 4 6 
5 2 5 2 2 2 5 2 5 2 3 4 6 3 1 3 2 4 0 1 
6 1 6 1 1 1 6 1 6 1 5 6 8 4 1 4 4 6 1 0 
