130 6964.91 0 1680 14 120
63.02 39.36 23.73 47.08 98.33 40.91 42.75 15.81 65.36 74.54 98.75 74.06 83.93 95.65 94.97 68.0 41.82 80.26 18.08 8.08 76.51 92.16 7.79 73.84 38.08 91.55 39.0 56.77 95.51 83.65 57.34 26.02 97.7 31.69 70.69 20.23 27.05 37.67 36.5 28.66 17.28 75.8 48.4 36.13 28.03 97.73 4.66 87.49 91.98 83.72 42.86 98.08 63.46 68.09 20.28 18.96 92.51 54.13 82.39 48.61 62.17 71.65 6.25 81.81 75.71 70.75 26.34 27.79 2.12 18.9 35.67 4.19 87.67 6.92 31.71 43.07 46.77 85.37 92.37 61.85 73.5 51.74 83.49 86.59 35.66 31.12 63.57 24.48 79.85 53.82 15.64 72.32 14.01 7.92 51.06 84.45 4.45 85.93 91.4 6.84 3.92 82.11 52.91 93.47 53.03 18.69 65.26 15.56 60.87 30.18 27.22 26.66 8.65 7.93 93.54 2.82 25.68 35.67 62.01 19.04 14.43 82.52 73.42 82.19 34.56 36.31 68.21 37.24 46.72 83.67 
11.29 22.36 31.42 88.36 23.94 31.54 35.38 79.18 65.96 15.88 25.94 10.21 42.81 24.32 26.29 63.95 54.34 38.99 32.07 46.95 21.1 77.32 52.87 59.23 34.72 71.94 57.06 37.31 21.57 65.12 79.45 59.79 36.9 71.11 81.84 88.3 82.44 85.2 55.07 57.52 82.12 87.49 63.81 61.9 11.58 85.07 81.6 47.21 58.72 20.93 83.62 67.85 15.36 27.8 83.19 71.42 44.88 54.79 48.37 59.91 38.61 45.13 74.64 21.31 75.98 12.33 11.25 46.88 29.67 33.95 58.66 34.52 86.63 21.69 78.92 49.02 83.57 10.73 57.4 20.25 38.3 65.13 78.56 77.13 84.67 16.05 48.72 74.37 25.69 40.29 75.4 52.2 88.49 38.44 70.37 16.72 57.17 86.07 52.53 37.12 81.82 35.26 86.33 14.34 27.77 28.37 14.87 79.13 84.38 64.48 43.01 45.28 18.53 73.39 27.26 35.46 30.43 48.84 49.02 68.47 32.85 83.12 33.75 35.92 36.6 24.99 29.28 30.44 87.27 54.41 
6 4 3 5 9 4 4 2 6 7 9 7 8 9 9 7 4 8 2 1 7 9 1 7 4 9 4 6 9 8 6 3 9 3 7 2 3 4 4 3 2 7 5 4 3 9 1 8 9 8 4 9 6 7 2 2 9 5 8 5 6 7 1 8 7 7 3 3 1 2 4 1 8 1 3 4 5 8 9 6 7 5 8 8 4 3 6 3 8 5 2 7 2 1 5 8 1 8 9 1 1 8 5 9 5 2 6 2 6 3 3 3 1 1 9 1 3 4 6 2 2 8 7 8 4 4 7 4 5 8 
1 2 3 4 5 6 7 8 9 10 11 12 13 14 15 16 17 18 19 20 21 22 23 24 25 26 27 28 29 30 31 32 33 34 35 36 37 38 39 40 41 42 43 44 45 46 47 48 49 50 51 52 53 54 55 56 57 58 59 60 61 62 63 64 65 66 67 68 69 70 71 72 73 74 75 76 77 78 79 80 81 82 83 84 85 86 87 88 89 90 91 92 93 94 95 96 97 98 99 100 101 102 103 104 105 106 107 108 109 110 111 112 113 114 115 116 117 118 119 120 121 122 123 124 125 126 127 128 129 130 
3 1 3 3 3 1 1 2 3 3 3 3 2 3 3 3 1 2 2 2 3 3 2 3 1 3 1 3 3 2 3 3 3 3 3 2 3 1 1 3 2 3 3 1 3 3 2 2 3 2 1 3 3 3 2 2 3 3 2 3 3 3 2 2 3 3 3 3 2 2 1 2 2 2 3 1 3 2 3 3 3 3 2 2 1 3 3 3 2 3 2 3 2 2 3 2 2 2 3 2 2 2 3 3 3 2 3 2 3 3 3 3 2 2 3 2 3 1 3 2 2 2 3 2 1 1 3 1 3 2 
1 2 1 1 2 2 2 1 1 2 2 2 1 2 2 2 2 1 1 1 2 2 1 2 2 2 2 1 2 1 1 1 2 1 2 1 1 2 2 1 1 2 1 2 1 2 1 1 2 1 2 2 1 2 1 1 2 1 1 1 1 2 1 1 2 2 1 1 1 1 2 1 1 1 1 2 1 1 2 1 2 1 1 1 2 1 1 1 1 1 1 2 1 1 1 1 1 1 2 1 1 1 1 2 1 1 1 1 1 1 1 1 1 1 2 1 1 2 1 1 1 1 2 1 2 2 2 2 1 1 
3 3 7 8 3 6 2 7 2 6 5 9 4 1 6 2 9 5 6 9 7 1 4 10 4 9 1 7 2 9 7 8 1 8 7 7 4 7 4 8 8 4 4 1 1 2 7 5 6 7 7 8 6 10 3 1 7 1 10 2 1 4 4 10 7 8 1 6 3 5 6 5 7 9 3 8 3 10 10 3 1 3 10 4 6 5 1 7 9 4 5 8 5 2 6 6 1 3 10 10 10 5 4 5 2 9 5 2 6 1 7 9 1 9 8 1 7 5 10 8 5 9 6 8 8 1 10 2 3 10 
3389.35 3324.46 3822.98 3834.68 4296.51 3442.04 4184.75 3820.79 4113.91 3262.95 3495.69 4000.36 4721.14 3478.84 3503.59 3990.4 4059.82 3613.33 3446.65 3845.38 3812.05 3119.69 4758.77 4281.87 4459.76 4700.81 3943.24 3813.77 4232.93 3858.02 3816.19 3911.1 4022.39 3786.67 3809.83 3818.99 4597.79 3810.22 4770.24 3938.19 3730.91 4642.66 4615.65 3904.12 3999.53 4162.2 3809.02 3529.94 3381.4 3814.41 3821.95 3970.0 3238.82 4214.83 4639.31 4641.21 3809.61 4291.02 4219.02 3644.11 3860.93 4766.45 4506.38 4307.39 3818.75 3708.78 4392.88 3325.71 4792.65 3325.05 3356.24 3314.77 3812.54 4447.07 3998.83 3807.71 3663.82 4269.61 4522.62 3355.27 4360.81 4625.1 4536.79 4517.37 3509.37 3484.87 4779.92 3809.87 4338.63 4595.54 3615.07 3707.83 3348.37 4022.52 3514.78 3266.4 3474.42 3490.89 4369.3 4224.76 4307.36 3488.58 4508.64 3347.73 3781.51 4686.71 3213.69 3876.52 3352.17 3958.77 3810.94 3840.12 4445.66 4626.04 3696.02 3370.31 3816.91 3613.4 4298.45 3882.7 3452.18 4480.03 3290.58 3773.41 3799.39 4229.46 4534.42 3928.65 3649.5 4481.84 
0.41 0.4 0.26 0.68 0.34 0.58 0.07 0.23 0.16 0.47 0.8 0.49 0.29 0.73 0.37 0.31 0.64 0.91 0.52 0.44 0.26 0.88 0.28 0.3 0.28 0.8 0.88 0.28 0.15 0.58 0.35 0.84 0.68 0.66 0.35 0.29 0.28 0.23 0.29 0.83 0.82 0.28 0.28 0.67 0.74 0.23 0.25 0.84 0.46 0.33 0.24 0.74 0.51 0.12 0.4 0.74 0.22 0.72 0.25 0.08 0.78 0.28 0.28 0.39 0.31 0.83 0.89 0.22 0.4 0.92 0.2 0.69 0.28 0.74 0.4 0.74 0.35 0.38 0.29 0.37 0.77 0.36 0.14 0.27 0.23 0.77 0.8 0.33 0.68 0.29 0.76 0.71 0.55 0.32 0.13 0.51 0.87 0.39 0.26 0.14 0.14 0.51 0.29 0.59 0.23 0.58 0.66 0.18 0.41 0.88 0.24 0.33 0.84 0.75 0.68 0.78 0.23 0.5 0.16 0.8 0.8 0.59 0.6 0.67 0.64 0.8 0.34 0.13 0.39 0.4 
0.62 0.62 0.73 0.72 0.61 0.96 0.7 0.83 0.91 0.77 0.95 0.87 0.6 0.61 0.53 0.69 0.84 0.91 0.63 1.0 0.91 0.66 0.58 0.51 0.85 0.65 1.0 0.68 1.0 0.53 0.66 0.88 0.82 0.97 0.98 1.0 0.66 1.0 0.96 0.86 1.0 0.99 0.5 1.0 0.75 0.62 1.0 0.64 0.76 0.63 0.76 0.59 0.61 0.88 1.0 0.84 0.55 0.86 0.99 0.79 1.0 0.79 0.88 1.0 0.58 0.88 0.91 1.0 0.92 1.0 0.52 1.0 0.62 0.97 0.96 1.0 0.79 0.65 0.84 0.68 1.0 0.54 0.85 0.78 0.9 0.7 0.89 0.89 0.76 0.94 0.74 0.55 0.87 1.0 0.91 0.73 0.71 0.5 0.99 0.85 0.88 0.96 0.67 0.58 0.68 0.82 0.58 0.84 0.82 1.0 0.62 0.64 0.56 0.63 0.86 0.71 0.7 0.64 0.69 0.79 0.58 0.51 0.78 1.0 0.54 0.9 0.59 0.6 0.56 0.99 
0.87 0.92 0.8 1.0 0.67 0.65 1.0 1.0 0.59 0.52 0.76 0.96 0.94 0.89 0.71 0.7 0.87 0.79 0.52 0.59 0.94 0.95 0.97 0.67 1.0 0.68 0.68 0.98 0.99 0.75 0.79 1.0 0.53 1.0 0.7 0.66 0.99 0.76 0.69 0.53 0.91 0.9 0.99 0.57 0.82 0.5 0.86 0.97 0.62 0.84 0.75 1.0 0.62 0.54 0.98 1.0 0.89 0.87 0.68 0.63 0.83 0.67 0.61 0.64 0.78 1.0 1.0 0.67 1.0 0.54 0.78 0.6 1.0 0.69 0.99 1.0 0.96 0.77 0.92 1.0 0.64 0.85 0.77 0.98 0.87 0.84 0.55 0.6 0.71 0.89 0.83 0.64 0.79 0.52 0.74 0.99 0.97 1.0 0.76 0.51 0.63 0.68 0.64 0.68 0.75 0.54 0.75 0.52 0.55 0.94 0.61 0.77 0.71 0.71 0.77 0.67 0.64 0.58 0.98 0.72 0.95 0.95 0.92 0.72 0.98 0.76 0.77 0.55 0.58 0.9 
0.87 0.89 0.76 0.84 0.57 0.68 0.54 0.63 0.83 0.66 0.72 0.94 0.91 0.92 0.75 1.0 0.61 0.82 0.52 0.51 0.65 0.98 0.52 0.96 0.53 0.8 0.67 0.75 1.0 0.75 0.65 0.63 1.0 0.53 0.98 0.71 0.93 0.93 0.87 0.93 0.62 0.82 0.75 0.69 0.97 0.59 0.73 0.56 0.87 0.88 1.0 0.77 1.0 0.92 0.7 0.71 0.91 0.91 0.91 0.59 1.0 0.69 0.66 0.95 1.0 0.56 0.71 0.82 0.57 0.92 0.87 0.66 0.9 0.88 0.55 0.71 0.93 0.69 0.6 0.62 0.71 0.85 0.54 0.83 0.92 0.54 1.0 0.93 0.98 0.94 1.0 0.56 0.79 0.68 0.81 0.9 1.0 0.73 0.55 0.92 0.97 0.68 1.0 0.53 0.5 1.0 0.51 0.98 0.71 0.62 1.0 0.72 0.83 0.83 0.52 0.55 0.53 0.78 1.0 0.86 1.0 0.56 0.83 0.91 0.65 0.97 1.0 1.0 0.99 1.0 
0.97 0.56 0.53 0.92 0.5 0.86 0.82 0.92 0.73 0.77 0.66 1.0 0.98 0.63 1.0 1.0 0.64 0.83 0.78 0.57 0.95 0.62 0.76 1.0 0.58 0.64 1.0 1.0 0.57 0.68 0.84 0.56 0.84 0.62 1.0 1.0 0.73 0.9 0.69 0.81 1.0 0.81 0.63 0.5 1.0 0.99 1.0 0.5 0.61 0.68 0.91 0.92 0.5 0.87 0.84 0.71 0.59 1.0 1.0 0.83 0.68 0.77 0.83 0.63 0.63 0.71 0.94 0.58 0.69 0.85 0.81 0.76 0.62 0.74 0.85 0.9 0.69 0.57 0.53 0.56 0.74 0.75 0.89 0.76 0.54 0.91 0.77 0.86 1.0 0.78 0.51 0.65 0.79 0.68 0.51 0.58 0.51 0.57 1.0 1.0 0.54 0.86 0.69 1.0 0.91 0.82 0.74 1.0 0.93 0.98 1.0 0.72 0.59 0.78 1.0 1.0 0.58 0.79 0.96 0.59 0.97 0.5 0.51 0.69 0.72 0.56 0.62 0.94 0.67 0.77 
0.51 0.99 0.99 0.67 0.91 0.9 0.77 0.51 0.74 0.74 0.98 0.99 0.96 0.53 0.61 0.55 0.61 0.55 1.0 0.64 0.68 0.55 0.67 0.77 1.0 0.74 0.93 0.77 0.81 0.86 1.0 0.75 0.76 0.81 0.55 1.0 0.71 0.93 0.88 0.83 0.61 0.7 1.0 0.72 0.53 0.86 0.85 1.0 0.74 1.0 0.91 0.65 0.83 0.95 0.59 1.0 0.59 1.0 0.59 0.93 0.81 1.0 0.93 0.95 0.78 0.82 1.0 0.93 0.85 0.77 0.94 0.89 0.68 0.64 0.61 0.71 0.98 0.82 0.82 1.0 0.64 0.92 0.83 0.98 1.0 0.76 1.0 0.96 0.65 1.0 0.78 1.0 1.0 0.9 0.86 1.0 0.52 0.93 1.0 1.0 0.57 0.51 0.85 0.66 0.83 0.76 0.73 1.0 0.66 0.96 0.79 0.73 0.98 0.81 0.73 0.62 0.7 0.79 0.75 1.0 1.0 0.64 0.54 1.0 0.77 0.78 1.0 0.53 0.61 0.76 
0.23 0.28 0.23 0.38 0.1 0.33 0.24 0.25 0.24 0.15 0.33 0.77 0.48 0.17 0.17 0.26 0.18 0.27 0.13 0.11 0.36 0.21 0.15 0.26 0.26 0.17 0.42 0.39 0.46 0.17 0.29 0.23 0.28 0.26 0.37 0.47 0.32 0.59 0.35 0.29 0.35 0.42 0.24 0.14 0.32 0.16 0.53 0.18 0.19 0.32 0.47 0.27 0.16 0.36 0.34 0.43 0.16 0.68 0.36 0.23 0.45 0.28 0.27 0.36 0.22 0.29 0.6 0.3 0.31 0.32 0.27 0.27 0.24 0.28 0.27 0.45 0.48 0.16 0.2 0.23 0.21 0.27 0.26 0.47 0.38 0.22 0.38 0.41 0.34 0.62 0.24 0.13 0.43 0.22 0.24 0.38 0.18 0.19 0.42 0.4 0.17 0.19 0.25 0.14 0.19 0.27 0.12 0.43 0.19 0.55 0.3 0.19 0.19 0.23 0.25 0.16 0.1 0.18 0.48 0.29 0.53 0.09 0.17 0.45 0.19 0.29 0.28 0.16 0.13 0.53 
586.77 633.67 718.1 1354.03 816.22 1839.13 832.1 592.54 635.24 1463.21 758.47 888.96 615.59 1496.28 1324.87 735.81 626.85 936.11 1413.13 427.13 862.82 1630.11 866.08 1286.3 674.24 675.81 1670.21 806.21 886.99 667.51 832.87 997.82 1248.91 1526.0 867.71 836.06 679.47 670.19 783.85 1542.64 1275.96 858.32 730.11 1330.79 1237.02 793.05 830.25 861.98 1675.85 741.88 754.7 1162.75 1539.84 1075.69 676.53 1577.95 873.9 1204.03 1095.81 853.08 1585.29 736.08 650.09 1132.48 840.91 1272.88 1516.34 1264.22 531.78 735.4 1076.24 739.3 808.21 822.94 640.44 1194.05 546.98 930.61 1112.98 693.48 1542.74 667.22 848.0 1077.16 956.39 933.5 1805.33 770.55 557.29 857.74 818.97 1067.25 738.91 1481.4 1173.49 1976.83 1584.03 655.46 1131.13 865.6 1107.43 874.46 539.66 997.36 884.22 664.68 776.76 887.72 1424.13 1562.64 768.63 505.03 1406.69 654.2 1252.45 1439.65 677.89 777.61 994.24 1321.93 742.83 629.95 1768.6 1065.23 1138.27 1444.37 1009.22 780.57 692.96 1034.03 
144.15 168.48 191.93 482.14 62.51 596.17 147.94 116.81 181.24 241.37 236.86 655.3 297.12 313.92 243.93 208.98 60.58 221.27 173.92 51.56 299.64 334.69 168.58 307.76 194.02 123.56 721.93 316.46 404.38 102.3 227.03 253.42 320.24 419.5 289.53 415.81 210.98 383.5 287.95 448.99 459.01 417.8 173.58 187.33 398.86 126.98 402.93 145.15 302.77 227.69 373.6 368.4 190.08 335.53 219.73 737.02 168.35 781.61 349.96 178.33 725.82 164.57 174.0 460.6 228.5 299.17 910.78 370.03 155.06 262.04 300.76 187.48 197.72 209.16 197.86 550.96 276.82 149.53 227.8 130.49 299.46 205.52 279.75 423.58 414.62 200.94 566.28 284.06 152.42 555.68 225.73 112.27 344.12 304.0 307.11 654.96 244.63 124.83 437.49 361.99 181.82 181.48 168.11 146.94 204.71 227.04 93.66 356.77 256.53 859.1 222.73 81.65 316.47 143.75 359.93 238.06 87.95 124.2 434.43 467.93 384.1 70.9 371.55 469.65 245.55 429.42 270.92 131.85 102.87 564.88 
2433.83 2668.33 3090.48 6270.16 3581.12 8695.66 3660.52 2462.72 2676.21 6816.06 3292.33 3944.82 2577.97 6981.38 6124.33 3179.05 2634.26 4180.57 6565.67 1635.65 3814.09 7650.54 3830.39 5931.52 2871.2 2879.06 7851.03 3531.07 3934.97 2837.54 3664.33 4489.08 5744.57 7130.02 3838.54 3680.3 2897.33 2850.93 3419.26 7213.2 5879.79 3791.6 3150.55 6153.93 5685.08 3465.27 3651.23 3809.89 7879.23 3209.41 3273.52 5313.76 7199.22 4878.43 2882.63 7389.74 3869.49 5520.13 4979.06 3765.39 7426.44 3180.41 2750.45 5162.4 3704.53 5864.41 7081.69 5821.1 2158.88 3177.01 4881.18 3196.52 3541.06 3614.72 2702.2 5470.24 2234.91 4153.03 5064.89 2967.39 7213.68 2836.11 3740.02 4885.82 4281.96 4167.49 8526.63 3352.75 2286.44 3788.7 3594.85 4836.27 3194.54 6907.01 5367.46 9384.16 7420.16 2777.31 5155.66 3828.01 5037.15 3872.31 2198.32 4486.8 3921.1 2823.38 3383.79 3938.58 6620.67 7313.18 3343.13 2025.15 6533.45 2771.01 5762.27 6698.26 2889.43 3388.04 4471.22 6109.64 3214.15 2649.75 8342.99 4826.13 5191.37 6721.83 4546.11 3402.85 2964.81 4670.16 
220.75 342.42 459.64 1910.68 -187.47 2480.84 239.7 84.06 406.18 706.87 684.3 2776.52 985.58 1069.59 719.66 544.92 -197.09 606.37 369.62 -242.22 998.18 1173.46 342.92 1038.81 470.11 117.8 3109.67 1082.29 1521.91 11.51 635.13 767.11 1101.2 1597.49 947.66 1579.05 554.92 1417.51 939.76 1744.94 1795.05 1589.0 367.89 436.67 1494.29 134.9 1514.66 225.74 1013.84 638.47 1368.02 1341.98 450.39 1177.67 598.64 3185.12 341.77 3408.07 1249.82 391.63 3129.12 322.86 370.01 1803.01 642.49 995.86 4053.88 1350.16 275.3 810.19 1003.78 437.39 488.58 545.8 489.3 2254.79 884.11 247.66 638.98 152.47 997.29 527.6 898.76 1617.92 1573.1 504.7 2331.4 920.28 262.09 2278.41 628.64 61.36 1220.61 1020.01 1035.54 2774.8 723.15 124.14 1687.46 1309.93 409.12 407.42 340.56 234.69 523.54 635.21 -31.71 1283.85 782.63 3795.51 613.64 -91.76 1082.33 218.75 1299.63 690.28 -60.25 120.98 1672.13 1839.67 1420.48 -145.5 1357.76 1848.25 727.73 1647.08 854.58 159.24 14.34 2324.41 
135.57 66.49 152.92 153.39 171.86 68.84 83.69 114.62 164.56 130.52 139.83 160.01 141.63 139.15 140.14 159.62 81.2 108.4 103.4 115.36 152.48 124.79 142.76 171.27 89.2 188.03 78.86 152.55 169.32 115.74 152.65 156.44 160.9 151.47 152.39 114.57 183.91 76.2 95.4 157.53 111.93 185.71 184.63 78.08 159.98 166.49 114.27 105.9 135.26 114.43 76.44 158.8 129.55 168.59 139.18 139.24 152.38 171.64 126.57 145.76 154.44 190.66 135.19 129.22 152.75 148.35 175.72 133.03 143.78 99.75 67.12 99.44 114.38 133.41 159.95 76.15 146.55 128.09 180.9 134.21 174.43 185.0 136.1 135.52 70.19 139.39 191.2 152.39 130.16 183.82 108.45 148.31 100.45 120.68 140.59 97.99 104.23 104.73 174.77 126.74 129.22 104.66 180.35 133.91 151.26 140.6 128.55 116.3 134.09 158.35 152.44 153.6 133.37 138.78 147.84 101.11 152.68 72.27 171.94 116.48 103.57 134.4 131.62 113.2 75.99 84.59 181.38 78.57 145.98 134.46 
14 4 16 16 18 4 5 10 17 13 14 17 13 14 15 17 5 10 9 10 16 13 13 18 6 20 5 16 18 11 16 16 17 16 16 10 19 5 6 16 10 19 19 5 17 17 10 10 14 10 5 17 13 18 13 13 16 18 12 15 16 20 12 12 16 15 18 14 13 9 4 9 10 12 17 5 15 12 19 14 18 19 12 12 5 14 20 16 12 19 10 15 9 11 15 9 9 9 18 12 12 9 19 14 16 13 13 11 14 16 16 16 12 13 15 9 16 5 18 11 9 12 14 10 5 6 19 5 15 12 
109 94 69 66 33 58 111 62 78 67 111 109 102 63 99 20 92 80 31 5 91 103 111 100 8 75 86 53 64 45 0 59 102 92 98 26 74 34 48 15 88 74 69 23 118 37 41 77 105 45 52 63 57 18 23 24 52 63 6 14 118 103 16 6 112 105 28 0 9 56 94 37 73 17 44 24 117 12 21 0 91 98 64 63 9 86 70 57 104 44 90 94 106 49 48 10 79 43 35 88 24 117 61 22 87 114 49 99 13 93 90 17 90 93 16 34 43 93 73 5 70 14 19 49 5 50 47 58 80 67 
120 120 117 78 120 120 120 83 120 120 120 120 120 100 120 77 120 120 120 44 120 120 120 120 97 120 120 116 79 98 96 120 120 114 120 97 95 120 111 120 115 120 120 56 120 120 97 120 117 120 76 120 120 49 120 115 120 93 51 82 120 120 68 101 120 120 99 83 112 120 120 54 92 85 110 113 120 115 40 46 120 120 82 120 53 120 120 120 120 105 120 120 120 120 120 98 120 120 61 120 46 120 120 71 120 120 76 120 44 120 104 51 120 120 96 113 120 120 120 101 120 50 120 83 80 120 117 92 120 120 
10
0.0 0.0 0.0 0.0 0.0 0.0 0.0 0.0 0.0 0.0 
0.0 0.0 0.0 100.0 100.0 0.0 0.0 100.0 100.0 0.0 
0 0 0 7 7 0 0 7 7 0 4 3 2 7 7 3 3 5 6 5 7 5 6 7 7 6 4 6 2 3 5 8 3 6 3 8 4 4 6 7 6 4 7 5 7 6 6 6 4 4 5 8 5 5 2 9 5 7 7 6 6 8 4 5 6 5 7 5 6 5 5 6 5 6 7 5 2 3 2 2 4 2 8 1 6 4 6 6 7 4 5 5 8 8 6 2 5 5 5 4 5 6 6 2 6 6 4 8 7 2 5 6 7 6 4 2 4 5 7 5 3 3 1 5 6 2 2 4 5 5 2 8 5 6 3 3 5 3 7 7 
0 0 0 7 7 0 0 7 7 0 4 3 2 7 7 3 3 5 6 5 7 5 6 7 7 6 4 6 2 3 5 8 3 6 3 8 4 4 6 7 6 4 7 5 7 6 6 6 4 4 5 8 5 5 2 9 5 7 7 6 6 8 4 5 6 5 7 5 6 5 5 6 5 6 7 5 2 3 2 2 4 2 8 1 6 4 6 6 7 4 5 5 8 8 6 2 5 5 5 4 5 6 6 2 6 6 4 8 7 2 5 6 7 6 4 2 4 5 7 5 3 3 1 5 6 2 2 4 5 5 2 8 5 6 3 3 5 3 7 7 
0 0 0 7 7 0 0 7 7 0 4 3 2 7 7 3 3 5 6 5 7 5 6 7 7 6 4 6 2 3 5 8 3 6 3 8 4 4 6 7 6 4 7 5 7 6 6 6 4 4 5 8 5 5 2 9 5 7 7 6 6 8 4 5 6 5 7 5 6 5 5 6 5 6 7 5 2 3 2 2 4 2 8 1 6 4 6 6 7 4 5 5 8 8 6 2 5 5 5 4 5 6 6 2 6 6 4 8 7 2 5 6 7 6 4 2 4 5 7 5 3 3 1 5 6 2 2 4 5 5 2 8 5 6 3 3 5 3 7 7 
7 7 7 0 0 7 7 0 0 7 7 6 5 3 8 5 5 1 5 8 8 8 7 8 8 5 4 7 5 3 7 6 3 6 5 6 4 6 8 6 4 3 8 3 5 1 2 2 4 3 1 5 4 3 6 7 1 7 7 8 3 7 7 7 1 2 7 5 6 4 6 6 1 8 5 8 6 4 5 4 3 4 6 5 2 4 3 8 7 7 6 4 6 6 2 6 5 2 7 5 2 6 1 4 4 8 3 6 7 4 1 7 3 9 6 5 7 1 4 3 4 4 5 1 8 4 5 4 5 2 4 6 7 7 5 5 7 5 3 6 
7 7 7 0 0 7 7 0 0 7 7 6 5 3 8 5 5 1 5 8 8 8 7 8 8 5 4 7 5 3 7 6 3 6 5 6 4 6 8 6 4 3 8 3 5 1 2 2 4 3 1 5 4 3 6 7 1 7 7 8 3 7 7 7 1 2 7 5 6 4 6 6 1 8 5 8 6 4 5 4 3 4 6 5 2 4 3 8 7 7 6 4 6 6 2 6 5 2 7 5 2 6 1 4 4 8 3 6 7 4 1 7 3 9 6 5 7 1 4 3 4 4 5 1 8 4 5 4 5 2 4 6 7 7 5 5 7 5 3 6 
0 0 0 7 7 0 0 7 7 0 4 3 2 7 7 3 3 5 6 5 7 5 6 7 7 6 4 6 2 3 5 8 3 6 3 8 4 4 6 7 6 4 7 5 7 6 6 6 4 4 5 8 5 5 2 9 5 7 7 6 6 8 4 5 6 5 7 5 6 5 5 6 5 6 7 5 2 3 2 2 4 2 8 1 6 4 6 6 7 4 5 5 8 8 6 2 5 5 5 4 5 6 6 2 6 6 4 8 7 2 5 6 7 6 4 2 4 5 7 5 3 3 1 5 6 2 2 4 5 5 2 8 5 6 3 3 5 3 7 7 
0 0 0 7 7 0 0 7 7 0 4 3 2 7 7 3 3 5 6 5 7 5 6 7 7 6 4 6 2 3 5 8 3 6 3 8 4 4 6 7 6 4 7 5 7 6 6 6 4 4 5 8 5 5 2 9 5 7 7 6 6 8 4 5 6 5 7 5 6 5 5 6 5 6 7 5 2 3 2 2 4 2 8 1 6 4 6 6 7 4 5 5 8 8 6 2 5 5 5 4 5 6 6 2 6 6 4 8 7 2 5 6 7 6 4 2 4 5 7 5 3 3 1 5 6 2 2 4 5 5 2 8 5 6 3 3 5 3 7 7 
7 7 7 0 0 7 7 0 0 7 7 6 5 3 8 5 5 1 5 8 8 8 7 8 8 5 4 7 5 3 7 6 3 6 5 6 4 6 8 6 4 3 8 3 5 1 2 2 4 3 1 5 4 3 6 7 1 7 7 8 3 7 7 7 1 2 7 5 6 4 6 6 1 8 5 8 6 4 5 4 3 4 6 5 2 4 3 8 7 7 6 4 6 6 2 6 5 2 7 5 2 6 1 4 4 8 3 6 7 4 1 7 3 9 6 5 7 1 4 3 4 4 5 1 8 4 5 4 5 2 4 6 7 7 5 5 7 5 3 6 
7 7 7 0 0 7 7 0 0 7 7 6 5 3 8 5 5 1 5 8 8 8 7 8 8 5 4 7 5 3 7 6 3 6 5 6 4 6 8 6 4 3 8 3 5 1 2 2 4 3 1 5 4 3 6 7 1 7 7 8 3 7 7 7 1 2 7 5 6 4 6 6 1 8 5 8 6 4 5 4 3 4 6 5 2 4 3 8 7 7 6 4 6 6 2 6 5 2 7 5 2 6 1 4 4 8 3 6 7 4 1 7 3 9 6 5 7 1 4 3 4 4 5 1 8 4 5 4 5 2 4 6 7 7 5 5 7 5 3 6 
0 0 0 7 7 0 0 7 7 0 4 3 2 7 7 3 3 5 6 5 7 5 6 7 7 6 4 6 2 3 5 8 3 6 3 8 4 4 6 7 6 4 7 5 7 6 6 6 4 4 5 8 5 5 2 9 5 7 7 6 6 8 4 5 6 5 7 5 6 5 5 6 5 6 7 5 2 3 2 2 4 2 8 1 6 4 6 6 7 4 5 5 8 8 6 2 5 5 5 4 5 6 6 2 6 6 4 8 7 2 5 6 7 6 4 2 4 5 7 5 3 3 1 5 6 2 2 4 5 5 2 8 5 6 3 3 5 3 7 7 
4 4 4 7 7 4 4 7 7 4 0 1 3 5 2 2 2 5 3 0 2 0 2 2 2 3 3 2 3 4 1 5 4 3 2 4 3 1 2 4 4 4 3 4 5 6 5 5 3 4 6 5 3 4 2 5 6 3 3 1 5 4 0 1 5 5 3 3 2 3 1 2 6 1 4 0 2 3 4 3 3 4 5 4 5 3 5 1 3 0 2 3 5 4 5 2 2 5 1 2 5 2 6 4 4 1 5 5 3 4 6 2 5 2 1 3 0 5 5 4 3 3 3 5 2 4 2 3 2 5 3 5 1 2 2 2 1 2 5 3 
3 3 3 6 6 3 3 6 6 3 1 0 1 4 4 0 0 4 3 2 4 2 3 4 3 3 2 3 1 2 2 5 3 3 0 5 2 1 4 4 4 2 4 3 4 4 4 4 2 2 4 5 3 2 1 6 4 3 4 3 4 5 1 2 4 3 4 2 3 2 1 2 4 3 4 2 1 1 2 1 2 2 5 2 4 1 4 3 4 1 2 3 5 5 4 0 2 3 2 1 4 3 5 2 3 3 3 5 4 2 4 3 4 3 1 1 1 4 4 3 1 1 2 4 3 2 1 1 2 3 1 5 2 3 1 0 2 0 4 3 
2 2 2 5 5 2 2 5 5 2 3 1 0 4 5 1 1 3 3 3 5 3 4 5 5 3 2 4 0 1 3 5 1 4 1 5 2 2 5 4 4 2 5 2 4 4 3 3 1 1 3 5 2 2 1 6 3 4 5 4 3 5 3 3 3 2 5 2 4 2 2 3 3 4 4 3 1 1 1 0 2 1 6 1 3 1 4 4 5 2 3 3 5 5 3 1 3 3 4 2 3 3 4 1 3 4 2 5 5 1 3 4 4 5 2 0 3 3 4 2 0 1 1 3 4 1 0 1 3 2 0 5 3 4 0 1 3 0 4 4 
7 7 7 3 3 7 7 3 3 7 5 4 4 0 5 4 3 2 2 5 5 5 4 5 5 2 2 4 4 4 5 3 3 2 3 3 2 3 5 3 0 2 5 1 1 1 1 0 2 2 2 2 1 2 5 3 3 4 3 5 0 3 5 4 1 2 4 2 3 2 3 3 3 5 2 5 5 3 5 4 2 4 2 5 1 2 0 6 3 4 4 1 2 2 0 5 3 1 5 3 2 3 2 4 1 5 3 2 4 4 3 4 0 6 4 4 5 2 1 2 3 3 5 2 5 4 4 2 3 2 4 2 4 4 3 4 4 4 0 3 
7 7 7 8 8 7 7 8 8 7 2 4 5 5 0 4 4 7 3 1 0 1 1 0 0 3 4 1 5 6 1 3 6 3 4 3 4 3 0 3 4 5 0 5 4 7 6 6 4 5 7 4 4 5 5 4 7 1 2 1 5 3 2 2 6 6 1 3 2 4 2 2 7 1 4 2 5 5 6 5 5 6 4 6 6 4 5 1 2 2 2 4 4 3 6 4 3 6 1 3 6 2 7 6 4 1 7 4 2 6 7 1 5 0 3 5 2 7 5 5 5 5 6 7 0 6 5 4 3 6 6 4 1 1 4 4 2 4 5 2 
3 3 3 5 5 3 3 5 5 3 2 0 1 4 4 0 0 3 3 2 4 2 3 3 3 3 1 2 1 2 2 4 2 3 0 4 1 1 3 3 3 2 4 2 4 4 3 3 1 2 3 4 2 2 1 5 4 3 4 3 3 4 1 1 3 3 3 1 3 2 1 2 3 3 4 2 1 1 2 1 1 2 5 2 3 1 3 3 4 1 2 2 4 4 3 1 2 3 2 1 3 2 4 2 2 3 3 5 3 2 4 2 4 3 0 1 2 3 4 2 1 1 2 3 3 2 1 1 1 3 1 4 2 2 0 0 1 0 4 3 
3 3 3 5 5 3 3 5 5 3 2 0 1 3 4 0 0 3 2 2 4 2 2 3 3 2 1 2 1 2 2 4 2 2 0 4 1 1 3 3 3 2 3 2 3 4 3 3 1 1 3 4 2 1 1 5 4 3 3 3 3 4 2 1 3 3 3 1 2 1 1 2 3 2 3 2 2 1 2 1 1 2 4 2 3 0 3 3 3 1 2 2 4 4 3 1 1 3 2 0 3 2 4 2 2 3 3 4 3 2 4 2 3 3 0 1 2 3 3 2 1 1 2 3 3 2 1 1 1 2 2 4 2 2 0 0 1 0 3 3 
5 5 5 1 1 5 5 1 1 5 5 4 3 2 7 3 3 0 3 6 7 6 5 6 6 3 2 5 3 2 6 5 1 4 3 5 2 4 7 4 2 1 6 1 3 0 0 1 2 1 0 4 2 1 4 5 0 5 5 6 1 5 5 5 0 0 6 3 5 2 4 4 0 6 4 6 4 2 3 3 2 3 5 4 1 2 2 6 5 5 5 2 4 5 1 4 4 0 5 3 0 4 0 2 2 6 1 5 5 3 0 5 2 7 4 3 5 0 3 1 2 2 4 0 6 3 3 2 3 0 3 4 5 5 3 4 5 3 2 5 
6 6 6 5 5 6 6 5 5 6 3 3 3 2 3 3 2 3 0 3 3 4 2 3 3 0 1 2 4 4 3 2 4 0 2 1 1 2 3 1 1 2 3 2 1 3 2 2 2 2 3 1 1 2 4 2 4 2 1 3 2 2 3 2 3 3 2 1 1 1 1 1 4 3 1 3 4 3 5 4 2 4 2 5 2 2 1 4 2 3 2 0 1 1 2 4 1 2 3 2 3 1 4 4 1 3 4 2 2 4 4 2 1 4 2 4 3 3 1 2 3 3 5 4 3 4 3 2 1 3 4 1 2 2 3 3 2 3 2 1 
5 5 5 8 8 5 5 8 8 5 0 2 3 5 1 2 2 6 3 0 1 0 2 1 1 3 3 1 4 5 0 4 5 3 2 4 3 1 1 3 4 4 2 4 4 6 5 5 3 4 6 5 3 4 3 5 6 2 3 0 5 4 0 0 6 5 2 3 2 3 1 2 6 0 4 0 3 4 5 4 4 5 5 4 5 3 5 0 3 0 1 3 4 4 5 3 2 5 0 2 5 2 6 5 4 0 5 5 2 5 6 1 5 1 1 4 0 6 4 4 3 4 4 6 1 5 3 3 2 5 4 4 1 1 3 2 1 2 5 2 
7 7 7 8 8 7 7 8 8 7 2 4 5 5 0 4 4 7 3 1 0 2 1 0 0 3 4 1 5 6 1 3 6 2 4 3 4 3 0 2 4 5 0 5 4 7 6 6 4 5 7 4 4 5 5 4 7 1 2 1 5 2 2 2 6 6 1 3 1 4 2 2 7 1 3 2 5 5 6 5 5 6 4 6 6 4 5 1 2 2 2 4 3 3 6 4 2 6 1 3 6 2 7 6 4 1 7 4 1 6 7 1 5 0 3 5 2 7 4 5 5 5 6 7 0 6 5 4 3 6 6 4 1 1 4 4 2 4 5 2 
5 5 5 8 8 5 5 8 8 5 0 2 3 5 1 2 2 6 4 0 2 0 2 1 1 3 3 2 4 5 0 4 5 3 3 4 4 2 1 3 5 4 2 5 5 6 6 5 4 4 6 5 4 4 3 5 7 2 3 1 5 4 0 1 6 5 2 3 2 3 2 2 6 0 4 0 3 4 5 4 4 5 5 4 5 3 5 0 3 1 2 4 4 4 5 3 2 5 1 2 6 3 7 5 4 0 5 5 3 5 7 1 5 1 1 4 0 6 5 4 4 4 4 6 1 5 3 3 2 5 4 5 1 1 3 2 1 3 5 3 
6 6 6 7 7 6 6 7 7 6 2 3 4 4 1 3 2 5 2 2 1 2 0 1 1 1 3 0 4 5 1 2 5 1 3 2 3 1 1 1 3 4 1 4 2 5 4 4 3 4 5 3 2 3 4 3 6 0 1 1 4 2 2 1 5 5 0 2 0 2 1 0 5 1 2 2 4 4 5 4 3 5 3 5 4 2 3 2 1 2 0 2 2 2 4 4 1 4 1 2 5 1 5 5 3 1 5 3 0 5 6 0 3 2 2 4 2 5 3 4 4 4 5 5 1 5 4 3 1 4 5 2 0 0 3 3 1 3 4 0 
7 7 7 8 8 7 7 8 8 7 2 4 5 5 0 3 3 6 3 1 0 1 1 0 0 3 4 1 5 6 1 3 6 2 4 3 4 2 0 3 4 5 0 5 4 7 6 6 4 5 6 4 4 5 4 4 7 1 2 0 5 3 2 1 6 6 1 3 1 4 2 2 7 1 3 1 5 5 6 5 4 6 4 6 6 4 5 1 2 2 1 4 3 3 6 4 2 6 1 3 6 2 7 6 4 0 6 4 2 6 7 1 5 0 3 5 2 6 4 5 5 5 6 7 0 6 5 4 2 6 5 4 1 1 4 4 1 4 5 2 
7 7 7 8 8 7 7 8 8 7 2 3 5 5 0 3 3 6 3 1 0 1 1 0 0 3 4 1 5 6 1 3 6 2 4 3 4 2 0 2 4 5 0 5 4 6 6 5 4 5 6 4 4 4 4 4 7 1 2 0 5 2 2 1 6 6 1 3 1 4 2 2 7 1 3 1 5 5 6 5 4 6 4 6 5 4 5 1 2 2 1 4 3 3 5 4 2 6 1 3 6 2 7 6 4 1 6 4 1 6 7 1 5 0 2 5 2 6 4 5 4 5 6 7 0 6 4 4 2 6 5 4 1 1 4 4 1 4 5 2 
6 6 6 5 5 6 6 5 5 6 3 3 3 2 3 3 2 3 0 3 3 3 1 3 3 0 1 1 4 4 3 1 4 0 2 1 2 2 3 1 1 3 2 2 1 3 3 2 2 2 3 1 1 2 4 2 4 1 1 3 2 2 3 2 3 3 2 1 1 1 1 1 4 3 1 3 4 3 5 4 2 5 2 5 2 2 2 3 1 3 1 1 1 1 2 4 1 3 2 1 3 0 4 4 1 3 4 2 1 4 4 2 1 3 2 4 3 3 1 2 3 3 5 4 3 5 3 2 1 3 4 1 2 2 3 3 2 3 2 1 
4 4 4 4 4 4 4 4 4 4 3 2 2 2 4 1 1 2 1 3 4 3 3 4 4 1 0 2 2 2 3 3 2 2 1 3 0 1 4 3 2 1 4 1 2 2 2 2 0 0 2 3 0 0 3 4 3 3 3 3 2 4 3 2 2 2 3 0 2 0 1 2 2 3 2 3 3 1 3 2 0 3 4 3 1 0 2 4 3 2 2 1 3 3 2 2 1 1 3 1 2 2 3 2 1 4 2 3 3 2 3 3 2 4 2 2 3 2 2 1 1 1 3 2 4 3 2 0 1 1 2 3 2 3 1 2 2 1 2 2 
6 6 6 7 7 6 6 7 7 6 2 3 4 4 1 2 2 5 2 1 1 2 0 1 1 1 2 0 4 5 1 2 5 1 3 2 3 1 1 1 3 4 1 4 3 5 4 4 3 3 5 3 2 3 4 3 6 0 1 1 4 2 2 1 5 4 0 2 0 2 1 0 5 1 2 2 4 3 5 4 3 5 3 5 4 2 3 2 1 1 0 2 2 2 4 3 1 4 0 1 5 1 5 5 3 1 5 3 1 5 6 0 3 1 2 4 2 5 3 4 3 3 5 5 1 5 3 3 1 4 4 3 0 0 3 3 1 3 4 1 
2 2 2 5 5 2 2 5 5 2 3 1 0 4 5 1 1 3 4 4 5 4 4 5 5 4 2 4 0 1 4 6 1 4 1 5 2 2 5 5 4 2 5 2 5 4 3 4 2 1 3 5 3 2 1 6 3 5 5 4 4 6 3 3 3 2 5 3 4 2 3 3 3 4 5 4 1 1 1 0 2 1 6 1 3 2 4 5 5 3 3 3 5 5 3 1 3 3 4 2 3 4 4 0 3 4 2 6 5 0 3 4 4 5 2 0 3 3 4 2 1 1 1 3 5 1 0 1 3 2 0 5 3 4 1 1 3 1 4 4 
3 3 3 3 3 3 3 3 3 3 4 2 1 4 6 2 2 2 4 5 6 5 5 6 6 4 2 5 1 0 5 6 0 4 2 6 2 3 6 5 4 1 6 2 5 3 2 3 2 1 2 5 3 2 2 6 2 5 6 5 3 6 4 4 2 1 6 3 5 3 3 4 1 5 5 5 2 1 1 1 2 0 6 1 2 2 3 6 6 4 4 3 5 6 3 2 3 2 5 3 2 4 2 0 3 5 0 6 5 0 2 5 4 6 3 1 4 2 4 2 1 1 2 1 6 0 1 1 3 1 1 5 4 5 2 2 4 2 3 5 
5 5 5 7 7 5 5 7 7 5 1 2 3 5 1 2 2 6 3 0 1 0 1 1 1 3 3 1 4 5 0 4 5 2 2 3 3 1 1 3 4 4 1 4 4 6 5 5 3 4 6 4 3 4 3 4 6 2 2 0 5 3 1 0 5 5 2 2 1 3 1 1 6 0 3 0 3 3 5 4 3 5 4 4 5 3 4 0 2 1 1 3 4 4 5 3 2 5 0 2 5 2 6 5 3 0 5 4 2 5 6 1 4 1 1 4 0 6 4 4 3 3 4 6 1 5 3 3 2 5 4 4 0 1 3 2 0 2 5 2 
8 8 8 6 6 8 8 6 6 8 5 5 5 3 3 4 4 5 2 4 3 4 2 3 3 1 3 2 6 6 4 0 6 1 4 0 4 3 3 1 2 4 2 4 1 5 4 3 4 4 5 1 3 4 6 0 6 2 1 4 3 0 4 3 5 5 2 3 2 3 3 2 6 4 1 4 6 5 7 6 4 6 0 7 4 4 3 4 1 4 3 3 0 0 4 6 2 4 3 3 5 2 5 6 2 4 6 0 1 6 6 3 2 4 4 6 4 5 2 4 5 5 7 6 3 7 5 4 2 5 6 0 3 3 5 5 3 5 3 1 
3 3 3 3 3 3 3 3 3 3 4 3 1 3 6 2 2 1 4 5 6 5 5 6 6 4 2 5 1 0 5 6 0 4 2 6 2 3 6 5 4 1 6 2 4 2 2 3 2 1 2 5 3 2 3 6 2 5 6 5 3 6 4 4 2 1 6 3 5 2 4 4 1 5 5 5 3 1 1 1 2 1 6 2 2 2 3 6 6 4 4 3 5 5 3 3 3 1 5 3 1 4 2 1 3 6 0 6 5 1 2 5 4 6 3 1 4 1 4 1 1 1 2 1 6 1 2 2 3 1 1 5 4 5 2 2 4 2 3 5 
6 6 6 6 6 6 6 6 6 6 3 3 4 2 3 3 2 4 0 3 2 3 1 2 2 0 2 1 4 4 2 1 4 0 3 1 2 1 3 0 1 3 2 3 1 4 3 3 2 3 4 2 1 2 4 2 5 1 1 2 2 1 3 2 4 4 1 1 0 1 1 1 4 2 1 3 4 3 5 4 2 5 2 5 3 2 2 3 1 2 1 1 1 1 3 4 1 3 2 1 4 0 4 4 1 3 4 2 1 5 5 1 2 3 2 4 3 4 2 3 3 3 5 4 2 5 4 2 1 3 4 1 1 1 3 3 2 3 2 0 
3 3 3 5 5 3 3 5 5 3 2 0 1 3 4 0 0 3 2 2 4 3 3 4 4 2 1 3 1 2 2 4 2 3 0 4 1 1 4 3 3 1 4 2 4 4 3 3 1 1 3 4 2 1 1 5 4 3 4 3 3 4 2 2 3 2 3 1 3 1 1 2 3 3 3 2 1 1 2 1 1 2 5 2 3 1 3 3 4 1 2 2 4 4 3 1 2 2 3 1 3 2 4 2 2 3 2 5 4 2 4 3 3 4 1 1 2 3 3 2 0 1 2 3 3 2 0 1 1 2 1 4 2 3 0 0 2 0 3 3 
8 8 8 6 6 8 8 6 6 8 4 5 5 3 3 4 4 5 1 4 3 4 2 3 3 1 3 2 5 6 3 0 6 1 4 0 3 3 3 0 2 4 2 4 1 5 4 3 4 4 5 1 3 4 6 1 6 1 0 3 3 0 4 3 5 5 1 2 1 3 3 2 6 3 1 4 6 4 7 5 4 6 1 7 4 3 3 4 1 4 2 2 0 0 4 5 2 4 3 3 5 1 5 6 2 3 6 1 1 6 6 2 2 4 4 6 4 5 2 4 5 5 7 5 3 6 5 4 2 5 6 1 3 2 4 5 3 4 3 1 
4 4 4 4 4 4 4 4 4 4 3 2 2 2 4 1 1 2 1 3 4 4 3 4 4 2 0 3 2 2 3 4 2 2 1 3 0 1 4 3 2 0 4 1 2 2 2 2 0 0 2 3 0 0 3 4 3 3 3 4 1 4 3 2 2 1 3 1 3 0 2 2 2 3 2 3 3 1 3 2 0 2 4 3 1 0 1 4 3 3 2 1 3 3 1 2 1 1 3 1 2 2 2 2 1 4 2 3 3 2 3 3 2 4 2 2 3 2 2 0 1 1 3 2 4 3 2 0 1 1 2 3 2 3 1 2 2 1 2 3 
4 4 4 6 6 4 4 6 6 4 1 1 2 3 3 1 1 4 2 1 3 2 1 2 2 2 1 1 2 3 1 3 3 1 1 3 1 0 2 2 3 2 2 3 3 4 3 3 1 2 4 3 1 2 2 4 4 2 2 2 3 3 1 1 4 3 2 1 1 1 0 1 4 2 3 2 2 2 3 2 2 3 4 3 3 1 3 2 2 1 1 2 3 3 3 2 0 3 1 0 4 1 4 3 2 2 3 4 2 3 4 1 3 3 0 2 1 4 3 2 2 2 3 4 2 3 2 1 0 3 3 3 1 1 1 1 0 1 3 2 
6 6 6 8 8 6 6 8 8 6 2 4 5 5 0 3 3 7 3 1 0 1 1 0 0 3 4 1 5 6 1 3 6 3 4 3 4 2 0 3 4 5 1 5 4 7 6 6 4 5 7 4 4 5 4 4 7 1 2 0 5 3 2 2 6 6 1 3 2 4 2 2 7 0 4 1 4 5 6 5 5 6 4 6 6 4 5 1 2 2 1 4 4 4 6 4 2 6 1 3 6 2 7 6 4 0 6 4 2 6 7 1 5 0 3 5 2 7 5 5 5 5 6 7 0 6 5 4 3 6 5 4 1 1 4 4 2 4 5 2 
7 7 7 6 6 7 7 6 6 7 4 4 4 3 3 3 3 4 1 3 2 3 1 3 2 1 3 1 5 5 3 1 5 0 3 0 3 2 3 0 2 4 2 3 1 4 4 3 3 3 4 1 2 3 5 1 5 1 0 3 3 1 3 2 4 4 1 2 1 2 2 1 5 3 0 3 5 4 6 5 3 6 1 6 3 3 2 3 0 3 2 2 0 0 3 5 1 4 2 2 4 1 5 5 2 3 5 1 1 5 5 2 2 3 3 5 3 4 2 3 4 4 6 5 2 6 4 3 1 4 5 1 2 2 4 4 2 4 3 0 
6 6 6 4 4 6 6 4 4 6 4 4 4 0 4 3 3 2 1 4 4 5 3 4 4 1 2 3 4 4 4 2 4 1 3 2 2 3 4 2 0 2 4 1 0 2 2 1 2 2 2 1 1 1 5 2 3 3 2 4 1 3 4 3 2 2 3 1 2 1 2 2 3 4 1 4 5 3 5 4 2 4 2 5 1 2 0 5 2 4 3 1 1 2 1 4 2 2 4 2 2 2 3 4 0 4 4 2 3 4 3 3 0 5 3 4 4 2 0 2 3 3 5 3 4 5 4 2 2 2 4 1 3 3 3 4 3 3 0 2 
4 4 4 3 3 4 4 3 3 4 4 2 2 2 5 2 2 1 2 4 5 4 4 5 5 3 1 4 2 1 4 4 1 3 1 4 0 2 5 4 2 0 5 0 3 2 1 1 0 0 1 4 1 0 3 5 2 4 4 4 2 5 4 3 1 0 4 2 4 1 2 3 1 4 3 4 3 0 2 1 0 2 4 3 1 1 2 5 4 3 3 1 4 4 1 3 2 1 4 2 1 3 2 1 1 5 1 4 4 2 2 4 2 5 2 2 4 1 3 0 1 1 3 1 5 2 2 1 2 0 2 4 3 4 1 2 3 2 2 4 
7 7 7 8 8 7 7 8 8 7 3 4 5 5 0 4 3 6 3 2 0 2 1 0 0 2 4 1 5 6 1 2 6 2 4 2 4 2 1 2 4 5 0 5 3 6 6 5 4 5 6 3 4 4 5 3 7 1 1 1 5 2 2 2 6 6 0 3 1 3 2 1 7 1 3 2 5 5 6 5 4 6 3 6 5 3 4 2 1 2 1 3 3 2 5 4 2 5 1 3 6 2 7 6 4 1 6 3 1 6 7 1 4 1 3 5 2 6 4 5 5 5 6 6 0 6 5 4 2 6 5 3 1 1 4 4 2 4 5 1 
5 5 5 3 3 5 5 3 3 5 4 3 2 1 5 2 2 1 2 4 5 5 4 5 5 2 1 4 2 2 4 4 2 3 2 4 1 3 5 3 1 0 5 0 2 1 0 1 1 0 1 3 1 0 4 4 2 4 4 5 1 4 4 4 1 0 4 1 3 1 3 3 1 5 3 5 4 1 3 2 0 3 4 3 0 1 1 5 4 4 3 1 3 3 1 3 2 0 4 2 1 3 1 2 1 5 2 4 4 3 2 4 1 5 3 3 4 1 2 0 2 1 4 1 5 3 2 1 2 0 2 3 4 4 2 3 3 2 1 3 
7 7 7 5 5 7 7 5 5 7 5 4 4 1 4 4 3 3 1 4 4 5 2 4 4 1 2 3 5 5 4 1 4 1 4 1 2 3 4 1 0 3 3 2 0 3 3 2 3 3 3 0 2 2 5 1 4 2 2 4 1 2 4 3 3 3 3 2 2 2 3 2 4 4 0 4 5 3 6 5 2 5 1 6 2 3 1 5 2 4 3 1 0 1 2 5 2 3 4 3 3 2 4 5 1 4 5 1 2 5 4 3 1 5 4 5 4 3 0 3 4 4 6 4 4 5 4 3 2 3 5 0 3 3 4 4 3 4 1 2 
6 6 6 1 1 6 6 1 1 6 6 4 4 1 7 4 4 0 3 6 7 6 5 7 6 3 2 5 4 3 6 5 2 4 4 5 2 4 7 4 2 2 6 1 3 0 0 1 2 2 0 3 2 2 5 5 1 5 5 6 1 5 6 5 0 1 6 3 5 2 4 4 1 6 4 6 5 3 4 3 2 4 4 4 1 3 1 7 5 5 5 2 4 4 1 5 4 1 6 4 0 4 0 3 2 6 2 4 5 3 1 5 2 7 4 4 6 0 2 1 3 3 5 1 6 3 4 3 4 1 3 4 5 5 3 4 5 4 1 5 
6 6 6 2 2 6 6 2 2 6 5 4 3 1 6 3 3 0 2 5 6 6 4 6 6 3 2 4 3 2 5 4 2 3 3 4 2 3 6 4 2 1 6 0 3 0 0 0 2 1 0 3 2 1 5 5 1 4 4 5 1 5 5 4 0 0 5 2 4 2 4 4 1 5 3 5 5 2 4 3 1 3 4 4 0 2 1 6 4 5 4 2 4 4 0 4 3 0 5 3 0 3 1 3 1 6 2 4 5 3 1 5 1 6 4 3 5 0 2 1 2 2 4 1 6 3 3 2 3 1 3 3 4 5 3 4 4 3 1 4 
6 6 6 2 2 6 6 2 2 6 5 4 3 0 6 3 3 1 2 5 6 5 4 6 5 2 2 4 4 3 5 3 3 3 3 3 2 3 6 3 1 1 5 1 2 1 0 0 2 2 1 2 1 1 5 4 2 4 4 5 0 4 5 4 1 1 4 2 4 1 3 3 2 5 2 5 5 2 4 3 1 4 3 5 0 2 0 6 4 4 4 1 3 3 0 4 3 1 5 3 1 3 1 3 1 5 3 3 4 4 2 4 1 6 4 4 5 1 1 1 3 2 5 2 5 4 4 2 3 1 4 3 4 4 3 4 4 3 0 3 
4 4 4 4 4 4 4 4 4 4 3 2 1 2 4 1 1 2 2 3 4 4 3 4 4 2 0 3 2 2 3 4 2 2 1 4 0 1 4 3 2 0 4 1 3 2 2 2 0 0 2 3 1 0 3 4 2 3 3 4 2 4 3 2 2 1 4 1 3 0 2 2 2 4 3 3 3 0 3 1 0 2 4 3 1 0 2 4 3 3 2 1 3 3 2 2 1 1 3 1 2 2 2 2 1 4 2 4 3 2 3 3 2 5 2 2 3 2 2 0 1 0 3 2 4 2 1 0 1 1 2 3 3 3 1 2 2 1 2 3 
4 4 4 3 3 4 4 3 3 4 4 2 1 2 5 2 1 1 2 4 5 4 4 5 5 2 0 3 1 1 4 4 1 3 1 4 0 2 5 3 2 0 5 0 3 2 1 2 0 0 1 3 1 0 3 5 2 4 4 4 2 5 3 3 1 1 4 1 3 1 2 3 2 4 3 4 3 0 2 1 0 2 4 2 1 1 2 5 4 3 3 1 4 4 2 2 2 1 4 2 1 3 2 2 1 4 1 4 4 2 2 4 2 5 2 2 4 1 2 0 1 0 3 1 5 2 1 0 2 1 2 4 3 4 1 2 3 2 2 3 
5 5 5 1 1 5 5 1 1 5 6 4 3 2 7 3 3 0 3 6 7 6 5 6 6 3 2 5 3 2 6 5 2 4 3 5 2 4 7 4 2 1 6 1 3 0 0 1 2 1 0 4 2 1 5 5 0 5 5 6 1 5 5 5 0 0 5 3 5 2 4 4 0 6 4 6 5 2 3 3 2 3 5 4 1 2 2 7 5 5 5 2 4 4 1 4 4 0 6 3 0 4 0 3 2 6 2 4 5 3 0 5 2 7 4 3 5 0 3 1 2 2 4 0 6 3 3 2 3 0 3 4 5 5 3 4 5 3 2 5 
8 8 8 5 5 8 8 5 5 8 5 5 5 2 4 4 4 4 1 5 4 5 3 4 4 1 3 3 5 5 4 1 5 2 4 1 3 3 4 1 1 4 3 3 0 3 3 2 3 3 4 0 2 3 6 1 5 2 2 4 2 2 5 4 3 4 3 2 2 2 3 3 5 4 0 5 6 4 6 5 3 6 0 6 3 3 2 5 2 4 3 2 0 1 2 6 2 3 4 3 4 2 4 5 2 5 5 0 2 6 5 3 1 5 4 5 5 4 1 3 4 4 6 4 4 6 5 3 2 4 5 0 3 3 4 5 4 4 2 2 
5 5 5 4 4 5 5 4 4 5 3 3 2 1 4 2 2 2 1 3 4 4 2 4 4 1 0 2 3 3 3 3 3 1 2 3 0 1 4 2 1 1 4 1 2 2 2 1 1 1 2 2 0 0 4 3 3 3 3 3 1 3 3 2 2 2 3 0 2 0 2 2 3 3 2 4 4 1 4 2 0 3 3 4 1 1 1 4 3 3 2 0 2 2 1 3 1 1 3 1 2 1 3 3 0 4 3 3 3 3 3 3 1 4 2 3 3 2 1 1 2 2 4 2 4 3 2 1 1 2 3 2 2 3 2 2 2 2 1 2 
5 5 5 3 3 5 5 3 3 5 4 2 2 2 5 2 1 1 2 4 5 4 3 5 4 2 0 3 2 2 4 4 2 2 1 4 0 2 5 3 1 0 4 0 2 2 1 1 0 0 1 3 0 0 3 4 2 3 3 4 1 4 3 3 1 1 4 1 3 0 2 2 2 4 3 4 3 1 3 2 0 3 4 3 1 1 1 5 4 3 3 1 3 3 1 3 2 1 4 1 1 2 2 2 1 4 2 3 4 2 2 3 2 5 2 2 3 1 2 0 1 1 3 2 4 3 2 0 2 1 2 3 3 3 1 2 3 2 1 3 
2 2 2 6 6 2 2 6 6 2 2 1 1 5 5 1 1 4 4 3 5 3 4 4 4 4 3 4 1 2 3 6 3 4 1 6 3 2 4 5 5 3 5 4 5 5 5 5 3 3 5 6 4 3 0 7 5 4 5 4 5 6 2 3 5 4 5 3 4 3 3 3 4 3 5 3 0 2 2 1 3 2 6 1 4 2 5 4 5 2 3 4 6 6 5 0 3 4 3 2 4 4 5 2 4 4 3 6 5 2 5 4 5 4 2 1 2 4 5 3 2 2 1 4 4 2 1 2 3 4 1 6 3 4 1 1 3 1 5 5 
9 9 9 7 7 9 9 7 7 9 5 6 6 3 4 5 5 5 2 5 4 5 3 4 4 2 4 3 6 6 4 0 6 2 5 1 4 4 4 1 2 5 3 4 1 5 5 4 4 5 5 1 3 4 7 0 6 2 1 4 3 1 5 4 5 5 2 3 2 3 4 3 6 4 1 5 7 5 7 6 4 7 0 7 4 4 3 5 2 5 3 3 1 0 4 6 3 5 4 4 5 2 5 7 3 4 6 0 2 7 6 3 3 5 5 6 5 5 2 5 5 5 7 6 4 7 6 5 3 5 7 1 4 3 5 6 4 5 3 2 
5 5 5 1 1 5 5 1 1 5 6 4 3 3 7 4 4 0 4 6 7 7 6 7 7 4 3 6 3 2 6 6 2 5 4 6 3 4 7 5 3 2 7 2 4 1 1 2 2 2 0 5 3 2 5 6 0 6 6 7 2 6 6 5 1 1 6 4 6 3 5 5 0 6 5 6 5 2 3 3 2 3 5 4 1 3 3 7 6 5 5 3 5 5 2 5 4 1 6 4 0 5 0 3 3 7 1 5 6 3 0 6 3 7 5 3 6 0 4 2 3 3 4 0 7 3 3 3 4 1 3 5 5 6 3 4 5 4 3 5 
7 7 7 7 7 7 7 7 7 7 3 3 4 4 1 3 3 5 2 2 1 2 0 1 1 1 3 0 5 5 2 2 5 1 3 1 3 2 1 1 3 4 1 4 2 5 4 4 3 4 5 2 3 3 4 2 6 0 0 1 4 1 2 1 5 5 0 2 0 2 1 1 6 1 2 2 5 4 6 4 3 6 2 6 4 3 3 2 0 2 1 2 2 2 4 4 1 4 1 2 5 1 6 5 3 2 5 2 0 5 6 0 3 2 2 5 2 5 3 4 4 4 5 5 1 6 4 3 1 5 5 2 1 0 3 3 1 3 4 0 
7 7 7 7 7 7 7 7 7 7 3 4 5 3 2 4 3 5 1 3 2 3 1 2 2 1 3 1 5 6 2 1 6 1 4 0 3 2 2 0 2 4 1 4 2 5 4 4 3 4 5 2 3 3 5 1 6 0 0 2 3 0 3 2 5 5 0 2 1 3 2 1 6 2 1 3 5 4 6 5 4 6 2 6 4 3 3 3 0 3 1 2 1 1 4 5 2 4 2 3 5 1 5 6 3 3 6 2 0 6 6 1 3 3 3 5 3 5 2 4 4 4 6 6 2 6 5 4 2 5 5 1 2 1 4 4 2 4 3 0 
6 6 6 8 8 6 6 8 8 6 1 3 4 5 1 3 3 6 3 0 1 1 1 0 0 3 3 1 4 5 0 4 5 2 3 3 4 2 0 3 4 4 1 5 4 6 5 5 4 4 6 4 3 4 4 4 7 1 2 0 5 3 1 1 6 5 1 3 1 3 1 1 6 0 3 1 4 4 5 4 4 5 4 5 5 3 5 0 2 1 1 3 4 4 5 3 2 5 0 2 6 2 6 5 4 0 6 4 2 5 7 1 5 0 2 4 1 6 4 4 4 4 5 6 0 5 4 3 2 5 5 4 1 1 3 3 1 3 5 2 
6 6 6 3 3 6 6 3 3 6 5 4 3 0 5 3 3 1 2 5 5 5 4 5 5 2 2 4 4 3 5 3 3 2 3 3 1 3 5 3 1 2 5 1 1 1 1 0 2 2 1 2 1 1 5 3 2 4 3 5 0 4 5 4 1 1 4 2 3 1 3 3 2 5 2 5 5 2 4 3 1 4 3 5 0 2 0 6 4 4 3 1 2 3 0 4 2 1 4 3 2 3 2 4 1 5 3 3 4 4 2 4 0 6 4 4 5 1 1 1 3 2 5 2 5 4 3 2 2 2 4 2 4 4 3 4 4 3 0 3 
8 8 8 7 7 8 8 7 7 8 4 5 5 3 3 4 4 5 2 4 2 4 2 3 2 2 4 2 6 6 3 0 6 1 4 0 4 3 3 1 3 5 2 4 2 5 5 4 4 5 5 2 3 4 6 1 6 1 0 3 4 0 4 3 5 5 1 3 1 3 3 2 6 3 1 4 6 5 7 6 4 7 1 7 4 4 3 4 0 4 2 3 1 1 4 6 2 5 3 3 5 2 6 6 3 3 6 1 1 6 6 2 3 3 4 6 4 5 2 4 5 5 7 6 2 7 5 4 2 5 6 1 3 2 5 5 3 5 3 1 
4 4 4 7 7 4 4 7 7 4 0 1 3 5 2 1 2 5 3 0 2 0 2 2 2 3 3 2 3 4 1 4 4 3 2 4 3 1 2 3 4 4 2 4 4 6 5 5 3 3 5 5 3 3 2 5 6 2 3 1 5 4 0 0 5 5 2 2 2 3 1 2 5 1 4 0 2 3 4 3 3 4 5 4 5 2 5 1 3 0 1 3 4 4 5 2 2 5 1 1 5 2 6 4 4 1 5 5 3 4 6 1 5 2 1 3 0 5 4 4 3 3 3 5 2 4 2 3 2 4 3 5 1 1 2 2 1 2 5 3 
5 5 5 7 7 5 5 7 7 5 1 2 3 4 2 1 1 5 2 0 2 1 1 1 1 2 2 1 3 4 0 3 4 2 2 3 2 1 2 2 3 3 2 4 3 5 4 4 2 3 5 4 2 3 3 4 5 1 2 1 4 3 0 0 5 4 2 2 1 2 0 1 5 1 3 1 3 3 4 3 3 4 4 4 4 2 4 1 2 0 0 2 3 3 4 2 1 4 0 1 5 1 5 4 3 1 5 4 2 4 5 1 4 2 1 3 0 5 4 3 3 3 4 5 1 4 3 2 1 4 3 4 0 1 2 2 0 2 4 2 
6 6 6 1 1 6 6 1 1 6 5 4 3 1 6 3 3 0 3 6 6 6 5 6 6 3 2 5 3 2 5 5 2 4 3 5 2 4 6 4 2 1 6 1 3 0 0 1 2 1 0 3 2 1 5 5 1 5 5 6 1 5 5 5 0 0 5 3 5 2 4 4 1 6 3 6 5 2 4 3 2 3 4 4 0 2 1 6 5 5 4 2 4 4 1 4 3 0 5 3 0 4 0 3 2 6 2 4 5 3 1 5 2 7 4 3 5 0 2 1 2 2 4 1 6 3 3 2 3 1 3 4 5 5 3 4 5 3 1 4 
5 5 5 2 2 5 5 2 2 5 5 3 2 2 6 3 3 0 3 5 6 5 5 6 6 3 2 4 2 1 5 5 1 4 2 5 1 3 6 4 2 0 6 0 3 1 0 1 1 1 0 4 2 1 4 5 1 5 5 5 1 5 5 4 0 0 5 2 4 2 3 4 0 5 4 5 4 1 3 2 1 2 5 3 1 2 2 6 5 4 4 2 4 4 1 4 3 0 5 3 0 4 1 2 2 6 1 4 5 2 1 5 2 6 3 3 5 0 3 0 2 1 3 0 6 2 2 2 3 0 2 4 4 5 2 3 4 3 2 4 
7 7 7 7 7 7 7 7 7 7 3 4 5 4 1 3 3 6 2 2 1 2 0 1 1 2 3 0 5 6 2 2 6 1 3 1 3 2 1 1 3 4 0 4 3 6 5 4 4 4 5 3 3 4 5 2 6 0 0 1 4 1 2 2 5 5 0 2 0 3 2 1 6 1 2 2 5 4 6 5 4 6 3 6 4 3 4 2 0 2 1 3 2 2 4 4 2 5 1 2 5 1 6 6 3 2 6 2 0 6 6 1 4 2 3 5 2 6 3 4 4 4 6 6 1 6 4 4 2 5 5 2 1 0 4 4 2 4 4 0 
5 5 5 5 5 5 5 5 5 5 3 2 2 2 3 1 1 3 1 3 3 3 2 3 3 1 0 2 3 3 2 3 3 1 1 2 1 1 3 2 1 2 3 1 2 3 2 2 1 1 3 2 0 1 3 3 4 2 2 3 2 3 2 2 3 2 2 0 2 0 1 1 3 3 2 3 3 1 4 2 1 3 3 4 2 0 2 3 2 2 1 0 2 2 2 3 0 2 2 1 3 1 3 3 1 3 3 3 2 3 4 2 2 4 1 3 2 3 2 1 2 2 4 3 3 3 2 1 0 2 3 2 2 2 1 2 2 2 2 2 
6 6 6 6 6 6 6 6 6 6 2 3 4 3 2 3 2 5 1 2 1 2 0 1 1 1 2 0 4 5 1 2 5 0 3 1 3 1 2 1 2 4 1 3 2 5 4 4 3 3 5 2 2 3 4 2 6 0 1 1 3 1 2 1 5 4 0 2 0 2 1 0 5 1 2 2 4 3 5 4 3 5 2 5 4 2 3 2 0 2 0 2 2 2 4 4 1 4 1 2 5 0 5 5 2 2 5 2 0 5 6 0 3 2 2 4 2 5 2 3 3 3 5 5 1 5 4 3 1 4 4 2 1 0 3 3 1 3 3 0 
5 5 5 4 4 5 5 4 4 5 3 2 2 2 4 2 1 2 1 3 4 3 2 4 4 1 0 2 2 3 3 3 2 1 1 3 0 1 4 2 1 1 3 1 2 2 2 1 0 1 2 2 0 0 3 3 3 2 3 3 1 3 3 2 2 2 3 0 2 0 1 1 3 3 2 3 3 1 3 2 0 3 3 4 1 0 1 4 3 2 2 0 2 2 1 3 1 2 3 1 2 1 3 3 0 4 3 3 3 3 3 2 1 4 2 3 3 2 1 1 1 1 4 3 3 3 2 1 1 2 3 2 2 2 1 2 2 2 1 2 
5 5 5 6 6 5 5 6 6 5 1 1 2 3 2 1 1 4 1 1 2 2 1 2 2 1 1 1 3 3 1 3 4 1 1 3 2 0 2 2 2 2 2 3 3 4 4 3 2 2 4 3 2 2 3 4 5 1 2 1 3 3 1 0 4 3 2 1 1 1 0 0 4 1 2 1 3 2 4 3 2 4 3 4 3 1 3 2 2 1 0 2 3 3 3 2 0 3 1 0 4 1 4 3 2 2 4 3 2 3 5 1 3 2 1 3 1 4 3 2 2 2 4 4 2 4 2 2 0 3 3 3 0 1 1 2 0 1 3 1 
6 6 6 6 6 6 6 6 6 6 2 2 3 3 2 2 2 4 1 2 2 2 0 2 2 1 2 0 3 4 1 2 4 1 2 2 2 1 2 1 2 3 1 3 2 4 4 3 2 3 4 3 2 2 3 3 5 1 1 1 3 2 2 1 4 4 1 1 0 1 0 0 5 1 2 2 4 3 5 3 2 4 3 4 3 2 3 2 1 1 0 2 2 2 3 3 0 3 1 1 4 0 5 4 2 2 4 3 1 4 5 1 3 2 1 3 2 4 2 3 3 3 4 4 2 4 3 2 0 4 4 2 0 0 2 2 1 2 3 1 
5 5 5 1 1 5 5 1 1 5 6 4 3 3 7 3 3 0 4 6 7 6 5 7 7 4 2 5 3 1 6 6 1 4 3 6 2 4 7 5 3 1 7 1 4 1 1 2 2 2 0 5 3 2 4 6 0 6 6 6 2 6 5 5 1 0 6 3 5 3 4 5 0 6 4 6 4 2 3 3 2 2 5 3 1 3 2 7 6 5 5 3 5 5 2 4 4 1 6 4 0 4 1 2 3 6 1 5 6 2 0 6 3 7 4 3 5 0 3 1 2 2 4 0 7 2 3 2 4 1 3 5 5 6 3 4 5 3 3 5 
6 6 6 8 8 6 6 8 8 6 1 3 4 5 1 3 2 6 3 0 1 0 1 1 1 3 3 1 4 5 0 4 5 2 3 3 3 2 0 3 4 4 1 5 4 6 5 5 4 4 6 4 3 4 3 4 6 1 2 0 5 3 1 1 6 5 1 3 1 3 1 1 6 0 3 1 4 4 5 4 4 5 4 5 5 3 5 0 2 1 1 3 4 4 5 3 2 5 0 2 6 2 6 5 4 0 6 4 2 5 7 0 5 0 2 4 1 6 4 4 4 4 5 6 0 5 4 3 2 5 4 4 1 1 3 3 1 3 5 2 
7 7 7 5 5 7 7 5 5 7 4 4 4 2 4 4 3 4 1 4 3 4 2 3 3 1 2 2 5 5 3 1 5 1 3 1 2 3 4 0 1 3 3 3 0 4 3 2 3 3 4 0 2 3 5 1 5 2 1 3 2 1 4 3 3 4 2 2 2 2 2 2 4 3 0 4 5 4 6 5 3 5 1 6 3 3 2 4 1 4 2 1 0 0 2 5 2 3 3 2 4 1 4 5 1 4 5 1 2 5 5 2 1 4 3 5 4 4 1 3 4 4 6 4 3 5 4 3 2 4 5 0 3 2 4 4 3 4 2 1 
5 5 5 8 8 5 5 8 8 5 0 2 3 5 2 2 2 6 3 0 2 0 2 1 1 3 3 2 4 5 0 4 5 3 2 4 3 2 1 3 4 4 2 5 4 6 5 5 3 4 6 5 4 4 3 5 6 2 3 1 5 4 0 1 6 5 2 3 2 3 1 2 6 1 4 0 3 3 5 4 4 5 5 4 5 3 5 1 3 0 1 4 4 4 5 2 2 5 1 2 5 2 6 4 4 1 5 5 3 4 6 1 5 1 1 3 0 6 5 4 3 3 4 6 1 5 3 3 2 5 4 5 1 1 3 2 1 2 5 3 
2 2 2 6 6 2 2 6 6 2 2 1 1 5 5 1 2 4 4 3 5 3 4 5 5 4 3 4 1 2 3 6 3 4 1 6 3 2 4 5 5 3 5 4 5 5 5 5 3 3 5 6 4 3 0 7 5 5 5 4 5 6 2 3 5 4 5 3 4 3 3 4 4 4 5 3 0 2 2 1 3 2 6 1 4 2 5 4 5 2 3 4 6 6 5 0 3 4 3 2 4 4 5 2 4 4 3 6 5 2 5 4 5 4 2 1 2 4 5 3 2 2 1 4 4 2 1 2 3 4 1 6 3 4 1 1 3 1 5 5 
3 3 3 4 4 3 3 4 4 3 3 1 1 3 5 1 1 2 3 4 5 4 4 5 5 3 1 3 1 1 3 5 1 3 1 4 1 2 5 4 3 0 5 1 3 3 2 2 0 0 2 4 1 1 2 5 2 4 4 4 2 5 3 3 2 1 4 1 3 1 2 3 2 4 4 3 2 0 2 1 1 1 5 2 2 1 2 4 4 3 3 2 4 4 2 2 2 1 4 1 2 3 3 1 2 4 1 5 4 1 3 3 3 5 2 1 3 2 3 1 0 0 2 2 4 1 1 0 2 1 1 4 3 3 0 1 3 1 3 4 
2 2 2 5 5 2 2 5 5 2 4 2 1 5 6 2 2 3 5 5 6 5 5 6 6 5 3 5 1 1 5 7 1 5 2 7 3 3 6 6 5 2 6 3 6 4 4 4 3 2 3 6 4 3 2 7 3 6 6 5 4 7 4 4 4 3 6 4 5 3 4 5 3 5 6 5 2 2 0 1 3 0 7 0 4 3 4 6 6 4 5 4 6 6 4 2 4 3 5 3 3 5 4 0 4 5 1 7 6 0 3 5 5 6 3 1 4 3 5 3 2 2 0 3 6 0 1 2 4 3 0 6 5 5 2 2 4 2 5 6 
2 2 2 4 4 2 2 4 4 2 3 1 0 4 5 1 1 3 4 4 5 4 4 5 5 4 2 4 0 1 4 6 1 4 1 5 2 2 5 5 4 1 5 2 5 3 3 3 1 1 3 5 2 2 1 6 3 4 5 4 3 6 3 3 3 2 5 2 4 2 3 3 3 4 5 4 1 1 1 0 2 1 6 1 3 2 4 5 5 3 3 3 5 5 3 1 3 2 4 2 2 4 3 0 3 4 1 6 5 0 3 4 4 5 2 0 3 3 4 2 0 0 1 2 5 1 0 1 3 2 0 5 3 4 1 1 3 1 4 4 
4 4 4 3 3 4 4 3 3 4 3 2 2 2 5 1 1 2 2 4 5 4 3 4 4 2 0 3 2 2 3 4 2 2 1 4 0 2 5 3 2 0 4 0 2 2 1 1 0 0 2 3 0 0 3 4 2 3 4 4 1 4 3 3 2 1 4 1 3 0 2 2 2 4 3 4 3 1 3 2 0 2 4 3 1 0 1 4 4 3 3 1 3 3 1 3 2 1 3 1 1 2 2 2 1 4 2 4 4 2 2 3 2 5 2 2 3 2 2 0 1 1 3 2 4 2 2 0 2 1 2 3 3 3 1 2 3 2 2 3 
2 2 2 4 4 2 2 4 4 2 4 2 1 4 6 2 2 3 4 5 6 5 5 6 6 5 3 5 1 0 5 6 1 5 2 6 2 3 6 6 4 2 6 3 5 4 3 4 2 2 3 6 3 3 2 7 3 6 6 5 4 7 4 4 3 2 6 3 5 3 4 4 2 5 5 5 2 1 0 1 2 0 7 0 3 2 4 6 6 4 4 4 6 6 4 2 4 3 5 3 3 5 3 0 4 5 1 6 6 0 3 5 5 6 3 1 4 3 5 2 1 1 1 2 6 0 1 2 4 2 0 6 4 5 2 2 4 2 4 5 
8 8 8 6 6 8 8 6 6 8 5 5 6 2 4 5 4 5 2 5 4 5 3 4 4 2 4 3 6 6 4 0 6 2 5 1 4 4 4 1 2 4 3 4 1 4 4 3 4 4 5 0 3 4 6 0 5 2 2 4 3 1 5 4 4 5 3 3 2 3 3 3 5 4 1 5 6 5 7 6 4 7 0 7 4 4 2 5 2 5 3 2 0 0 3 6 3 4 4 4 5 2 5 6 2 4 6 0 2 6 5 3 2 5 4 6 5 5 1 4 5 5 7 5 4 7 5 4 3 5 6 0 3 3 5 5 4 5 2 2 
1 1 1 5 5 1 1 5 5 1 4 2 1 5 6 2 2 4 5 4 6 4 5 6 6 5 3 5 1 1 4 7 2 5 2 7 3 3 6 6 5 3 6 3 6 4 4 5 3 2 4 6 4 3 1 7 4 6 6 5 5 7 4 4 4 3 6 4 5 4 4 4 3 5 6 4 1 2 0 1 3 0 7 0 4 3 5 5 6 3 4 4 6 6 4 1 4 3 5 3 3 5 4 1 4 5 2 7 6 1 4 5 5 6 3 0 4 4 5 3 2 2 0 3 6 1 1 2 4 3 0 6 4 5 2 2 4 2 5 5 
6 6 6 2 2 6 6 2 2 6 5 4 3 1 6 3 3 1 2 5 6 5 4 6 5 2 1 4 3 2 5 4 2 3 3 4 1 3 6 3 1 1 5 0 2 1 0 0 1 1 1 3 1 1 4 4 1 4 4 5 0 4 5 4 0 1 4 2 4 1 3 3 1 5 3 5 4 2 4 3 1 3 4 4 0 2 1 6 4 4 4 1 3 3 0 4 3 0 5 3 1 3 1 3 1 5 2 3 4 3 1 4 1 6 3 3 5 1 2 1 2 2 4 1 5 3 3 2 3 1 3 3 4 4 3 3 4 3 1 4 
4 4 4 4 4 4 4 4 4 4 3 1 1 2 4 1 0 2 2 3 4 3 2 4 4 2 0 2 2 2 3 4 2 2 1 3 0 1 4 3 2 1 3 1 3 3 2 2 0 1 2 3 1 1 2 4 3 3 3 3 2 4 2 2 2 2 3 0 2 0 1 2 3 3 3 3 2 1 3 2 0 2 4 3 2 0 2 4 3 2 2 1 3 3 2 2 1 2 3 0 2 2 3 2 1 3 2 4 3 2 3 2 2 4 1 2 2 2 2 1 1 1 3 3 3 3 1 0 1 2 2 3 2 2 1 1 2 1 2 2 
6 6 6 3 3 6 6 3 3 6 5 4 4 0 5 3 3 2 1 5 5 5 3 5 5 2 2 3 4 3 4 3 3 2 3 3 1 3 5 2 0 2 4 1 1 1 1 0 2 2 2 2 1 1 5 3 3 3 3 5 0 3 5 4 1 2 4 2 3 1 3 3 2 5 2 5 5 2 4 4 1 4 2 5 1 2 0 5 3 4 3 1 2 2 0 4 2 1 4 3 2 2 2 4 0 5 3 2 3 4 3 4 0 5 4 4 5 2 1 1 3 3 5 2 5 4 4 2 2 2 4 2 4 4 3 4 4 3 0 3 
6 6 6 8 8 6 6 8 8 6 1 3 4 6 1 3 3 6 4 0 1 0 2 1 1 3 4 2 5 6 0 4 6 3 3 4 4 2 1 3 5 5 2 5 5 7 6 6 4 5 7 5 4 5 4 5 7 2 3 0 6 4 1 1 6 6 2 3 2 4 2 2 7 0 4 1 4 4 6 5 4 6 5 5 6 4 5 0 3 1 2 4 4 4 6 3 3 6 1 3 6 3 7 5 4 0 6 5 3 5 7 1 5 0 2 4 1 6 5 5 4 4 5 7 1 6 4 4 3 6 5 5 1 1 4 3 1 3 6 3 
7 7 7 7 7 7 7 7 7 7 3 4 5 3 2 4 3 5 2 3 2 3 1 2 2 1 3 1 5 6 2 1 6 1 4 1 3 2 2 0 2 4 1 4 2 5 4 4 3 4 5 2 3 4 5 2 6 0 0 2 4 0 3 2 5 5 0 2 0 3 2 1 6 2 1 3 5 4 6 5 4 6 2 6 4 3 3 3 0 3 1 2 1 1 4 5 2 4 2 3 5 1 6 6 3 2 6 2 0 6 6 1 3 3 3 5 3 5 2 4 4 4 6 6 2 6 5 4 2 5 5 1 2 1 4 4 2 4 3 0 
4 4 4 7 7 4 4 7 7 4 0 1 2 4 2 1 1 5 3 0 2 1 2 2 2 3 2 1 3 4 1 4 4 2 1 4 3 1 2 3 4 3 2 4 4 5 5 4 3 3 5 4 3 3 2 5 5 2 3 1 4 4 0 0 5 4 2 2 2 2 1 1 5 1 4 0 2 3 4 3 3 4 5 3 4 2 4 1 3 0 1 3 4 4 4 2 2 4 1 1 5 2 5 4 3 1 4 5 3 4 6 1 4 2 0 3 0 5 4 3 2 3 3 5 2 4 2 2 2 4 3 4 1 1 2 1 0 1 4 2 
5 5 5 6 6 5 5 6 6 5 2 2 3 4 2 2 2 5 2 1 2 2 0 1 1 1 2 0 3 4 1 3 4 1 2 2 2 1 1 2 3 3 1 3 3 5 4 4 2 3 5 3 2 3 3 3 5 1 1 1 3 2 1 0 4 4 1 1 0 2 0 0 5 1 2 1 3 3 5 3 3 4 3 4 4 2 3 2 1 1 0 2 2 2 4 3 1 4 1 1 4 0 5 4 2 1 5 3 1 4 5 0 3 2 1 3 1 5 3 3 3 3 4 5 1 5 3 2 1 4 4 3 0 0 2 2 0 2 3 1 
5 5 5 4 4 5 5 4 4 5 3 3 3 1 4 2 2 2 0 3 4 4 2 4 4 1 1 2 3 3 3 3 3 1 2 2 1 2 4 2 1 1 3 1 1 2 2 1 1 1 2 2 0 1 4 3 3 2 2 3 1 3 3 2 2 2 3 0 2 0 2 2 3 3 1 4 4 2 4 3 1 4 2 4 1 1 1 4 2 3 2 0 2 2 1 3 1 2 3 1 2 1 3 3 0 4 3 2 2 3 3 3 1 4 2 3 3 2 1 1 2 2 4 3 4 4 3 1 1 2 3 2 2 3 2 3 2 2 1 2 
8 8 8 6 6 8 8 6 6 8 5 5 5 2 4 4 4 4 1 4 3 4 2 3 3 1 3 2 5 5 4 0 5 1 4 0 3 3 4 0 1 4 3 3 0 4 4 3 3 4 4 0 2 3 6 1 5 2 1 4 2 1 4 3 4 4 2 2 2 2 3 2 5 4 0 4 6 4 6 5 3 6 0 6 3 3 2 4 1 4 2 2 0 0 3 5 2 4 3 3 4 2 5 6 2 4 5 0 1 6 5 3 2 4 4 5 4 4 1 3 4 4 6 5 3 6 5 4 2 4 5 0 3 3 4 5 3 4 2 1 
8 8 8 6 6 8 8 6 6 8 4 5 5 2 3 4 4 5 1 4 3 4 2 3 3 1 3 2 5 6 4 0 5 1 4 0 3 3 4 0 2 4 2 3 1 4 4 3 3 4 4 1 2 3 6 0 5 2 1 4 3 1 4 3 4 4 2 2 2 2 3 2 5 4 0 4 6 4 6 5 3 6 0 6 3 3 2 4 1 4 2 2 0 0 3 5 2 4 3 3 5 2 5 6 2 4 6 0 1 6 5 3 2 4 4 5 4 5 1 4 4 4 6 5 3 6 5 4 2 4 6 0 3 2 4 5 3 4 2 1 
6 6 6 2 2 6 6 2 2 6 5 4 3 0 6 3 3 1 2 5 6 5 4 6 5 2 2 4 3 3 5 4 3 3 3 4 1 3 6 3 1 1 5 1 2 1 0 0 2 2 1 2 1 1 5 4 2 4 4 5 0 4 5 4 1 1 4 2 4 1 3 3 2 5 2 5 5 2 4 3 1 4 3 4 0 2 0 6 4 4 4 1 3 3 0 4 3 1 5 3 1 3 1 3 1 5 2 3 4 3 2 4 1 6 4 4 5 1 1 1 3 2 5 2 5 4 3 2 3 1 4 3 4 4 3 4 4 3 0 4 
2 2 2 6 6 2 2 6 6 2 2 0 1 5 4 1 1 4 4 3 4 3 4 4 4 4 2 3 1 2 3 6 3 4 1 5 2 2 4 5 4 3 4 3 5 5 4 4 2 2 4 6 3 3 0 6 5 4 5 3 4 6 2 2 4 4 4 3 4 3 2 3 4 3 5 2 0 2 2 1 3 2 6 1 4 2 4 3 5 2 3 3 5 5 4 0 3 4 3 2 4 3 5 2 4 3 3 6 5 2 5 3 5 4 1 1 2 4 5 3 1 2 1 4 4 2 1 2 3 3 1 6 3 3 1 0 2 1 5 4 
5 5 5 5 5 5 5 5 5 5 2 2 3 3 3 2 1 4 1 2 2 2 1 2 2 1 1 1 3 3 2 2 3 1 2 2 1 0 2 1 2 2 2 2 2 4 3 3 1 2 4 2 1 2 3 3 4 1 2 2 2 2 2 1 3 3 2 0 1 1 0 0 4 2 2 2 3 2 4 3 2 4 3 4 3 1 2 3 2 2 1 1 2 2 3 3 0 3 2 0 3 0 4 4 1 2 4 3 2 4 4 1 2 3 1 3 2 4 2 2 2 2 4 4 2 4 3 1 0 3 3 2 1 1 2 2 1 2 3 1 
5 5 5 2 2 5 5 2 2 5 5 3 3 1 6 3 3 0 2 5 6 5 4 6 6 3 1 4 3 2 5 4 1 3 2 4 1 3 6 4 2 1 5 0 3 1 0 1 1 1 0 3 1 1 4 5 1 4 4 5 1 5 5 4 0 0 5 2 4 2 3 3 1 5 3 5 4 1 3 2 1 3 4 3 0 2 1 6 4 4 4 2 4 4 1 4 3 0 5 3 0 3 1 2 1 5 1 4 5 2 1 4 2 6 3 3 5 0 2 0 2 2 4 1 5 3 3 1 3 0 3 4 4 4 2 3 4 3 1 4 
5 5 5 7 7 5 5 7 7 5 1 2 4 5 1 2 2 5 3 0 1 1 1 1 1 2 3 0 4 5 0 3 5 2 3 3 3 1 1 2 4 4 1 4 4 6 5 5 3 4 6 4 3 4 3 4 6 1 2 0 4 3 1 0 5 5 1 2 1 3 1 1 6 0 3 1 3 4 5 4 3 5 4 5 5 3 4 1 2 1 1 3 3 3 5 3 2 5 0 2 5 1 6 5 3 0 5 4 2 5 6 0 4 1 1 4 1 5 4 4 3 4 5 6 0 5 3 3 2 5 4 4 0 0 3 3 0 3 4 2 
4 4 4 5 5 4 4 5 5 4 2 1 2 3 3 1 0 3 2 2 3 2 2 3 3 1 1 1 2 3 2 3 3 1 1 3 1 0 3 2 2 2 3 2 3 4 3 3 1 2 3 3 1 1 2 4 4 2 3 2 3 3 1 1 3 3 2 1 2 1 0 1 4 2 2 2 2 1 3 2 1 3 4 3 3 0 3 3 3 1 1 1 3 3 3 2 0 3 2 0 3 1 4 3 2 2 3 3 2 3 4 2 3 3 0 2 1 3 3 2 1 1 3 4 2 3 2 1 0 3 2 3 1 2 1 1 1 1 3 2 
5 5 5 2 2 5 5 2 2 5 5 4 3 2 6 3 3 0 3 5 6 6 5 6 6 3 2 5 3 2 5 5 1 4 3 5 2 4 6 4 2 1 6 1 3 0 0 1 2 1 0 4 2 1 4 5 0 5 5 6 2 5 5 5 0 0 5 3 5 2 4 4 0 6 4 5 4 2 3 2 1 3 5 3 1 2 2 6 5 5 4 2 4 5 1 4 3 0 5 3 0 4 0 2 2 6 1 5 5 2 0 5 2 7 4 3 5 0 3 1 2 2 4 0 6 2 3 2 3 0 3 4 5 5 3 3 4 3 2 5 
6 6 6 6 6 6 6 6 6 6 2 3 3 3 2 2 2 4 1 2 2 3 1 2 2 0 2 1 4 4 2 2 4 0 2 1 2 1 2 1 2 3 2 3 2 4 3 3 2 3 4 2 1 2 4 2 5 1 1 2 3 2 2 1 4 4 1 1 0 1 1 0 4 2 1 2 4 3 5 4 2 5 2 5 3 2 2 3 1 2 0 1 2 2 3 3 0 3 1 1 4 0 4 4 1 2 4 2 1 4 5 1 2 3 2 4 2 4 2 3 3 3 5 4 2 5 3 2 0 3 4 2 1 1 2 3 1 2 3 0 
6 6 6 1 1 6 6 1 1 6 6 5 4 2 7 4 4 0 4 6 7 7 5 7 7 4 3 5 4 2 6 5 2 4 4 5 2 4 7 5 3 2 7 1 4 0 1 1 2 2 0 4 3 2 5 5 0 6 5 6 2 6 6 5 0 1 6 3 5 3 4 5 1 6 4 6 5 3 4 3 2 3 5 4 1 3 2 7 6 5 5 3 5 5 1 5 4 1 6 4 0 4 0 3 2 7 2 5 6 3 0 6 2 7 5 4 6 0 3 2 3 3 5 1 7 3 4 3 4 1 3 4 5 6 3 4 5 4 2 5 
2 2 2 4 4 2 2 4 4 2 4 2 1 4 6 2 2 2 4 5 6 5 5 6 6 4 2 5 0 0 5 6 1 4 2 6 2 3 6 5 4 1 6 2 5 3 3 3 2 2 3 5 3 2 2 7 3 5 6 5 4 6 4 4 3 2 6 3 5 3 3 4 2 5 5 4 2 1 0 0 2 0 6 1 3 2 4 5 6 4 4 3 6 6 3 2 4 2 5 3 2 4 3 0 3 5 1 6 6 0 3 5 4 6 3 1 4 2 5 2 1 1 1 2 6 0 1 2 3 2 0 6 4 5 1 2 4 2 4 5 
6 6 6 4 4 6 6 4 4 6 4 3 3 1 4 2 2 2 1 4 4 4 3 4 4 1 1 3 3 3 3 2 3 1 2 2 1 2 4 2 0 1 4 1 1 2 1 1 1 1 2 2 0 1 4 3 3 3 3 4 1 3 4 3 2 2 3 1 2 0 2 2 3 4 1 4 4 2 4 3 1 4 2 4 1 1 0 4 3 3 2 0 2 2 1 4 1 1 3 2 2 1 2 3 0 4 3 2 3 3 3 3 1 5 3 3 4 2 1 1 2 2 4 3 4 4 3 1 1 2 3 2 3 3 2 3 3 3 1 2 
6 6 6 8 8 6 6 8 8 6 1 3 4 5 1 3 3 6 3 0 1 0 1 0 1 3 4 1 4 5 0 4 6 3 3 3 4 2 0 3 4 5 1 5 4 6 6 5 4 4 6 5 4 4 4 4 7 2 3 0 5 3 1 1 6 6 2 3 2 4 2 2 6 0 4 1 4 4 5 4 4 5 4 5 5 3 5 0 2 1 1 4 4 4 5 3 2 5 0 2 6 2 7 5 4 0 6 4 2 5 7 1 5 0 2 4 1 6 5 5 4 4 5 6 0 5 4 4 2 5 5 4 1 1 3 3 1 3 5 2 
4 4 4 3 3 4 4 3 3 4 5 3 2 3 7 3 3 1 4 5 7 5 5 6 6 4 2 5 2 0 5 6 0 4 2 6 2 3 6 5 4 1 6 2 5 2 2 3 2 1 2 5 3 2 3 6 1 5 6 6 3 6 5 5 2 1 6 3 5 3 4 4 1 6 5 5 3 1 1 1 2 1 6 2 2 2 3 6 6 4 5 3 5 6 2 3 4 1 5 3 1 4 2 1 3 6 0 6 6 1 1 5 4 7 4 2 5 1 4 1 1 1 2 1 6 1 2 2 4 1 1 5 5 5 2 3 4 3 3 5 
8 8 8 6 6 8 8 6 6 8 5 5 5 2 4 5 4 5 2 5 4 5 3 4 4 2 3 3 6 6 4 0 6 2 5 1 3 4 4 1 2 4 3 4 1 4 4 3 4 4 4 0 3 3 6 0 5 2 2 4 3 1 5 4 4 4 2 3 2 3 3 3 5 4 1 5 6 5 7 6 4 6 0 7 3 4 2 5 2 5 3 2 0 0 3 6 3 4 4 3 5 2 5 6 2 4 6 0 2 6 5 3 2 5 4 6 5 5 1 4 5 5 7 5 4 6 5 4 3 4 6 0 3 3 5 5 4 5 2 2 
7 7 7 7 7 7 7 7 7 7 3 4 5 4 2 3 3 5 2 2 1 3 0 2 1 1 3 1 5 5 2 1 5 1 4 1 3 2 2 1 3 4 1 4 2 5 5 4 3 4 5 2 3 4 5 2 6 0 0 2 4 1 3 2 5 5 0 2 0 3 2 1 6 2 2 3 5 4 6 5 4 6 2 6 4 3 3 3 0 3 1 2 1 1 4 5 2 5 2 2 5 1 6 6 3 2 6 2 0 6 6 1 3 2 3 5 3 5 3 4 4 4 6 6 1 6 4 3 2 5 5 2 1 1 4 4 2 4 4 0 
2 2 2 4 4 2 2 4 4 2 4 2 1 4 6 2 2 3 4 5 6 5 5 6 6 4 2 5 0 0 5 6 1 5 2 6 2 3 6 5 4 2 6 3 5 3 3 4 2 2 3 6 3 2 2 7 3 5 6 5 4 6 4 4 3 2 6 3 5 3 3 4 2 5 5 4 2 1 0 0 2 0 6 1 3 2 4 5 6 4 4 3 6 6 3 2 4 2 5 3 2 4 3 0 3 5 1 6 6 0 3 5 4 6 3 1 4 3 5 2 1 1 1 2 6 0 1 2 4 2 0 6 4 5 1 2 4 2 4 5 
5 5 5 1 1 5 5 1 1 5 6 4 3 3 7 4 4 0 4 6 7 7 6 7 7 4 3 6 3 2 6 6 2 5 4 6 3 4 7 5 3 2 7 2 4 1 1 2 3 2 0 5 3 2 5 6 0 6 6 7 2 6 6 5 1 1 6 4 6 3 5 5 0 7 5 6 5 3 3 3 2 3 5 4 1 3 3 7 6 6 5 3 5 5 2 5 4 1 6 4 0 5 0 3 3 7 1 5 6 3 0 6 3 8 5 3 6 0 4 2 3 3 4 0 7 3 3 3 4 1 3 5 6 6 3 4 5 4 3 6 
6 6 6 7 7 6 6 7 7 6 2 3 4 4 1 2 2 5 2 1 1 1 0 1 1 2 3 0 4 5 1 3 5 1 3 2 3 1 1 2 3 4 1 4 3 5 5 4 3 4 5 3 3 3 4 3 6 0 1 1 4 2 1 1 5 5 1 2 0 2 1 1 6 0 2 1 4 3 5 4 3 5 3 5 4 2 4 1 1 1 0 3 3 3 4 3 1 4 0 2 5 1 6 5 3 1 5 3 1 5 6 0 4 1 2 4 1 5 3 4 3 4 5 5 0 5 4 3 1 5 4 3 0 0 3 3 1 3 4 1 
7 7 7 3 3 7 7 3 3 7 5 4 4 0 5 4 3 2 1 5 5 5 3 5 5 1 2 3 4 4 4 2 4 2 3 2 2 3 5 2 0 2 4 1 1 2 1 1 2 2 2 1 1 2 5 3 3 3 3 5 0 3 5 4 2 2 4 2 3 1 3 3 3 5 1 5 5 3 5 4 2 5 2 5 1 2 0 5 3 4 3 1 2 2 1 5 2 2 4 3 2 2 2 4 1 5 4 2 3 4 3 4 0 5 4 4 5 2 0 2 3 3 5 3 5 5 4 2 2 2 4 2 4 4 3 4 4 4 0 3 
6 6 6 9 9 6 6 9 9 6 2 3 5 6 0 3 3 7 4 1 0 1 2 0 0 3 4 1 5 6 1 4 6 3 4 4 4 3 0 3 5 5 1 5 5 7 6 6 5 5 7 5 4 5 4 5 7 2 3 0 6 3 2 2 7 6 2 4 2 4 2 2 7 0 4 1 4 5 6 5 5 6 5 6 6 4 5 0 3 2 2 4 4 4 6 4 3 6 1 3 7 3 7 6 5 0 7 5 2 6 8 1 5 0 3 5 2 7 5 5 5 5 6 7 0 6 4 4 3 6 5 4 1 1 4 4 2 4 6 2 
4 4 4 6 6 4 4 6 6 4 1 1 2 4 3 0 0 4 2 1 3 1 2 3 2 2 2 2 2 3 1 4 3 2 1 4 2 0 3 3 3 2 3 3 4 4 4 4 2 2 4 4 2 2 2 5 5 2 3 2 4 4 1 1 4 3 3 1 2 2 1 1 4 2 3 1 2 2 3 2 2 3 4 3 3 1 4 2 3 0 1 2 4 4 4 1 1 3 1 0 4 2 5 3 3 2 4 4 3 3 5 2 4 3 0 2 1 4 4 3 2 2 3 4 2 3 1 1 1 3 2 4 1 2 1 1 1 1 4 2 
2 2 2 5 5 2 2 5 5 2 3 1 0 4 5 1 1 3 4 4 5 4 4 5 5 4 2 4 0 1 4 6 1 4 1 6 2 2 5 5 4 2 5 3 5 4 3 4 2 2 3 5 3 2 1 6 3 5 5 4 4 6 3 3 3 3 5 3 4 3 3 3 3 4 5 3 1 1 1 0 2 1 6 0 3 2 4 4 5 3 3 3 5 5 4 1 3 3 4 2 3 4 4 1 3 4 2 6 5 1 3 4 4 5 2 0 3 3 5 2 1 1 1 3 5 1 0 1 3 2 0 6 3 4 1 1 3 1 4 5 
4 4 4 7 7 4 4 7 7 4 0 1 3 5 2 2 2 5 3 0 2 0 2 2 2 3 3 2 3 4 0 4 4 3 2 4 3 1 2 3 4 4 2 4 4 6 5 5 3 4 5 5 3 3 2 5 6 2 3 1 5 4 0 0 5 5 2 2 2 3 1 2 5 1 4 0 2 3 4 3 3 4 5 4 5 2 5 1 3 0 1 3 4 4 5 2 2 5 1 1 5 2 6 4 4 1 5 5 3 4 6 1 5 2 1 3 0 5 4 4 3 3 4 5 2 4 3 3 2 5 3 5 1 1 2 2 1 2 5 3 
5 5 5 1 1 5 5 1 1 5 5 4 3 2 7 3 3 0 3 6 7 6 5 6 6 3 2 5 3 2 6 5 1 4 3 5 2 4 7 4 2 1 6 1 3 0 0 1 2 1 0 4 2 1 4 5 0 5 5 6 1 5 5 5 0 0 6 3 5 2 4 4 0 6 4 6 4 2 3 3 2 3 5 4 1 2 2 6 5 5 5 2 4 5 1 4 4 0 5 3 0 4 0 2 2 6 1 5 5 3 0 5 2 7 4 3 5 0 3 1 2 2 4 0 6 3 3 2 3 0 3 4 5 5 3 4 5 3 2 5 
7 7 7 4 4 7 7 4 4 7 5 4 4 1 5 4 3 3 1 4 4 5 3 4 4 1 2 3 4 4 4 2 4 2 3 2 2 3 5 2 0 3 4 2 0 2 2 1 2 2 3 1 1 2 5 2 4 3 2 4 1 2 4 4 2 3 3 2 2 1 3 2 3 4 1 5 5 3 5 4 2 5 1 5 2 2 1 5 2 4 3 1 1 1 1 5 2 2 4 3 3 2 3 5 1 5 4 1 3 5 4 3 0 5 4 5 4 3 0 2 3 3 6 3 4 5 4 3 2 3 4 1 3 3 3 4 3 4 1 2 
5 5 5 3 3 5 5 3 3 5 4 3 2 2 5 2 2 1 2 4 5 4 4 5 5 2 1 4 2 2 4 4 1 3 2 4 0 2 5 3 2 0 5 0 3 1 1 1 0 0 1 3 1 0 3 5 2 4 4 4 1 4 4 3 1 0 4 1 3 1 2 3 1 4 3 4 3 1 3 2 0 2 4 3 1 1 1 5 4 3 3 1 3 4 1 3 2 0 4 2 1 3 2 2 1 5 1 4 4 2 2 4 2 5 3 2 4 1 2 0 1 1 3 1 5 2 2 1 2 0 2 3 3 4 2 2 3 2 2 3 
3 3 3 4 4 3 3 4 4 3 3 1 0 3 5 1 1 2 3 3 5 4 4 5 4 3 1 3 1 1 3 5 1 3 0 5 1 2 5 4 3 1 5 2 4 3 2 3 1 1 2 4 2 1 2 5 3 4 4 4 3 5 3 3 2 2 4 2 3 1 2 3 2 4 4 3 2 0 2 0 1 1 5 2 2 1 3 4 4 2 3 2 4 4 3 1 2 2 3 1 2 3 3 1 2 4 1 5 4 1 3 3 3 5 2 1 3 2 3 1 0 0 2 2 4 1 0 0 2 1 1 4 3 3 0 1 3 1 3 4 
3 3 3 4 4 3 3 4 4 3 3 1 1 3 5 1 1 2 3 4 5 4 4 5 5 3 1 3 1 1 3 5 1 3 1 5 1 2 5 4 3 1 5 1 4 3 2 2 0 0 2 4 2 1 2 5 3 4 4 4 2 5 3 3 2 1 4 2 3 1 2 3 2 4 4 3 2 0 2 0 1 1 5 2 2 1 3 4 4 3 3 2 4 4 2 2 2 2 4 1 2 3 3 1 2 4 1 5 4 1 3 4 3 5 2 1 3 2 3 1 0 0 2 2 4 1 1 0 2 1 1 4 3 4 0 1 3 1 3 4 
1 1 1 5 5 1 1 5 5 1 3 2 1 5 6 2 2 4 5 4 6 4 5 6 6 5 3 5 1 2 4 7 2 5 2 7 3 3 6 6 5 3 6 4 6 5 4 5 3 3 4 6 4 3 1 7 4 5 6 5 5 7 3 4 4 3 6 4 5 4 4 4 4 5 6 4 1 2 0 1 3 1 7 0 4 3 5 5 6 3 4 4 6 6 5 1 4 4 5 3 4 5 5 1 4 5 2 7 6 1 4 5 5 6 3 1 4 4 6 3 2 2 0 3 6 1 1 2 4 3 1 7 4 5 2 2 4 2 5 5 
5 5 5 1 1 5 5 1 1 5 5 4 3 2 7 3 3 0 4 6 7 6 5 7 7 4 2 5 3 1 6 6 1 4 3 5 2 4 7 5 3 1 6 1 4 1 1 2 2 1 0 4 2 2 4 6 0 5 6 6 2 6 5 5 1 0 6 3 5 3 4 4 0 6 4 6 4 2 3 2 2 2 5 3 1 3 2 7 6 5 5 3 5 5 2 4 4 1 6 4 0 4 1 2 3 6 1 5 6 2 0 5 3 7 4 3 5 0 3 1 2 2 3 0 6 2 3 2 4 0 2 5 5 5 3 4 5 3 2 5 
6 6 6 8 8 6 6 8 8 6 2 3 4 5 0 3 3 6 3 1 0 1 1 0 0 3 4 1 5 6 1 3 6 2 3 3 4 2 0 2 4 5 0 5 4 6 6 5 4 5 6 4 4 4 4 4 7 1 2 0 5 2 2 1 6 6 1 3 1 3 2 2 7 0 3 1 4 4 6 5 4 6 4 6 5 3 5 1 2 2 1 4 3 3 5 4 2 5 0 2 6 2 7 6 4 0 6 4 1 6 7 0 5 0 2 5 2 6 4 5 4 4 6 6 0 6 4 4 2 6 5 4 1 1 4 4 1 4 5 2 
2 2 2 4 4 2 2 4 4 2 4 2 1 4 6 2 2 3 4 5 6 5 5 6 6 5 3 5 1 0 5 7 1 5 2 6 3 3 6 6 5 2 6 3 5 3 3 4 2 2 3 6 3 3 2 7 3 6 6 5 4 7 4 4 3 2 6 3 5 3 4 4 2 5 5 5 2 1 0 1 2 0 7 1 3 3 4 6 6 4 5 4 6 6 4 2 4 3 5 3 2 5 3 0 4 5 1 6 6 0 3 5 5 6 3 1 4 3 5 2 1 1 1 2 6 0 1 2 4 2 0 6 5 5 2 2 4 2 4 5 
2 2 2 5 5 2 2 5 5 2 2 1 0 4 5 1 1 3 3 3 5 3 4 5 4 3 2 3 0 1 3 5 2 4 0 5 2 2 5 4 4 2 5 2 4 4 3 4 1 1 3 5 2 2 1 6 3 4 5 4 3 5 2 3 3 2 4 2 4 2 2 3 3 4 4 3 1 1 1 0 2 1 5 1 3 1 4 4 5 2 3 3 5 5 3 1 3 3 3 2 3 3 4 1 3 4 2 5 4 1 3 4 4 4 1 0 3 3 4 2 0 1 1 3 4 1 0 1 2 2 0 5 3 4 0 0 3 0 4 4 
4 4 4 4 4 4 4 4 4 4 3 1 1 2 4 1 1 2 2 3 4 3 3 4 4 2 0 3 1 1 3 4 2 2 1 4 0 1 4 3 2 1 4 1 3 3 2 2 0 0 2 3 1 0 2 5 3 3 4 3 2 4 3 2 2 2 4 1 3 1 2 2 2 3 3 3 2 0 2 1 0 2 4 2 2 0 2 4 4 2 2 1 4 4 2 2 1 1 3 1 2 2 3 2 1 4 2 4 3 2 3 3 2 4 1 1 3 2 3 1 0 0 2 2 4 2 1 0 1 1 1 4 2 3 0 1 2 1 2 3 
5 5 5 5 5 5 5 5 5 5 2 2 3 3 3 1 1 3 1 2 3 2 1 2 2 1 1 1 3 3 2 2 3 1 1 2 1 0 3 1 2 2 2 2 2 4 3 3 1 2 3 2 1 2 3 3 4 1 2 2 2 2 2 1 3 3 2 0 1 1 0 0 4 2 2 2 3 2 4 3 2 4 3 4 3 1 2 3 2 2 1 1 2 2 3 3 0 3 2 0 3 0 4 3 1 2 4 3 2 4 4 1 2 3 1 3 2 3 2 2 2 2 4 4 2 4 2 1 0 3 3 2 1 1 2 2 1 2 2 1 
5 5 5 2 2 5 5 2 2 5 5 3 2 2 6 3 2 0 3 5 6 5 4 6 6 3 1 4 2 1 5 5 1 3 2 5 1 3 6 4 2 0 6 0 3 1 1 1 1 1 0 4 2 1 4 5 1 5 5 5 2 5 4 4 1 0 5 2 4 2 3 4 1 5 4 5 4 1 3 2 1 2 5 3 1 2 2 6 5 4 4 2 4 4 1 3 3 0 5 3 0 3 1 2 2 5 1 4 5 2 1 5 2 6 3 2 5 0 3 0 1 1 3 0 6 2 2 1 3 0 2 4 4 5 2 3 4 3 2 4 
2 2 2 4 4 2 2 4 4 2 3 1 0 4 6 1 2 3 4 4 6 4 5 5 5 4 2 4 0 1 4 6 1 4 1 6 2 3 5 5 4 2 5 2 5 3 3 4 2 2 3 5 3 2 1 7 3 5 5 5 4 6 3 3 3 2 5 3 4 3 3 4 3 4 5 4 1 1 0 0 2 0 6 0 3 2 4 5 5 3 4 3 5 6 4 1 3 3 4 2 3 4 3 0 3 5 1 6 5 0 3 4 4 5 2 0 3 3 4 2 1 1 1 2 5 0 0 1 3 2 0 6 4 4 1 1 3 1 4 5 
8 8 8 6 6 8 8 6 6 8 5 5 5 2 4 4 4 4 1 4 4 5 2 4 4 1 3 3 5 5 4 0 5 1 4 1 3 3 4 1 1 4 3 3 0 4 3 3 3 4 4 0 2 3 6 1 5 2 1 4 2 1 5 4 4 4 2 2 2 2 3 2 5 4 0 5 6 4 6 5 3 6 0 6 3 3 2 5 1 4 3 2 0 0 3 6 2 4 4 3 4 2 4 6 2 4 5 0 2 6 5 3 2 4 4 6 5 4 1 3 4 4 7 5 4 6 5 4 2 4 6 0 3 3 4 5 3 4 2 2 
5 5 5 7 7 5 5 7 7 5 1 2 3 4 1 2 2 5 2 1 1 1 0 1 1 2 2 0 3 4 0 3 4 1 2 3 2 1 1 2 3 3 1 4 3 5 4 4 3 3 5 3 2 3 3 4 5 1 2 1 4 3 1 0 5 4 1 2 1 2 0 0 5 1 3 1 3 3 5 3 3 4 3 4 4 2 4 1 2 1 0 2 3 3 4 3 1 4 0 1 5 1 5 4 3 1 5 3 1 4 6 0 4 1 1 3 1 5 3 3 3 3 4 5 1 5 3 2 1 4 4 3 0 0 2 2 0 2 4 1 
6 6 6 7 7 6 6 7 7 6 2 3 4 4 1 2 2 5 2 1 1 1 0 1 1 2 3 0 4 5 1 3 5 1 3 2 3 1 1 2 3 4 1 4 3 5 5 4 3 4 5 3 3 3 4 3 6 0 1 1 4 2 1 1 5 5 0 2 0 2 1 0 6 1 2 1 4 3 5 4 3 5 3 5 4 2 4 1 1 1 0 3 3 2 4 3 1 4 0 2 5 1 6 5 3 1 5 3 1 5 6 0 4 1 2 4 1 5 3 4 3 4 5 5 1 5 4 3 1 5 4 3 0 0 3 3 1 3 4 1 
3 3 3 5 5 3 3 5 5 3 2 1 0 3 4 0 0 3 3 3 4 3 3 4 4 3 1 3 1 2 3 5 2 3 0 4 1 1 4 4 3 1 4 2 4 3 3 3 1 1 3 4 2 1 1 5 3 3 4 3 3 5 2 2 3 2 4 1 3 1 1 2 3 3 4 3 1 0 2 1 1 2 5 2 3 1 3 4 4 2 2 2 4 4 3 1 2 2 3 1 3 2 3 1 2 3 2 5 4 1 3 3 3 4 1 1 2 3 3 2 0 0 2 3 4 2 0 0 2 2 1 4 2 3 0 0 2 0 3 3 
3 3 3 5 5 3 3 5 5 3 2 0 1 4 4 0 0 4 3 2 4 2 3 4 4 3 2 3 1 2 2 5 2 3 0 5 2 1 4 4 4 2 4 3 4 4 4 4 2 2 4 5 2 2 1 6 4 3 4 3 4 5 2 2 4 3 4 2 3 2 2 2 4 3 4 2 1 1 2 1 2 2 5 2 3 1 4 3 4 1 2 3 5 5 4 0 2 3 3 1 3 3 4 2 3 3 3 5 4 2 4 3 4 4 1 1 2 4 4 2 1 1 2 4 4 2 0 1 2 3 1 5 2 3 0 0 2 0 4 3 
5 5 5 7 7 5 5 7 7 5 1 2 3 4 2 1 1 5 2 1 2 1 1 1 1 2 2 1 3 4 0 3 4 2 2 3 2 0 2 2 3 3 2 3 3 5 4 4 2 3 5 4 2 3 3 4 5 1 2 1 4 3 1 0 5 4 2 2 1 2 0 1 5 1 3 1 3 3 4 3 3 4 4 4 4 2 4 1 2 0 0 2 3 3 4 2 1 4 0 1 4 1 5 4 3 1 4 4 2 4 5 1 4 2 1 3 1 5 3 3 3 3 4 5 1 4 3 2 1 4 3 3 0 1 2 2 0 2 4 2 
3 3 3 5 5 3 3 5 5 3 2 0 0 4 4 0 0 3 3 2 4 3 3 4 4 3 1 3 1 2 2 5 2 3 0 4 1 1 4 4 3 2 4 2 4 4 3 3 1 2 3 4 2 2 1 5 4 3 4 3 3 5 2 2 3 3 4 2 3 2 1 2 3 3 4 2 1 1 2 1 2 2 5 2 3 1 3 3 4 1 2 2 4 4 3 1 2 3 3 1 3 2 4 2 3 3 3 5 4 2 4 3 4 4 1 1 2 3 4 2 1 1 2 3 4 2 0 1 2 3 1 4 2 3 0 0 2 0 4 3 
7 7 7 3 3 7 7 3 3 7 5 4 4 0 5 4 3 2 2 5 5 5 4 5 5 2 2 4 4 3 5 3 3 2 3 3 2 3 5 3 0 2 5 1 1 1 1 0 2 2 2 2 1 1 5 3 3 4 3 5 0 3 5 4 1 2 4 2 3 1 3 3 3 5 2 5 5 3 5 4 2 4 2 5 1 2 0 6 3 4 3 1 2 2 0 5 3 1 4 3 2 3 2 4 1 5 3 2 4 4 3 4 0 6 4 4 5 2 1 2 3 3 5 2 5 4 4 2 2 2 4 2 4 4 3 4 4 4 0 3 
7 7 7 6 6 7 7 6 6 7 3 3 4 3 2 3 3 5 1 2 2 3 0 2 2 1 2 1 4 5 2 1 5 0 3 1 3 2 2 0 2 4 1 3 2 5 4 3 3 3 5 2 2 3 5 2 5 0 0 2 3 1 3 2 4 4 0 2 0 2 1 1 5 2 1 3 5 4 6 4 3 5 2 5 4 2 3 3 0 2 1 2 1 1 4 4 1 4 2 2 5 0 5 5 2 2 5 2 0 5 6 1 3 2 2 5 3 5 2 3 4 4 5 5 2 5 4 3 1 4 5 2 1 1 3 3 2 3 3 0 
