130 5526.3 0 1680 7 240
71.71 65.0 72.15 53.81 12.31 97.15 36.49 90.09 51.23 83.22 17.8 72.71 12.4 1.16 3.1 2.29 14.18 7.32 20.45 68.86 47.23 81.95 39.22 16.63 41.99 51.87 96.98 87.06 72.51 34.84 9.91 59.13 75.95 49.57 76.08 91.51 16.53 69.5 68.31 13.4 1.57 52.89 1.15 20.84 91.33 13.94 26.05 26.69 25.61 50.39 95.16 62.11 34.71 58.98 95.43 70.15 20.67 90.46 51.63 42.84 18.66 61.51 1.17 47.79 53.57 28.86 41.77 41.93 20.72 29.45 5.81 72.37 39.28 15.04 5.78 95.3 37.69 9.73 75.92 5.17 92.39 91.54 12.64 59.48 52.21 14.73 5.58 79.5 40.23 65.49 87.02 35.1 18.27 97.64 96.32 20.59 63.2 94.33 53.66 29.36 28.55 31.16 15.86 13.4 32.14 90.96 36.47 83.55 70.03 28.54 46.25 49.48 87.52 57.02 30.1 28.01 63.79 18.36 14.17 59.8 4.47 60.14 28.5 58.27 46.34 5.49 31.8 14.34 96.51 14.3 
16.94 74.93 24.38 46.72 60.53 65.93 59.13 80.87 41.5 66.9 52.63 69.19 12.97 27.26 60.03 22.28 51.05 15.78 23.97 62.37 40.88 38.06 60.48 10.14 68.44 59.06 66.47 10.63 42.24 40.48 70.88 45.14 63.48 41.48 70.62 85.12 50.01 76.57 26.92 32.64 24.46 38.41 71.97 32.34 16.49 67.13 79.75 14.5 31.39 67.52 43.1 34.67 49.27 28.66 37.49 67.66 23.24 65.97 32.26 60.36 14.37 75.14 35.62 56.21 11.29 47.54 71.61 28.91 10.26 16.14 21.23 73.24 64.21 52.64 27.93 20.02 51.23 48.49 14.11 43.95 87.36 24.97 38.47 56.26 35.46 16.0 13.33 74.38 75.85 47.0 39.42 55.0 59.74 35.88 86.99 69.08 24.87 33.92 23.58 58.26 33.26 12.38 20.6 23.55 89.86 57.78 43.63 84.34 66.84 23.67 19.05 63.17 12.95 40.15 68.55 18.86 75.92 60.66 22.17 20.24 19.53 38.85 26.43 74.03 17.54 84.05 64.88 80.0 73.89 26.13 
7 6 7 5 2 9 4 9 5 8 2 7 2 1 1 1 2 1 2 7 5 8 4 2 4 5 9 8 7 4 1 6 7 5 7 9 2 7 7 2 1 5 1 2 9 2 3 3 3 5 9 6 4 6 9 7 2 9 5 4 2 6 1 5 5 3 4 4 2 3 1 7 4 2 1 9 4 1 7 1 9 9 2 6 5 2 1 8 4 6 8 4 2 9 9 2 6 9 5 3 3 3 2 2 3 9 4 8 7 3 5 5 8 6 3 3 6 2 2 6 1 6 3 6 5 1 3 2 9 2 
1 2 3 4 5 6 7 8 9 10 11 12 13 14 15 16 17 18 19 20 21 22 23 24 25 26 27 28 29 30 31 32 33 34 35 36 37 38 39 40 41 42 43 44 45 46 47 48 49 50 51 52 53 54 55 56 57 58 59 60 61 62 63 64 65 66 67 68 69 70 71 72 73 74 75 76 77 78 79 80 81 82 83 84 85 86 87 88 89 90 91 92 93 94 95 96 97 98 99 100 101 102 103 104 105 106 107 108 109 110 111 112 113 114 115 116 117 118 119 120 121 122 123 124 125 126 127 128 129 130 
3 1 3 1 2 2 1 2 1 2 2 3 2 1 1 1 2 1 2 3 1 2 1 2 1 1 2 2 3 1 1 1 3 1 3 2 2 3 3 2 1 1 1 2 2 2 1 1 1 1 2 1 1 1 2 3 2 2 1 1 2 1 1 1 1 1 1 1 2 1 1 3 1 2 1 2 1 1 3 1 2 2 2 1 1 2 1 2 1 1 2 1 2 2 2 2 1 2 1 1 1 1 2 2 1 2 1 2 3 1 1 1 2 1 1 1 1 2 2 1 1 1 1 1 1 1 1 2 2 2 
2 3 2 3 2 3 3 3 3 2 2 2 2 1 1 1 2 1 2 2 3 2 3 2 3 3 3 2 2 3 1 3 2 3 2 3 2 2 2 2 1 3 1 2 3 2 2 2 2 3 3 3 3 3 3 2 2 3 3 3 2 3 1 3 3 2 3 3 2 2 1 2 3 2 1 3 3 1 2 1 3 3 2 3 3 2 1 2 3 3 2 3 2 3 3 2 3 3 3 2 2 2 2 2 2 3 3 2 2 2 3 3 2 3 2 2 3 2 2 3 1 3 2 3 3 1 2 2 3 2 
10 8 9 7 5 10 1 7 6 10 7 3 5 7 9 8 4 8 9 4 8 1 3 9 3 1 4 2 7 2 6 3 7 7 3 5 9 2 9 9 4 8 8 4 2 2 6 8 4 6 5 5 1 10 3 6 2 1 6 7 10 9 2 7 3 2 5 3 4 8 5 6 1 7 2 6 10 5 4 1 4 4 4 7 4 2 6 7 10 8 9 2 9 8 6 9 1 10 6 10 3 10 3 7 7 4 5 6 9 4 2 6 5 9 6 3 6 1 4 9 10 10 8 2 3 3 1 6 1 5 
4251.93 4837.45 4725.25 4533.88 3801.73 4637.88 4195.73 4535.3 4285.27 3995.45 4494.77 3734.27 3383.72 4135.1 4691.51 4778.05 3820.72 4401.62 4668.82 3613.12 4508.41 4514.66 3653.85 4703.87 3836.28 4289.05 3509.16 4134.4 4135.67 3952.28 4476.83 3451.35 4205.55 4426.29 3941.61 4298.99 4663.37 4056.43 4670.73 4735.68 3704.66 4279.27 4889.06 3380.07 3468.8 3719.07 4143.52 4623.09 3906.89 4478.23 3853.99 4494.09 4293.56 4072.21 3573.58 4149.91 3447.52 4179.08 4796.31 4515.59 3776.41 4713.79 3575.43 4481.92 3772.43 3604.63 3882.73 3553.54 3836.68 4439.83 3400.37 3684.93 4328.25 4571.48 4252.72 4023.46 4465.94 4330.71 3371.26 4337.18 3738.96 3443.36 3675.76 4538.27 3917.89 4053.04 3748.4 4126.51 4248.96 4660.29 4730.0 4088.49 4676.01 4335.58 4715.73 4708.89 4137.11 4066.29 3728.0 4210.23 3791.76 3774.24 3913.24 4661.32 4451.08 4002.03 4834.74 4130.6 4689.92 3311.91 4105.08 4432.84 3904.04 4688.27 4362.4 3886.74 3790.46 4213.55 3916.92 4669.14 4123.01 3990.32 4679.88 3534.5 3460.03 3870.77 4399.41 4277.37 4282.2 4767.94 
0.58 0.72 0.53 0.98 0.16 0.63 0.46 0.9 0.5 0.88 0.81 0.09 0.15 0.94 0.53 0.84 0.8 0.85 0.53 0.78 0.84 0.67 0.08 0.53 0.09 0.69 0.82 0.72 0.92 0.44 0.72 0.08 0.81 0.99 0.09 0.18 0.53 0.77 0.53 0.53 0.61 0.79 0.61 0.79 0.52 0.69 0.75 0.81 0.57 0.55 0.12 0.1 0.53 0.88 0.11 0.71 0.42 0.91 0.67 0.85 0.65 0.53 0.77 0.91 0.1 0.69 0.15 0.08 0.56 0.66 0.15 0.81 0.45 1.0 0.65 0.48 0.98 0.09 0.67 0.4 0.47 0.73 0.61 0.92 0.7 0.54 0.59 0.85 0.83 0.88 0.53 0.44 0.53 0.72 0.77 0.53 0.4 0.51 0.57 0.47 0.08 0.74 0.08 1.0 0.83 0.8 0.11 0.64 0.53 0.76 0.68 0.5 0.2 0.53 0.69 0.08 0.55 0.91 0.81 0.53 0.68 0.73 0.65 0.74 0.1 0.09 0.84 0.8 0.85 0.16 
0.55 1.0 0.9 0.85 0.73 0.73 0.55 0.53 1.0 0.73 0.64 1.0 1.0 0.83 1.0 1.0 1.0 0.63 0.56 0.86 0.78 1.0 0.68 0.9 1.0 0.81 0.89 0.66 0.55 0.9 0.83 0.8 0.88 0.52 0.98 0.99 0.97 1.0 0.79 1.0 0.91 1.0 0.61 0.99 0.55 0.66 1.0 0.65 0.98 0.66 0.6 0.98 1.0 0.96 0.9 0.89 0.93 1.0 0.98 1.0 0.6 0.54 1.0 0.74 0.65 0.57 1.0 0.86 1.0 1.0 0.56 0.86 0.84 0.89 0.87 1.0 0.61 0.55 0.55 1.0 0.77 0.95 0.92 0.63 0.69 0.67 0.99 0.57 0.61 0.96 0.57 0.91 0.94 0.65 0.74 0.57 1.0 1.0 0.96 0.91 0.57 0.68 0.71 0.77 1.0 0.87 0.99 0.84 0.57 0.94 0.58 0.59 0.75 0.85 1.0 0.89 0.58 0.88 0.82 0.87 0.77 1.0 0.76 0.57 0.64 0.79 0.86 1.0 0.82 0.56 
1.0 0.92 0.85 0.52 0.69 0.83 0.96 0.77 0.71 0.94 0.92 0.59 1.0 0.9 0.67 0.82 1.0 1.0 0.58 1.0 0.62 0.85 1.0 0.57 0.99 0.62 0.75 0.79 0.56 1.0 0.9 0.96 0.76 0.6 0.74 0.9 1.0 0.9 1.0 0.61 0.67 1.0 0.57 0.67 0.91 0.86 0.86 1.0 0.56 1.0 0.71 1.0 0.84 0.65 0.79 0.71 0.62 0.52 1.0 0.99 1.0 0.65 0.96 1.0 0.84 0.59 0.96 0.63 1.0 1.0 0.85 0.51 0.96 0.69 0.5 0.56 0.62 1.0 0.73 0.7 0.99 0.8 0.59 0.59 1.0 1.0 0.93 0.57 0.64 0.77 0.77 0.94 0.65 0.66 0.69 0.93 0.88 0.84 0.74 0.96 0.93 0.62 0.72 0.54 0.6 0.67 0.71 1.0 0.55 0.97 0.99 1.0 0.63 0.83 1.0 1.0 1.0 0.98 0.57 0.84 0.89 0.86 0.72 0.62 0.96 0.69 0.91 0.57 0.95 1.0 
0.6 0.66 0.63 0.61 0.69 1.0 0.88 0.7 0.86 0.82 0.83 1.0 0.84 0.65 0.78 0.88 0.72 0.73 0.95 0.97 0.78 0.96 0.82 0.8 0.65 0.79 0.8 0.51 0.89 0.83 0.57 0.85 1.0 0.61 0.84 0.76 0.99 1.0 1.0 1.0 0.72 0.97 0.55 0.55 0.87 0.82 0.68 1.0 0.55 0.73 0.57 0.93 1.0 0.71 0.74 0.68 1.0 0.56 1.0 0.57 0.69 0.85 0.64 1.0 0.76 0.97 0.67 0.53 0.67 0.63 0.83 0.52 0.61 0.84 0.91 0.97 1.0 0.58 0.56 0.57 1.0 1.0 0.83 0.55 0.97 0.59 1.0 0.87 0.9 0.84 1.0 0.85 0.68 0.62 0.58 0.94 0.88 0.93 0.81 1.0 0.98 0.96 0.97 0.71 1.0 1.0 1.0 0.81 0.59 1.0 0.77 0.52 1.0 1.0 0.63 0.76 0.54 0.88 0.93 0.81 0.84 1.0 1.0 0.99 0.92 0.95 0.93 0.74 0.78 0.84 
0.94 0.72 0.66 0.59 1.0 0.55 1.0 0.73 0.83 0.72 0.72 0.65 0.94 0.99 0.93 0.69 0.64 0.82 1.0 0.54 0.93 1.0 0.64 0.56 0.84 1.0 1.0 0.72 0.81 0.84 0.76 0.86 0.75 0.91 0.63 1.0 0.91 0.59 0.82 1.0 0.83 0.87 0.59 0.97 0.56 0.56 0.8 1.0 1.0 0.99 0.72 0.99 1.0 0.74 0.8 0.51 1.0 0.72 0.54 0.85 0.5 0.5 0.84 0.71 0.83 0.69 1.0 0.77 0.52 0.88 0.71 0.91 0.96 0.56 0.99 1.0 0.82 0.96 0.92 0.94 0.92 0.77 0.5 0.65 0.69 0.7 1.0 0.75 0.69 0.51 0.98 1.0 0.83 0.61 0.56 1.0 0.52 0.83 0.94 0.97 0.51 0.95 0.55 0.56 0.93 1.0 0.92 0.55 0.86 0.66 0.89 0.7 0.54 0.55 0.61 0.76 0.56 0.71 0.62 0.72 0.61 0.68 0.63 0.51 1.0 1.0 0.78 0.65 0.53 0.76 
1.0 0.53 0.69 0.98 0.93 1.0 0.66 1.0 0.66 0.74 1.0 0.83 0.78 0.88 0.88 0.77 1.0 0.9 0.61 1.0 0.88 0.79 0.65 0.66 0.75 0.98 0.66 0.72 0.78 0.99 0.7 1.0 0.73 0.81 0.85 0.69 0.54 0.58 0.57 0.8 0.76 0.67 0.69 0.67 0.67 0.93 0.59 0.54 0.74 0.87 0.93 0.94 1.0 0.97 0.62 0.97 0.78 0.62 0.85 0.83 0.52 0.64 1.0 0.81 0.68 0.59 0.91 0.57 0.95 0.73 0.79 0.72 0.73 0.74 0.54 1.0 0.85 0.69 0.79 0.8 0.95 0.9 0.6 1.0 0.51 0.52 0.82 0.62 0.96 0.85 1.0 0.82 0.83 1.0 0.78 1.0 0.63 0.87 0.85 0.58 1.0 0.53 0.96 0.77 0.55 0.54 0.53 0.6 1.0 0.98 0.69 0.79 0.95 0.77 0.99 1.0 1.0 0.85 0.79 1.0 0.99 0.65 0.62 0.56 0.68 0.98 0.51 0.93 0.56 0.67 
0.31 0.23 0.22 0.15 0.32 0.33 0.3 0.21 0.34 0.3 0.35 0.32 0.61 0.42 0.42 0.38 0.46 0.34 0.19 0.45 0.31 0.64 0.23 0.15 0.4 0.39 0.35 0.14 0.17 0.63 0.23 0.56 0.36 0.14 0.33 0.47 0.47 0.31 0.36 0.49 0.27 0.56 0.08 0.24 0.16 0.24 0.28 0.35 0.23 0.42 0.16 0.85 0.84 0.32 0.26 0.21 0.45 0.13 0.45 0.4 0.11 0.1 0.51 0.42 0.24 0.13 0.59 0.13 0.33 0.4 0.22 0.15 0.35 0.21 0.21 0.55 0.26 0.21 0.16 0.3 0.67 0.52 0.13 0.13 0.24 0.14 0.76 0.13 0.24 0.27 0.43 0.59 0.28 0.16 0.13 0.49 0.25 0.56 0.46 0.49 0.26 0.2 0.26 0.13 0.31 0.32 0.34 0.22 0.16 0.59 0.27 0.17 0.24 0.3 0.38 0.52 0.18 0.45 0.21 0.42 0.35 0.38 0.21 0.1 0.38 0.51 0.29 0.25 0.18 0.24 
1003.22 1088.3 2094.77 2132.71 798.21 1041.79 1090.58 2151.9 1509.55 1334.94 1951.66 952.98 732.38 2570.5 1959.63 1456.53 1188.97 1465.91 1630.82 1014.49 1209.99 1528.02 795.45 2630.5 1095.41 1246.19 1026.07 1078.36 1842.93 1020.89 2138.43 799.12 2348.84 2300.59 793.04 779.06 1907.53 1299.96 2111.32 2038.54 807.96 1148.03 1175.37 1073.6 949.17 1249.33 1714.72 1516.13 892.11 1726.89 854.14 832.8 1541.72 1403.96 724.97 1561.94 1297.92 1198.26 1974.66 2201.08 1222.88 2912.62 1210.26 2330.16 742.63 1205.14 928.95 786.77 837.67 1231.36 760.12 1798.54 887.47 2581.42 1208.19 1597.35 1478.12 768.3 1090.65 1184.49 837.67 985.14 960.52 1997.33 760.21 1193.5 1727.5 2199.59 1452.97 1537.07 1886.63 1002.8 2121.21 1314.31 1852.0 2061.57 1022.12 1064.14 1666.16 1152.24 863.84 1870.68 757.93 2991.51 2104.65 1147.71 786.41 1696.22 1786.25 885.99 1027.42 1536.48 870.46 1894.71 1810.74 719.7 1728.67 1369.22 1115.35 1749.34 1293.24 1622.73 1213.9 1242.4 678.66 761.22 1267.31 1897.96 1781.33 708.09 
320.61 223.24 429.74 283.99 238.29 354.53 321.94 423.7 493.61 430.24 636.84 325.31 445.84 1021.4 782.54 564.78 578.66 499.95 221.15 436.26 363.78 959.9 193.68 386.07 440.74 494.4 375.52 135.27 317.29 576.48 366.02 484.79 822.46 259.65 259.75 376.97 843.85 382.72 778.01 964.28 198.73 623.56 107.85 257.83 125.98 305.57 483.24 503.94 160.15 708.46 120.73 721.64 1336.08 492.38 229.11 312.19 567.17 133.58 823.68 805.03 186.25 297.96 618.98 918.99 179.84 183.1 553.76 90.91 295.99 450.47 172.08 343.51 298.35 621.6 192.33 903.28 402.68 157.9 209.45 348.87 561.66 511.48 104.18 264.15 200.71 169.79 1268.97 295.99 409.45 497.86 693.21 588.62 534.24 207.43 259.45 1136.56 290.66 584.94 745.09 570.13 210.47 360.14 177.92 490.66 686.3 436.68 276.73 407.74 253.69 536.05 243.89 235.69 205.0 519.44 718.67 339.59 303.91 603.0 229.82 761.28 453.68 626.77 295.83 131.71 258.18 426.54 432.78 490.17 284.87 184.68 
4516.12 4941.52 9973.87 10163.55 3491.03 4708.95 4952.92 10259.48 7047.73 6174.68 9258.32 4264.91 3161.88 12352.49 9298.14 6782.65 5444.85 6829.57 7654.08 4572.43 5549.95 7140.11 3477.25 12652.49 4977.03 5730.93 4630.37 4891.78 8714.64 4604.45 10192.15 3495.62 11244.19 11002.95 3465.22 3395.29 9037.67 5999.78 10056.59 9692.69 3539.81 5240.14 5376.84 4867.99 4245.83 5746.64 8073.58 7080.65 3960.53 8134.43 3770.69 3663.99 7208.62 6519.82 3124.87 7309.7 5989.6 5491.32 9373.31 10505.42 5614.4 14063.08 5551.28 11150.8 3213.15 5525.68 4144.77 3433.86 3688.35 5656.81 3300.6 8492.71 3937.37 12407.11 5540.95 7486.74 6890.58 3341.5 4953.25 5422.47 3688.37 4425.68 4302.6 9486.65 3301.03 5467.49 8137.5 10497.94 6764.84 7185.33 8933.15 4514.01 10106.05 6071.57 8760.0 9807.87 4610.62 4820.69 7830.81 5261.21 3819.19 8853.39 3289.67 14457.54 10023.25 5238.55 3432.06 7981.12 8431.25 3929.96 4637.09 7182.42 3852.32 8973.56 8553.7 3098.49 8143.36 6346.09 5076.76 8246.71 5966.22 7613.63 5569.49 5712.01 2893.32 3306.12 5836.53 8989.82 8406.67 3040.47 
1103.07 616.19 1648.72 919.93 691.45 1272.66 1109.71 1618.51 1968.03 1651.2 2684.19 1126.57 1729.22 4607.0 3412.7 2323.91 2393.32 1999.73 605.76 1681.31 1318.91 4299.5 468.42 1430.33 1703.72 1971.99 1377.62 176.34 1086.43 2382.4 1330.1 1923.93 3612.32 798.25 798.75 1384.84 3719.23 1413.62 3390.04 4321.41 493.64 2617.8 39.24 789.17 129.92 1027.83 1916.21 2019.68 300.76 3042.29 103.67 3108.22 6180.38 1961.91 645.56 1060.94 2335.85 167.92 3618.42 3525.14 431.26 989.8 2594.88 4094.96 399.18 415.48 2268.79 -45.45 979.95 1752.35 360.39 1217.55 991.77 2607.98 461.63 4016.42 1513.38 289.49 547.24 1244.35 2308.29 2057.41 20.88 820.75 503.53 348.97 5844.84 979.96 1547.26 1989.31 2966.03 2443.08 2171.2 537.15 797.27 5182.79 953.28 2424.7 3225.46 2350.63 552.33 1300.71 389.59 1953.31 2931.48 1683.41 883.64 1538.71 768.44 2180.27 719.47 678.46 525.01 2097.2 3093.37 1197.97 1019.55 2515.02 649.1 3306.39 1768.39 2633.86 979.13 158.56 790.9 1632.7 1663.9 1950.84 924.36 423.42 
170.08 96.75 189.01 90.68 114.05 139.14 83.91 136.06 85.71 119.86 134.84 149.37 101.51 82.7 93.83 95.56 114.62 88.03 140.06 144.52 90.17 135.44 73.08 141.12 76.73 85.78 105.27 124.03 165.43 79.05 89.54 69.03 168.22 88.53 157.66 128.97 139.9 162.26 186.83 142.07 74.09 85.59 97.78 101.4 104.06 111.57 82.87 92.46 78.14 89.56 115.62 89.88 85.87 81.44 107.21 166.0 103.43 125.37 95.93 90.31 113.29 94.28 71.51 89.64 75.45 72.09 77.65 71.07 115.1 88.8 68.01 147.4 86.56 137.14 85.05 120.7 89.32 86.61 134.85 86.74 112.17 103.3 110.27 90.77 78.36 121.59 74.97 123.8 84.98 93.21 141.9 81.77 140.28 130.07 141.47 141.27 82.74 121.99 74.56 84.2 75.84 75.48 117.4 139.84 89.02 120.06 96.69 123.92 187.6 66.24 82.1 88.66 117.12 93.77 87.25 77.73 75.81 126.41 117.51 93.38 82.46 79.81 93.6 70.69 69.2 77.42 87.99 128.32 128.47 143.04 
36 13 40 12 21 26 11 25 12 22 25 32 19 11 13 13 21 12 26 30 12 25 10 26 10 12 20 23 35 11 12 9 36 12 33 24 26 34 40 27 10 12 13 19 19 21 11 13 11 12 22 12 12 11 20 35 19 23 13 12 21 13 10 12 10 10 11 10 21 12 9 31 12 26 12 22 12 12 28 12 21 19 21 12 11 23 10 23 12 13 27 11 26 24 26 26 11 23 10 12 10 10 22 26 12 22 13 23 40 9 11 12 22 13 12 11 10 24 22 13 11 11 13 10 9 11 12 24 24 27 
221 214 23 192 228 53 209 219 155 6 128 155 183 162 63 97 121 190 68 30 182 137 112 79 82 188 193 178 3 41 122 29 179 156 74 69 86 74 30 223 146 77 123 105 214 91 73 209 161 95 87 6 114 32 185 46 118 113 197 220 16 153 210 63 172 94 120 82 78 233 1 91 132 138 168 202 151 127 233 143 180 55 218 132 65 148 154 15 63 196 226 27 182 207 158 170 61 79 110 188 154 211 163 188 194 172 228 86 138 154 86 113 102 203 74 194 173 22 64 63 88 53 54 59 158 148 191 81 134 122 
240 240 232 226 240 137 240 240 240 219 240 240 207 240 145 240 203 240 112 206 240 240 163 225 109 240 227 240 131 136 237 171 209 240 118 240 235 240 240 240 240 240 238 240 240 240 240 240 240 240 229 114 240 76 240 219 240 177 240 240 64 240 240 174 240 202 240 160 203 240 221 175 240 240 240 240 240 225 240 240 240 99 240 240 163 240 240 177 240 240 240 68 240 240 202 221 240 240 240 240 198 240 194 240 240 240 240 204 240 236 157 240 240 240 233 225 240 214 226 103 156 240 128 174 229 199 235 240 240 240 
10
0.0 0.0 0.0 0.0 0.0 0.0 0.0 0.0 0.0 0.0 
100.0 100.0 100.0 0.0 0.0 0.0 100.0 0.0 0.0 0.0 
0 0 0 14 14 14 0 14 14 14 15 9 14 10 5 14 7 13 11 12 7 11 12 10 5 11 7 12 11 11 10 14 7 13 7 9 14 17 13 9 4 11 12 10 11 13 7 10 14 9 10 11 4 10 17 5 4 12 10 8 15 12 8 13 16 11 11 13 12 8 12 9 9 9 14 8 7 11 13 12 11 11 7 7 10 17 8 7 16 8 13 16 8 10 11 12 12 11 6 12 15 8 6 16 13 5 14 16 13 7 10 13 11 11 4 14 9 12 11 11 13 8 17 11 6 12 9 6 11 14 11 12 11 9 13 2 6 3 14 10 
0 0 0 14 14 14 0 14 14 14 15 9 14 10 5 14 7 13 11 12 7 11 12 10 5 11 7 12 11 11 10 14 7 13 7 9 14 17 13 9 4 11 12 10 11 13 7 10 14 9 10 11 4 10 17 5 4 12 10 8 15 12 8 13 16 11 11 13 12 8 12 9 9 9 14 8 7 11 13 12 11 11 7 7 10 17 8 7 16 8 13 16 8 10 11 12 12 11 6 12 15 8 6 16 13 5 14 16 13 7 10 13 11 11 4 14 9 12 11 11 13 8 17 11 6 12 9 6 11 14 11 12 11 9 13 2 6 3 14 10 
0 0 0 14 14 14 0 14 14 14 15 9 14 10 5 14 7 13 11 12 7 11 12 10 5 11 7 12 11 11 10 14 7 13 7 9 14 17 13 9 4 11 12 10 11 13 7 10 14 9 10 11 4 10 17 5 4 12 10 8 15 12 8 13 16 11 11 13 12 8 12 9 9 9 14 8 7 11 13 12 11 11 7 7 10 17 8 7 16 8 13 16 8 10 11 12 12 11 6 12 15 8 6 16 13 5 14 16 13 7 10 13 11 11 4 14 9 12 11 11 13 8 17 11 6 12 9 6 11 14 11 12 11 9 13 2 6 3 14 10 
14 14 14 0 0 0 14 0 0 0 10 14 10 10 8 16 9 17 9 15 7 14 2 3 8 3 7 2 4 13 8 12 10 2 11 11 16 12 11 7 10 10 14 9 14 17 7 14 10 5 3 9 10 5 13 9 11 4 5 12 14 10 8 9 14 13 4 15 8 10 3 13 5 10 7 7 11 7 3 4 3 14 10 7 4 13 9 7 11 6 18 13 5 11 9 3 2 15 12 11 13 9 8 14 18 10 9 14 8 9 6 4 3 3 13 15 8 16 13 5 7 11 12 9 10 4 14 9 3 9 2 10 5 13 7 12 10 11 17 4 
14 14 14 0 0 0 14 0 0 0 10 14 10 10 8 16 9 17 9 15 7 14 2 3 8 3 7 2 4 13 8 12 10 2 11 11 16 12 11 7 10 10 14 9 14 17 7 14 10 5 3 9 10 5 13 9 11 4 5 12 14 10 8 9 14 13 4 15 8 10 3 13 5 10 7 7 11 7 3 4 3 14 10 7 4 13 9 7 11 6 18 13 5 11 9 3 2 15 12 11 13 9 8 14 18 10 9 14 8 9 6 4 3 3 13 15 8 16 13 5 7 11 12 9 10 4 14 9 3 9 2 10 5 13 7 12 10 11 17 4 
14 14 14 0 0 0 14 0 0 0 10 14 10 10 8 16 9 17 9 15 7 14 2 3 8 3 7 2 4 13 8 12 10 2 11 11 16 12 11 7 10 10 14 9 14 17 7 14 10 5 3 9 10 5 13 9 11 4 5 12 14 10 8 9 14 13 4 15 8 10 3 13 5 10 7 7 11 7 3 4 3 14 10 7 4 13 9 7 11 6 18 13 5 11 9 3 2 15 12 11 13 9 8 14 18 10 9 14 8 9 6 4 3 3 13 15 8 16 13 5 7 11 12 9 10 4 14 9 3 9 2 10 5 13 7 12 10 11 17 4 
0 0 0 14 14 14 0 14 14 14 15 9 14 10 5 14 7 13 11 12 7 11 12 10 5 11 7 12 11 11 10 14 7 13 7 9 14 17 13 9 4 11 12 10 11 13 7 10 14 9 10 11 4 10 17 5 4 12 10 8 15 12 8 13 16 11 11 13 12 8 12 9 9 9 14 8 7 11 13 12 11 11 7 7 10 17 8 7 16 8 13 16 8 10 11 12 12 11 6 12 15 8 6 16 13 5 14 16 13 7 10 13 11 11 4 14 9 12 11 11 13 8 17 11 6 12 9 6 11 14 11 12 11 9 13 2 6 3 14 10 
14 14 14 0 0 0 14 0 0 0 10 14 10 10 8 16 9 17 9 15 7 14 2 3 8 3 7 2 4 13 8 12 10 2 11 11 16 12 11 7 10 10 14 9 14 17 7 14 10 5 3 9 10 5 13 9 11 4 5 12 14 10 8 9 14 13 4 15 8 10 3 13 5 10 7 7 11 7 3 4 3 14 10 7 4 13 9 7 11 6 18 13 5 11 9 3 2 15 12 11 13 9 8 14 18 10 9 14 8 9 6 4 3 3 13 15 8 16 13 5 7 11 12 9 10 4 14 9 3 9 2 10 5 13 7 12 10 11 17 4 
14 14 14 0 0 0 14 0 0 0 10 14 10 10 8 16 9 17 9 15 7 14 2 3 8 3 7 2 4 13 8 12 10 2 11 11 16 12 11 7 10 10 14 9 14 17 7 14 10 5 3 9 10 5 13 9 11 4 5 12 14 10 8 9 14 13 4 15 8 10 3 13 5 10 7 7 11 7 3 4 3 14 10 7 4 13 9 7 11 6 18 13 5 11 9 3 2 15 12 11 13 9 8 14 18 10 9 14 8 9 6 4 3 3 13 15 8 16 13 5 7 11 12 9 10 4 14 9 3 9 2 10 5 13 7 12 10 11 17 4 
14 14 14 0 0 0 14 0 0 0 10 14 10 10 8 16 9 17 9 15 7 14 2 3 8 3 7 2 4 13 8 12 10 2 11 11 16 12 11 7 10 10 14 9 14 17 7 14 10 5 3 9 10 5 13 9 11 4 5 12 14 10 8 9 14 13 4 15 8 10 3 13 5 10 7 7 11 7 3 4 3 14 10 7 4 13 9 7 11 6 18 13 5 11 9 3 2 15 12 11 13 9 8 14 18 10 9 14 8 9 6 4 3 3 13 15 8 16 13 5 7 11 12 9 10 4 14 9 3 9 2 10 5 13 7 12 10 11 17 4 
15 15 15 10 10 10 15 10 10 10 0 8 1 4 10 7 7 9 4 7 9 7 8 10 11 9 9 9 7 6 4 3 7 7 8 6 7 2 3 6 11 4 6 4 7 10 9 8 1 8 10 4 12 7 2 10 11 6 6 7 5 2 7 2 4 7 7 7 3 7 7 8 10 6 2 7 8 4 7 6 9 8 8 9 9 3 6 9 0 10 10 3 8 5 3 8 9 8 9 4 3 7 9 4 10 10 1 4 2 8 6 5 7 8 11 6 6 9 7 6 3 7 2 3 9 6 8 9 8 1 9 3 6 8 3 13 8 12 8 8 
9 9 9 14 14 14 9 14 14 14 8 0 7 4 7 4 4 3 5 2 7 1 11 11 9 11 8 11 9 1 5 5 4 11 3 2 4 9 4 6 7 4 2 5 1 4 7 0 6 9 11 5 9 8 9 7 5 10 8 2 6 5 5 6 6 1 9 3 6 3 10 0 10 3 9 6 3 7 11 9 11 1 3 7 10 8 5 8 8 9 4 8 9 2 5 11 12 2 3 3 5 5 7 7 4 6 7 7 7 5 7 10 10 10 5 4 6 2 1 8 8 2 9 5 5 9 0 6 10 7 11 5 8 0 8 8 4 7 4 10 
14 14 14 10 10 10 14 10 10 10 1 7 0 4 9 6 7 8 3 6 8 6 8 10 11 9 9 9 7 5 4 2 6 8 7 5 6 2 2 5 11 3 5 4 6 9 8 7 0 8 10 3 12 7 2 10 10 6 6 6 4 2 6 1 3 6 7 6 3 6 7 7 10 5 3 7 8 4 7 6 9 6 7 9 9 3 6 9 1 9 9 2 8 4 3 8 9 7 8 3 3 6 9 3 9 9 1 3 2 7 6 6 8 8 10 5 5 8 6 6 3 6 2 3 8 6 7 9 8 1 9 2 6 7 3 12 8 11 7 8 
10 10 10 10 10 10 10 10 10 10 4 4 4 0 6 6 3 7 0 5 5 4 7 8 7 8 5 7 5 3 1 4 2 7 3 1 6 7 2 2 7 0 3 0 4 7 5 4 3 6 8 1 8 5 6 6 6 6 4 3 5 2 2 2 6 3 5 5 2 2 6 4 7 1 5 3 3 3 7 5 7 4 3 5 7 7 2 6 5 6 8 6 5 1 1 7 8 5 4 1 4 2 5 6 8 5 3 6 3 3 4 5 6 6 6 5 2 6 3 4 4 2 6 1 4 5 4 5 6 3 8 1 4 3 4 8 4 7 7 6 
5 5 5 8 8 8 5 8 8 8 10 7 9 6 0 12 3 11 6 10 1 8 6 5 1 5 1 6 5 8 5 10 3 7 4 5 12 12 8 4 1 7 9 5 9 11 1 8 9 3 5 6 2 4 12 0 3 6 4 5 12 8 3 8 12 8 5 11 6 4 6 7 3 5 9 3 4 6 7 6 5 8 3 1 4 13 3 1 11 2 12 12 3 6 6 6 6 9 4 7 11 3 0 12 12 1 8 12 7 2 4 7 5 5 5 11 4 10 8 5 7 5 12 7 2 6 7 0 5 8 5 7 5 6 7 3 2 2 12 4 
14 14 14 16 16 16 14 16 16 16 7 4 6 6 12 0 8 2 7 1 11 3 14 14 13 14 12 14 12 4 7 4 8 13 7 6 0 8 4 9 12 6 3 7 3 2 11 4 6 12 14 7 13 11 7 11 10 12 11 6 3 6 9 7 4 3 12 0 8 7 13 5 14 7 9 10 7 9 13 12 14 3 8 11 14 6 8 12 7 13 3 5 12 5 7 13 15 2 8 5 4 9 11 4 3 10 7 4 8 9 10 12 13 13 9 1 9 3 3 11 9 6 7 6 9 11 4 11 13 8 14 6 11 5 10 13 9 12 1 13 
7 7 7 9 9 9 7 9 9 9 7 4 7 3 3 8 0 8 3 6 2 5 7 6 4 7 3 7 5 4 3 7 0 7 1 2 8 10 5 2 4 3 5 3 5 8 3 5 6 5 7 3 5 4 9 3 3 6 4 2 8 5 1 5 8 4 5 7 4 0 6 4 6 1 7 1 1 4 7 6 6 5 0 3 6 10 1 4 8 4 8 9 4 3 4 6 7 6 2 4 7 0 2 9 9 2 6 9 5 1 3 6 6 6 4 7 2 7 4 5 5 1 9 3 1 5 4 2 6 6 7 4 4 3 6 5 1 4 8 5 
13 13 13 17 17 17 13 17 17 17 9 3 8 7 11 2 8 0 7 2 11 2 14 14 12 15 11 15 12 4 8 6 7 14 7 6 2 10 6 9 11 6 3 8 2 0 11 3 8 12 14 8 12 12 9 11 9 13 11 5 5 7 9 8 6 3 12 2 8 7 13 4 14 6 11 9 7 10 14 12 14 2 7 11 14 8 8 12 9 13 0 7 12 5 8 14 15 1 7 5 5 8 10 6 1 10 8 6 9 9 11 12 13 13 8 3 9 1 3 12 10 6 9 7 8 12 3 10 13 9 15 7 11 4 10 12 8 10 1 13 
11 11 11 9 9 9 11 9 9 9 4 5 3 0 6 7 3 7 0 5 5 5 6 7 7 7 5 7 5 3 0 4 3 6 4 2 7 6 3 2 7 1 4 0 5 8 5 5 3 5 7 0 8 4 6 6 6 5 3 3 6 1 2 2 6 4 5 6 1 2 6 5 7 2 4 3 4 2 6 4 7 5 3 5 6 7 2 6 5 6 8 6 5 2 0 6 7 6 5 2 5 3 5 6 9 5 2 6 2 3 3 5 5 5 7 6 2 7 4 4 3 3 6 0 4 4 5 5 5 3 7 1 3 4 3 8 4 7 7 5 
12 12 12 15 15 15 12 15 15 15 7 2 6 5 10 1 6 2 5 0 9 1 12 13 11 13 10 13 10 2 6 4 6 12 5 4 1 8 3 7 10 4 1 6 1 2 9 2 6 11 13 5 11 10 7 9 8 11 9 4 3 5 7 6 4 1 10 1 6 5 11 3 12 5 9 8 5 8 12 10 12 1 6 9 12 6 6 10 7 11 3 6 10 3 6 12 13 1 6 3 3 7 9 4 3 8 6 4 7 7 9 10 11 11 8 1 7 2 1 9 8 4 7 5 7 10 3 9 11 7 13 5 9 3 8 11 7 10 2 11 
7 7 7 7 7 7 7 7 7 7 9 7 8 5 1 11 2 11 5 9 0 8 5 4 2 4 0 5 4 7 4 9 3 6 4 4 11 11 7 2 2 6 8 4 8 11 0 8 8 2 4 5 3 2 11 2 4 5 3 5 11 6 2 6 11 7 4 10 5 3 5 7 3 4 7 1 4 4 6 5 4 8 3 0 3 12 2 1 9 2 11 11 2 5 5 5 5 9 4 6 10 2 1 11 12 2 7 11 6 1 3 6 4 4 5 10 2 10 7 4 6 4 11 5 2 5 7 1 4 7 5 6 4 6 6 4 2 3 11 3 
11 11 11 14 14 14 11 14 14 14 7 1 6 4 8 3 5 2 5 1 8 0 11 11 10 12 8 12 9 1 5 4 4 11 4 3 3 8 3 6 8 3 0 5 0 3 8 1 6 9 12 5 10 9 7 8 6 10 8 3 4 5 6 6 5 0 9 2 6 4 10 1 11 4 8 6 4 7 11 9 11 0 4 8 11 7 5 9 7 10 3 6 9 2 5 11 12 1 4 3 4 5 7 5 4 7 6 5 7 6 8 10 10 10 6 3 6 2 0 9 8 3 8 4 6 9 1 7 10 7 12 4 8 2 8 9 5 8 3 10 
12 12 12 2 2 2 12 2 2 2 8 11 8 7 6 14 7 14 6 12 5 11 0 2 6 1 5 0 1 10 6 10 7 0 8 8 14 10 9 5 8 8 11 6 12 15 5 12 8 2 2 6 8 3 11 7 9 2 3 9 12 7 6 7 12 11 1 13 6 8 0 11 3 7 5 5 9 4 1 2 1 12 8 5 2 11 6 5 9 4 15 11 3 9 6 0 0 12 9 9 11 6 6 12 15 8 7 12 6 6 3 2 1 1 11 12 5 14 11 2 4 8 10 7 8 2 11 6 1 6 1 7 2 10 4 10 7 9 14 1 
10 10 10 3 3 3 10 3 3 3 10 11 10 8 5 14 6 14 7 13 4 11 2 0 4 0 3 1 2 10 6 11 7 3 8 8 14 12 10 5 6 8 11 7 12 15 3 12 9 1 0 7 6 2 12 5 8 4 3 9 13 8 5 8 13 11 2 13 7 7 3 11 1 7 7 4 8 5 3 4 1 12 7 4 0 13 6 3 10 2 15 12 2 9 7 2 2 13 8 9 12 6 5 13 16 6 8 13 7 5 4 4 2 1 9 13 5 14 11 3 6 8 12 8 7 4 11 5 1 8 1 8 3 10 6 8 6 7 15 1 
5 5 5 8 8 8 5 8 8 8 11 9 11 7 1 13 4 12 7 11 2 10 6 4 0 5 2 6 5 9 6 11 5 7 5 6 13 13 10 5 1 8 10 7 10 13 2 9 10 4 5 7 1 4 14 1 4 7 5 6 13 9 4 9 13 9 5 12 7 5 6 8 3 6 10 4 5 7 7 7 5 10 5 2 4 14 5 1 12 2 13 13 3 8 7 6 6 11 5 9 12 4 2 13 13 2 9 13 8 3 5 7 5 5 5 12 5 12 9 6 8 6 13 8 4 6 8 2 5 9 5 8 6 8 8 3 4 3 13 5 
11 11 11 3 3 3 11 3 3 3 9 11 9 8 5 14 7 15 7 13 4 12 1 0 5 0 4 1 2 11 6 11 7 2 8 8 14 12 10 5 7 8 12 7 12 15 4 12 9 2 0 7 7 3 12 6 8 3 3 9 13 8 6 8 13 11 2 14 7 7 2 11 1 8 7 5 9 5 3 3 0 12 7 4 0 13 6 3 10 3 15 12 2 9 7 1 1 13 9 9 12 6 5 13 16 7 8 13 7 6 4 4 1 1 10 13 5 14 11 3 6 8 12 8 7 3 11 5 1 8 0 8 3 10 6 8 7 8 15 1 
7 7 7 7 7 7 7 7 7 7 9 8 9 5 1 12 3 11 5 10 0 8 5 3 2 4 0 5 3 7 4 9 3 5 4 5 12 11 8 3 2 6 9 5 9 12 0 8 8 2 4 5 3 2 12 2 4 5 3 5 11 7 2 7 11 8 4 11 5 4 5 7 2 4 7 2 4 5 5 5 4 8 4 0 3 12 3 0 10 1 12 11 1 6 5 5 5 9 5 7 10 3 1 12 12 2 7 11 6 2 3 6 4 3 6 11 3 10 8 4 6 5 11 6 3 5 7 1 4 7 4 6 4 7 6 4 3 4 12 3 
12 12 12 2 2 2 12 2 2 2 9 11 9 7 6 14 7 15 7 13 5 12 0 1 6 1 5 0 2 11 6 11 7 1 9 8 14 11 10 5 7 8 11 7 12 15 5 12 8 2 1 7 8 3 12 7 9 2 3 9 13 8 6 7 12 11 2 13 6 8 1 11 2 8 6 5 9 5 2 3 0 12 8 5 1 12 6 4 9 4 15 12 3 9 7 1 0 13 9 9 11 6 6 13 16 7 8 12 6 6 3 3 1 1 11 13 5 14 11 3 5 9 11 7 8 2 11 6 1 7 0 8 3 11 5 9 7 9 15 1 
11 11 11 4 4 4 11 4 4 4 7 9 7 5 5 12 5 12 5 10 4 9 1 2 5 2 3 2 0 8 4 9 5 2 7 6 12 9 7 3 6 6 9 4 10 13 3 10 6 1 2 5 7 1 10 6 8 1 1 7 11 6 4 5 10 9 0 11 4 6 1 9 3 6 5 3 7 3 1 1 2 10 6 4 2 10 4 3 8 3 13 10 2 7 4 1 2 11 7 7 9 4 5 11 14 6 6 10 4 5 1 2 0 1 9 11 3 12 9 1 3 6 9 5 6 1 9 5 0 5 2 6 1 8 3 8 6 8 12 0 
11 11 11 13 13 13 11 13 13 13 6 1 5 3 8 4 4 4 3 2 7 1 10 10 9 11 7 11 8 0 4 3 4 10 3 2 4 7 2 5 8 2 1 4 1 4 7 2 5 8 11 4 9 8 7 7 6 9 7 2 4 4 5 5 5 0 8 3 4 3 9 2 10 3 7 6 4 6 10 8 10 1 4 7 10 7 4 8 6 9 4 6 8 1 4 10 11 2 4 2 4 4 7 5 5 6 5 5 5 5 7 8 9 9 6 3 5 3 0 7 6 2 7 3 5 8 2 7 9 6 11 3 7 2 7 9 5 8 4 9 
10 10 10 8 8 8 10 8 8 8 4 5 4 1 5 7 3 8 0 6 4 5 6 6 6 6 4 6 4 4 0 4 3 6 4 2 7 7 3 1 6 1 5 0 5 8 4 6 3 4 6 0 7 3 7 6 6 4 3 3 6 2 2 2 6 5 4 7 1 2 5 5 6 2 4 2 4 1 5 4 6 5 3 4 6 7 2 5 5 6 9 6 4 2 1 5 7 6 5 2 5 2 4 7 9 5 3 6 2 3 2 4 5 5 7 6 1 8 4 3 3 3 7 1 4 4 5 5 5 3 6 1 3 4 3 8 4 7 8 5 
14 14 14 12 12 12 14 12 12 12 3 5 2 4 10 4 7 6 4 4 9 4 10 11 11 11 9 11 9 3 4 0 6 10 7 5 4 3 1 6 11 3 3 4 4 6 9 5 2 9 11 4 12 8 3 10 9 8 8 6 2 2 6 3 1 4 9 4 4 6 9 6 11 5 5 7 7 5 9 8 11 5 7 9 10 3 6 10 3 11 7 2 9 4 4 10 11 5 8 2 0 7 9 2 7 9 3 1 4 8 7 8 9 10 10 3 6 6 4 7 5 5 3 3 8 8 5 9 9 4 11 3 7 6 5 12 8 11 5 9 
7 7 7 10 10 10 7 10 10 10 7 4 6 2 3 8 0 7 3 6 3 4 7 7 5 7 3 7 5 4 3 6 0 7 1 1 8 9 5 2 4 3 5 3 5 8 3 4 6 5 7 3 5 4 9 3 3 6 4 1 8 4 1 5 8 4 5 7 4 0 7 3 6 1 7 2 1 4 7 6 7 5 0 3 6 9 1 4 8 5 8 9 4 2 4 7 8 6 2 4 7 0 2 9 8 2 6 8 5 1 4 6 6 6 4 7 2 7 4 5 6 1 9 3 1 6 4 2 6 6 7 4 5 3 6 5 1 4 8 6 
13 13 13 2 2 2 13 2 2 2 7 11 8 7 7 13 7 14 6 12 6 11 0 3 7 2 5 1 2 10 6 10 7 0 9 8 14 10 9 5 8 7 11 6 12 15 5 12 7 3 2 6 9 3 10 8 10 1 3 9 12 7 6 6 11 11 1 13 5 8 0 11 4 7 5 5 9 4 0 2 2 12 8 6 2 11 6 5 8 5 15 10 4 8 6 0 1 12 9 8 10 6 7 12 15 8 6 11 5 7 3 2 1 1 11 12 5 14 11 2 4 8 10 7 8 2 11 7 1 6 2 7 2 10 4 10 8 9 14 2 
7 7 7 11 11 11 7 11 11 11 8 3 7 3 4 7 1 7 4 5 4 4 8 8 5 8 4 9 7 3 4 7 1 9 0 1 7 10 5 4 4 4 4 4 4 7 4 4 7 6 8 4 5 5 10 4 2 8 5 1 8 5 2 6 8 4 7 6 5 1 8 2 7 1 8 3 0 5 8 7 8 4 0 4 7 10 2 5 9 6 7 9 5 3 4 8 9 5 1 4 7 2 3 9 8 3 6 8 6 2 5 8 7 7 3 7 3 6 4 6 7 1 10 4 1 7 3 3 7 7 8 4 6 2 7 5 1 4 7 7 
9 9 9 11 11 11 9 11 11 11 6 2 5 1 5 6 2 6 2 4 4 3 8 8 6 8 5 8 6 2 2 5 1 8 1 0 6 8 3 3 6 2 3 2 3 6 5 3 5 6 8 2 7 5 8 5 4 7 5 1 6 3 2 4 6 2 6 5 3 1 7 2 7 0 6 3 2 4 8 6 8 3 1 5 7 8 2 6 7 7 7 7 6 1 3 8 9 4 2 2 5 2 4 7 7 4 5 7 5 3 4 7 7 7 5 5 3 5 2 6 5 0 8 2 3 6 2 4 7 5 8 3 5 2 5 7 2 6 6 7 
14 14 14 16 16 16 14 16 16 16 7 4 6 6 12 0 8 2 7 1 11 3 14 14 13 14 12 14 12 4 7 4 8 14 7 6 0 8 4 9 12 6 3 7 3 2 11 4 6 12 14 7 13 11 7 11 10 12 11 6 3 6 9 7 4 3 12 0 8 7 13 5 14 7 10 10 7 9 13 12 14 3 8 11 14 6 8 12 8 13 3 5 12 5 7 13 15 2 8 5 4 8 11 4 2 10 7 4 8 9 10 12 13 13 9 1 9 3 3 11 9 6 7 6 9 11 4 11 13 8 14 6 11 5 10 13 9 11 1 13 
17 17 17 12 12 12 17 12 12 12 2 9 2 7 12 8 10 10 6 8 11 8 10 12 13 12 11 11 9 7 7 3 9 10 10 8 8 0 4 8 13 6 7 6 8 10 11 9 3 10 12 6 15 9 1 13 13 8 9 9 4 4 9 4 4 8 9 7 5 9 9 9 12 8 4 9 10 6 9 8 11 9 10 11 11 1 9 12 1 12 10 2 11 7 6 10 11 9 11 6 4 9 12 3 10 12 3 3 5 10 8 7 10 10 13 6 8 10 8 8 5 9 0 6 11 8 9 12 10 4 11 5 8 9 5 15 11 14 9 10 
13 13 13 11 11 11 13 11 11 11 3 4 2 2 8 4 5 6 3 3 7 3 9 10 10 10 8 10 7 2 3 1 5 9 5 3 4 4 0 5 9 1 3 3 4 6 8 4 2 8 10 2 11 7 4 9 8 7 6 4 3 1 5 2 3 3 7 4 3 4 8 4 10 4 5 6 6 4 8 7 9 4 5 8 9 4 5 9 4 9 7 3 8 2 3 9 10 4 6 1 2 5 8 3 7 8 2 3 3 6 6 7 8 8 8 3 5 6 3 6 5 4 4 2 7 7 4 8 8 3 10 1 6 4 5 11 6 9 5 8 
9 9 9 7 7 7 9 7 7 7 6 6 5 2 4 9 2 9 2 7 2 6 5 5 5 5 3 5 3 5 1 6 2 5 4 3 9 8 5 0 5 3 6 2 7 10 2 7 5 3 5 2 6 2 8 4 5 3 1 4 8 3 1 3 8 6 3 8 2 3 4 6 4 2 4 1 4 1 4 3 4 7 3 3 4 9 1 3 6 4 10 8 3 4 2 4 5 8 5 4 7 2 3 8 11 4 4 8 3 2 1 4 3 3 7 8 0 9 6 2 3 3 8 3 4 3 6 3 3 4 5 3 2 5 3 7 3 6 10 3 
4 4 4 10 10 10 4 10 10 10 11 7 11 7 1 12 4 11 7 10 2 8 8 6 1 7 2 7 6 8 6 11 4 8 4 6 12 13 9 5 0 7 9 7 9 11 3 8 10 5 6 7 1 5 13 0 2 8 6 5 12 9 4 9 13 8 6 11 8 4 8 7 5 5 10 4 4 7 8 8 7 8 4 2 6 14 4 3 12 3 12 13 4 7 7 7 8 9 4 8 11 4 1 13 12 1 10 13 9 3 5 8 7 6 4 11 5 10 8 7 9 5 13 8 2 7 7 1 6 10 7 8 6 6 9 1 3 1 12 6 
11 11 11 10 10 10 11 10 10 10 4 4 3 0 7 6 3 6 1 4 6 3 8 8 8 8 6 8 6 2 1 3 3 7 4 2 6 6 1 3 7 0 3 1 4 7 6 4 2 6 8 1 9 5 6 7 6 6 5 3 5 1 3 2 5 3 6 5 2 3 7 4 8 2 4 4 4 3 7 5 8 4 3 6 8 6 3 7 5 7 7 5 6 1 1 7 8 5 5 0 4 3 6 5 7 6 2 5 3 4 4 6 7 7 7 4 3 6 3 5 4 2 6 0 5 5 4 6 7 3 8 0 5 4 4 9 4 8 6 6 
12 12 12 14 14 14 12 14 14 14 6 2 5 3 9 3 5 3 4 1 8 0 11 11 10 12 9 11 9 1 5 3 5 11 4 3 3 7 3 6 9 3 0 4 1 3 8 2 5 9 11 4 10 9 7 8 7 9 8 3 4 4 6 5 4 1 9 2 5 4 10 2 11 4 8 7 5 6 10 9 11 1 5 8 11 6 5 9 7 10 4 5 9 2 5 11 12 1 5 2 3 5 8 5 4 7 5 4 6 6 8 9 10 10 7 2 6 3 0 8 7 3 7 4 6 9 2 8 10 6 11 4 8 2 7 10 6 9 3 10 
10 10 10 9 9 9 10 9 9 9 4 5 4 0 5 7 3 8 0 6 4 5 6 7 7 7 5 7 4 4 0 4 3 6 4 2 7 6 3 2 7 1 4 0 5 8 4 5 3 5 7 0 8 4 6 6 6 5 3 3 6 2 2 2 6 4 4 6 1 2 5 5 6 2 4 3 4 2 6 4 6 5 3 5 6 7 2 5 5 6 8 6 5 2 0 6 7 6 5 2 5 2 5 6 9 5 3 6 2 3 3 4 5 5 7 6 1 7 4 3 3 3 6 1 4 4 5 5 5 3 7 1 3 4 3 8 4 7 8 5 
11 11 11 14 14 14 11 14 14 14 7 1 6 4 9 3 5 2 5 1 8 0 12 12 10 12 9 12 10 1 5 4 5 12 4 3 3 8 4 7 9 4 1 5 0 3 9 1 6 10 12 5 10 9 8 8 7 10 9 3 4 5 6 6 5 0 10 2 6 4 11 2 11 4 9 7 4 7 11 10 12 0 5 9 11 7 6 9 8 10 3 6 10 3 6 11 12 0 5 3 4 6 8 5 3 7 6 5 7 6 8 10 11 11 6 2 6 2 1 9 8 3 8 5 6 10 1 8 11 7 12 5 9 2 8 10 6 8 2 10 
13 13 13 17 17 17 13 17 17 17 10 4 9 7 11 2 8 0 8 2 11 3 15 15 13 15 12 15 13 4 8 6 8 15 7 6 2 10 6 10 11 7 3 8 3 0 11 3 8 13 15 8 13 12 9 11 9 13 12 6 6 8 9 9 6 3 13 2 9 7 14 4 14 7 11 10 7 10 14 13 15 3 8 11 14 9 9 12 10 13 0 8 13 6 9 14 15 2 7 6 6 9 11 7 0 10 9 7 10 9 11 13 14 14 8 3 9 1 4 12 11 6 10 8 9 13 4 11 14 10 15 7 12 5 11 12 9 11 1 13 
7 7 7 7 7 7 7 7 7 7 9 7 8 5 1 11 3 11 5 9 0 8 5 3 2 4 0 5 3 7 4 9 3 5 4 5 11 11 8 2 3 6 8 4 9 11 0 8 8 2 4 5 3 2 11 2 4 5 2 5 11 6 2 6 11 8 3 10 5 4 5 7 3 4 7 1 4 4 5 5 4 8 3 0 3 12 3 0 9 1 12 11 1 6 5 4 5 9 5 7 10 2 1 11 12 2 7 11 6 2 2 5 4 3 6 10 2 10 8 4 6 5 11 5 3 4 7 1 3 7 4 6 3 6 6 5 3 4 11 3 
10 10 10 14 14 14 10 14 14 14 8 0 7 4 8 4 5 3 5 2 8 1 12 12 9 12 8 12 10 2 6 5 4 12 4 3 4 9 4 7 8 4 2 5 1 3 8 0 7 10 12 5 9 9 9 8 6 10 8 3 6 6 6 7 6 1 10 3 6 4 11 1 11 4 9 7 4 7 11 10 12 0 4 8 11 8 5 9 8 10 3 8 9 3 6 11 12 1 4 4 5 5 7 7 4 7 7 7 7 6 8 10 11 11 5 4 6 2 1 9 8 3 9 5 5 10 0 7 11 8 12 5 9 1 9 9 5 7 3 10 
14 14 14 10 10 10 14 10 10 10 1 6 0 3 9 6 6 8 3 6 8 6 8 9 10 9 8 8 6 5 3 2 6 7 7 5 6 3 2 5 10 2 5 3 6 8 8 7 0 7 9 2 11 6 3 9 9 6 6 6 4 1 5 1 4 5 6 6 2 6 7 6 9 5 3 6 7 3 7 5 8 6 6 8 8 3 5 8 2 9 9 3 8 4 2 7 9 6 8 2 3 6 8 4 9 9 0 3 2 7 5 5 7 7 10 5 5 8 5 5 3 5 3 2 8 5 7 8 7 1 9 2 5 6 3 12 7 10 7 7 
9 9 9 5 5 5 9 5 5 5 8 9 8 6 3 12 5 12 5 11 2 9 2 1 4 2 2 2 1 8 4 9 5 3 6 6 12 10 8 3 5 6 9 5 10 13 2 10 7 0 2 5 5 1 11 4 6 3 1 7 11 6 3 6 11 9 1 11 5 5 2 9 1 5 6 3 6 4 3 3 1 10 5 2 1 11 4 2 9 1 13 11 0 7 5 2 2 11 7 7 10 4 3 12 14 5 7 11 5 4 2 3 1 1 8 11 3 12 9 2 5 6 10 6 5 2 9 4 1 6 2 6 2 8 5 7 5 6 13 0 
10 10 10 3 3 3 10 3 3 3 10 11 10 8 5 14 7 14 7 13 4 12 2 0 5 0 4 1 2 11 6 11 7 2 8 8 14 12 10 5 6 8 11 7 12 15 4 12 9 2 0 7 6 2 12 6 8 3 3 9 13 8 5 8 13 11 2 14 7 7 2 11 1 8 7 5 8 5 3 4 0 12 7 4 0 13 6 3 10 2 15 12 2 9 7 2 1 13 9 9 12 6 5 13 16 6 8 13 7 6 4 4 2 1 10 13 5 14 11 3 6 8 12 8 7 3 11 5 1 8 0 8 3 10 6 8 7 8 15 1 
11 11 11 9 9 9 11 9 9 9 4 5 3 1 6 7 3 8 0 5 5 5 6 7 7 7 5 7 5 4 0 4 3 6 4 2 7 6 2 2 7 1 4 0 5 8 5 5 2 5 7 0 8 4 6 6 7 5 4 4 6 1 3 1 6 4 5 6 0 3 5 5 7 2 3 3 5 2 6 4 7 5 4 5 6 6 2 6 4 6 8 5 5 2 0 6 7 6 5 2 4 3 5 6 9 6 2 5 2 4 3 4 5 6 7 6 2 7 4 4 2 3 6 0 5 4 5 5 5 2 7 1 3 5 3 9 4 8 8 5 
4 4 4 10 10 10 4 10 10 10 12 9 12 8 2 13 5 12 8 11 3 10 8 6 1 7 3 8 7 9 7 12 5 9 5 7 13 15 11 6 1 9 10 8 10 13 3 9 11 5 6 8 0 6 15 1 3 8 6 7 14 10 5 10 14 9 7 12 9 6 8 8 5 7 11 5 5 8 9 8 7 10 5 3 6 15 6 3 13 4 13 14 5 8 8 8 8 11 5 9 13 5 3 14 13 2 11 14 10 4 6 9 7 7 5 12 6 11 9 7 9 7 14 9 4 8 8 2 7 11 7 9 7 8 10 1 4 2 13 6 
10 10 10 5 5 5 10 5 5 5 7 8 7 5 4 11 4 12 4 10 2 9 3 2 4 3 2 3 1 8 3 8 4 3 5 5 11 9 7 2 5 5 9 4 9 12 2 9 6 1 2 4 6 0 10 5 6 2 0 6 10 5 3 5 10 8 1 11 4 5 2 8 2 5 5 2 6 3 3 2 2 9 5 3 2 10 3 2 8 2 12 10 1 6 4 2 3 10 6 6 9 3 3 10 13 5 6 10 4 3 1 3 1 1 8 10 2 11 8 1 4 6 9 5 5 2 8 4 1 5 2 5 1 8 4 7 4 6 12 1 
17 17 17 13 13 13 17 13 13 13 2 9 2 6 12 7 9 9 6 7 11 7 11 12 14 12 12 12 10 7 7 3 9 10 10 8 7 1 4 8 13 6 7 6 8 9 11 9 3 11 12 6 15 10 0 13 12 9 9 9 3 4 9 4 3 7 10 7 6 9 10 9 13 8 5 9 10 7 10 8 12 8 10 12 12 0 9 12 2 12 10 1 11 7 6 10 12 8 11 5 3 9 12 2 10 12 4 2 5 10 9 8 10 11 13 5 8 9 7 9 6 8 0 5 11 9 9 12 11 4 12 5 9 9 6 15 10 14 8 11 
5 5 5 9 9 9 5 9 9 9 10 7 10 6 0 11 3 11 6 9 2 8 7 5 1 6 2 7 6 7 6 10 3 8 4 5 11 13 9 4 0 7 8 6 8 11 2 8 9 4 6 6 1 5 13 0 2 7 5 5 12 8 3 8 12 8 6 10 7 4 7 6 4 5 9 3 4 6 8 7 6 8 3 2 5 13 4 2 11 3 11 12 4 6 7 7 7 9 3 7 11 3 1 12 12 0 9 12 8 2 5 8 6 6 4 11 4 10 8 6 8 5 13 7 2 7 7 1 6 9 6 7 6 6 8 2 2 1 11 5 
4 4 4 11 11 11 4 11 11 11 11 5 10 6 3 10 3 9 6 8 4 6 9 8 4 8 4 9 8 6 6 9 3 10 2 4 10 13 8 5 2 6 7 6 7 9 4 6 9 6 8 7 3 6 12 2 0 9 6 3 11 8 4 8 11 6 8 9 7 3 9 5 7 4 10 4 2 7 9 9 8 6 2 4 7 13 4 5 11 5 9 12 6 5 7 9 9 7 2 7 10 3 3 11 10 1 9 11 8 3 6 9 8 8 1 9 5 8 6 8 9 4 12 7 1 8 5 2 8 9 9 7 7 4 9 3 2 1 10 7 
12 12 12 4 4 4 12 4 4 4 6 10 6 6 6 12 6 13 5 11 5 10 2 4 7 3 5 2 1 9 4 8 6 1 8 7 12 8 7 3 8 6 9 5 10 13 5 10 6 3 3 5 8 2 9 7 9 0 2 8 10 5 5 5 10 9 1 11 4 6 1 9 4 6 3 4 8 2 1 0 3 10 7 5 3 9 5 5 7 5 14 9 3 7 4 1 3 11 8 7 9 5 6 10 14 7 5 10 4 6 2 0 1 2 10 11 4 12 9 1 2 7 8 5 7 0 10 6 2 4 3 5 1 9 2 10 7 9 13 2 
10 10 10 5 5 5 10 5 5 5 6 8 6 4 4 11 4 11 3 9 3 8 3 3 5 3 3 3 1 7 3 8 4 3 5 5 11 9 6 1 6 5 8 3 9 12 2 8 6 1 3 4 6 0 9 5 6 2 0 6 10 5 2 4 10 8 1 10 3 4 2 8 3 4 4 2 6 2 3 2 3 8 5 3 2 10 3 3 7 3 12 9 2 6 3 2 3 9 6 6 8 3 4 10 12 5 5 9 4 3 0 2 2 2 8 10 2 11 8 1 3 5 9 4 5 1 8 4 2 5 3 5 0 7 3 8 4 7 11 1 
8 8 8 12 12 12 8 12 12 12 7 2 6 3 5 6 2 5 3 4 5 3 9 9 6 9 5 9 7 2 3 6 1 9 1 1 6 9 4 4 5 3 3 3 3 6 5 3 6 7 9 4 7 6 9 5 3 8 6 0 7 4 3 5 7 2 7 5 5 1 8 1 8 1 8 4 1 5 9 7 9 3 1 5 8 9 2 6 8 7 6 8 6 2 4 8 10 4 1 3 6 2 4 8 7 4 6 7 6 3 5 8 8 8 4 5 3 5 2 6 6 0 9 4 2 7 2 4 8 6 9 4 6 1 7 6 2 5 6 7 
15 15 15 14 14 14 15 14 14 14 5 6 4 5 12 3 8 5 6 3 11 4 12 13 13 13 11 13 11 4 6 2 8 12 8 6 3 4 3 8 12 5 4 6 4 6 11 6 4 11 13 6 14 10 3 12 11 10 10 7 0 4 8 5 0 5 11 3 6 7 11 6 13 7 7 9 8 7 11 10 13 5 8 11 12 3 8 12 4 12 6 2 11 5 6 12 13 4 9 4 1 8 11 1 6 11 5 1 6 9 9 10 11 12 11 2 8 6 4 9 7 7 4 5 9 10 6 11 11 6 13 5 9 6 7 14 9 12 4 11 
12 12 12 10 10 10 12 10 10 10 2 5 2 2 8 6 5 7 1 5 6 5 7 8 9 8 7 8 6 4 2 2 4 7 5 3 6 4 1 3 9 1 4 2 5 8 6 6 1 6 8 1 10 5 4 8 8 5 5 4 4 0 4 0 4 4 6 6 1 4 6 5 8 3 3 5 6 2 6 5 8 5 5 7 8 5 4 7 3 8 8 4 7 3 1 7 8 6 6 1 3 4 7 5 8 7 1 4 1 5 4 5 6 7 8 5 3 7 4 5 3 4 4 1 6 5 5 7 7 2 8 0 4 5 3 10 6 9 7 6 
8 8 8 8 8 8 8 8 8 8 7 5 6 2 3 9 1 9 2 7 2 6 6 5 4 6 2 6 4 5 2 6 1 6 2 2 9 9 5 1 4 3 6 2 6 9 2 6 5 3 5 3 5 3 9 3 4 5 2 3 8 4 0 4 8 5 4 8 3 1 5 5 5 2 6 0 3 3 5 4 5 6 2 2 5 9 0 3 7 4 9 8 3 3 3 5 6 7 3 4 7 0 2 9 10 3 5 8 4 1 2 5 4 4 5 8 0 8 5 3 4 2 9 3 2 4 5 2 4 5 6 3 3 4 4 6 2 5 9 4 
13 13 13 9 9 9 13 9 9 9 2 6 1 2 8 7 5 8 2 6 6 6 7 8 9 8 7 7 5 5 2 3 5 6 6 4 7 4 2 3 9 2 5 2 6 9 6 7 1 6 8 1 10 5 4 8 8 5 4 5 5 0 4 0 5 5 5 6 1 5 6 6 8 4 2 5 6 2 6 4 7 6 5 7 7 5 4 7 3 7 9 4 6 3 1 6 7 7 7 2 4 5 7 5 9 7 0 5 1 5 4 4 6 6 9 6 3 8 5 4 2 5 4 1 7 4 6 7 6 1 7 1 4 6 2 11 6 9 8 6 
16 16 16 14 14 14 16 14 14 14 4 6 3 6 12 4 8 6 6 4 11 5 12 13 13 13 11 12 10 5 6 1 8 11 8 6 4 4 3 8 13 5 4 6 5 6 11 6 4 11 13 6 14 10 3 12 11 10 10 7 0 4 8 5 0 5 10 4 6 8 11 7 13 7 7 9 9 7 11 9 13 6 8 11 12 2 8 12 4 12 7 1 11 5 6 11 13 5 9 4 1 8 11 0 7 11 4 0 6 9 9 9 11 11 11 2 8 6 5 9 7 7 3 5 10 9 7 11 11 5 13 5 9 7 7 14 9 13 5 11 
11 11 11 13 13 13 11 13 13 13 7 1 6 3 8 3 4 3 4 1 7 0 11 11 9 11 8 11 9 0 5 4 4 11 4 2 3 8 3 6 8 3 1 4 0 3 8 1 5 9 11 4 9 8 7 8 6 9 8 2 5 4 5 5 5 0 9 2 5 4 10 1 10 3 8 6 4 6 10 9 11 0 4 8 10 7 5 9 7 9 4 6 9 2 5 10 12 1 4 3 4 5 7 6 4 7 6 5 6 5 7 9 10 10 6 3 5 3 0 8 7 3 8 4 5 9 1 7 10 6 11 4 8 1 7 9 5 8 3 9 
11 11 11 4 4 4 11 4 4 4 7 9 7 5 5 12 5 12 5 10 4 9 1 2 5 2 4 2 0 8 4 9 5 1 7 6 12 9 7 3 6 6 9 4 10 13 3 10 6 1 2 5 7 1 10 6 8 1 1 7 11 6 4 5 10 9 0 11 4 6 1 9 3 6 4 3 7 3 1 1 2 10 6 4 2 10 4 3 7 3 13 10 2 7 4 1 2 11 8 7 9 4 5 11 14 6 6 10 4 5 1 2 0 1 9 11 3 12 9 1 3 7 9 5 6 1 9 5 0 5 2 6 1 9 3 8 6 8 13 0 
13 13 13 15 15 15 13 15 15 15 7 3 6 5 11 0 7 2 6 1 10 2 13 13 12 14 11 13 11 3 7 4 7 13 6 5 0 7 4 8 11 5 2 6 2 2 10 3 6 11 14 6 12 11 7 10 9 11 10 5 3 6 8 6 4 2 11 0 7 6 12 4 13 6 9 9 7 8 12 11 13 2 7 10 13 6 7 11 7 12 3 5 11 4 6 12 14 1 7 4 3 8 10 4 3 9 7 4 8 8 10 11 12 12 9 1 8 2 2 10 9 5 7 6 8 11 4 10 12 7 13 5 10 4 9 12 8 11 1 12 
12 12 12 8 8 8 12 8 8 8 3 6 3 2 6 8 4 8 1 6 5 6 6 7 7 7 5 6 4 4 1 4 4 5 5 3 8 5 3 2 8 2 5 1 6 9 5 6 2 5 7 0 9 4 6 7 7 4 3 5 6 1 3 1 6 5 4 7 0 4 5 6 7 3 3 3 5 1 5 3 6 6 4 5 6 6 3 6 4 6 9 5 5 3 0 5 7 7 6 2 5 4 6 6 10 6 1 6 1 4 3 4 5 5 8 6 2 8 5 3 2 4 5 1 6 3 6 6 5 2 6 1 3 6 2 9 5 8 8 5 
8 8 8 10 10 10 8 10 10 10 7 3 6 2 4 7 0 7 2 5 3 4 8 7 5 7 4 8 6 3 2 6 0 8 1 1 7 9 4 3 4 3 4 2 4 7 4 4 6 5 7 3 6 5 9 4 3 6 4 1 7 4 1 5 8 4 6 6 4 0 7 3 6 0 7 2 1 4 7 6 7 4 0 4 7 9 1 5 8 5 8 8 5 2 3 7 8 5 2 3 6 1 3 8 8 3 5 8 5 1 4 7 6 6 4 6 2 6 3 5 5 1 9 3 2 6 3 3 6 6 8 3 5 2 6 6 1 4 7 6 
12 12 12 3 3 3 12 3 3 3 7 10 7 6 6 13 6 13 6 11 5 10 0 3 6 2 5 1 1 9 5 9 7 0 8 7 13 9 8 4 8 7 10 5 11 14 5 11 7 2 2 5 8 2 10 7 9 1 2 8 11 6 5 6 11 10 1 12 5 7 0 10 3 7 5 4 8 3 0 1 2 11 7 5 2 10 5 5 8 4 14 10 3 8 5 0 1 12 9 8 10 6 6 11 15 7 6 11 5 6 3 1 0 1 10 12 4 13 10 1 3 8 9 6 7 1 10 6 1 5 2 6 2 10 3 10 7 9 13 1 
9 9 9 13 13 13 9 13 13 13 8 0 7 4 7 5 4 4 5 3 7 1 11 11 8 11 7 11 9 2 5 6 3 11 2 2 5 9 4 6 7 4 2 5 2 4 7 1 6 9 11 5 8 8 9 6 5 9 8 1 6 5 5 6 7 1 9 4 6 3 10 0 10 3 9 6 2 7 10 9 11 1 3 7 10 9 4 8 8 9 4 8 8 2 5 10 11 2 3 4 6 4 6 7 5 5 7 7 7 5 7 9 10 10 4 4 5 3 1 8 8 2 9 5 4 9 0 6 10 7 11 5 8 0 8 8 4 6 5 9 
9 9 9 5 5 5 9 5 5 5 10 10 10 7 3 14 6 14 7 12 3 11 3 1 3 1 2 2 3 10 6 11 6 4 7 7 14 12 10 4 5 8 11 6 11 14 3 11 9 1 1 7 5 2 13 4 7 4 3 8 13 8 5 8 13 10 3 13 7 6 3 10 0 7 8 4 7 5 4 4 2 11 6 3 1 13 5 2 11 1 14 12 1 8 7 3 3 12 8 9 12 5 4 13 15 5 8 13 7 5 3 5 3 2 8 13 5 13 10 4 6 7 12 8 6 4 10 4 2 8 2 8 4 9 6 6 6 6 14 2 
9 9 9 10 10 10 9 10 10 10 6 3 5 1 5 7 1 6 2 5 4 4 7 7 6 8 4 8 6 3 2 5 1 7 1 0 7 8 4 2 5 2 4 2 4 7 4 4 5 5 8 2 7 5 8 5 4 6 4 1 7 3 2 4 7 3 6 6 3 0 7 3 7 0 6 2 2 3 7 6 7 4 1 4 7 8 1 5 7 6 7 7 5 1 3 7 8 5 3 2 6 1 4 7 8 4 4 7 4 2 4 6 6 6 5 6 2 6 3 5 5 1 8 2 3 6 3 4 6 5 8 3 5 2 5 7 2 5 7 6 
14 14 14 7 7 7 14 7 7 7 2 9 3 5 9 9 7 11 4 9 7 8 5 7 10 7 7 6 5 7 4 5 7 5 8 6 10 4 5 4 10 4 8 4 9 11 7 9 3 6 7 3 11 5 5 9 10 3 4 8 7 3 6 2 7 8 4 9 3 7 5 9 8 6 0 6 8 3 4 3 6 9 7 8 7 6 6 8 3 8 12 5 7 6 3 5 6 9 9 5 6 6 8 7 12 9 2 6 1 7 4 3 5 5 11 8 5 11 8 3 1 7 4 4 8 3 9 8 5 1 7 4 4 8 1 12 8 11 10 5 
8 8 8 7 7 7 8 7 7 7 7 6 7 3 3 10 1 9 3 8 1 6 5 4 4 5 2 5 3 6 2 7 2 5 3 3 10 9 6 1 4 4 7 3 7 10 1 7 6 3 5 3 5 2 9 3 4 4 2 4 9 5 0 5 9 6 3 9 3 2 4 6 4 2 6 0 3 3 5 4 4 7 2 2 4 10 1 2 8 3 10 9 2 4 3 4 5 8 4 5 8 1 2 9 11 3 5 9 4 1 2 5 4 4 6 8 1 9 6 3 4 3 9 4 3 4 6 2 4 5 5 4 3 5 4 6 2 5 10 3 
7 7 7 11 11 11 7 11 11 11 8 3 8 3 4 7 1 7 4 5 4 4 9 8 5 9 4 9 7 4 4 7 1 9 0 2 7 10 6 4 4 4 5 4 4 7 4 4 7 6 8 5 5 6 10 4 2 8 6 1 8 6 3 6 9 4 7 7 5 1 8 2 7 2 8 3 0 6 9 8 8 4 1 4 8 10 2 5 9 6 7 9 6 3 5 8 9 5 0 4 7 2 3 9 8 3 7 9 7 2 5 8 8 7 2 7 4 6 4 7 7 1 10 4 1 7 3 3 8 7 9 5 6 2 7 5 1 4 7 7 
11 11 11 7 7 7 11 7 7 7 4 7 4 3 6 9 4 10 2 8 4 7 4 5 7 5 5 5 3 6 1 5 4 4 5 4 9 6 4 1 7 3 6 2 7 10 4 7 3 4 5 2 8 3 7 6 7 2 2 5 7 2 3 2 7 6 3 8 1 4 3 7 5 3 3 3 6 0 4 2 5 7 5 5 5 7 3 5 5 5 11 7 4 4 1 4 5 8 6 4 6 3 5 8 11 6 3 7 1 4 2 2 3 4 8 8 2 9 6 2 1 5 6 2 5 2 7 5 4 2 5 2 1 6 1 9 5 8 10 3 
13 13 13 3 3 3 13 3 3 3 7 11 7 7 7 13 7 14 6 12 6 11 1 3 7 3 5 2 1 10 5 9 7 0 8 8 13 9 8 4 8 7 10 6 11 14 5 11 7 3 3 6 9 3 10 8 9 1 3 9 11 6 5 6 11 10 1 12 5 7 0 10 4 7 4 5 9 4 0 1 2 11 8 6 3 10 6 5 7 5 15 10 4 8 5 1 2 12 9 8 10 6 7 11 15 8 6 11 5 6 3 1 1 2 11 12 5 13 10 2 3 8 9 6 8 1 11 7 1 5 2 6 2 10 3 10 7 10 14 2 
12 12 12 4 4 4 12 4 4 4 6 9 6 5 6 12 6 12 4 10 5 9 2 4 7 3 5 3 1 8 4 8 6 2 7 6 12 8 7 3 8 5 9 4 10 13 5 10 5 3 4 4 8 2 8 7 9 0 2 7 10 5 4 4 9 9 1 11 3 6 1 9 4 6 3 4 8 2 1 0 3 10 7 5 3 9 5 5 6 5 13 8 3 7 4 2 3 10 8 6 8 5 6 10 13 7 4 9 3 6 2 0 2 2 10 10 4 12 9 1 2 7 8 5 7 0 9 6 2 4 3 5 1 9 2 10 6 9 12 2 
11 11 11 3 3 3 11 3 3 3 9 11 9 7 5 14 6 14 7 12 4 11 1 1 5 0 4 0 2 10 6 11 7 2 8 8 14 11 9 4 7 8 11 6 12 15 4 12 8 1 0 7 7 2 12 6 8 3 3 9 13 8 5 7 13 11 2 13 6 7 2 11 2 7 6 4 8 5 2 3 0 12 7 4 0 12 6 3 10 3 15 12 2 9 6 1 1 12 9 9 11 6 5 13 15 7 8 12 6 6 3 3 1 1 10 13 5 14 11 3 5 8 11 7 7 3 11 5 1 7 0 8 3 10 5 8 7 8 14 1 
11 11 11 14 14 14 11 14 14 14 8 1 6 4 8 3 5 2 5 1 8 0 12 12 10 12 8 12 10 1 5 5 5 12 4 3 3 9 4 7 8 4 1 5 0 3 8 0 6 10 12 5 10 9 8 8 6 10 8 3 5 5 6 6 6 0 10 2 6 4 11 1 11 4 9 7 4 7 11 10 12 0 4 8 11 8 5 9 8 10 3 7 9 3 6 11 12 1 4 3 5 5 7 6 3 7 7 6 7 6 8 10 11 11 6 3 6 2 0 9 8 3 8 5 6 10 1 7 11 7 12 5 9 2 8 9 5 8 3 10 
7 7 7 10 10 10 7 10 10 10 8 3 7 3 3 8 0 7 3 6 3 4 8 7 5 7 4 8 6 4 3 7 0 8 0 1 8 10 5 3 4 3 5 3 5 8 3 4 6 5 7 4 5 5 10 3 2 7 5 1 8 5 2 5 8 4 6 7 4 0 7 3 6 1 7 2 1 5 8 7 7 4 0 3 7 10 1 4 8 5 8 9 5 3 4 7 8 5 1 4 7 1 3 9 8 2 6 8 6 1 4 7 7 6 3 7 2 6 4 5 6 1 10 4 1 6 3 3 6 6 8 4 5 3 6 5 1 4 8 6 
7 7 7 7 7 7 7 7 7 7 9 7 9 5 1 11 3 11 5 9 0 8 5 4 2 4 0 5 4 7 4 9 3 6 4 5 11 11 8 3 2 6 8 5 9 11 0 8 8 2 4 5 3 3 12 2 4 5 3 5 11 7 2 7 11 8 4 10 5 4 5 7 3 4 8 2 4 5 6 5 4 8 3 0 3 12 3 0 10 1 12 11 2 6 5 5 5 9 4 7 10 2 1 12 12 2 7 11 6 2 3 6 4 4 5 10 3 10 8 4 6 5 11 6 3 5 7 1 4 7 4 6 4 6 6 4 2 3 12 3 
10 10 10 4 4 4 10 4 4 4 9 10 9 7 4 14 6 14 6 12 3 11 2 0 4 0 3 1 2 10 6 10 6 2 7 7 14 11 9 4 6 8 11 6 11 14 3 11 8 1 0 6 6 2 12 5 7 3 2 8 12 8 5 7 12 10 2 13 6 7 2 10 1 7 7 4 8 5 3 3 0 11 7 3 0 12 5 2 10 2 15 12 1 8 6 2 2 12 8 8 11 5 4 13 15 6 8 12 6 5 3 4 1 1 9 12 4 13 10 3 5 8 11 7 6 3 10 5 1 7 1 7 3 9 5 8 6 7 14 1 
17 17 17 13 13 13 17 13 13 13 3 8 3 7 13 6 10 8 7 6 12 7 11 13 14 13 12 12 10 7 7 3 9 11 10 8 6 1 4 9 14 6 6 7 7 9 12 8 3 11 13 6 15 10 0 13 13 9 10 9 3 5 9 5 2 7 10 6 6 9 10 9 13 8 6 10 10 7 10 9 12 8 10 12 12 0 9 12 2 13 9 0 12 7 6 11 12 8 11 5 3 9 12 2 9 12 4 1 5 10 9 9 11 11 13 5 9 9 7 9 7 8 1 6 11 9 9 12 11 5 12 5 9 9 7 15 11 14 7 11 
8 8 8 9 9 9 8 9 9 9 6 5 6 2 3 8 1 8 2 6 2 5 6 6 5 6 3 6 4 4 2 6 1 6 2 2 8 9 5 1 4 3 5 2 6 9 3 5 5 4 6 2 6 3 9 4 4 5 3 2 8 4 0 4 8 5 4 7 3 1 5 4 5 1 6 1 2 3 6 5 6 5 1 3 5 9 0 4 7 4 9 8 4 3 3 6 7 6 3 4 7 0 3 8 9 3 5 8 4 1 2 5 5 5 5 7 1 8 5 4 4 2 8 3 2 4 5 3 5 5 6 3 3 4 4 6 2 5 9 4 
7 7 7 7 7 7 7 7 7 7 9 8 9 6 1 12 4 12 6 10 1 9 5 3 1 3 0 4 3 8 5 10 4 5 5 6 12 12 9 3 3 7 9 5 9 12 0 9 8 2 3 6 3 2 12 2 5 5 3 6 12 7 3 7 12 9 3 11 6 5 5 8 2 5 8 2 5 5 5 5 3 9 4 0 2 12 4 0 10 0 13 12 1 7 6 4 5 10 5 7 11 3 2 12 13 3 8 12 7 3 3 5 4 3 6 11 3 11 9 4 6 6 12 6 4 4 8 2 3 8 4 7 4 7 6 5 3 4 12 3 
16 16 16 11 11 11 16 11 11 11 0 8 1 5 11 7 8 9 5 7 9 7 9 10 12 10 10 9 8 6 5 3 8 8 9 7 8 1 4 6 12 5 7 5 8 10 9 8 2 9 10 4 13 8 2 11 11 7 7 8 4 3 7 3 4 7 7 7 4 8 8 8 11 7 3 8 9 5 7 6 10 8 8 10 10 2 7 10 0 10 10 2 9 6 4 8 10 8 10 4 3 8 10 4 10 11 2 3 3 9 7 6 8 9 12 6 7 10 7 6 4 7 1 4 10 6 8 10 8 2 10 4 6 8 4 14 9 12 9 8 
8 8 8 6 6 6 8 6 6 6 10 9 9 6 2 13 4 13 6 11 2 10 4 2 2 3 1 4 3 9 6 11 5 5 6 7 13 12 9 4 3 7 10 6 10 13 1 10 9 1 2 6 4 2 12 3 5 5 3 7 12 8 4 7 12 9 3 12 6 5 4 9 1 6 8 3 6 5 5 5 3 10 5 1 2 13 4 0 10 0 13 12 1 7 6 4 4 11 6 8 11 4 2 13 14 4 8 12 7 4 3 5 3 3 7 12 4 12 9 4 6 6 12 7 5 4 9 3 3 8 3 7 4 8 6 5 4 5 13 2 
13 13 13 18 18 18 13 18 18 18 10 4 9 8 12 3 8 0 8 3 11 3 15 15 13 15 12 15 13 4 9 7 8 15 7 7 3 10 7 10 12 7 4 8 3 0 12 3 9 13 15 8 13 12 10 11 9 14 12 6 6 8 9 9 7 4 13 3 9 8 14 4 14 7 12 10 7 11 15 13 15 3 8 12 15 9 9 13 10 13 0 8 13 6 9 15 16 2 7 6 6 9 11 7 0 10 9 7 10 9 11 13 14 14 8 4 10 1 4 12 11 7 10 8 9 13 4 11 14 10 15 8 12 5 11 12 9 11 2 14 
16 16 16 13 13 13 16 13 13 13 3 8 2 6 12 5 9 7 6 6 11 6 11 12 13 12 11 12 10 6 6 2 9 10 9 7 5 2 3 8 13 5 5 6 6 8 11 8 3 11 12 5 14 10 1 12 12 9 9 8 2 4 8 4 1 6 10 5 5 8 10 8 12 7 5 9 9 7 10 8 12 7 9 11 12 0 8 12 2 12 8 0 11 6 5 11 12 7 10 4 2 9 11 1 8 11 4 1 5 10 9 8 10 11 12 4 8 8 6 9 6 8 1 5 10 9 8 11 11 4 12 4 9 8 6 14 10 13 7 11 
8 8 8 5 5 5 8 5 5 5 8 9 8 5 3 12 4 12 5 10 2 9 3 2 3 2 1 3 2 8 4 9 4 4 5 6 12 11 8 3 4 6 9 5 10 13 1 9 8 0 2 5 5 1 11 4 6 3 2 6 11 7 3 6 11 9 2 11 5 5 3 8 1 5 7 2 6 4 4 3 2 9 5 2 1 12 4 1 9 1 13 11 0 7 5 3 3 10 6 7 10 3 3 12 13 4 7 11 6 3 2 4 2 2 7 11 3 12 9 3 5 6 11 6 4 3 9 3 2 7 2 6 2 8 5 6 4 5 13 1 
10 10 10 11 11 11 10 11 11 11 5 2 4 1 6 5 3 5 2 3 5 2 9 9 8 9 6 9 7 1 2 4 2 8 3 1 5 7 2 4 7 1 2 2 3 6 6 3 4 7 9 2 8 6 7 6 5 7 6 2 5 3 3 3 5 2 7 4 3 2 8 2 8 1 6 4 3 4 8 7 9 3 3 6 8 7 3 7 6 7 6 6 7 0 3 8 9 3 3 1 4 3 5 6 6 5 4 5 4 4 5 7 8 8 6 4 3 5 2 6 5 1 7 2 4 6 2 5 8 5 9 2 6 2 5 8 4 7 5 7 
11 11 11 9 9 9 11 9 9 9 3 5 3 1 6 7 4 8 0 6 5 5 6 7 7 7 5 7 4 4 1 4 4 6 4 3 7 6 3 2 7 1 5 0 6 9 5 6 2 5 7 0 8 4 6 7 7 4 3 4 6 1 3 1 6 5 4 6 0 3 5 5 7 3 3 3 5 1 5 4 6 6 4 5 6 6 3 6 4 6 9 5 5 3 0 6 7 6 6 2 5 3 5 6 9 6 2 6 1 4 3 4 5 5 8 6 2 8 5 3 2 3 5 0 5 4 6 6 5 2 7 1 3 5 2 9 5 8 8 5 
12 12 12 3 3 3 12 3 3 3 8 11 8 7 6 13 6 14 6 12 5 11 0 2 6 1 5 1 1 10 5 10 7 0 8 8 13 10 9 4 7 7 11 6 11 14 4 11 7 2 2 6 8 2 10 7 9 1 2 8 12 7 5 6 11 10 1 12 5 7 0 10 3 7 5 4 8 4 1 2 1 11 7 5 2 11 6 4 8 4 15 11 3 8 6 0 1 12 9 8 10 6 6 12 15 7 7 11 5 6 3 2 0 1 10 12 5 13 10 2 4 8 10 6 7 1 11 6 0 6 1 7 2 10 4 9 7 9 14 1 
12 12 12 2 2 2 12 2 2 2 9 12 9 8 6 15 7 15 7 13 5 12 0 2 6 1 5 0 2 11 7 11 8 1 9 9 15 11 10 5 8 8 12 7 12 15 5 12 9 2 1 7 8 3 12 7 9 3 3 10 13 8 6 7 13 12 2 14 7 8 1 11 3 8 6 5 9 5 2 3 1 12 8 5 2 12 7 5 10 4 16 12 3 9 7 1 0 13 10 9 12 7 6 13 16 8 8 13 7 7 4 3 1 1 11 13 6 15 11 3 5 9 11 8 8 3 12 7 1 7 0 8 3 11 5 10 8 9 15 2 
11 11 11 15 15 15 11 15 15 15 8 2 7 5 9 2 6 1 6 1 9 1 12 13 11 13 9 13 11 2 6 5 6 12 5 4 2 9 4 8 9 5 1 6 0 2 9 1 6 11 13 6 11 10 8 9 7 11 9 4 4 6 7 7 5 1 11 1 7 5 12 2 12 5 9 8 5 8 12 10 12 1 5 9 12 8 6 10 8 11 2 7 10 3 6 12 13 0 5 4 5 6 8 6 3 8 7 6 8 7 9 11 11 11 7 2 7 1 1 10 9 4 8 5 7 10 2 8 11 8 13 5 10 3 9 10 6 9 2 11 
6 6 6 12 12 12 6 12 12 12 9 3 8 4 4 8 2 7 5 6 4 4 9 8 5 9 5 9 7 4 5 8 2 9 1 2 8 11 6 5 4 5 5 5 5 7 5 4 8 7 9 5 5 6 11 3 2 8 6 1 9 6 3 7 9 4 8 7 6 2 9 3 8 3 9 4 0 6 9 8 9 4 1 4 8 11 3 5 10 6 7 10 6 3 6 9 10 5 0 5 8 3 3 9 8 2 7 9 7 2 6 9 8 8 2 7 4 6 4 7 8 2 11 5 1 8 3 3 8 8 9 6 7 2 8 5 1 3 8 8 
12 12 12 11 11 11 12 11 11 11 4 3 3 1 7 5 4 5 2 3 6 3 9 9 9 9 7 9 7 2 2 2 4 8 4 2 5 6 1 4 8 0 2 2 3 6 7 4 2 7 9 2 9 6 5 7 7 7 6 3 4 1 4 2 4 3 7 4 2 3 8 4 9 2 5 5 4 4 8 6 9 3 4 7 8 5 4 7 4 8 6 4 7 1 2 8 9 4 5 0 3 4 6 4 7 7 3 4 3 5 5 6 8 8 7 3 4 5 2 6 4 3 5 1 5 6 4 7 8 3 9 1 6 3 5 10 5 8 5 7 
15 15 15 13 13 13 15 13 13 13 3 5 3 4 11 4 7 5 5 3 10 4 11 12 12 12 10 11 9 4 5 0 7 10 7 5 4 4 2 7 11 4 3 5 4 6 10 5 3 10 12 4 13 9 3 11 10 9 8 6 1 3 7 4 1 4 9 3 5 6 10 6 12 6 6 8 7 6 10 8 11 5 7 10 11 3 7 11 3 11 6 2 10 4 5 10 12 5 8 3 0 7 10 1 6 10 3 1 5 8 8 8 10 10 10 2 7 6 4 8 6 6 3 4 9 8 6 10 10 4 12 3 8 6 6 13 8 11 5 10 
8 8 8 9 9 9 8 9 9 9 7 5 6 2 3 9 0 8 3 7 2 5 6 6 4 6 3 6 4 4 2 7 0 6 2 2 8 9 5 2 4 3 5 2 6 9 2 5 6 4 6 3 5 3 9 3 3 5 3 2 8 4 0 5 8 5 4 8 4 1 6 4 5 1 6 1 2 3 6 5 6 5 1 2 5 9 0 3 8 4 9 9 3 3 3 6 7 6 3 4 7 0 2 9 9 2 5 8 5 0 3 6 5 5 4 7 1 8 5 4 5 2 9 3 2 5 5 2 5 6 6 4 4 4 5 5 1 4 9 5 
6 6 6 8 8 8 6 8 8 8 9 7 9 5 0 11 2 10 5 9 1 7 6 5 2 5 1 6 5 7 4 9 2 7 3 4 11 12 8 3 1 6 8 5 8 11 1 7 8 3 5 5 3 3 12 1 3 6 4 4 11 7 2 7 11 7 5 10 6 3 6 6 4 4 8 2 3 5 7 6 5 7 3 1 4 12 3 2 10 2 11 11 3 5 5 6 6 8 3 6 10 2 0 11 11 1 8 11 7 1 4 7 5 5 4 10 3 9 7 5 7 4 11 6 2 6 6 0 5 8 6 6 4 6 7 3 2 2 11 4 
16 16 16 14 14 14 16 14 14 14 4 7 3 6 12 4 9 6 6 4 11 5 12 13 13 13 12 13 11 5 7 2 9 12 9 7 4 3 3 8 13 5 5 6 5 7 11 7 4 12 13 6 14 10 2 12 11 10 10 8 1 5 9 5 0 6 11 4 6 8 11 7 13 7 7 9 9 8 11 10 13 6 9 12 13 2 8 12 4 13 7 1 12 6 6 12 13 6 9 4 1 9 11 0 7 11 5 0 6 10 9 10 11 12 12 3 8 7 5 10 7 7 3 5 10 10 7 11 12 5 13 5 9 7 7 14 10 13 5 11 
13 13 13 18 18 18 13 18 18 18 10 4 9 8 12 3 9 1 9 3 12 4 15 16 13 16 12 16 14 5 9 7 8 15 8 7 2 10 7 11 12 7 4 9 3 0 12 4 9 14 16 9 13 13 10 12 10 14 12 7 6 8 10 9 7 4 14 3 10 8 15 5 15 8 12 11 8 11 15 13 15 3 8 12 15 9 9 13 10 14 0 8 13 6 9 15 16 3 8 7 6 9 11 7 0 11 10 7 10 10 12 14 14 14 9 4 10 1 4 13 12 7 10 8 9 13 4 11 14 10 16 8 12 5 12 12 9 11 1 14 
5 5 5 10 10 10 5 10 10 10 10 6 9 5 1 10 2 10 5 8 2 7 8 6 2 7 2 7 6 6 5 9 2 8 3 4 10 12 8 4 1 6 7 5 7 10 2 7 9 5 6 6 2 5 12 0 1 7 5 4 11 7 3 7 11 7 6 9 6 3 7 5 5 4 9 3 3 6 8 7 7 7 2 2 6 12 3 3 11 4 10 11 4 5 6 7 8 8 2 7 10 2 1 11 11 0 8 11 8 1 5 8 6 6 3 10 4 9 7 6 8 4 12 6 1 7 6 1 6 8 7 7 6 5 8 3 1 1 10 6 
14 14 14 9 9 9 14 9 9 9 1 7 1 3 8 7 6 8 2 6 7 6 7 8 9 8 7 8 6 5 3 3 6 6 6 5 7 3 2 4 10 2 5 3 6 9 7 7 0 7 8 2 11 6 4 9 9 5 5 6 5 1 5 0 4 6 6 7 1 5 6 7 8 4 2 5 7 3 6 4 8 7 6 7 8 4 5 8 2 8 9 4 7 4 2 7 8 7 7 3 3 5 8 5 10 8 0 4 1 6 5 4 6 7 10 6 4 8 6 4 2 5 3 2 7 5 7 8 7 0 8 2 4 7 2 11 7 10 8 6 
16 16 16 14 14 14 16 14 14 14 4 7 3 6 12 4 9 6 6 4 11 5 12 13 13 13 11 12 10 5 6 1 8 11 8 7 4 3 3 8 13 5 4 6 5 7 11 7 3 11 13 5 14 10 2 12 11 10 9 7 1 4 8 5 0 5 10 4 6 8 11 7 13 7 6 9 9 7 11 9 12 6 8 11 12 1 8 12 3 12 7 1 11 5 6 11 13 6 9 4 1 8 11 0 7 11 4 0 5 9 9 9 11 11 11 3 8 7 5 9 7 7 3 5 10 9 7 11 11 5 13 4 9 7 7 14 9 13 5 11 
13 13 13 8 8 8 13 8 8 8 2 7 2 3 7 8 5 9 2 7 6 7 6 7 8 7 6 6 4 5 2 4 5 5 6 5 8 5 3 3 9 3 6 2 7 10 6 7 2 5 7 2 10 4 5 8 8 4 4 6 6 1 4 1 6 6 4 8 1 5 5 7 7 4 1 4 7 1 5 3 6 7 6 6 6 5 4 7 3 7 10 5 6 4 1 5 7 8 7 3 5 5 7 6 10 8 1 5 0 6 3 3 5 5 9 7 3 9 6 3 1 5 5 2 7 3 7 7 5 0 7 2 3 7 1 11 6 9 9 5 
7 7 7 9 9 9 7 9 9 9 8 5 7 3 2 9 1 9 3 7 1 6 6 5 3 6 2 6 5 5 3 8 1 7 2 3 9 10 6 2 3 4 6 3 6 9 2 6 7 4 6 4 4 3 10 2 3 6 3 3 9 5 1 5 9 5 5 8 4 1 6 5 5 2 7 1 2 4 6 6 6 6 1 2 5 10 1 3 9 4 9 10 3 4 4 6 7 7 2 5 8 0 1 10 10 1 6 9 6 0 3 6 5 5 4 8 2 8 5 4 6 2 10 4 1 5 5 1 5 6 6 5 4 4 6 5 1 3 9 5 
10 10 10 6 6 6 10 6 6 6 6 7 6 4 4 10 3 11 3 9 3 8 3 4 5 4 3 3 1 7 2 7 4 3 5 4 10 8 6 1 5 4 8 3 8 11 2 8 5 2 4 3 6 1 9 5 6 2 0 5 9 4 2 4 9 7 1 10 3 4 3 7 3 4 4 2 5 2 3 2 3 8 4 3 3 9 2 3 7 3 11 9 2 5 3 3 4 9 6 5 8 3 4 9 12 5 5 9 3 3 0 3 2 2 8 9 1 10 7 1 3 5 8 4 5 2 7 4 2 4 3 4 0 7 3 7 4 6 11 2 
13 13 13 4 4 4 13 4 4 4 5 10 6 5 7 12 6 12 5 10 6 10 2 4 7 4 6 3 2 8 4 8 6 2 8 7 12 7 7 4 8 6 9 4 10 13 5 10 5 3 4 4 9 3 8 8 9 0 2 8 10 5 5 4 9 9 2 11 4 7 1 9 5 6 3 5 8 2 1 0 3 10 7 6 4 9 5 5 6 5 13 8 4 7 4 2 3 11 9 6 8 6 7 10 14 8 4 9 3 6 3 0 2 2 11 10 4 12 9 1 2 7 8 5 8 1 10 7 2 4 3 5 2 9 2 10 7 9 12 3 
11 11 11 3 3 3 11 3 3 3 7 10 8 6 5 13 6 13 5 11 4 10 1 2 5 1 4 1 0 9 5 9 6 1 7 7 13 10 8 3 7 7 10 5 11 14 4 11 7 1 2 5 7 1 10 6 8 1 2 8 11 6 4 6 11 10 0 12 5 6 0 10 3 6 5 4 8 3 1 2 1 11 7 4 1 11 5 4 8 3 14 10 2 8 5 0 1 11 8 8 10 5 5 11 14 6 6 11 5 5 2 2 0 0 10 11 4 13 10 1 4 7 10 6 7 1 10 5 0 6 1 6 1 9 4 9 6 8 13 0 
11 11 11 3 3 3 11 3 3 3 8 10 8 6 5 13 6 13 5 11 4 10 1 1 5 1 3 1 1 9 5 10 6 1 7 7 13 10 8 3 6 7 10 5 11 14 3 11 7 1 1 6 7 1 11 6 8 2 2 8 12 7 4 6 11 10 1 12 5 6 1 10 2 6 5 4 7 4 2 2 1 11 6 4 1 11 5 3 9 3 14 11 2 8 5 1 1 11 8 8 10 5 5 12 14 6 7 11 5 5 2 2 0 0 9 12 4 13 10 2 4 7 10 6 6 2 10 5 0 6 1 7 2 9 4 8 6 8 13 0 
4 4 4 13 13 13 4 13 13 13 11 5 10 6 5 9 4 8 7 8 5 6 11 9 5 10 6 11 9 6 7 10 4 11 3 5 9 13 8 7 4 7 7 7 6 8 6 5 10 8 10 7 5 8 13 4 1 10 8 4 11 8 5 9 11 6 9 9 8 4 10 4 8 5 11 6 2 8 11 10 10 6 3 5 9 13 5 6 12 7 8 12 7 6 8 10 11 7 2 7 10 4 4 12 9 3 10 11 9 4 8 11 10 9 0 9 6 7 6 9 10 4 13 7 3 10 4 4 10 10 10 8 9 4 10 3 3 2 9 9 
14 14 14 15 15 15 14 15 15 15 6 4 5 5 11 1 7 3 6 1 10 3 12 13 12 13 11 13 11 3 6 3 7 12 7 5 1 6 3 8 11 4 2 6 2 3 10 4 5 11 13 6 12 10 5 11 9 11 10 5 2 5 8 6 2 3 11 1 6 6 12 4 13 6 8 8 7 8 12 10 13 3 7 10 12 5 7 11 6 12 4 4 11 4 6 12 13 2 7 3 2 7 10 3 4 10 6 3 7 8 9 10 11 12 9 0 8 3 3 10 8 5 6 5 8 10 4 10 12 6 13 5 9 5 8 12 8 11 2 11 
9 9 9 8 8 8 9 8 8 8 6 6 5 2 4 9 2 9 2 7 2 6 5 5 5 5 3 5 3 5 1 6 2 5 3 3 9 8 5 0 5 3 6 1 6 9 2 6 5 3 5 2 6 2 8 4 5 4 2 3 8 3 0 3 8 5 3 8 2 2 4 5 5 2 5 1 4 2 5 4 5 6 2 3 4 9 1 3 7 4 10 8 3 3 2 5 6 7 4 4 7 1 3 8 10 4 4 8 3 2 1 4 4 4 6 8 0 8 5 3 3 3 8 2 3 3 6 3 4 4 5 3 2 5 3 7 3 6 9 4 
12 12 12 16 16 16 12 16 16 16 9 2 8 6 10 3 7 1 7 2 10 2 14 14 12 14 10 14 12 3 8 6 7 14 6 5 3 10 6 9 10 6 3 7 2 1 10 2 8 12 14 7 11 11 9 10 8 12 11 5 6 7 8 8 6 3 12 2 8 6 13 3 13 6 11 9 6 9 13 12 14 2 6 10 13 9 8 11 10 12 1 8 12 5 8 13 15 1 6 5 6 8 9 7 1 9 8 7 9 8 10 12 13 13 7 3 8 0 3 11 10 5 10 7 7 12 3 9 13 9 14 7 11 3 10 11 7 9 2 12 
11 11 11 13 13 13 11 13 13 13 7 1 6 3 8 3 4 3 4 1 7 0 11 11 9 11 8 11 9 0 4 4 4 11 4 2 3 8 3 6 8 3 0 4 1 4 8 1 5 9 11 4 9 8 7 8 6 9 8 2 4 4 5 5 5 0 9 2 5 3 10 1 10 3 8 6 4 6 10 9 11 0 4 8 10 7 5 9 7 9 4 6 9 2 5 10 11 1 4 2 4 5 7 5 4 7 6 5 6 5 7 9 10 10 6 3 5 3 0 8 7 2 8 4 5 9 1 7 10 6 11 4 8 1 7 9 5 8 3 9 
11 11 11 5 5 5 11 5 5 5 6 8 6 4 5 11 5 12 4 9 4 9 2 3 6 3 4 3 1 7 3 7 5 2 6 6 11 8 6 2 7 5 8 3 9 12 4 9 5 2 3 4 7 1 9 6 8 1 1 6 9 5 3 4 9 8 1 10 3 5 1 8 4 5 3 3 7 2 2 1 3 9 5 4 3 9 4 4 6 4 12 9 3 6 3 2 3 10 7 6 8 4 5 10 13 6 4 9 3 4 1 1 1 2 9 10 3 11 8 0 2 6 8 4 6 0 9 5 2 4 3 5 0 8 2 9 5 8 12 2 
13 13 13 7 7 7 13 7 7 7 3 8 3 4 7 9 5 10 3 8 6 8 4 6 8 6 6 5 3 6 3 5 6 4 7 5 9 5 5 3 9 4 7 3 8 11 6 8 3 5 6 2 9 4 6 8 9 2 3 6 7 3 4 2 7 7 3 9 2 5 3 8 6 5 1 4 7 1 3 2 5 8 6 6 5 7 4 6 4 6 11 6 5 5 2 4 5 9 8 4 6 5 7 7 12 8 2 7 1 6 3 2 4 4 10 8 3 10 7 2 0 6 5 3 7 2 8 7 4 1 5 3 2 8 0 10 6 9 10 4 
8 8 8 11 11 11 8 11 11 11 7 2 6 2 5 6 1 6 3 4 4 3 8 8 6 8 5 9 6 2 3 5 1 8 1 0 6 9 4 3 5 2 3 3 3 6 5 3 5 6 8 3 7 6 8 5 4 7 5 0 7 4 2 5 7 3 7 5 4 1 8 2 7 1 7 3 1 5 8 7 8 3 1 5 8 8 2 6 7 6 7 8 6 1 3 8 9 4 2 3 6 2 4 7 7 4 5 7 5 2 5 7 7 7 4 5 3 5 2 6 6 0 9 3 2 7 2 4 7 6 8 3 6 1 6 6 2 5 6 7 
17 17 17 12 12 12 17 12 12 12 2 9 2 6 12 7 9 9 6 7 11 8 10 12 13 12 11 11 9 7 7 3 9 10 10 8 7 0 4 8 13 6 7 6 8 10 11 9 3 10 12 6 14 9 0 13 12 8 9 9 4 4 9 4 3 8 9 7 5 9 9 9 12 8 4 9 10 6 9 8 11 8 10 11 11 1 8 12 1 12 10 1 11 7 5 10 11 8 11 5 3 9 11 3 10 12 3 3 5 10 8 8 10 10 13 6 8 10 8 8 5 9 0 5 11 8 9 12 10 4 11 5 8 9 5 15 10 14 8 10 
11 11 11 9 9 9 11 9 9 9 3 5 3 1 7 6 3 7 0 5 5 4 7 8 8 8 6 7 5 3 1 3 3 7 4 2 6 6 2 3 8 0 4 1 5 8 5 5 2 6 8 0 9 5 5 7 7 5 4 4 5 1 3 1 5 4 5 6 1 3 6 5 8 2 4 4 4 2 6 5 7 5 4 6 7 6 3 6 4 7 8 5 6 2 0 6 8 5 5 1 4 3 6 5 8 6 2 5 2 4 4 5 6 6 7 5 2 7 4 4 3 3 5 0 5 5 5 6 6 2 8 0 4 4 3 9 5 8 7 6 
6 6 6 10 10 10 6 10 10 10 9 5 8 4 2 9 1 8 4 7 2 6 8 7 4 7 3 8 6 5 4 8 1 8 1 3 9 11 7 4 2 5 6 4 6 9 3 5 8 5 7 5 4 5 11 2 1 7 5 2 9 6 2 7 10 5 6 8 6 2 7 4 6 3 8 3 1 5 8 7 7 6 1 3 6 11 2 4 10 5 9 10 4 4 5 7 8 7 1 5 9 2 2 10 9 1 7 10 7 1 5 8 7 6 3 8 3 7 5 6 7 2 11 5 0 7 4 2 7 8 7 6 6 4 7 4 0 2 9 6 
12 12 12 4 4 4 12 4 4 4 6 9 6 5 6 11 5 12 4 10 5 9 2 4 6 3 5 2 1 8 4 8 6 2 7 6 11 8 7 3 7 5 9 4 10 13 4 10 5 2 3 4 8 2 9 7 8 0 1 7 10 5 4 4 9 9 1 11 3 6 1 9 4 6 3 4 7 2 1 0 3 10 6 5 3 9 4 4 6 4 13 9 3 6 4 1 3 10 8 6 8 5 6 10 13 7 5 9 3 5 2 1 1 2 10 10 3 12 9 0 2 7 8 5 7 0 9 6 2 4 3 5 1 8 2 9 6 8 12 2 
9 9 9 14 14 14 9 14 14 14 8 0 7 4 7 4 4 3 5 3 7 1 11 11 8 11 7 11 9 2 5 5 4 11 3 2 4 9 4 6 7 4 2 5 1 4 7 0 7 9 11 5 8 8 9 7 5 10 8 2 6 5 5 6 7 1 9 4 6 3 10 0 10 3 9 6 3 7 11 9 11 1 3 7 10 9 5 8 8 9 4 8 9 2 6 11 12 2 3 4 6 5 6 7 4 6 7 7 7 5 7 10 10 10 4 4 6 3 1 9 8 2 9 5 4 9 0 6 10 7 11 5 8 0 8 8 4 7 4 10 
6 6 6 9 9 9 6 9 9 9 9 6 9 5 0 11 2 10 5 9 1 7 6 5 2 5 1 6 5 7 5 9 2 7 3 4 11 12 8 3 1 6 8 5 8 11 1 7 8 4 5 5 2 4 12 1 2 6 4 4 11 7 2 7 11 7 5 10 6 3 6 6 4 4 8 2 3 5 7 6 5 7 3 1 5 12 3 2 10 3 11 11 3 5 6 6 7 8 3 7 10 2 0 11 11 1 8 11 7 1 4 7 5 5 4 10 3 9 7 5 7 4 12 6 2 6 6 0 5 8 6 6 5 6 7 3 2 2 11 4 
11 11 11 3 3 3 11 3 3 3 8 10 8 6 5 13 6 13 5 11 4 10 1 1 5 1 4 1 0 9 5 9 6 1 7 7 13 10 8 3 6 7 10 5 11 14 3 11 7 1 1 5 7 1 11 6 8 2 2 8 11 7 4 6 11 10 0 12 5 6 1 10 2 6 5 4 8 4 1 2 1 11 6 4 1 11 5 3 8 3 14 11 2 8 5 0 1 11 8 8 10 5 5 12 14 6 7 11 5 5 2 2 0 0 10 12 4 13 10 2 4 7 10 6 7 2 10 5 0 6 1 6 2 9 4 8 6 8 13 0 
14 14 14 9 9 9 14 9 9 9 1 7 1 3 8 8 6 9 3 7 7 7 6 8 9 8 7 7 5 6 3 4 6 6 7 5 8 4 3 4 10 3 6 3 7 10 7 8 1 6 8 2 11 5 4 9 9 4 5 6 6 2 5 1 5 6 5 7 2 6 5 7 8 5 1 5 7 2 5 4 7 7 6 7 7 5 5 8 2 8 10 4 7 5 2 6 7 8 8 3 4 6 8 5 10 8 0 5 0 6 4 4 6 6 10 6 4 9 6 4 1 6 4 2 8 4 7 8 6 0 7 2 4 7 1 11 7 10 9 6 
11 11 11 2 2 2 11 2 2 2 9 11 9 8 5 14 7 15 7 13 5 12 1 1 5 0 4 0 2 11 6 11 7 2 8 8 14 11 10 5 7 8 11 7 12 15 4 12 9 2 0 7 7 2 12 6 9 3 3 9 13 8 6 7 13 11 2 13 6 8 2 11 2 8 7 5 9 5 2 3 0 12 8 4 1 12 6 4 10 3 15 12 2 9 7 1 0 13 9 9 12 6 6 13 16 7 8 13 7 6 3 3 1 1 10 13 5 14 11 3 5 8 11 8 7 3 11 6 1 7 0 8 3 10 5 9 7 8 15 1 
12 12 12 10 10 10 12 10 10 10 3 5 2 1 7 6 4 7 1 5 6 4 7 8 8 8 6 8 6 3 1 3 4 7 4 3 6 5 1 3 8 0 4 1 5 7 6 5 2 6 8 1 9 5 5 7 7 5 5 4 5 0 3 1 5 4 6 5 1 3 6 5 8 3 4 4 5 2 6 5 8 5 4 6 7 5 3 7 4 7 8 4 6 2 1 7 8 5 6 1 3 4 6 5 8 7 2 4 2 5 4 5 6 7 8 5 3 7 4 5 3 3 5 0 6 5 5 6 6 2 8 0 4 5 3 10 5 8 7 6 
11 11 11 5 5 5 11 5 5 5 6 8 6 4 5 11 4 11 3 9 4 8 2 3 6 3 4 3 1 7 3 7 5 2 6 5 11 8 6 2 6 5 8 3 9 12 3 9 5 2 3 3 7 1 9 6 7 1 0 6 9 4 3 4 9 8 1 10 3 5 2 8 4 5 4 3 6 1 2 1 3 9 5 4 3 9 3 4 6 4 12 9 2 6 3 2 3 10 7 6 8 4 4 9 12 6 4 9 3 4 0 2 1 2 9 9 2 11 8 0 2 6 8 4 6 1 8 5 2 4 3 4 0 8 2 8 5 7 11 2 
9 9 9 13 13 13 9 13 13 13 8 0 7 3 6 5 3 4 4 3 6 2 10 10 8 10 7 11 8 2 4 6 3 10 2 2 5 9 4 5 6 4 2 4 2 5 6 1 6 8 10 5 8 8 9 6 4 9 7 1 6 5 4 6 7 1 9 4 6 2 10 0 9 2 8 5 2 6 10 9 10 2 3 6 9 9 4 7 8 8 5 8 8 2 5 10 11 3 2 3 6 4 6 7 5 5 7 7 7 4 7 9 9 9 4 5 5 3 1 8 8 1 9 4 4 8 0 6 9 7 10 5 8 0 8 7 4 6 5 9 
13 13 13 7 7 7 13 7 7 7 3 8 3 4 7 10 6 10 3 8 6 8 4 6 8 6 6 5 3 7 3 5 6 4 7 5 10 5 5 3 9 4 7 3 8 11 6 9 3 5 6 3 10 4 6 8 9 2 3 7 7 3 4 2 7 7 3 9 2 6 3 8 6 5 1 4 7 1 3 2 5 8 6 6 5 7 4 6 4 6 11 6 5 5 2 4 5 9 8 5 6 5 7 7 12 8 2 7 1 6 3 2 4 4 10 8 3 10 7 2 0 6 5 3 7 2 8 7 4 1 5 3 2 8 0 11 7 10 10 4 
2 2 2 12 12 12 2 12 12 12 13 8 12 8 3 13 5 12 8 11 4 9 10 8 3 8 4 9 8 9 8 12 5 10 5 7 13 15 11 7 1 9 10 8 10 12 5 9 12 7 8 9 1 7 15 2 3 10 8 6 14 10 6 11 14 9 8 12 9 6 10 8 6 7 12 6 5 9 10 10 8 9 5 4 8 15 6 5 14 5 12 14 6 8 9 9 10 10 5 10 13 5 3 14 12 3 11 14 11 5 7 10 9 8 3 12 7 11 9 9 10 6 15 9 4 9 8 3 8 11 9 10 8 7 11 0 4 1 13 8 
6 6 6 10 10 10 6 10 10 10 8 4 8 4 2 9 1 8 4 7 2 5 7 6 4 7 3 7 6 5 4 8 1 8 1 2 9 11 6 3 3 4 6 4 6 9 3 5 7 5 7 4 4 4 10 2 2 7 4 2 9 6 2 6 9 5 6 8 5 1 7 4 6 2 8 2 1 5 7 6 7 5 1 2 6 11 2 3 9 4 9 10 4 4 5 7 8 6 1 5 8 1 2 10 9 1 7 9 6 1 4 7 6 6 3 8 3 7 5 5 6 2 10 5 0 6 4 2 6 7 7 5 5 4 7 4 0 3 9 6 
3 3 3 11 11 11 3 11 11 11 12 7 11 7 2 12 4 10 7 10 3 8 9 7 3 8 4 9 8 8 7 11 4 9 4 6 11 14 9 6 1 8 9 7 8 11 4 7 10 6 8 8 2 6 14 1 1 9 7 5 12 9 5 9 13 8 8 11 8 4 9 6 6 5 11 5 4 8 10 9 8 8 4 3 7 14 5 4 12 5 11 13 5 7 8 9 9 9 3 8 11 4 2 13 11 1 10 13 9 3 6 9 8 8 2 11 6 9 8 8 9 5 14 8 2 8 7 2 8 10 8 8 7 6 10 1 3 0 11 7 
14 14 14 17 17 17 14 17 17 17 8 4 7 7 12 1 8 1 7 2 11 3 14 15 13 15 12 15 12 4 8 5 8 14 7 6 1 9 5 10 12 6 3 8 2 1 11 3 7 13 15 8 13 12 8 11 10 13 11 6 4 7 9 8 5 3 13 1 8 7 13 5 14 7 10 10 7 10 14 12 14 3 8 12 14 7 9 12 9 13 2 7 13 5 8 14 15 2 8 5 5 9 11 5 1 10 8 5 9 9 11 12 13 13 9 2 9 2 3 12 10 6 8 7 9 12 4 11 13 9 15 7 11 5 10 13 9 11 0 13 
10 10 10 4 4 4 10 4 4 4 8 10 8 6 4 13 5 13 5 11 3 10 1 1 5 1 3 1 0 9 5 9 6 2 7 7 13 10 8 3 6 6 10 5 10 13 3 10 7 0 1 5 6 1 11 5 7 2 1 7 11 6 4 6 11 9 0 12 5 6 1 9 2 6 5 3 7 3 2 2 1 10 6 3 1 11 4 3 8 2 14 11 1 7 5 1 2 11 8 7 10 5 4 11 14 6 6 11 5 5 2 3 0 0 9 11 4 12 9 2 4 7 10 6 6 2 10 4 0 6 1 6 2 9 4 8 6 7 13 0 
