130 10616.19 0 1680 1 1680
85.41 17.14 75.15 17.92 59.24 29.16 13.69 94.79 70.78 16.36 71.51 75.66 7.76 48.2 52.35 14.36 40.79 84.49 12.8 72.69 64.56 3.34 95.37 96.79 7.96 56.87 64.97 58.67 98.4 26.5 83.08 94.71 27.64 39.54 27.09 34.54 60.48 30.86 85.28 59.06 63.12 94.75 91.3 25.32 78.93 96.27 83.26 86.13 50.46 46.78 7.3 68.06 7.91 60.09 35.79 31.37 52.99 37.94 34.71 96.96 41.74 79.78 4.94 95.69 59.37 14.45 52.37 58.71 58.4 37.23 80.45 18.74 5.86 70.47 2.2 5.5 62.14 25.03 63.81 82.52 91.98 71.38 8.07 53.64 75.79 84.69 29.17 40.68 64.91 94.85 85.59 13.07 49.31 51.85 61.15 63.41 2.5 90.95 94.16 58.21 61.61 85.47 91.71 47.08 53.31 14.44 29.47 14.77 37.94 46.19 95.17 45.93 71.73 4.75 3.67 38.58 39.24 31.79 8.59 4.95 56.67 68.2 30.65 54.33 27.64 40.83 12.81 71.0 17.48 36.34 
10.11 45.2 79.5 72.54 22.61 40.6 25.86 47.77 29.62 32.57 30.7 38.63 88.95 46.02 72.52 46.26 88.91 73.31 16.33 73.64 14.51 44.73 71.33 56.02 31.71 47.24 23.96 31.89 42.79 37.1 25.89 13.87 56.11 65.9 17.94 58.47 23.7 14.86 71.35 44.56 23.77 17.45 45.3 26.03 36.45 58.87 72.92 13.79 87.15 32.12 25.4 71.35 61.24 82.55 40.19 60.32 80.43 89.85 81.47 79.74 17.76 88.92 68.9 85.46 41.15 10.41 37.24 12.06 43.65 46.44 57.19 33.32 76.31 85.22 11.52 64.25 57.81 26.43 68.81 29.54 40.59 12.82 13.05 87.1 40.01 44.33 60.92 22.59 68.27 73.51 23.44 86.06 25.82 23.25 18.7 18.87 66.36 12.48 65.83 25.56 28.91 77.48 44.7 74.89 32.95 10.83 22.42 23.95 57.36 21.58 65.7 29.79 34.53 47.04 58.25 64.07 73.22 84.36 49.65 65.31 22.13 85.02 39.86 15.61 32.4 68.07 86.95 50.61 34.44 23.17 
8 2 7 2 6 3 2 9 7 2 7 7 1 5 5 2 4 8 2 7 6 1 9 9 1 6 6 6 9 3 8 9 3 4 3 4 6 3 8 6 6 9 9 3 8 9 8 8 5 5 1 7 1 6 4 3 5 4 4 9 4 8 1 9 6 2 5 6 6 4 8 2 1 7 1 1 6 3 6 8 9 7 1 5 7 8 3 4 6 9 8 2 5 5 6 6 1 9 9 6 6 8 9 5 5 2 3 2 4 5 9 5 7 1 1 4 4 3 1 1 6 7 3 5 3 4 2 7 2 4 
1 2 3 4 5 6 7 8 9 10 11 12 13 14 15 16 17 18 19 20 21 22 23 24 25 26 27 28 29 30 31 32 33 34 35 36 37 38 39 40 41 42 43 44 45 46 47 48 49 50 51 52 53 54 55 56 57 58 59 60 61 62 63 64 65 66 67 68 69 70 71 72 73 74 75 76 77 78 79 80 81 82 83 84 85 86 87 88 89 90 91 92 93 94 95 96 97 98 99 100 101 102 103 104 105 106 107 108 109 110 111 112 113 114 115 116 117 118 119 120 121 122 123 124 125 126 127 128 129 130 
3 2 3 2 3 2 2 1 3 2 3 3 1 2 2 2 2 3 2 3 3 1 1 1 1 3 3 3 1 2 3 1 2 2 2 2 3 2 3 3 3 1 1 2 3 1 3 3 2 2 1 3 1 3 2 2 2 2 2 1 2 3 1 1 3 2 2 3 3 2 3 2 1 3 1 1 3 2 3 3 1 3 1 2 3 3 2 2 3 1 3 2 2 2 3 3 1 1 1 3 3 3 1 2 2 2 2 2 2 2 1 2 3 1 1 2 2 2 1 1 3 3 2 2 2 2 2 3 2 2 
3 1 2 1 2 1 1 1 2 1 2 2 3 2 2 1 1 3 1 2 2 3 1 1 3 2 2 2 1 1 3 1 1 1 1 1 2 1 3 2 2 1 1 1 3 1 3 3 2 2 3 2 3 2 1 1 2 1 1 1 1 3 3 1 2 1 2 2 2 1 3 1 3 2 3 3 2 1 2 3 1 2 3 2 2 3 1 1 2 1 3 1 2 2 2 2 3 1 1 2 2 3 1 2 2 1 1 1 1 2 1 2 2 3 3 1 1 1 3 3 2 2 1 2 1 1 1 2 1 1 
1 5 1 2 6 7 5 5 5 7 4 8 4 1 8 8 9 2 4 6 5 8 3 8 2 6 6 1 6 1 10 7 8 4 8 4 2 8 1 3 6 3 1 2 6 2 9 9 1 1 2 7 5 10 7 5 8 6 10 4 9 2 2 6 1 5 2 2 6 7 3 7 7 1 8 1 2 5 9 4 1 5 5 4 6 8 3 1 2 4 9 4 10 10 3 4 10 8 8 10 9 9 3 8 9 6 9 10 8 3 6 8 8 8 1 8 1 5 8 5 5 2 2 8 3 6 7 3 8 1 
3362.39 4530.98 3424.0 3631.8 3518.01 4578.04 4377.51 4495.33 4479.16 4783.32 4475.38 3768.08 4204.26 4122.07 3662.96 4014.35 3270.27 3650.76 3563.15 3520.65 4492.22 3740.08 4514.48 3817.29 3693.77 3596.34 3427.06 4352.22 3304.32 3792.28 4559.13 4199.41 4141.83 4312.38 3482.49 4032.92 3537.76 3958.12 3593.73 4083.37 3298.23 3966.31 3987.37 3576.15 3589.0 3784.37 4325.53 4571.43 3644.3 3841.97 3257.72 4430.7 4246.81 4649.77 4337.42 4285.57 3608.67 3233.41 4790.88 3312.73 3556.01 3546.81 3748.94 3607.0 3559.79 4467.94 3440.36 3592.44 3350.63 4777.17 4786.51 4645.55 4250.87 4477.61 3542.34 3939.52 3251.88 4564.27 4159.73 3718.06 4289.79 4282.27 4275.01 3695.37 3434.55 3271.59 4586.46 4096.39 3354.92 4512.2 3793.91 4168.45 4571.84 4613.91 3890.82 4647.66 4720.95 3995.63 4065.95 4846.9 3395.96 3189.44 4417.08 3486.01 3626.1 3332.88 3413.06 4403.6 3965.71 4025.37 3466.17 4087.58 3806.47 3380.78 4242.8 3223.06 3709.13 4452.97 3327.16 4520.29 4419.11 3820.34 3258.3 3380.81 4164.32 3287.16 4213.56 4495.96 3764.1 3976.27 
0.46 0.71 0.6 0.96 0.47 0.34 0.52 0.7 0.74 0.48 0.63 0.92 0.79 0.67 0.71 0.85 0.83 0.96 0.6 0.48 0.47 0.74 0.64 0.13 0.94 0.49 0.47 0.51 0.46 0.59 0.37 0.62 0.11 0.71 0.46 0.64 0.94 0.33 0.66 0.63 0.48 0.57 0.55 0.94 0.51 0.95 0.81 0.75 0.49 0.65 0.95 0.29 0.55 0.45 0.7 0.55 0.6 0.47 0.42 0.72 0.65 0.95 0.97 0.51 0.68 0.71 0.97 0.95 0.51 0.63 0.57 0.47 0.44 0.67 0.35 0.44 0.94 0.43 0.62 0.87 0.38 0.44 0.47 0.65 0.49 0.63 0.57 0.45 0.94 0.71 0.82 0.94 0.17 0.38 0.57 0.83 0.17 0.82 0.29 0.21 0.8 0.62 0.65 0.24 0.67 0.47 0.72 0.16 0.19 0.64 0.51 0.14 0.17 0.77 0.67 0.68 0.46 0.51 0.77 0.56 0.61 0.96 0.94 0.53 0.65 0.47 0.51 0.6 0.85 0.57 
1.0 0.8 0.63 1.0 0.73 0.7 0.55 0.52 1.0 1.0 0.66 0.67 0.51 1.0 0.9 0.95 0.74 0.51 1.0 0.92 0.78 0.65 0.98 0.61 0.62 0.99 0.65 0.79 0.96 0.7 0.69 0.97 1.0 0.82 0.97 0.99 1.0 1.0 0.98 0.59 0.78 0.9 0.69 0.76 0.53 0.62 0.75 1.0 0.56 1.0 1.0 0.74 0.6 0.86 0.64 0.67 0.84 0.87 0.92 0.75 0.99 0.74 0.94 1.0 0.58 0.85 0.89 0.79 0.82 0.98 0.79 0.64 0.65 0.54 0.95 0.91 1.0 0.63 1.0 0.9 1.0 0.97 1.0 0.54 0.75 0.72 0.75 0.87 0.81 1.0 0.92 0.68 0.92 0.64 0.51 0.98 1.0 0.94 0.96 0.78 0.52 1.0 0.98 0.89 1.0 0.54 0.63 0.88 0.71 0.54 1.0 1.0 0.76 0.51 0.86 1.0 0.98 0.63 1.0 0.69 0.74 0.81 0.9 0.7 1.0 0.67 0.76 0.85 0.57 0.79 
0.62 0.77 0.61 1.0 0.62 0.51 0.9 0.84 0.75 0.54 1.0 0.74 1.0 1.0 1.0 0.77 0.86 0.76 0.85 0.92 1.0 0.5 0.98 0.84 0.54 1.0 0.77 0.7 0.95 0.94 0.53 0.72 0.59 1.0 0.91 0.75 0.67 0.65 0.77 0.61 0.91 0.65 1.0 0.89 0.91 0.96 0.66 0.75 0.61 0.51 1.0 0.9 0.92 0.52 0.71 0.62 0.92 0.78 0.96 0.53 0.84 0.52 0.9 1.0 1.0 1.0 0.96 0.81 0.55 0.98 0.79 0.59 1.0 1.0 0.84 1.0 0.97 1.0 0.71 1.0 0.71 0.87 0.91 0.59 0.87 0.83 1.0 0.9 0.63 0.9 0.83 0.9 0.8 0.64 0.53 0.59 0.64 0.66 0.76 0.84 0.65 0.82 0.51 0.73 0.79 0.55 1.0 1.0 1.0 0.61 0.53 0.8 0.8 1.0 0.55 0.61 0.91 0.65 1.0 0.88 1.0 0.59 0.67 0.52 0.55 0.9 0.8 0.71 0.75 0.87 
0.81 0.74 0.85 0.9 0.77 0.63 0.98 0.53 0.72 0.59 0.61 0.57 0.94 0.7 0.84 0.69 0.75 0.91 1.0 0.66 0.9 0.91 0.72 0.66 0.77 0.91 0.95 1.0 0.57 0.56 0.7 0.63 1.0 0.77 0.71 1.0 0.51 0.57 0.62 0.76 0.57 0.89 1.0 0.85 0.65 0.76 0.58 0.96 0.71 0.65 1.0 0.92 1.0 0.94 0.57 0.65 0.85 1.0 1.0 0.51 1.0 0.8 0.69 0.72 0.77 0.93 0.84 0.95 0.71 0.65 0.57 1.0 0.62 0.56 0.57 0.66 1.0 1.0 0.7 0.64 0.63 0.66 1.0 0.72 1.0 0.8 0.94 0.71 0.68 1.0 0.74 0.86 1.0 0.73 0.56 1.0 0.79 0.76 0.59 0.89 0.94 0.66 1.0 0.9 0.98 0.59 1.0 0.7 0.79 0.61 1.0 0.78 0.92 0.67 0.93 0.81 0.58 1.0 1.0 0.53 1.0 0.81 0.52 0.73 0.96 0.7 0.94 1.0 0.63 1.0 
0.98 0.85 0.89 1.0 0.68 0.68 0.61 0.85 1.0 1.0 1.0 0.51 1.0 0.6 0.93 0.87 0.82 0.52 1.0 0.89 0.61 0.53 0.64 0.77 1.0 0.75 1.0 0.56 1.0 1.0 0.72 0.79 1.0 0.83 0.53 0.96 1.0 0.89 0.69 1.0 0.54 0.57 0.61 1.0 0.83 0.77 0.54 1.0 0.93 0.88 0.54 0.74 0.92 0.61 0.86 1.0 0.79 0.66 0.89 0.53 0.85 0.96 0.62 0.8 0.99 0.78 1.0 0.78 0.95 0.99 0.7 0.88 0.99 0.65 0.97 0.56 1.0 0.91 0.68 1.0 0.84 0.66 0.63 0.79 0.78 1.0 0.57 0.75 0.88 0.83 0.65 1.0 0.79 1.0 0.7 1.0 0.79 0.85 0.73 0.58 0.54 0.86 0.68 0.55 0.73 0.55 0.73 0.89 0.85 0.84 0.91 0.93 0.67 0.53 0.56 1.0 0.83 1.0 0.58 1.0 0.78 0.51 0.6 0.76 0.57 0.68 1.0 0.51 0.63 1.0 
0.55 0.66 0.83 0.51 0.85 0.55 0.68 0.53 0.72 0.97 1.0 0.89 0.52 0.73 0.62 0.99 0.68 1.0 0.95 0.7 0.69 0.87 0.92 0.77 0.68 0.94 0.53 0.86 0.62 1.0 0.82 0.88 1.0 0.59 0.76 0.61 0.68 0.76 0.51 1.0 0.65 0.81 0.93 0.73 0.79 0.52 0.9 0.84 0.99 1.0 0.64 0.95 0.92 1.0 0.7 0.59 1.0 0.74 0.8 0.66 0.87 0.53 1.0 0.81 0.83 0.96 0.78 1.0 0.74 0.99 0.92 0.58 0.83 0.58 1.0 0.53 1.0 0.82 1.0 0.59 0.97 0.84 0.96 0.57 0.69 0.81 0.64 0.6 0.72 0.99 0.74 0.92 0.71 1.0 0.66 0.73 0.73 0.66 0.94 0.7 1.0 0.77 0.81 0.89 0.79 0.6 0.76 1.0 0.92 0.57 1.0 0.95 0.87 0.8 0.82 1.0 0.65 0.73 0.65 0.75 0.72 1.0 0.71 0.82 0.53 0.84 1.0 1.0 0.97 0.95 
0.27 0.25 0.24 0.46 0.2 0.08 0.21 0.11 0.38 0.31 0.4 0.13 0.25 0.31 0.44 0.43 0.26 0.18 0.8 0.34 0.29 0.14 0.4 0.2 0.17 0.63 0.25 0.27 0.33 0.37 0.15 0.3 0.59 0.31 0.25 0.44 0.23 0.25 0.16 0.28 0.14 0.24 0.39 0.42 0.21 0.18 0.14 0.61 0.22 0.29 0.35 0.43 0.47 0.26 0.15 0.16 0.52 0.33 0.63 0.07 0.61 0.16 0.37 0.47 0.37 0.6 0.56 0.47 0.22 0.61 0.23 0.19 0.33 0.11 0.44 0.18 0.97 0.47 0.34 0.34 0.37 0.31 0.55 0.1 0.35 0.38 0.26 0.25 0.22 0.74 0.27 0.49 0.41 0.3 0.07 0.42 0.29 0.26 0.3 0.24 0.17 0.35 0.27 0.29 0.45 0.06 0.35 0.55 0.44 0.1 0.48 0.55 0.33 0.14 0.2 0.5 0.28 0.3 0.38 0.24 0.41 0.2 0.13 0.17 0.16 0.24 0.57 0.31 0.16 0.65 
865.39 1471.12 988.65 982.35 906.32 1645.92 1220.39 2204.76 1956.98 2099.28 887.06 1161.47 1123.15 1153.99 1229.5 1247.57 1583.96 1143.4 981.26 931.13 1256.52 1139.96 892.13 785.63 1123.56 907.82 973.56 909.15 653.84 1082.0 623.1 2384.12 736.27 1016.83 1006.88 1049.41 1882.53 995.96 1114.97 1139.65 861.6 932.6 790.85 858.33 914.11 1069.05 1588.12 1259.4 918.73 1083.5 1012.9 1195.87 2266.31 696.89 2217.48 1535.19 862.16 1068.65 502.62 888.67 1214.95 1117.64 784.78 874.05 1202.98 1995.5 988.64 798.41 888.15 2263.55 1071.14 2239.06 1518.69 1496.02 953.23 978.36 1521.5 1410.07 1469.66 904.27 1358.71 1342.54 1516.24 1001.31 652.54 1062.95 1210.3 1170.98 804.73 1007.05 1359.53 1195.89 525.56 587.12 1175.24 1146.26 462.84 1373.56 872.96 684.37 1416.96 1466.17 1137.55 1041.47 1372.11 1112.39 1422.61 568.57 828.14 1008.29 1053.03 867.99 912.05 1480.79 1226.38 1339.14 676.27 1381.56 1660.44 1740.11 1983.83 1177.51 833.8 946.12 921.62 885.24 1184.37 1025.81 1411.33 1354.15 
238.62 381.37 272.37 457.84 155.66 176.72 227.49 252.82 529.92 494.58 334.59 135.54 278.32 381.13 566.37 555.93 421.26 293.68 800.59 373.42 387.12 148.22 292.46 166.77 162.64 583.06 208.11 248.72 219.49 409.93 66.75 701.64 395.54 295.73 252.98 434.55 421.54 240.03 164.23 323.67 123.29 241.06 276.8 350.58 206.89 172.31 217.39 797.59 189.25 357.29 359.01 504.49 1013.62 181.63 318.93 288.93 454.01 295.0 310.18 71.91 759.21 206.48 306.08 374.53 463.14 1105.11 491.11 361.83 212.85 1330.06 265.77 555.58 563.5 192.68 410.66 161.67 1496.2 674.07 485.52 278.92 460.67 374.95 806.17 87.76 234.97 387.42 340.28 287.69 218.8 751.1 392.82 552.36 205.25 180.81 89.26 502.32 137.65 310.98 279.9 162.11 252.73 472.58 289.36 291.46 581.58 39.2 485.87 319.65 359.78 76.66 480.24 478.03 298.08 223.62 272.79 682.41 195.38 442.91 614.69 347.07 834.21 239.45 71.39 158.97 154.17 220.79 675.57 288.49 263.46 846.84 
3826.96 6855.6 4443.24 4411.74 4031.61 7729.58 5601.93 10523.8 9284.89 9996.39 3935.31 5307.34 5115.76 5269.95 5647.52 5737.85 7419.78 5217.01 4406.29 4155.67 5782.6 5199.82 3960.66 3428.15 5117.81 4039.09 4367.78 4045.77 2769.21 4910.0 2615.52 11420.6 3181.33 4584.15 4534.38 4747.06 8912.64 4479.82 5074.83 5198.26 3808.01 4163.01 3454.23 3791.66 4070.54 4845.23 7440.59 5797.02 4093.65 4917.5 4564.5 5479.36 10831.56 2984.45 10587.4 7175.93 3810.78 4843.24 2013.09 3943.37 5574.73 5088.19 3423.88 3870.26 5514.89 9477.5 4443.18 3492.06 3940.77 10817.77 4855.71 10695.3 7093.46 6980.08 4266.17 4391.82 7107.48 6550.35 6848.32 4021.36 6293.57 6212.71 7081.2 4506.54 2762.71 4814.76 5551.48 5354.89 3523.67 4535.26 6297.65 5479.43 2127.8 2435.62 5376.19 5231.32 1814.2 6367.79 3864.82 2921.84 6584.78 6830.86 5187.76 4707.37 6360.56 5061.93 6613.05 2342.84 3640.68 4541.45 4765.15 3839.95 4060.23 6903.94 5631.9 6195.71 2881.35 6407.81 7802.21 8200.54 9419.15 5387.56 3668.98 4230.59 4108.11 3926.18 5421.84 4629.07 6556.63 6270.74 
693.1 1406.85 861.87 1789.2 278.3 383.58 637.43 764.1 2149.58 1972.9 1172.95 177.69 891.62 1405.65 2331.85 2279.65 1606.3 968.4 3502.97 1367.09 1435.58 241.09 962.29 333.86 313.19 2415.29 540.56 743.59 597.44 1549.67 -166.23 3008.22 1477.68 978.66 764.89 1672.77 1607.68 700.13 321.14 1118.33 116.45 705.32 884.0 1252.88 534.46 361.57 586.95 3487.96 446.24 1286.46 1295.04 2022.43 4568.09 408.15 1094.64 944.63 1770.04 975.01 1050.92 -140.43 3296.06 532.4 1030.42 1372.64 1815.72 5025.53 1955.53 1309.17 564.27 6150.29 828.84 2277.9 2317.5 463.39 1553.32 308.35 6981.0 2870.33 1927.59 894.58 1803.33 1374.75 3530.84 -61.21 674.86 1437.12 1201.42 938.46 594.0 3255.5 1464.1 2261.78 526.24 404.05 -53.71 2011.61 188.26 1054.91 899.49 310.55 763.63 1862.88 946.78 957.29 2407.92 -303.98 1929.35 1098.23 1298.88 -116.69 1901.2 1890.17 990.41 618.12 863.93 2912.06 476.9 1714.53 2573.43 1235.35 3671.05 697.25 -143.06 294.86 270.85 603.95 2877.86 942.44 817.32 3734.18 
134.5 135.93 136.96 108.95 140.72 137.34 131.33 89.91 179.17 143.5 179.02 150.72 84.09 123.66 109.89 120.43 98.11 146.03 106.89 140.83 179.69 74.8 90.29 76.35 73.88 143.85 137.08 174.09 66.09 113.77 182.37 83.99 124.25 129.37 104.47 120.99 141.51 118.74 143.75 163.33 131.93 79.33 79.75 107.28 143.56 75.69 173.02 182.86 109.33 115.26 65.15 177.23 84.94 185.99 130.12 128.57 108.26 97.0 143.73 66.25 106.68 141.87 74.98 72.14 142.39 134.04 103.21 143.7 134.03 143.31 191.46 139.37 85.02 179.1 70.85 78.79 130.08 136.93 166.39 148.72 85.8 171.29 85.5 110.86 137.38 130.86 137.59 122.89 134.2 90.24 151.76 125.05 137.16 138.42 155.63 185.91 94.42 79.91 81.32 193.88 135.84 127.58 88.34 104.58 108.78 99.99 102.39 132.11 118.97 120.76 69.32 122.63 152.26 67.62 84.86 96.69 111.27 133.59 66.54 90.41 176.76 152.81 97.75 101.42 124.93 98.61 126.41 179.84 112.92 119.29 
201 181 205 145 211 183 175 89 268 191 268 226 84 164 146 160 130 219 142 211 269 74 90 76 73 215 205 261 66 151 273 83 165 172 139 161 212 158 215 245 197 79 79 143 215 75 259 274 145 153 65 265 84 278 173 171 144 129 191 66 142 212 74 72 213 178 137 215 201 191 287 185 85 268 70 78 195 182 249 223 85 256 85 147 206 196 183 163 201 90 227 166 182 184 233 278 94 79 81 290 203 191 88 139 145 133 136 176 158 161 69 163 228 67 84 128 148 178 66 90 265 229 130 135 166 131 168 269 150 159 
572 971 367 1232 1520 1484 1119 576 1663 491 430 743 996 603 98 123 413 126 263 615 816 830 124 327 852 1669 857 1562 578 736 2 1316 25 488 1578 885 1016 865 787 215 303 1259 899 1099 790 823 1050 175 1050 309 42 317 511 325 1669 491 475 577 644 1170 1422 1521 648 886 959 579 32 1086 870 151 1624 902 744 1358 1087 1615 71 1241 856 951 1555 427 265 240 836 1401 1166 1166 930 234 300 1490 681 771 1534 102 396 1004 34 1610 1051 1342 601 423 760 1163 479 719 697 1649 587 737 382 1568 1649 1665 567 773 459 454 1158 835 776 988 741 833 45 931 15 1328 
1283 1680 865 1680 1680 1680 1680 1240 1680 1131 1590 1572 1565 1680 974 1680 1596 837 1423 995 1680 1680 1402 1298 1680 1680 1379 1680 1383 1680 1658 1680 594 1680 1680 1620 1680 1056 1285 1091 1179 1592 1256 1680 1430 1680 1680 980 1680 1680 824 1548 1553 516 1680 1680 1422 1680 953 1680 1680 1680 957 1680 1680 936 223 1680 1680 1405 1680 1448 1030 1680 1680 1680 1680 1550 1378 1680 1680 854 787 1612 1680 1680 1680 1680 1098 1583 846 1680 990 1529 1680 459 1680 1680 202 1680 1680 1580 1680 1063 1680 1567 1544 1680 1479 1680 1680 1680 1680 1680 1680 1680 1420 964 721 787 1444 1333 1680 1680 1680 1680 1323 1680 1506 1543 
10
0.0 0.0 0.0 0.0 0.0 0.0 0.0 0.0 0.0 0.0 
0.0 0.0 100.0 0.0 100.0 0.0 100.0 0.0 100.0 100.0 
0 0 100 0 100 0 100 0 100 100 86 48 109 74 63 49 29 106 76 36 77 84 89 66 89 48 97 111 20 103 66 44 119 111 32 73 69 66 107 45 87 95 62 76 32 67 64 34 111 73 67 96 101 36 86 112 110 87 100 56 26 98 61 102 53 67 96 97 88 125 45 119 69 128 72 17 64 59 72 59 98 38 76 110 11 64 84 36 93 87 100 72 15 102 85 95 67 46 94 120 88 87 55 56 63 66 66 91 114 63 68 115 102 88 62 18 37 28 68 50 115 54 79 47 58 74 83 90 50 65 60 108 50 56 42 79 87 87 38 43 
0 0 100 0 100 0 100 0 100 100 86 48 109 74 63 49 29 106 76 36 77 84 89 66 89 48 97 111 20 103 66 44 119 111 32 73 69 66 107 45 87 95 62 76 32 67 64 34 111 73 67 96 101 36 86 112 110 87 100 56 26 98 61 102 53 67 96 97 88 125 45 119 69 128 72 17 64 59 72 59 98 38 76 110 11 64 84 36 93 87 100 72 15 102 85 95 67 46 94 120 88 87 55 56 63 66 66 91 114 63 68 115 102 88 62 18 37 28 68 50 115 54 79 47 58 74 83 90 50 65 60 108 50 56 42 79 87 87 38 43 
100 100 0 100 0 100 0 100 0 0 123 57 77 32 97 66 75 108 99 69 99 97 13 72 59 55 42 88 84 77 107 55 99 106 68 77 100 89 113 68 111 128 51 52 86 54 97 90 89 81 98 125 106 78 101 104 87 121 52 82 74 73 39 62 69 50 56 39 39 99 92 80 31 96 83 90 81 105 81 65 91 69 24 72 88 36 75 77 71 108 109 112 87 55 96 101 48 87 72 98 114 19 89 92 101 102 33 126 100 94 94 88 107 53 85 90 82 77 57 91 101 83 97 53 41 52 47 35 51 35 96 69 67 100 73 51 18 86 67 84 
0 0 100 0 100 0 100 0 100 100 86 48 109 74 63 49 29 106 76 36 77 84 89 66 89 48 97 111 20 103 66 44 119 111 32 73 69 66 107 45 87 95 62 76 32 67 64 34 111 73 67 96 101 36 86 112 110 87 100 56 26 98 61 102 53 67 96 97 88 125 45 119 69 128 72 17 64 59 72 59 98 38 76 110 11 64 84 36 93 87 100 72 15 102 85 95 67 46 94 120 88 87 55 56 63 66 66 91 114 63 68 115 102 88 62 18 37 28 68 50 115 54 79 47 58 74 83 90 50 65 60 108 50 56 42 79 87 87 38 43 
100 100 0 100 0 100 0 100 0 0 123 57 77 32 97 66 75 108 99 69 99 97 13 72 59 55 42 88 84 77 107 55 99 106 68 77 100 89 113 68 111 128 51 52 86 54 97 90 89 81 98 125 106 78 101 104 87 121 52 82 74 73 39 62 69 50 56 39 39 99 92 80 31 96 83 90 81 105 81 65 91 69 24 72 88 36 75 77 71 108 109 112 87 55 96 101 48 87 72 98 114 19 89 92 101 102 33 126 100 94 94 88 107 53 85 90 82 77 57 91 101 83 97 53 41 52 47 35 51 35 96 69 67 100 73 51 18 86 67 84 
0 0 100 0 100 0 100 0 100 100 86 48 109 74 63 49 29 106 76 36 77 84 89 66 89 48 97 111 20 103 66 44 119 111 32 73 69 66 107 45 87 95 62 76 32 67 64 34 111 73 67 96 101 36 86 112 110 87 100 56 26 98 61 102 53 67 96 97 88 125 45 119 69 128 72 17 64 59 72 59 98 38 76 110 11 64 84 36 93 87 100 72 15 102 85 95 67 46 94 120 88 87 55 56 63 66 66 91 114 63 68 115 102 88 62 18 37 28 68 50 115 54 79 47 58 74 83 90 50 65 60 108 50 56 42 79 87 87 38 43 
100 100 0 100 0 100 0 100 0 0 123 57 77 32 97 66 75 108 99 69 99 97 13 72 59 55 42 88 84 77 107 55 99 106 68 77 100 89 113 68 111 128 51 52 86 54 97 90 89 81 98 125 106 78 101 104 87 121 52 82 74 73 39 62 69 50 56 39 39 99 92 80 31 96 83 90 81 105 81 65 91 69 24 72 88 36 75 77 71 108 109 112 87 55 96 101 48 87 72 98 114 19 89 92 101 102 33 126 100 94 94 88 107 53 85 90 82 77 57 91 101 83 97 53 41 52 47 35 51 35 96 69 67 100 73 51 18 86 67 84 
0 0 100 0 100 0 100 0 100 100 86 48 109 74 63 49 29 106 76 36 77 84 89 66 89 48 97 111 20 103 66 44 119 111 32 73 69 66 107 45 87 95 62 76 32 67 64 34 111 73 67 96 101 36 86 112 110 87 100 56 26 98 61 102 53 67 96 97 88 125 45 119 69 128 72 17 64 59 72 59 98 38 76 110 11 64 84 36 93 87 100 72 15 102 85 95 67 46 94 120 88 87 55 56 63 66 66 91 114 63 68 115 102 88 62 18 37 28 68 50 115 54 79 47 58 74 83 90 50 65 60 108 50 56 42 79 87 87 38 43 
100 100 0 100 0 100 0 100 0 0 123 57 77 32 97 66 75 108 99 69 99 97 13 72 59 55 42 88 84 77 107 55 99 106 68 77 100 89 113 68 111 128 51 52 86 54 97 90 89 81 98 125 106 78 101 104 87 121 52 82 74 73 39 62 69 50 56 39 39 99 92 80 31 96 83 90 81 105 81 65 91 69 24 72 88 36 75 77 71 108 109 112 87 55 96 101 48 87 72 98 114 19 89 92 101 102 33 126 100 94 94 88 107 53 85 90 82 77 57 91 101 83 97 53 41 52 47 35 51 35 96 69 67 100 73 51 18 86 67 84 
100 100 0 100 0 100 0 100 0 0 123 57 77 32 97 66 75 108 99 69 99 97 13 72 59 55 42 88 84 77 107 55 99 106 68 77 100 89 113 68 111 128 51 52 86 54 97 90 89 81 98 125 106 78 101 104 87 121 52 82 74 73 39 62 69 50 56 39 39 99 92 80 31 96 83 90 81 105 81 65 91 69 24 72 88 36 75 77 71 108 109 112 87 55 96 101 48 87 72 98 114 19 89 92 101 102 33 126 100 94 94 88 107 53 85 90 82 77 57 91 101 83 97 53 41 52 47 35 51 35 96 69 67 100 73 51 18 86 67 84 
86 86 123 86 123 86 123 86 123 123 0 76 70 91 29 63 73 38 24 72 24 30 110 51 70 79 90 63 72 64 21 89 62 47 80 46 24 34 35 64 15 10 73 72 58 70 28 54 61 43 26 11 35 62 27 49 62 3 84 44 79 63 92 76 58 73 77 92 87 70 44 79 99 76 40 70 42 26 43 60 47 70 103 76 83 96 53 62 62 19 31 14 77 83 31 34 75 46 61 64 13 104 39 36 25 23 100 6 56 31 30 67 35 75 39 70 57 71 66 40 56 44 27 88 94 71 78 91 86 97 31 76 62 31 61 73 105 42 72 50 
48 48 57 48 57 48 57 48 57 57 76 0 67 27 47 12 19 77 55 12 56 58 44 31 44 2 49 72 29 62 56 13 82 80 16 39 52 43 81 12 68 83 15 30 29 21 48 33 72 41 50 82 74 20 62 80 71 75 53 32 22 57 18 56 19 20 50 49 40 86 36 76 26 88 42 34 36 53 41 20 64 11 33 66 36 22 46 20 52 67 74 63 33 55 58 67 19 32 53 82 71 41 37 41 51 53 25 80 79 45 47 75 74 42 38 34 25 21 24 37 80 32 55 12 18 28 35 41 9 23 45 64 14 47 16 32 41 54 10 29 
109 109 77 109 77 109 77 109 77 77 70 67 0 57 59 60 81 37 50 75 48 40 68 42 23 69 35 11 88 6 65 79 21 31 82 37 56 50 43 64 54 68 52 38 78 45 57 78 13 38 57 65 37 73 43 29 10 66 25 55 86 10 69 15 55 47 22 38 40 21 70 10 71 21 41 91 48 69 39 50 22 72 69 7 99 71 25 72 15 50 42 66 94 22 39 36 49 66 15 20 57 62 59 60 62 61 73 68 23 56 52 10 38 28 51 91 73 82 43 64 24 57 45 77 74 39 36 43 72 71 60 8 59 67 66 36 62 29 73 68 
74 74 32 74 32 74 32 74 32 32 91 27 57 0 64 33 46 80 68 40 67 66 19 40 34 26 28 66 56 54 74 31 77 80 42 46 67 57 85 36 80 96 19 22 55 21 64 59 67 49 66 94 78 47 70 79 65 90 35 49 48 50 15 43 36 18 35 26 19 79 59 63 13 78 51 62 49 72 49 32 64 39 12 54 63 14 46 46 46 77 80 80 60 38 66 72 16 54 47 76 83 14 56 59 69 70 16 94 76 61 61 67 78 29 53 61 51 48 25 58 77 51 65 28 20 22 21 18 24 14 63 51 35 67 41 23 15 57 38 52 
63 63 97 63 97 63 97 63 97 97 29 47 59 64 0 35 45 43 13 44 14 22 83 25 50 50 68 56 46 52 9 60 60 50 52 24 5 9 44 35 24 36 46 47 32 43 1 29 55 21 4 35 39 34 24 51 55 28 65 15 52 49 64 59 29 46 58 70 63 68 18 69 71 72 18 46 16 10 21 32 40 41 75 63 58 67 35 34 46 24 37 15 52 64 24 33 48 18 46 62 26 78 10 7 4 5 71 33 55 3 6 60 39 53 11 46 29 44 40 13 56 15 17 59 66 46 54 67 57 69 2 63 33 8 33 49 79 30 43 22 
49 49 66 49 66 49 66 49 66 66 63 12 60 33 35 0 21 66 43 15 43 46 52 19 39 15 49 64 29 54 43 26 72 69 22 28 39 30 69 4 55 70 15 27 22 18 35 25 63 30 37 69 62 15 49 69 63 62 51 19 26 49 29 52 6 19 46 50 41 78 26 69 37 80 30 33 23 41 29 9 53 12 42 60 39 33 37 14 44 54 62 50 34 52 46 55 20 21 45 73 58 48 24 28 38 40 37 67 69 32 34 67 62 38 25 33 18 22 18 25 70 19 42 25 31 25 34 43 22 34 33 59 1 35 8 29 49 43 13 18 
29 29 75 29 75 29 75 29 75 75 73 19 81 46 45 21 0 84 57 7 58 63 63 39 60 20 68 85 9 75 52 21 93 88 8 48 51 45 86 17 69 81 33 47 15 38 46 20 84 49 49 81 80 11 66 88 83 73 71 33 6 70 35 73 26 38 67 68 59 99 29 91 43 101 48 15 40 47 48 31 73 9 51 82 18 39 58 11 66 68 79 59 13 73 63 73 38 27 66 94 71 60 35 38 47 50 42 78 89 44 48 88 80 59 40 15 16 2 39 32 90 32 58 22 33 45 53 61 24 40 43 80 21 41 15 50 61 62 9 22 
106 106 108 106 108 106 108 106 108 108 38 77 37 80 43 66 84 0 30 79 28 21 96 46 49 80 67 27 87 34 44 91 23 8 88 37 38 39 6 69 24 33 67 58 73 61 41 71 25 35 39 30 4 72 19 11 27 35 59 50 90 35 87 49 59 64 53 70 68 32 60 43 92 37 36 88 43 50 36 57 17 77 93 44 99 90 34 72 37 21 7 42 93 56 20 10 66 59 36 25 26 90 50 49 44 42 94 35 18 42 38 31 4 54 44 88 70 83 57 55 17 52 26 90 91 58 61 72 86 91 45 45 64 51 68 57 90 23 78 63 
76 76 99 76 99 76 99 76 99 99 24 55 50 68 13 43 57 30 0 54 1 10 86 27 46 58 66 45 59 44 16 69 48 37 62 22 8 12 30 44 12 28 50 47 45 46 11 42 44 18 9 26 25 45 10 38 45 22 61 24 63 41 70 53 36 49 53 68 63 56 31 59 76 61 16 59 19 21 18 37 29 52 79 55 70 73 29 45 39 11 23 16 64 59 11 20 52 30 39 50 16 80 21 19 14 13 77 26 43 13 9 50 25 51 17 59 41 56 42 25 43 24 4 68 72 47 53 67 65 74 15 55 41 21 43 48 81 20 53 35 
36 36 69 36 69 36 69 36 69 69 72 12 75 40 44 15 7 79 54 0 55 59 57 34 53 13 61 79 16 69 51 17 88 83 8 43 49 42 82 11 67 80 26 40 18 31 44 22 79 44 47 79 76 11 62 84 78 72 64 30 11 64 29 66 20 31 60 61 52 93 29 84 38 95 43 22 36 47 43 25 68 2 44 75 25 33 52 10 59 66 76 58 21 66 59 69 31 26 60 88 69 53 33 36 46 49 36 77 84 42 45 82 76 52 36 21 16 8 32 31 85 29 55 18 28 38 46 54 18 34 41 73 16 41 11 43 54 57 2 22 
77 77 99 77 99 77 99 77 99 99 24 56 48 67 14 43 58 28 1 55 0 8 86 27 46 59 65 44 60 42 17 69 47 35 63 22 9 12 29 45 12 28 50 47 46 46 13 43 42 18 10 26 24 46 9 37 43 22 60 24 64 40 70 53 36 49 53 68 62 55 32 58 76 59 16 60 20 22 18 37 27 52 79 54 71 74 28 46 38 11 22 17 65 59 10 18 52 31 38 48 15 80 22 21 15 14 77 26 41 14 10 48 24 50 18 60 42 57 42 26 42 25 3 68 73 46 53 66 65 75 17 54 41 22 43 48 81 19 54 35 
84 84 97 84 97 84 97 84 97 97 30 58 40 66 22 46 63 21 10 59 8 0 84 28 41 61 61 35 66 35 26 72 38 27 68 20 18 18 23 49 14 31 51 45 52 45 21 50 34 17 19 28 16 51 3 28 35 26 54 29 69 33 71 46 39 49 47 63 59 46 39 50 76 50 16 67 23 31 17 39 19 57 79 46 78 74 23 52 32 11 16 26 72 53 1 10 51 38 31 39 18 78 29 28 24 23 78 30 32 21 17 40 17 46 23 67 48 62 42 34 33 31 5 71 74 44 50 63 67 75 25 46 45 31 48 45 79 12 58 42 
89 89 13 89 13 89 13 89 13 13 110 44 68 19 83 52 63 96 86 57 86 84 0 58 47 43 33 78 72 66 93 44 89 94 57 64 86 76 101 55 98 114 38 39 73 40 83 77 79 67 85 112 94 65 88 93 77 108 42 68 63 62 27 52 56 37 46 30 27 89 78 72 20 87 70 78 68 92 67 51 79 56 12 62 77 24 62 64 59 95 97 99 75 45 83 88 35 74 60 88 101 6 75 79 88 89 23 112 89 81 80 78 94 41 72 78 69 65 43 77 90 70 83 42 30 39 35 24 39 23 82 60 54 86 59 39 5 73 55 71 
66 66 72 66 72 66 72 66 72 72 51 31 42 40 25 19 39 46 27 34 27 28 58 0 26 33 43 45 46 36 35 44 53 49 42 8 27 17 50 23 40 56 22 21 35 18 25 35 44 10 26 54 43 30 32 49 44 49 41 13 45 32 43 38 13 22 34 45 37 59 28 53 48 61 12 49 9 35 10 10 34 32 52 45 57 46 18 30 27 38 44 40 51 41 28 36 24 24 27 54 43 53 20 23 30 31 50 54 50 22 21 48 43 28 14 48 30 40 15 24 50 16 26 43 46 20 28 41 39 47 25 43 18 31 24 23 54 23 32 25 
89 89 59 89 59 89 59 89 59 59 70 44 23 34 50 39 60 49 46 53 46 41 47 26 0 46 20 32 68 20 59 56 43 47 60 25 50 41 54 43 55 72 29 14 60 22 49 61 32 28 49 69 47 53 44 45 30 67 14 40 65 15 45 12 36 24 7 22 19 45 55 31 47 45 32 72 35 60 29 30 32 51 46 22 78 47 17 53 12 52 50 62 74 14 40 42 25 51 13 42 59 41 46 49 54 54 50 71 42 47 44 33 48 5 39 72 55 61 20 51 43 43 42 53 50 16 13 23 49 47 50 20 39 56 47 12 42 28 51 51 
48 48 55 48 55 48 55 48 55 55 79 2 69 26 50 15 20 80 58 13 59 61 43 33 46 0 50 75 29 64 59 11 84 83 15 42 55 46 84 15 71 86 16 31 31 23 51 35 75 44 53 85 76 23 65 82 73 78 54 35 22 59 16 58 22 22 51 49 40 89 39 78 24 90 45 35 39 56 44 22 66 13 31 68 36 20 49 22 54 70 77 66 33 56 61 70 20 35 55 84 74 39 40 43 54 56 23 83 82 48 50 77 77 43 41 35 28 22 26 40 83 35 58 9 16 30 36 41 6 21 48 66 17 50 19 34 40 56 12 31 
97 97 42 97 42 97 42 97 42 42 90 49 35 28 68 49 68 67 66 61 65 61 33 43 20 50 0 46 77 35 78 57 57 64 65 44 69 59 73 53 75 92 35 23 72 31 68 74 47 47 68 89 66 64 64 63 45 87 9 57 71 32 42 20 48 30 14 3 9 56 71 38 41 55 51 82 52 78 48 42 50 59 37 29 86 43 37 64 30 72 70 82 82 12 60 62 30 66 31 56 79 27 63 66 73 73 44 91 58 65 63 46 67 15 57 82 67 69 31 67 59 59 62 55 48 24 15 10 50 42 68 27 50 74 58 20 28 48 59 65 
111 111 88 111 88 111 88 111 88 88 63 72 11 66 56 64 85 27 45 79 44 35 78 45 32 75 46 0 91 11 62 86 11 21 87 37 53 48 33 68 47 60 59 45 79 52 55 79 2 38 53 56 28 75 37 18 1 59 36 55 90 16 77 26 58 54 32 49 50 14 70 16 79 16 40 94 48 66 39 54 16 76 78 18 102 79 27 75 21 43 33 61 97 33 34 28 56 67 20 10 49 72 59 59 59 58 82 61 12 54 49 4 29 37 50 93 74 85 49 64 13 58 40 83 82 46 45 53 79 79 58 20 63 65 70 43 72 26 77 69 
20 20 84 20 84 20 84 20 84 84 72 29 88 56 46 29 9 87 59 16 60 66 72 46 68 29 77 91 0 82 51 29 99 92 16 53 52 48 89 24 70 81 42 56 14 47 48 18 90 54 50 81 83 15 69 93 90 73 80 37 10 77 45 81 33 47 75 77 68 105 28 98 53 107 52 6 44 46 53 38 79 17 60 89 11 48 64 15 73 70 82 58 5 81 67 77 47 28 73 100 73 69 37 39 48 50 51 78 95 46 50 94 83 67 43 5 17 7 48 33 96 35 61 31 42 54 62 70 33 49 44 88 29 41 21 58 70 67 18 24 
103 103 77 103 77 103 77 103 77 77 64 62 6 54 52 54 75 34 44 69 42 35 66 36 20 64 35 11 82 0 59 75 22 29 77 30 50 44 40 58 48 63 48 34 71 41 51 72 12 32 50 60 33 67 37 27 10 61 26 48 81 5 65 15 49 43 20 38 38 25 63 16 67 25 35 85 41 63 33 44 18 67 66 11 93 67 19 67 10 45 38 60 88 23 33 31 45 60 9 22 51 60 53 54 56 55 70 63 22 50 46 13 34 25 45 85 67 76 38 58 23 51 39 72 70 35 33 42 68 68 53 12 53 60 61 32 61 23 67 62 
66 66 107 66 107 66 107 66 107 107 21 56 65 74 9 43 52 44 16 51 17 26 93 35 59 59 78 62 51 59 0 68 64 52 59 33 9 18 44 44 21 30 55 57 37 53 10 33 60 30 9 30 40 40 26 54 61 21 73 25 58 56 73 68 38 56 66 79 73 72 23 75 80 77 27 50 25 6 29 42 45 49 85 70 62 77 43 41 54 23 37 7 56 73 27 35 58 25 53 66 22 88 18 15 5 4 80 26 59 12 14 66 40 62 21 50 35 50 50 19 59 24 21 68 74 55 63 77 66 78 10 70 42 10 41 58 89 36 51 29 
44 44 55 44 55 44 55 44 55 55 89 13 79 31 60 26 21 91 69 17 69 72 44 44 56 11 57 86 29 75 68 0 95 94 13 53 65 56 95 24 81 96 26 41 35 34 60 40 86 55 63 95 87 28 76 93 84 88 63 45 19 69 17 68 32 32 61 56 48 99 46 88 24 100 56 36 49 64 55 33 78 19 31 78 33 19 60 28 65 80 88 75 32 65 72 81 30 43 65 95 84 42 49 53 63 65 21 93 93 58 60 88 88 53 51 35 34 23 36 48 94 45 69 2 13 40 45 48 7 20 57 76 27 58 27 44 43 67 17 39 
119 119 99 119 99 119 99 119 99 99 62 82 21 77 60 72 93 23 48 88 47 38 89 53 43 84 57 11 99 22 64 95 0 15 95 45 56 53 28 76 47 57 69 56 86 62 59 85 10 45 57 53 26 83 38 12 12 58 47 62 99 27 88 37 67 64 43 60 61 8 75 23 90 14 46 101 54 69 46 63 20 85 89 28 110 90 35 83 31 43 30 63 104 44 36 29 67 73 30 2 48 83 64 64 62 61 93 59 5 58 54 11 26 48 56 101 82 93 59 69 5 64 43 93 92 57 56 64 89 90 62 30 71 69 78 54 84 31 86 76 
111 111 106 111 106 111 106 111 106 106 47 80 31 80 50 69 88 8 37 83 35 27 94 49 47 83 64 21 92 29 52 94 15 0 92 40 45 45 13 72 33 42 69 58 79 62 48 77 19 39 46 38 12 77 26 2 21 43 55 55 94 32 89 45 63 65 50 67 67 23 67 37 92 29 40 94 48 58 40 60 16 81 93 39 104 91 34 77 35 30 16 50 98 53 26 16 67 65 34 17 34 88 56 55 51 49 94 43 10 49 44 24 12 53 49 93 75 88 58 61 9 57 33 92 93 58 60 70 88 92 52 40 68 58 73 57 89 26 82 68 
32 32 68 32 68 32 68 32 68 68 80 16 82 42 52 22 8 88 62 8 63 68 57 42 60 15 65 87 16 77 59 13 95 92 0 51 57 50 91 19 75 88 31 46 23 37 53 28 86 52 55 87 84 18 71 92 85 80 69 38 6 71 29 72 29 36 66 65 56 101 36 91 37 102 52 22 44 54 51 32 76 10 44 82 20 32 60 17 67 74 84 66 18 71 68 77 36 33 67 96 78 54 41 44 54 56 35 85 92 50 53 90 84 58 45 21 23 10 39 39 93 38 63 15 26 44 51 57 17 33 49 80 24 49 19 49 55 65 9 29 
73 73 77 73 77 73 77 73 77 77 46 39 37 46 24 28 48 37 22 43 22 20 64 8 25 42 44 37 53 30 33 53 45 40 51 0 24 15 41 32 33 50 30 25 41 25 23 41 37 3 24 48 34 38 24 41 36 44 40 18 54 26 50 35 22 28 33 46 40 51 33 47 56 54 6 56 10 35 3 19 25 40 58 40 65 54 11 38 22 31 35 37 59 39 20 27 30 29 22 46 37 58 22 24 28 29 57 48 41 21 18 41 34 29 14 55 36 48 21 27 42 20 19 52 54 24 31 44 48 54 25 39 27 31 32 26 59 14 41 31 
69 69 100 69 100 69 100 69 100 100 24 52 56 67 5 39 51 38 8 49 9 18 86 27 50 55 69 53 52 50 9 65 56 45 57 24 0 10 38 40 18 31 49 49 38 46 4 35 51 21 1 30 33 39 18 46 52 23 64 19 57 47 68 58 33 49 57 71 64 64 24 66 74 68 18 52 18 13 20 35 36 47 78 61 63 71 33 40 44 18 31 12 57 64 19 28 51 24 44 57 20 80 15 13 6 5 75 28 51 6 5 57 33 53 14 52 35 50 42 18 51 19 12 64 70 48 55 68 61 72 8 61 37 13 38 50 81 27 48 28 
66 66 89 66 89 66 89 66 89 89 34 43 50 57 9 30 45 39 12 42 12 18 76 17 41 46 59 48 48 44 18 56 53 45 50 15 10 0 41 32 25 40 39 39 34 35 8 32 47 12 9 38 35 33 20 46 47 32 55 11 51 40 58 50 24 39 48 61 55 61 22 60 65 65 9 49 8 19 11 25 33 39 69 54 60 62 26 34 37 23 34 22 53 55 18 28 41 20 36 55 28 70 11 11 13 13 65 37 49 6 4 52 35 44 5 48 30 44 32 16 49 12 13 56 60 37 45 58 53 63 9 53 29 16 31 40 71 22 41 23 
107 107 113 107 113 107 113 107 113 113 35 81 43 85 44 69 86 6 30 82 29 23 101 50 54 84 73 33 89 40 44 95 28 13 91 41 38 41 0 72 22 29 72 63 75 65 42 73 31 39 40 25 7 74 20 16 33 31 65 52 92 41 92 55 62 69 58 76 74 36 61 49 97 42 39 89 46 50 40 61 23 80 98 50 101 95 39 75 43 20 6 40 95 62 22 13 71 61 42 30 23 95 51 50 44 42 98 31 23 43 39 37 6 60 46 89 71 85 62 56 23 54 27 93 95 63 66 78 90 96 46 51 67 51 71 62 96 28 81 65 
45 45 68 45 68 45 68 45 68 68 64 12 64 36 35 4 17 69 44 11 45 49 55 23 43 15 53 68 24 58 44 24 76 72 19 32 40 32 72 0 57 72 19 31 19 22 36 22 68 33 38 71 65 11 52 73 67 64 55 20 22 53 30 56 9 23 50 53 45 82 24 74 38 84 33 29 25 40 32 14 57 8 44 65 35 34 41 10 48 56 65 51 30 56 49 58 23 20 49 77 60 50 25 28 39 41 37 68 73 33 36 71 65 43 27 28 14 17 23 25 74 20 45 23 31 29 38 47 21 35 33 63 4 35 4 34 51 46 9 17 
87 87 111 87 111 87 111 87 111 111 15 68 54 80 24 55 69 24 12 67 12 14 98 40 55 71 75 47 70 48 21 81 47 33 75 33 18 25 22 57 0 16 63 59 56 58 22 53 45 30 20 14 21 57 11 35 47 12 69 36 75 47 83 61 49 62 62 78 73 55 42 63 89 60 28 70 32 28 30 50 31 64 92 60 82 86 38 58 47 3 17 17 76 67 15 18 64 42 46 49 3 92 33 31 23 20 90 15 41 24 21 51 20 60 30 70 53 68 55 37 41 37 14 81 85 58 64 77 78 87 26 60 54 30 55 59 93 27 66 46 
95 95 128 95 128 95 128 95 128 128 10 83 68 96 36 70 81 33 28 80 28 31 114 56 72 86 92 60 81 63 30 96 57 42 88 50 31 40 29 72 16 0 79 75 67 74 35 63 58 47 33 3 31 70 27 45 60 8 85 51 88 63 98 76 64 78 78 94 90 65 53 76 105 71 44 80 48 36 46 66 45 78 108 75 92 102 54 70 63 19 26 23 86 83 32 32 80 54 62 59 13 108 46 43 33 31 106 4 51 38 36 64 30 77 45 80 65 80 71 49 51 51 30 95 101 75 81 94 93 103 38 75 69 40 69 76 109 43 79 59 
62 62 51 62 51 62 51 62 51 51 73 15 52 19 46 15 33 67 50 26 50 51 38 22 29 16 35 59 42 48 55 26 69 69 31 30 49 39 72 19 63 79 0 15 38 7 46 41 59 33 48 77 64 30 54 68 58 72 38 30 36 43 20 41 17 5 35 35 26 73 40 61 26 74 35 47 31 53 33 13 52 24 29 51 51 23 34 29 38 60 66 61 47 40 50 58 5 35 39 69 66 33 37 40 50 51 27 76 67 43 43 61 65 27 34 47 33 34 10 39 68 32 49 24 24 13 20 28 20 24 44 49 16 48 23 17 34 43 23 34 
76 76 52 76 52 76 52 76 52 52 72 30 38 22 47 27 47 58 47 40 47 45 39 21 14 31 23 45 56 34 57 41 56 58 46 25 49 39 63 31 59 75 15 0 49 8 47 51 46 28 48 73 55 42 49 57 44 69 23 34 51 29 31 26 25 9 19 24 16 59 48 46 34 59 31 60 31 57 29 19 41 38 35 36 65 34 24 42 24 56 58 61 61 25 44 50 11 43 25 55 62 33 41 44 51 52 37 74 54 44 43 47 56 11 35 60 44 48 8 44 55 36 44 39 36 2 7 20 34 34 46 34 27 52 35 2 34 34 38 42 
32 32 86 32 86 32 86 32 86 86 58 29 78 55 32 22 15 73 45 18 46 52 73 35 60 31 72 79 14 71 37 35 86 79 23 41 38 34 75 19 56 67 38 49 0 41 33 4 78 41 36 67 69 8 55 80 78 59 73 24 21 67 47 72 23 42 67 72 63 93 14 88 55 96 39 14 31 32 40 30 66 17 62 80 25 51 53 8 62 56 68 44 19 74 53 63 43 14 62 87 58 69 23 25 34 36 54 64 82 32 36 83 69 60 30 14 5 13 40 19 83 22 47 36 46 47 56 66 36 52 29 78 22 27 14 51 70 54 19 10 
67 67 54 67 54 67 54 67 54 54 70 21 45 21 43 18 38 61 46 31 46 45 40 18 22 23 31 52 47 41 53 34 62 62 37 25 46 35 65 22 58 74 7 8 41 0 43 43 52 28 44 72 58 33 49 61 50 68 32 29 42 35 26 35 18 3 28 31 23 65 41 54 31 66 30 52 27 52 28 12 45 29 33 44 57 29 27 33 31 56 60 58 52 34 45 52 5 36 31 62 61 34 35 39 47 49 32 72 60 40 40 54 58 20 31 51 36 39 3 38 61 30 44 31 30 6 15 26 27 30 42 42 19 47 26 11 35 37 29 35 
64 64 97 64 97 64 97 64 97 97 28 48 57 64 1 35 46 41 11 44 13 21 83 25 49 51 68 55 48 51 10 60 59 48 53 23 4 8 42 36 22 35 46 47 33 43 0 30 53 20 2 34 37 35 22 50 54 27 64 16 53 48 64 58 29 46 57 69 63 66 19 68 71 71 17 47 15 11 20 32 38 42 75 62 59 68 34 35 45 22 35 15 53 63 22 31 48 19 44 60 25 78 11 8 5 5 71 32 53 2 5 59 37 52 11 47 31 45 40 14 54 15 15 60 66 45 53 67 58 69 4 61 33 10 33 48 79 28 44 24 
34 34 90 34 90 34 90 34 90 90 54 33 78 59 29 25 20 71 42 22 43 50 77 35 61 35 74 79 18 72 33 40 85 77 28 41 35 32 73 22 53 63 41 51 4 43 30 0 78 40 33 63 67 12 52 78 78 55 74 23 25 67 51 73 25 45 69 75 66 92 11 88 59 95 38 17 31 27 39 32 65 22 66 80 28 55 53 12 63 53 66 40 22 75 51 61 46 12 63 86 55 73 21 22 30 32 58 60 81 29 33 83 67 62 28 16 7 18 43 16 81 21 45 41 51 49 58 69 41 56 26 79 25 23 17 54 74 53 23 9 
111 111 89 111 89 111 89 111 89 89 61 72 13 67 55 63 84 25 44 79 42 34 79 44 32 75 47 2 90 12 60 86 10 19 86 37 51 47 31 68 45 58 59 46 78 52 53 78 0 37 52 54 26 75 35 16 2 57 38 54 90 17 78 27 58 55 33 50 51 14 69 18 80 17 39 93 47 64 38 54 14 76 79 20 102 80 26 75 21 41 31 60 96 35 32 27 57 66 20 9 47 73 58 58 57 56 82 59 10 53 48 6 27 38 49 93 74 84 49 63 11 57 39 84 82 47 46 55 79 80 56 21 63 63 69 44 74 25 77 68 
73 73 81 73 81 73 81 73 81 81 43 41 38 49 21 30 49 35 18 44 18 17 67 10 28 44 47 38 54 32 30 55 45 39 52 3 21 12 39 33 30 47 33 28 41 28 20 40 37 0 21 44 32 38 21 39 37 40 43 17 55 28 53 38 23 31 36 49 44 51 31 48 59 54 3 56 9 32 1 21 24 41 61 42 65 57 13 38 24 27 33 34 59 42 17 25 34 28 24 46 33 61 21 22 25 26 60 45 41 19 15 42 32 32 12 55 36 48 24 26 41 19 16 54 57 28 34 48 50 57 22 41 28 29 33 29 62 13 42 31 
67 67 98 67 98 67 98 67 98 98 26 50 57 66 4 37 49 39 9 47 10 19 85 26 49 53 68 53 50 50 9 63 57 46 55 24 1 9 40 38 20 33 48 48 36 44 2 33 52 21 0 32 35 37 20 48 53 25 64 18 55 47 66 58 31 48 57 70 64 65 22 67 73 69 17 50 17 12 20 34 37 45 77 61 62 70 34 38 45 20 33 13 56 64 20 29 50 22 44 59 22 79 13 11 5 4 74 30 52 5 5 58 35 53 13 50 33 48 41 17 52 18 13 62 68 47 54 68 60 71 6 61 36 11 36 49 80 27 46 26 
96 96 125 96 125 96 125 96 125 125 11 82 65 94 35 69 81 30 26 79 26 28 112 54 69 85 89 56 81 60 30 95 53 38 87 48 30 38 25 71 14 3 77 73 67 72 34 63 54 44 32 0 28 69 24 41 56 9 82 50 87 60 97 73 63 76 75 92 87 62 53 73 103 68 42 80 46 36 44 64 42 77 106 71 92 100 51 70 59 17 23 23 86 80 29 28 78 54 58 56 10 106 46 43 33 31 104 6 48 37 35 60 27 74 44 80 65 80 69 48 48 50 28 94 99 73 78 91 91 101 38 72 67 40 68 73 107 40 79 58 
101 101 106 101 106 101 106 101 106 106 35 74 37 78 39 62 80 4 25 76 24 16 94 43 47 76 66 28 83 33 40 87 26 12 84 34 33 35 7 65 21 31 64 55 69 58 37 67 26 32 35 28 0 68 15 14 28 31 58 46 86 34 84 48 55 61 51 69 67 34 56 45 89 40 32 84 39 46 32 54 16 73 90 45 95 87 31 68 36 18 4 38 89 56 16 6 64 55 34 28 22 88 46 45 40 38 91 32 20 38 33 32 0 53 39 84 65 79 54 50 20 47 22 86 88 55 59 71 82 88 41 45 60 47 64 55 88 20 74 59 
36 36 78 36 78 36 78 36 78 78 62 20 73 47 34 15 11 72 45 11 46 51 65 30 53 23 64 75 15 67 40 28 83 77 18 38 39 33 74 11 57 70 30 42 8 33 35 12 75 38 37 69 68 0 54 78 74 62 66 22 18 62 39 66 17 34 61 65 56 89 18 83 47 92 37 19 29 36 37 23 63 9 53 74 27 43 48 0 57 57 68 47 21 67 52 62 35 15 57 84 60 61 23 26 36 38 46 67 79 32 36 79 68 53 28 18 5 10 33 21 80 20 47 29 38 40 49 58 28 44 31 72 14 30 6 44 62 51 11 11 
86 86 101 86 101 86 101 86 101 101 27 62 43 70 24 49 66 19 10 62 9 3 88 32 44 65 64 37 69 37 26 76 38 26 71 24 18 20 20 52 11 27 54 49 55 49 22 52 35 21 20 24 15 54 0 28 36 23 58 32 72 36 75 49 43 53 51 67 63 46 41 52 80 51 20 69 26 31 21 42 20 60 83 49 80 78 27 54 35 7 13 24 74 56 4 9 55 40 34 40 14 82 31 30 25 23 82 26 33 23 18 41 15 49 25 69 51 65 46 35 33 33 7 74 78 48 54 67 71 79 26 49 48 32 51 49 83 16 61 44 
112 112 104 112 104 112 104 112 104 104 49 80 29 79 51 69 88 11 38 84 37 28 93 49 45 82 63 18 93 27 54 93 12 2 92 41 46 46 16 73 35 45 68 57 80 61 50 78 16 39 48 41 14 78 28 0 19 46 53 56 95 30 88 43 63 64 48 66 65 20 68 34 91 26 40 95 48 60 40 60 15 81 92 36 105 90 34 78 33 32 18 52 99 51 27 18 67 66 32 14 37 87 57 56 53 51 94 46 7 50 45 21 14 51 50 94 76 88 58 62 6 58 34 92 92 57 58 69 88 91 54 38 68 60 73 56 88 26 82 69 
110 110 87 110 87 110 87 110 87 87 62 71 10 65 55 63 83 27 45 78 43 35 77 44 30 73 45 1 90 10 61 84 12 21 85 36 52 47 33 67 47 60 58 44 78 50 54 78 2 37 53 56 28 74 36 19 0 59 35 54 89 15 76 25 57 53 31 48 49 15 69 16 78 17 39 92 47 65 38 53 15 75 77 17 101 78 25 74 19 43 33 61 96 32 33 28 55 65 18 11 49 71 58 58 58 57 81 60 13 53 49 5 29 36 49 92 73 84 47 63 13 57 40 82 80 45 44 52 78 78 57 19 62 64 68 42 71 25 76 68 
87 87 121 87 121 87 121 87 121 121 3 75 66 90 28 62 73 35 22 72 22 26 108 49 67 78 87 59 73 61 21 88 58 43 80 44 23 32 31 64 12 8 72 69 59 68 27 55 57 40 25 9 31 62 23 46 59 0 81 43 79 60 91 73 56 71 74 90 85 66 44 75 98 72 38 71 41 27 40 58 43 70 101 73 83 95 50 62 59 16 27 14 78 80 28 30 73 46 58 60 9 102 38 35 25 23 98 4 52 30 28 63 31 72 38 71 57 72 64 40 52 43 25 87 93 69 75 89 85 96 30 73 61 31 61 70 103 39 71 50 
100 100 52 100 52 100 52 100 52 52 84 53 25 35 65 51 71 59 61 64 60 54 42 41 14 54 9 36 80 26 73 63 47 55 69 40 64 55 65 55 69 85 38 23 73 32 64 74 38 43 64 82 58 66 58 53 35 81 0 55 75 23 49 10 49 32 7 12 16 47 69 29 49 45 46 84 49 75 44 42 42 62 45 20 89 50 31 65 22 65 62 77 85 3 53 54 33 65 23 46 72 37 61 63 69 69 52 84 48 62 59 36 59 12 54 84 68 72 32 65 49 57 56 60 54 25 17 18 56 50 65 17 51 71 59 21 37 41 62 65 
56 56 82 56 82 56 82 56 82 82 44 32 55 49 15 19 33 50 24 30 24 29 68 13 40 35 57 55 37 48 25 45 62 55 38 18 19 11 52 20 36 51 30 34 24 29 16 23 54 17 18 50 46 22 32 56 54 43 55 0 40 44 48 52 13 32 48 58 50 69 15 65 55 72 15 38 7 23 16 17 41 28 60 58 49 52 29 22 40 35 45 31 43 55 30 39 33 11 40 63 39 63 6 10 19 21 55 48 58 13 15 59 46 42 6 38 19 33 26 10 58 2 25 44 50 32 41 54 42 53 14 57 17 18 19 36 64 30 29 13 
26 26 74 26 74 26 74 26 74 74 79 22 86 48 52 26 6 90 63 11 64 69 63 45 65 22 71 90 10 81 58 19 99 94 6 54 57 51 92 22 75 88 36 51 21 42 53 25 90 55 55 87 86 18 72 95 89 79 75 40 0 76 35 77 32 42 71 71 62 104 35 96 43 106 54 16 46 53 54 36 79 13 50 87 14 38 63 17 71 75 86 65 12 77 70 79 41 33 71 99 78 60 42 44 54 56 41 84 95 50 54 93 86 63 46 16 22 7 44 39 96 38 65 21 33 49 57 63 24 39 49 85 27 48 21 54 61 68 13 29 
98 98 73 98 73 98 73 98 73 73 63 57 10 50 49 49 70 35 41 64 40 33 62 32 15 59 32 16 77 5 56 69 27 32 71 26 47 40 41 53 47 63 43 29 67 35 48 67 17 28 47 60 34 62 36 30 15 60 23 44 76 0 60 13 44 38 17 35 34 30 59 21 63 31 31 81 37 60 29 39 18 62 62 14 88 62 14 62 4 44 38 58 83 21 32 31 40 55 4 26 51 56 49 50 53 52 65 63 26 46 42 18 35 21 41 80 62 71 33 54 27 47 37 67 65 30 28 38 63 63 50 13 48 57 56 27 57 20 62 57 
61 61 39 61 39 61 39 61 39 39 92 18 69 15 64 29 35 87 70 29 70 71 27 43 45 16 42 77 45 65 73 17 88 89 29 50 68 58 92 30 83 98 20 31 47 26 64 51 78 53 66 97 84 39 75 88 76 91 49 48 35 60 0 56 34 23 48 41 33 90 55 77 8 91 55 51 50 70 53 32 72 29 15 66 50 3 54 38 56 81 86 79 48 52 71 78 21 50 57 87 86 25 54 58 68 69 7 96 86 61 62 79 85 41 53 50 44 37 30 55 87 49 69 14 5 30 33 33 11 5 62 64 31 65 34 33 26 63 28 47 
102 102 62 102 62 102 62 102 62 62 76 56 15 43 59 52 73 49 53 66 53 46 52 38 12 58 20 26 81 15 68 68 37 45 72 35 58 50 55 56 61 76 41 26 72 35 58 73 27 38 58 73 48 66 49 43 25 73 10 52 77 13 56 0 48 36 7 23 25 36 67 20 56 35 41 85 45 70 38 42 32 64 54 10 91 57 24 66 14 57 52 70 86 7 45 45 37 63 15 35 64 47 57 59 63 63 59 76 37 57 53 25 49 15 50 85 67 74 33 62 38 54 49 65 61 28 22 28 61 57 60 8 51 67 59 24 47 33 64 63 
53 53 69 53 69 53 69 53 69 69 58 19 55 36 29 6 26 59 36 20 36 39 56 13 36 22 48 58 33 49 38 32 67 63 29 22 33 24 62 9 49 64 17 25 23 18 29 25 58 23 31 63 55 17 43 63 57 56 49 13 32 44 34 48 0 20 43 49 41 72 23 65 42 75 23 36 16 36 22 6 47 18 46 56 44 38 31 17 40 47 56 44 38 50 40 49 21 18 40 67 52 51 19 23 33 34 42 61 63 26 28 62 56 36 18 36 18 26 17 21 64 14 36 31 36 24 33 44 28 39 27 55 5 30 11 28 52 36 19 17 
67 67 50 67 50 67 50 67 50 50 73 20 47 18 46 19 38 64 49 31 49 49 37 22 24 22 30 54 47 43 56 32 64 65 36 28 49 39 69 23 62 78 5 9 42 3 46 45 55 31 48 76 61 34 53 64 53 71 32 32 42 38 23 36 20 0 29 30 21 68 43 56 27 69 33 52 31 55 31 15 49 29 30 46 56 26 30 34 33 59 63 62 52 34 48 55 2 38 34 64 65 31 38 42 51 52 29 76 63 43 43 56 62 21 35 52 37 39 7 41 64 33 47 29 27 8 15 24 25 26 45 44 20 50 28 12 32 40 29 37 
96 96 56 96 56 96 56 96 56 56 77 50 22 35 58 46 67 53 53 60 53 47 46 34 7 51 14 32 75 20 66 61 43 50 66 33 57 48 58 50 62 78 35 19 67 28 57 69 33 36 57 75 51 61 51 48 31 74 7 48 71 17 48 7 43 29 0 17 18 43 63 28 49 42 39 79 43 68 37 37 35 58 47 18 85 50 24 60 15 58 55 70 80 6 46 48 30 59 17 42 65 40 54 57 62 62 52 77 43 55 52 32 52 8 47 79 62 68 27 59 44 51 49 58 54 21 15 21 54 50 58 15 46 64 54 17 40 34 58 59 
97 97 39 97 39 97 39 97 39 39 92 49 38 26 70 50 68 70 68 61 68 63 30 45 22 49 3 49 77 38 79 56 60 67 65 46 71 61 76 53 78 94 35 24 72 31 69 75 50 49 70 92 69 65 67 66 48 90 12 58 71 35 41 23 49 30 17 0 8 59 72 41 39 57 53 82 54 80 50 43 53 59 34 32 86 41 40 64 33 74 73 83 82 15 62 65 30 67 34 59 81 25 65 68 74 75 42 93 61 67 65 49 70 17 58 82 67 69 32 68 62 60 64 54 46 25 16 8 49 41 70 30 50 76 58 21 25 51 59 66 
88 88 39 88 39 88 39 88 39 39 87 40 40 19 63 41 59 68 63 52 62 59 27 37 19 40 9 50 68 38 73 48 61 67 56 40 64 55 74 45 73 90 26 16 63 23 63 66 51 44 64 87 67 56 63 65 49 85 16 50 62 34 33 25 41 21 18 8 0 62 64 45 32 61 47 73 47 73 44 35 51 50 29 35 77 33 36 55 31 70 70 77 73 19 58 62 21 59 32 60 77 22 57 60 68 68 35 89 61 60 59 50 67 14 51 73 59 60 24 60 62 52 59 45 38 17 9 4 41 33 63 33 41 68 49 14 22 47 50 58 
125 125 99 125 99 125 99 125 99 99 70 86 21 79 68 78 99 32 56 93 55 46 89 59 45 89 56 14 105 25 72 99 8 23 101 51 64 61 36 82 55 65 73 59 93 65 66 92 14 51 65 62 34 89 46 20 15 66 47 69 104 30 90 36 72 68 43 59 62 0 83 19 92 5 53 107 61 77 52 68 27 90 91 27 116 92 41 89 34 52 39 71 111 43 45 37 70 80 34 6 57 84 71 72 70 69 95 67 14 66 61 11 35 50 63 107 88 99 63 77 14 71 51 97 95 60 58 65 93 93 70 29 77 77 83 57 84 39 91 82 
45 45 92 45 92 45 92 45 92 92 44 36 70 59 18 26 29 60 31 29 32 39 78 28 55 39 71 70 28 63 23 46 75 67 36 33 24 22 61 24 42 53 40 48 14 41 19 11 69 31 22 53 56 18 41 68 69 44 69 15 35 59 55 67 23 43 63 72 64 83 0 80 63 86 29 28 22 17 30 29 55 27 68 73 40 58 44 18 55 42 55 30 33 70 40 50 44 4 55 77 44 74 11 11 19 21 62 49 71 18 22 74 56 57 19 28 13 27 39 5 71 12 34 47 55 46 55 67 45 60 15 72 24 12 20 50 74 43 29 7 
119 119 80 119 80 119 80 119 80 80 79 76 10 63 69 69 91 43 59 84 58 50 72 53 31 78 38 16 98 16 75 88 23 37 91 47 66 60 49 74 63 76 61 46 88 54 68 88 18 48 67 73 45 83 52 34 16 75 29 65 96 21 77 20 65 56 28 41 45 19 80 0 77 16 51 102 58 79 50 60 31 82 74 10 109 78 35 83 25 59 49 76 104 26 49 44 57 76 25 21 65 66 70 71 72 71 80 77 27 66 62 12 45 35 61 101 83 91 52 75 27 68 54 85 82 48 43 48 81 78 70 12 69 77 76 44 66 39 82 78 
69 69 31 69 31 69 31 69 31 31 99 26 71 13 71 37 43 92 76 38 76 76 20 48 47 24 41 79 53 67 80 24 90 92 37 56 74 65 97 38 89 105 26 34 55 31 71 59 80 59 73 103 89 47 80 91 78 98 49 55 43 63 8 56 42 27 49 39 32 92 63 77 0 92 61 59 57 78 59 39 76 38 7 67 57 4 58 46 58 86 91 86 55 51 76 83 25 58 59 90 92 18 61 65 75 76 3 102 89 68 69 80 90 42 60 58 52 46 34 62 90 56 75 21 10 33 34 30 19 3 69 65 38 72 42 35 19 68 36 55 
128 128 96 128 96 128 96 128 96 96 76 88 21 78 72 80 101 37 61 95 59 50 87 61 45 90 55 16 107 25 77 100 14 29 102 54 68 65 42 84 60 71 74 59 96 66 71 95 17 54 69 68 40 92 51 26 17 72 45 72 106 31 91 35 75 69 42 57 61 5 86 16 92 0 57 110 64 82 56 70 32 92 90 25 119 92 43 92 35 57 45 76 113 42 49 42 70 83 35 11 62 82 75 76 75 74 95 73 19 70 66 12 40 49 67 110 91 101 64 80 19 74 56 98 95 60 57 63 94 92 74 27 79 81 86 57 82 42 93 86 
72 72 83 72 83 72 83 72 83 83 40 42 41 51 18 30 48 36 16 43 16 16 70 12 32 45 51 40 52 35 27 56 46 40 52 6 18 9 39 33 28 44 35 31 39 30 17 38 39 3 17 42 32 37 20 40 39 38 46 15 54 31 55 41 23 33 39 53 47 53 29 51 61 57 0 54 8 29 2 22 26 41 64 45 64 58 16 37 28 25 32 30 58 46 16 25 36 26 27 48 31 64 18 19 22 22 62 42 42 15 12 44 32 35 10 54 35 47 26 23 43 17 14 54 58 30 37 51 51 59 19 44 28 26 32 32 65 14 42 29 
17 17 90 17 90 17 90 17 90 90 70 34 91 62 46 33 15 88 59 22 60 67 78 49 72 35 82 94 6 85 50 36 101 94 22 56 52 49 89 29 70 80 47 60 14 52 47 17 93 56 50 80 84 19 69 95 92 71 84 38 16 81 51 85 36 52 79 82 73 107 28 102 59 110 54 0 46 44 55 42 80 23 66 93 12 54 67 19 76 70 83 56 6 86 68 78 52 28 76 102 72 75 38 39 47 49 57 76 97 46 50 97 84 72 44 0 19 13 52 33 97 36 62 37 49 58 67 75 39 55 43 91 33 40 25 63 76 69 24 25 
64 64 81 64 81 64 81 64 81 81 42 36 48 49 16 23 40 43 19 36 20 23 68 9 35 39 52 48 44 41 25 49 54 48 44 10 18 8 46 25 32 48 31 31 31 27 15 31 47 9 17 46 39 29 26 48 47 41 49 7 46 37 50 45 16 31 43 54 47 61 22 58 57 64 8 46 0 25 8 17 34 33 60 51 56 54 22 29 33 31 39 30 50 49 23 33 33 18 33 55 35 62 11 13 20 21 57 45 50 13 12 52 40 38 4 46 27 39 24 16 51 9 19 48 53 30 38 51 45 55 15 50 21 21 25 32 63 22 34 21 
59 59 105 59 105 59 105 59 105 105 26 53 69 72 10 41 47 50 21 47 22 31 92 35 60 56 78 66 46 63 6 64 69 58 54 35 13 19 50 40 28 36 53 57 32 52 11 27 64 32 12 36 46 36 31 60 65 27 75 23 53 60 70 70 36 55 68 80 73 77 17 79 78 82 29 44 25 0 31 40 50 45 83 74 56 74 45 36 56 29 43 12 50 75 32 41 57 20 56 71 29 86 16 13 7 8 78 32 64 13 17 70 46 63 21 44 31 45 49 15 64 21 25 64 71 55 64 77 62 75 10 73 39 5 37 58 87 40 46 24 
72 72 81 72 81 72 81 72 81 81 43 41 39 49 21 29 48 36 18 43 18 17 67 10 29 44 48 39 53 33 29 55 46 40 51 3 20 11 40 32 30 46 33 29 40 28 20 39 38 1 20 44 32 37 21 40 38 40 44 16 54 29 53 38 22 31 37 50 44 52 30 50 59 56 2 55 8 31 0 21 25 40 61 43 64 56 14 37 25 27 33 33 58 43 17 26 33 27 25 47 33 62 20 21 25 25 60 45 42 18 15 43 33 33 11 54 35 47 24 25 42 18 16 53 56 28 35 48 50 57 21 42 28 28 32 30 62 14 41 30 
59 59 65 59 65 59 65 59 65 65 60 20 50 32 32 9 31 57 37 25 37 39 51 10 30 22 42 54 38 44 42 33 63 60 32 19 35 25 61 14 50 66 13 19 30 12 32 32 54 21 34 64 54 23 42 60 53 58 42 17 36 39 32 42 6 15 37 43 35 68 29 60 39 70 22 42 17 40 21 0 44 22 43 51 49 36 27 23 34 48 55 47 44 43 39 47 16 24 35 63 53 46 23 27 36 38 40 63 60 29 30 57 54 30 20 42 25 31 10 26 61 18 36 32 35 17 26 38 28 37 31 49 9 35 17 21 47 34 23 23 
98 98 91 98 91 98 91 98 91 91 47 64 22 64 40 53 73 17 29 68 27 19 79 34 32 66 50 16 79 18 45 78 20 16 76 25 36 33 23 57 31 45 52 41 66 45 38 65 14 24 37 42 16 63 20 15 15 43 42 41 79 18 72 32 47 49 35 53 51 27 55 31 76 32 26 80 34 50 25 44 0 66 77 29 90 75 18 63 20 27 20 45 84 40 17 13 51 52 19 21 34 73 44 44 43 41 78 45 16 38 33 20 16 37 36 80 61 73 42 49 17 44 24 76 76 42 44 55 72 75 42 30 52 49 58 41 73 11 66 55 
38 38 69 38 69 38 69 38 69 69 70 11 72 39 41 12 9 77 52 2 52 57 56 32 51 13 59 76 17 67 49 19 85 81 10 40 47 39 80 8 64 78 24 38 17 29 42 22 76 41 45 77 73 9 60 81 75 70 62 28 13 62 29 64 18 29 58 59 50 90 27 82 38 92 41 23 33 45 40 22 66 0 44 73 27 33 49 9 57 63 73 56 22 64 57 66 29 24 57 86 67 53 31 34 44 46 36 75 82 40 43 80 73 50 34 22 15 10 30 29 83 27 53 19 29 36 44 52 19 34 39 71 13 39 8 41 53 55 1 20 
76 76 24 76 24 76 24 76 24 24 103 33 69 12 75 42 51 93 79 44 79 79 12 52 46 31 37 78 60 66 85 31 89 93 44 58 78 69 98 44 92 108 29 35 62 33 75 66 79 61 77 106 90 53 83 92 77 101 45 60 50 62 15 54 46 30 47 34 29 91 68 74 7 90 64 66 60 83 61 43 77 44 0 65 64 12 59 53 58 89 93 91 63 48 78 85 27 64 59 89 95 12 66 70 79 81 10 106 88 72 73 79 91 41 64 66 58 53 37 67 89 61 78 29 18 34 33 27 26 11 74 62 44 77 49 35 12 70 43 61 
110 110 72 110 72 110 72 110 72 72 76 66 7 54 63 60 82 44 55 75 54 46 62 45 22 68 29 18 89 11 70 78 28 39 82 40 61 54 50 65 60 75 51 36 80 44 62 80 20 42 61 71 45 74 49 36 17 73 20 58 87 14 66 10 56 46 18 32 35 27 73 10 67 25 45 93 51 74 43 51 29 73 65 0 100 68 28 74 17 56 49 72 95 16 45 43 47 69 17 27 63 57 63 64 67 66 70 75 30 60 57 16 45 25 55 93 75 82 42 68 31 60 50 76 72 38 33 38 71 68 64 2 60 71 68 34 57 34 73 70 
11 11 88 11 88 11 88 11 88 88 83 36 99 63 58 39 18 99 70 25 71 78 77 57 78 36 86 102 11 93 62 33 110 104 20 65 63 60 101 35 82 92 51 65 25 57 59 28 102 65 62 92 95 27 80 105 101 83 89 49 14 88 50 91 44 56 85 86 77 116 40 109 57 119 64 12 56 56 64 49 90 27 64 100 0 52 75 27 84 82 94 69 6 91 78 88 56 40 84 111 84 75 49 51 59 61 54 88 106 57 61 106 95 77 55 12 29 17 58 45 107 47 73 35 46 63 71 78 38 53 55 98 40 52 32 68 76 79 27 36 
64 64 36 64 36 64 36 64 36 36 96 22 71 14 67 33 39 90 73 33 74 74 24 46 47 20 43 79 48 67 77 19 90 91 32 54 71 62 95 34 86 102 23 34 51 29 68 55 80 57 70 100 87 43 78 90 78 95 50 52 38 62 3 57 38 26 50 41 33 92 58 78 4 92 58 54 54 74 56 36 75 33 12 68 52 0 56 42 58 84 89 83 51 53 74 81 23 54 59 89 89 23 58 61 71 73 3 99 88 65 66 81 88 42 57 54 48 41 33 58 89 53 72 17 6 33 34 33 14 1 66 66 35 68 38 35 23 66 32 51 
84 84 75 84 75 84 75 84 75 75 53 46 25 46 35 37 58 34 29 52 28 23 62 18 17 49 37 27 64 19 43 60 35 34 60 11 33 26 39 41 38 54 34 24 53 27 34 53 26 13 34 51 31 48 27 34 25 50 31 29 63 14 54 24 31 30 24 40 36 41 44 35 58 43 16 67 22 45 14 27 18 49 59 28 75 56 0 48 11 34 34 45 70 30 22 26 33 41 10 36 41 56 34 36 39 38 60 53 33 32 28 30 32 22 26 66 48 58 24 39 33 32 25 58 58 24 27 40 54 57 36 27 36 42 42 23 57 11 50 43 
36 36 77 36 77 36 77 36 77 77 62 20 72 46 34 14 11 72 45 10 46 52 64 30 53 22 64 75 15 67 41 28 83 77 17 38 40 34 75 10 58 70 29 42 8 33 35 12 75 38 38 70 68 0 54 78 74 62 65 22 17 62 38 66 17 34 60 64 55 89 18 83 46 92 37 19 29 36 37 23 63 9 53 74 27 42 48 0 57 57 68 48 21 67 52 62 34 16 57 84 60 60 24 27 36 39 45 67 79 33 36 79 69 53 29 18 5 10 33 21 80 21 47 28 38 40 48 58 28 43 31 72 14 31 6 44 61 51 11 11 
93 93 71 93 71 93 71 93 71 71 62 52 15 46 46 44 66 37 39 59 38 32 59 27 12 54 30 21 73 10 54 65 31 35 67 22 44 37 43 48 47 63 38 24 62 31 45 63 21 24 45 59 36 57 35 33 19 59 22 40 71 4 56 14 40 33 15 33 31 34 55 25 58 35 28 76 33 56 25 34 20 57 58 17 84 58 11 57 0 43 39 56 78 20 31 32 35 51 1 31 50 53 45 47 50 49 61 62 30 43 39 23 36 17 37 76 57 66 28 50 31 42 35 62 61 25 24 35 58 58 47 16 44 54 51 22 54 19 57 53 
87 87 108 87 108 87 108 87 108 108 19 67 50 77 24 54 68 21 11 66 11 11 95 38 52 70 72 43 70 45 23 80 43 30 74 31 18 23 20 56 3 19 60 56 56 56 22 53 41 27 20 17 18 57 7 32 43 16 65 35 75 44 81 57 47 59 58 74 70 52 42 59 86 57 25 70 31 29 27 48 27 63 89 56 82 84 34 57 43 0 14 20 76 64 12 14 61 42 42 45 6 89 33 31 23 21 88 19 38 24 20 48 17 57 29 70 53 67 52 37 38 36 11 79 83 55 61 74 76 85 26 57 52 31 54 56 90 24 65 46 
100 100 109 100 109 100 109 100 109 109 31 74 42 80 37 62 79 7 23 76 22 16 97 44 50 77 70 33 82 38 37 88 30 16 84 35 31 34 6 65 17 26 66 58 68 60 35 66 31 33 33 23 4 68 13 18 33 27 62 45 86 38 86 52 56 63 55 73 70 39 55 49 91 45 32 83 39 43 33 55 20 73 93 49 94 89 34 68 39 14 0 34 88 60 16 8 66 54 38 33 18 91 45 43 37 35 93 28 25 36 32 37 4 56 39 83 65 78 56 49 25 47 21 87 90 58 62 74 83 90 39 50 61 45 64 58 91 23 74 58 
72 72 112 72 112 72 112 72 112 112 14 63 66 80 15 50 59 42 16 58 17 26 99 40 62 66 82 61 58 60 7 75 63 50 66 37 12 22 40 51 17 23 61 61 44 58 15 40 60 34 13 23 38 47 24 52 61 14 77 31 65 58 79 70 44 62 70 83 77 71 30 76 86 76 30 56 30 12 33 47 45 56 91 72 69 83 45 48 56 20 34 0 63 76 27 34 63 32 55 65 17 93 25 22 11 10 87 19 57 18 18 66 37 66 27 56 42 57 55 26 57 30 21 74 81 60 68 81 72 84 17 72 48 17 47 63 94 37 58 36 
15 15 87 15 87 15 87 15 87 87 77 33 94 60 52 34 13 93 64 21 65 72 75 51 74 33 82 97 5 88 56 32 104 98 18 59 57 53 95 30 76 86 47 61 19 52 53 22 96 59 56 86 89 21 74 99 96 78 85 43 12 83 48 86 38 52 80 82 73 111 33 104 55 113 58 6 50 50 58 44 84 22 63 95 6 51 70 21 78 76 88 63 0 86 72 82 52 33 79 105 78 73 43 44 53 55 53 82 100 51 55 100 89 73 49 6 23 12 53 39 101 41 67 34 45 59 67 75 36 52 49 93 35 46 27 64 74 73 23 30 
102 102 55 102 55 102 55 102 55 55 83 55 22 38 64 52 73 56 59 66 59 53 45 41 14 56 12 33 81 23 73 65 44 53 71 39 64 55 62 56 67 83 40 25 74 34 63 75 35 42 64 80 56 67 56 51 32 80 3 55 77 21 52 7 50 34 6 15 19 43 70 26 51 42 46 86 49 75 43 43 40 64 48 16 91 53 30 67 20 64 60 76 86 0 52 52 35 65 21 43 71 40 61 63 68 68 55 83 45 61 58 33 56 13 54 85 69 74 33 65 46 57 55 63 57 27 19 22 58 53 65 14 52 71 60 22 40 40 63 66 
85 85 96 85 96 85 96 85 96 96 31 58 39 66 24 46 63 20 11 59 10 1 83 28 40 61 60 34 67 33 27 72 36 26 68 20 19 18 22 49 15 32 50 44 53 45 22 51 32 17 20 29 16 52 4 27 33 28 53 30 70 32 71 45 40 48 46 62 58 45 40 49 76 49 16 68 23 32 17 39 17 57 78 45 78 74 22 52 31 12 16 27 72 52 0 9 51 39 30 38 19 77 30 29 25 24 77 31 31 22 18 38 16 45 23 67 49 63 41 34 32 31 6 71 74 44 49 62 67 75 26 45 45 32 48 44 78 11 58 42 
95 95 101 95 101 95 101 95 101 101 34 67 36 72 33 55 73 10 20 69 18 10 88 36 42 70 62 28 77 31 35 81 29 16 77 27 28 28 13 58 18 32 58 50 63 52 31 61 27 25 29 28 6 62 9 18 28 30 54 39 79 31 78 45 49 55 48 65 62 37 50 44 83 42 25 78 33 41 26 47 13 66 85 43 88 81 26 62 32 14 8 34 82 52 9 0 57 49 31 30 20 82 39 39 34 33 85 32 23 32 27 33 7 48 33 77 59 72 48 44 23 41 16 79 82 50 53 66 76 82 35 43 54 41 58 49 83 15 67 52 
67 67 48 67 48 67 48 67 48 48 75 19 49 16 48 20 38 66 52 31 52 51 35 24 25 20 30 56 47 45 58 30 67 67 36 30 51 41 71 23 64 80 5 11 43 5 48 46 57 34 50 78 64 35 55 67 55 73 33 33 41 40 21 37 21 2 30 30 21 70 44 57 25 70 36 52 33 57 33 16 51 29 27 47 56 23 33 34 35 61 66 63 52 35 51 57 0 40 36 66 67 29 40 43 52 54 27 78 65 45 45 58 64 22 36 52 38 39 9 42 66 35 50 28 25 9 15 23 23 24 47 45 21 51 28 13 30 43 28 38 
46 46 87 46 87 46 87 46 87 87 46 32 66 54 18 21 27 59 30 26 31 38 74 24 51 35 66 67 28 60 25 43 73 65 33 29 24 20 61 20 42 54 35 43 14 36 19 12 66 28 22 54 55 15 40 66 65 46 65 11 33 55 50 63 18 38 59 67 59 80 4 76 58 83 26 28 18 20 27 24 52 24 64 69 40 54 41 16 51 42 54 32 33 65 39 49 40 0 51 74 44 69 9 11 20 23 58 51 68 17 21 70 55 52 16 28 11 25 34 5 69 8 33 43 51 41 50 62 41 55 15 68 19 15 16 45 70 41 26 4 
94 94 72 94 72 94 72 94 72 72 61 53 15 47 46 45 66 36 39 60 38 31 60 27 13 55 31 20 73 9 53 65 30 34 67 22 44 36 42 49 46 62 39 25 62 31 44 63 20 24 44 58 34 57 34 32 18 58 23 40 71 4 57 15 40 34 17 34 32 34 55 25 59 35 27 76 33 56 25 35 19 57 59 17 84 59 10 57 1 42 38 55 79 21 30 31 36 51 0 30 49 54 45 46 49 49 62 61 29 43 39 22 35 19 37 76 57 66 29 50 30 42 34 63 62 26 26 36 59 60 46 17 44 53 51 24 55 18 58 53 
120 120 98 120 98 120 98 120 98 98 64 82 20 76 62 73 94 25 50 88 48 39 88 54 42 84 56 10 100 22 66 95 2 17 96 46 57 55 30 77 49 59 69 55 87 62 60 86 9 46 59 56 28 84 40 14 11 60 46 63 99 26 87 35 67 64 42 59 60 6 77 21 90 11 48 102 55 71 47 63 21 86 89 27 111 89 36 84 31 45 33 65 105 43 38 30 66 74 30 0 50 82 65 66 64 63 92 61 7 60 55 10 28 47 58 101 82 94 59 71 7 65 45 93 92 57 55 63 89 90 64 29 72 70 78 54 83 33 86 77 
88 88 114 88 114 88 114 88 114 114 13 71 57 83 26 58 71 26 16 69 15 18 101 43 59 74 79 49 73 51 22 84 48 34 78 37 20 28 23 60 3 13 66 62 58 61 25 55 47 33 22 10 22 60 14 37 49 9 72 39 78 51 86 64 52 65 65 81 77 57 44 65 92 62 31 72 35 29 33 53 34 67 95 63 84 89 41 60 50 6 18 17 78 71 19 20 67 44 49 50 0 95 36 33 24 22 93 12 43 27 24 54 22 64 33 72 56 70 58 39 43 40 17 84 89 62 68 81 81 90 28 63 57 32 58 63 96 30 68 49 
87 87 19 87 19 87 19 87 19 19 104 41 62 14 78 48 60 90 80 53 80 78 6 53 41 39 27 72 69 60 88 42 83 88 54 58 80 70 95 50 92 108 33 33 69 34 78 73 73 61 79 106 88 61 82 87 71 102 37 63 60 56 25 47 51 31 40 25 22 84 74 66 18 82 64 75 62 86 62 46 73 53 12 57 75 23 56 60 53 89 91 93 73 40 77 82 29 69 54 82 95 0 70 73 82 83 22 107 83 75 74 72 88 35 66 75 65 62 37 72 84 65 78 39 29 33 29 18 36 22 77 55 49 81 55 33 0 67 51 67 
55 55 89 55 89 55 89 55 89 89 39 37 59 56 10 24 35 50 21 33 22 29 75 20 46 40 63 59 37 53 18 49 64 56 41 22 15 11 51 25 33 46 37 41 23 35 11 21 58 21 13 46 46 23 31 57 58 38 61 6 42 49 54 57 19 38 54 65 57 71 11 70 61 75 18 38 11 16 20 23 44 31 66 63 49 58 34 24 45 33 45 25 43 61 30 39 40 9 45 65 36 70 0 3 13 15 61 43 60 8 12 63 46 49 8 37 20 34 33 5 60 5 24 49 55 39 48 61 47 59 8 62 23 11 22 43 71 32 32 13 
56 56 92 56 92 56 92 56 92 92 36 41 60 59 7 28 38 49 19 36 21 28 79 23 49 43 66 59 39 54 15 53 64 55 44 24 13 11 50 28 31 43 40 44 25 39 8 22 58 22 11 43 45 26 30 56 58 35 63 10 44 50 58 59 23 42 57 68 60 72 11 71 65 76 19 39 13 13 21 27 44 34 70 64 51 61 36 27 47 31 43 22 44 63 29 39 43 11 46 66 33 73 3 0 10 12 65 40 60 6 11 63 45 51 9 39 22 37 36 5 60 8 22 52 59 42 51 64 50 62 4 63 26 8 25 46 74 33 36 15 
63 63 101 63 101 63 101 63 101 101 25 51 62 69 4 38 47 44 14 46 15 24 88 30 54 54 73 59 48 56 5 63 62 51 54 28 6 13 44 39 23 33 50 51 34 47 5 30 57 25 5 33 40 36 25 53 58 25 69 19 54 53 68 63 33 51 62 74 68 70 19 72 75 75 22 47 20 7 25 36 43 44 79 67 59 71 39 36 50 23 37 11 53 68 25 34 52 20 49 64 24 82 13 10 0 2 75 30 57 7 10 63 40 57 16 47 31 46 45 15 58 18 19 63 69 50 58 71 60 73 5 66 37 7 36 53 83 33 46 25 
66 66 102 66 102 66 102 66 102 102 23 53 61 70 5 40 50 42 13 49 14 23 89 31 54 56 73 58 50 55 4 65 61 49 56 29 5 13 42 41 20 31 51 52 36 49 5 32 56 26 4 31 38 38 23 51 57 23 69 21 56 52 69 63 34 52 62 75 68 69 21 71 76 74 22 49 21 8 25 38 41 46 81 66 61 73 38 39 49 21 35 10 55 68 24 33 54 23 49 63 22 83 15 12 2 0 77 28 56 8 10 62 38 58 17 49 34 48 46 17 56 20 17 65 71 51 59 72 62 74 7 66 38 9 38 54 84 32 48 27 
66 66 33 66 33 66 33 66 33 33 100 25 73 16 71 37 42 94 77 36 77 78 23 50 50 23 44 82 51 70 80 21 93 94 35 57 75 65 98 37 90 106 27 37 54 32 71 58 82 60 74 104 91 46 82 94 81 98 52 55 41 65 7 59 42 29 52 42 35 95 62 80 3 95 62 57 57 78 60 40 78 36 10 70 54 3 60 45 61 88 93 87 53 55 77 85 27 58 62 92 93 22 61 65 75 77 0 103 91 69 69 83 91 45 60 56 51 44 36 62 92 56 76 19 8 36 37 34 17 2 69 68 38 72 42 38 23 70 35 54 
91 91 126 91 126 91 126 91 126 126 6 80 68 94 33 67 78 35 26 77 26 30 112 54 71 83 91 61 78 63 26 93 59 43 85 48 28 37 31 68 15 4 76 74 64 72 32 60 59 45 30 6 32 67 26 46 60 4 84 48 84 63 96 76 61 76 77 93 89 67 49 77 102 73 42 76 45 32 45 63 45 75 106 75 88 99 53 67 62 19 28 19 82 83 31 32 78 51 61 61 12 107 43 40 30 28 103 0 53 35 33 65 32 76 42 76 62 77 69 45 53 48 29 92 98 73 79 93 90 100 35 76 66 36 66 74 107 43 76 55 
114 114 100 114 100 114 100 114 100 100 56 79 23 76 55 69 89 18 43 84 41 32 89 50 42 82 58 12 95 22 59 93 5 10 92 41 51 49 23 73 41 51 67 54 82 60 53 81 10 41 52 48 20 79 33 7 13 52 48 58 95 26 86 37 63 63 43 61 61 14 71 27 89 19 42 97 50 64 42 60 16 82 88 30 106 88 33 79 30 38 25 57 100 45 31 23 65 68 29 7 43 83 60 60 57 56 91 53 0 53 49 14 21 47 52 96 77 89 56 65 1 60 38 91 90 55 55 65 87 89 57 32 68 64 74 53 84 27 82 71 
63 63 94 63 94 63 94 63 94 94 31 45 56 61 3 32 44 42 13 42 14 21 81 22 47 48 65 54 46 50 12 58 58 49 50 21 6 6 43 33 24 38 43 44 32 40 2 29 53 19 5 37 38 32 23 50 53 30 62 13 50 46 61 57 26 43 55 67 60 66 18 66 68 70 15 46 13 13 18 29 38 40 72 60 57 65 32 33 43 24 36 18 51 61 22 32 45 17 43 60 27 75 8 6 7 8 69 35 53 0 4 58 38 50 8 46 28 43 37 12 54 12 16 57 63 43 51 64 55 66 3 60 31 10 31 45 76 28 41 21 
68 68 94 68 94 68 94 68 94 94 30 47 52 61 6 34 48 38 9 45 10 17 80 21 44 50 63 49 50 46 14 60 54 44 53 18 5 4 39 36 21 36 43 43 36 40 5 33 48 15 5 35 33 36 18 45 49 28 59 15 54 42 62 53 28 43 52 65 59 61 22 62 69 66 12 50 12 17 15 30 33 43 73 57 61 66 28 36 39 20 32 18 55 58 18 27 45 21 39 55 24 74 12 11 10 10 69 33 49 4 0 54 33 48 9 50 32 47 37 17 49 15 11 59 64 42 49 62 56 67 8 56 32 15 34 44 75 23 44 25 
115 115 88 115 88 115 88 115 88 88 67 75 10 67 60 67 88 31 50 82 48 40 78 48 33 77 46 4 94 13 66 88 11 24 90 41 57 52 37 71 51 64 61 47 83 54 59 83 6 42 58 60 32 79 41 21 5 63 36 59 93 18 79 25 62 56 32 49 50 11 74 12 80 12 44 97 52 70 43 57 20 80 79 16 106 81 30 79 23 48 37 66 100 33 38 33 58 70 22 10 54 72 63 63 63 62 83 65 14 58 54 0 33 38 54 97 78 88 51 68 15 61 45 86 84 48 46 54 81 81 62 18 66 69 73 45 73 30 80 73 
102 102 107 102 107 102 107 102 107 107 35 74 38 78 39 62 80 4 25 76 24 17 94 43 48 77 67 29 83 34 40 88 26 12 84 34 33 35 6 65 20 30 65 56 69 58 37 67 27 32 35 27 0 68 15 14 29 31 59 46 86 35 85 49 56 62 52 70 67 35 56 45 90 40 32 84 40 46 33 54 16 73 91 45 95 88 32 69 36 17 4 37 89 56 16 7 64 55 35 28 22 88 46 45 40 38 91 32 21 38 33 33 0 53 40 84 66 79 55 51 21 48 22 86 89 56 59 71 83 89 41 46 61 47 65 55 89 21 74 59 
88 88 53 88 53 88 53 88 53 53 75 42 28 29 53 38 59 54 51 52 50 46 41 28 5 43 15 37 67 25 62 53 48 53 58 29 53 44 60 43 60 77 27 11 60 20 52 62 38 32 53 74 53 53 49 51 36 72 12 42 63 21 41 15 36 21 8 17 14 50 57 35 42 49 35 72 38 63 33 30 37 50 41 25 77 42 22 53 17 57 56 66 73 13 45 48 22 52 19 47 64 35 49 51 57 58 45 76 47 50 48 38 53 0 42 71 55 60 19 53 48 45 47 50 46 13 8 17 46 43 53 23 38 59 46 9 36 34 50 52 
62 62 85 62 85 62 85 62 85 85 39 38 51 53 11 25 40 44 17 36 18 23 72 14 39 41 57 50 43 45 21 51 56 49 45 14 14 5 46 27 30 45 34 35 30 31 11 28 49 12 13 44 39 28 25 50 49 38 54 6 46 41 53 50 18 35 47 58 51 63 19 61 60 67 10 44 4 21 11 20 36 34 64 55 55 57 26 29 37 29 39 27 49 54 23 33 36 16 37 58 33 66 8 9 16 17 60 42 52 8 9 54 40 42 0 44 26 39 28 13 53 8 18 50 55 34 42 55 47 58 11 54 23 17 25 37 67 24 35 19 
18 18 90 18 90 18 90 18 90 90 70 34 91 61 46 33 15 88 59 21 60 67 78 48 72 35 82 93 5 85 50 35 101 93 21 55 52 48 89 28 70 80 47 60 14 51 47 16 93 55 50 80 84 18 69 94 92 71 84 38 16 80 50 85 36 52 79 82 73 107 28 101 58 110 54 0 46 44 54 42 80 22 66 93 12 54 66 18 76 70 83 56 6 85 67 77 52 28 76 101 72 75 37 39 47 49 56 76 96 46 50 97 84 71 44 0 18 13 52 33 97 36 61 37 48 58 67 75 39 55 43 91 33 40 25 63 76 69 23 25 
37 37 82 37 82 37 82 37 82 82 57 25 73 51 29 18 16 70 41 16 42 48 69 30 55 28 67 74 17 67 35 34 82 75 23 36 35 30 71 14 53 65 33 44 5 36 31 7 74 36 33 65 65 5 51 76 73 57 68 19 22 62 44 67 18 37 62 67 59 88 13 83 52 91 35 19 27 31 35 25 61 15 58 75 29 48 48 5 57 53 65 42 23 69 49 59 38 11 57 82 56 65 20 22 31 34 51 62 77 28 32 78 66 55 26 18 0 14 35 16 78 18 43 34 44 42 51 61 34 49 27 73 17 25 10 47 66 50 16 6 
28 28 77 28 77 28 77 28 77 77 71 21 82 48 44 22 2 83 56 8 57 62 65 40 61 22 69 85 7 76 50 23 93 88 10 48 50 44 85 17 68 80 34 48 13 39 45 18 84 48 48 80 79 10 65 88 84 72 72 33 7 71 37 74 26 39 68 69 60 99 27 91 46 101 47 13 39 45 47 31 73 10 53 82 17 41 58 10 66 67 78 57 12 74 63 72 39 25 66 94 70 62 34 37 46 48 44 77 89 43 47 88 79 60 39 13 14 0 40 31 90 31 57 25 36 46 55 62 26 42 41 81 22 40 15 51 63 62 10 21 
68 68 57 68 57 68 57 68 57 57 66 24 43 25 40 18 39 57 42 32 42 42 43 15 20 26 31 49 48 38 50 36 59 58 39 21 42 32 62 23 55 71 10 8 40 3 40 43 49 24 41 69 54 33 46 58 47 64 32 26 44 33 30 33 17 7 27 32 24 63 39 52 34 64 26 52 24 49 24 10 42 30 37 42 58 33 24 33 28 52 56 55 53 33 41 48 9 34 29 59 58 37 33 36 45 46 36 69 56 37 37 51 55 19 28 52 35 40 0 36 57 28 40 34 34 6 15 27 30 33 39 40 18 44 27 11 38 33 30 34 
50 50 91 50 91 50 91 50 91 91 40 37 64 58 13 25 32 55 25 31 26 34 77 24 51 40 67 64 33 58 19 48 69 61 39 27 18 16 56 25 37 49 39 44 19 38 14 16 63 26 17 48 50 21 35 62 63 40 65 10 39 54 55 62 21 41 59 68 60 77 5 75 62 80 23 33 16 15 25 26 49 29 67 68 45 58 39 21 50 37 49 26 39 65 34 44 42 5 50 71 39 72 5 5 15 17 62 45 65 12 17 68 51 53 13 33 16 31 36 0 65 8 28 48 56 43 52 64 46 60 10 67 23 10 21 46 73 38 31 9 
115 115 101 115 101 115 101 115 101 101 56 80 24 77 56 70 90 17 43 85 42 33 90 50 43 83 59 13 96 23 59 94 5 9 93 42 51 49 23 74 41 51 68 55 83 61 54 81 11 41 52 48 20 80 33 6 13 52 49 58 96 27 87 38 64 64 44 62 62 14 71 27 90 19 43 97 51 64 42 61 17 83 89 31 107 89 33 80 31 38 25 57 101 46 32 23 66 69 30 7 43 84 60 60 58 56 92 53 1 54 49 15 21 48 53 97 78 90 57 65 0 60 39 92 91 56 56 66 88 90 58 33 69 64 75 54 85 28 83 72 
54 54 83 54 83 54 83 54 83 83 44 32 57 51 15 19 32 52 24 29 25 31 70 16 43 35 59 58 35 51 24 45 64 57 38 20 19 12 54 20 37 51 32 36 22 30 15 21 57 19 18 50 47 20 33 58 57 43 57 2 38 47 49 54 14 33 51 60 52 71 12 68 56 74 17 36 9 21 18 18 44 27 61 60 47 53 32 21 42 36 47 30 41 57 31 41 35 8 42 65 40 65 5 8 18 20 56 48 60 12 15 61 48 45 8 36 18 31 28 8 60 0 26 44 50 35 43 56 42 54 13 59 18 16 18 38 66 32 28 11 
79 79 97 79 97 79 97 79 97 97 27 55 45 65 17 42 58 26 4 55 3 5 83 26 42 58 62 40 61 39 21 69 43 33 63 19 12 13 27 45 14 30 49 44 47 44 15 45 39 16 13 28 22 47 7 34 40 25 56 25 65 37 69 49 36 47 49 64 59 51 34 54 75 56 14 62 19 25 16 36 24 53 78 50 73 72 25 47 35 11 21 21 67 55 6 16 50 33 34 45 17 78 24 22 19 17 76 29 38 16 11 45 22 47 18 61 43 57 40 28 39 26 0 68 72 44 50 63 64 73 19 50 41 25 44 45 78 16 54 37 
47 47 53 47 53 47 53 47 53 53 88 12 77 28 59 25 22 90 68 18 68 71 42 43 53 9 55 83 31 72 68 2 93 92 15 52 64 56 93 23 81 95 24 39 36 31 60 41 84 54 62 94 86 29 74 92 82 87 60 44 21 67 14 65 31 29 58 54 45 97 47 85 21 98 54 37 48 64 53 32 76 19 29 76 35 17 58 28 62 79 87 74 34 63 71 79 28 43 63 93 84 39 49 52 63 65 19 92 91 57 59 86 86 50 50 37 34 25 34 48 92 44 68 0 11 37 43 46 4 18 57 73 26 58 27 41 40 66 17 39 
58 58 41 58 41 58 41 58 41 41 94 18 74 20 66 31 33 91 72 28 73 74 30 46 50 16 48 82 42 70 74 13 92 93 26 54 70 60 95 31 85 101 24 36 46 30 66 51 82 57 68 99 88 38 78 92 80 93 54 50 33 65 5 61 36 27 54 46 38 95 55 82 10 95 58 49 53 71 56 35 76 29 18 72 46 6 58 38 61 83 90 81 45 57 74 82 25 51 62 92 89 29 55 59 69 71 8 98 90 63 64 84 89 46 55 48 44 36 34 56 91 50 72 11 0 35 38 38 9 7 64 69 32 66 35 38 30 67 27 47 
74 74 52 74 52 74 52 74 52 52 71 28 39 22 46 25 45 58 47 38 46 44 39 20 16 30 24 46 54 35 55 40 57 58 44 24 48 37 63 29 58 75 13 2 47 6 45 49 47 28 47 73 55 40 48 57 45 69 25 32 49 30 30 28 24 8 21 25 17 60 46 48 33 60 30 58 30 55 28 17 42 36 34 38 63 33 24 40 25 55 58 60 59 27 44 50 9 41 26 57 62 33 39 42 50 51 36 73 55 43 42 48 56 13 34 58 42 46 6 43 56 35 44 37 35 0 9 21 33 33 45 36 25 50 33 4 34 35 36 40 
83 83 47 83 47 83 47 83 47 47 78 35 36 21 54 34 53 61 53 46 53 50 35 28 13 36 15 45 62 33 63 45 56 60 51 31 55 45 66 38 64 81 20 7 56 15 53 58 46 34 54 78 59 49 54 58 44 75 17 41 57 28 33 22 33 15 15 16 9 58 55 43 34 57 37 67 38 64 35 26 44 44 33 33 71 34 27 48 24 61 62 68 67 19 49 53 15 50 26 55 68 29 48 51 58 59 37 79 55 51 49 46 59 8 42 67 51 55 15 52 56 43 50 43 38 9 0 13 38 35 53 31 34 59 42 5 29 38 44 50 
90 90 35 90 35 90 35 90 35 35 91 41 43 18 67 43 61 72 67 54 66 63 24 41 23 41 10 53 70 42 77 48 64 70 57 44 68 58 78 47 77 94 28 20 66 26 67 69 55 48 68 91 71 58 67 69 52 89 18 54 63 38 33 28 44 24 21 8 4 65 67 48 30 63 51 75 51 77 48 38 55 52 27 38 78 33 40 58 35 74 74 81 75 22 62 66 23 62 36 63 81 18 61 64 71 72 34 93 65 64 62 54 71 17 55 75 61 62 27 64 66 56 63 46 38 21 13 0 41 32 67 36 44 72 52 18 19 51 51 61 
50 50 51 50 51 50 51 50 51 51 86 9 72 24 57 22 24 86 65 18 65 67 39 39 49 6 50 79 33 68 66 7 89 88 17 48 61 53 90 21 78 93 20 34 36 27 58 41 79 50 60 91 82 28 71 88 78 85 56 42 24 63 11 61 28 25 54 49 41 93 45 81 19 94 51 39 45 62 50 28 72 19 26 71 38 14 54 28 58 76 83 72 36 58 67 76 23 41 59 89 81 36 47 50 60 62 17 90 87 55 56 81 83 46 47 39 34 26 30 46 88 42 64 4 9 33 38 41 0 16 55 69 24 57 25 37 37 62 17 38 
65 65 35 65 35 65 35 65 35 35 97 23 71 14 69 34 40 91 74 34 75 75 23 47 47 21 42 79 49 68 78 20 90 92 33 54 72 63 96 35 87 103 24 34 52 30 69 56 80 57 71 101 88 44 79 91 78 96 50 53 39 63 5 57 39 26 50 41 33 93 60 78 3 92 59 55 55 75 57 37 75 34 11 68 53 1 57 43 58 85 90 84 52 53 75 82 24 55 60 90 90 22 59 62 73 74 2 100 89 66 67 81 89 43 58 55 49 42 33 60 90 54 73 18 7 33 35 32 16 0 67 66 36 70 39 35 23 67 33 52 
60 60 96 60 96 60 96 60 96 96 31 45 60 63 2 33 43 45 15 41 17 25 82 25 50 48 68 58 44 53 10 57 62 52 49 25 8 9 46 33 26 38 44 46 29 42 4 26 56 22 6 38 41 31 26 54 57 30 65 14 49 50 62 60 27 45 58 70 63 70 15 70 69 74 19 43 15 10 21 31 42 39 74 64 55 66 36 31 47 26 39 17 49 65 26 35 47 15 46 64 28 77 8 4 5 7 69 35 57 3 8 62 41 53 11 43 27 41 39 10 58 13 19 57 64 45 53 67 55 67 0 63 31 6 30 48 78 31 41 20 
108 108 69 108 69 108 69 108 69 69 76 64 8 51 63 59 80 45 55 73 54 46 60 43 20 66 27 20 88 12 70 76 30 40 80 39 61 53 51 63 60 75 49 34 78 42 61 79 21 41 61 72 45 72 49 38 19 73 17 57 85 13 64 8 55 44 15 30 33 29 72 12 65 27 44 91 50 73 42 49 30 71 62 2 98 66 27 72 16 57 50 72 93 14 45 43 45 68 17 29 63 55 62 63 66 66 68 76 32 60 56 18 46 23 54 91 73 81 40 67 33 59 50 73 69 36 31 36 69 66 63 0 58 70 66 32 55 34 71 69 
50 50 67 50 67 50 67 50 67 67 62 14 59 35 33 1 21 64 41 16 41 45 54 18 39 17 50 63 29 53 42 27 71 68 24 27 37 29 67 4 54 69 16 27 22 19 33 25 63 28 36 67 60 14 48 68 62 61 51 17 27 48 31 51 5 20 46 50 41 77 24 69 38 79 28 33 21 39 28 9 52 13 44 60 40 35 36 14 44 52 61 48 35 52 45 54 21 19 44 72 57 49 23 26 37 38 38 66 68 31 32 66 61 38 23 33 17 22 18 23 69 18 41 26 32 25 34 44 24 36 31 58 0 33 8 29 50 41 14 17 
56 56 100 56 100 56 100 56 100 100 31 47 67 67 8 35 41 51 21 41 22 31 86 31 56 50 74 65 41 60 10 58 69 58 49 31 13 16 51 35 30 40 48 52 27 47 10 23 63 29 11 40 47 30 32 60 64 31 71 18 48 57 65 67 30 50 64 76 68 77 12 77 72 81 26 40 21 5 28 35 49 39 77 71 52 68 42 31 54 31 45 17 46 71 32 41 51 15 53 70 32 81 11 8 7 9 72 36 64 10 15 69 47 59 17 40 25 40 44 10 64 16 25 58 66 50 59 72 57 70 6 70 33 0 31 54 82 38 41 19 
42 42 73 42 73 42 73 42 73 73 61 16 66 41 33 8 15 68 43 11 43 48 59 24 47 19 58 70 21 61 41 27 78 73 19 32 38 31 71 4 55 69 23 35 14 26 33 17 69 33 36 68 64 6 51 73 68 61 59 19 21 56 34 59 11 28 54 58 49 83 20 76 42 86 32 25 25 37 32 17 58 8 49 68 32 38 42 6 51 54 64 47 27 60 48 58 28 16 51 78 58 55 22 25 36 38 42 66 74 31 34 73 65 46 25 25 10 15 27 21 75 18 44 27 35 33 42 52 25 39 30 66 8 31 0 38 56 47 10 12 
79 79 51 79 51 79 51 79 51 51 73 32 36 23 49 29 50 57 48 43 48 45 39 23 12 34 20 43 58 32 58 44 54 57 49 26 50 40 62 34 59 76 17 2 51 11 48 54 44 29 49 73 55 44 49 56 42 70 21 36 54 27 33 24 28 12 17 21 14 57 50 44 35 57 32 63 32 58 30 21 41 41 35 34 68 35 23 44 22 56 58 63 64 22 44 49 13 45 24 54 63 33 43 46 53 54 38 74 53 45 44 45 55 9 37 63 47 51 11 46 54 38 45 41 38 4 5 18 37 35 48 32 29 54 38 0 33 34 40 45 
87 87 18 87 18 87 18 87 18 18 105 41 62 15 79 49 61 90 81 54 81 79 5 54 42 40 28 72 70 61 89 43 84 89 55 59 81 71 96 51 93 109 34 34 70 35 79 74 74 62 80 107 88 62 83 88 71 103 37 64 61 57 26 47 52 32 40 25 22 84 74 66 19 82 65 76 63 87 62 47 73 53 12 57 76 23 57 61 54 90 91 94 74 40 78 83 30 70 55 83 96 0 71 74 83 84 23 107 84 76 75 73 89 36 67 76 66 63 38 73 85 66 78 40 30 34 29 19 37 23 78 55 50 82 56 33 0 68 52 67 
87 87 86 87 86 87 86 87 86 86 42 54 29 57 30 43 62 23 20 57 19 12 73 23 28 56 48 26 67 23 36 67 31 26 65 14 27 22 28 46 27 43 43 34 54 37 28 53 25 13 27 40 20 51 16 26 25 39 41 30 68 20 63 33 36 40 34 51 47 39 43 39 68 42 14 69 22 40 14 34 11 55 70 34 79 66 11 51 19 24 23 37 73 40 11 15 43 41 18 33 30 67 32 33 33 32 70 43 27 28 23 30 21 34 24 69 50 62 33 38 28 32 16 66 67 35 38 51 62 67 31 34 41 38 47 34 68 0 55 44 
38 38 67 38 67 38 67 38 67 67 72 10 73 38 43 13 9 78 53 2 54 58 55 32 51 12 59 77 18 67 51 17 86 82 9 41 48 41 81 9 66 79 23 38 19 29 44 23 77 42 46 79 74 11 61 82 76 71 62 29 13 62 28 64 19 29 58 59 50 91 29 82 36 93 42 24 34 46 41 23 66 1 43 73 27 32 50 11 57 65 74 58 23 63 58 67 28 26 58 86 68 51 32 36 46 48 35 76 82 41 44 80 74 50 35 23 16 10 30 31 83 28 54 17 27 36 44 51 17 33 41 71 14 41 10 40 52 55 0 21 
43 43 84 43 84 43 84 43 84 84 50 29 68 52 22 18 22 63 35 22 35 42 71 25 51 31 65 69 24 62 29 39 76 68 29 31 28 23 65 17 46 59 34 42 10 35 24 9 68 31 26 58 59 11 44 69 68 50 65 13 29 57 47 63 17 37 59 66 58 82 7 78 55 86 29 25 21 24 30 23 55 20 61 70 36 51 43 11 53 46 58 36 30 66 42 52 38 4 53 77 49 67 13 15 25 27 54 55 71 21 25 73 59 52 19 25 6 21 34 9 72 11 37 39 47 40 50 61 38 52 20 69 17 19 12 45 67 44 21 0 
