130 12188.59 0 1680 1 1680
14.29 48.27 16.49 81.77 53.1 75.71 36.08 76.66 50.23 74.3 3.57 23.39 82.91 70.85 75.88 6.87 73.4 69.9 4.2 30.34 54.07 71.65 83.17 80.65 53.75 83.43 69.84 63.59 93.05 25.98 52.56 97.7 75.43 14.2 85.89 8.02 2.37 94.8 8.77 36.34 39.09 12.52 37.17 83.11 81.03 16.74 81.27 4.96 48.52 51.33 17.25 49.91 69.02 24.29 74.2 94.77 90.29 6.52 46.64 71.45 47.0 84.35 7.48 53.5 31.16 13.19 54.19 4.98 98.16 7.09 7.03 90.89 85.17 61.67 9.71 50.49 97.65 25.84 34.49 53.04 98.76 59.43 14.25 50.15 68.95 80.55 58.59 94.44 58.58 64.0 12.29 82.51 28.34 70.76 17.24 98.03 96.09 84.89 90.62 24.85 35.62 60.4 19.49 54.37 51.24 41.72 83.54 30.31 48.95 39.55 73.01 5.89 25.01 96.5 31.65 30.64 62.69 36.35 28.4 37.96 57.01 62.5 35.12 4.71 15.99 90.44 52.12 20.05 4.61 90.1 
52.68 64.26 81.48 63.61 81.75 79.78 24.1 61.56 16.44 33.82 72.88 16.67 45.05 10.54 67.56 48.45 31.64 16.78 11.87 66.23 85.08 63.9 48.59 75.76 80.3 47.21 56.55 36.56 86.76 50.21 76.71 22.12 13.94 33.33 14.11 35.51 44.02 37.46 77.8 75.84 65.92 14.16 17.07 75.76 83.13 17.84 29.53 70.9 84.21 74.15 64.04 14.63 82.45 38.17 49.83 74.89 45.7 78.68 18.62 86.44 64.65 18.46 87.77 59.41 15.33 61.83 52.18 28.06 89.22 72.15 85.22 32.35 37.48 10.35 89.23 19.38 82.84 65.86 61.26 57.37 37.09 65.21 10.96 61.68 40.55 89.06 64.28 52.82 54.42 87.63 46.38 73.27 14.26 28.22 48.41 10.12 61.95 16.85 38.12 26.31 35.43 62.1 87.61 40.49 38.03 37.09 58.82 18.03 60.56 28.27 11.24 70.33 17.15 52.72 54.42 64.39 58.63 38.43 37.84 39.82 14.13 51.88 87.74 17.33 89.86 20.69 21.25 89.77 14.87 66.24 
2 5 2 8 5 7 4 7 5 7 1 3 8 7 7 1 7 7 1 3 5 7 8 8 5 8 7 6 9 3 5 9 7 2 8 1 1 9 1 4 4 2 4 8 8 2 8 1 5 5 2 5 7 3 7 9 9 1 5 7 5 8 1 5 3 2 5 1 9 1 1 9 8 6 1 5 9 3 4 5 9 6 2 5 7 8 6 9 6 6 2 8 3 7 2 9 9 8 9 3 4 6 2 5 5 4 8 3 5 4 7 1 3 9 3 3 6 4 3 4 6 6 4 1 2 9 5 2 1 9 
1 2 3 4 5 6 7 8 9 10 11 12 13 14 15 16 17 18 19 20 21 22 23 24 25 26 27 28 29 30 31 32 33 34 35 36 37 38 39 40 41 42 43 44 45 46 47 48 49 50 51 52 53 54 55 56 57 58 59 60 61 62 63 64 65 66 67 68 69 70 71 72 73 74 75 76 77 78 79 80 81 82 83 84 85 86 87 88 89 90 91 92 93 94 95 96 97 98 99 100 101 102 103 104 105 106 107 108 109 110 111 112 113 114 115 116 117 118 119 120 121 122 123 124 125 126 127 128 129 130 
2 3 2 3 3 3 2 3 3 3 3 3 3 3 3 3 3 3 3 3 3 3 3 3 3 3 3 2 1 3 3 1 3 2 3 3 3 1 3 2 2 2 2 3 3 2 3 3 3 3 2 3 3 3 3 1 1 3 3 3 3 3 3 3 3 2 3 3 1 3 3 1 3 2 3 3 1 3 2 3 1 2 2 3 3 3 2 1 2 2 2 3 3 3 2 1 1 3 1 3 2 2 2 3 3 2 3 3 3 2 3 3 3 1 3 3 2 2 3 2 2 2 2 3 2 1 3 2 3 1 
3 3 3 1 3 3 2 3 3 3 3 3 1 3 3 3 3 3 3 3 3 3 1 1 3 1 3 3 1 3 3 1 3 3 1 3 3 1 3 2 2 3 2 1 1 3 1 3 3 3 3 3 3 3 3 1 1 3 3 3 3 1 3 3 3 3 3 3 1 3 3 1 1 3 3 3 1 3 2 3 1 3 3 3 3 1 3 1 3 3 3 1 3 3 3 1 1 1 1 3 2 3 3 3 3 2 1 3 3 2 3 3 3 1 3 3 3 2 3 2 3 3 2 3 3 1 3 3 3 1 
4 7 10 1 2 9 7 6 3 7 8 10 5 8 1 4 4 7 10 7 9 1 6 7 9 2 10 5 8 5 5 10 10 6 9 2 8 10 1 7 9 6 10 7 8 7 6 4 2 4 8 10 7 5 7 7 7 1 6 5 9 8 8 3 3 5 10 6 9 3 6 7 10 10 9 3 4 3 2 7 9 3 6 8 7 5 1 8 9 10 2 1 8 5 3 9 8 9 4 7 2 1 3 7 7 2 2 3 7 10 3 3 2 4 10 2 4 2 7 10 6 5 10 10 6 2 2 10 9 2 
4288.8 4111.65 3686.73 3904.15 4315.4 4120.12 4635.25 4141.89 3416.09 3701.48 4185.6 3890.52 4900.15 4245.59 4552.07 4485.55 4444.42 3860.55 3638.27 4211.66 3648.73 3863.55 4141.31 4567.58 4372.29 4033.94 3662.12 3502.72 4275.72 3464.75 4415.79 3182.18 4002.12 4128.71 3476.09 4234.43 4168.24 3671.56 3052.73 4203.52 4198.05 4118.19 3810.88 4519.7 4238.52 4097.19 4136.13 4477.02 4242.8 4488.99 4170.23 3868.5 3755.01 4174.7 3787.91 4094.06 3758.28 4000.4 4137.83 4501.34 4317.64 4205.76 4161.58 3377.58 3398.71 3922.68 3972.13 4126.58 3962.46 3347.84 4127.69 4225.54 3734.16 3870.8 3557.38 3358.31 4459.68 3335.9 4302.69 3756.52 4009.74 3314.43 4110.07 4208.3 4490.02 4324.37 4406.85 4184.0 4430.66 3800.64 4036.83 3765.62 4270.09 4758.32 3430.57 4332.46 4271.8 3733.85 4451.04 3918.02 4018.81 4331.38 3335.38 3676.29 4298.59 4093.96 4209.79 3399.81 4467.1 3977.26 3417.75 3430.35 4038.25 4506.86 3176.54 4089.14 4484.99 4076.93 4214.64 3667.62 4114.57 4466.63 4244.62 4509.87 4145.67 4227.99 4138.23 4724.65 3742.49 4082.94 
0.83 0.68 0.85 0.48 0.68 0.27 0.39 0.83 0.35 0.47 0.37 0.86 0.72 0.77 0.38 0.93 0.91 0.71 0.85 0.76 0.52 0.9 0.64 0.35 0.45 0.72 0.86 0.69 0.91 0.79 0.68 0.82 0.86 0.64 0.4 0.69 0.15 0.79 0.56 0.58 0.45 0.64 0.84 0.4 0.85 0.63 0.64 0.84 0.69 0.88 0.44 0.8 0.38 0.74 0.73 0.75 0.71 0.48 0.75 0.77 0.2 0.75 0.57 0.63 0.55 0.67 0.79 0.46 0.33 0.39 0.81 0.65 0.84 0.86 0.33 0.39 0.94 0.79 0.71 0.62 0.39 0.82 0.84 0.41 0.53 0.72 0.26 0.3 0.33 0.83 0.72 0.6 0.89 0.77 0.7 0.37 0.87 0.49 0.89 0.65 0.7 0.5 0.72 0.75 0.52 0.7 0.68 0.72 0.85 0.79 0.71 0.47 0.7 0.9 0.85 0.69 0.88 0.67 0.54 0.83 0.66 0.74 0.8 0.83 0.68 0.68 0.66 0.82 0.49 0.73 
0.5 0.83 0.72 0.69 0.81 0.99 0.77 0.88 1.0 0.71 0.93 0.64 0.83 0.59 0.89 0.76 0.75 0.77 0.94 1.0 1.0 0.94 0.68 0.81 1.0 0.71 0.87 0.96 0.68 0.92 0.68 0.87 0.77 0.85 0.5 0.71 0.8 1.0 1.0 1.0 0.67 1.0 1.0 0.76 0.75 1.0 1.0 0.92 0.54 0.93 0.56 0.63 0.98 0.87 0.61 0.86 1.0 0.8 0.67 1.0 0.81 1.0 0.9 1.0 0.66 0.72 0.63 0.99 0.77 0.81 0.75 1.0 0.54 0.5 1.0 0.51 1.0 0.65 1.0 0.72 0.8 0.75 0.92 0.94 0.61 0.68 0.79 1.0 0.61 0.93 0.78 1.0 0.76 0.71 0.57 0.53 0.95 0.66 0.69 0.86 0.93 0.55 0.55 0.57 0.55 1.0 0.94 0.94 0.84 0.55 1.0 0.76 0.79 0.83 0.55 0.68 0.83 0.96 0.65 0.94 0.53 0.98 0.83 0.67 0.53 0.7 0.68 0.62 0.93 0.7 
0.56 1.0 0.69 0.65 0.71 0.62 1.0 0.58 1.0 0.74 0.82 0.51 0.99 0.85 0.57 1.0 1.0 0.57 0.59 0.93 0.82 0.54 0.94 0.9 1.0 0.65 0.87 1.0 1.0 0.94 0.81 0.69 0.51 0.71 0.61 0.71 0.78 0.53 0.94 0.77 1.0 0.52 0.88 0.63 0.62 1.0 1.0 0.53 0.8 0.6 0.9 0.55 1.0 0.99 0.84 0.86 1.0 0.71 1.0 0.72 0.78 1.0 0.66 0.88 0.77 0.51 0.54 0.59 0.62 1.0 0.89 0.87 0.76 1.0 0.88 0.85 0.72 0.92 0.84 0.51 0.65 0.6 0.76 0.62 0.85 0.94 0.56 0.58 0.63 0.53 0.9 0.51 0.64 0.89 0.53 0.54 0.53 1.0 0.93 0.64 0.81 0.7 0.64 0.74 0.86 0.95 0.71 0.5 1.0 1.0 0.72 0.68 0.77 0.56 0.99 1.0 1.0 0.57 0.62 0.99 0.72 1.0 0.84 0.75 0.86 0.6 1.0 0.68 0.87 0.86 
0.79 0.79 0.97 0.51 0.81 0.88 0.78 0.83 0.65 1.0 0.74 0.98 0.79 0.56 0.95 0.56 1.0 1.0 0.74 0.68 0.78 0.71 0.93 0.6 0.51 1.0 0.58 1.0 0.98 0.74 0.91 1.0 0.52 0.73 0.66 0.75 0.66 0.71 1.0 0.8 0.87 0.88 1.0 0.59 0.87 0.7 0.8 0.75 0.64 0.73 0.74 0.74 0.75 1.0 0.53 0.94 0.67 0.81 1.0 0.65 0.53 0.76 0.59 0.89 0.8 0.88 0.87 0.86 0.91 0.76 0.66 1.0 0.96 0.85 0.67 0.52 0.72 1.0 1.0 0.64 0.65 0.59 0.73 1.0 0.59 1.0 0.59 0.97 0.93 0.56 0.81 1.0 0.67 1.0 0.98 0.67 0.61 0.86 0.99 0.98 1.0 0.75 0.65 1.0 0.95 0.88 0.9 0.97 0.99 0.68 0.82 0.69 0.53 0.58 0.68 0.91 0.77 0.52 0.97 0.55 0.95 0.73 0.93 0.99 0.5 0.55 0.57 0.97 0.67 0.91 
0.66 0.81 0.83 0.7 0.52 0.59 1.0 0.91 0.69 0.96 0.68 0.94 0.96 0.71 0.94 0.87 0.6 1.0 1.0 0.71 0.59 1.0 0.68 0.98 0.65 1.0 0.71 0.71 1.0 0.86 0.73 0.53 0.6 0.88 0.83 0.65 0.84 0.57 0.66 0.9 0.8 0.5 1.0 0.8 0.93 0.53 1.0 0.79 0.98 1.0 0.98 1.0 0.51 0.85 0.97 0.79 0.64 0.51 0.98 0.69 1.0 0.97 0.72 0.77 1.0 0.82 1.0 0.79 0.6 1.0 0.62 0.94 0.92 0.77 0.57 0.68 0.74 0.97 0.9 0.77 0.89 0.72 0.75 1.0 0.71 0.71 0.74 0.56 0.9 0.56 0.93 1.0 0.52 0.81 0.94 0.94 0.62 0.85 0.61 0.89 1.0 0.97 1.0 0.56 0.54 0.89 0.78 0.53 0.6 1.0 0.5 0.58 0.92 0.83 0.83 0.98 0.82 0.63 0.69 1.0 1.0 0.86 0.79 0.9 0.88 1.0 0.75 0.54 0.58 0.83 
0.77 1.0 0.73 0.86 0.56 0.87 0.98 0.56 0.59 0.86 0.6 0.87 0.75 0.59 0.92 0.53 1.0 0.88 0.55 0.78 0.91 0.55 0.99 0.91 0.94 0.61 0.95 1.0 0.59 0.63 1.0 0.73 0.9 0.9 1.0 0.74 0.96 0.74 0.79 1.0 0.77 0.81 0.81 0.8 0.76 0.69 0.89 0.81 0.67 0.64 0.91 0.77 1.0 0.72 1.0 0.64 0.9 0.57 0.92 0.53 0.86 0.97 0.67 0.89 1.0 0.77 0.93 0.62 0.64 0.86 0.53 0.94 0.52 0.89 0.79 1.0 1.0 0.51 0.97 1.0 0.72 0.85 0.67 0.73 1.0 0.83 1.0 0.77 0.79 0.99 0.91 0.89 0.65 0.82 0.68 0.94 0.87 0.59 0.87 0.65 0.56 0.52 1.0 1.0 0.96 0.9 0.99 0.67 0.98 0.5 0.78 0.53 0.99 0.69 1.0 0.89 0.86 0.99 0.99 0.64 0.85 0.95 0.98 0.54 0.67 0.94 0.86 0.67 0.55 1.0 
0.11 0.53 0.29 0.14 0.13 0.28 0.58 0.22 0.26 0.44 0.23 0.26 0.47 0.12 0.42 0.2 0.45 0.39 0.23 0.35 0.35 0.2 0.4 0.39 0.31 0.28 0.3 0.68 0.39 0.35 0.37 0.23 0.11 0.35 0.17 0.18 0.33 0.16 0.48 0.55 0.36 0.19 0.71 0.18 0.28 0.26 0.72 0.24 0.18 0.26 0.33 0.2 0.37 0.53 0.26 0.36 0.39 0.13 0.6 0.17 0.29 0.71 0.17 0.54 0.4 0.2 0.28 0.25 0.17 0.53 0.14 0.77 0.19 0.29 0.27 0.15 0.39 0.3 0.73 0.18 0.22 0.16 0.26 0.42 0.21 0.38 0.19 0.24 0.25 0.15 0.48 0.46 0.11 0.42 0.19 0.17 0.17 0.28 0.34 0.31 0.42 0.14 0.23 0.24 0.23 0.67 0.47 0.16 0.49 0.19 0.23 0.11 0.29 0.16 0.31 0.54 0.46 0.18 0.27 0.33 0.31 0.59 0.5 0.24 0.14 0.21 0.25 0.15 0.18 0.46 
1850.14 1354.72 2006.66 1363.34 1693.19 741.5 1096.43 984.31 1233.78 1011.92 1534.12 1974.85 1020.83 1914.62 1402.66 1981.04 1360.67 1025.45 2212.32 1076.38 905.68 1250.07 998.91 1105.86 892.32 1963.26 1964.68 1108.25 1762.79 1159.54 875.97 1845.02 2006.41 864.94 769.1 1499.36 1016.63 2075.47 1127.73 1261.4 851.0 821.01 2000.85 1213.53 1911.76 1135.63 888.83 2328.36 2251.69 1843.35 1591.31 1860.66 950.72 1272.83 1254.57 1310.94 1048.14 1026.17 884.83 1225.15 702.4 1981.57 1752.92 1553.23 1338.82 1217.9 1658.52 764.4 828.79 1324.91 1054.43 1212.61 1637.37 1718.71 938.19 1370.02 2305.9 1333.33 1470.25 1227.03 911.88 1525.08 918.74 1609.95 1207.28 1032.79 1268.96 1137.04 717.18 1802.12 1964.59 1332.95 1458.55 1311.89 1483.77 1023.52 2184.34 825.91 1431.3 1129.91 1718.73 1096.58 1367.74 1289.35 1062.39 1792.64 1911.84 1311.51 1371.98 2116.5 1566.62 1479.43 1503.05 1464.91 2071.9 1498.35 1664.43 1852.31 1156.28 1352.55 871.33 1101.78 2020.64 1903.41 807.98 1890.2 1782.24 1749.22 904.32 1706.32 
229.73 687.73 608.35 176.98 260.94 208.27 597.22 274.41 354.68 422.75 271.47 466.77 429.61 180.65 590.79 369.01 629.15 388.35 395.32 393.27 320.83 266.39 428.45 424.7 295.71 629.97 574.95 801.98 725.36 431.25 312.03 457.24 223.79 281.81 143.99 168.9 348.21 232.8 593.93 686.5 270.63 135.46 1419.57 252.25 503.49 320.61 648.81 454.92 397.94 520.94 454.86 386.98 372.56 678.93 303.86 537.91 399.8 95.66 565.69 182.55 199.11 1405.61 307.52 870.11 528.87 222.19 456.42 209.48 178.87 689.91 160.18 875.16 338.79 536.58 204.0 177.19 854.5 392.02 1077.31 242.27 224.63 218.11 241.18 605.73 268.91 375.07 217.82 255.6 201.32 346.22 1054.57 610.02 151.99 558.69 273.86 176.14 398.9 237.72 508.7 356.83 752.82 164.95 314.42 367.79 230.47 1250.56 850.0 289.54 634.61 389.91 277.95 182.67 406.13 233.97 639.7 876.33 768.31 313.8 351.09 512.22 267.3 636.02 1079.46 477.83 67.38 407.89 480.26 239.58 145.06 815.95 
8750.72 6273.59 9533.28 6316.71 7965.94 3207.51 4982.16 4421.57 5668.88 4559.62 7170.61 9374.24 4604.17 9073.12 6513.29 9405.19 6303.37 4627.25 10561.59 4881.91 4028.4 5750.35 4494.57 5029.3 3961.61 9316.32 9323.41 5041.27 8313.95 5297.71 3879.87 8725.08 9532.06 3824.7 3345.48 6996.82 4583.14 9877.35 5138.63 5807.0 3754.99 3605.06 9504.24 5567.65 9058.79 5178.17 3944.17 11141.8 10758.43 8716.74 7456.55 8803.29 4253.62 5864.17 5772.86 6054.72 4740.7 4630.84 3924.14 5625.77 3011.99 9407.83 8264.62 7266.13 6194.08 5589.52 7792.59 3322.01 3643.96 6124.53 4772.16 5563.06 7686.83 8093.55 4190.93 6350.09 11029.48 6166.67 6851.26 5635.17 4059.4 7125.41 4093.71 7549.75 5536.4 4663.93 5844.8 5185.18 3085.9 8510.61 9322.95 6164.73 6792.76 6059.44 6918.84 4617.58 10421.69 3629.54 6656.48 5149.57 8093.63 4982.88 6338.72 5946.73 4811.93 8463.22 9059.2 6057.55 6359.88 10082.52 7333.1 6897.14 7015.26 6824.56 9859.52 6991.74 7822.16 8761.55 5281.38 6262.74 3856.67 5008.89 9603.2 9017.04 3539.91 8951.01 8411.2 8246.08 4021.58 8031.58 
648.64 2938.63 2541.75 384.91 804.71 541.35 2486.11 872.05 1273.4 1613.76 857.35 1833.84 1648.06 403.26 2453.95 1345.04 2645.73 1441.74 1476.61 1466.37 1104.13 831.96 1642.23 1623.5 978.56 2649.85 2374.74 3509.91 3126.78 1656.24 1060.16 1786.2 618.96 909.05 219.96 344.51 1241.04 663.98 2469.66 2932.5 853.17 177.31 6597.86 761.25 2017.46 1103.05 2744.07 1774.58 1489.7 2104.71 1774.29 1434.89 1362.82 2894.65 1019.29 2189.57 1499.0 -21.68 2328.43 412.73 495.54 6528.04 1037.61 3850.56 2144.34 610.93 1782.09 547.39 394.34 2949.54 300.92 3875.81 1193.94 2182.9 519.99 385.95 3772.48 1460.08 4886.53 711.34 623.16 590.55 705.89 2528.67 844.55 1375.36 589.1 778.01 506.59 1231.08 4772.85 2550.08 259.97 2293.43 869.3 380.72 1494.52 688.6 2043.52 1284.16 3264.11 324.74 1072.1 1338.94 652.33 5752.8 3750.0 947.71 2673.05 1449.55 889.73 413.35 1530.64 669.83 2698.49 3881.66 3341.56 1069.02 1255.43 2061.08 836.51 2680.11 4897.31 1889.14 -163.08 1539.44 1901.32 697.9 225.28 3579.74 
128.66 164.47 110.6 156.17 172.62 164.8 139.06 165.68 136.64 148.06 167.42 155.62 196.01 169.82 182.08 179.42 177.78 154.42 145.53 168.47 145.95 154.54 165.65 182.7 174.89 161.36 146.48 105.08 85.51 138.59 176.63 63.64 160.08 123.86 139.04 169.38 166.73 73.43 122.11 126.11 125.94 123.55 114.33 180.79 169.54 122.92 165.45 179.08 169.71 179.56 125.11 154.74 150.2 166.99 151.52 81.88 75.17 160.02 165.51 180.05 172.71 168.23 166.46 135.1 135.95 117.68 158.89 165.06 79.25 133.91 165.11 84.51 149.37 116.12 142.3 134.33 89.19 133.44 129.08 150.26 80.19 99.43 123.3 168.33 179.6 172.97 132.21 83.68 132.92 114.02 121.11 150.62 170.8 190.33 102.92 86.65 85.44 149.35 89.02 156.72 120.56 129.94 100.06 147.05 171.94 122.82 168.39 135.99 178.68 119.32 136.71 137.21 161.53 90.14 127.06 163.57 134.55 122.31 168.59 110.03 123.44 134.0 127.34 180.39 124.37 84.56 165.53 141.74 149.7 81.66 
171 246 147 234 258 247 185 248 204 222 251 233 294 254 273 269 266 231 218 252 218 231 248 274 262 242 219 140 85 207 264 63 240 165 208 254 250 73 183 168 167 164 152 271 254 163 248 268 254 269 166 232 225 250 227 81 75 240 248 270 259 252 249 202 203 156 238 247 79 200 247 84 224 154 213 201 89 200 172 225 80 132 164 252 269 259 176 83 177 152 161 225 256 285 137 86 85 224 89 235 160 173 133 220 257 163 252 203 268 159 205 205 242 90 190 245 179 163 252 146 164 178 169 270 165 84 248 188 224 81 
509 49 1295 1064 519 1243 1655 1059 1180 28 736 777 987 1127 235 1232 1455 1580 223 1132 782 1674 1342 1523 1662 545 1092 217 432 336 1628 49 1658 798 606 528 1549 280 659 460 1307 1362 452 954 1457 534 1497 1095 1648 849 102 973 970 801 1199 609 9 1124 1658 139 294 1591 443 1593 398 260 1653 683 171 92 859 700 477 333 48 454 1176 574 595 648 1540 1147 1240 1371 574 691 619 1214 634 901 1300 1029 763 1228 663 1465 967 966 101 331 1032 1455 1571 92 728 731 1132 1069 1656 327 1562 651 1360 615 1073 1141 1155 1172 684 1329 664 884 213 1406 926 549 1093 793 1080 225 
1527 1185 1557 1680 1680 1680 1680 1227 1631 715 1140 1680 1680 1680 1442 1680 1680 1680 650 1680 1658 1680 1680 1680 1680 1398 1590 952 1214 882 1680 382 1680 1680 1222 979 1680 1062 1535 698 1680 1680 1494 1311 1680 1680 1680 1680 1680 1680 435 1448 1634 1680 1680 1367 247 1646 1680 826 1525 1680 1012 1680 1680 1680 1680 1441 1354 449 1680 1435 1680 1680 1302 1680 1680 1680 1070 1264 1680 1680 1680 1680 1663 1426 1680 1382 1227 1494 1680 1680 1680 1490 1350 1680 1680 1680 1332 1680 1680 1680 1680 1677 1155 1680 1680 1680 1680 1605 1680 1197 1598 1680 1680 1680 1680 1680 1680 1680 1517 1680 1066 1680 1680 1236 1284 1268 1680 1503 
5
0.0 0.0 0.0 0.0 0.0 
0.0 0.0 0.0 100.0 0.0 
0 0 0 100 0 54 80 83 103 97 109 43 98 52 81 72 28 94 71 101 48 79 71 12 72 100 96 96 110 96 95 89 73 127 56 92 100 76 36 87 36 44 101 78 84 76 18 40 112 116 24 86 71 97 90 66 52 107 45 89 120 101 78 50 112 79 86 88 79 34 63 75 28 132 72 85 96 93 62 89 54 128 70 70 78 105 88 17 79 79 120 86 108 79 108 47 110 31 76 51 98 114 86 98 36 50 86 89 67 63 55 102 35 77 48 73 70 30 109 62 71 85 52 47 55 58 81 94 17 91 92 56 91 15 111 
0 0 0 100 0 54 80 83 103 97 109 43 98 52 81 72 28 94 71 101 48 79 71 12 72 100 96 96 110 96 95 89 73 127 56 92 100 76 36 87 36 44 101 78 84 76 18 40 112 116 24 86 71 97 90 66 52 107 45 89 120 101 78 50 112 79 86 88 79 34 63 75 28 132 72 85 96 93 62 89 54 128 70 70 78 105 88 17 79 79 120 86 108 79 108 47 110 31 76 51 98 114 86 98 36 50 86 89 67 63 55 102 35 77 48 73 70 30 109 62 71 85 52 47 55 58 81 94 17 91 92 56 91 15 111 
0 0 0 100 0 54 80 83 103 97 109 43 98 52 81 72 28 94 71 101 48 79 71 12 72 100 96 96 110 96 95 89 73 127 56 92 100 76 36 87 36 44 101 78 84 76 18 40 112 116 24 86 71 97 90 66 52 107 45 89 120 101 78 50 112 79 86 88 79 34 63 75 28 132 72 85 96 93 62 89 54 128 70 70 78 105 88 17 79 79 120 86 108 79 108 47 110 31 76 51 98 114 86 98 36 50 86 89 67 63 55 102 35 77 48 73 70 30 109 62 71 85 52 47 55 58 81 94 17 91 92 56 91 15 111 
100 100 100 0 100 49 60 24 89 56 78 84 85 97 99 27 86 99 114 82 52 100 108 88 45 56 80 97 84 57 98 82 89 93 56 57 124 114 68 121 64 56 113 23 43 51 86 90 86 82 83 107 29 51 57 39 98 71 66 89 98 105 22 93 72 58 117 14 67 90 40 72 72 98 28 16 113 105 108 14 95 99 42 51 68 117 68 90 63 91 81 68 105 74 65 55 86 90 100 54 133 103 118 109 77 73 71 23 80 80 75 93 87 62 81 114 30 86 107 55 46 75 71 68 71 103 78 37 82 18 120 94 22 85 96 
0 0 0 100 0 54 80 83 103 97 109 43 98 52 81 72 28 94 71 101 48 79 71 12 72 100 96 96 110 96 95 89 73 127 56 92 100 76 36 87 36 44 101 78 84 76 18 40 112 116 24 86 71 97 90 66 52 107 45 89 120 101 78 50 112 79 86 88 79 34 63 75 28 132 72 85 96 93 62 89 54 128 70 70 78 105 88 17 79 79 120 86 108 79 108 47 110 31 76 51 98 114 86 98 36 50 86 89 67 63 55 102 35 77 48 73 70 30 109 62 71 85 52 47 55 58 81 94 17 91 92 56 91 15 111 
54 54 54 49 54 0 35 28 68 48 67 35 63 51 62 22 37 69 70 63 8 62 66 42 21 51 58 69 70 48 69 55 51 85 11 45 88 72 19 81 18 14 81 25 31 28 38 42 72 73 34 70 20 46 42 11 52 62 17 59 83 76 27 46 66 34 77 35 39 40 9 39 26 91 20 33 79 72 63 36 49 88 17 21 39 85 46 41 36 55 75 45 80 44 60 6 71 40 61 5 93 82 79 77 28 27 47 35 41 39 31 69 38 35 35 71 19 37 82 17 20 48 26 20 26 57 48 40 36 37 82 49 37 39 77 
80 80 80 60 80 35 0 36 33 18 31 41 28 47 40 45 53 39 58 27 44 41 52 68 18 21 23 38 34 16 39 22 31 50 26 13 64 57 46 62 49 50 53 41 16 9 61 48 36 37 56 47 43 19 10 31 49 27 35 29 47 45 44 45 32 1 58 47 7 51 35 13 56 55 41 46 53 45 55 45 44 52 22 14 8 57 11 63 3 31 40 10 47 14 28 40 35 53 42 34 73 47 59 49 44 31 12 37 24 26 27 35 49 3 37 58 42 52 49 19 17 15 28 33 26 50 18 26 64 41 60 43 38 65 41 
83 83 83 24 83 28 36 0 67 36 59 60 63 73 74 15 65 75 89 60 34 75 83 70 20 37 57 74 64 37 75 58 65 76 32 36 100 89 48 96 46 40 89 8 20 27 67 67 66 64 63 83 15 32 35 17 74 52 44 65 78 82 10 69 55 34 92 10 43 67 19 47 54 82 13 10 89 81 84 10 70 81 18 27 43 93 45 70 39 66 64 45 83 50 47 35 66 68 76 33 108 81 94 85 55 49 48 6 55 55 51 70 64 38 57 90 15 64 85 31 22 51 47 45 46 78 54 19 65 8 95 69 9 67 75 
103 103 103 89 103 68 33 67 0 33 17 60 5 56 30 78 74 18 54 7 76 33 48 93 51 35 10 15 12 32 16 13 32 25 57 32 44 50 74 49 78 81 29 74 47 42 85 64 12 19 79 34 77 39 32 64 58 22 62 15 17 19 76 57 25 34 45 78 28 69 68 29 84 30 75 77 32 26 56 76 54 24 55 47 29 31 22 85 31 26 25 23 16 24 29 71 9 72 37 66 55 14 46 26 68 54 21 66 35 39 48 5 68 32 55 53 76 73 18 50 51 19 51 59 49 55 22 52 89 70 43 51 67 91 8 
97 97 97 56 97 48 18 36 33 0 22 60 31 65 52 50 71 47 73 26 56 54 67 85 27 3 25 44 28 1 45 30 46 40 41 5 74 71 62 75 64 63 60 44 17 21 78 66 30 27 73 59 49 5 7 39 67 15 52 38 42 51 46 63 18 18 70 46 22 69 44 29 72 45 46 46 62 54 71 44 62 44 31 27 24 63 17 80 20 44 28 18 50 27 12 54 30 71 56 48 84 47 72 57 62 49 20 34 41 43 46 38 67 21 55 73 48 70 52 34 28 25 46 50 44 67 31 18 80 37 71 60 34 82 40 
109 109 109 78 109 67 31 59 17 22 0 68 18 68 45 72 81 35 69 12 75 48 63 98 47 22 16 32 6 21 33 23 44 18 57 23 61 65 77 66 80 81 46 66 39 39 91 73 8 6 85 50 71 27 25 60 70 7 66 29 19 37 69 67 7 32 61 68 30 78 65 34 87 24 69 68 49 43 70 66 65 22 51 45 31 48 21 92 31 39 10 23 32 30 14 71 9 80 51 66 73 27 63 44 73 59 23 56 44 48 54 22 76 32 62 68 70 80 34 50 47 24 57 63 54 68 30 41 94 60 60 63 56 96 19 
43 43 43 84 43 35 41 60 60 60 68 0 55 16 39 58 14 51 37 58 38 38 34 34 42 63 53 53 68 58 52 46 30 84 27 55 61 40 23 50 30 39 60 60 51 41 25 7 69 74 20 45 56 61 52 44 16 67 18 45 77 58 62 11 71 41 48 69 39 10 44 33 31 89 56 67 55 50 29 70 15 85 43 37 37 64 47 25 40 36 78 46 65 37 69 32 67 12 34 30 63 70 49 56 11 11 45 65 24 20 14 58 8 38 5 39 55 13 66 30 40 43 14 15 15 23 38 63 32 68 54 16 67 32 68 
98 98 98 85 98 63 28 63 5 31 18 55 0 52 27 73 69 17 51 6 71 30 45 87 46 32 5 14 14 29 15 8 28 30 51 28 44 47 68 48 73 76 30 69 42 37 79 59 15 22 74 32 72 36 28 59 54 22 57 11 22 20 72 52 25 29 43 73 23 64 63 24 79 35 70 73 32 25 53 72 49 29 51 42 23 32 17 80 26 22 27 18 19 19 28 66 13 67 33 60 55 19 45 27 62 48 16 62 30 34 42 7 63 27 49 50 71 68 21 45 46 14 46 53 44 51 17 49 84 66 43 47 63 85 14 
52 52 52 97 52 51 47 73 56 65 68 16 52 0 29 73 26 43 21 57 53 27 19 46 53 68 52 46 66 63 45 44 24 82 41 60 47 25 39 35 46 55 49 74 61 50 37 13 67 73 33 33 70 67 57 57 1 68 33 41 73 49 76 4 73 48 34 83 43 19 58 35 46 87 70 81 43 40 12 83 2 81 55 47 41 52 49 36 45 30 78 48 57 38 72 48 65 21 23 45 48 64 34 45 27 23 46 77 24 21 22 53 19 44 15 23 69 25 58 42 51 43 26 30 26 7 37 72 45 81 40 5 79 45 63 
81 81 81 99 81 62 40 74 30 52 45 39 27 29 0 80 53 14 23 33 68 2 17 73 54 55 30 17 42 50 16 23 11 56 51 48 26 19 60 22 66 72 20 78 56 47 64 40 42 49 59 8 78 56 46 64 31 48 50 16 45 19 81 31 52 41 18 85 32 46 67 27 69 60 77 84 16 11 26 85 27 54 58 48 31 24 34 64 36 8 55 34 27 25 54 63 40 49 6 58 33 35 20 16 50 38 31 76 21 23 32 26 46 36 35 22 77 52 29 47 53 27 38 46 36 26 21 66 71 80 20 25 77 72 36 
72 72 72 27 72 22 45 15 78 50 72 58 73 73 80 0 59 84 91 72 24 81 86 61 27 51 68 83 77 50 83 68 70 90 31 49 106 92 40 101 37 28 97 7 32 36 59 65 79 78 56 88 2 46 47 16 74 66 40 74 91 90 6 69 69 44 97 15 51 63 14 54 44 95 3 12 96 88 85 17 71 94 23 33 51 101 56 62 47 72 78 55 93 58 62 27 78 63 80 28 113 93 98 93 51 49 57 21 60 59 52 81 61 47 57 92 3 59 95 33 28 60 47 42 47 79 62 34 55 21 101 70 23 58 86 
28 28 28 86 28 37 53 65 74 71 81 14 69 26 53 59 0 65 47 73 35 52 46 19 50 74 67 67 82 70 67 61 44 98 33 66 74 52 19 62 24 34 74 62 60 51 11 13 84 87 6 59 57 72 63 47 26 80 21 60 92 72 64 23 84 53 60 72 52 7 46 47 21 104 57 70 69 65 38 73 27 99 49 45 50 78 60 10 52 51 92 59 79 51 81 31 81 5 48 32 74 85 61 70 9 22 58 71 39 35 27 73 7 50 19 49 56 1 81 38 48 57 25 21 27 33 52 72 18 73 67 29 73 18 83 
94 94 94 99 94 69 39 75 18 47 35 51 17 43 14 84 65 0 36 23 76 16 31 85 56 49 21 3 30 45 2 17 21 42 57 43 27 32 69 31 75 80 14 81 55 48 76 53 30 38 71 15 82 52 42 68 44 39 59 9 32 7 83 44 42 40 26 86 32 59 71 29 79 46 80 85 15 7 40 85 41 40 60 51 32 17 30 76 36 14 44 31 13 26 46 70 28 62 20 65 38 21 28 10 61 48 28 76 28 32 41 13 59 37 46 35 81 64 15 52 55 24 47 54 45 40 21 64 82 80 25 38 77 83 22 
71 71 71 114 71 70 58 89 54 73 69 37 51 21 23 91 47 36 0 57 74 21 6 66 68 76 53 39 65 71 38 46 27 79 59 68 29 5 61 15 67 76 36 91 73 63 58 34 66 73 54 21 89 76 66 75 21 71 54 39 68 40 93 25 75 59 15 99 51 39 77 44 68 83 88 98 29 30 9 99 22 77 71 62 50 38 55 56 55 30 79 55 48 45 77 68 63 42 17 65 27 57 15 33 48 43 52 92 34 33 39 49 41 54 35 2 88 46 49 58 67 48 44 50 44 14 42 85 66 96 22 21 94 66 58 
101 101 101 82 101 63 27 60 7 26 12 58 6 57 33 72 73 23 57 0 71 36 51 90 45 27 5 20 9 25 21 12 33 25 52 25 50 53 70 54 75 77 35 67 40 36 82 63 10 16 77 38 71 32 25 58 58 16 59 17 20 26 70 57 19 29 49 71 23 68 62 26 81 31 68 71 38 31 58 69 54 26 50 41 25 38 16 83 26 27 21 17 23 21 23 67 8 71 39 61 61 20 51 32 65 51 16 59 34 38 45 11 67 27 53 56 70 71 25 46 45 15 49 56 46 56 20 45 87 63 49 52 60 88 14 
48 48 48 52 48 8 44 34 76 56 75 38 71 53 68 24 35 76 74 71 0 68 70 36 29 59 66 76 78 56 76 63 57 94 19 53 94 76 16 86 12 6 88 29 40 36 34 43 80 81 32 76 22 54 51 18 54 70 20 67 91 83 30 49 74 43 83 39 47 41 14 47 20 99 23 36 85 79 66 40 52 97 25 30 47 92 55 38 45 62 84 54 87 52 69 5 79 40 67 10 98 90 84 84 28 31 55 41 48 45 36 77 38 43 38 75 21 36 89 25 28 56 31 23 32 60 55 48 31 42 88 52 43 33 85 
79 79 79 100 79 62 41 75 33 54 48 38 30 27 2 81 52 16 21 36 68 0 15 71 55 56 32 19 44 52 18 25 10 58 50 49 26 17 59 21 65 72 22 79 57 48 63 39 45 52 58 8 78 58 47 64 29 50 49 18 48 21 81 29 54 42 17 86 34 45 67 28 68 62 77 85 17 13 24 85 25 56 58 48 32 25 36 62 37 9 57 35 29 27 56 62 42 48 4 58 32 37 18 18 48 37 33 77 20 23 32 29 45 37 34 20 77 50 31 47 53 29 37 45 36 23 22 67 70 81 20 23 78 70 38 
71 71 71 108 71 66 52 83 48 67 63 34 45 19 17 86 46 31 6 51 70 15 0 65 63 70 47 34 59 65 33 39 20 73 55 62 28 6 58 16 64 72 32 86 67 57 57 32 60 67 53 17 84 70 60 70 20 65 50 33 63 35 88 23 69 53 14 94 45 38 72 38 65 77 83 92 26 25 10 94 19 71 65 56 43 35 49 55 49 23 73 48 43 39 71 64 57 41 11 61 28 52 14 29 46 39 46 86 28 28 34 44 39 48 32 6 83 44 44 53 61 42 39 46 39 13 35 79 65 90 20 18 88 65 53 
12 12 12 88 12 42 68 70 93 85 98 34 87 46 73 61 19 85 66 90 36 71 65 0 60 88 85 87 99 84 86 79 64 116 44 80 94 71 23 81 23 32 94 66 71 64 8 33 101 104 13 79 59 84 78 53 45 95 33 79 110 92 66 42 100 67 80 75 68 27 50 64 16 121 60 73 89 84 57 77 46 117 58 57 66 97 76 10 67 70 108 75 99 69 96 35 99 24 68 38 93 104 80 90 25 39 75 77 57 53 45 92 26 66 38 68 58 21 100 50 58 74 41 35 43 52 70 81 5 78 86 48 79 3 101 
72 72 72 45 72 21 18 20 51 27 47 42 46 53 54 27 50 56 68 45 29 55 63 60 0 30 41 55 51 27 56 40 44 65 16 24 80 69 36 76 37 35 70 24 11 8 55 49 53 53 50 62 25 25 22 13 55 41 28 46 65 63 26 50 45 16 72 31 24 50 17 27 45 71 23 30 69 61 64 30 51 69 4 6 24 74 29 57 20 46 55 28 65 30 39 26 52 52 55 22 87 65 73 66 40 31 30 23 35 35 31 53 48 19 39 69 24 49 67 11 1 33 28 28 27 58 35 22 55 27 75 49 25 57 59 
100 100 100 56 100 51 21 37 35 3 22 63 32 68 55 51 74 49 76 27 59 56 70 88 30 0 27 46 28 4 47 32 49 39 44 8 76 74 65 77 67 66 62 45 19 24 82 70 30 27 76 61 51 5 11 42 70 15 55 40 41 53 47 66 17 21 73 46 25 73 47 32 75 44 48 47 64 56 75 44 65 43 34 30 27 65 20 84 23 46 26 21 51 30 10 56 30 75 59 51 86 47 74 59 65 52 23 34 44 47 49 39 71 25 58 76 50 73 53 37 31 27 49 53 48 71 34 19 83 38 73 63 34 85 40 
96 96 96 80 96 58 23 57 10 25 16 53 5 52 30 68 67 21 53 5 66 32 47 85 41 27 0 19 14 24 20 7 28 31 47 22 49 50 65 51 69 72 35 64 37 32 77 58 16 21 71 35 67 30 22 54 53 18 53 14 25 26 66 51 22 24 47 68 18 63 58 21 75 36 65 68 36 29 54 66 49 32 45 37 19 38 12 78 21 23 26 13 25 16 24 61 14 65 35 56 59 24 48 32 60 45 11 57 29 32 40 12 61 22 47 52 66 66 27 41 41 10 43 50 41 51 15 43 81 61 47 46 57 83 18 
96 96 96 97 96 69 38 74 15 44 32 53 14 46 17 83 67 3 39 20 76 19 34 87 55 46 19 0 27 43 1 15 22 39 57 41 30 35 70 34 76 80 16 79 54 47 78 55 27 34 73 19 81 49 40 67 47 36 59 9 28 7 82 47 39 39 30 85 31 61 71 29 80 43 79 84 17 11 43 83 43 37 59 50 31 19 28 78 35 16 40 29 12 25 43 70 24 64 23 65 41 18 31 12 62 49 26 74 29 33 43 10 61 36 48 38 80 66 13 51 54 22 47 55 46 43 20 61 84 78 28 41 75 85 18 
110 110 110 84 110 70 34 64 12 28 6 68 14 66 42 77 82 30 65 9 78 44 59 99 51 28 14 27 0 27 28 22 42 16 60 28 56 62 78 61 83 84 40 71 44 42 91 73 2 7 86 46 75 33 29 64 68 13 67 26 14 31 74 66 14 35 57 74 31 78 68 35 89 22 73 74 44 38 68 72 63 18 55 48 33 42 23 92 33 37 13 24 26 30 20 74 3 80 48 69 67 20 59 38 74 60 24 62 43 47 54 17 76 35 62 64 74 80 27 53 51 24 57 64 55 66 29 47 95 66 55 61 62 97 13 
96 96 96 57 96 48 16 37 32 1 21 58 29 63 50 50 70 45 71 25 56 52 65 84 27 4 24 43 27 0 44 28 44 39 40 3 72 69 61 73 64 62 59 45 17 20 77 65 29 27 72 57 49 6 6 39 65 15 51 36 41 50 47 62 18 17 68 46 20 68 44 28 71 45 47 46 60 53 70 44 61 43 31 27 22 62 16 79 18 42 28 16 49 26 12 53 29 70 54 48 82 46 70 56 61 48 19 35 39 42 44 36 66 20 53 71 48 69 50 34 28 23 45 49 43 66 29 20 79 38 69 59 35 81 38 
95 95 95 98 95 69 39 75 16 45 33 52 15 45 16 83 67 2 38 21 76 18 33 86 56 47 20 1 28 44 0 16 22 40 57 42 28 34 70 33 76 81 14 80 55 48 78 55 28 35 72 17 81 50 41 68 46 38 59 9 29 7 83 46 41 40 28 86 32 61 71 29 80 44 80 85 16 9 42 84 43 38 60 50 32 18 29 78 36 15 41 30 12 25 44 71 26 64 22 66 39 19 30 11 62 49 27 75 29 33 42 11 60 36 47 37 80 65 14 52 55 23 47 55 46 42 21 63 84 79 27 40 76 85 20 
89 89 89 82 89 55 22 58 13 30 23 46 8 44 23 68 61 17 46 12 63 25 39 79 40 32 7 15 22 28 16 0 20 38 44 26 44 42 60 45 65 68 31 64 38 32 71 51 23 28 65 29 66 34 25 53 46 25 49 8 30 23 67 44 29 24 40 69 16 56 56 16 70 43 64 69 32 24 46 68 41 38 44 35 16 34 13 71 20 16 34 13 24 11 31 58 20 59 28 53 54 26 42 27 54 40 10 59 22 26 34 13 55 21 41 45 65 59 26 38 39 7 38 45 35 44 8 46 76 63 41 39 59 77 22 
73 73 73 89 73 51 31 65 32 46 44 30 28 24 11 70 44 21 27 33 57 10 20 64 44 49 28 22 42 44 22 20 0 58 40 41 37 25 49 31 55 61 31 68 47 38 55 32 43 49 50 19 67 49 39 53 25 46 39 16 49 28 70 24 50 32 27 75 24 38 56 18 59 62 66 74 27 21 26 75 21 57 47 38 23 35 28 55 28 6 55 28 34 18 51 52 41 41 11 47 43 41 29 27 40 27 25 67 10 12 21 29 38 28 25 27 66 43 36 36 43 22 27 35 25 23 15 58 61 71 31 19 68 62 39 
127 127 127 93 127 85 50 76 25 40 18 84 30 82 56 90 98 42 79 25 94 58 73 116 65 39 31 39 16 39 40 38 58 0 76 41 64 74 95 72 99 100 49 84 57 57 108 89 14 12 102 58 89 44 43 79 84 24 84 41 11 41 86 82 21 51 68 85 48 94 83 52 105 5 87 86 54 49 82 83 79 6 70 63 49 49 39 109 49 52 12 41 33 47 29 90 17 97 62 84 76 24 70 48 91 77 40 73 60 64 71 29 93 51 79 78 88 97 34 69 66 41 74 81 72 81 46 57 112 77 66 77 73 113 20 
56 56 56 56 56 11 26 32 57 41 57 27 51 41 51 31 33 57 59 52 19 50 55 44 16 44 47 57 60 40 57 44 40 76 0 37 77 61 20 69 23 24 69 32 27 20 38 34 62 64 33 59 29 40 34 16 42 53 12 48 73 64 34 37 58 25 66 41 29 35 17 28 30 82 28 39 67 60 53 42 39 78 15 13 28 73 36 40 26 44 66 35 68 32 53 14 61 36 49 8 82 71 67 65 23 17 36 37 30 28 20 58 32 25 25 61 28 33 70 7 14 37 15 12 15 47 36 38 39 40 70 39 40 41 66 
92 92 92 57 92 45 13 36 32 5 23 55 28 60 48 49 66 43 68 25 53 49 62 80 24 8 22 41 28 3 42 26 41 41 37 0 70 66 57 70 60 59 57 43 16 17 74 61 30 29 68 55 47 8 2 37 62 17 47 34 42 48 46 58 21 13 66 46 17 65 42 24 68 47 45 46 58 51 66 44 57 45 28 23 19 60 13 76 15 39 30 13 48 23 15 50 30 66 51 45 80 45 68 54 57 44 16 34 36 38 41 35 62 16 50 68 47 65 50 30 25 20 41 45 39 62 26 20 76 38 67 55 35 78 38 
100 100 100 124 100 88 64 100 44 74 61 61 44 47 26 106 74 27 29 50 94 26 28 94 80 76 49 30 56 72 28 44 37 64 77 70 0 23 84 14 90 97 15 104 81 73 85 60 55 63 81 18 104 79 69 90 48 66 75 36 52 24 107 51 69 66 13 111 57 66 93 52 92 67 103 110 12 19 37 110 47 60 84 74 56 15 57 84 61 34 69 57 30 50 73 88 53 69 27 84 12 39 13 17 72 63 54 102 47 49 57 39 67 62 58 26 103 72 30 73 79 50 63 71 62 41 46 90 93 106 7 45 102 93 44 
76 76 76 114 76 72 57 89 50 71 65 40 47 25 19 92 52 32 5 53 76 17 6 71 69 74 50 35 62 69 34 42 25 74 61 66 23 0 64 10 70 79 30 92 73 63 62 38 62 69 58 16 90 75 64 76 25 68 56 35 63 35 94 29 72 58 10 100 50 44 78 43 71 78 89 98 24 25 14 99 25 72 71 62 48 32 53 61 54 27 75 53 43 43 74 70 59 47 15 67 22 52 9 28 52 45 50 92 33 34 40 45 45 53 38 3 89 50 44 59 67 46 46 52 45 18 40 84 70 96 16 24 93 70 54 
36 36 36 68 36 19 46 48 74 62 77 23 68 39 60 40 19 69 61 70 16 59 58 23 36 65 65 70 78 61 70 60 49 95 20 57 84 64 0 74 6 15 80 44 47 41 19 28 80 83 15 67 38 61 55 30 40 73 11 62 90 77 45 35 78 45 71 54 47 24 28 44 10 100 39 52 76 71 52 56 38 97 34 34 45 84 55 22 45 55 86 54 82 49 73 13 79 23 56 15 86 86 72 76 12 21 54 54 40 37 27 73 22 44 25 62 37 19 84 27 35 54 22 14 24 46 51 58 18 56 77 39 56 20 82 
87 87 87 121 87 81 62 96 49 75 66 50 48 35 22 101 62 31 15 54 86 21 16 81 76 77 51 34 61 73 33 45 31 72 69 70 14 10 74 0 80 88 24 100 79 69 73 48 61 69 69 16 98 79 69 84 35 70 66 37 61 31 102 39 73 63 4 107 55 54 86 49 82 76 97 106 18 23 24 106 35 69 79 69 54 26 57 71 59 31 75 57 39 48 76 80 59 57 20 76 12 48 2 24 62 54 54 99 41 42 49 44 55 59 48 13 97 60 40 67 74 50 55 62 54 28 44 89 81 103 8 34 100 81 52 
36 36 36 64 36 18 49 46 78 64 80 30 73 46 66 37 24 75 67 75 12 65 64 23 37 67 69 76 83 64 76 65 55 99 23 60 90 70 6 80 0 10 86 42 49 43 21 34 85 87 19 73 35 63 58 29 46 76 16 67 95 82 43 42 81 48 78 52 51 30 26 49 8 104 36 49 82 77 59 53 45 101 35 36 50 90 59 25 49 61 90 58 88 53 76 11 83 29 63 15 93 91 79 82 19 27 58 53 46 43 33 79 28 47 32 69 34 25 90 30 36 59 28 20 30 53 56 58 18 54 83 46 55 20 87 
44 44 44 56 44 14 50 40 81 63 81 39 76 55 72 28 34 80 76 77 6 72 72 32 35 66 72 80 84 62 81 68 61 100 24 59 97 79 15 88 10 0 92 34 46 42 31 44 86 87 29 80 27 61 57 24 55 76 22 72 97 87 34 51 81 49 85 44 53 40 20 52 16 105 28 41 89 83 68 45 54 102 32 36 52 96 60 35 50 66 90 59 92 57 75 10 85 39 70 15 101 95 86 88 28 34 60 46 52 49 39 82 38 49 40 77 26 35 94 31 34 62 34 26 35 62 60 54 26 47 91 54 49 29 90 
101 101 101 113 101 81 53 89 29 60 46 60 30 49 20 97 74 14 36 35 88 22 32 94 70 62 35 16 40 59 14 31 31 49 69 57 15 30 80 24 86 92 0 95 69 62 85 61 40 47 80 15 95 65 56 81 50 51 70 24 37 9 97 51 54 54 21 100 46 67 85 43 90 51 94 99 6 9 42 99 47 45 74 64 46 3 44 84 50 26 53 45 15 39 58 82 37 70 25 78 27 24 22 4 70 59 42 90 40 43 53 24 67 51 56 34 94 72 15 65 69 38 58 66 56 44 35 78 92 94 17 45 91 92 29 
78 78 78 23 78 25 41 8 74 44 66 60 69 74 78 7 62 81 91 67 29 79 86 66 24 45 64 79 71 45 80 64 68 84 32 43 104 92 44 100 42 34 95 0 27 32 63 67 74 72 60 87 7 40 42 16 75 60 42 71 86 87 2 70 63 40 96 10 48 66 16 52 49 90 5 7 93 86 85 11 71 89 20 30 48 98 52 67 44 70 72 51 89 55 56 31 73 66 79 30 112 88 97 90 53 50 53 14 58 58 52 77 63 43 58 92 8 62 91 32 25 57 48 44 47 79 59 28 60 14 99 71 16 63 82 
84 84 84 43 84 31 16 20 47 17 39 51 42 61 56 32 60 55 73 40 40 57 67 71 11 19 37 54 44 17 55 38 47 57 27 16 81 73 47 79 49 46 69 27 0 10 66 58 46 45 61 64 31 14 15 22 62 33 39 45 58 61 29 58 36 15 74 31 23 60 27 29 57 63 29 30 69 62 70 29 58 61 14 14 24 73 25 68 19 48 46 25 62 30 30 38 46 62 58 33 90 61 76 66 50 40 27 20 39 40 39 50 58 19 47 74 30 59 64 21 12 31 37 38 36 65 35 11 66 24 77 56 21 68 54 
76 76 76 51 76 28 9 27 42 21 39 41 37 50 47 36 51 48 63 36 36 48 57 64 8 24 32 47 42 20 48 32 38 57 20 17 73 63 41 69 43 42 62 32 10 0 58 48 45 45 53 55 34 20 14 21 52 34 31 38 56 55 34 47 38 8 65 38 15 51 26 20 50 63 32 37 61 54 59 37 47 60 13 6 16 66 20 60 11 39 47 19 56 22 33 33 44 52 49 28 81 57 67 58 42 30 21 29 29 30 28 45 48 11 37 64 33 50 58 13 8 24 27 30 26 54 27 22 59 33 68 46 30 61 51 
18 18 18 86 18 38 61 67 85 78 91 25 79 37 64 59 11 76 58 82 34 63 57 8 55 82 77 78 91 77 78 71 55 108 38 74 85 62 19 73 21 31 85 63 66 58 0 24 93 97 5 70 57 78 71 50 37 88 26 71 102 83 64 34 93 61 71 73 61 18 47 56 15 113 58 71 80 76 49 75 38 109 53 51 59 89 69 3 60 62 101 68 90 61 89 32 91 15 59 34 85 96 72 81 17 31 67 73 49 45 37 83 18 58 30 60 56 12 92 44 53 67 34 28 36 44 62 76 8 75 78 40 75 7 93 
40 40 40 90 40 42 48 67 64 66 73 7 59 13 40 65 13 53 34 63 43 39 32 33 49 70 58 55 73 65 55 51 32 89 34 61 60 38 28 48 34 44 61 67 58 48 24 0 74 79 20 45 62 68 58 51 12 72 24 49 81 60 68 9 77 48 47 76 45 6 50 39 34 94 62 74 55 52 25 77 13 89 50 44 43 64 53 23 46 39 84 51 67 43 75 38 72 9 35 37 61 74 47 57 15 18 50 72 29 25 20 62 6 45 11 36 61 12 69 37 47 48 21 22 22 20 43 70 32 75 53 15 74 32 72 
112 112 112 86 112 72 36 66 12 30 8 69 15 67 42 79 84 30 66 10 80 45 60 101 53 30 16 27 2 29 28 23 43 14 62 30 55 62 80 61 85 86 40 74 46 45 93 74 0 7 88 46 78 35 31 66 69 15 69 27 11 30 76 67 15 37 57 76 33 79 71 37 91 20 76 76 44 38 68 74 65 16 58 50 35 41 25 94 35 37 13 27 25 32 22 76 2 82 49 71 67 18 58 38 76 62 26 64 45 49 56 16 78 37 64 65 77 82 26 55 53 26 59 66 57 66 31 49 97 68 55 62 64 99 11 
116 116 116 82 116 73 37 64 19 27 6 74 22 73 49 78 87 38 73 16 81 52 67 104 53 27 21 34 7 27 35 28 49 12 64 29 63 69 83 69 87 87 47 72 45 45 97 79 7 0 91 53 77 32 31 66 75 12 72 33 16 38 74 73 10 38 64 73 36 84 71 40 93 18 74 74 51 45 75 71 70 16 57 51 38 49 28 98 37 44 5 29 33 36 17 77 9 86 55 72 74 25 66 46 79 65 29 61 50 54 60 24 82 39 68 72 76 86 34 57 53 30 63 69 61 73 36 46 100 65 63 68 61 102 19 
24 24 24 83 24 34 56 63 79 73 85 20 74 33 59 56 6 71 54 77 32 58 53 13 50 76 71 73 86 72 72 65 50 102 33 68 81 58 15 69 19 29 80 60 61 53 5 20 88 91 0 65 54 73 66 46 33 83 21 65 96 78 61 29 87 55 67 70 55 14 44 50 15 108 55 68 75 71 45 71 33 103 48 46 53 84 63 7 55 56 95 62 85 55 84 28 86 12 55 30 81 90 68 76 11 25 62 69 43 39 31 78 13 53 25 56 53 8 87 39 48 61 28 23 30 40 57 72 12 72 73 35 72 12 87 
86 86 86 107 86 70 47 83 34 59 50 45 32 33 8 88 59 15 21 38 76 8 17 79 62 61 35 19 46 57 17 29 19 58 59 55 18 16 67 16 73 80 15 87 64 55 70 45 46 53 65 0 86 63 53 72 34 54 57 21 47 18 89 36 57 49 11 93 40 52 75 35 76 62 85 92 10 8 27 93 32 55 66 56 39 19 41 69 44 16 59 41 26 33 60 71 43 55 10 66 25 35 13 12 56 46 38 84 29 31 40 29 52 44 41 20 85 57 27 55 61 34 45 53 44 28 29 74 77 88 12 30 85 78 37 
71 71 71 29 71 20 43 15 77 49 71 56 72 70 78 2 57 82 89 71 22 78 84 59 25 51 67 81 75 49 81 66 67 89 29 47 104 90 38 98 35 27 95 7 31 34 57 62 78 77 54 86 0 45 46 14 72 65 38 72 89 88 7 66 68 42 95 17 49 61 12 52 42 94 2 14 94 86 82 18 68 93 21 31 49 99 54 60 46 70 77 54 91 56 61 25 77 61 78 25 111 91 96 91 48 46 56 22 58 56 49 79 58 45 54 90 1 57 93 31 26 59 45 40 45 77 60 34 53 21 99 68 24 56 85 
97 97 97 51 97 46 19 32 39 5 27 61 36 67 56 46 72 52 76 32 54 58 70 84 25 5 30 49 33 6 50 34 49 44 40 8 79 75 61 79 63 61 65 40 14 20 78 68 35 32 73 63 45 0 10 37 69 20 52 42 47 56 42 65 23 19 74 41 25 71 41 32 71 49 43 41 66 59 75 39 64 49 29 26 27 68 21 80 22 48 32 22 55 31 15 52 35 72 60 47 89 52 76 62 62 50 25 29 44 46 47 43 68 23 56 76 44 71 57 34 26 29 47 50 45 70 35 13 79 33 76 63 29 82 45 
90 90 90 57 90 42 10 35 32 7 25 52 28 57 46 47 63 42 66 25 51 47 60 78 22 11 22 40 29 6 41 25 39 43 34 2 69 64 55 69 58 57 56 42 15 14 71 58 31 31 66 53 46 10 0 35 59 19 45 33 43 48 45 55 23 10 64 45 14 62 40 22 65 49 44 45 57 49 64 44 54 47 26 21 16 60 12 73 12 37 32 12 48 21 18 47 31 64 49 42 79 46 66 53 54 41 15 34 33 36 38 35 59 13 47 66 45 62 49 27 22 19 38 42 36 60 24 21 73 38 66 52 34 75 39 
66 66 66 39 66 11 31 17 64 39 60 44 59 57 64 16 47 68 75 58 18 64 70 53 13 42 54 67 64 39 68 53 53 79 16 37 90 76 30 84 29 24 81 16 22 21 50 51 66 66 46 72 14 37 35 0 59 54 26 58 78 75 18 54 58 29 81 25 36 50 4 38 38 84 12 23 80 72 69 26 55 82 8 17 36 85 42 53 32 56 68 41 78 42 52 18 65 51 64 15 97 78 82 77 38 33 43 23 43 42 36 66 47 31 42 76 12 47 80 17 13 45 31 28 31 63 46 29 48 25 85 55 25 50 72 
52 52 52 98 52 52 49 74 58 67 70 16 54 1 31 74 26 44 21 58 54 29 20 45 55 70 53 47 68 65 46 46 25 84 42 62 48 25 40 35 46 55 50 75 62 52 37 12 69 75 33 34 72 69 59 59 0 70 34 42 75 50 77 5 74 50 34 84 44 18 59 37 46 88 71 82 44 42 12 84 4 83 56 49 42 53 51 35 47 32 80 50 58 40 74 49 67 21 24 46 48 66 35 46 27 25 48 79 26 23 23 55 19 45 17 23 70 25 60 43 53 45 27 31 27 7 39 74 45 82 40 6 80 45 65 
107 107 107 71 107 62 27 52 22 15 7 67 22 68 48 66 80 39 71 16 70 50 65 95 41 15 18 36 13 15 38 25 46 24 53 17 66 68 73 70 76 76 51 60 33 34 88 72 15 12 83 54 65 20 19 54 70 0 62 33 26 42 62 67 4 28 65 61 27 77 59 33 84 29 62 62 54 47 72 59 65 28 46 40 29 54 19 90 28 41 13 20 39 29 7 67 16 79 54 61 77 33 67 49 71 57 22 49 44 47 52 27 75 29 61 71 64 78 40 46 42 24 54 60 52 69 31 34 91 53 65 63 49 93 26 
45 45 45 66 45 17 35 44 62 52 66 18 57 33 50 40 21 59 54 59 20 49 50 33 28 55 53 59 67 51 59 49 39 84 12 47 75 56 11 66 16 22 70 42 39 31 26 24 69 72 21 57 38 52 45 26 34 62 0 51 79 66 44 29 67 34 63 52 36 23 26 33 21 89 38 50 66 60 46 53 32 85 27 25 34 74 44 29 34 44 75 43 71 37 63 14 67 24 47 12 78 75 64 66 11 11 43 49 30 26 17 62 21 33 18 55 37 21 73 17 26 43 12 4 13 40 40 50 28 52 68 32 51 30 71 
89 89 89 89 89 59 29 65 15 38 29 45 11 41 16 74 60 9 39 17 67 18 33 79 46 40 14 9 26 36 9 8 16 41 48 34 36 35 62 37 67 72 24 71 45 38 71 49 27 33 65 21 72 42 33 58 42 33 51 0 32 16 73 41 36 30 32 76 22 55 62 20 72 46 70 75 24 16 41 75 38 40 50 41 22 27 21 71 26 10 39 21 20 16 39 62 24 58 21 56 46 25 34 20 54 41 18 66 21 25 34 12 54 27 40 38 71 59 22 42 45 14 39 47 37 39 11 54 76 70 33 36 67 77 22 
120 120 120 98 120 83 47 78 17 42 19 77 22 73 45 91 92 32 68 20 91 48 63 110 65 41 25 28 14 41 29 30 49 11 73 42 52 63 90 61 95 97 37 86 58 56 102 81 11 16 96 47 89 47 43 78 75 26 79 32 0 29 88 74 26 48 57 88 44 87 82 46 101 14 87 88 42 38 72 86 71 8 69 61 45 38 36 102 46 42 20 37 22 41 33 87 12 89 52 81 64 13 58 37 85 71 36 76 53 57 65 19 85 48 72 67 89 90 22 66 64 35 68 76 66 71 39 61 106 80 54 68 76 108 9 
101 101 101 105 101 76 45 82 19 51 37 58 20 49 19 90 72 7 40 26 83 21 35 92 63 53 26 7 31 50 7 23 28 41 64 48 24 35 77 31 82 87 9 87 61 55 83 60 30 38 78 18 88 56 48 75 50 42 66 16 29 0 90 51 44 47 27 92 39 66 78 36 87 44 87 92 13 9 45 91 47 37 67 57 39 12 36 83 43 21 44 36 8 32 49 78 28 69 26 73 36 17 29 7 68 55 34 82 36 39 49 14 66 43 53 38 87 71 9 59 62 30 54 62 52 45 28 69 90 86 25 45 82 91 20 
78 78 78 22 78 27 44 10 76 46 69 62 72 76 81 6 64 83 93 70 30 81 88 66 26 47 66 82 74 47 83 67 70 86 34 46 107 94 45 102 43 34 97 2 29 34 64 68 76 74 61 89 7 42 45 18 77 62 44 73 88 90 0 72 65 42 98 9 50 67 18 54 50 92 6 6 96 88 87 11 73 91 23 32 51 101 54 68 46 73 74 54 91 57 58 32 76 68 81 32 114 91 99 93 55 52 56 15 61 60 54 79 65 46 60 94 8 64 93 34 28 59 50 46 49 81 62 30 61 14 102 73 17 63 84 
50 50 50 93 50 46 45 69 57 63 67 11 52 4 31 69 23 44 25 57 49 29 23 42 50 66 51 47 66 62 46 44 24 82 37 58 51 29 35 39 42 51 51 70 58 47 34 9 67 73 29 36 66 65 55 54 5 67 29 41 74 51 72 0 72 46 37 79 41 15 54 34 42 87 66 77 46 42 17 79 3 82 51 44 39 55 48 33 43 31 78 47 58 37 71 44 65 18 25 41 52 65 38 48 23 20 45 74 23 19 19 54 16 42 11 27 65 21 60 38 48 43 22 26 22 11 36 70 41 77 43 6 75 42 64 
112 112 112 72 112 66 32 55 25 18 7 71 25 73 52 69 84 42 75 19 74 54 69 100 45 17 22 39 14 18 41 29 50 21 58 21 69 72 78 73 81 81 54 63 36 38 93 77 15 10 87 57 68 23 23 58 74 4 67 36 26 44 65 72 0 32 69 63 32 81 63 38 88 26 65 64 57 50 76 61 70 26 50 44 34 56 24 94 32 45 9 25 40 34 7 71 17 84 58 66 80 34 70 51 76 62 26 51 49 52 57 30 79 34 66 75 67 83 42 51 46 29 59 64 57 73 35 36 96 55 68 67 51 97 27 
79 79 79 58 79 34 1 34 34 18 32 41 29 48 41 44 53 40 59 29 43 42 53 67 16 21 24 39 35 17 40 24 32 51 25 13 66 58 45 63 48 49 54 40 15 8 61 48 37 38 55 49 42 19 10 29 50 28 34 30 48 47 42 46 32 0 59 45 8 51 33 14 55 56 40 44 54 46 56 44 45 53 21 12 9 58 12 62 4 32 41 11 48 15 28 39 36 53 43 33 74 49 60 51 44 31 13 35 25 26 28 37 49 4 37 59 41 52 50 18 16 16 28 32 26 51 20 25 63 39 61 43 36 65 43 
86 86 86 117 86 77 58 92 45 70 61 48 43 34 18 97 60 26 15 49 83 17 14 80 72 73 47 30 57 68 28 40 27 68 66 66 13 10 71 4 78 85 21 96 74 65 71 47 57 64 67 11 95 74 64 81 34 65 63 32 57 27 98 37 69 59 0 103 51 53 83 45 79 72 94 102 15 19 24 102 33 65 75 65 49 23 52 70 55 26 70 52 35 44 72 77 54 56 16 73 16 45 1 20 60 51 49 94 37 38 46 40 54 55 45 13 94 59 36 63 70 45 51 59 51 27 39 84 79 98 6 32 96 79 48 
88 88 88 14 88 35 47 10 78 46 68 69 73 83 85 15 72 86 99 71 39 86 94 75 31 46 68 85 74 46 86 69 75 85 41 46 111 100 54 107 52 44 100 10 31 38 73 76 76 73 70 93 17 41 45 25 84 61 52 76 88 92 9 79 63 45 103 0 54 76 26 58 59 90 15 2 100 92 94 2 80 90 28 37 54 104 56 77 50 77 73 56 93 61 56 41 76 76 86 40 119 92 104 96 63 59 58 12 66 66 61 81 73 49 67 100 17 72 95 41 32 62 57 54 56 88 65 27 70 8 106 80 12 72 85 
79 79 79 67 79 39 7 43 28 22 30 39 23 43 32 51 52 32 51 23 47 34 45 68 24 25 18 31 31 20 32 16 24 48 29 17 57 50 47 55 51 53 46 48 23 15 61 45 33 36 55 40 49 25 14 36 44 27 36 22 44 39 50 41 32 8 51 54 0 49 40 7 57 53 48 53 46 38 49 52 40 49 28 19 2 50 8 62 4 24 40 7 41 7 30 43 32 51 35 37 66 42 52 42 43 29 7 44 18 21 25 30 47 4 34 51 48 50 43 22 23 9 27 33 24 45 11 33 64 48 53 38 45 66 37 
34 34 34 90 34 40 51 67 69 69 78 10 64 19 46 63 7 59 39 68 41 45 38 27 50 73 63 61 78 68 61 56 38 94 35 65 66 44 24 54 30 40 67 66 60 51 18 6 79 84 14 52 61 71 62 50 18 77 23 55 87 66 67 15 81 51 53 76 49 0 49 43 29 99 61 73 62 58 30 76 19 94 50 46 47 71 57 17 50 45 88 56 73 47 79 36 77 3 41 35 67 79 53 63 12 20 55 73 34 30 24 68 2 48 15 42 60 6 75 39 49 53 23 22 25 25 48 72 26 76 59 21 75 26 77 
63 63 63 40 63 9 35 19 68 44 65 44 63 58 67 14 46 71 77 62 14 67 72 50 17 47 58 71 68 44 71 56 56 83 17 42 93 78 28 86 26 20 85 16 27 26 47 50 71 71 44 75 12 41 40 4 59 59 26 62 82 78 18 54 63 33 83 26 40 49 0 42 34 89 11 24 83 75 70 27 56 87 13 21 40 89 46 50 36 59 72 45 81 45 56 15 70 49 66 14 99 82 84 80 37 34 47 26 46 44 37 70 47 35 42 78 11 46 83 19 17 49 32 28 33 64 50 33 45 28 87 56 28 47 77 
75 75 75 72 75 39 13 47 29 29 34 33 24 35 27 54 47 29 44 26 47 28 38 64 27 32 21 29 35 28 29 16 18 52 28 24 52 43 44 49 49 52 43 52 29 20 56 39 37 40 50 35 52 32 22 38 37 33 33 20 46 36 54 34 38 14 45 58 7 43 42 0 54 57 51 57 41 34 42 57 33 53 31 21 5 47 14 57 10 18 45 12 40 4 36 42 35 45 29 37 60 43 46 39 39 25 11 49 11 14 19 30 41 9 28 45 51 45 42 22 26 10 22 29 20 38 8 40 60 53 48 31 50 62 38 
28 28 28 72 28 26 56 54 84 72 87 31 79 46 69 44 21 79 68 81 20 68 65 16 45 75 75 80 89 71 80 70 59 105 30 68 92 71 10 82 8 16 90 49 57 50 15 34 91 93 15 76 42 71 65 38 46 84 21 72 101 87 50 42 88 55 79 59 57 29 34 54 0 111 44 57 86 80 59 61 46 107 43 44 56 94 65 19 56 65 97 64 92 59 83 19 89 27 65 23 94 97 80 86 19 31 65 61 50 47 37 84 27 54 34 70 42 22 94 37 44 65 33 25 35 53 62 66 10 62 85 47 63 13 93 
132 132 132 98 132 91 55 82 30 45 24 89 35 87 60 95 104 46 83 31 99 62 77 121 71 44 36 43 22 45 44 43 62 5 82 47 67 78 100 76 104 105 51 90 63 63 113 94 20 18 108 62 94 49 49 84 88 29 89 46 14 44 92 87 26 56 72 90 53 99 89 57 111 0 92 91 57 53 86 88 84 6 75 69 55 52 45 114 55 56 17 46 36 52 34 95 22 102 66 90 79 27 73 51 96 82 46 78 65 69 76 33 98 56 84 81 94 102 36 75 71 46 79 86 77 85 51 63 117 82 68 82 78 119 24 
72 72 72 28 72 20 41 13 75 46 69 56 70 70 77 3 57 80 88 68 23 77 83 60 23 48 65 79 73 47 80 64 66 87 28 45 103 89 39 97 36 28 94 5 29 32 58 62 76 74 55 85 2 43 44 12 71 62 38 70 87 87 6 66 65 40 94 15 48 61 11 51 44 92 0 13 92 85 82 17 68 91 19 29 48 98 52 61 44 69 75 52 89 54 58 26 75 61 77 25 110 89 95 90 49 46 54 19 56 55 49 77 58 43 54 89 2 57 91 30 24 57 44 40 44 76 59 32 54 19 97 67 21 57 83 
85 85 85 16 85 33 46 10 77 46 68 67 73 81 84 12 70 85 98 71 36 85 92 73 30 47 68 84 74 46 85 69 74 86 39 46 110 98 52 106 49 41 99 7 30 37 71 74 76 74 68 92 14 41 45 23 82 62 50 75 88 92 6 77 64 44 102 2 53 73 24 57 57 91 13 0 99 91 92 4 78 90 26 36 53 103 56 74 49 76 73 55 93 60 57 39 76 74 85 38 117 92 103 95 61 57 58 12 65 64 59 80 71 48 65 99 14 70 95 39 31 61 55 51 54 86 64 28 67 10 105 78 13 70 85 
96 96 96 113 96 79 53 89 32 62 49 55 32 43 16 96 69 15 29 38 85 17 26 89 69 64 36 17 44 60 16 32 27 54 67 58 12 24 76 18 82 89 6 93 69 61 80 55 44 51 75 10 94 66 57 80 44 54 66 24 42 13 96 46 57 54 15 100 46 62 83 41 86 57 92 99 0 7 36 99 42 50 73 63 45 9 45 79 50 23 57 45 20 39 61 79 41 65 20 75 23 30 16 5 66 55 42 90 37 40 49 27 62 50 51 27 93 67 21 63 68 38 54 62 53 38 34 78 87 94 11 40 91 88 33 
93 93 93 105 93 72 45 81 26 54 43 50 25 40 11 88 65 7 30 31 79 13 25 84 61 56 29 11 38 53 9 24 21 49 60 51 19 25 71 23 77 83 9 86 62 54 76 52 38 45 71 8 86 59 49 72 42 47 60 16 38 9 88 42 50 46 19 92 38 58 75 34 80 53 85 91 7 0 35 91 39 47 65 55 37 13 37 75 42 16 51 37 17 31 54 73 35 61 17 68 30 26 20 5 61 49 34 82 30 33 43 21 58 42 46 28 85 63 18 56 60 30 48 56 47 36 26 70 82 86 17 36 83 83 29 
62 62 62 108 62 63 55 84 56 71 70 29 53 12 26 85 38 40 9 58 66 24 10 57 64 75 54 43 68 70 42 46 26 82 53 66 37 14 52 24 59 68 42 85 70 59 49 25 68 75 45 27 82 75 64 69 12 72 46 41 72 45 87 17 76 56 24 94 49 30 70 42 59 86 82 92 36 35 0 94 14 80 66 57 47 45 54 47 52 31 80 54 53 44 77 61 66 33 20 58 36 62 24 40 40 36 51 88 31 29 33 53 32 51 28 11 81 37 54 53 62 48 37 43 37 5 41 81 57 91 30 14 89 57 62 
89 89 89 14 89 36 45 10 76 44 66 70 72 83 85 17 73 85 99 69 40 85 94 77 30 44 66 83 72 44 84 68 75 83 42 44 110 99 56 106 53 45 99 11 29 37 75 77 74 71 71 93 18 39 44 26 84 59 53 75 86 91 11 79 61 44 102 2 52 76 27 57 61 88 17 4 99 91 94 0 80 88 28 37 53 103 55 78 48 76 70 54 92 59 54 42 74 77 86 41 118 90 104 95 64 59 57 9 66 65 61 79 74 48 67 100 19 73 94 41 32 61 57 54 56 88 64 25 72 6 105 80 10 74 83 
54 54 54 95 54 49 44 70 54 62 65 15 49 2 27 71 27 41 22 54 52 25 19 46 51 65 49 43 63 61 43 41 21 79 39 57 47 25 38 35 45 54 47 71 58 47 38 13 65 70 33 32 68 64 54 55 4 65 32 38 71 47 73 3 70 45 33 80 40 19 56 33 46 84 68 78 42 39 14 80 0 79 52 44 38 51 46 37 42 28 75 45 55 35 69 46 62 22 22 44 48 62 34 44 26 21 43 74 21 18 19 51 20 41 14 23 67 25 56 39 49 41 23 28 23 8 34 70 45 78 39 2 76 46 61 
128 128 128 99 128 88 52 81 24 44 22 85 29 81 54 94 99 40 77 26 97 56 71 117 69 43 32 37 18 43 38 38 57 6 78 45 60 72 97 69 101 102 45 89 61 60 109 89 16 16 103 55 93 49 47 82 83 28 85 40 8 37 91 82 26 53 65 90 49 94 87 53 107 6 91 90 50 47 80 88 79 0 73 66 51 45 42 110 51 51 18 43 30 48 33 92 17 97 60 87 72 20 67 45 92 78 42 78 60 64 72 27 93 53 79 75 92 97 30 71 69 42 75 82 73 79 46 62 113 81 62 76 77 115 18 
70 70 70 42 70 17 22 18 55 31 51 43 51 55 58 23 49 60 71 50 25 58 65 58 4 34 45 59 55 31 60 44 47 70 15 28 84 71 34 79 35 32 74 20 14 13 53 50 58 57 48 66 21 29 26 8 56 46 27 50 69 67 23 51 50 21 75 28 28 50 13 31 43 75 19 26 73 65 66 28 52 73 0 9 28 78 33 56 24 49 59 32 69 34 43 23 57 51 58 19 91 70 76 70 39 31 34 22 38 37 32 58 48 23 40 72 20 48 71 12 5 37 29 28 28 60 39 23 52 25 78 51 24 55 64 
70 70 70 51 70 21 14 27 47 27 45 37 42 47 48 33 45 51 62 41 30 48 56 57 6 30 37 50 48 27 50 35 38 63 13 23 74 62 34 69 36 36 64 30 14 6 51 44 50 51 46 56 31 26 21 17 49 40 25 41 61 57 32 44 44 12 65 37 19 46 21 21 44 69 29 36 63 55 57 37 44 66 9 0 18 68 25 54 15 40 53 24 60 25 39 26 49 47 49 21 81 61 67 60 36 25 25 30 28 28 25 49 43 14 33 63 30 45 62 7 4 28 22 24 21 52 29 26 53 34 69 43 31 55 55 
78 78 78 68 78 39 8 43 29 24 31 37 23 41 31 51 50 32 50 25 47 32 43 66 24 27 19 31 33 22 32 16 23 49 28 19 56 48 45 54 50 52 46 48 24 16 59 43 35 38 53 39 49 27 16 36 42 29 34 22 45 39 51 39 34 9 49 54 2 47 40 5 56 55 48 53 45 37 47 53 38 51 28 18 0 50 10 60 5 23 41 8 41 6 32 42 33 49 34 36 65 43 51 42 41 28 8 45 16 19 23 30 45 5 32 50 48 49 43 21 23 9 25 31 23 43 10 35 62 49 52 36 46 64 38 
105 105 105 117 105 85 57 93 31 63 48 64 32 52 24 101 78 17 38 38 92 25 35 97 74 65 38 19 42 62 18 34 35 49 73 60 15 32 84 26 90 96 3 98 73 66 89 64 41 49 84 19 99 68 60 85 53 54 74 27 38 12 101 55 56 58 23 104 50 71 89 47 94 52 98 103 9 13 45 103 51 45 78 68 50 0 48 88 54 30 55 48 16 43 61 86 39 74 29 82 26 25 24 8 74 63 45 94 44 47 57 26 71 55 59 36 98 76 15 69 73 42 62 70 60 47 39 81 96 98 18 49 94 96 30 
88 88 88 68 88 46 11 45 22 17 21 47 17 49 34 56 60 30 55 16 55 36 49 76 29 20 12 28 23 16 29 13 28 39 36 13 57 53 55 57 59 60 44 52 25 20 69 53 25 28 63 41 54 21 12 42 51 19 44 21 36 36 54 48 24 12 52 56 8 57 46 14 65 45 52 56 45 37 54 55 46 42 33 25 10 48 0 70 9 26 31 1 37 10 22 50 24 59 38 45 67 36 54 41 52 38 3 45 25 28 33 24 55 11 41 55 53 59 39 29 28 7 35 41 33 51 13 33 72 49 54 44 46 74 30 
17 17 17 90 17 41 63 70 85 80 92 25 80 36 64 62 10 76 56 83 38 62 55 10 57 84 78 78 92 79 78 71 55 109 40 76 84 61 22 71 25 35 84 67 68 60 3 23 94 98 7 69 60 80 73 53 35 90 29 71 102 83 68 33 94 62 70 77 62 17 50 57 19 114 61 74 79 75 47 78 37 110 56 54 60 88 70 0 62 62 102 69 90 62 91 35 92 14 59 37 83 96 70 81 18 32 68 76 49 45 37 84 17 60 30 58 59 12 92 46 55 67 35 30 37 42 63 79 11 78 76 39 79 10 93 
79 79 79 63 79 36 3 39 31 20 31 40 26 45 36 47 52 36 55 26 45 37 49 67 20 23 21 35 33 18 36 20 28 49 26 15 61 54 45 59 49 50 50 44 19 11 60 46 35 37 55 44 46 22 12 32 47 28 34 26 46 43 46 43 32 4 55 50 4 50 36 10 56 55 44 49 50 42 52 48 42 51 24 15 5 54 9 62 0 28 40 8 45 11 29 40 34 52 39 35 70 45 56 46 43 30 10 40 21 23 25 33 47 1 35 55 45 51 47 19 19 12 27 32 25 48 15 30 63 44 57 40 41 65 40 
79 79 79 91 79 55 31 66 26 44 39 36 22 30 8 72 51 14 30 27 62 9 23 70 46 46 23 16 37 42 15 16 6 52 44 39 34 27 55 31 61 66 26 70 48 39 62 39 37 44 56 16 70 48 37 56 32 41 44 10 42 21 73 31 45 32 26 77 24 45 59 18 65 56 69 76 23 16 31 76 28 51 49 40 23 30 26 62 28 0 49 25 28 17 47 56 35 48 12 52 42 34 28 21 46 33 23 68 14 17 27 23 44 28 31 29 69 49 30 39 45 19 32 40 30 28 13 58 68 72 29 25 69 69 33 
120 120 120 81 120 75 40 64 25 28 10 78 27 78 55 78 92 44 79 21 84 57 73 108 55 26 26 40 13 28 41 34 55 12 66 30 69 75 86 75 90 90 53 72 46 47 101 84 13 5 95 59 77 32 32 68 80 13 75 39 20 44 74 78 9 41 70 73 40 88 72 45 97 17 75 73 57 51 80 70 75 18 59 53 41 55 31 102 40 49 0 33 38 41 16 80 15 91 61 75 80 31 72 51 83 69 33 61 55 58 64 30 86 42 73 78 76 90 39 59 55 35 67 73 65 78 41 45 104 64 69 73 60 106 24 
86 86 86 68 86 45 10 45 23 18 23 46 18 48 34 55 59 31 55 17 54 35 48 75 28 21 13 29 24 16 30 13 28 41 35 13 57 53 54 57 58 59 45 51 25 19 68 51 27 29 62 41 54 22 12 41 50 20 43 21 37 36 54 47 25 11 52 56 7 56 45 12 64 46 52 55 45 37 54 54 45 43 32 24 8 48 1 69 8 25 33 0 37 9 23 49 25 58 38 44 67 37 54 41 50 36 2 45 24 27 31 25 54 10 40 54 53 57 39 28 27 6 34 40 31 50 13 33 71 49 53 43 46 73 31 
108 108 108 105 108 80 47 83 16 50 32 65 19 57 27 93 79 13 48 23 87 29 43 99 65 51 25 12 26 49 12 24 34 33 68 48 30 43 82 39 88 92 15 89 62 56 90 67 25 33 85 26 91 55 48 78 58 39 71 20 22 8 91 58 40 48 35 93 41 73 81 40 92 36 89 93 20 17 53 92 55 30 69 60 41 16 37 90 45 28 38 37 0 35 46 82 23 76 34 77 42 9 37 15 74 61 35 82 41 45 55 12 72 46 60 46 90 78 2 62 64 32 59 67 57 53 31 68 96 86 32 52 83 97 14 
79 79 79 74 79 44 14 50 24 27 30 37 19 38 25 58 51 26 45 21 52 27 39 69 30 30 16 25 30 26 25 11 18 47 32 23 50 43 49 48 53 57 39 55 30 22 61 43 32 36 55 33 56 31 21 42 40 29 37 16 41 32 57 37 34 15 44 61 7 47 45 4 59 52 54 60 39 31 44 59 35 48 34 25 6 43 10 62 11 17 41 9 35 0 33 46 30 50 28 41 59 38 45 35 43 29 7 51 14 17 24 25 46 11 32 45 55 50 37 26 29 5 27 34 25 40 4 40 65 55 46 33 52 66 33 
108 108 108 65 108 60 28 47 29 12 14 69 28 72 54 62 81 46 77 23 69 56 71 96 39 10 24 43 20 12 44 31 51 29 53 15 73 74 73 76 76 75 58 56 30 33 89 75 22 17 84 60 61 15 18 52 74 7 63 39 33 49 58 71 7 28 72 56 30 79 56 36 83 34 58 57 61 54 77 54 69 33 43 39 32 61 22 91 29 47 16 23 46 33 0 66 23 81 59 61 84 41 73 56 72 59 25 44 48 51 55 34 77 30 64 76 60 80 47 46 40 29 56 61 54 73 35 28 91 48 71 67 44 93 33 
47 47 47 55 47 6 40 35 71 54 71 32 66 48 63 27 31 70 68 67 5 62 64 35 26 56 61 70 74 53 71 58 52 90 14 50 88 70 13 80 11 10 82 31 38 33 32 38 76 77 28 71 25 52 47 18 49 67 14 62 87 78 32 44 71 39 77 41 43 36 15 42 19 95 26 39 79 73 61 42 46 92 23 26 42 86 50 35 40 56 80 49 82 46 66 0 75 35 61 5 93 85 78 78 23 25 50 41 42 39 30 72 33 39 32 70 24 31 84 20 25 51 25 18 26 55 50 47 30 43 82 47 44 32 80 
110 110 110 86 110 71 35 66 9 30 9 67 13 65 40 78 81 28 63 8 79 42 57 99 52 30 14 24 3 29 26 20 41 17 61 30 53 59 79 59 83 85 37 73 46 44 91 72 2 9 86 43 77 35 31 65 67 16 67 24 12 28 76 65 17 36 54 76 32 77 70 35 89 22 75 76 41 35 66 74 62 17 57 49 33 39 24 92 34 35 15 25 23 30 23 75 0 80 46 69 65 17 56 36 74 60 24 64 43 47 54 14 75 35 62 62 76 80 24 54 52 24 57 64 55 64 29 49 95 68 53 60 64 97 10 
31 31 31 90 31 40 53 68 72 71 80 12 67 21 49 63 5 62 42 71 40 48 41 24 52 75 65 64 80 70 64 59 41 97 36 66 69 47 23 57 29 39 70 66 62 52 15 9 82 86 12 55 61 72 64 51 21 79 24 58 89 69 68 18 84 53 56 76 51 3 49 45 27 102 61 74 65 61 33 77 22 97 51 47 49 74 59 14 52 48 91 58 76 50 81 35 80 0 44 35 69 82 56 66 12 22 57 73 36 33 26 70 4 50 17 44 60 4 78 40 50 56 25 23 27 28 50 73 23 76 62 24 75 23 80 
76 76 76 100 76 61 42 76 37 56 51 34 33 23 6 80 48 20 17 39 67 4 11 68 55 59 35 23 48 54 22 28 11 62 49 51 27 15 56 20 63 70 25 79 58 49 59 35 49 55 55 10 78 60 49 64 24 54 47 21 52 26 81 25 58 43 16 86 35 41 66 29 65 66 77 85 20 17 20 86 22 60 58 49 34 29 38 59 39 12 61 38 34 28 59 61 46 44 0 57 32 42 18 22 45 35 35 78 20 21 30 33 41 39 31 17 77 47 35 47 54 31 35 43 34 19 25 69 66 82 21 19 79 67 42 
51 51 51 54 51 5 34 33 66 48 66 30 60 45 58 28 32 65 65 61 10 58 61 38 22 51 56 65 69 48 66 53 47 84 8 45 84 67 15 76 15 15 78 30 33 28 34 37 71 72 30 66 25 47 42 15 46 61 12 56 81 73 32 41 66 33 73 40 37 35 14 37 23 90 25 38 75 68 58 41 44 87 19 21 36 82 45 37 35 52 75 44 77 41 61 5 69 35 57 0 89 80 74 74 23 22 45 39 37 35 26 67 33 33 30 67 24 32 79 15 20 46 21 15 22 52 45 43 33 41 78 44 41 35 75 
98 98 98 133 98 93 73 108 55 84 73 63 55 48 33 113 74 38 27 61 98 32 28 93 87 86 59 41 67 82 39 54 43 76 82 80 12 22 86 12 93 101 27 112 90 81 85 61 67 74 81 25 111 89 79 97 48 77 78 46 64 36 114 52 80 74 16 119 66 67 99 60 94 79 110 117 23 30 36 118 48 72 91 81 65 26 67 83 70 42 80 67 42 59 84 93 65 69 32 89 0 51 14 28 74 67 64 110 53 54 62 50 68 70 61 25 110 73 42 79 86 60 67 74 67 41 54 99 93 114 13 47 111 93 56 
114 114 114 103 114 82 47 81 14 47 27 70 19 64 35 93 85 21 57 20 90 37 52 104 65 47 24 18 20 46 19 26 41 24 71 45 39 52 86 48 91 95 24 88 61 57 96 74 18 25 90 35 91 52 46 78 66 33 75 25 13 17 91 65 34 49 45 92 42 79 82 43 97 27 89 92 30 26 62 90 62 20 70 61 43 25 36 96 45 34 31 37 9 38 41 85 17 82 42 80 51 0 46 24 79 66 35 80 46 50 59 12 79 47 65 55 90 84 9 64 65 33 64 71 62 61 35 66 101 84 41 59 80 102 7 
86 86 86 118 86 79 59 94 46 72 63 49 45 34 20 98 61 28 15 51 84 18 14 80 73 74 48 31 59 70 30 42 29 70 67 68 13 9 72 2 79 86 22 97 76 67 72 47 58 66 68 13 96 76 66 82 35 67 64 34 58 29 99 38 70 60 1 104 52 53 84 46 80 73 95 103 16 20 24 104 34 67 76 67 51 24 54 70 56 28 72 54 37 45 73 78 56 56 18 74 14 46 0 22 60 52 51 96 38 39 47 41 54 56 46 13 95 59 37 65 72 47 53 60 52 28 41 86 80 100 6 33 97 80 49 
98 98 98 109 98 77 49 85 26 57 44 56 27 45 16 93 70 10 33 32 84 18 29 90 66 59 32 12 38 56 11 27 27 48 65 54 17 28 76 24 82 88 4 90 66 58 81 57 38 46 76 12 91 62 53 77 46 49 66 20 37 7 93 48 51 51 20 96 42 63 80 39 86 51 90 95 5 5 40 95 44 45 70 60 42 8 41 81 46 21 51 41 15 35 56 78 36 66 22 74 28 24 22 0 66 55 38 86 36 39 48 21 63 47 52 32 90 68 15 61 65 34 54 62 52 41 31 74 88 90 17 42 87 89 28 
36 36 36 77 36 28 44 55 68 62 73 11 62 27 50 51 9 61 48 65 28 48 46 25 40 65 60 62 74 61 62 54 40 91 23 57 72 52 12 62 19 28 70 53 50 42 17 15 76 79 11 56 48 62 54 38 27 71 11 54 85 68 55 23 76 44 60 63 43 12 37 39 19 96 49 61 66 61 40 64 26 92 39 36 41 74 52 18 43 46 83 50 74 43 72 23 74 12 45 23 74 79 60 66 0 14 50 61 32 28 20 67 9 41 14 50 47 9 76 28 38 49 16 12 18 34 45 62 22 64 65 27 63 23 76 
50 50 50 73 50 27 31 49 54 49 59 11 48 23 38 49 22 48 43 51 31 37 39 39 31 52 45 49 60 48 49 40 27 77 17 44 63 45 21 54 27 34 59 50 40 30 31 18 62 65 25 46 46 50 41 33 25 57 11 41 71 55 52 20 62 31 51 59 29 20 34 25 31 82 46 57 55 49 36 59 21 78 31 25 28 63 38 32 30 33 69 36 61 29 59 25 60 22 35 22 67 66 52 55 14 0 36 54 19 15 6 53 18 28 8 44 45 21 63 19 29 35 3 7 4 30 31 52 35 57 56 21 56 37 62 
86 86 86 71 86 47 12 48 21 20 23 45 16 46 31 57 58 28 52 16 55 33 46 75 30 23 11 26 24 19 27 10 25 40 36 16 54 50 54 54 58 60 42 53 27 21 67 50 26 29 62 38 56 25 15 43 48 22 43 18 36 34 56 45 26 13 49 58 7 55 47 11 65 46 54 58 42 34 51 57 43 42 34 25 8 45 3 68 10 23 33 2 35 7 25 50 24 57 35 45 64 35 51 38 50 36 0 48 22 25 31 23 53 11 39 52 55 57 37 29 29 4 33 40 31 48 10 36 71 52 51 41 48 73 29 
89 89 89 23 89 35 37 6 66 34 56 65 62 77 76 21 71 76 92 59 41 77 86 77 23 34 57 74 62 35 75 59 67 73 37 34 102 92 54 99 53 46 90 14 20 29 73 72 64 61 69 84 22 29 34 23 79 49 49 66 76 82 15 74 51 35 94 12 44 73 26 49 61 78 19 12 90 82 88 9 74 78 22 30 45 94 45 76 40 68 61 45 82 51 44 41 64 73 78 39 110 80 96 86 61 54 48 0 58 58 55 70 70 40 62 93 21 70 84 35 25 52 51 50 51 82 55 15 71 4 97 73 2 74 73 
67 67 67 80 67 41 24 55 35 41 44 24 30 24 21 60 39 28 34 34 48 20 28 57 35 44 29 29 43 39 29 22 10 60 30 36 47 33 40 41 46 52 40 58 39 29 49 29 45 50 43 29 58 44 33 43 26 44 30 21 53 36 61 23 49 25 37 66 18 34 46 11 50 65 56 65 37 30 31 66 21 60 38 28 16 44 25 49 21 14 55 24 41 14 48 42 43 36 20 37 53 46 38 36 32 19 22 58 0 3 13 34 32 20 19 34 56 37 43 26 33 19 18 26 16 26 13 51 54 62 41 19 60 55 44 
63 63 63 80 63 39 26 55 39 43 48 20 34 21 23 59 35 32 33 38 45 23 28 53 35 47 32 33 47 42 33 26 12 64 28 38 49 34 37 42 43 49 43 58 40 30 45 25 49 54 39 31 56 46 36 42 23 47 26 25 57 39 60 19 52 26 38 66 21 30 44 14 47 69 55 64 40 33 29 65 18 64 37 28 19 47 28 45 23 17 58 27 45 17 51 39 47 33 21 35 54 50 39 39 28 15 25 58 3 0 9 38 28 22 15 34 55 33 47 25 33 23 14 22 13 24 17 52 50 62 42 16 60 52 48 
55 55 55 75 55 31 27 51 48 46 54 14 42 22 32 52 27 41 39 45 36 32 34 45 31 49 40 43 54 44 42 34 21 71 20 41 57 40 27 49 33 39 53 52 39 28 37 20 56 60 31 40 49 47 38 36 23 52 17 34 65 49 54 19 57 28 46 61 25 24 37 19 37 76 49 59 49 43 33 61 19 72 32 25 23 57 33 37 25 27 64 31 55 24 55 30 54 26 30 26 62 59 47 48 20 6 31 55 13 9 0 47 22 24 9 40 48 26 56 20 29 30 5 13 4 27 25 51 41 58 51 18 56 43 56 
102 102 102 93 102 69 35 70 5 38 22 58 7 53 26 81 73 13 49 11 77 29 44 92 53 39 12 10 17 36 11 13 29 29 58 35 39 45 73 44 79 82 24 77 50 45 83 62 16 24 78 29 79 43 35 66 55 27 62 12 19 14 79 54 30 37 40 81 30 68 70 30 84 33 77 80 27 21 53 79 51 27 58 49 30 26 24 84 33 23 30 25 12 25 34 72 14 70 33 67 50 12 41 21 67 53 23 70 34 38 47 0 67 34 53 48 78 71 14 52 53 20 51 58 49 51 22 56 89 74 38 48 70 90 9 
35 35 35 87 35 38 49 64 68 67 76 8 63 19 46 61 7 59 41 67 38 45 39 26 48 71 61 61 76 66 60 55 38 93 32 62 67 45 22 55 28 38 67 63 58 48 18 6 78 82 13 52 58 68 59 47 19 75 21 54 85 66 65 16 79 49 54 73 47 2 47 41 27 98 58 71 62 58 32 74 20 93 48 43 45 71 55 17 47 44 86 54 72 46 77 33 75 4 41 33 68 79 54 63 9 18 53 70 32 28 22 67 0 46 13 43 57 5 74 36 46 51 21 19 23 26 46 69 25 73 60 22 72 25 76 
77 77 77 62 77 35 3 38 32 21 32 38 27 44 36 47 50 37 54 27 43 37 48 66 19 25 22 36 35 20 36 21 28 51 25 16 62 53 44 59 47 49 51 43 19 11 58 45 37 39 53 44 45 23 13 31 45 29 33 27 48 43 46 42 34 4 55 49 4 48 35 9 54 56 43 48 50 42 51 48 41 53 23 14 5 55 11 60 1 28 42 10 46 11 30 39 35 50 39 33 70 47 56 47 41 28 11 40 20 22 24 34 46 0 33 54 44 49 48 18 18 13 25 30 23 47 16 30 61 44 57 39 41 63 41 
48 48 48 81 48 35 37 57 55 55 62 5 49 15 35 57 19 46 35 53 38 34 32 38 39 58 47 48 62 53 47 41 25 79 25 50 58 38 25 48 32 40 56 58 47 37 30 11 64 68 25 41 54 56 47 42 17 61 18 40 72 53 60 11 66 37 45 67 34 15 42 28 34 84 54 65 51 46 28 67 14 79 40 33 32 59 41 30 35 31 73 40 60 32 64 32 62 17 31 30 61 65 46 52 14 8 39 62 19 15 9 53 13 33 0 37 53 18 61 27 37 38 10 14 11 22 32 59 36 65 51 14 64 37 63 
73 73 73 114 73 71 58 90 53 73 68 39 50 23 22 92 49 35 2 56 75 20 6 68 69 76 52 38 64 71 37 45 27 78 61 68 26 3 62 13 69 77 34 92 74 64 60 36 65 72 56 20 90 76 66 76 23 71 55 38 67 38 94 27 75 59 13 100 51 42 78 45 70 81 89 99 27 28 11 100 23 75 72 63 50 36 55 58 55 29 78 54 46 45 76 70 62 44 17 67 25 55 13 32 50 44 52 93 34 34 40 48 43 54 37 0 89 48 47 59 67 48 45 51 45 16 41 85 68 97 19 23 94 68 57 
70 70 70 30 70 19 42 15 76 48 70 55 71 69 77 3 56 81 88 70 21 77 83 58 24 50 66 80 74 48 80 65 66 88 28 47 103 89 37 97 34 26 94 8 30 33 56 61 77 76 53 85 1 44 45 12 70 64 37 71 89 87 8 65 67 41 94 17 48 60 11 51 42 94 2 14 93 85 81 19 67 92 20 30 48 98 53 59 45 69 76 53 90 55 60 24 76 60 77 24 110 90 95 90 47 45 55 21 56 55 48 78 57 44 53 89 0 56 92 30 25 57 44 39 44 75 59 34 53 21 98 67 24 55 84 
30 30 30 86 30 37 52 64 73 70 80 13 68 25 52 59 1 64 46 71 36 50 44 21 49 73 66 66 80 69 65 59 43 97 33 65 72 50 19 60 25 35 72 62 59 50 12 12 82 86 8 57 57 71 62 47 25 78 21 59 90 71 64 21 83 52 59 72 50 6 46 45 22 102 57 70 67 63 37 73 25 97 48 45 49 76 59 12 51 49 90 57 78 50 80 31 80 4 47 32 73 84 59 68 9 21 57 70 37 33 26 71 5 49 18 48 56 0 79 37 47 56 24 20 26 32 51 71 20 73 65 27 72 20 81 
109 109 109 107 109 82 49 85 18 52 34 66 21 58 29 95 81 15 49 25 89 31 44 100 67 53 27 13 27 50 14 26 36 34 70 50 30 44 84 40 90 94 15 91 64 58 92 69 26 34 87 27 93 57 49 80 60 40 73 22 22 9 93 60 42 50 36 95 43 75 83 42 94 36 91 95 21 18 54 94 56 30 71 62 43 15 39 92 47 30 39 39 2 37 47 84 24 78 35 79 42 9 37 15 76 63 37 84 43 47 56 14 74 48 61 47 92 79 0 64 66 34 61 69 59 55 34 70 98 88 32 54 84 99 14 
62 62 62 55 62 17 19 31 50 34 50 30 45 42 47 33 38 52 58 46 25 47 53 50 11 37 41 51 53 34 52 38 36 69 7 30 73 59 27 67 30 31 65 32 21 13 44 37 55 57 39 55 31 34 27 17 43 46 17 42 66 59 34 38 51 18 63 41 22 39 19 22 37 75 30 39 63 56 53 41 39 71 12 7 21 69 29 46 19 39 59 28 62 26 46 20 54 40 47 15 79 64 65 61 28 19 29 35 26 25 20 52 36 18 27 59 30 37 64 0 10 31 16 16 15 47 30 33 45 38 67 38 37 47 59 
71 71 71 46 71 20 17 22 51 28 47 40 46 51 53 28 48 55 67 45 28 53 61 58 1 31 41 54 51 28 55 39 43 66 14 25 79 67 35 74 36 34 69 25 12 8 53 47 53 53 48 61 26 26 22 13 53 42 26 45 64 62 28 48 46 16 70 32 23 49 17 26 44 71 24 31 68 60 62 32 49 69 5 4 23 73 28 55 19 45 55 27 64 29 40 25 52 50 54 20 86 65 72 65 38 29 29 25 33 33 29 53 46 18 37 67 25 47 66 10 0 32 26 26 25 56 34 23 53 29 74 48 27 55 59 
85 85 85 75 85 48 15 51 19 25 24 43 14 43 27 60 57 24 48 15 56 29 42 74 33 27 10 22 24 23 23 7 22 41 37 20 50 46 54 50 59 62 38 57 31 24 67 48 26 30 61 34 59 29 19 45 45 24 43 14 35 30 59 43 29 16 45 62 9 53 49 10 65 46 57 61 38 30 48 61 41 42 37 28 9 42 7 67 12 19 35 6 32 5 29 51 24 56 31 46 60 33 47 34 49 35 4 52 19 23 30 20 51 13 38 48 57 56 34 31 32 0 33 40 31 44 6 40 71 56 47 38 52 72 28 
52 52 52 71 52 26 28 47 51 46 57 14 46 26 38 47 25 47 44 49 31 37 39 41 28 49 43 47 57 45 47 38 27 74 15 41 63 46 22 55 28 34 58 48 37 27 34 21 59 63 28 45 45 47 38 31 27 54 12 39 68 54 50 22 59 28 51 57 27 23 32 22 33 79 44 55 54 48 37 57 23 75 29 22 25 62 35 35 27 32 67 34 59 27 56 25 57 25 35 21 67 64 53 54 16 3 33 51 18 14 5 51 21 25 10 45 44 24 61 16 26 33 0 7 2 31 29 49 38 55 56 23 53 39 60 
47 47 47 68 47 20 33 45 59 50 63 15 53 30 46 42 21 54 50 56 23 45 46 35 28 53 50 55 64 49 55 45 35 81 12 45 71 52 14 62 20 26 66 44 38 30 28 22 66 69 23 53 40 50 42 28 31 60 4 47 76 62 46 26 64 32 59 54 33 22 28 29 25 86 40 51 62 56 43 54 28 82 28 24 31 70 41 30 32 40 73 40 67 34 61 18 64 23 43 15 74 71 60 62 12 7 40 50 26 22 13 58 19 30 14 51 39 20 69 16 26 40 7 0 9 37 36 50 31 53 64 28 52 33 67 
55 55 55 71 55 26 26 46 49 44 54 15 44 26 36 47 27 45 44 46 32 36 39 43 27 48 41 46 55 43 46 35 25 72 15 39 62 45 24 54 30 35 56 47 36 26 36 22 57 61 30 44 45 45 36 31 27 52 13 37 66 52 49 22 57 26 51 56 24 25 33 20 35 77 44 54 53 47 37 56 23 73 28 21 23 60 33 37 25 30 65 31 57 25 54 26 55 27 34 22 67 62 52 52 18 4 31 51 16 13 4 49 23 23 11 45 44 26 59 15 25 31 2 9 0 31 27 47 40 54 55 23 53 41 58 
58 58 58 103 58 57 50 78 55 67 68 23 51 7 26 79 33 40 14 56 60 23 13 52 58 71 51 43 66 66 42 44 23 81 47 62 41 18 46 28 53 62 44 79 65 54 44 20 66 73 40 28 77 70 60 63 7 69 40 39 71 45 81 11 73 51 27 88 45 25 64 38 53 85 76 86 38 36 5 88 8 79 60 52 43 47 51 42 48 28 78 50 53 40 73 55 64 28 19 52 41 61 28 41 34 30 48 82 26 24 27 51 26 47 22 16 75 32 55 47 56 44 31 37 31 0 38 76 52 86 34 8 84 52 61 
81 81 81 78 81 48 18 54 22 31 30 38 17 37 21 62 52 21 42 20 55 22 35 70 35 34 15 20 29 29 21 8 15 46 36 26 46 40 51 44 56 60 35 59 35 27 62 43 31 36 57 29 60 35 24 46 39 31 40 11 39 28 62 36 35 20 39 65 11 48 50 8 62 51 59 64 34 26 41 64 34 46 39 29 10 39 13 63 15 13 41 13 31 4 35 50 29 50 25 45 54 35 41 31 45 31 10 55 13 17 25 22 46 16 32 41 59 51 34 30 34 6 29 36 27 38 0 45 67 60 41 32 56 68 31 
94 94 94 37 94 40 26 19 52 18 41 63 49 72 66 34 72 64 85 45 48 67 79 81 22 19 43 61 47 20 63 46 58 57 38 20 90 84 58 89 58 54 78 28 11 22 76 70 49 46 72 74 34 13 21 29 74 34 50 54 61 69 30 70 36 25 84 27 33 72 33 40 66 63 32 28 78 70 81 25 70 62 23 26 35 81 33 79 30 58 45 33 68 40 28 47 49 73 69 43 99 66 86 74 62 52 36 15 51 52 51 56 69 30 59 85 34 71 70 33 23 40 49 50 47 76 45 0 76 19 86 68 15 78 59 
17 17 17 82 17 36 64 65 89 80 94 32 84 45 71 55 18 82 66 87 31 70 65 5 55 83 81 84 95 79 84 76 61 112 39 76 93 70 18 81 18 26 92 60 66 59 8 32 97 100 12 77 53 79 73 48 45 91 28 76 106 90 61 41 96 63 79 70 64 26 45 60 10 117 54 67 87 82 57 72 45 113 52 53 62 96 72 11 63 68 104 71 96 65 91 30 95 23 66 33 93 101 80 88 22 35 71 71 54 50 41 89 25 61 36 68 53 20 98 45 53 71 38 31 40 52 67 76 0 73 85 47 74 2 98 
91 91 91 18 91 37 41 8 70 37 60 68 66 81 80 21 73 80 96 63 42 81 90 78 27 38 61 78 66 38 79 63 71 77 40 38 106 96 56 103 54 47 94 14 24 33 75 75 68 65 72 88 21 33 38 25 82 53 52 70 80 86 14 77 55 39 98 8 48 76 28 53 62 82 19 10 94 86 91 6 78 81 25 34 49 98 49 78 44 72 64 49 86 55 48 43 68 76 82 41 114 84 100 90 64 57 52 4 62 62 58 74 73 44 65 97 21 73 88 38 29 56 55 53 54 86 60 19 73 0 101 77 4 75 77 
92 92 92 120 92 82 60 95 43 71 60 54 43 40 20 101 67 25 22 49 88 20 20 86 75 73 47 28 55 69 27 41 31 66 70 67 7 16 77 8 83 91 17 99 77 68 78 53 55 63 73 12 99 76 66 85 40 65 68 33 54 25 102 43 68 61 6 106 53 59 87 48 85 68 97 105 11 17 30 105 39 62 78 69 52 18 54 76 57 29 69 53 32 46 71 82 53 62 21 78 13 41 6 17 65 56 51 97 41 42 51 38 60 57 51 19 98 65 32 67 74 47 56 64 55 34 41 86 85 101 0 38 98 86 45 
56 56 56 94 56 49 43 69 51 60 63 16 47 5 25 70 29 38 21 52 52 23 18 48 49 63 46 41 61 59 40 39 19 77 39 55 45 24 39 34 46 54 45 71 56 46 40 15 62 68 35 30 68 63 52 55 6 63 32 36 68 45 73 6 67 43 32 80 38 21 56 31 47 82 67 78 40 36 14 80 2 76 51 43 36 49 44 39 40 25 73 43 52 33 67 47 60 24 19 44 47 59 33 42 27 21 41 73 19 16 18 48 22 39 14 23 67 27 54 38 48 38 23 28 23 8 32 68 47 77 38 0 75 47 58 
91 91 91 22 91 37 38 9 67 34 56 67 63 79 77 23 73 77 94 60 43 78 88 79 25 34 57 75 62 35 76 59 68 73 40 35 102 93 56 100 55 49 91 16 21 30 75 74 64 61 72 85 24 29 34 25 80 49 51 67 76 82 17 75 51 36 96 12 45 75 28 50 63 78 21 13 91 83 89 10 76 77 24 31 46 94 46 79 41 69 60 46 83 52 44 44 64 75 79 41 111 80 97 87 63 56 48 2 60 60 56 70 72 41 64 94 24 72 84 37 27 52 53 52 53 84 56 15 74 4 98 75 0 76 73 
15 15 15 85 15 39 65 67 91 82 96 32 85 45 72 58 18 83 66 88 33 70 65 3 57 85 83 85 97 81 85 77 62 113 41 78 93 70 20 81 20 29 92 63 68 61 7 32 99 102 12 78 56 82 75 50 45 93 30 77 108 91 63 42 97 65 79 72 66 26 47 62 13 119 57 70 88 83 57 74 46 115 55 55 64 96 74 10 65 69 106 73 97 66 93 32 97 23 67 35 93 102 80 89 23 37 73 74 55 52 43 90 25 63 37 68 55 20 99 47 55 72 39 33 41 52 68 78 2 75 86 47 76 0 99 
111 111 111 96 111 77 41 75 8 40 19 68 14 63 36 86 83 22 58 14 85 38 53 101 59 40 18 18 13 38 20 22 39 20 66 38 44 54 82 52 87 90 29 82 54 51 93 72 11 19 87 37 85 45 39 72 65 26 71 22 9 20 84 64 27 43 48 85 37 77 77 38 93 24 83 85 33 29 62 83 61 18 64 55 38 30 30 93 40 33 24 31 14 33 33 80 10 80 42 75 56 7 49 28 76 62 29 73 44 48 56 9 76 41 63 57 84 81 14 59 59 28 60 67 58 61 31 59 98 77 45 58 73 99 0 
