130 5002.05 0 1680 1 1680
85.8 57.49 2.94 68.68 5.76 24.4 81.49 84.47 36.46 65.05 13.61 41.4 71.23 50.85 73.1 62.09 39.1 75.04 94.51 58.45 71.81 13.74 57.15 36.16 47.75 49.15 86.14 73.27 19.9 71.86 20.89 16.65 86.29 18.55 74.45 71.22 60.64 30.39 20.59 23.85 1.29 12.77 8.95 13.95 60.58 91.66 37.66 31.32 6.76 45.93 67.91 16.15 19.36 96.61 58.29 91.17 70.17 31.12 2.56 37.71 39.3 85.81 40.39 27.31 5.53 86.14 28.51 84.0 23.51 1.35 70.74 39.68 20.47 75.4 68.2 53.15 37.36 57.11 63.58 3.33 84.48 57.37 87.12 51.25 94.84 62.76 1.74 13.61 8.34 31.1 58.75 75.44 87.26 91.75 60.8 40.56 47.44 54.44 93.37 1.44 5.5 64.42 30.71 16.41 72.92 9.47 70.47 35.5 97.13 61.14 7.15 28.48 49.86 4.22 69.82 57.99 6.99 17.18 97.42 5.22 68.3 64.4 70.66 29.61 5.28 24.71 27.51 78.93 82.08 15.58 
43.93 38.76 73.51 30.36 87.16 47.13 37.12 53.27 10.22 71.73 26.99 37.66 84.99 14.78 19.66 15.06 57.57 52.51 62.59 72.02 18.99 55.67 10.31 65.67 43.35 18.78 29.74 55.56 29.24 26.78 47.58 62.01 61.27 55.17 76.38 27.75 30.8 77.74 30.03 20.46 75.9 15.04 21.8 16.26 84.06 88.81 52.29 87.04 50.99 36.09 44.46 37.02 83.82 56.17 86.41 85.15 47.46 60.14 53.04 42.67 84.32 68.6 20.86 61.06 89.06 76.93 12.59 77.74 46.73 79.66 43.54 43.67 55.33 50.49 66.48 57.72 57.08 64.11 80.35 79.57 24.67 85.55 15.14 33.61 14.91 83.07 53.75 74.35 63.15 55.61 71.81 25.01 23.22 27.89 85.63 87.53 81.5 86.94 13.34 82.96 40.25 78.68 84.8 43.18 17.05 30.99 69.46 17.26 44.61 85.39 30.63 22.23 63.88 65.37 23.66 55.2 63.36 64.52 85.35 17.99 20.99 83.58 81.57 11.79 69.49 79.99 19.5 29.09 41.17 86.01 
8 6 1 7 1 3 8 8 4 6 2 4 7 5 7 6 4 7 9 6 7 2 6 4 5 5 8 7 2 7 2 2 8 2 7 7 6 3 2 3 1 2 1 2 6 9 4 3 1 5 7 2 2 9 6 9 7 3 1 4 4 8 4 3 1 8 3 8 3 1 7 4 2 7 7 5 4 6 6 1 8 6 8 5 9 6 1 2 1 3 6 7 8 9 6 4 5 5 9 1 1 6 3 2 7 1 7 4 9 6 1 3 5 1 7 6 1 2 9 1 7 6 7 3 1 3 3 8 8 2 
1 2 3 4 5 6 7 8 9 10 11 12 13 14 15 16 17 18 19 20 21 22 23 24 25 26 27 28 29 30 31 32 33 34 35 36 37 38 39 40 41 42 43 44 45 46 47 48 49 50 51 52 53 54 55 56 57 58 59 60 61 62 63 64 65 66 67 68 69 70 71 72 73 74 75 76 77 78 79 80 81 82 83 84 85 86 87 88 89 90 91 92 93 94 95 96 97 98 99 100 101 102 103 104 105 106 107 108 109 110 111 112 113 114 115 116 117 118 119 120 121 122 123 124 125 126 127 128 129 130 
1 1 1 2 1 1 1 1 1 1 2 1 2 3 2 1 1 2 1 1 2 2 1 1 3 3 1 2 2 2 2 2 1 2 2 2 1 1 2 1 1 2 1 2 1 1 1 1 1 3 2 2 2 1 1 1 2 1 1 1 1 1 1 1 1 1 1 1 1 1 2 1 2 2 2 3 1 1 1 1 1 1 1 3 1 1 1 2 1 1 1 2 1 1 1 1 3 3 1 1 1 1 1 2 2 1 2 1 1 1 1 1 3 1 2 1 1 2 1 1 2 1 2 1 1 1 1 1 1 2 
2 1 1 3 1 3 2 2 2 1 3 2 3 2 3 1 2 3 2 1 3 3 1 2 2 2 2 3 3 3 3 3 2 3 3 3 1 3 3 3 1 3 1 3 1 2 2 3 1 2 3 3 3 2 1 2 3 3 1 2 2 2 2 3 1 2 3 2 3 1 3 2 3 3 3 2 2 1 1 1 2 1 2 2 2 1 1 3 1 3 1 3 2 2 1 2 2 2 2 1 1 1 3 3 3 1 3 2 2 1 1 3 2 1 3 1 1 3 2 1 3 1 3 3 1 3 3 2 2 3 
8 8 3 3 6 5 1 10 3 5 1 3 8 7 3 7 5 10 10 10 4 9 7 10 4 7 9 1 3 3 3 4 4 2 5 1 9 7 1 9 9 3 8 3 5 1 9 6 9 9 10 1 7 2 1 10 4 4 2 5 5 10 6 1 8 6 9 6 4 9 1 3 8 4 2 3 7 7 2 4 1 9 8 6 6 9 7 10 6 6 1 3 2 2 5 5 2 1 6 3 9 2 5 1 9 5 1 4 5 10 6 2 2 5 9 2 1 7 6 3 6 2 10 9 8 7 5 10 8 5 
3948.1 3455.68 3781.68 3826.6 3670.02 4453.29 3878.68 4888.26 4122.48 4354.46 3574.45 3749.11 4678.31 4096.19 4060.96 4498.89 4389.26 3164.42 4697.82 3827.37 3552.57 4305.01 3610.55 3368.63 3738.29 3567.64 4264.17 3777.11 3913.23 4101.77 4118.47 3832.15 3805.99 3505.74 4335.76 4009.11 4447.85 4392.7 3629.85 4470.83 4445.39 3960.37 4093.08 4052.58 4378.94 3811.47 4319.4 3687.87 4343.3 4393.64 4010.4 3817.96 4459.15 3666.1 3400.99 4099.14 3641.65 4236.71 3652.59 4279.18 4384.3 4189.56 3503.87 3422.9 3421.15 3634.01 4436.08 3651.37 4295.79 4369.56 3788.42 3698.08 4244.35 4172.64 3563.85 4109.51 3860.48 4116.16 3655.14 4188.76 3698.24 4235.98 4957.73 3773.95 3647.95 4292.02 4453.38 4594.26 3524.58 3563.16 3816.07 4176.77 3654.54 3669.82 4384.77 4455.18 3660.75 3709.89 3612.5 4012.05 4348.09 3535.36 4456.57 3657.77 4408.77 4417.05 3339.02 3876.94 4426.89 4366.92 3485.29 3632.71 3576.99 4305.03 4394.09 3604.92 3943.37 3871.12 3642.92 3880.17 3589.52 3570.04 3499.43 4430.03 4920.41 4235.01 4405.42 3693.48 4509.91 4386.2 
0.89 0.92 0.1 0.09 0.42 0.43 0.67 0.86 0.13 0.61 0.85 0.11 0.9 0.19 0.08 0.18 0.47 0.91 0.9 0.87 0.56 0.19 0.21 0.78 0.61 0.23 0.25 0.89 0.1 0.15 0.15 0.54 0.61 0.13 0.55 0.87 0.2 0.18 0.89 0.2 0.26 0.09 0.89 0.15 0.47 0.73 0.19 0.37 0.24 0.2 0.74 0.65 0.23 0.29 0.91 0.9 0.57 0.75 0.36 0.54 0.56 0.93 0.7 0.82 0.92 0.61 0.26 0.31 0.56 0.24 0.76 0.11 0.89 0.67 0.26 0.13 0.22 0.18 0.38 0.72 0.66 0.2 0.92 0.77 0.48 0.22 0.21 0.79 0.56 0.56 0.9 0.08 0.3 0.14 0.43 0.61 0.23 0.91 0.62 0.08 0.23 0.37 0.54 0.87 0.19 0.51 0.92 0.67 0.57 0.87 0.39 0.24 0.16 0.55 0.21 0.2 0.89 0.2 0.77 0.12 0.33 0.32 0.95 0.23 0.89 0.19 0.59 0.75 0.91 0.53 
0.7 1.0 0.72 0.83 1.0 0.94 0.53 0.88 0.87 0.91 0.74 1.0 0.88 1.0 1.0 0.73 1.0 0.7 0.53 0.51 0.53 0.67 0.88 0.67 0.69 0.77 0.94 0.68 0.6 1.0 1.0 0.86 0.62 0.74 0.52 0.57 1.0 0.53 0.82 0.69 0.63 0.92 0.95 1.0 0.96 0.69 0.75 0.59 1.0 0.72 1.0 0.67 0.74 0.9 0.94 0.87 0.95 0.6 0.67 1.0 0.54 0.77 0.76 0.91 1.0 0.8 1.0 0.68 0.79 0.91 0.89 0.53 0.76 1.0 0.79 1.0 0.83 0.55 0.95 0.68 0.62 0.93 0.62 0.78 0.8 0.97 1.0 0.81 0.51 1.0 0.69 0.82 0.74 1.0 0.63 0.86 0.82 0.99 0.64 0.65 0.78 0.85 1.0 0.68 0.86 0.65 1.0 1.0 0.92 0.52 1.0 0.75 0.84 1.0 0.53 1.0 0.8 0.85 0.96 0.86 1.0 0.54 0.6 0.91 0.88 0.93 0.98 0.64 1.0 0.63 
1.0 0.65 0.63 0.98 0.65 0.57 0.76 0.67 1.0 0.63 0.88 0.99 1.0 0.8 1.0 0.82 1.0 0.78 0.85 0.93 0.57 0.65 0.69 0.96 0.94 0.72 0.66 0.78 0.92 0.76 1.0 0.77 0.63 0.61 0.84 0.91 0.82 0.52 0.98 0.9 0.71 0.93 0.96 0.61 0.58 0.68 0.62 1.0 0.61 0.89 0.81 0.89 0.68 0.75 0.72 0.53 0.64 0.71 0.71 0.96 1.0 0.76 0.68 1.0 0.67 0.96 0.59 0.58 1.0 0.96 0.58 0.75 0.93 0.73 0.51 0.99 0.95 0.69 0.83 0.98 0.71 0.67 0.76 0.96 0.77 0.57 0.91 0.97 0.96 0.67 0.97 0.82 0.84 0.8 1.0 0.67 0.5 0.61 0.57 0.6 0.87 0.75 1.0 0.82 0.56 1.0 0.89 0.97 0.5 1.0 0.65 0.51 0.78 1.0 0.61 0.6 0.7 0.66 1.0 0.57 1.0 0.72 0.61 0.62 0.77 0.6 1.0 0.95 1.0 0.86 
0.56 0.97 0.62 0.51 0.99 0.57 0.89 0.83 0.84 0.83 0.72 1.0 0.51 0.79 1.0 0.65 0.9 1.0 0.91 0.9 0.73 0.84 0.54 0.89 0.52 0.64 0.52 0.9 0.97 0.92 0.85 0.57 0.96 1.0 0.87 0.85 1.0 1.0 0.85 0.51 0.56 0.83 0.89 1.0 0.85 1.0 0.65 0.62 0.67 0.81 0.76 0.69 0.65 0.62 0.86 1.0 0.91 0.92 0.84 0.97 0.58 0.93 0.87 0.52 0.61 0.73 0.69 1.0 0.56 0.83 0.83 0.64 0.65 0.77 0.74 0.67 0.9 0.89 0.93 0.63 0.82 0.77 0.5 1.0 0.8 0.88 0.83 0.58 0.86 0.91 0.63 0.79 0.84 0.92 0.97 0.9 1.0 0.5 0.84 1.0 0.84 0.57 0.74 0.85 0.89 1.0 0.99 0.99 0.78 0.93 0.82 0.6 1.0 0.95 0.73 0.7 1.0 1.0 0.65 0.67 0.87 0.72 0.8 0.93 0.8 0.88 0.7 0.9 0.9 0.9 
1.0 0.96 0.98 0.66 0.7 0.57 0.67 0.97 1.0 0.88 1.0 0.96 1.0 0.56 1.0 0.85 0.51 0.66 0.67 0.93 0.9 0.58 0.92 1.0 1.0 1.0 0.99 0.55 0.52 1.0 0.54 0.5 0.77 0.76 1.0 0.7 0.51 0.72 0.51 0.96 0.78 1.0 0.94 0.88 1.0 0.96 0.85 1.0 0.62 0.82 1.0 0.55 0.76 1.0 0.99 1.0 0.97 0.57 1.0 0.81 1.0 0.57 0.75 0.85 0.94 0.85 0.85 0.82 0.92 0.6 0.88 0.98 0.68 0.8 0.61 0.83 0.73 0.86 0.97 0.71 0.86 0.53 0.65 0.67 0.6 0.95 0.85 0.97 0.98 0.79 0.68 0.81 1.0 0.5 0.94 0.94 0.91 0.86 0.63 0.9 0.72 0.79 0.76 0.5 0.7 1.0 0.9 0.89 1.0 0.5 0.97 1.0 1.0 0.88 0.73 0.89 0.77 0.59 0.61 1.0 0.94 0.85 1.0 0.84 0.86 1.0 0.58 0.54 1.0 0.57 
0.91 0.9 0.86 0.66 0.59 0.93 0.75 0.86 1.0 0.93 0.73 0.76 0.51 0.54 1.0 0.73 0.76 0.78 0.67 0.57 0.69 1.0 1.0 0.82 0.8 1.0 0.74 0.72 0.97 0.78 0.74 0.59 0.86 0.62 1.0 0.97 0.84 0.95 0.61 0.94 1.0 0.96 0.79 0.58 0.88 1.0 1.0 0.96 0.64 0.72 1.0 0.87 1.0 0.62 0.97 0.57 0.92 0.91 0.57 0.82 0.67 0.83 0.56 0.62 0.73 0.78 1.0 0.62 0.52 0.89 0.96 0.7 0.97 0.98 0.93 0.9 0.91 0.92 1.0 1.0 0.52 0.96 0.72 0.89 0.69 0.68 1.0 0.56 1.0 0.61 0.74 1.0 0.56 1.0 0.63 0.83 0.55 0.97 0.78 0.66 0.56 0.77 1.0 0.9 0.6 0.65 0.63 0.76 0.91 1.0 1.0 0.94 0.91 1.0 0.59 0.78 0.97 1.0 0.91 0.57 0.94 0.91 0.78 0.77 1.0 0.94 0.75 0.92 0.82 0.77 
0.36 0.54 0.24 0.18 0.26 0.16 0.18 0.41 0.73 0.39 0.34 0.72 0.23 0.19 1.0 0.24 0.35 0.28 0.18 0.23 0.14 0.21 0.3 0.47 0.27 0.35 0.24 0.19 0.27 0.54 0.34 0.11 0.25 0.21 0.38 0.3 0.35 0.19 0.21 0.28 0.19 0.69 0.6 0.31 0.42 0.45 0.26 0.35 0.16 0.3 0.61 0.2 0.25 0.26 0.56 0.26 0.49 0.21 0.23 0.62 0.21 0.26 0.19 0.25 0.28 0.37 0.35 0.2 0.21 0.39 0.36 0.17 0.3 0.44 0.17 0.5 0.47 0.27 0.71 0.3 0.16 0.24 0.11 0.45 0.2 0.31 0.64 0.25 0.41 0.29 0.21 0.43 0.29 0.37 0.36 0.4 0.21 0.25 0.15 0.23 0.23 0.22 0.56 0.21 0.18 0.42 0.5 0.65 0.33 0.24 0.52 0.21 0.59 0.83 0.1 0.29 0.41 0.33 0.34 0.18 0.76 0.22 0.23 0.34 0.46 0.46 0.3 0.27 0.74 0.21 
1413.48 1149.66 794.56 990.2 2323.46 966.24 1539.84 1284.36 837.48 620.14 1617.27 757.04 1078.86 731.83 778.96 642.22 721.82 1584.64 1425.85 1613.97 1083.73 1891.72 862.69 1782.11 1293.86 873.81 1833.71 1526.66 795.74 685.88 977.39 1070.5 1403.48 1588.51 744.25 1605.38 2025.73 612.79 1531.37 2010.68 2333.14 756.94 1242.18 1021.95 1127.56 1585.72 2335.99 2095.08 1945.87 2082.89 1801.91 1601.61 887.04 1968.47 1754.59 1844.21 1202.36 1090.73 1845.67 1013.87 807.15 2086.81 2475.62 1675.03 1330.51 2373.13 1792.73 2060.14 1261.18 2248.97 1700.09 859.95 1272.96 1143.89 1757.1 1117.65 1212.4 836.53 1741.76 1434.94 1490.74 2030.98 1154.05 3029.39 2196.7 1864.31 674.56 1606.9 2286.11 2231.36 1630.84 873.38 1761.37 1570.98 856.23 739.88 2002.91 1750.29 2753.49 928.23 1933.71 2136.78 816.85 1635.02 1452.75 979.96 1706.42 1448.61 863.38 1510.59 1937.44 1659.3 1829.77 1024.15 1879.03 1481.1 1759.19 864.96 2439.15 933.57 1936.67 1813.32 2388.48 1710.81 1265.02 702.98 1117.36 1657.22 1150.09 607.83 
524.18 709.37 204.94 192.99 613.33 162.48 344.6 507.25 546.07 254.35 591.57 560.4 211.49 121.66 778.96 160.49 278.35 461.65 303.54 517.84 150.49 399.51 252.46 866.61 360.21 278.52 463.71 294.18 179.63 374.88 325.19 105.87 297.35 410.4 288.53 514.37 693.43 145.38 339.63 626.48 449.33 485.76 768.39 321.14 511.57 681.82 568.63 822.38 333.65 628.22 994.42 196.52 243.06 494.14 926.43 470.52 571.48 213.7 421.39 614.37 195.92 616.08 458.68 356.89 367.87 1024.11 625.42 412.79 235.73 825.13 567.65 104.81 457.92 500.94 240.57 540.26 544.35 200.82 1281.26 438.84 288.74 413.89 119.05 1609.13 385.88 604.49 432.44 294.78 784.18 621.96 360.86 365.57 552.91 523.85 337.34 246.58 416.24 384.56 299.01 237.32 526.8 455.54 434.53 352.38 287.22 407.17 763.74 1004.93 293.92 305.27 1133.33 369.22 1043.34 837.05 202.76 413.73 719.24 271.26 809.35 154.97 1338.4 432.69 444.09 548.8 582.77 316.86 363.3 405.6 835.35 141.99 
6567.39 5248.28 3472.81 4450.98 11117.29 4331.19 7199.19 5921.8 3687.42 2600.68 7586.35 3285.2 4894.3 3159.17 3394.8 2711.08 3109.11 7423.18 6629.26 7569.87 4918.65 8958.62 3813.45 8410.54 5969.31 3869.06 8668.54 7133.3 3478.7 2929.39 4386.93 4852.48 6517.39 7442.53 3221.26 7526.91 9628.63 2563.97 7156.87 9553.4 11165.71 3284.72 5710.89 4609.75 5137.78 7428.59 11179.94 9975.4 9229.33 9914.45 8509.53 7508.03 3935.19 9342.34 8272.96 8721.05 5511.82 4953.65 8728.37 4569.35 3535.76 9934.06 11878.11 7875.14 6152.55 11365.63 8463.67 9800.68 5805.9 10744.84 8000.44 3799.76 5864.82 5219.45 8285.5 5088.25 5561.98 3682.63 8208.78 6674.68 6953.69 9654.92 5270.23 14646.96 10483.49 8821.55 2872.82 7534.48 10930.54 10656.79 7654.21 3866.91 8306.85 7354.9 3781.15 3199.4 9514.53 8251.46 13267.44 4141.17 9168.57 10183.89 3584.26 7675.08 6763.75 4399.82 8032.08 6743.04 3816.88 7052.93 9187.21 7796.49 8648.85 4620.74 8895.17 6905.52 8295.94 3824.78 11695.74 4167.85 9183.37 8566.62 11442.42 8054.04 5825.12 3014.9 5086.81 7786.1 5250.44 2539.14 
2120.91 3046.87 524.72 464.95 2566.64 312.42 1223.0 2036.24 2230.37 771.73 2457.85 2302.01 557.45 108.29 3394.8 302.46 891.73 1808.27 1017.72 2089.22 252.44 1497.56 762.31 3833.03 1301.03 892.58 1818.56 970.88 398.16 1374.4 1125.93 29.36 986.75 1552.0 942.63 2071.85 2967.17 226.91 1198.14 2632.41 1746.66 1928.81 3341.96 1105.7 2057.87 2909.11 2343.14 3611.92 1168.23 2641.1 4472.09 482.61 715.28 1970.69 4132.14 1852.6 2357.4 568.5 1606.93 2571.83 479.58 2580.42 1793.39 1284.44 1339.37 4620.53 2627.08 1563.97 678.65 3625.67 2338.26 24.05 1789.62 2004.7 702.87 2201.31 2221.73 504.08 5906.31 1694.22 943.7 1569.47 95.24 7545.65 1429.4 2522.43 1662.22 973.88 3420.88 2609.82 1304.32 1327.83 2264.55 2119.23 1186.71 732.89 1581.2 1422.82 995.03 686.6 2134.01 1777.71 1672.65 1261.89 936.09 1535.85 3318.69 4524.63 969.61 1026.37 5166.64 1346.1 4716.69 3685.24 513.8 1568.67 3096.18 856.3 3546.73 274.87 6191.99 1663.47 1720.44 2244.01 2413.84 1084.29 1316.5 1528.01 3676.77 209.97 
78.96 69.11 75.63 114.8 73.4 89.07 77.57 97.77 82.45 87.09 107.23 74.98 140.35 163.85 121.83 89.98 87.79 94.93 93.96 76.55 106.58 129.15 72.21 67.37 149.53 142.71 85.28 113.31 117.4 123.05 123.55 114.96 76.12 105.17 130.07 120.27 88.96 87.85 108.9 89.42 88.91 118.81 81.86 121.58 87.58 76.23 86.39 73.76 86.87 175.75 120.31 114.54 133.77 73.32 68.02 81.98 109.25 84.73 73.05 85.58 87.69 83.79 70.08 68.46 68.42 72.68 88.72 73.03 85.92 87.39 113.65 73.96 127.33 125.18 106.92 164.38 77.21 82.32 73.1 83.78 73.96 84.72 99.15 150.96 72.96 85.84 89.07 137.83 70.49 71.26 76.32 125.3 73.09 73.4 87.7 89.1 146.43 148.4 72.25 80.24 86.96 70.71 89.13 109.73 132.26 88.34 100.17 77.54 88.54 87.34 69.71 72.65 143.08 86.1 131.82 72.1 78.87 116.13 72.86 77.6 107.69 71.4 104.98 88.6 98.41 84.7 88.11 73.87 90.2 131.59 
78 69 75 153 73 89 77 97 82 87 142 74 187 245 162 89 87 126 93 76 142 172 72 67 224 214 85 151 156 164 164 153 76 140 173 160 88 87 145 89 88 158 81 162 87 76 86 73 86 263 160 152 178 73 68 81 145 84 73 85 87 83 70 68 68 72 88 73 85 87 151 73 169 166 142 246 77 82 73 83 73 84 99 226 72 85 89 183 70 71 76 167 73 73 87 89 219 222 72 80 86 70 89 146 176 88 133 77 88 87 69 72 214 86 175 72 78 154 72 77 143 71 139 88 98 84 88 73 90 175 
416 266 1590 1591 1650 1548 860 736 90 1651 1408 225 1160 1283 1549 646 70 239 177 699 1117 480 661 456 450 752 755 723 969 1117 1101 1072 1193 1432 623 331 232 847 937 1174 720 1410 452 1121 125 1230 1070 436 791 388 207 59 671 843 1665 380 174 498 946 510 1154 1570 103 808 720 966 1657 1372 771 1456 1003 720 831 984 121 208 1291 1564 686 147 592 196 258 1589 763 113 1307 488 1308 1025 805 247 935 1362 1498 594 1336 1192 447 561 1151 491 695 169 1440 1387 455 434 554 1205 970 61 1427 1664 189 889 720 800 856 737 1539 1322 944 815 1658 1126 1446 567 1016 1563 
1680 1071 1680 1680 1680 1680 1524 1447 1014 1680 1680 865 1680 1680 1680 884 663 1680 1455 1221 1680 1262 1655 1498 1208 1680 1680 1680 1373 1680 1339 1452 1668 1680 1680 758 754 1680 1680 1680 1680 1680 1680 1680 1308 1516 1680 1312 1680 1680 1680 227 1680 1680 1680 737 1405 1680 1680 1197 1680 1680 507 1377 1502 1228 1680 1680 1553 1680 1501 1478 1424 1482 525 1273 1680 1680 1137 551 972 1238 1678 1680 1096 729 1680 1270 1680 1680 1043 1171 1173 1680 1680 1680 1669 1680 1252 1680 1680 1320 1680 1211 1680 1680 835 1499 1680 1467 1680 370 1680 1680 735 1293 1006 1393 1661 1680 1680 1680 1608 1680 1680 1680 1680 1372 1680 1680 
2
0.0 0.0 
0.0 0.0 
0 0 96 69 73 75 87 53 89 99 37 96 30 55 110 52 75 63 69 91 113 92 74 57 58 74 64 52 91 91 35 76 51 64 105 58 106 76 68 83 36 31 75 19 23 21 103 127 64 92 51 58 81 40 86 111 104 124 84 67 53 56 93 109 45 66 89 115 31 114 52 79 83 59 58 90 95 78 68 85 102 79 88 103 88 61 96 104 53 75 63 63 92 79 90 95 105 96 94 102 94 82 40 101 90 46 74 32 98 39 106 105 31 36 81 65 73 80 63 66 129 18 71 105 107 31 69 83 33 84 91 87 
0 0 96 69 73 75 87 53 89 99 37 96 30 55 110 52 75 63 69 91 113 92 74 57 58 74 64 52 91 91 35 76 51 64 105 58 106 76 68 83 36 31 75 19 23 21 103 127 64 92 51 58 81 40 86 111 104 124 84 67 53 56 93 109 45 66 89 115 31 114 52 79 83 59 58 90 95 78 68 85 102 79 88 103 88 61 96 104 53 75 63 63 92 79 90 95 105 96 94 102 94 82 40 101 90 46 74 32 98 39 106 105 31 36 81 65 73 80 63 66 129 18 71 105 107 31 69 83 33 84 91 87 
96 96 0 28 87 21 90 61 8 9 59 34 74 44 43 45 27 37 48 13 20 39 28 73 44 54 38 44 14 17 67 22 65 71 17 68 34 21 28 64 66 66 90 78 79 76 47 45 48 69 79 40 17 69 77 16 50 41 16 57 83 48 61 24 50 60 92 33 65 33 62 91 15 46 66 12 28 35 50 35 42 89 19 50 28 36 30 45 84 78 79 55 38 21 20 17 48 62 53 53 31 92 80 40 68 69 29 77 29 56 11 48 79 61 41 84 25 30 81 71 43 84 28 45 40 64 84 70 63 16 4 81 
69 69 28 0 64 13 70 34 24 30 35 33 45 16 48 24 24 24 26 22 44 33 24 46 28 34 10 21 30 23 38 18 37 46 36 42 41 17 8 47 37 38 67 50 51 49 45 60 24 54 52 11 11 41 59 42 47 57 15 33 56 20 49 41 24 37 72 47 39 47 34 69 14 18 40 21 29 19 27 25 42 67 30 46 37 8 44 44 57 56 54 31 33 22 33 35 46 51 43 48 43 71 52 40 53 41 26 48 33 30 40 46 50 33 26 59 19 16 56 47 61 56 20 45 44 38 60 52 35 23 24 63 
73 73 87 64 0 78 13 34 86 84 71 62 47 52 69 75 88 83 39 75 92 55 87 20 83 34 54 71 94 72 47 83 31 17 84 24 71 82 71 27 46 57 2 59 52 58 58 90 40 31 22 56 71 38 19 95 56 88 72 31 20 46 37 83 64 27 15 83 66 81 33 6 74 47 25 76 65 52 38 54 61 6 95 55 102 62 108 60 19 10 11 33 55 87 98 99 59 40 45 53 108 9 33 61 29 33 89 43 67 64 98 59 43 57 47 8 83 58 10 16 95 55 83 62 68 67 4 22 59 88 85 17 
75 75 21 13 78 0 84 47 14 27 37 41 55 28 54 23 11 16 40 23 41 42 11 60 23 48 24 22 17 25 48 4 50 60 35 55 46 3 8 60 48 45 81 57 60 56 54 62 37 67 65 23 14 52 72 38 57 59 17 47 69 33 61 41 29 51 86 49 43 49 48 83 13 31 54 21 36 31 41 35 50 81 16 56 23 17 30 53 70 70 68 45 42 8 19 23 55 63 55 58 29 85 63 48 66 53 13 59 39 35 31 55 61 41 38 73 6 27 69 61 62 64 9 53 51 43 74 66 42 10 17 76 
87 87 90 70 13 84 0 44 90 85 82 61 60 61 65 85 95 91 44 77 92 54 94 32 92 37 60 80 98 74 59 89 42 27 84 34 69 88 78 26 59 69 12 72 65 71 54 85 47 25 36 64 75 51 14 95 52 85 75 37 34 54 33 82 74 33 1 81 77 78 44 8 78 55 35 78 65 55 43 56 58 7 100 51 108 70 114 57 33 15 24 40 55 93 103 104 55 34 42 48 114 6 46 59 25 45 97 56 67 75 100 55 56 68 49 21 90 61 23 25 91 69 91 58 65 79 17 20 71 93 89 9 
53 53 61 34 34 47 44 0 57 60 38 47 22 19 60 41 55 49 18 50 71 42 55 13 49 21 23 37 64 49 18 51 3 16 63 9 57 50 39 31 17 26 36 34 29 32 51 79 14 40 18 24 43 13 37 72 51 76 45 14 22 14 40 65 30 14 45 68 34 66 0 39 46 15 9 51 47 30 16 36 51 38 64 50 70 30 77 52 23 29 22 10 42 55 67 70 52 43 41 49 76 42 20 50 38 8 57 21 51 31 72 53 23 25 30 27 51 34 23 18 82 34 51 54 57 35 29 32 27 57 57 39 
89 89 8 24 86 14 90 57 0 16 52 38 68 40 48 37 19 29 47 16 28 41 20 70 36 53 34 37 8 20 62 14 61 69 24 65 39 13 21 65 61 59 89 72 74 70 51 52 46 70 76 35 15 65 77 24 54 48 15 55 80 44 63 31 44 59 92 40 58 40 58 90 12 42 63 14 32 35 48 36 46 88 12 54 22 30 25 49 81 77 77 53 41 13 15 13 52 64 55 56 26 92 76 44 69 65 21 72 34 50 17 52 74 55 41 82 17 29 78 69 50 78 20 49 45 57 82 71 56 8 4 82 
99 99 9 30 84 27 85 60 16 0 64 26 75 45 34 51 35 44 45 9 13 32 36 70 50 49 38 49 23 11 68 29 63 68 8 65 25 28 32 59 67 68 86 81 81 79 38 36 46 62 77 42 18 70 71 12 42 32 15 53 81 47 54 15 54 57 86 23 69 24 61 87 16 45 64 9 20 31 47 29 34 85 28 42 38 38 39 36 82 73 76 53 31 29 30 26 40 55 46 45 40 88 80 32 62 68 38 78 21 60 15 39 80 64 36 81 33 26 78 68 34 86 36 36 31 68 80 65 66 24 12 76 
37 37 59 35 71 37 82 38 52 64 0 67 28 27 82 15 37 26 47 57 78 65 36 50 20 55 35 15 53 58 25 39 40 55 71 48 76 38 31 67 25 16 74 24 29 23 77 96 42 76 50 27 46 33 75 75 79 92 50 50 54 32 74 76 11 51 84 83 8 82 38 77 47 33 47 56 64 50 46 57 75 76 50 78 50 27 58 77 55 68 59 45 65 41 52 58 79 77 72 78 56 80 43 73 74 38 37 34 68 7 69 79 35 14 55 63 35 49 60 57 96 32 33 78 79 7 66 70 12 46 55 78 
96 96 34 33 62 41 61 47 38 26 67 0 68 41 14 58 52 56 29 21 30 6 53 53 61 29 33 55 46 18 61 45 50 49 23 49 10 44 41 35 60 65 63 77 75 75 13 31 33 37 61 40 27 59 47 35 16 29 24 35 65 39 28 20 56 39 61 21 69 19 48 64 28 37 47 23 6 18 31 11 8 62 50 15 60 40 64 11 65 51 57 37 6 47 53 51 14 29 20 18 64 64 67 6 36 56 55 68 5 61 42 14 71 61 17 61 48 17 58 48 35 80 50 11 11 69 59 41 64 44 34 51 
30 30 74 45 47 55 60 22 68 75 28 68 0 29 81 39 59 49 39 66 88 63 58 28 46 44 37 36 72 66 6 58 21 35 80 28 78 57 47 53 7 12 50 11 6 10 73 99 34 62 24 33 57 10 57 87 74 96 60 37 28 28 62 83 27 36 62 88 20 86 22 54 59 30 29 66 67 50 38 57 73 53 70 73 74 38 82 74 29 47 36 33 63 61 73 78 75 66 64 72 80 57 15 72 60 16 60 5 70 23 85 75 7 15 51 39 56 52 36 37 102 12 55 76 78 22 43 54 15 65 69 59 
55 55 44 16 52 28 61 19 40 45 27 41 29 0 55 24 36 30 20 36 58 38 35 33 31 28 8 20 45 36 23 32 22 34 50 28 50 31 20 41 22 24 55 36 36 34 50 71 15 50 37 4 27 25 51 58 51 68 30 24 41 6 46 54 16 27 62 59 28 58 20 58 29 6 27 36 39 23 19 30 48 56 44 50 50 10 58 50 42 46 41 20 38 36 48 51 51 49 44 50 57 60 35 47 48 25 37 32 43 21 56 51 34 20 27 46 31 24 42 36 73 41 31 51 52 28 48 45 22 38 40 54 
110 110 43 48 69 54 65 60 48 34 82 14 81 55 0 73 65 70 42 32 32 18 65 64 75 40 47 69 57 29 75 58 62 59 28 60 9 57 55 41 74 80 70 91 88 89 10 20 46 39 72 55 40 73 51 38 13 19 37 47 75 53 31 21 71 50 65 16 84 14 61 70 41 51 58 34 18 32 43 25 8 68 61 13 71 55 73 8 76 58 66 49 18 60 63 60 10 30 24 16 74 69 79 9 40 68 67 82 15 76 47 10 84 75 30 69 61 32 67 57 26 94 64 6 3 84 67 46 78 56 45 55 
52 52 45 24 75 23 85 41 37 51 15 58 39 24 73 0 22 11 44 44 64 57 21 55 7 52 28 4 38 46 34 24 44 58 58 51 65 24 18 66 33 27 78 38 42 36 69 84 39 74 57 21 34 41 75 61 72 81 37 49 61 30 70 64 12 51 87 71 22 71 42 81 34 30 50 43 54 43 44 49 66 80 35 71 36 18 43 69 62 70 64 45 57 26 37 42 71 73 66 72 42 84 52 65 72 44 22 44 58 15 55 71 46 23 49 68 20 41 65 60 84 45 18 70 69 21 71 70 23 31 40 79 
75 75 27 24 88 11 95 55 19 35 37 52 59 36 65 22 0 11 50 32 47 54 1 69 18 59 34 23 16 35 54 7 59 70 43 65 56 8 16 72 53 49 91 60 64 59 65 71 48 79 73 31 25 59 83 43 68 67 27 58 78 42 72 50 32 61 96 58 45 59 56 93 23 41 63 30 47 42 51 47 61 91 12 67 14 25 22 64 79 80 78 55 54 5 14 20 67 75 66 69 21 95 70 59 77 61 2 64 49 37 34 66 66 44 49 82 5 38 79 71 70 67 4 64 61 44 84 77 45 11 23 87 
63 63 37 24 83 16 91 49 29 44 26 56 49 30 70 11 11 0 48 39 57 57 10 63 6 56 31 13 28 42 44 15 52 65 52 59 62 15 15 70 44 38 86 49 53 48 69 79 44 78 65 26 29 50 80 53 71 75 33 54 70 36 72 58 22 57 93 66 33 66 49 88 29 36 57 37 51 43 48 49 65 87 24 70 25 21 32 68 71 76 72 51 56 16 26 32 70 75 68 72 31 91 61 63 76 53 11 54 55 26 45 70 57 34 50 76 11 40 73 66 78 56 8 68 67 32 78 74 34 21 32 84 
69 69 48 26 39 40 44 18 47 45 47 29 39 20 42 44 50 48 0 36 55 24 50 25 50 8 16 40 54 34 34 44 20 22 47 20 40 43 34 21 33 40 42 50 46 48 34 61 5 30 33 22 31 30 32 57 34 58 32 8 36 14 26 48 36 12 46 50 46 49 18 43 34 13 18 36 30 14 1 19 33 41 56 33 64 26 70 34 37 30 31 8 24 48 59 60 35 29 25 33 70 45 37 32 28 26 52 39 33 40 59 35 41 36 12 35 45 19 32 22 64 52 46 36 39 46 35 26 39 48 46 36 
91 91 13 22 75 23 77 50 16 9 57 21 66 36 32 44 32 39 36 0 21 25 33 61 45 41 28 42 25 3 59 25 54 59 14 56 23 25 26 51 58 60 77 72 72 71 34 39 37 55 68 33 10 60 63 21 37 36 7 44 72 38 47 19 46 48 78 26 61 26 51 78 9 36 54 2 15 22 37 21 30 76 29 37 39 30 42 32 73 65 67 44 25 27 31 29 36 49 40 40 43 79 70 28 54 59 35 69 17 52 23 35 71 55 27 71 29 17 68 59 39 77 32 32 29 61 71 57 57 23 13 68 
113 113 20 44 92 41 92 71 28 13 78 30 88 58 32 64 47 57 55 21 0 37 49 81 64 58 50 63 33 22 81 42 75 77 8 76 24 41 46 65 80 82 94 94 94 92 40 26 57 67 88 55 32 82 78 6 43 22 28 63 92 60 59 10 68 67 92 16 82 18 72 94 30 57 74 22 26 41 57 37 35 92 39 43 48 52 47 37 93 81 86 63 36 42 40 34 40 59 50 46 49 95 91 34 67 80 50 90 25 74 18 40 93 77 44 90 46 37 87 77 22 99 49 36 30 82 89 71 79 36 24 82 
92 92 39 33 55 42 54 42 41 32 65 6 63 38 18 57 54 57 24 25 37 0 54 47 61 23 30 54 50 22 57 47 44 42 29 43 16 46 41 28 56 62 57 73 70 71 12 37 28 31 55 38 29 54 40 41 14 35 27 29 59 35 22 27 54 33 55 28 66 26 43 57 31 34 41 27 11 15 25 8 9 55 54 13 63 39 67 11 59 44 50 31 0 49 56 55 13 23 14 15 68 58 61 8 30 50 56 63 12 59 47 13 65 58 11 54 49 16 52 41 41 75 51 12 15 66 53 34 60 47 38 45 
74 74 28 24 87 11 94 55 20 36 36 53 58 35 65 21 1 10 50 33 49 54 0 68 17 58 34 22 17 36 52 7 58 69 44 64 57 8 16 71 52 47 90 59 62 57 66 72 47 79 72 31 25 58 83 44 68 68 28 57 77 41 72 51 31 61 96 59 43 60 55 92 24 40 62 31 47 42 51 47 61 91 13 68 15 25 23 64 78 80 77 54 54 7 16 21 67 75 67 70 22 95 69 60 77 60 2 63 50 36 36 67 65 43 49 81 5 38 78 71 71 66 4 65 62 42 83 77 44 12 24 87 
57 57 73 46 20 60 32 13 70 70 50 53 28 33 64 55 69 63 25 61 81 47 68 0 62 24 36 51 76 59 27 64 10 6 72 4 64 63 53 27 26 36 23 40 34 39 54 84 24 35 8 37 55 18 28 82 54 82 57 17 11 27 38 73 43 14 34 75 45 73 13 27 58 28 6 61 55 39 23 44 55 26 77 52 83 43 90 56 12 18 9 17 47 68 80 82 55 41 42 51 90 29 17 55 33 12 70 25 58 44 84 55 25 36 37 13 64 44 10 9 88 38 64 57 62 46 16 26 38 70 69 30 
58 58 44 28 83 23 92 49 36 50 20 61 46 31 75 7 18 6 50 45 64 61 17 62 0 59 34 11 34 48 41 22 52 65 58 59 68 22 20 72 41 34 86 44 49 43 73 85 46 80 64 28 35 48 82 60 76 82 39 56 69 37 76 64 19 58 94 72 28 72 49 89 35 37 58 44 57 47 50 53 70 87 30 75 30 24 37 72 70 77 71 52 61 23 32 38 75 78 71 76 36 91 59 68 79 52 17 51 60 22 52 75 53 31 54 76 18 44 73 67 85 52 15 73 72 27 78 76 31 28 39 86 
74 74 54 34 34 48 37 21 53 49 55 29 44 28 40 52 59 56 8 41 58 23 58 24 59 0 25 48 61 38 39 52 23 19 50 20 39 51 42 13 38 46 36 55 51 54 30 60 13 21 32 31 38 34 24 61 30 58 38 7 35 23 18 49 45 9 38 51 53 49 22 37 41 22 18 42 32 18 8 21 31 35 63 29 71 35 77 31 36 24 27 11 23 56 66 67 31 22 19 28 77 38 39 31 19 29 60 43 34 48 64 31 45 44 13 31 53 24 29 19 64 56 55 33 37 54 31 18 46 56 52 28 
64 64 38 10 54 24 60 23 34 38 35 33 37 8 47 28 34 31 16 28 50 30 34 36 34 25 0 24 40 28 31 29 27 36 42 31 42 28 17 38 30 33 56 45 44 43 42 63 13 46 41 7 20 32 49 50 44 60 22 23 46 10 41 45 23 27 62 51 36 49 24 58 22 8 29 28 30 15 17 22 40 57 41 43 48 10 55 42 47 46 44 20 30 33 44 46 44 44 38 44 54 60 42 39 44 31 36 40 34 28 49 44 42 28 20 48 29 15 45 37 65 49 30 43 44 36 49 43 31 34 34 53 
52 52 44 21 71 22 80 37 37 49 15 55 36 20 69 4 23 13 40 42 63 54 22 51 11 48 24 0 38 43 31 24 40 54 56 47 62 23 16 61 30 25 74 36 40 35 66 81 35 70 53 17 31 37 71 60 68 78 35 45 57 26 66 61 9 47 82 68 21 68 37 77 32 26 46 41 51 39 40 46 63 76 35 67 38 14 45 65 58 65 60 41 53 27 38 43 67 69 62 68 44 79 48 61 68 40 23 41 54 13 54 67 43 20 45 64 21 37 61 55 82 43 19 66 66 20 67 65 21 31 39 75 
91 91 14 30 94 17 98 64 8 23 53 46 72 45 57 38 16 28 54 25 33 50 17 76 34 61 40 38 0 28 66 14 67 76 31 72 48 15 25 73 65 62 96 74 77 73 60 59 53 79 82 40 23 70 85 28 63 55 23 62 86 50 71 38 46 66 100 47 60 48 64 98 20 48 70 23 40 43 55 44 55 96 5 62 14 35 17 58 87 85 84 60 50 11 6 5 61 73 64 65 17 100 81 53 78 71 18 76 42 52 18 61 78 58 49 89 17 37 85 77 56 81 19 58 54 59 90 79 59 7 12 90 
91 91 17 23 72 25 74 49 20 11 58 18 66 36 29 46 35 42 34 3 22 22 36 59 48 38 28 43 28 0 59 28 52 56 14 54 20 27 27 48 58 60 74 72 72 71 31 37 35 52 66 33 12 60 60 23 34 34 8 42 70 37 44 18 47 46 75 24 62 24 50 75 12 35 52 5 12 20 35 18 26 73 32 33 42 31 46 29 71 62 65 42 21 30 35 33 32 45 36 36 46 76 69 24 51 58 38 68 14 53 26 32 70 55 24 69 32 15 66 56 38 77 34 29 26 61 69 54 58 27 16 65 
35 35 67 38 47 48 59 18 62 68 25 61 6 23 75 34 54 44 34 59 81 57 52 27 41 39 31 31 66 59 0 52 18 32 73 25 72 51 40 49 1 9 50 15 13 14 68 93 29 58 25 26 50 8 54 81 68 90 53 32 29 22 58 76 22 32 61 81 18 80 17 53 52 24 26 59 60 43 32 50 67 52 64 67 68 31 76 68 30 45 35 28 57 55 67 71 69 61 59 67 75 56 18 66 56 14 54 10 64 19 78 69 12 11 45 39 50 46 36 35 95 18 49 70 72 19 42 50 12 59 63 56 
76 76 22 18 83 4 89 51 14 29 39 45 58 32 58 24 7 15 44 25 42 47 7 64 22 52 29 24 14 28 52 0 55 65 37 60 49 1 11 65 51 48 85 60 63 58 58 65 42 72 69 27 18 56 77 38 61 61 20 52 74 37 66 44 32 56 90 52 45 52 52 88 16 36 58 23 39 36 45 40 54 86 12 60 19 21 25 57 75 75 73 49 46 3 15 19 59 68 59 62 25 90 67 52 71 57 9 62 42 37 30 59 64 43 43 77 3 31 74 66 63 67 6 57 54 44 79 71 44 7 17 81 
51 51 65 37 31 50 42 3 61 63 40 50 21 22 62 44 59 52 20 54 75 44 58 10 52 23 27 40 67 52 18 55 0 15 66 7 60 54 43 31 17 27 34 33 28 32 53 81 17 40 14 27 47 11 36 76 53 79 49 16 19 17 41 68 33 14 44 71 35 69 2 37 50 19 7 54 50 33 19 39 53 36 67 52 73 33 80 54 20 27 19 12 44 59 70 73 55 44 43 51 80 40 17 53 38 6 60 20 54 33 76 55 21 26 33 24 54 37 21 17 85 33 54 56 60 36 26 32 28 60 61 38 
64 64 71 46 17 60 27 16 69 68 55 49 35 34 59 58 70 65 22 59 77 42 69 6 65 19 36 54 76 56 32 65 15 0 69 7 59 64 53 20 32 42 20 47 40 45 49 79 23 29 14 39 54 24 21 80 48 78 55 14 16 28 31 69 47 10 29 71 50 69 16 23 57 29 7 59 51 36 21 40 50 22 77 47 84 44 91 50 17 12 8 15 43 69 80 82 50 34 36 45 90 25 24 50 26 18 72 31 54 48 82 50 32 41 33 12 65 41 9 2 84 45 65 52 57 51 13 19 43 70 68 24 
105 105 17 36 84 35 84 63 24 8 71 23 80 50 28 58 43 52 47 14 8 29 44 72 58 50 42 56 31 14 73 37 66 69 0 68 19 36 39 58 72 74 86 86 86 85 34 28 49 60 80 47 24 74 70 11 37 24 21 55 84 52 52 7 61 58 85 15 75 16 64 86 23 49 66 15 18 33 49 29 29 84 36 37 46 44 47 32 84 73 77 55 29 37 38 33 35 52 43 40 48 87 83 27 60 72 46 82 17 67 19 34 84 69 36 82 41 28 79 69 26 91 44 31 25 75 81 64 72 33 20 74 
58 58 68 42 24 55 34 9 65 65 48 49 28 28 60 51 65 59 20 56 76 43 64 4 59 20 31 47 72 54 25 60 7 7 68 0 59 59 48 25 25 35 26 40 34 39 51 80 19 34 12 33 50 18 28 78 50 78 52 13 16 22 35 68 40 10 36 71 43 69 9 29 53 24 1 57 50 34 18 39 51 28 72 49 79 39 86 52 16 19 12 12 43 64 75 78 52 39 39 47 85 32 19 51 32 12 66 25 53 41 79 52 27 34 32 17 60 39 14 9 84 39 60 53 58 44 19 25 36 65 65 30 
106 106 34 41 71 46 69 57 39 25 76 10 78 50 9 65 56 62 40 23 24 16 57 64 68 39 42 62 48 20 72 49 60 59 19 59 0 48 47 44 71 75 73 86 85 85 15 21 43 44 72 49 32 70 55 29 19 18 29 46 75 49 36 13 65 49 70 11 78 9 58 73 33 47 57 25 11 28 41 21 11 71 52 19 62 48 64 13 76 60 67 48 16 51 54 51 16 35 27 22 65 73 77 10 44 66 59 79 7 70 39 16 81 71 27 71 52 26 68 58 24 90 55 12 6 78 69 49 73 47 36 59 
76 76 21 17 82 3 88 50 13 28 38 44 57 31 57 24 8 15 43 25 41 46 8 63 22 51 28 23 15 27 51 1 54 64 36 59 48 0 11 64 50 47 84 59 62 58 57 64 41 71 68 26 17 55 76 38 60 60 19 51 73 36 64 43 31 55 89 51 45 51 51 87 15 35 57 23 38 34 44 39 53 85 13 59 20 20 26 55 74 74 72 48 45 5 16 20 58 67 58 61 26 88 66 51 69 56 10 61 41 37 30 58 64 43 41 76 4 30 73 65 63 66 7 56 53 44 78 69 44 7 17 80 
68 68 28 8 71 8 78 39 21 32 31 41 47 20 55 18 16 15 34 26 46 41 16 53 20 42 17 16 25 27 40 11 43 53 39 48 47 11 0 55 40 38 74 50 52 48 53 65 31 63 57 15 15 44 67 44 55 62 19 41 62 25 57 45 22 45 80 52 36 52 40 76 16 24 47 24 36 27 35 33 49 75 24 54 30 9 37 52 63 64 61 38 41 15 27 31 54 60 52 56 37 78 55 48 61 45 18 51 39 28 39 54 53 33 34 66 11 24 62 55 65 56 12 52 51 36 67 60 35 18 23 71 
83 83 64 47 27 60 26 31 65 59 67 35 53 41 41 66 72 70 21 51 65 28 71 27 72 13 38 61 73 48 49 65 31 20 58 25 44 64 55 0 48 57 29 65 59 63 30 62 26 9 35 44 50 43 12 69 29 61 49 17 37 35 11 56 57 16 27 55 65 53 31 29 52 35 24 52 39 30 21 30 33 27 75 28 84 48 90 32 37 17 26 22 28 69 78 79 31 14 17 25 90 29 45 34 7 37 74 51 40 60 74 31 52 55 23 28 66 35 27 18 67 64 68 34 40 65 26 6 58 68 63 16 
36 36 66 37 46 48 59 17 61 67 25 60 7 22 74 33 53 44 33 58 80 56 52 26 41 38 30 30 65 58 1 51 17 32 72 25 71 50 40 48 0 10 49 16 14 15 67 92 28 58 25 26 49 8 53 80 67 89 52 31 29 21 57 75 21 31 60 80 19 79 16 53 51 23 25 58 59 42 31 49 66 52 64 66 68 30 75 67 30 44 35 27 56 55 67 71 68 60 58 66 74 56 18 65 55 13 53 11 63 19 77 68 13 11 44 38 49 45 35 34 94 19 48 69 71 20 42 50 12 58 62 56 
31 31 66 38 57 45 69 26 59 68 16 65 12 24 80 27 49 38 40 60 82 62 47 36 34 46 33 25 62 60 9 48 27 42 74 35 75 47 38 57 10 0 59 12 14 10 73 96 34 66 34 27 50 18 63 81 74 93 53 40 38 26 65 78 16 40 71 84 9 83 26 63 52 28 35 59 63 47 39 54 71 62 60 73 63 30 71 73 39 54 45 35 62 51 63 68 74 69 65 73 69 66 26 70 64 23 49 17 67 12 77 74 19 4 50 49 46 48 46 44 98 18 44 75 76 10 52 59 3 55 61 66 
75 75 90 67 2 81 12 36 89 86 74 63 50 55 70 78 91 86 42 77 94 57 90 23 86 36 56 74 96 74 50 85 34 20 86 26 73 84 74 29 49 59 0 61 54 60 59 91 43 32 25 59 73 41 19 97 57 90 74 33 22 49 38 84 67 29 13 84 68 82 36 3 76 50 28 78 67 54 40 57 62 4 97 56 105 65 111 61 22 12 14 36 57 89 100 102 60 40 46 54 111 7 35 63 30 36 92 45 69 67 100 60 45 60 50 10 86 60 13 19 96 58 86 63 69 70 7 23 62 90 87 17 
19 19 78 50 59 57 72 34 72 81 24 77 11 36 91 38 60 49 50 72 94 73 59 40 44 55 45 36 74 72 15 60 33 47 86 40 86 59 50 65 16 12 61 0 7 1 83 108 44 74 36 39 62 22 69 93 84 105 65 48 39 37 74 90 28 48 74 95 15 94 33 65 64 39 41 71 75 58 48 66 82 65 72 83 74 42 82 84 40 59 48 44 73 63 74 80 85 77 74 83 80 68 26 81 72 28 60 16 79 22 89 85 16 17 61 51 57 60 48 49 110 8 55 85 88 17 54 66 15 67 74 71 
23 23 79 51 52 60 65 29 74 81 29 75 6 36 88 42 64 53 46 72 94 70 62 34 49 51 44 40 77 72 13 63 28 40 86 34 85 62 52 59 14 14 54 7 0 7 80 106 41 68 29 39 63 16 62 94 81 103 66 44 31 35 69 89 31 43 67 94 21 93 28 58 65 37 35 72 74 56 45 64 80 58 75 80 78 43 86 81 32 52 41 40 70 66 78 83 82 72 71 79 84 61 18 79 66 22 64 9 77 26 91 82 9 19 58 43 60 59 41 43 108 5 59 83 85 22 47 60 18 70 75 64 
21 21 76 49 58 56 71 32 70 79 23 75 10 34 89 36 59 48 48 71 92 71 57 39 43 54 43 35 73 71 14 58 32 45 85 39 85 58 48 63 15 10 60 1 7 0 82 106 43 72 35 37 60 20 67 91 82 103 64 47 38 35 72 88 26 46 73 94 15 93 31 64 63 37 39 70 73 57 47 64 81 64 71 81 73 41 80 82 39 58 47 42 71 62 73 78 83 76 73 81 79 67 25 80 70 27 58 15 77 21 87 83 15 15 59 50 56 58 47 48 108 8 54 84 86 16 53 64 13 66 72 69 
103 103 47 45 58 54 54 51 51 38 77 13 73 50 10 69 65 69 34 34 40 12 66 54 73 30 42 66 60 31 68 58 53 49 34 51 15 57 53 30 67 73 59 83 80 82 0 31 39 29 63 50 40 64 41 45 3 30 37 37 65 47 21 29 66 40 55 26 78 24 52 59 41 45 49 36 19 27 35 20 4 57 64 3 73 51 77 2 66 47 56 40 12 60 66 64 1 20 13 6 77 59 70 6 29 60 68 73 17 71 53 1 75 69 22 59 61 28 57 47 36 86 63 3 10 78 57 36 72 57 47 45 
127 127 45 60 90 62 85 79 52 36 96 31 99 71 20 84 71 79 61 39 26 37 72 84 85 60 63 81 59 37 93 65 81 79 28 80 21 64 65 62 92 96 91 108 106 106 31 0 65 60 92 69 50 91 72 33 33 3 46 66 96 70 52 21 85 70 86 13 98 13 80 90 49 68 78 41 32 49 62 42 29 88 64 34 73 68 73 29 96 79 87 69 37 65 65 60 31 51 44 37 75 90 98 29 61 88 74 100 28 90 44 30 102 91 48 90 68 47 88 78 6 111 71 27 22 98 88 67 94 61 48 76 
64 64 48 24 40 37 47 14 46 46 42 33 34 15 46 39 48 44 5 37 57 28 47 24 46 13 13 35 53 35 29 42 17 23 49 19 43 41 31 26 28 34 43 44 41 43 39 65 0 35 30 18 31 26 36 59 39 62 32 10 35 9 32 50 31 13 48 54 40 52 15 45 34 8 17 37 33 16 4 22 38 43 54 38 61 23 68 39 35 32 31 7 28 46 57 59 40 35 30 38 67 47 34 37 33 23 49 35 37 35 59 40 37 31 16 35 43 20 32 23 68 47 43 41 44 41 36 30 34 47 45 40 
92 92 69 54 31 67 25 40 70 62 76 37 62 50 39 74 79 78 30 55 67 31 79 35 80 21 46 70 79 52 58 72 40 29 60 34 44 71 63 9 58 66 32 74 68 72 29 60 35 0 43 52 56 52 12 72 26 59 55 26 44 44 8 57 66 26 25 55 74 53 41 30 58 44 33 57 42 36 30 34 32 28 81 26 91 57 96 31 44 21 33 31 31 76 84 84 29 9 17 23 96 30 53 34 2 46 81 60 42 69 78 29 61 64 29 34 74 41 33 26 66 73 75 33 39 75 31 9 67 74 68 15 
51 51 79 52 22 65 36 18 76 77 50 61 24 37 72 57 73 65 33 68 88 55 72 8 64 32 41 53 82 66 25 69 14 14 80 12 72 68 57 35 25 34 25 36 29 35 63 92 30 43 0 41 61 16 35 90 62 91 63 26 4 32 46 80 45 22 38 83 44 81 17 29 64 33 14 68 63 46 31 52 63 28 82 61 88 47 95 64 5 24 12 24 56 73 85 88 64 49 50 59 94 32 10 63 41 12 74 20 66 44 90 64 20 36 44 14 68 51 12 17 96 33 68 66 70 45 18 34 37 75 75 36 
58 58 40 11 56 23 64 24 35 42 27 40 33 4 55 21 31 26 22 33 55 38 31 37 28 31 7 17 40 33 26 27 27 39 47 33 49 26 15 44 26 27 59 39 39 37 50 69 18 52 41 0 23 29 54 54 51 66 26 28 46 10 48 51 16 31 66 57 29 56 24 62 25 9 31 32 37 22 22 30 47 60 40 50 46 5 53 49 47 50 46 24 37 31 43 46 51 51 45 51 52 64 40 46 51 30 33 36 41 21 51 51 39 22 28 50 26 22 47 40 71 44 26 50 51 29 52 48 24 33 36 58 
81 81 17 11 71 14 75 43 15 18 46 27 57 27 40 34 25 29 31 10 32 29 25 55 35 38 20 31 23 12 50 18 47 54 24 50 32 17 15 50 49 50 73 62 63 60 40 50 31 56 61 23 0 52 62 30 43 46 3 39 65 30 49 30 36 43 76 37 50 36 44 75 2 28 48 9 22 19 33 22 36 73 25 42 35 19 39 38 66 61 62 38 28 20 28 29 41 51 42 44 40 76 62 34 54 51 27 59 25 42 29 41 62 45 26 67 20 14 63 54 50 68 23 39 37 50 67 55 47 18 14 66 
40 40 69 41 38 52 51 13 65 70 33 59 10 25 73 41 59 50 30 60 82 54 58 18 48 34 32 37 70 60 8 56 11 24 74 18 70 55 44 43 8 18 41 22 16 20 64 91 26 52 16 29 52 0 46 82 64 89 55 27 21 22 52 76 29 26 53 80 27 79 12 45 54 24 18 60 59 42 29 49 64 44 69 63 74 35 81 65 22 37 27 23 55 60 72 76 66 56 54 62 80 48 11 63 49 6 60 9 63 27 81 66 11 19 43 30 55 45 27 27 94 21 54 67 70 28 34 43 20 63 66 48 
86 86 77 59 19 72 14 37 77 71 75 47 57 51 51 75 83 80 32 63 78 40 83 28 82 24 49 71 85 60 54 77 36 21 70 28 55 76 67 12 53 63 19 69 62 67 41 72 36 12 35 54 62 46 0 82 39 71 62 26 35 45 19 68 66 24 14 67 71 64 37 18 65 45 28 65 51 42 32 42 44 16 87 38 96 59 102 43 34 11 23 30 41 81 91 91 41 21 28 35 102 17 45 45 11 40 85 53 53 68 87 41 54 62 36 23 78 48 23 19 78 67 79 45 51 72 20 6 64 80 75 4 
111 111 16 42 95 38 95 72 24 12 75 35 87 58 38 61 43 53 57 21 6 41 44 82 60 61 50 60 28 23 81 38 76 80 11 78 29 38 44 69 80 81 97 93 94 91 45 33 59 72 90 54 30 82 82 0 48 29 27 65 94 60 63 16 66 69 96 23 80 24 73 98 28 58 76 21 30 43 59 40 40 96 33 49 42 50 41 43 94 84 88 65 40 37 34 28 46 64 55 52 42 98 92 39 71 81 45 90 29 72 11 45 93 76 47 92 42 38 89 79 29 99 45 42 36 80 92 75 78 32 20 86 
104 104 50 47 56 57 52 51 54 42 79 16 74 51 13 72 68 71 34 37 43 14 68 54 76 30 44 68 63 34 68 61 53 48 37 50 19 60 55 29 67 74 57 84 81 82 3 33 39 26 62 51 43 64 39 48 0 32 40 37 64 48 19 32 67 40 52 29 79 27 52 57 44 46 48 39 22 29 36 22 8 55 67 1 76 53 80 5 65 46 55 41 14 63 69 67 2 17 11 3 81 56 70 9 27 60 70 73 20 72 57 3 75 70 24 58 63 31 56 46 39 86 66 6 13 79 55 34 73 60 51 42 
124 124 41 57 88 59 85 76 48 32 92 29 96 68 19 81 67 75 58 36 22 35 68 82 82 58 60 78 55 34 90 61 79 78 24 78 18 60 62 61 89 93 90 105 103 103 30 3 62 59 91 66 46 89 71 29 32 0 43 65 94 68 51 17 81 68 85 9 95 10 77 89 46 66 76 38 29 46 60 40 27 88 60 33 70 65 70 28 94 78 85 66 35 62 62 57 30 50 43 36 71 89 96 27 60 85 70 98 25 87 40 30 100 88 46 89 65 44 86 76 6 109 68 26 20 95 87 66 91 57 44 75 
84 84 16 15 72 17 75 45 15 15 50 24 60 30 37 37 27 33 32 7 28 27 28 57 39 38 22 35 23 8 53 20 49 55 21 52 29 19 19 49 52 53 74 65 66 64 37 46 32 55 63 26 3 55 62 27 40 43 0 41 67 32 48 26 39 44 76 33 54 33 46 75 3 30 50 6 19 19 34 21 33 74 26 40 36 23 40 36 68 62 63 39 26 23 29 29 39 49 40 42 41 77 65 31 54 53 30 62 21 45 27 38 65 48 26 68 23 14 65 55 46 71 26 36 34 54 68 55 50 20 13 66 
67 67 57 33 31 47 37 14 55 53 50 35 37 24 47 49 58 54 8 44 63 29 57 17 56 7 23 45 62 42 32 52 16 14 55 13 46 51 41 17 31 40 33 48 44 47 37 66 10 26 26 28 39 27 26 65 37 65 41 0 29 18 25 55 40 3 38 57 47 55 15 35 42 18 11 45 37 22 6 26 38 33 64 36 71 33 78 39 30 22 22 4 29 56 67 68 39 28 26 35 77 37 32 38 24 22 60 36 40 43 67 39 38 38 19 27 53 27 24 14 70 49 53 40 44 48 27 20 40 57 54 30 
53 53 83 56 20 69 34 22 80 81 54 65 28 41 75 61 78 70 36 72 92 59 77 11 69 35 46 57 86 70 29 74 19 16 84 16 75 73 62 37 29 38 22 39 31 38 65 96 35 44 4 46 65 21 35 94 64 94 67 29 0 36 48 84 49 26 36 86 48 85 21 26 68 38 18 72 66 50 35 55 66 26 86 63 92 52 99 67 1 24 11 28 59 78 89 92 66 51 53 61 99 29 13 66 42 17 79 23 69 48 94 66 22 40 48 12 73 55 11 18 100 35 73 68 73 49 16 34 41 80 80 35 
56 56 48 20 46 33 54 14 44 47 32 39 28 6 53 30 42 36 14 38 60 35 41 27 37 23 10 26 50 37 22 37 17 28 52 22 49 36 25 35 21 26 49 37 35 35 47 70 9 44 32 10 30 22 45 60 48 68 32 18 36 0 41 54 21 21 56 59 31 58 14 51 33 2 21 38 38 21 14 28 45 50 50 47 56 16 63 47 37 39 35 14 35 41 53 56 48 44 40 47 62 54 32 44 42 21 43 30 42 25 59 48 32 22 24 40 37 23 37 29 73 40 37 48 50 31 42 39 25 43 44 48 
93 93 61 49 37 61 33 40 63 54 74 28 62 46 31 70 72 72 26 47 59 22 72 38 76 18 41 66 71 44 58 66 41 31 52 35 36 64 57 11 57 65 38 74 69 72 21 52 32 8 46 48 49 52 19 63 19 51 48 25 48 41 0 49 63 26 34 47 72 45 40 38 51 40 34 49 33 29 27 26 24 36 74 18 84 52 88 23 48 27 37 29 23 69 77 77 21 3 8 15 89 37 55 25 8 47 75 61 34 67 70 21 62 63 23 39 67 34 38 29 58 74 69 25 31 73 37 15 65 67 60 23 
109 109 24 41 83 41 82 65 31 15 76 20 83 54 21 64 50 58 48 19 10 27 51 73 64 49 45 61 38 18 76 44 68 69 7 68 13 43 45 56 75 78 84 90 89 88 29 21 50 57 80 51 30 76 68 16 32 17 26 55 84 54 49 0 65 58 82 8 80 9 66 85 29 52 66 20 17 34 49 29 25 83 43 33 53 49 54 27 85 72 77 56 27 44 45 41 30 49 40 36 55 85 85 23 57 73 53 85 15 71 26 29 87 73 36 81 47 30 78 68 20 95 50 26 19 79 80 62 76 40 27 72 
45 45 50 24 64 29 74 30 44 54 11 56 27 16 71 12 32 22 36 46 68 54 31 43 19 45 23 9 46 47 22 32 33 47 61 40 65 31 22 57 21 16 67 28 31 26 66 85 31 66 45 16 36 29 66 66 67 81 39 40 49 21 63 65 0 42 76 72 14 71 30 70 37 22 39 45 53 39 36 46 63 69 44 66 47 16 54 66 50 59 53 35 54 35 46 51 67 66 61 67 53 73 39 62 64 32 32 32 57 6 61 67 34 11 44 57 29 38 54 49 86 35 27 67 67 14 59 61 12 39 46 69 
66 66 60 37 27 51 33 14 59 57 51 39 36 27 50 51 61 57 12 48 67 33 61 14 58 9 27 47 66 46 32 56 14 10 58 10 49 55 45 16 31 40 29 48 43 46 40 70 13 26 22 31 43 26 24 69 40 68 44 3 26 21 26 58 42 0 35 60 48 59 14 31 46 21 8 49 41 26 10 29 41 30 67 38 75 36 81 41 26 19 19 6 33 60 70 72 41 29 28 37 81 33 30 41 23 20 63 34 43 44 71 41 36 38 22 23 56 31 20 10 74 48 57 43 47 49 23 19 41 60 58 27 
89 89 92 72 15 86 1 45 92 86 84 61 62 62 65 87 96 93 46 78 92 55 96 34 94 38 62 82 100 75 61 90 44 29 85 36 70 89 80 27 60 71 13 74 67 73 55 86 48 25 38 66 76 53 14 96 52 85 76 38 36 56 34 82 76 35 0 81 79 79 45 10 79 56 36 79 66 57 45 57 58 9 101 51 110 71 116 57 35 16 26 42 55 94 104 105 55 35 42 48 115 7 48 59 25 47 98 58 67 77 101 55 58 70 50 23 91 62 25 27 91 71 92 59 65 80 19 21 72 94 90 10 
115 115 33 47 83 49 81 68 40 23 83 21 88 59 16 71 58 66 50 26 16 28 59 75 72 51 51 68 47 24 81 52 71 71 15 71 11 51 52 55 80 84 84 95 94 94 26 13 54 55 83 57 37 80 67 23 29 9 33 57 86 59 47 8 72 60 81 0 86 2 69 84 36 57 69 28 20 38 52 31 22 82 52 30 61 55 62 24 87 72 79 59 27 53 53 49 26 46 38 33 64 84 88 21 55 77 61 89 17 78 34 26 91 79 38 82 55 35 80 70 14 100 58 22 16 86 81 61 82 48 35 71 
31 31 65 39 66 43 77 34 58 69 8 69 20 28 84 22 45 33 46 61 82 66 43 45 28 53 36 21 60 62 18 45 35 50 75 43 78 45 36 65 19 9 68 15 21 15 78 98 40 74 44 29 50 27 71 80 79 95 54 47 48 31 72 80 14 48 79 86 0 85 34 72 52 33 43 60 66 51 45 58 76 71 57 78 58 30 66 78 49 63 54 43 66 48 59 65 79 75 71 78 64 75 35 75 72 32 44 26 70 8 75 79 27 9 55 58 42 51 55 53 100 23 40 79 80 1 61 67 6 53 60 74 
114 114 33 47 81 49 78 66 40 24 82 19 86 58 14 71 59 66 49 26 18 26 60 73 72 49 49 68 48 24 80 52 69 69 16 69 9 51 52 53 79 83 82 94 93 93 24 13 52 53 81 56 36 79 64 24 27 10 33 55 85 58 45 9 71 59 79 2 85 0 67 82 36 55 67 28 19 36 51 30 20 80 53 27 62 54 63 21 85 70 77 57 25 53 54 50 24 44 36 30 65 82 86 19 53 75 61 87 15 77 35 24 90 78 36 80 55 34 78 68 15 98 58 20 13 85 79 59 81 48 36 68 
52 52 62 34 33 48 44 0 58 61 38 48 22 20 61 42 56 49 18 51 72 43 55 13 49 22 24 37 64 50 17 52 2 16 64 9 58 51 40 31 16 26 36 33 28 31 52 80 15 41 17 24 44 12 37 73 52 77 46 15 21 14 40 66 30 14 45 69 34 67 0 39 47 16 9 52 48 31 17 37 52 38 64 51 71 30 78 53 22 29 22 11 43 56 67 70 53 44 42 50 77 42 19 51 38 7 57 21 52 31 73 53 22 25 31 26 51 35 23 18 83 34 51 55 58 35 29 33 27 58 58 40 
79 79 91 69 6 83 8 39 90 87 77 64 54 58 70 81 93 88 43 78 94 57 92 27 89 37 58 77 98 75 53 88 37 23 86 29 73 87 76 29 53 63 3 65 58 64 59 90 45 30 29 62 75 45 18 98 57 89 75 35 26 51 38 85 70 31 10 84 72 82 39 0 78 52 30 79 68 56 42 57 62 1 99 56 107 67 113 61 25 13 17 38 57 92 102 104 59 39 46 53 113 3 39 63 29 39 95 49 69 71 101 60 49 63 51 14 88 61 17 21 96 61 89 63 69 73 10 23 65 92 89 15 
83 83 15 14 74 13 78 46 12 16 47 28 59 29 41 34 23 29 34 9 30 31 24 58 35 41 22 32 20 12 52 16 50 57 23 53 33 15 16 52 51 52 76 64 65 63 41 49 34 58 64 25 2 54 65 28 44 46 3 42 68 33 51 29 37 46 79 36 52 36 47 78 0 31 51 8 23 22 36 24 37 76 23 44 32 21 37 40 69 64 65 41 30 19 26 26 43 53 44 46 37 79 65 35 57 54 26 62 25 43 26 42 64 47 29 70 19 17 66 57 49 70 22 40 38 51 70 58 49 16 11 69 
59 59 46 18 47 31 55 15 42 45 33 37 30 6 51 30 41 36 13 36 57 34 40 28 37 22 8 26 48 35 24 36 19 29 49 24 47 35 24 35 23 28 50 39 37 37 45 68 8 44 33 9 28 24 45 58 46 66 30 18 38 2 40 52 22 21 56 57 33 55 16 52 31 0 22 36 36 19 13 26 43 51 48 45 55 15 62 45 39 40 36 14 33 40 51 54 46 43 38 45 61 54 34 42 42 23 42 32 40 26 57 46 35 24 22 41 36 21 38 30 71 42 36 46 48 33 43 39 27 41 42 48 
58 58 66 40 25 54 35 9 63 64 47 47 29 27 58 50 63 57 18 54 74 41 62 6 58 18 29 46 70 52 26 58 7 7 66 1 57 57 47 24 25 35 28 41 35 39 49 78 17 33 14 31 48 18 28 76 48 76 50 11 18 21 34 66 39 8 36 69 43 67 9 30 51 22 0 55 49 32 16 37 49 29 70 47 77 37 84 50 18 20 14 10 41 62 74 76 50 37 37 46 84 33 21 49 31 12 64 26 51 40 77 50 28 34 30 19 58 37 15 9 82 40 58 52 56 44 20 25 36 64 63 31 
90 90 12 21 76 21 78 51 14 9 56 23 66 36 34 43 30 37 36 2 22 27 31 61 44 42 28 41 23 5 59 23 54 59 15 57 25 23 24 52 58 59 78 71 72 70 36 41 37 57 68 32 9 60 65 21 39 38 6 45 72 38 49 20 45 49 79 28 60 28 52 79 8 36 55 0 17 23 38 22 32 77 27 39 37 29 40 34 73 66 68 44 27 25 29 27 38 50 41 42 41 80 70 30 56 59 33 68 19 51 22 37 71 54 28 72 27 18 69 59 41 77 30 34 31 59 72 58 57 21 11 69 
95 95 28 29 65 36 65 47 32 20 64 6 67 39 18 54 47 51 30 15 26 11 47 55 57 32 30 51 40 12 60 39 50 51 18 50 11 38 36 39 59 63 67 75 74 73 19 32 33 42 63 37 22 59 51 30 22 29 19 37 66 38 33 17 53 41 66 20 66 19 48 68 23 36 49 17 0 17 32 11 14 66 44 21 54 36 58 17 67 55 59 38 10 42 47 45 20 34 25 24 58 68 67 12 41 56 49 68 3 59 36 20 70 59 18 63 42 15 61 51 34 79 45 17 15 66 62 45 62 38 28 56 
78 78 35 19 52 31 55 30 35 31 50 18 50 23 32 43 42 43 14 22 41 15 42 39 47 18 15 39 43 20 43 36 33 36 33 34 28 34 27 30 42 47 54 58 56 57 27 49 16 36 46 22 19 42 42 43 29 46 19 22 50 21 29 34 39 26 57 38 51 36 31 56 22 19 32 23 17 0 15 7 24 54 45 28 54 24 59 27 51 42 45 22 15 39 48 48 28 32 24 29 59 57 50 23 35 39 45 51 20 44 45 28 53 43 6 49 37 5 46 36 52 62 39 28 29 51 49 36 46 38 33 47 
68 68 50 27 38 41 43 16 48 47 46 31 38 19 43 44 51 48 1 37 57 25 51 23 50 8 17 40 55 35 32 45 19 21 49 18 41 44 35 21 31 39 40 48 45 47 35 62 4 30 31 22 33 29 32 59 36 60 34 6 35 14 27 49 36 10 45 52 45 51 17 42 36 13 16 38 32 15 0 20 35 40 57 34 65 27 71 36 35 29 29 6 25 49 60 61 36 30 26 34 71 44 36 34 28 25 53 38 35 39 61 36 40 35 14 34 46 20 31 21 66 50 47 37 41 45 34 26 38 50 47 36 
85 85 35 25 54 35 56 36 36 29 57 11 57 30 25 49 47 49 19 21 37 8 47 44 53 21 22 46 44 18 50 40 39 40 29 39 21 39 33 30 49 54 57 66 64 64 20 42 22 34 52 30 22 49 42 40 22 40 21 26 55 28 26 29 46 29 57 31 58 30 37 57 24 26 37 22 11 7 20 0 17 55 48 21 57 31 61 19 56 44 48 27 7 43 50 50 21 28 19 22 62 58 56 16 33 45 49 58 14 51 44 21 60 50 7 52 42 8 50 39 45 69 44 20 22 59 52 36 53 41 33 46 
102 102 42 42 61 50 58 51 46 34 75 8 73 48 8 66 61 65 33 30 35 9 61 55 70 31 40 63 55 26 67 54 53 50 29 51 11 53 49 33 66 71 62 82 80 81 4 29 38 32 63 47 36 64 44 40 8 27 33 38 66 45 24 25 63 41 58 22 76 20 52 62 37 43 49 32 14 24 35 17 0 60 59 8 69 48 72 2 67 50 57 40 9 56 61 59 5 24 16 11 73 62 70 1 33 60 63 73 12 69 49 5 75 67 21 61 57 25 59 49 34 85 59 3 7 76 59 38 70 53 43 48 
79 79 89 67 6 81 7 38 88 85 76 62 53 56 68 80 91 87 41 76 92 55 91 26 87 35 57 76 96 73 52 86 36 22 84 28 71 85 75 27 52 62 4 65 58 64 57 88 43 28 28 60 73 44 16 96 55 88 74 33 26 50 36 83 69 30 9 82 71 80 38 1 76 51 29 77 66 54 40 55 60 0 97 54 105 66 112 59 25 11 17 36 55 90 101 102 57 38 44 51 111 3 39 61 27 38 93 48 67 70 100 58 49 62 49 14 86 59 16 20 94 61 87 61 67 72 10 21 64 90 87 13 
88 88 19 30 95 16 100 64 12 28 50 50 70 44 61 35 12 24 56 29 39 54 13 77 30 63 41 35 5 32 64 12 67 77 36 72 52 13 24 75 64 60 97 72 75 71 64 64 54 81 82 40 25 69 87 33 67 60 26 64 86 50 74 43 44 67 101 52 57 53 64 99 23 48 70 27 44 45 57 48 59 97 0 66 9 34 14 62 87 86 85 61 53 9 3 7 65 76 67 69 14 101 80 57 80 70 13 75 46 49 23 65 77 56 52 89 14 40 86 78 62 79 16 62 58 56 91 81 57 7 16 92 
103 103 50 46 55 56 51 50 54 42 78 15 73 50 13 71 67 70 33 37 43 13 68 52 75 29 43 67 62 33 67 60 52 47 37 49 19 59 54 28 66 73 56 83 80 81 3 34 38 26 61 50 42 63 38 49 1 33 40 36 63 47 18 33 66 38 51 30 78 27 51 56 44 45 47 39 21 28 34 21 8 54 66 0 76 52 79 5 64 45 53 39 13 63 69 67 3 16 10 3 80 55 68 9 26 58 70 72 20 71 57 3 74 69 22 56 63 30 55 45 40 85 65 7 13 78 54 33 72 60 50 41 
88 88 28 37 102 23 108 70 22 38 50 60 74 50 71 36 14 25 64 39 48 63 15 83 30 71 48 38 14 42 68 19 73 84 46 79 62 20 30 84 68 63 105 74 78 73 73 73 61 91 88 46 35 74 96 42 76 70 36 71 92 56 84 53 47 75 110 61 58 62 71 107 32 55 77 37 54 54 65 57 69 105 9 76 0 40 7 72 93 94 92 69 63 15 8 13 75 86 77 78 6 109 85 67 89 76 14 79 56 51 31 74 81 59 61 96 19 49 93 85 70 81 19 72 68 57 98 90 59 16 26 100 
61 61 36 8 62 17 70 30 30 38 27 40 38 10 55 18 25 21 26 30 52 39 25 43 24 35 10 14 35 31 31 21 33 44 44 39 48 20 9 48 30 30 65 42 43 41 51 68 23 57 47 5 19 35 59 50 53 65 23 33 52 16 52 49 16 36 71 55 30 54 30 67 21 15 37 29 36 24 27 31 48 66 34 52 40 0 47 50 53 55 52 29 38 25 37 40 52 54 48 53 46 70 46 46 55 36 27 41 40 22 47 52 44 25 30 56 21 22 53 46 69 48 21 51 51 30 58 53 27 28 31 63 
96 96 30 44 108 30 114 77 25 39 58 64 82 58 73 43 22 32 70 42 47 67 23 90 37 77 55 45 17 46 76 25 80 91 47 86 64 26 37 90 75 71 111 82 86 80 77 73 68 96 95 53 39 81 102 41 80 70 40 78 99 63 88 54 54 81 116 62 66 63 78 113 37 62 84 40 58 59 71 61 72 112 14 79 7 47 0 75 100 100 99 75 67 21 11 13 78 90 81 82 2 115 92 70 94 83 22 86 59 59 29 78 89 66 66 103 26 54 100 92 70 89 27 75 70 65 104 95 67 21 29 106 
104 104 45 44 60 53 57 52 49 36 77 11 74 50 8 69 64 68 34 32 37 11 64 56 72 31 42 65 58 29 68 57 54 50 32 52 13 55 52 32 67 73 61 84 81 82 2 29 39 31 64 49 38 65 43 43 5 28 36 39 67 47 23 27 66 41 57 24 78 21 53 61 40 45 50 34 17 27 36 19 2 59 62 5 72 50 75 0 67 49 57 41 11 59 64 62 3 22 15 9 76 61 71 4 32 61 66 74 15 71 51 2 76 69 23 61 59 28 59 49 34 86 62 1 8 78 59 38 72 56 46 47 
53 53 84 57 19 70 33 23 81 82 55 65 29 42 76 62 79 71 37 73 93 59 78 12 70 36 47 58 87 71 30 75 20 17 84 16 76 74 63 37 30 39 22 40 32 39 66 96 35 44 5 47 66 22 34 94 65 94 68 30 1 37 48 85 50 26 35 87 49 85 22 25 69 39 18 73 67 51 35 56 67 25 87 64 93 53 100 67 0 23 11 29 59 79 90 93 67 51 53 62 100 29 14 67 42 18 80 24 70 49 95 67 23 41 49 11 74 56 10 18 100 35 74 69 74 50 16 34 42 81 81 35 
75 75 78 56 10 70 15 29 77 73 68 51 47 46 58 70 80 76 30 65 81 44 80 18 77 24 46 65 85 62 45 75 27 12 73 19 60 74 64 17 44 54 12 59 52 58 47 79 32 21 24 50 61 37 11 84 46 78 62 22 24 39 27 72 59 19 16 72 63 70 29 13 64 40 20 66 55 42 29 44 50 11 86 45 94 55 100 49 23 0 12 25 45 79 89 90 48 29 34 42 100 14 35 50 20 31 82 43 57 61 88 48 44 54 37 12 75 48 12 10 84 56 76 51 57 64 9 12 56 79 76 11 
63 63 79 54 11 68 24 22 77 76 59 57 36 41 66 64 78 72 31 67 86 50 77 9 71 27 44 60 84 65 35 73 19 8 77 12 67 72 61 26 35 45 14 48 41 47 56 87 31 33 12 46 62 27 23 88 55 85 63 22 11 35 37 77 53 19 26 79 54 77 22 17 65 36 14 68 59 45 29 48 57 17 85 53 92 52 99 57 11 12 0 23 51 77 88 90 57 40 43 51 98 20 23 58 31 21 79 32 62 53 90 57 32 45 41 4 73 50 1 8 91 45 73 59 64 55 7 23 47 78 76 23 
63 63 55 31 33 45 40 10 53 53 45 37 33 20 49 45 55 51 8 44 63 31 54 17 52 11 20 41 60 42 28 49 12 15 55 12 48 48 38 22 27 35 36 44 40 42 40 69 7 31 24 24 38 23 30 65 41 66 39 4 28 14 29 56 35 6 42 59 43 57 11 38 41 14 10 44 38 22 6 27 40 36 61 39 69 29 75 41 29 25 23 0 32 53 64 66 42 33 30 39 75 40 29 40 29 19 56 32 41 38 66 42 34 33 20 28 50 26 25 16 72 45 50 43 47 43 29 25 36 54 52 34 
92 92 38 33 55 42 55 42 41 31 65 6 63 38 18 57 54 56 24 25 36 0 54 47 61 23 30 53 50 21 57 46 44 43 29 43 16 45 41 28 56 62 57 73 70 71 12 37 28 31 56 37 28 55 41 40 14 35 26 29 59 35 23 27 54 33 55 27 66 25 43 57 30 33 41 27 10 15 25 7 9 55 53 13 63 38 67 11 59 45 51 32 0 49 56 54 13 24 14 15 67 58 61 8 30 51 56 63 11 59 47 13 66 58 11 54 49 16 52 42 40 75 51 13 15 66 53 35 60 47 38 45 
79 79 21 22 87 8 93 55 13 29 41 47 61 36 60 26 5 16 48 27 42 49 7 68 23 56 33 27 11 30 55 3 59 69 37 64 51 5 15 69 55 51 89 63 66 62 60 65 46 76 73 31 20 60 81 37 63 62 23 56 78 41 69 44 35 60 94 53 48 53 56 92 19 40 62 25 42 39 49 43 56 90 9 63 15 25 21 59 79 79 77 53 49 0 11 16 62 71 63 65 21 93 71 54 74 61 8 66 44 40 29 62 68 47 46 81 5 34 78 70 64 70 8 59 56 47 83 74 48 5 17 85 
90 90 20 33 98 19 103 67 15 30 52 53 73 48 63 37 14 26 59 31 40 56 16 80 32 66 44 38 6 35 67 15 70 80 38 75 54 16 27 78 67 63 100 74 78 73 66 65 57 84 85 43 28 72 91 34 69 62 29 67 89 53 77 45 46 70 104 53 59 54 67 102 26 51 74 29 47 48 60 50 61 101 3 69 8 37 11 64 90 89 88 64 56 11 0 6 67 79 70 71 11 104 83 59 83 73 15 78 49 52 23 67 80 58 55 93 17 43 89 81 62 82 19 64 60 58 94 84 59 10 18 95 
95 95 17 35 99 23 104 70 13 26 58 51 78 51 60 42 20 32 60 29 34 55 21 82 38 67 46 43 5 33 71 19 73 82 33 78 51 20 31 79 71 68 102 80 83 78 64 60 59 84 88 46 29 76 91 28 67 57 29 68 92 56 77 41 51 72 105 49 65 50 70 104 26 54 76 27 45 48 61 50 59 102 7 67 13 40 13 62 93 90 90 66 54 16 6 0 65 78 69 69 14 105 87 57 83 76 21 82 46 57 17 65 84 63 55 95 22 43 91 83 57 87 24 62 57 64 95 84 64 12 16 95 
105 105 48 46 59 55 55 52 52 40 79 14 75 51 10 71 67 70 35 36 40 13 67 55 75 31 44 67 61 32 69 59 55 50 35 52 16 58 54 31 68 74 60 85 82 83 1 31 40 29 64 51 41 66 41 46 2 30 39 39 66 48 21 30 67 41 55 26 79 24 53 59 43 46 50 38 20 28 36 21 5 57 65 3 75 52 78 3 67 48 57 42 13 62 67 65 0 20 13 6 79 59 71 7 30 61 69 74 18 72 54 0 76 71 24 60 62 30 58 48 36 87 65 4 10 80 57 36 74 59 49 45 
96 96 62 51 40 63 34 43 64 55 77 29 66 49 30 73 75 75 29 49 59 23 75 41 78 22 44 69 73 45 61 68 44 34 52 39 35 67 60 14 60 69 40 77 72 76 20 51 35 9 49 51 51 56 21 64 17 50 49 28 51 44 3 49 66 29 35 46 75 44 44 39 53 43 37 50 34 32 30 28 24 38 76 16 86 54 90 22 51 29 40 33 24 71 79 78 20 0 9 13 91 39 58 25 10 50 77 64 34 70 71 20 65 66 25 42 70 36 41 32 56 78 72 24 30 76 39 17 69 69 62 25 
94 94 53 43 45 55 42 41 55 46 72 20 64 44 24 66 66 68 25 40 50 14 67 42 71 19 38 62 64 36 59 59 43 36 43 39 27 58 52 17 58 65 46 74 71 73 13 44 30 17 50 45 42 54 28 55 11 43 40 26 53 40 8 40 61 28 42 38 71 36 42 46 44 38 37 41 25 24 26 19 16 44 67 10 77 48 81 15 53 34 43 30 14 63 70 69 13 9 0 8 82 46 58 17 17 49 69 63 25 65 61 14 64 62 17 46 62 28 44 34 50 76 64 17 23 71 43 22 65 61 53 32 
102 102 53 48 53 58 48 49 56 45 78 18 72 50 16 72 69 72 33 40 46 15 70 51 76 28 44 68 65 36 67 62 51 45 40 47 22 61 56 25 66 73 54 83 79 81 6 37 38 23 59 51 44 62 35 52 3 36 42 35 61 47 15 36 67 37 48 33 78 30 50 53 46 45 46 42 24 29 34 22 11 51 69 3 78 53 82 9 62 42 51 39 15 65 71 69 6 13 8 0 83 53 67 12 23 57 72 71 23 72 60 6 73 69 23 54 65 31 52 43 43 84 67 10 17 79 52 30 72 62 53 38 
94 94 31 43 108 29 114 76 26 40 56 64 80 57 74 42 21 31 70 43 49 68 22 90 36 77 54 44 17 46 75 25 80 90 48 85 65 26 37 90 74 69 111 80 84 79 77 75 67 96 94 52 40 80 102 42 81 71 41 77 99 62 89 55 53 81 115 64 64 65 77 113 37 61 84 41 58 59 71 62 73 111 14 80 6 46 2 76 100 100 98 75 67 21 11 14 79 91 82 83 0 115 91 71 95 82 20 85 60 58 31 78 87 65 66 103 25 54 99 91 72 88 26 75 71 63 104 95 66 21 30 106 
82 82 92 71 9 85 6 42 92 88 80 64 57 60 69 84 95 91 45 79 95 58 95 29 91 38 60 79 100 76 56 90 40 25 87 32 73 88 78 29 56 66 7 68 61 67 59 90 47 30 32 64 76 48 17 98 56 89 77 37 29 54 37 85 73 33 7 84 75 82 42 3 79 54 33 80 68 57 44 58 62 3 101 55 109 70 115 61 29 14 20 40 58 93 104 105 59 39 46 53 115 0 42 63 29 42 97 52 70 74 103 59 52 66 52 17 90 62 20 24 96 65 91 62 69 76 14 23 68 94 90 14 
40 40 80 52 33 63 46 20 76 80 43 67 15 35 79 52 70 61 37 70 91 61 69 17 59 39 42 48 81 69 18 67 17 24 83 19 77 66 55 45 18 26 35 26 18 25 70 98 34 53 10 40 62 11 45 92 70 96 65 32 13 32 55 85 39 30 48 88 35 86 19 39 65 34 21 70 67 50 36 56 70 39 80 68 85 46 92 71 14 35 23 29 61 71 83 87 71 58 58 67 91 42 0 70 51 11 71 10 71 37 91 71 9 29 50 25 66 54 23 26 102 22 65 73 77 37 29 44 30 74 76 46 
101 101 40 40 61 48 59 50 44 32 73 6 72 47 9 65 59 63 32 28 34 8 60 55 68 31 39 61 53 24 66 52 53 50 27 51 10 51 48 34 65 70 63 81 79 80 6 29 37 34 63 46 34 63 45 39 9 27 31 38 66 44 25 23 62 41 59 21 75 19 51 63 35 42 49 30 12 23 34 16 1 61 57 9 67 46 70 4 67 50 58 40 8 54 59 57 7 25 17 12 71 63 70 0 34 59 62 72 11 67 47 7 74 66 20 61 55 24 59 49 33 84 57 4 6 75 59 39 69 51 41 49 
90 90 68 53 29 66 25 38 69 62 74 36 60 48 40 72 77 76 28 54 67 30 77 33 79 19 44 68 78 51 56 71 38 26 60 32 44 69 61 7 55 64 30 72 66 70 29 61 33 2 41 51 54 49 11 71 27 60 54 24 42 42 8 57 64 23 25 55 72 53 38 29 57 42 31 56 41 35 28 33 33 27 80 26 89 55 94 32 42 20 31 29 30 74 83 83 30 10 17 23 95 29 51 34 0 44 79 57 42 67 77 30 59 62 28 32 72 40 31 24 66 71 74 33 40 73 29 7 65 73 67 15 
46 46 69 41 33 53 45 8 65 68 38 56 16 25 68 44 61 53 26 59 80 50 60 12 52 29 31 40 71 58 14 57 6 18 72 12 66 56 45 37 13 23 36 28 22 27 60 88 23 46 12 30 51 6 40 81 60 85 53 22 17 21 47 73 32 20 47 77 32 75 7 39 54 23 12 59 56 39 25 45 60 38 70 58 76 36 83 61 18 31 21 19 51 61 73 76 61 50 49 57 82 42 11 59 44 0 62 14 60 32 80 61 15 24 39 25 56 43 22 21 91 27 56 62 66 34 28 37 26 64 65 42 
74 74 29 26 89 13 97 57 21 38 37 55 60 37 67 22 2 11 52 35 50 56 2 70 17 60 36 23 18 38 54 9 60 72 46 66 59 10 18 74 53 49 92 60 64 58 68 74 49 81 74 33 27 60 85 45 70 70 30 60 79 43 75 53 32 63 98 61 44 61 57 95 26 42 64 33 49 45 53 49 63 93 13 70 14 27 22 66 80 82 79 56 56 8 15 21 69 77 69 72 20 97 71 62 79 62 0 64 52 37 36 69 67 44 52 83 7 40 80 73 72 67 6 67 64 43 85 79 45 13 25 89 
32 32 77 48 43 59 56 21 72 78 34 68 5 32 82 44 64 54 39 69 90 63 63 25 51 43 40 41 76 68 10 62 20 31 82 25 79 61 51 51 11 17 45 16 9 15 73 100 35 60 20 36 59 9 53 90 73 98 62 36 23 30 61 85 32 34 58 89 26 87 21 49 62 32 26 68 68 51 38 58 73 48 75 72 79 41 86 74 24 43 32 32 63 66 78 82 74 64 63 71 85 52 10 72 57 14 64 0 72 29 88 75 2 20 52 34 60 54 32 34 103 13 59 76 79 27 38 51 21 69 73 55 
98 98 29 33 67 39 67 51 34 21 68 5 70 43 15 58 49 55 33 17 25 12 50 58 60 34 34 54 42 14 64 42 54 54 17 53 7 41 39 40 63 67 69 79 77 77 17 28 37 42 66 41 25 63 53 29 20 25 21 40 69 42 34 15 57 43 67 17 70 15 52 69 25 40 51 19 3 20 35 14 12 67 46 20 56 40 59 15 70 57 62 41 11 44 49 46 18 34 25 23 60 70 71 11 42 60 52 72 0 62 36 18 74 63 21 66 45 18 63 53 31 83 48 15 12 70 65 46 65 41 30 57 
39 39 56 30 64 35 75 31 50 60 7 61 23 21 76 15 37 26 40 52 74 59 36 44 22 48 28 13 52 53 19 37 33 48 67 41 70 37 28 60 19 12 67 22 26 21 71 90 35 69 44 21 42 27 68 72 72 87 45 43 48 25 67 71 6 44 77 78 8 77 31 71 43 26 40 51 59 44 39 51 69 70 49 71 51 22 59 71 49 61 53 38 59 40 52 57 72 70 65 72 58 74 37 67 67 32 37 29 62 0 67 72 31 8 48 57 34 44 54 50 92 30 33 72 73 8 60 63 8 45 52 71 
106 106 11 40 98 31 100 72 17 15 69 42 85 56 47 55 34 45 59 23 18 47 36 84 52 64 49 54 18 26 78 30 76 82 19 79 39 30 39 74 77 77 100 89 91 87 53 44 59 78 90 51 29 81 87 11 57 40 27 67 94 59 70 26 61 71 101 34 75 35 73 101 26 57 77 22 36 45 61 44 49 100 23 57 31 47 29 51 95 88 90 66 47 29 23 17 54 71 61 60 31 103 91 47 77 80 36 88 36 67 0 54 91 72 51 95 34 40 92 82 40 95 37 50 45 75 95 80 74 23 15 91 
105 105 48 46 59 55 55 53 52 39 79 14 75 51 10 71 66 70 35 35 40 13 67 55 75 31 44 67 61 32 69 59 55 50 34 52 16 58 54 31 68 74 60 85 82 83 1 30 40 29 64 51 41 66 41 45 3 30 38 39 66 48 21 29 67 41 55 26 79 24 53 60 42 46 50 37 20 28 36 21 5 58 65 3 74 52 78 2 67 48 57 42 13 62 67 65 0 20 14 6 78 59 71 7 30 61 69 75 18 72 54 0 76 71 24 60 62 30 58 48 36 87 64 3 10 80 58 36 73 59 48 45 
31 31 79 50 43 61 56 23 74 80 35 71 7 34 84 46 66 57 41 71 93 65 65 25 53 45 42 43 78 70 12 64 21 32 84 27 81 64 53 52 13 19 45 16 9 15 75 102 37 61 20 39 62 11 54 93 75 100 65 38 22 32 62 87 34 36 58 91 27 90 22 49 64 35 28 71 70 53 40 60 75 49 77 74 81 44 89 76 23 44 32 34 66 68 80 84 76 65 64 73 87 52 9 74 59 15 67 2 74 31 91 76 0 22 54 34 63 56 32 35 105 12 61 77 81 29 38 52 23 71 75 56 
36 36 61 33 57 41 68 25 55 64 14 61 15 20 75 23 44 34 36 55 77 58 43 36 31 44 28 20 58 55 11 43 26 41 69 34 71 43 33 55 11 4 60 17 19 15 69 91 31 64 36 22 45 19 62 76 70 88 48 38 40 22 63 73 11 38 70 79 9 78 25 63 47 24 34 54 59 43 35 50 67 62 56 69 59 25 66 69 41 54 45 33 58 47 58 63 71 66 62 69 65 66 29 66 62 24 44 20 63 8 72 71 22 0 46 49 41 44 46 43 93 23 39 71 72 10 52 57 2 50 56 65 
81 81 41 26 47 38 49 30 41 36 55 17 51 27 30 49 49 50 12 27 44 11 49 37 54 13 20 45 49 24 45 43 33 33 36 32 27 41 34 23 44 50 50 61 58 59 22 48 16 29 44 28 26 43 36 47 24 46 26 19 48 24 23 36 44 22 50 38 55 36 31 51 29 22 30 28 18 6 14 7 21 49 52 22 61 30 66 23 49 37 41 20 11 46 55 55 24 25 17 23 66 52 50 20 28 39 52 52 21 48 51 24 54 46 0 45 44 11 42 32 52 64 46 24 27 55 44 29 49 45 39 40 
65 65 84 59 8 73 21 27 82 81 63 61 39 46 69 68 82 76 35 71 90 54 81 13 76 31 48 64 89 69 39 77 24 12 82 17 71 76 66 28 38 49 10 51 43 50 59 90 35 34 14 50 67 30 23 92 58 89 68 27 12 40 39 81 57 23 23 82 58 80 26 14 70 41 19 72 63 49 34 52 61 14 89 56 96 56 103 61 11 12 4 28 54 81 93 95 60 42 46 54 103 17 25 61 32 25 83 34 66 57 95 60 34 49 45 0 77 54 3 12 95 47 77 62 68 59 4 25 51 83 81 23 
73 73 25 19 83 6 90 51 17 33 35 48 56 31 61 20 5 11 45 29 46 49 5 64 18 53 29 21 17 32 50 3 54 65 41 60 52 4 11 66 49 46 86 57 60 56 61 68 43 74 68 26 20 55 78 42 63 65 23 53 73 37 67 47 29 56 91 55 42 55 51 88 19 36 58 27 42 37 46 42 57 86 14 63 19 21 26 59 74 75 73 50 49 5 17 22 62 70 62 65 25 90 66 55 72 56 7 60 45 34 34 62 63 41 44 77 0 33 74 66 67 64 3 60 57 41 79 72 42 10 21 82 
80 80 30 16 58 27 61 34 29 26 49 17 52 24 32 41 38 40 19 17 37 16 38 44 44 24 15 37 37 15 46 31 37 41 28 39 26 30 24 35 45 48 60 60 59 58 28 47 20 41 51 22 14 45 48 38 31 44 14 27 55 23 34 30 38 31 62 35 51 34 35 61 17 21 37 18 15 5 20 8 25 59 40 30 49 22 54 28 56 48 50 26 16 34 43 43 30 36 28 31 54 62 54 24 40 43 40 54 18 44 40 30 56 44 11 54 33 0 51 41 49 64 35 29 29 51 54 41 46 33 27 52 
63 63 81 56 10 69 23 23 78 78 60 58 36 42 67 65 79 73 32 68 87 52 78 10 73 29 45 61 85 66 36 74 21 9 79 14 68 73 62 27 35 46 13 48 41 47 57 88 32 33 12 47 63 27 23 89 56 86 65 24 11 37 38 78 54 20 25 80 55 78 23 17 66 38 15 69 61 46 31 50 59 16 86 55 93 53 100 59 10 12 1 25 52 78 89 91 58 41 44 52 99 20 23 59 31 22 80 32 63 54 92 58 32 46 42 3 74 51 0 10 93 45 74 60 66 56 6 24 48 79 78 24 
66 66 71 47 16 61 25 18 69 68 57 48 37 36 57 60 71 66 22 59 77 41 71 9 67 19 37 55 77 56 35 66 17 2 69 9 58 65 55 18 34 44 19 49 43 48 47 78 23 26 17 40 54 27 19 79 46 76 55 14 18 29 29 68 49 10 27 70 53 68 18 21 57 30 9 59 51 36 21 39 49 20 78 45 85 46 92 49 18 10 8 16 42 70 81 83 48 32 34 43 91 24 26 49 24 21 73 34 53 50 82 48 35 43 32 12 66 41 10 0 82 48 67 50 56 54 12 17 46 71 68 21 
129 129 43 61 95 62 91 82 50 34 96 35 102 73 26 84 70 78 64 39 22 41 71 88 85 64 65 82 56 38 95 63 85 84 26 84 24 63 65 67 94 98 96 110 108 108 36 6 68 66 96 71 50 94 78 29 39 6 46 70 100 73 58 20 86 74 91 14 100 15 83 96 49 71 82 41 34 52 66 45 34 94 62 40 70 69 70 34 100 84 91 72 40 64 62 57 36 56 50 43 72 96 102 33 66 91 72 103 31 92 40 36 105 93 52 95 67 49 93 82 0 114 70 33 27 100 93 72 96 59 46 81 
18 18 84 56 55 64 69 34 78 86 32 80 12 41 94 45 67 56 52 77 99 75 66 38 52 56 49 43 81 77 18 67 33 45 91 39 90 66 56 64 19 18 58 8 5 8 86 111 47 73 33 44 68 21 67 99 86 109 71 49 35 40 74 95 35 48 71 100 23 98 34 61 70 42 40 77 79 62 50 69 85 61 79 85 81 48 89 86 35 56 45 45 75 70 82 87 87 78 76 84 88 65 22 84 71 27 67 13 83 30 95 87 12 23 64 47 64 64 45 48 114 0 63 88 91 25 51 64 22 74 80 68 
71 71 28 20 83 9 91 51 20 36 33 50 55 31 64 18 4 8 46 32 49 51 4 64 15 55 30 19 19 34 49 6 54 65 44 60 55 7 12 68 48 44 86 55 59 54 63 71 43 75 68 26 23 54 79 45 66 68 26 53 73 37 69 50 27 57 92 58 40 58 51 89 22 36 58 30 45 39 47 44 59 87 16 65 19 21 27 62 74 76 73 50 51 8 19 24 65 72 64 67 26 91 65 57 74 56 6 59 48 33 37 64 61 39 46 77 3 35 74 67 70 63 0 62 60 39 79 73 40 13 24 83 
105 105 45 45 62 53 58 54 49 36 78 11 76 51 6 70 64 68 36 32 36 12 65 57 73 33 43 66 58 29 70 57 56 52 31 53 12 56 52 34 69 75 63 85 83 84 3 27 41 33 66 50 39 67 45 42 6 26 36 40 68 48 25 26 67 43 59 22 79 20 55 63 40 46 52 34 17 28 37 20 3 61 62 7 72 51 75 1 69 51 59 43 13 59 64 62 4 24 17 10 75 62 73 4 33 62 67 76 15 72 50 3 77 71 24 62 60 29 60 50 33 88 62 0 6 79 60 39 73 56 45 48 
107 107 40 44 68 51 65 57 45 31 79 11 78 52 3 69 61 67 39 29 30 15 62 62 72 37 44 66 54 26 72 54 60 57 25 58 6 53 51 40 71 76 69 88 85 86 10 22 44 39 70 51 37 70 51 36 13 20 34 44 73 50 31 19 67 47 65 16 80 13 58 69 38 48 56 31 15 29 41 22 7 67 58 13 68 51 70 8 74 57 64 47 15 56 60 57 10 30 23 17 71 69 77 6 40 66 64 79 12 73 45 10 81 72 27 68 57 29 66 56 27 91 60 6 0 80 66 45 75 53 41 55 
31 31 64 38 67 43 79 35 57 68 7 69 22 28 84 21 44 32 46 61 82 66 42 46 27 54 36 20 59 61 19 44 36 51 75 44 78 44 36 65 20 10 70 17 22 16 78 98 41 75 45 29 50 28 72 80 79 95 54 48 49 31 73 79 14 49 80 86 1 85 35 73 51 33 44 59 66 51 45 59 76 72 56 78 57 30 65 78 50 64 55 43 66 47 58 64 80 76 71 79 63 76 37 75 73 34 43 27 70 8 75 80 29 10 55 59 41 51 56 54 100 25 39 79 80 0 62 68 7 52 60 75 
69 69 84 60 4 74 17 29 82 80 66 59 43 48 67 71 84 78 35 71 89 53 83 16 78 31 49 67 90 69 42 79 26 13 81 19 69 78 67 26 42 52 7 54 47 53 57 88 36 31 18 52 67 34 20 92 55 87 68 27 16 42 37 80 59 23 19 81 61 79 29 10 70 43 20 72 62 49 34 52 59 10 91 54 98 58 104 59 16 9 7 29 53 83 94 95 57 39 43 52 104 14 29 59 29 28 85 38 65 60 95 58 38 52 44 4 79 54 6 12 93 51 79 60 66 62 0 22 54 84 81 19 
83 83 70 52 22 66 20 32 71 65 70 41 54 45 46 70 77 74 26 57 71 34 77 26 76 18 43 65 79 54 50 71 32 19 64 25 49 69 60 6 50 59 23 66 60 64 36 67 30 9 34 48 55 43 6 75 34 66 55 20 34 39 15 62 61 19 21 61 67 59 33 23 58 39 25 58 45 36 26 36 38 21 81 33 90 53 95 38 34 12 23 25 35 74 84 84 36 17 22 30 95 23 44 39 7 37 79 51 46 63 80 36 52 57 29 25 72 41 24 17 72 64 73 39 45 68 22 0 60 74 69 10 
33 33 63 35 59 42 71 27 56 66 12 64 15 22 78 23 45 34 39 57 79 60 44 38 31 46 31 21 59 58 12 44 28 43 72 36 73 44 35 58 12 3 62 15 18 13 72 94 34 67 37 24 47 20 64 78 73 91 50 40 41 25 65 76 12 41 72 82 6 81 27 65 49 27 36 57 62 46 38 53 70 64 57 72 59 27 67 72 42 56 47 36 60 48 59 64 74 69 65 72 66 68 30 69 65 26 45 21 65 8 74 73 23 2 49 51 42 46 48 46 96 22 40 73 75 7 54 60 0 52 58 67 
84 84 16 23 88 10 93 57 8 24 46 44 65 38 56 31 11 21 48 23 36 47 12 70 28 56 34 31 7 27 59 7 60 70 33 65 47 7 18 68 58 55 90 67 70 66 57 61 47 74 75 33 18 63 80 32 60 57 20 57 80 43 67 40 39 60 94 48 53 48 58 92 16 41 64 21 38 38 50 41 53 90 7 60 16 28 21 56 81 79 78 54 47 5 10 12 59 69 61 62 21 94 74 51 73 64 13 69 41 45 23 59 71 50 45 83 10 33 79 71 59 74 13 56 53 52 84 74 52 0 12 85 
91 91 4 24 85 17 89 57 4 12 55 34 69 40 45 40 23 32 46 13 24 38 24 69 39 52 34 39 12 16 63 17 61 68 20 65 36 17 23 63 62 61 87 74 75 72 47 48 45 68 75 36 14 66 75 20 51 44 13 54 80 44 60 27 46 58 90 35 60 36 58 89 11 42 63 11 28 33 47 33 43 87 16 50 26 31 29 46 81 76 76 52 38 17 18 16 49 62 53 53 30 90 76 41 67 65 25 73 30 52 15 48 75 56 39 81 21 27 78 68 46 80 24 45 41 60 81 69 58 12 0 80 
87 87 81 63 17 76 9 39 82 76 78 51 59 54 55 79 87 84 36 68 82 45 87 30 86 28 53 75 90 65 56 81 38 24 74 30 59 80 71 16 56 66 17 71 64 69 45 76 40 15 36 58 66 48 4 86 42 75 66 30 35 48 23 72 69 27 10 71 74 68 40 15 69 48 31 69 56 47 36 46 48 13 92 41 100 63 106 47 35 11 23 34 45 85 95 95 45 25 32 38 106 14 46 49 15 42 89 55 57 71 91 45 56 65 40 23 82 52 24 21 81 68 83 48 55 75 19 10 67 85 80 0 
