130 10894.89 0 1680 14 120
46.15 37.69 20.96 59.49 92.17 52.55 84.17 26.83 53.37 8.16 58.92 14.37 28.09 79.09 13.75 68.13 63.27 25.79 57.93 31.31 13.55 28.59 9.24 86.19 42.55 53.4 80.84 27.25 39.9 23.51 30.08 71.95 29.57 85.32 62.22 35.87 84.68 30.6 70.24 62.32 17.31 6.35 35.09 92.09 70.74 95.49 74.05 6.99 16.89 71.06 25.77 70.49 23.39 82.86 69.45 92.89 26.01 83.72 25.1 91.15 68.81 81.43 42.2 65.34 83.47 87.65 40.82 4.51 78.96 53.9 82.73 83.97 81.89 15.37 63.15 95.62 18.56 83.82 36.84 19.1 63.31 79.15 74.09 83.01 35.55 68.07 50.91 60.8 81.54 79.16 49.62 45.56 5.11 9.56 7.16 90.02 46.99 14.4 6.73 73.23 18.98 1.72 3.19 27.21 19.55 12.91 5.71 51.14 45.59 12.56 95.73 47.32 1.93 93.47 93.26 51.11 52.74 71.45 38.22 90.84 13.06 92.78 34.47 31.28 50.24 73.36 74.07 8.71 95.8 80.17 
72.74 18.16 23.71 50.1 85.76 29.07 80.17 53.91 59.4 25.47 53.2 34.67 89.49 43.1 20.62 60.58 58.46 79.28 45.33 83.3 78.32 73.97 20.73 62.43 83.92 46.94 65.53 62.2 61.12 32.11 57.4 26.32 38.36 54.07 86.0 70.3 22.16 40.7 50.73 48.64 34.61 77.92 39.46 10.52 84.24 79.36 46.47 10.09 81.57 63.19 17.43 65.16 68.64 84.88 60.26 52.84 50.65 39.76 20.19 71.35 73.04 25.23 59.02 83.09 28.27 54.37 38.18 24.61 31.8 41.43 39.06 10.22 43.63 42.37 82.63 34.44 59.47 41.08 49.49 53.3 49.85 89.39 72.61 83.66 53.49 41.31 28.0 75.03 69.41 33.44 42.65 83.17 80.82 23.88 76.35 14.94 63.25 41.87 16.98 27.92 74.34 40.4 24.33 35.25 48.13 80.55 53.27 32.97 35.45 84.18 72.17 81.53 78.39 10.7 52.58 48.97 70.66 66.62 72.73 61.2 54.6 45.89 72.27 24.77 32.2 13.48 74.76 67.16 85.06 10.79 
5 4 2 6 9 5 8 3 5 1 6 2 3 8 2 7 6 3 6 3 2 3 1 8 4 5 8 3 4 3 3 7 3 8 6 4 8 3 7 6 2 1 4 9 7 9 7 1 2 7 3 7 3 8 7 9 3 8 3 9 7 8 4 6 8 8 4 1 8 5 8 8 8 2 6 9 2 8 4 2 6 8 7 8 4 7 5 6 8 8 5 5 1 1 1 9 5 2 1 7 2 1 1 3 2 2 1 5 5 2 9 5 1 9 9 5 5 7 4 9 2 9 4 3 5 7 7 1 9 8 
1 2 3 4 5 6 7 8 9 10 11 12 13 14 15 16 17 18 19 20 21 22 23 24 25 26 27 28 29 30 31 32 33 34 35 36 37 38 39 40 41 42 43 44 45 46 47 48 49 50 51 52 53 54 55 56 57 58 59 60 61 62 63 64 65 66 67 68 69 70 71 72 73 74 75 76 77 78 79 80 81 82 83 84 85 86 87 88 89 90 91 92 93 94 95 96 97 98 99 100 101 102 103 104 105 106 107 108 109 110 111 112 113 114 115 116 117 118 119 120 121 122 123 124 125 126 127 128 129 130 
3 2 1 3 2 3 3 1 3 2 3 1 1 3 1 1 3 1 3 1 1 1 2 3 2 3 3 1 2 1 1 1 1 3 3 2 3 1 1 3 1 2 2 2 1 2 1 2 1 1 1 1 1 3 1 2 1 3 1 2 1 3 2 3 3 3 2 2 3 3 3 3 3 1 3 2 1 3 2 1 3 3 1 3 2 1 3 3 3 3 3 3 2 2 2 2 3 1 2 1 1 2 2 1 1 1 2 3 3 1 2 3 2 2 2 3 3 1 2 2 1 2 2 1 3 1 1 2 2 3 
3 1 3 3 3 3 1 1 3 2 3 3 1 1 3 2 3 1 3 1 3 1 2 1 1 3 1 1 1 1 1 2 1 1 3 1 1 1 2 3 3 2 1 3 2 3 2 2 3 2 1 2 1 1 2 3 1 1 1 3 2 1 1 3 1 1 1 2 1 3 1 1 1 3 3 3 3 1 1 3 3 1 2 1 1 2 3 3 1 1 3 3 2 2 2 3 3 3 2 2 3 2 2 1 3 3 2 3 3 3 3 3 2 3 3 3 3 2 1 3 3 3 1 1 3 2 2 2 3 1 
9 3 10 5 8 8 1 7 9 2 5 6 10 3 2 7 4 6 1 8 8 6 8 5 10 5 7 4 7 8 9 3 7 3 8 7 9 2 9 4 3 4 2 1 10 10 10 2 5 2 9 2 4 10 9 1 7 3 9 2 2 3 10 4 1 5 5 6 9 3 6 3 9 7 5 4 7 5 1 5 10 2 2 6 8 4 5 2 7 3 10 6 9 1 5 3 7 1 1 4 8 5 2 9 4 8 6 10 1 1 2 2 6 4 2 6 1 10 3 4 7 10 9 8 7 4 3 7 4 10 
3226.79 4558.13 4762.31 4512.63 4418.41 4394.26 4081.93 3883.96 3229.61 4636.31 4495.71 4099.23 4745.9 4776.4 4516.84 4250.58 3861.18 4184.84 4095.74 4464.83 4539.36 4208.25 4559.9 4653.21 4588.21 4570.02 4122.59 3322.3 3923.29 4453.68 3236.48 4686.97 4000.63 4672.21 4470.27 3883.18 3233.28 4810.6 3229.71 4039.53 4811.14 4063.29 4695.05 4172.92 4633.86 4610.56 4837.19 4378.88 4581.75 4136.0 3229.02 4493.41 4140.35 4262.99 3228.03 4121.03 3882.88 4739.23 3222.11 4772.77 4560.14 4684.4 4330.69 3355.77 4201.27 4398.72 4529.28 4545.76 3236.56 4145.95 3872.37 3985.27 3226.45 3921.12 4375.84 3865.48 3803.37 4548.64 4084.52 4395.04 4602.22 4095.49 4467.14 3888.1 4529.25 3718.54 4667.32 4243.84 3889.19 4582.44 4627.96 4574.03 3236.28 4081.74 4500.05 4140.31 3854.67 4102.82 4147.05 3609.29 4592.47 4362.82 4596.02 3233.99 3577.02 4573.87 4263.4 4471.38 4160.11 4152.45 4309.01 4745.38 4606.42 4080.13 4095.58 4285.79 4212.64 4373.45 4200.92 3292.1 3800.06 4392.33 3223.9 4460.76 4235.83 3378.21 4868.86 4034.37 3601.05 4539.6 
0.39 0.84 0.31 0.62 0.68 0.36 0.28 0.79 0.59 0.36 0.65 0.42 0.34 0.84 0.47 0.83 0.5 0.18 0.2 0.58 0.34 0.19 0.28 0.62 0.45 0.62 0.84 0.59 0.77 0.57 0.21 0.85 0.78 0.85 0.49 0.83 0.43 0.32 0.35 0.54 0.85 0.49 0.4 0.41 0.5 0.38 0.38 0.46 0.64 0.35 0.16 0.44 0.61 0.28 0.3 0.36 0.81 0.85 0.69 0.21 0.15 0.85 0.34 0.58 0.27 0.63 0.65 0.33 0.37 0.84 0.43 0.85 0.22 0.82 0.65 0.59 0.78 0.62 0.31 0.64 0.24 0.38 0.15 0.37 0.38 0.55 0.62 0.17 0.78 0.84 0.3 0.46 0.48 0.37 0.64 0.85 0.83 0.32 0.16 0.62 0.33 0.62 0.48 0.6 0.57 0.6 0.16 0.5 0.16 0.25 0.19 0.47 0.13 0.66 0.37 0.14 0.34 0.41 0.85 0.71 0.79 0.34 0.16 0.27 0.8 0.72 0.85 0.81 0.67 0.29 
0.89 0.61 0.96 0.58 0.91 0.62 0.77 1.0 0.53 0.86 0.59 1.0 0.58 0.66 1.0 0.97 0.98 0.89 0.97 1.0 1.0 0.52 0.72 0.81 0.55 0.91 0.51 0.6 0.68 1.0 1.0 1.0 0.65 1.0 0.57 0.98 0.74 0.77 0.82 0.71 0.66 0.55 1.0 0.96 0.75 0.66 1.0 0.6 0.62 0.52 1.0 0.98 0.76 1.0 0.51 0.73 1.0 0.6 1.0 0.75 0.68 0.77 0.71 0.63 0.54 1.0 0.65 0.87 0.72 0.52 0.67 0.99 0.8 1.0 0.85 0.82 0.51 1.0 0.53 0.81 0.71 0.97 0.86 0.79 0.77 0.6 0.99 1.0 0.82 1.0 1.0 0.53 0.62 0.56 1.0 0.87 0.62 0.5 0.69 0.74 0.8 0.58 0.5 0.94 0.58 0.79 1.0 0.5 0.75 0.62 0.93 0.91 0.87 0.81 0.88 1.0 0.9 0.99 1.0 0.65 0.85 0.53 0.75 0.58 0.51 0.62 1.0 0.88 0.91 1.0 
0.82 0.62 0.82 0.55 1.0 0.52 0.56 0.75 0.92 0.91 0.85 0.58 0.71 1.0 0.89 0.84 0.61 0.59 0.83 1.0 0.71 0.78 1.0 0.56 0.68 1.0 1.0 0.67 0.61 1.0 0.68 0.79 0.8 0.52 0.8 1.0 0.68 0.56 1.0 0.76 0.93 0.59 0.71 0.95 1.0 0.69 0.51 0.86 0.68 0.69 0.57 0.81 0.86 0.95 0.92 1.0 0.67 0.72 0.85 0.79 1.0 0.72 0.76 1.0 0.7 0.56 0.58 1.0 0.54 0.79 0.9 0.67 0.9 0.9 0.81 0.51 0.64 0.92 1.0 0.55 0.79 1.0 0.91 1.0 0.82 0.72 0.54 0.53 0.89 0.76 1.0 0.65 0.77 0.91 0.55 0.66 0.67 0.65 0.88 0.7 0.62 0.68 0.72 1.0 1.0 0.86 0.79 0.98 0.5 0.9 0.57 0.8 0.59 0.86 0.77 0.99 0.72 1.0 0.94 0.57 0.84 0.88 0.96 0.94 0.58 0.82 1.0 0.55 0.59 0.6 
0.88 0.81 0.54 0.73 0.8 0.79 0.88 0.53 1.0 0.77 0.51 0.64 0.96 0.72 0.7 0.62 0.52 1.0 0.98 0.88 0.52 0.8 0.6 0.83 0.89 0.66 1.0 0.99 0.91 0.72 0.95 0.91 0.71 0.96 0.63 0.8 0.6 0.58 0.57 0.89 0.94 0.62 1.0 0.76 0.73 0.53 0.63 0.66 0.66 1.0 1.0 0.68 0.71 0.71 1.0 0.83 0.52 0.89 1.0 0.93 0.73 0.98 0.64 0.72 0.76 0.92 0.76 0.75 0.56 1.0 0.94 1.0 0.89 0.76 0.67 1.0 0.67 0.96 0.8 0.96 1.0 0.71 1.0 1.0 0.51 0.57 0.66 0.96 1.0 0.53 0.99 1.0 0.78 0.96 0.51 0.85 0.8 0.97 0.64 0.66 0.98 1.0 0.59 0.67 0.89 0.74 0.78 0.67 0.93 0.6 0.96 0.8 0.97 0.63 0.66 0.6 0.65 0.87 1.0 0.91 0.58 0.59 0.76 0.99 0.85 0.79 0.98 1.0 1.0 0.87 
1.0 0.74 1.0 0.51 0.52 0.66 0.95 0.85 1.0 0.83 0.7 0.55 1.0 0.67 1.0 0.96 0.97 0.51 1.0 0.66 0.84 0.76 0.85 1.0 0.63 0.97 0.63 1.0 0.7 0.91 0.89 0.73 1.0 0.88 0.67 0.97 1.0 0.64 0.68 0.63 0.76 0.67 0.61 0.68 0.82 0.88 0.52 0.68 0.61 0.64 0.96 0.91 0.52 0.76 0.83 0.67 1.0 0.77 0.82 0.55 0.56 0.94 1.0 0.87 0.59 0.58 1.0 0.55 0.7 0.82 0.51 0.53 0.87 1.0 0.77 0.81 0.65 0.62 0.77 1.0 0.77 0.68 0.8 0.6 0.75 0.94 0.96 0.87 1.0 0.63 1.0 0.81 1.0 0.75 0.52 0.71 0.83 0.54 0.93 1.0 0.64 0.97 0.55 1.0 1.0 0.71 0.68 0.74 1.0 0.54 0.5 0.59 0.53 0.96 1.0 0.58 0.73 0.6 1.0 0.74 0.52 0.77 1.0 0.6 0.81 0.53 0.82 1.0 1.0 0.68 
0.69 0.96 0.63 0.94 0.63 0.79 0.56 0.58 0.62 0.54 0.68 0.79 0.52 1.0 0.51 0.78 1.0 0.76 0.68 0.65 0.96 0.81 0.66 0.76 0.5 1.0 0.65 0.55 0.76 0.94 1.0 0.93 0.74 0.87 0.76 0.62 0.73 0.89 0.77 0.63 0.58 0.79 0.87 0.68 0.79 1.0 1.0 1.0 0.58 0.92 0.71 0.94 1.0 0.71 0.99 0.83 0.67 1.0 0.94 0.91 0.95 0.67 0.77 0.65 0.92 0.58 0.63 1.0 0.53 0.58 0.72 0.89 1.0 0.73 0.65 0.97 0.95 0.62 0.84 0.88 1.0 0.81 1.0 0.83 0.98 0.67 1.0 0.68 0.92 0.99 0.8 0.75 0.88 0.83 0.89 0.9 1.0 0.76 0.66 0.89 0.9 1.0 0.97 0.83 0.9 1.0 0.99 0.82 0.87 0.86 1.0 0.59 0.89 0.56 0.95 1.0 0.72 0.52 1.0 0.8 0.54 0.92 0.63 1.0 1.0 0.79 0.85 0.68 0.84 0.58 
0.44 0.22 0.27 0.11 0.24 0.13 0.2 0.2 0.31 0.27 0.12 0.16 0.21 0.32 0.32 0.38 0.3 0.21 0.54 0.38 0.3 0.2 0.24 0.29 0.11 0.58 0.21 0.22 0.2 0.62 0.58 0.49 0.27 0.38 0.15 0.47 0.22 0.14 0.24 0.19 0.25 0.11 0.38 0.32 0.35 0.21 0.17 0.24 0.1 0.21 0.39 0.46 0.24 0.36 0.38 0.34 0.24 0.3 0.66 0.28 0.26 0.34 0.27 0.26 0.16 0.17 0.18 0.36 0.08 0.19 0.21 0.31 0.56 0.5 0.23 0.33 0.13 0.34 0.28 0.38 0.43 0.38 0.63 0.39 0.24 0.16 0.34 0.3 0.68 0.25 0.79 0.21 0.33 0.31 0.13 0.31 0.28 0.13 0.24 0.3 0.28 0.38 0.11 0.52 0.47 0.36 0.41 0.2 0.31 0.15 0.26 0.2 0.23 0.24 0.42 0.34 0.22 0.27 0.93 0.2 0.12 0.2 0.35 0.32 0.2 0.17 0.69 0.33 0.45 0.21 
846.65 1006.8 608.26 624.55 1228.21 1259.63 881.86 766.08 1146.87 1267.08 703.88 1245.43 734.81 958.13 1351.71 840.77 688.27 979.59 1002.77 1066.37 1211.97 1097.18 982.38 782.6 1021.65 690.62 765.86 687.88 792.97 1704.85 870.45 1230.89 837.06 1231.73 1107.42 831.51 952.25 1494.34 911.63 893.16 1072.36 731.48 1401.16 1192.83 1087.02 663.61 657.81 1392.0 697.48 1471.93 799.9 1325.91 812.61 645.07 866.75 1146.51 763.31 1237.2 1332.0 1182.31 1005.99 1054.5 804.35 743.67 888.51 768.15 696.91 924.38 844.85 849.48 1187.85 815.89 908.3 792.65 753.42 853.88 976.68 730.73 918.8 586.56 661.65 1477.26 1030.78 1141.89 901.04 761.71 589.8 1247.77 788.3 1087.31 861.39 1135.92 1089.66 924.12 678.26 995.78 726.66 826.57 888.29 852.37 1144.47 722.5 1375.54 996.69 786.33 1325.94 1093.6 888.68 933.08 964.94 1239.43 1233.07 995.39 771.79 1243.12 962.77 1141.56 827.64 1174.92 865.98 833.07 663.23 826.02 942.02 858.69 794.5 865.23 704.28 853.23 735.74 
354.47 197.64 167.96 73.17 265.98 167.76 193.6 180.7 300.43 348.42 81.75 188.46 129.79 271.64 449.85 323.94 229.39 156.69 490.93 454.04 418.48 240.91 250.31 211.85 103.78 381.41 200.15 137.71 189.13 999.82 525.13 559.36 237.4 472.53 162.48 411.48 171.35 226.05 181.39 161.45 280.3 80.47 575.46 337.04 407.59 137.57 109.62 345.2 101.28 279.53 326.49 609.2 187.2 189.12 384.72 440.39 175.22 407.59 901.15 260.89 287.89 405.29 158.89 209.93 109.36 137.85 115.88 314.79 77.42 124.17 249.13 243.22 482.16 426.44 178.55 269.34 136.9 281.45 278.18 217.29 323.38 545.84 625.08 463.25 190.91 115.94 214.89 396.88 539.67 258.23 670.23 266.9 348.42 311.21 102.22 313.32 224.89 135.07 186.26 275.69 293.82 261.37 164.93 614.31 369.75 474.99 420.71 189.02 317.77 175.67 298.06 235.66 220.27 178.2 473.06 392.41 260.42 227.02 1110.07 177.8 91.89 139.24 288.87 312.44 171.81 147.35 589.28 246.89 320.74 148.04 
3733.23 4534.01 2541.31 2622.75 5641.03 5798.16 3909.32 3330.41 5234.33 5835.38 3019.41 5727.17 3174.05 4290.63 6258.55 3703.83 2941.35 4397.94 4513.85 4831.84 5559.87 4985.9 4411.9 3413.01 4608.23 2953.1 3329.32 2939.41 3464.83 8024.25 3852.24 5654.47 3685.32 5658.66 5037.09 3657.54 4261.23 6971.72 4058.14 3965.81 4861.79 3157.41 6505.79 5464.17 4935.12 2818.04 2789.03 6459.99 2987.4 6859.64 3499.52 6129.54 3563.07 2725.36 3833.75 5232.53 3316.54 5685.99 6159.99 5411.55 4529.95 4772.52 3521.76 3218.34 3942.56 3340.73 2984.57 4121.9 3724.23 3747.38 5439.27 3579.46 4041.49 3463.26 3267.1 3769.41 4383.4 3153.67 4094.0 2432.8 2808.25 6886.32 4653.89 5209.46 4005.22 3308.56 2449.0 5738.83 3441.49 4936.54 3806.93 5179.62 4948.3 4120.58 2891.32 4478.91 3133.31 3632.87 3941.47 3761.87 5222.34 3112.52 6377.68 4483.46 3431.66 6129.71 4968.0 3943.41 4165.4 4324.71 5697.15 5665.37 4476.95 3358.93 5715.61 4313.87 5207.82 3638.21 5374.59 3829.9 3665.33 2816.17 3630.11 4210.11 3793.47 3472.49 3826.13 3021.4 3766.14 3178.69 
1272.33 488.19 339.81 -134.16 829.89 338.78 467.99 403.51 1002.17 1242.12 -91.27 442.3 148.95 858.22 1749.27 1119.69 646.94 283.47 1954.65 1770.18 1592.42 704.57 751.53 559.25 18.9 1407.07 500.73 188.55 445.66 4499.08 2125.67 2296.82 687.02 1862.65 312.38 1557.4 356.74 630.26 406.93 307.27 901.48 -97.65 2377.31 1185.22 1537.95 187.85 48.08 1226.02 6.38 897.65 1132.43 2546.02 436.01 445.58 1423.61 1701.93 376.12 1537.97 4005.76 804.44 939.44 1526.46 294.44 549.65 46.78 189.23 79.4 1073.93 -112.88 120.84 745.63 716.12 1910.82 1632.21 392.77 846.72 184.48 907.23 890.89 586.47 1116.89 2229.2 2625.41 1816.24 454.57 79.72 574.44 1484.42 2198.37 791.17 2851.17 834.48 1242.09 1056.07 11.08 1066.58 624.47 175.33 431.28 878.47 969.1 806.84 324.63 2571.56 1348.75 1874.93 1603.53 445.09 1088.87 378.33 990.29 678.3 601.36 391.01 1865.32 1462.05 802.11 635.12 5050.37 388.98 -40.55 196.22 944.34 1062.21 359.07 236.77 2446.38 734.47 1103.68 240.2 
129.07 136.74 95.25 180.51 132.55 175.77 163.28 77.68 129.18 139.09 179.83 81.98 94.92 191.06 90.34 85.01 154.45 83.7 163.83 89.3 90.79 84.17 136.8 186.13 137.65 182.8 164.9 66.45 117.7 89.07 64.73 93.74 80.01 186.89 178.81 116.5 129.33 96.21 64.59 161.58 96.22 121.9 140.85 125.19 92.68 138.32 96.74 131.37 91.63 82.72 64.58 89.87 82.81 170.52 64.56 123.63 77.66 189.57 64.44 143.18 91.2 187.38 129.92 134.23 168.05 175.95 135.88 136.37 129.46 165.84 154.89 159.41 129.06 78.42 175.03 115.96 76.07 181.95 122.54 87.9 184.09 163.82 89.34 155.52 135.88 74.37 186.69 169.75 155.57 183.3 185.12 182.96 97.09 122.45 135.0 124.21 154.19 82.06 124.41 72.19 91.85 130.88 137.88 64.68 71.54 91.48 127.9 178.86 166.4 83.05 129.27 189.82 138.19 122.4 122.87 171.43 168.51 87.47 126.03 98.76 76.0 131.77 96.72 89.22 169.43 67.56 97.38 121.03 108.03 181.58 
13 13 6 19 12 18 17 5 13 13 19 5 6 20 6 6 16 5 17 6 6 6 13 19 13 19 17 4 11 6 4 6 5 20 19 11 13 6 4 17 6 11 13 11 6 13 6 12 6 5 4 6 5 18 4 11 5 20 4 13 6 20 12 14 18 18 12 12 13 17 16 17 13 5 18 11 5 19 11 6 19 17 6 16 12 5 20 18 16 19 19 19 9 11 12 11 16 5 11 5 6 12 13 4 5 6 12 19 17 5 12 20 13 11 11 18 18 6 12 9 5 12 9 6 18 4 6 11 10 19 
88 34 89 118 102 111 30 37 66 81 60 51 26 112 109 106 80 11 88 77 63 110 74 7 73 68 30 11 47 41 86 39 27 25 54 80 67 84 98 15 30 30 6 94 64 84 62 36 5 20 99 89 24 83 114 34 69 51 61 87 117 42 105 88 25 116 118 52 118 54 87 23 33 30 105 118 111 98 10 112 21 98 110 100 63 14 58 34 112 3 0 86 10 35 5 94 103 113 114 111 63 87 49 103 88 63 85 117 64 94 62 85 98 102 33 52 89 59 34 98 48 94 70 97 73 57 18 31 110 82 
107 120 120 120 120 120 47 113 120 120 91 120 65 120 120 120 110 26 115 120 88 120 120 44 120 120 120 60 120 118 120 120 108 76 117 119 120 120 120 32 120 120 77 120 120 119 120 120 109 120 120 120 105 120 120 65 120 120 74 120 120 120 120 120 62 120 120 93 120 73 120 37 120 104 120 120 120 120 54 120 120 120 120 120 120 58 120 120 120 116 73 120 65 120 34 120 120 120 120 120 87 118 120 120 120 120 118 120 116 120 120 120 120 120 120 105 120 83 89 120 120 120 120 120 120 120 74 120 120 120 
2
0.0 0.0 
100.0 0.0 
0 7 3 6 5 5 6 6 6 3 4 5 5 4 2 6 5 5 5 2 5 2 1 2 5 6 3 5 6 3 3 5 3 7 4 6 4 3 8 4 6 5 4 1 4 9 5 6 6 6 1 5 6 5 2 6 5 7 3 7 5 6 5 7 4 4 7 7 5 5 7 5 7 8 7 4 4 8 3 7 4 3 5 5 5 6 4 6 6 4 6 7 5 3 1 5 1 8 4 4 5 7 2 4 5 5 3 1 3 6 5 1 7 3 1 9 7 5 4 5 3 7 3 7 3 5 6 8 5 2 6 8 
7 0 6 2 2 5 8 4 8 4 5 1 5 2 6 6 1 6 6 5 5 6 5 5 1 7 6 5 7 4 5 2 4 5 3 7 7 5 6 3 6 5 2 5 3 6 7 8 6 0 5 6 2 6 5 8 6 7 4 6 2 8 7 6 5 7 6 7 3 1 6 4 6 6 6 3 7 7 4 6 4 4 5 8 7 8 4 5 4 6 7 6 4 6 5 1 5 6 5 3 1 5 5 2 1 3 3 5 3 4 4 6 8 6 5 6 7 5 6 6 5 7 4 7 5 2 4 5 7 4 9 5 
3 6 0 3 3 1 3 3 2 1 1 4 1 3 1 3 4 1 1 1 2 1 2 1 4 2 0 1 2 1 0 3 1 3 2 3 1 0 4 2 2 2 3 2 2 5 1 3 2 5 2 1 4 1 1 2 1 3 2 3 4 3 1 4 1 1 4 3 2 4 3 2 3 5 3 3 1 4 2 3 1 2 2 2 1 2 1 2 3 1 2 3 2 0 2 4 2 5 0 3 4 3 1 3 4 3 2 2 3 2 2 2 3 0 3 5 3 1 0 1 0 3 2 3 0 3 2 4 1 2 3 5 
6 2 3 0 1 2 6 1 5 2 3 2 2 2 5 3 1 3 3 4 2 4 4 4 2 4 4 2 4 3 3 1 2 2 1 4 5 3 3 1 3 2 1 4 1 3 5 6 3 2 4 4 0 4 3 5 3 4 2 3 0 5 4 3 2 5 3 4 1 2 3 2 3 3 3 2 4 4 3 3 2 2 2 5 4 5 2 2 1 4 4 3 1 4 5 2 4 3 3 2 2 2 4 3 2 1 2 4 3 1 1 5 5 4 5 4 4 2 3 4 3 4 3 4 3 0 1 2 4 4 6 3 
5 2 3 1 0 3 6 2 6 2 3 0 3 0 4 4 0 4 3 3 3 4 3 3 0 5 4 2 5 2 2 0 2 3 1 5 5 3 4 1 4 3 0 4 1 5 5 6 4 1 4 4 0 4 3 6 4 5 1 4 0 6 4 4 2 5 4 5 1 1 4 2 4 4 4 1 5 5 2 4 2 2 3 6 5 6 2 3 2 4 5 4 2 4 4 0 3 4 3 1 1 3 3 1 1 0 1 4 2 2 1 4 6 4 4 5 5 2 4 4 3 5 2 5 3 0 2 3 5 3 6 4 
5 5 1 2 3 0 3 1 2 2 0 4 0 3 3 1 3 0 0 3 0 3 3 2 4 2 2 0 1 2 1 2 2 1 2 1 2 2 2 2 0 0 3 4 1 3 2 3 1 4 3 1 3 1 2 2 1 2 2 1 3 2 1 2 1 2 2 2 1 4 1 0 1 3 1 3 2 2 2 1 1 2 0 3 1 2 1 0 1 1 2 1 0 2 4 4 4 3 1 3 4 1 3 4 4 2 2 3 3 1 1 4 3 2 4 3 2 0 1 1 2 2 3 2 2 2 1 2 2 3 3 3 
6 8 3 6 6 3 0 4 0 5 3 7 3 6 4 3 7 2 2 4 3 4 5 4 7 1 3 3 1 4 4 6 4 4 5 2 2 4 4 5 2 3 6 6 5 5 1 0 3 8 5 2 6 2 5 0 2 2 5 3 6 1 1 4 4 1 4 2 5 7 3 4 3 5 3 6 2 3 5 3 4 5 3 0 1 0 4 3 5 2 1 3 4 3 6 7 6 5 3 6 7 4 5 7 7 5 5 5 6 4 4 5 1 3 6 5 2 3 3 2 3 1 6 2 4 6 4 5 1 6 0 5 
6 4 3 1 2 1 4 0 4 2 2 3 1 2 4 2 2 2 2 4 1 4 4 3 3 3 3 1 3 2 2 2 2 1 1 2 4 3 2 1 1 1 2 4 1 3 4 4 1 3 4 2 2 2 3 4 2 3 2 2 2 4 3 2 2 3 2 3 1 3 1 0 2 2 2 2 3 3 3 2 1 2 1 4 3 4 2 1 0 3 3 1 0 3 5 3 4 2 2 2 3 1 4 3 3 1 2 4 3 0 0 4 4 3 5 3 3 1 2 3 3 3 3 3 3 1 0 1 3 4 5 2 
6 8 2 5 6 2 0 4 0 4 2 6 2 5 4 2 6 1 2 4 3 3 5 3 6 1 2 3 1 4 3 5 4 3 4 1 1 3 4 4 2 2 5 5 4 5 1 0 2 7 4 1 6 1 4 0 1 2 4 2 6 0 1 3 3 1 3 1 4 6 3 3 2 4 2 5 1 3 4 2 4 5 2 0 0 0 3 3 4 1 0 3 3 2 5 6 5 4 2 5 7 3 4 6 7 5 5 5 5 4 4 5 1 2 5 5 2 3 2 1 3 1 5 2 3 5 4 4 0 5 0 4 
3 4 1 2 2 2 5 2 4 0 1 2 2 1 2 3 2 2 2 1 2 2 1 1 2 4 2 1 3 0 1 1 0 3 1 4 3 1 4 0 3 2 1 2 1 5 3 5 3 3 2 3 2 3 1 4 3 4 0 4 2 4 3 4 1 3 4 4 1 2 4 2 4 5 4 1 3 5 0 4 0 0 2 4 3 4 0 3 2 2 4 4 1 2 2 2 2 5 1 1 3 3 1 2 2 1 0 2 1 2 1 2 5 2 2 5 4 1 2 3 1 4 0 4 1 2 2 4 3 1 5 4 
4 5 1 3 3 0 3 2 2 1 0 4 0 3 2 2 3 1 0 2 1 2 3 2 4 2 1 0 2 1 0 2 1 2 2 2 2 1 3 2 1 0 3 3 1 4 2 3 1 4 3 1 3 1 2 2 1 2 2 2 3 2 1 3 0 1 3 2 1 4 2 1 2 4 2 2 1 3 2 2 1 2 0 2 1 2 1 1 2 1 2 2 1 1 3 4 3 4 0 3 4 2 2 3 4 2 2 3 3 1 1 3 3 1 3 4 2 0 0 1 1 2 2 2 1 2 1 3 1 3 3 3 
5 1 4 2 0 4 7 3 6 2 4 0 4 0 4 5 0 4 4 4 3 4 3 3 0 6 4 3 5 2 3 1 2 4 1 5 5 3 5 1 4 4 0 3 2 6 6 7 4 1 4 5 1 5 3 6 5 6 2 5 1 6 5 5 3 5 5 6 2 0 5 3 5 5 5 1 5 6 2 5 2 2 4 6 5 6 2 4 3 5 6 5 3 4 3 0 3 5 3 1 0 4 3 1 0 1 1 3 1 3 2 4 7 4 3 6 6 3 4 5 4 6 2 6 3 1 3 4 5 2 7 5 
5 5 1 2 3 0 3 1 2 2 0 4 0 3 3 1 3 0 0 3 0 2 3 2 4 2 2 0 1 2 1 2 2 2 2 1 2 2 2 2 0 0 3 4 1 3 2 3 1 4 3 1 3 1 2 2 0 2 2 2 3 2 1 2 1 2 2 2 1 4 2 0 1 3 1 3 2 2 2 1 1 2 0 2 1 2 1 1 1 1 1 2 1 2 4 4 4 3 1 3 4 2 3 4 4 2 2 3 3 1 1 3 2 2 4 3 2 0 1 1 2 2 3 2 2 2 1 3 1 3 3 3 
4 2 3 2 0 3 6 2 5 1 3 0 3 0 4 4 1 4 3 3 3 3 3 2 1 5 4 2 5 2 2 0 1 4 1 5 5 2 5 1 4 3 0 3 1 5 5 6 4 1 3 4 1 4 2 6 4 5 1 4 1 6 4 4 2 5 4 5 1 1 4 2 4 5 4 0 4 5 1 4 1 1 3 6 5 6 2 3 2 4 5 4 2 4 3 0 3 5 3 0 1 4 2 0 1 0 1 3 1 2 2 3 6 4 3 5 5 2 3 4 3 5 1 5 3 1 2 4 5 2 6 4 
2 6 1 5 4 3 4 4 4 2 2 4 3 4 0 4 5 3 3 0 3 0 1 1 5 4 1 3 4 1 2 4 2 5 3 4 2 1 6 3 4 3 3 1 3 7 3 4 4 5 0 3 5 3 1 3 3 5 2 5 4 4 3 5 2 2 5 4 3 4 5 3 5 6 5 3 2 6 2 5 2 2 3 3 3 3 2 4 4 2 4 5 3 1 1 4 1 6 2 3 5 5 1 3 4 3 3 1 3 4 4 1 4 1 2 7 5 3 2 3 1 4 2 5 1 4 4 6 3 2 4 6 
6 6 3 3 4 1 3 2 2 3 2 5 1 4 4 0 4 1 1 4 1 4 5 4 5 1 3 1 1 3 3 4 3 1 3 0 3 3 1 3 0 1 4 5 3 2 2 2 0 5 5 1 4 1 4 2 1 1 3 0 4 2 2 1 2 3 1 1 2 5 0 1 0 2 0 4 3 1 4 0 3 4 1 3 2 2 3 0 2 2 1 0 2 3 5 5 5 2 2 4 5 1 4 5 5 3 4 5 5 2 2 5 2 3 6 2 1 2 2 1 3 1 4 0 3 3 2 2 2 5 3 2 
5 1 4 1 0 3 7 2 6 2 3 0 3 1 5 4 0 4 4 4 3 4 4 3 0 5 4 3 5 3 3 1 2 4 1 5 5 3 5 1 4 4 1 4 2 5 6 7 4 0 4 5 0 5 3 6 4 6 2 5 0 6 5 4 3 5 5 5 2 0 4 3 5 5 5 1 5 5 2 5 2 2 4 6 5 6 2 4 2 5 5 4 3 5 4 0 4 5 3 1 0 4 3 1 0 1 2 4 2 2 2 4 6 4 4 5 6 3 4 5 4 6 2 5 3 1 2 4 5 3 7 4 
5 6 1 3 4 0 2 2 1 2 1 4 0 4 3 1 4 0 0 3 1 3 4 2 5 1 2 1 0 2 2 3 2 2 3 1 1 2 2 3 0 0 4 4 2 3 1 2 1 5 3 0 4 0 3 2 0 1 3 1 4 1 0 2 1 1 2 1 2 5 2 1 1 3 1 3 1 2 3 1 2 3 0 2 0 1 2 1 2 1 1 2 1 2 4 4 4 3 1 4 5 2 3 4 5 3 3 4 4 2 2 4 2 2 4 3 1 1 1 0 2 1 3 2 2 3 2 3 1 4 2 3 
5 6 1 3 3 0 2 2 2 2 0 4 0 3 3 1 4 0 0 3 1 2 3 2 4 1 2 1 1 2 1 3 2 2 2 1 1 2 3 2 0 0 3 4 2 3 1 2 1 5 3 0 3 0 2 2 0 2 2 1 3 2 1 2 1 1 2 1 2 4 2 1 1 3 1 3 1 2 3 1 1 3 0 2 1 2 2 1 2 1 1 2 1 2 4 4 4 3 1 3 5 2 3 4 4 3 3 3 4 2 2 4 2 2 4 4 2 1 1 0 2 1 3 2 2 3 2 3 1 3 3 3 
2 5 1 4 3 3 4 4 4 1 2 4 3 3 0 4 4 3 3 0 3 0 0 0 4 4 1 3 4 1 1 3 1 5 2 4 2 0 5 2 3 3 3 1 2 6 3 4 4 5 0 3 4 3 0 4 3 5 2 5 4 4 3 5 1 2 5 4 3 4 5 3 4 6 4 2 2 5 1 4 2 1 3 3 3 4 1 4 4 2 4 5 3 1 1 4 1 6 1 2 4 4 0 3 4 3 2 0 2 3 3 1 5 1 1 6 5 2 2 3 1 4 1 5 0 3 3 5 3 1 5 6 
5 5 2 2 3 0 3 1 3 2 1 3 0 3 3 1 3 1 1 3 0 3 3 2 3 2 2 0 2 2 1 2 2 1 2 2 2 2 2 1 0 0 3 4 1 3 2 3 1 4 3 1 3 1 2 3 1 2 2 1 2 3 2 2 1 2 2 2 1 4 1 0 1 3 1 3 2 2 2 1 1 2 0 3 2 3 1 0 1 2 2 1 0 2 4 3 4 3 1 3 4 1 3 4 4 2 2 4 3 1 1 4 3 2 4 3 2 0 1 1 2 2 3 2 2 2 1 2 2 3 3 2 
2 6 1 4 4 3 4 4 3 2 2 4 2 3 0 4 4 3 2 0 3 0 1 0 4 4 0 3 3 1 1 3 1 4 3 4 2 0 5 3 3 3 3 1 3 6 2 4 4 5 1 3 4 3 1 3 3 4 2 4 4 4 2 5 1 2 5 4 3 4 5 3 4 6 4 3 2 5 1 4 2 2 3 3 3 3 2 3 4 2 3 4 3 1 1 4 1 6 1 3 5 4 1 3 4 3 2 1 2 3 3 1 4 1 2 6 4 2 1 3 0 4 2 5 0 4 3 5 3 1 4 6 
1 5 2 4 3 3 5 4 5 1 3 3 3 3 1 5 4 4 3 0 3 1 0 1 4 5 2 3 4 1 2 3 1 5 3 5 3 1 6 2 4 4 3 0 3 7 4 5 4 4 0 4 4 4 0 4 4 5 2 5 4 5 3 6 2 3 6 5 3 3 5 3 5 6 5 2 3 6 1 5 2 1 4 4 4 4 2 4 4 3 4 5 3 2 0 3 0 7 2 2 4 5 0 2 3 3 2 0 1 4 3 0 5 2 0 7 5 3 2 4 1 5 1 6 1 4 4 6 4 0 5 6 
2 5 1 4 3 2 4 3 3 1 2 3 2 2 1 4 3 2 2 0 2 0 1 0 4 4 1 2 3 0 1 3 1 4 2 4 2 0 5 2 3 3 2 1 2 6 3 4 3 4 0 3 4 3 0 3 3 4 1 4 3 4 2 5 1 2 5 4 2 3 4 2 4 6 4 2 2 5 1 4 1 1 3 3 3 3 1 3 3 2 3 4 2 1 1 3 1 6 1 2 4 4 0 3 3 2 1 1 2 3 3 1 4 1 1 6 4 2 1 3 0 4 1 5 0 3 3 5 3 1 4 5 
5 1 4 2 0 4 7 3 6 2 4 0 4 1 5 5 0 5 4 4 3 4 4 4 0 6 5 3 6 3 3 1 3 4 1 5 6 4 5 2 4 4 1 4 2 5 6 7 4 0 4 5 1 5 3 6 5 6 2 5 1 6 5 5 3 5 5 6 2 0 5 3 5 5 5 1 5 6 2 5 2 2 4 6 5 6 3 4 3 5 6 5 3 5 4 0 3 5 4 1 0 4 3 1 0 1 2 4 2 3 2 4 7 5 4 6 6 3 4 5 4 6 2 6 4 1 3 4 6 3 7 5 
6 7 2 4 5 2 1 3 1 4 2 6 2 5 4 1 5 1 1 4 2 4 5 4 6 0 3 2 0 4 3 4 4 2 4 0 2 3 2 4 1 1 5 5 4 3 1 1 1 6 5 1 5 1 4 1 1 0 4 1 5 0 1 2 3 2 2 0 3 6 2 2 1 3 1 5 2 2 4 1 3 4 1 1 1 1 3 1 3 2 0 2 2 3 5 6 5 3 2 5 6 2 4 6 6 4 4 5 5 3 3 5 0 3 6 3 0 2 2 1 3 0 5 1 3 4 3 3 1 5 1 3 
3 6 0 4 4 2 3 3 2 2 1 4 2 4 1 3 4 2 2 1 2 0 2 1 5 3 0 2 3 1 1 3 2 4 3 3 1 1 5 3 3 2 3 2 3 6 2 3 3 5 1 2 4 2 1 2 2 4 2 4 4 3 2 5 1 1 4 3 3 5 4 3 4 6 4 3 1 5 2 4 2 2 2 2 2 2 2 3 4 1 2 4 2 0 2 4 2 5 1 3 5 4 1 4 5 3 3 2 3 3 3 2 3 0 2 6 4 2 1 2 0 3 2 4 1 4 3 5 2 2 3 5 
5 5 1 2 2 0 3 1 3 1 0 3 0 2 3 1 3 1 1 3 0 3 3 2 3 2 2 0 2 2 1 2 1 1 1 2 2 2 2 1 1 0 2 4 1 3 2 3 1 4 3 1 2 1 2 3 1 2 1 2 2 3 2 2 1 2 2 2 1 3 2 0 2 3 2 2 2 3 2 2 1 2 0 3 2 3 1 1 1 2 2 2 0 2 4 3 3 3 1 2 3 1 3 3 3 2 2 3 3 1 0 3 3 2 4 3 2 0 1 1 2 2 2 2 2 2 1 2 2 3 4 3 
6 7 2 4 5 1 1 3 1 3 2 5 1 5 4 1 5 0 1 4 2 3 4 3 6 0 3 2 0 3 2 4 3 2 4 0 1 3 3 4 1 1 5 5 3 4 1 1 1 6 4 0 5 0 4 1 0 1 4 1 5 0 1 2 2 1 2 0 3 6 2 2 1 3 1 4 1 2 4 1 3 4 1 1 0 1 3 1 3 1 0 2 2 2 5 5 5 3 2 5 6 2 4 5 6 4 4 4 5 3 3 5 1 2 5 4 1 2 2 0 3 0 4 1 3 4 3 3 0 5 1 3 
3 4 1 3 2 2 4 2 4 0 1 2 2 2 1 3 3 2 2 1 2 1 1 0 3 4 1 2 3 0 0 2 0 4 1 4 3 0 5 1 3 2 2 1 1 5 3 5 3 3 1 3 3 3 0 4 3 4 0 4 3 4 3 4 1 3 4 4 1 3 4 2 4 5 4 1 2 5 0 4 1 0 2 4 3 4 0 3 2 2 3 4 2 1 2 3 1 5 1 1 3 4 1 2 3 1 1 1 1 2 2 1 4 1 2 5 4 1 1 3 1 4 1 4 0 2 2 4 3 1 5 5 
3 5 0 3 2 1 4 2 3 1 0 3 1 2 2 3 3 2 1 1 1 1 2 1 3 3 1 1 2 0 0 2 0 3 1 3 2 0 4 1 2 1 2 2 1 5 2 4 2 4 2 2 3 2 1 3 2 3 1 3 3 3 2 3 0 2 3 3 1 3 3 1 3 4 3 2 2 4 1 3 0 1 1 3 2 3 0 2 2 1 3 3 1 1 2 3 2 4 0 2 3 3 1 3 3 2 1 2 2 2 1 2 4 1 2 5 3 1 1 2 0 3 1 3 0 2 2 4 2 2 4 4 
5 2 3 1 0 2 6 2 5 1 2 1 2 0 4 4 1 3 3 3 2 3 3 3 1 4 3 2 4 2 2 0 1 3 0 4 4 2 4 0 3 3 0 3 0 5 5 6 3 1 3 4 1 4 2 5 3 5 1 4 0 5 4 4 2 4 4 4 1 1 3 2 4 4 4 0 4 5 1 4 1 1 3 5 4 5 1 3 1 4 4 3 2 3 3 1 3 4 2 0 1 3 3 1 1 0 1 3 1 1 1 3 5 3 3 5 5 2 3 4 3 5 1 5 2 0 1 3 4 2 6 4 
3 4 1 2 2 2 4 2 4 0 1 2 2 1 2 3 2 2 2 1 2 1 1 1 3 4 2 1 3 0 0 1 0 3 1 3 3 1 4 1 2 2 1 2 1 5 3 4 3 3 1 2 2 2 0 4 2 4 0 4 2 4 2 4 0 3 4 4 1 2 3 2 3 5 3 1 2 4 0 4 0 0 2 4 3 4 0 2 2 2 3 3 1 2 2 2 2 5 1 1 3 3 1 2 3 1 1 2 1 2 1 2 4 2 2 5 4 1 1 3 1 4 1 4 1 2 2 4 3 1 5 4 
7 5 3 2 3 1 4 1 3 3 2 4 2 4 5 1 4 2 2 5 1 4 5 4 4 2 4 1 2 4 3 3 3 0 3 2 4 4 0 3 1 1 3 5 2 1 4 4 1 4 5 2 3 2 4 4 2 2 3 1 3 3 3 0 3 4 0 2 2 4 0 1 1 1 1 4 4 1 4 1 3 4 1 4 3 4 3 1 1 3 3 0 1 4 6 4 5 1 3 4 4 0 5 5 4 3 4 5 5 1 1 5 3 4 6 1 2 2 3 2 4 2 4 2 4 2 1 0 3 5 4 1 
4 3 2 1 1 2 5 1 4 1 2 1 2 1 3 3 1 3 2 2 2 3 3 2 1 4 3 1 4 1 1 0 1 3 0 4 4 2 4 0 3 2 0 3 0 4 4 5 3 2 3 3 1 3 2 5 3 4 0 3 1 4 3 3 1 4 3 4 0 2 3 1 3 4 3 1 3 4 1 3 0 1 2 5 4 5 1 2 1 3 4 3 1 3 3 1 3 4 2 1 2 3 2 1 2 0 1 3 2 1 1 3 5 3 3 4 4 1 2 3 2 4 1 4 2 0 1 3 4 2 5 4 
6 7 3 4 5 1 2 2 1 4 2 5 1 5 4 0 5 1 1 4 2 4 5 4 5 0 3 2 0 4 3 4 3 2 4 0 2 3 2 4 1 1 5 5 3 3 2 1 0 6 5 1 4 1 4 2 1 0 4 1 4 1 1 2 3 2 1 0 3 6 1 2 1 3 0 5 2 1 4 0 3 4 1 2 1 2 3 1 3 2 1 1 2 3 6 5 5 2 2 5 6 2 4 6 6 4 4 5 5 2 3 5 1 3 6 3 0 2 2 1 3 0 5 0 3 4 2 3 1 5 2 3 
4 7 1 5 5 2 2 4 1 3 2 5 2 5 2 3 5 1 1 2 2 2 3 2 6 2 1 2 1 3 2 4 3 4 4 2 0 2 4 3 2 2 4 4 3 5 0 2 2 6 3 1 5 1 3 1 1 3 3 3 5 2 1 4 2 0 4 2 3 6 4 3 3 5 3 4 0 4 3 3 3 3 2 1 1 1 3 3 4 0 1 3 3 1 4 5 3 5 1 4 6 4 3 5 6 4 4 3 4 3 3 3 2 1 4 5 3 2 1 1 1 2 4 3 2 4 3 5 1 4 2 5 
3 5 0 3 3 2 4 3 3 1 1 3 2 2 1 3 3 2 2 0 2 0 1 0 4 3 1 2 3 0 0 2 1 4 2 3 2 0 4 2 2 2 2 2 2 5 2 4 3 4 1 2 3 2 0 3 2 4 1 4 3 3 2 4 0 2 4 3 2 3 4 2 4 5 3 2 2 4 1 4 1 1 2 3 2 3 1 3 3 1 3 4 2 1 2 3 2 5 0 2 4 4 1 3 4 2 1 1 2 2 2 1 4 1 2 5 4 1 1 2 0 3 1 4 0 3 2 4 2 1 4 5 
8 6 4 3 4 2 4 2 4 4 3 5 2 5 6 1 5 2 3 5 2 5 6 5 5 2 5 2 3 5 4 4 4 0 4 2 4 4 0 4 2 2 4 6 3 0 4 4 1 5 6 3 4 3 5 4 2 2 4 1 4 3 3 0 4 4 0 2 3 5 0 2 1 0 1 5 4 1 5 1 3 5 2 4 3 4 4 1 2 4 3 0 2 5 7 5 6 0 3 5 5 0 5 6 5 4 5 6 6 2 2 6 3 5 7 1 2 3 4 3 4 2 5 1 5 3 2 1 3 6 4 0 
4 3 2 1 1 2 5 1 4 0 2 1 2 1 3 3 1 3 2 2 1 3 2 2 2 4 3 1 4 1 1 0 1 3 0 4 3 2 4 0 2 2 1 3 0 4 4 5 3 2 3 3 1 3 2 4 3 4 0 3 1 4 3 3 1 3 3 4 0 2 3 1 3 4 3 1 3 4 1 3 0 1 2 4 3 4 0 2 1 3 4 3 1 3 3 1 3 4 1 1 2 3 2 2 2 0 0 3 1 1 1 3 5 3 3 4 4 1 2 3 2 4 1 4 2 1 1 3 3 2 5 4 
6 6 2 3 4 0 2 1 2 3 1 4 0 4 4 0 4 0 0 3 0 3 4 3 4 1 3 1 1 3 2 3 2 1 3 1 2 2 2 2 0 0 3 4 2 3 2 2 0 5 4 0 3 1 3 2 0 1 3 1 3 2 1 1 2 2 1 1 2 5 1 1 1 3 0 3 2 2 3 1 2 3 0 2 1 2 2 0 2 1 1 1 1 2 5 4 4 2 1 4 5 1 4 4 5 3 3 4 4 1 2 4 2 2 5 3 1 1 1 1 2 1 4 1 2 3 1 2 1 4 3 2 
5 5 2 2 3 0 3 1 2 2 0 4 0 3 3 1 4 0 0 3 0 3 4 3 4 1 2 0 1 2 1 3 2 1 2 1 2 2 2 2 0 0 3 4 2 3 2 3 0 4 4 1 3 1 3 2 0 2 2 1 3 2 1 2 1 2 2 1 1 4 1 0 1 3 1 3 2 2 3 1 1 3 0 3 1 2 1 0 1 1 2 1 1 2 4 4 4 3 1 3 4 1 3 4 4 2 3 4 4 1 1 4 2 2 4 3 2 0 1 1 2 2 3 2 2 2 1 2 2 4 3 2 
4 2 3 1 0 3 6 2 5 1 3 0 3 0 3 4 1 4 3 3 3 3 3 2 1 5 3 2 5 2 2 0 1 3 0 5 4 2 4 1 3 3 0 3 1 5 5 6 4 1 3 4 1 4 2 5 4 5 1 4 1 5 4 4 2 4 4 5 1 1 4 2 4 5 4 0 4 5 1 4 1 1 3 5 4 5 1 3 2 4 5 4 2 4 3 0 3 5 2 0 1 4 2 1 1 0 0 3 1 2 2 3 6 3 3 5 5 2 3 4 3 5 1 5 2 1 2 4 4 2 6 4 
1 5 2 4 4 4 6 4 5 2 3 3 4 3 1 5 4 4 4 1 4 1 0 1 4 5 2 4 5 1 2 3 2 5 3 5 4 2 6 3 4 4 3 0 3 7 4 6 5 4 0 4 4 4 1 5 4 6 2 6 4 6 4 6 2 4 6 6 3 3 6 4 6 7 5 2 4 7 1 6 2 1 4 5 4 5 2 5 4 3 5 6 3 2 0 3 0 7 3 2 4 5 0 2 3 3 2 0 1 4 4 0 6 2 0 7 6 3 3 4 2 6 1 6 2 4 4 6 4 0 6 7 
4 3 2 1 1 1 5 1 4 1 1 2 1 1 3 3 2 2 2 2 1 3 3 2 2 4 3 1 3 1 1 0 1 2 0 3 3 2 3 0 2 2 1 3 0 4 4 5 2 2 3 3 1 3 2 4 2 4 1 3 1 4 3 3 1 3 3 3 0 2 3 1 3 4 3 1 3 4 1 3 0 1 2 4 3 4 1 2 1 3 3 3 1 3 3 2 3 4 1 1 2 2 2 2 2 0 1 3 2 1 0 3 4 3 3 4 4 1 2 3 2 4 1 4 2 1 1 3 3 2 5 3 
9 6 5 3 5 3 5 3 5 5 4 6 3 5 7 2 5 3 3 6 3 6 7 6 5 3 6 3 4 5 5 5 5 1 4 3 5 5 0 4 3 3 5 7 4 0 5 4 2 6 7 4 4 4 6 5 3 3 5 2 4 4 4 1 4 5 1 3 4 6 1 3 2 0 2 5 5 1 6 2 4 6 3 5 4 5 5 2 3 5 4 1 3 6 7 5 7 0 4 5 6 1 6 6 6 4 5 7 6 3 3 7 4 5 8 0 3 4 5 4 5 3 6 2 6 4 3 1 4 7 5 0 
5 7 1 5 5 2 1 4 1 3 2 6 2 5 3 2 6 1 1 3 2 2 4 3 6 1 2 2 1 3 2 5 3 4 4 2 0 2 4 4 2 2 5 4 4 5 0 1 2 6 3 1 5 1 3 0 1 2 3 3 5 1 0 4 2 0 4 2 3 6 3 3 3 5 3 4 0 3 4 3 3 4 2 0 0 0 3 3 4 0 1 3 3 1 4 6 4 5 2 5 6 4 3 5 6 4 4 4 5 3 3 4 1 1 4 5 2 2 1 1 2 2 4 3 2 5 3 5 0 4 1 5 
6 8 3 6 6 3 0 4 0 5 3 7 3 6 4 2 7 2 2 4 3 4 5 4 7 1 3 3 1 5 4 6 4 4 5 1 2 4 4 5 2 3 6 6 5 4 1 0 2 8 5 2 6 2 5 0 2 1 5 2 6 0 1 3 4 2 3 1 4 7 3 4 3 5 2 6 2 3 5 2 4 5 3 1 1 0 4 3 4 2 1 3 4 3 6 7 6 4 3 6 7 4 5 7 7 5 5 5 6 4 4 5 0 3 6 4 1 3 3 1 4 1 6 2 4 6 4 4 1 6 0 5 
6 6 2 3 4 1 3 1 2 3 1 4 1 4 4 0 4 1 1 4 1 4 4 3 4 1 3 1 1 3 2 3 3 1 3 0 2 3 1 3 0 0 4 5 2 2 2 2 0 5 4 1 4 1 3 2 1 1 3 0 3 2 1 1 2 2 1 1 2 5 1 1 0 2 0 4 2 1 4 0 2 3 0 3 1 2 2 0 2 2 1 1 1 3 5 4 5 2 2 4 5 1 4 5 5 3 3 4 4 1 2 5 2 3 5 2 1 1 2 1 3 1 4 1 3 3 1 2 2 4 3 2 
6 0 5 2 1 4 8 3 7 3 4 1 4 1 5 5 0 5 5 5 4 5 4 4 0 6 5 4 6 3 4 1 3 4 2 6 6 4 5 2 5 4 1 4 2 6 6 8 5 0 5 5 1 6 4 7 5 6 3 5 1 7 6 5 4 6 5 6 3 1 5 4 5 5 5 2 6 6 3 5 3 3 4 7 6 7 3 4 3 6 6 5 3 5 5 1 4 5 4 2 0 4 4 2 1 2 2 5 3 3 3 5 7 5 4 6 6 4 5 6 4 7 3 6 4 2 3 4 6 4 8 5 
1 5 2 4 4 3 5 4 4 2 3 4 3 3 0 5 4 3 3 0 3 1 0 0 4 5 1 3 4 1 2 3 1 5 3 5 3 1 6 3 4 4 3 0 3 7 3 5 4 5 0 4 4 4 1 4 4 5 2 5 4 5 3 6 2 3 6 5 3 4 5 3 5 6 5 2 3 6 1 5 2 2 4 4 4 4 2 4 4 3 4 5 3 2 0 4 0 7 2 2 4 5 0 3 4 3 2 0 2 4 3 0 5 2 1 7 5 3 2 4 1 5 1 5 1 4 4 6 4 1 5 6 
5 6 1 4 4 1 2 2 1 3 1 5 1 4 3 1 5 0 0 3 1 3 4 3 5 1 2 1 0 3 2 4 2 2 3 1 1 2 3 3 0 1 4 4 3 4 1 2 1 5 4 0 4 0 3 1 0 1 3 1 4 1 0 2 2 1 2 1 2 5 2 1 1 3 1 4 1 2 3 1 2 3 1 1 0 1 2 1 2 1 0 2 2 2 4 5 4 3 1 4 5 2 3 5 5 3 3 4 4 2 2 4 1 2 5 4 1 1 1 0 2 1 4 1 2 3 2 3 0 4 2 3 
6 2 4 0 0 3 6 2 6 2 3 1 3 1 5 4 0 4 3 4 3 4 4 4 1 5 4 2 5 3 3 1 2 3 1 4 5 3 4 1 3 3 1 4 1 4 5 6 4 1 4 4 0 4 3 6 4 5 2 4 0 6 5 4 3 5 4 5 1 1 3 2 4 4 4 1 5 5 3 4 2 2 3 6 5 6 2 3 1 4 5 3 2 4 4 1 4 4 3 1 1 3 4 2 1 1 2 4 2 2 1 4 6 4 4 4 5 2 4 4 4 5 2 5 3 0 2 3 5 3 6 3 
5 6 1 4 4 1 2 2 1 3 1 5 1 4 3 1 5 0 0 3 1 3 4 3 5 1 2 1 0 3 2 4 2 2 3 1 1 2 3 3 1 1 4 4 3 4 1 2 1 6 4 0 4 0 3 1 0 1 3 2 4 1 0 2 2 1 2 1 2 5 2 2 2 4 1 4 1 2 3 1 2 3 1 1 0 1 2 1 3 0 0 2 2 2 4 5 4 3 1 4 5 2 3 5 5 3 3 4 4 2 2 4 1 2 4 4 1 1 1 0 2 1 4 2 2 4 2 3 0 4 2 3 
2 5 1 3 3 2 5 3 4 1 2 3 2 2 1 4 3 3 2 0 2 1 0 0 3 4 1 2 4 0 1 2 0 4 2 4 3 0 5 2 3 3 2 1 2 6 3 5 3 4 1 3 3 3 0 4 3 5 1 4 3 4 3 5 1 3 5 4 2 3 4 2 4 6 4 1 3 5 0 4 1 1 3 4 3 4 1 3 3 2 4 4 2 1 1 3 1 6 1 2 3 4 0 2 3 2 1 1 1 3 2 1 5 1 1 6 5 2 2 3 1 4 1 5 0 3 3 5 3 1 5 5 
6 8 2 5 6 2 0 4 0 4 2 6 2 6 3 2 6 2 2 4 3 3 4 3 6 1 2 3 1 4 3 5 4 4 5 2 1 3 4 4 2 2 5 5 4 5 0 0 2 7 4 1 6 1 4 0 2 2 4 3 6 1 1 4 3 1 4 2 4 7 3 3 3 5 2 5 1 3 4 3 4 5 2 0 1 0 4 3 4 1 1 3 3 2 5 6 5 5 2 5 7 4 4 6 7 5 5 5 5 4 4 5 1 2 5 5 2 3 2 1 3 1 5 2 3 5 4 5 0 5 0 5 
5 6 1 3 4 1 2 2 1 3 1 5 0 4 3 1 4 0 0 3 1 3 4 3 5 1 2 1 0 3 2 3 2 2 3 1 1 2 2 3 0 0 4 4 2 3 1 2 1 5 4 0 4 0 3 2 0 1 3 1 4 1 0 2 1 1 2 1 2 5 2 1 1 3 1 4 1 2 3 1 2 3 0 2 0 1 2 1 2 1 1 2 1 2 4 5 4 3 1 4 5 2 3 5 5 3 3 4 4 2 2 4 2 2 4 3 1 1 1 0 2 1 4 1 2 3 2 3 1 4 2 3 
7 7 3 4 5 2 2 3 2 4 2 6 2 5 5 1 6 1 2 5 2 4 5 4 6 0 4 2 1 4 3 5 4 2 4 0 3 4 2 4 1 2 5 6 4 3 2 1 1 6 5 1 5 1 5 2 1 0 4 1 5 1 2 2 3 2 1 0 3 6 1 2 1 3 1 5 3 1 5 1 4 5 2 2 1 2 4 1 3 2 1 1 3 4 6 6 6 2 3 5 6 2 5 6 6 4 5 6 6 3 3 6 1 3 6 3 0 2 3 1 4 0 5 0 4 4 3 3 2 6 2 3 
3 4 2 2 1 2 5 2 4 0 2 2 2 1 2 3 2 3 2 2 2 2 2 1 2 4 2 1 4 0 1 1 0 3 0 4 3 1 4 0 3 2 1 2 1 5 3 5 3 3 2 3 2 3 1 4 3 4 0 4 2 4 3 4 1 3 4 4 1 2 4 2 4 5 4 0 3 5 0 4 0 0 2 4 3 4 0 3 2 3 4 3 1 2 2 2 2 5 1 1 2 3 1 1 2 1 0 2 1 2 1 2 5 2 2 5 4 1 2 3 1 4 0 4 1 1 2 4 3 1 5 4 
7 6 3 3 4 1 3 2 2 4 2 5 2 4 5 0 5 1 1 5 1 4 5 4 5 1 4 2 1 4 3 4 4 1 3 1 3 4 1 3 1 1 4 6 3 2 3 2 0 5 5 1 4 2 4 3 1 1 4 0 4 2 2 1 3 3 0 1 3 5 0 2 0 2 0 4 3 0 4 0 3 4 1 3 2 3 3 1 2 3 2 0 2 4 6 5 6 1 3 4 5 1 5 5 5 4 4 5 5 2 2 5 2 3 6 2 1 2 3 2 4 1 5 0 4 3 2 2 2 5 3 2 
5 2 4 0 0 3 6 2 6 2 3 1 3 1 4 4 0 4 3 4 2 4 4 3 1 5 4 2 5 3 3 0 2 3 1 4 5 3 4 1 3 3 1 4 1 4 5 6 3 1 4 4 0 4 3 6 4 5 2 4 0 5 4 4 3 5 4 5 1 1 3 2 4 4 4 1 5 5 2 4 2 2 3 6 5 6 2 3 1 4 5 3 2 4 4 1 4 4 3 1 1 3 3 2 1 1 2 4 2 2 1 4 6 4 4 4 5 2 4 4 3 5 2 5 3 0 1 3 5 3 6 3 
6 8 3 5 6 2 1 4 0 4 2 6 2 6 4 2 6 1 2 4 3 4 5 4 6 0 3 3 0 4 3 5 4 3 4 1 2 3 3 4 2 2 5 6 4 4 1 0 2 7 5 1 6 1 4 1 1 1 4 2 5 0 1 3 3 2 3 1 4 7 2 3 2 4 2 5 2 2 5 2 4 5 2 1 1 1 4 2 4 2 0 2 3 3 6 6 6 4 3 5 7 3 5 6 7 5 5 5 6 3 4 5 0 3 6 4 1 3 2 1 3 0 5 1 4 5 4 4 1 5 1 4 
5 7 1 4 4 1 1 3 1 3 1 5 1 4 3 2 5 0 1 3 2 2 3 2 5 1 2 2 1 3 2 4 2 3 3 1 1 2 3 3 1 1 4 4 3 4 0 1 1 6 3 0 5 0 3 1 0 2 3 2 4 1 0 3 2 0 3 1 3 5 3 2 2 4 2 4 0 3 3 2 2 3 1 1 0 1 2 2 3 0 0 2 2 1 4 5 4 4 1 4 5 3 3 5 5 4 3 4 4 3 3 4 1 1 4 4 2 2 1 0 2 1 4 2 2 4 3 4 0 4 2 4 
7 6 4 3 4 2 4 2 3 4 3 5 2 4 5 1 4 2 2 5 2 5 6 5 5 2 5 2 2 4 3 4 4 0 3 2 4 4 0 3 1 2 4 6 3 1 4 3 1 5 6 2 4 2 5 4 2 2 4 1 4 3 3 0 3 4 0 2 3 5 0 2 0 1 1 4 4 1 5 1 3 4 2 4 3 4 3 1 2 3 3 0 2 4 6 5 6 0 3 4 5 0 5 5 5 3 4 6 5 2 2 6 3 4 6 1 2 2 3 3 4 2 5 1 4 3 2 1 3 5 4 1 
4 5 1 2 2 1 4 2 3 1 0 3 1 2 2 2 3 1 1 1 1 1 2 1 3 3 1 1 2 1 0 2 0 3 1 3 2 0 4 1 2 1 2 2 1 4 2 4 2 4 2 2 3 2 1 3 1 3 1 3 3 3 2 3 0 2 3 3 1 3 3 1 3 4 3 2 2 4 1 3 0 1 1 3 2 3 0 2 2 1 2 3 1 1 3 3 2 4 0 2 3 3 1 3 3 2 1 2 2 1 1 2 3 1 3 5 3 0 1 2 1 3 2 3 1 2 2 3 2 2 4 4 
4 7 1 5 5 2 1 3 1 3 1 5 2 5 2 3 5 1 1 2 2 2 3 2 5 2 1 2 1 3 2 4 3 4 4 2 0 2 4 3 2 2 4 4 3 5 0 2 2 6 3 1 5 1 3 1 1 2 3 3 5 2 0 4 2 0 4 2 3 6 3 3 3 5 3 4 0 4 3 3 3 3 2 1 0 1 2 2 4 0 1 3 3 1 4 5 4 5 1 4 6 3 3 5 6 4 4 3 4 3 3 3 2 1 4 5 2 2 1 1 2 2 4 3 2 4 3 5 0 4 2 5 
7 6 4 3 4 2 4 2 3 4 3 5 2 4 5 1 5 2 2 5 2 5 6 5 5 2 4 2 2 4 3 4 4 0 3 1 4 4 0 3 1 2 4 6 3 1 4 3 1 5 6 2 4 2 5 4 2 1 4 0 4 3 3 0 3 4 0 1 3 5 0 2 0 1 1 4 4 0 5 0 3 4 2 4 3 3 3 1 2 3 2 0 2 4 6 5 6 1 3 5 5 0 5 5 5 4 4 6 5 2 2 6 3 4 6 1 1 2 3 2 4 2 5 1 4 3 2 1 3 6 4 1 
7 7 3 4 5 2 2 3 1 4 2 6 2 5 4 1 5 1 1 4 2 4 5 4 6 0 3 2 0 4 3 4 4 2 4 0 2 3 2 4 1 1 5 6 3 3 2 1 1 6 5 1 5 1 4 2 1 0 4 1 5 1 1 2 3 2 1 0 3 6 1 2 1 3 0 5 2 1 4 0 3 4 1 2 1 2 3 1 3 2 1 1 2 3 6 5 5 2 2 5 6 2 5 6 6 4 4 5 5 3 3 5 1 3 6 3 0 2 2 1 3 0 5 0 4 4 3 3 1 5 2 3 
5 3 2 1 1 1 5 1 4 1 1 2 1 1 3 2 2 2 2 3 1 3 3 2 2 3 3 1 3 1 1 1 1 2 0 3 3 2 3 0 2 1 1 3 0 4 3 4 2 3 3 2 1 2 2 4 2 3 1 3 1 4 3 3 1 3 3 3 0 2 2 0 2 3 2 1 3 3 2 3 0 1 1 4 3 4 1 1 1 2 3 2 0 3 3 2 3 3 1 1 2 2 3 2 2 0 1 3 2 0 0 3 4 3 3 4 3 1 2 2 2 3 2 3 2 1 0 2 3 3 5 3 
5 1 4 2 1 4 7 3 6 2 4 0 4 1 4 5 0 5 4 4 4 4 3 3 0 6 5 3 6 3 3 1 2 4 2 6 6 3 5 2 5 4 1 3 2 6 6 7 5 1 4 5 1 5 3 7 5 6 2 5 1 7 5 5 3 6 5 6 2 0 5 3 5 5 5 1 5 6 2 5 2 2 4 7 6 7 3 4 3 5 6 5 3 5 4 0 3 6 4 1 0 4 3 1 0 1 1 4 2 3 3 4 7 5 3 6 6 3 4 5 4 6 2 6 4 1 3 4 6 3 7 5 
7 6 3 3 4 1 3 1 3 4 2 5 2 4 5 0 4 2 2 5 1 5 5 4 5 2 4 2 2 4 3 3 3 0 3 1 4 4 0 3 1 1 4 6 3 1 3 3 1 5 5 2 3 2 4 3 2 1 4 0 3 2 3 0 3 3 0 1 2 5 0 1 0 1 0 4 3 1 4 0 3 4 1 4 2 3 3 1 2 3 2 0 2 4 6 4 6 1 3 4 5 0 5 5 5 3 4 5 5 1 2 6 3 4 6 1 1 2 3 2 4 2 4 1 4 3 2 1 3 5 3 1 
5 4 2 2 2 0 4 0 3 2 1 3 0 2 3 1 3 1 1 3 0 3 3 2 3 2 3 0 2 2 1 2 2 1 1 2 3 2 2 1 1 0 2 4 1 3 3 4 1 4 3 1 2 2 2 3 1 2 2 2 2 3 2 2 1 3 2 2 0 3 1 0 2 3 2 2 3 3 2 2 1 2 0 3 2 3 1 1 0 2 2 1 0 3 4 3 4 3 1 2 3 1 3 3 3 1 2 4 3 0 0 4 3 2 4 3 2 0 2 2 2 2 3 2 2 2 0 2 2 3 4 2 
7 6 3 3 4 1 3 2 2 4 2 5 1 4 5 0 5 1 1 4 1 4 5 4 5 1 4 2 1 4 3 4 3 1 3 1 3 4 1 3 1 1 4 6 3 2 3 3 0 5 5 1 4 2 4 3 1 1 4 0 4 2 2 0 3 3 0 1 2 5 0 2 0 2 0 4 3 0 4 0 3 4 1 3 2 3 3 1 2 3 2 0 2 4 6 5 6 1 3 4 5 1 5 5 5 3 4 5 5 2 2 5 2 3 6 2 1 2 3 2 3 1 5 0 4 3 2 1 2 5 3 2 
8 6 5 3 4 3 5 2 4 5 4 5 3 5 6 2 5 3 3 6 3 6 6 6 5 3 6 3 3 5 4 4 5 1 4 3 5 5 0 4 3 3 5 7 4 0 5 5 2 5 6 3 4 4 6 5 3 3 5 2 4 4 4 1 4 5 1 3 3 5 1 3 2 0 2 5 5 1 5 2 4 5 3 5 4 5 4 2 2 4 4 1 3 5 7 5 7 0 4 5 5 1 6 6 5 4 5 7 6 2 3 7 4 5 7 0 3 3 4 4 5 3 5 2 5 3 2 0 4 6 5 0 
7 6 3 3 4 1 3 2 2 4 2 5 1 4 5 0 5 1 1 4 1 4 5 4 5 1 4 2 1 4 3 4 3 1 3 0 3 3 1 3 0 1 4 5 3 2 3 2 0 5 5 1 4 1 4 2 1 1 4 0 4 2 2 1 3 3 1 0 2 5 0 2 0 2 0 4 3 1 4 0 3 4 1 3 2 2 3 1 2 2 1 0 2 3 6 5 5 2 2 4 5 1 5 5 5 3 4 5 5 2 2 5 2 3 6 2 1 2 2 1 3 1 4 0 3 3 2 2 2 5 3 2 
4 3 3 2 1 3 6 2 5 1 2 1 3 0 3 4 1 3 3 2 3 3 2 2 1 5 3 2 4 1 2 0 1 4 1 5 4 2 5 1 3 3 0 2 1 5 4 6 4 2 2 4 1 4 1 5 4 5 0 4 1 5 4 4 2 4 4 5 1 1 4 2 4 5 4 0 4 5 1 4 1 0 3 5 4 5 1 3 2 3 5 4 2 3 2 1 2 5 2 0 1 4 2 0 1 0 0 2 1 2 2 2 6 3 2 6 5 2 3 4 2 5 0 5 2 1 2 4 4 1 6 5 
4 7 1 4 5 2 2 3 1 3 1 5 2 4 2 3 5 1 1 2 2 2 3 2 5 2 1 2 1 2 2 4 2 4 3 2 0 2 4 3 2 2 4 4 3 5 0 2 2 6 3 1 5 1 3 1 1 3 3 3 5 2 0 4 2 0 4 2 3 5 3 3 3 5 3 4 0 4 3 3 3 3 2 1 1 1 2 2 3 0 1 3 3 1 4 5 4 5 1 4 6 3 3 5 5 4 3 3 4 3 3 3 2 1 4 5 3 2 1 1 1 2 4 3 2 4 3 4 0 4 2 5 
8 7 4 4 5 2 3 3 3 5 3 6 2 5 6 1 5 2 2 5 2 5 6 5 6 2 5 3 2 5 4 5 4 1 4 1 4 4 1 4 2 2 5 7 4 1 3 3 1 6 6 2 5 2 5 3 2 1 5 0 5 2 3 1 4 4 0 1 3 6 1 3 0 1 1 5 4 0 5 0 4 5 2 4 3 3 4 2 3 3 2 1 3 4 7 6 6 1 4 5 6 1 6 6 6 4 5 6 6 3 3 6 2 4 7 1 1 3 4 2 4 1 6 0 5 4 3 2 3 6 3 2 
3 4 2 3 2 2 5 3 4 0 2 2 2 1 2 4 2 3 3 1 2 1 1 1 2 4 2 2 4 0 1 1 0 4 1 4 3 1 5 1 3 3 1 1 1 6 4 5 4 3 1 3 3 3 0 4 3 5 0 4 2 5 3 5 1 3 5 4 2 2 4 2 4 5 4 1 3 5 0 4 1 0 3 4 4 4 1 3 3 3 4 4 2 2 1 2 1 6 2 1 3 4 1 1 2 1 0 1 1 2 2 1 5 2 1 6 5 2 2 3 1 5 0 5 1 2 2 5 4 0 5 5 
7 6 3 3 4 1 3 2 2 4 2 5 1 4 5 0 5 1 1 4 1 4 5 4 5 1 4 2 1 4 3 4 4 1 3 0 3 4 1 3 1 1 4 6 3 2 3 2 0 5 5 1 4 1 4 3 1 1 4 0 4 2 2 1 3 3 0 0 3 5 0 2 0 2 0 4 3 0 4 0 3 4 1 3 2 3 3 1 2 2 2 0 2 4 6 5 6 1 3 4 5 1 5 5 5 4 4 5 5 2 2 5 2 3 6 2 1 2 3 2 3 1 5 0 4 3 2 2 2 5 3 2 
4 4 1 2 2 1 4 1 4 0 1 2 1 1 2 3 2 2 1 2 1 2 2 1 2 3 2 1 3 1 0 1 0 3 0 3 3 1 3 0 2 1 1 2 0 4 3 4 2 3 2 2 2 2 1 4 2 4 0 3 2 4 2 3 0 3 3 3 0 2 3 1 3 4 3 1 3 4 1 3 0 1 1 4 3 4 0 2 1 2 3 3 1 2 3 2 2 4 1 1 3 3 2 2 3 1 1 2 2 1 1 3 4 2 3 4 4 1 1 2 1 3 1 4 1 1 1 3 3 2 4 4 
3 4 2 2 2 2 5 2 5 0 2 2 2 1 2 4 2 3 3 1 2 2 1 1 2 4 2 2 4 0 1 1 0 4 1 4 3 1 5 1 3 3 1 1 1 6 4 5 3 3 2 3 2 3 1 5 3 5 0 4 2 5 3 4 1 3 4 4 1 2 4 2 4 5 4 0 3 5 0 4 1 0 3 5 4 5 1 3 2 3 4 4 2 2 2 2 1 5 2 0 2 4 1 1 2 1 0 1 0 2 2 2 5 2 2 6 5 2 2 3 1 5 0 5 1 2 2 4 4 1 5 5 
5 5 2 2 3 0 3 1 2 2 0 4 0 3 3 1 4 0 0 3 0 3 4 3 4 1 2 0 1 2 1 3 2 1 2 1 2 2 2 2 0 0 3 4 2 3 2 3 0 4 4 1 3 1 3 2 0 2 2 1 3 2 1 2 1 2 2 1 1 4 1 0 1 3 1 3 2 2 3 1 1 3 0 3 1 2 1 0 1 1 1 1 1 2 4 4 4 3 1 3 4 1 3 4 4 2 3 4 4 1 1 4 2 2 4 3 2 0 1 1 2 2 3 2 2 2 1 2 1 4 3 3 
5 8 2 5 6 3 0 4 0 4 2 6 2 6 3 3 6 2 2 3 3 3 4 3 6 1 2 3 1 4 3 5 4 4 5 2 1 3 4 4 2 3 5 5 4 5 0 1 3 7 4 1 6 1 4 0 2 2 4 3 6 1 1 4 3 1 4 2 4 7 4 3 3 5 3 5 1 4 4 3 4 5 3 0 1 0 4 3 4 1 1 3 3 2 5 6 5 5 2 5 7 4 4 6 7 5 5 4 5 4 4 4 1 2 5 5 2 3 2 1 3 2 5 3 3 5 4 5 1 5 1 5 
5 7 1 4 5 1 1 3 0 3 1 5 1 5 3 2 5 0 1 3 2 3 4 3 5 1 2 2 0 3 2 4 3 3 4 1 1 2 3 3 1 1 4 4 3 4 0 1 1 6 4 0 5 0 3 1 0 1 3 2 5 1 0 3 2 0 3 1 3 6 2 2 2 4 2 4 1 3 4 2 3 4 1 1 0 1 3 2 3 0 0 2 2 2 4 5 4 4 2 4 6 3 3 5 6 4 4 4 5 3 3 4 1 2 5 4 1 2 1 0 2 1 4 2 2 4 3 4 0 4 1 4 
6 8 2 5 6 2 0 4 0 4 2 6 2 6 3 2 6 1 2 4 3 3 4 3 6 1 2 3 1 4 3 5 4 4 5 2 1 3 4 4 2 2 5 5 4 5 0 0 2 7 4 1 6 1 4 0 1 2 4 3 6 1 1 4 3 1 3 2 4 7 3 3 3 5 2 5 1 3 4 3 4 5 2 0 1 0 4 3 4 1 1 3 3 2 5 6 5 4 2 5 7 4 4 6 7 5 5 5 5 4 4 5 1 2 5 5 2 3 2 1 3 1 5 2 3 5 4 5 0 5 0 5 
4 4 1 2 2 1 4 2 3 0 1 2 1 2 2 3 2 2 2 1 1 2 2 1 3 3 2 1 3 0 0 1 0 3 1 3 3 1 4 0 2 1 1 2 1 5 3 4 2 3 2 2 2 2 1 4 2 4 0 3 2 4 2 3 0 2 3 3 1 3 3 1 3 4 3 1 2 4 1 3 0 1 1 4 3 4 0 2 2 2 3 3 1 2 2 2 2 4 1 1 3 3 1 2 3 1 1 2 2 1 1 2 4 2 2 5 4 1 1 2 1 3 1 4 1 2 1 3 3 2 4 4 
6 5 2 2 3 0 3 1 3 3 1 4 1 3 4 0 4 1 1 4 0 3 4 3 4 1 3 1 1 3 2 3 2 1 2 1 3 3 1 2 0 0 3 5 2 2 3 3 0 4 4 1 3 1 3 3 1 1 3 1 3 2 2 1 2 2 1 1 1 4 1 1 1 2 1 3 2 2 3 1 2 3 0 3 2 3 2 0 1 2 2 0 1 3 5 4 5 2 2 3 4 1 4 4 4 2 3 4 4 1 1 5 2 3 5 2 1 1 2 1 3 2 4 1 3 2 1 2 2 4 3 2 
6 4 3 1 2 1 5 0 4 2 2 3 1 2 4 2 2 2 2 4 1 4 4 3 3 3 4 1 3 2 2 1 2 1 1 3 4 3 2 1 2 1 2 4 1 3 4 4 2 3 4 2 1 3 3 4 2 3 2 2 1 4 3 2 2 4 2 3 1 3 2 0 2 2 2 2 3 3 3 2 1 2 1 4 3 4 2 1 0 3 3 2 1 3 4 2 4 2 2 2 3 1 4 3 3 1 2 4 3 0 0 4 4 3 5 3 3 1 3 3 3 3 3 3 3 1 0 1 3 4 5 2 
4 6 1 4 4 1 2 3 1 2 1 5 1 4 2 2 5 1 1 2 2 2 3 2 5 2 1 2 1 2 1 4 2 3 3 2 0 1 4 3 1 1 4 3 3 5 0 2 2 6 3 1 4 0 2 1 1 2 3 3 4 2 0 3 1 0 3 2 2 5 3 2 3 4 2 3 0 3 3 2 2 3 1 1 0 1 2 2 3 0 1 3 2 1 3 5 3 4 1 4 5 3 2 4 5 3 3 3 4 3 3 3 2 1 4 5 2 1 0 0 1 2 3 3 1 4 3 4 0 3 2 4 
6 7 2 4 5 2 1 3 0 4 2 6 1 5 4 1 5 1 1 4 2 3 4 3 6 0 2 2 0 3 3 4 3 3 4 1 1 3 3 4 1 2 5 5 3 4 1 1 1 6 4 0 5 0 4 1 1 1 4 2 5 0 0 3 2 1 2 1 3 6 2 2 2 4 1 5 1 2 4 2 3 4 1 1 0 1 3 2 3 1 0 2 2 2 5 6 5 3 2 5 6 3 4 6 6 4 4 4 5 3 3 5 1 2 5 4 1 2 2 0 3 0 5 1 3 4 3 4 0 5 1 4 
7 6 3 3 4 1 3 1 3 4 2 5 2 4 5 0 4 2 2 5 1 4 5 4 5 2 4 2 2 4 3 3 3 0 3 1 3 4 0 3 1 1 4 6 3 1 3 3 1 5 5 2 3 2 4 3 2 1 3 0 3 2 2 0 3 3 0 1 2 5 0 1 0 1 0 4 3 1 4 0 3 4 1 3 2 3 3 0 2 3 2 0 2 4 6 5 5 1 3 4 5 0 5 5 5 3 4 5 5 2 2 5 3 4 6 1 1 2 3 2 4 2 4 1 4 3 2 1 2 5 3 1 
5 4 2 1 2 0 4 0 3 1 1 3 1 2 3 2 3 1 1 3 0 3 3 2 3 2 2 0 2 2 1 2 1 1 1 2 3 2 2 1 1 1 2 3 1 3 3 4 1 3 3 2 2 2 2 3 1 3 1 2 2 3 2 2 1 3 2 2 0 3 2 0 2 3 2 2 3 3 2 2 1 2 1 3 2 3 1 1 1 2 2 2 0 2 4 3 3 3 1 2 3 1 3 3 3 1 2 3 3 0 0 3 3 2 4 3 3 0 2 2 2 3 2 3 2 1 0 2 2 3 4 3 
3 6 0 4 4 2 3 3 2 2 1 4 2 4 1 3 5 2 2 1 2 1 2 1 5 3 0 2 2 1 1 3 2 4 3 3 1 1 5 3 2 2 4 2 3 6 1 3 3 5 2 2 4 2 1 2 2 4 2 4 4 3 1 4 1 1 4 3 3 5 4 3 4 5 3 3 1 4 2 4 2 2 2 2 2 2 2 3 3 1 2 4 2 0 2 4 2 5 1 3 5 4 2 4 5 3 3 2 3 3 3 2 3 0 3 6 4 2 1 2 0 3 3 4 1 4 3 5 2 2 3 5 
1 5 2 5 4 4 6 5 5 2 3 3 4 3 1 5 4 4 4 1 4 1 0 1 4 5 2 4 5 2 2 3 2 6 3 6 4 2 7 3 5 4 3 0 3 7 4 6 5 5 0 4 4 4 1 5 4 6 2 6 4 6 4 6 3 4 6 6 3 4 6 4 6 7 6 2 4 7 1 6 3 2 4 5 4 5 2 5 4 3 5 6 4 2 0 4 0 7 3 2 4 6 1 2 4 3 2 0 1 4 4 0 6 3 0 8 6 3 3 4 2 6 1 6 2 4 4 6 4 1 6 7 
5 1 4 2 0 4 7 3 6 2 4 0 4 0 4 5 0 4 4 4 3 4 3 3 0 6 4 3 5 3 3 1 2 4 1 5 5 3 5 1 4 4 0 3 2 5 6 7 4 1 4 5 1 5 3 6 5 6 2 5 1 6 5 5 3 5 5 5 2 0 4 3 5 5 5 1 5 6 2 5 2 2 4 6 5 6 2 4 2 5 6 5 3 4 4 0 3 5 3 1 0 4 3 1 0 1 1 4 2 3 2 4 7 4 3 6 6 3 4 5 4 6 2 6 3 1 2 4 5 3 7 5 
1 5 2 4 3 4 6 4 5 2 3 3 4 3 1 5 4 4 4 1 4 1 0 1 3 5 2 3 5 1 2 3 2 5 3 5 3 2 6 3 4 4 3 0 3 7 4 6 5 4 0 4 4 4 1 5 4 6 2 6 4 6 4 6 2 4 6 5 3 3 6 4 6 7 5 2 4 6 1 6 2 1 4 5 4 5 2 5 4 3 5 5 3 2 0 3 0 7 2 2 4 5 0 2 3 3 2 0 1 4 4 0 6 2 0 7 6 3 3 4 2 6 1 6 1 4 4 6 4 0 6 7 
8 6 5 3 4 3 5 2 4 5 4 5 3 5 6 2 5 3 3 6 3 6 7 6 5 3 5 3 3 5 4 4 5 1 4 2 5 5 0 4 2 3 5 7 4 0 5 4 2 5 7 3 4 3 6 5 3 2 5 1 4 4 4 0 4 5 1 2 3 6 1 3 1 0 2 5 5 1 6 1 4 5 3 5 4 4 4 2 2 4 3 1 3 5 7 5 7 0 4 5 5 1 6 6 6 4 5 7 6 3 3 7 4 5 7 0 2 3 4 3 5 3 6 2 5 4 3 1 4 6 5 0 
4 5 0 3 3 1 3 2 2 1 0 3 1 3 2 2 3 1 1 1 1 1 2 1 4 2 1 1 2 1 0 2 1 3 2 2 1 0 3 1 1 1 2 3 1 4 2 3 2 4 2 1 3 1 1 2 1 3 1 3 3 3 1 3 0 1 3 2 1 4 3 1 3 4 2 2 1 4 2 3 1 2 1 2 2 2 1 2 2 1 2 3 1 1 3 3 2 4 0 2 4 3 2 3 4 2 2 2 3 2 1 2 3 1 3 5 3 1 0 1 0 3 2 3 1 2 2 4 2 2 3 4 
4 3 3 2 1 3 6 2 5 1 3 1 3 0 3 4 1 4 3 2 3 3 2 2 1 5 3 2 5 1 2 0 1 4 1 5 4 2 5 1 4 3 0 2 1 5 5 6 4 2 2 4 1 4 2 5 4 5 1 4 1 5 4 4 2 4 5 5 1 1 4 2 4 5 4 0 4 5 1 4 1 0 3 5 4 5 1 3 2 4 5 4 2 3 2 1 2 5 2 0 1 4 2 0 1 1 0 2 1 2 2 3 6 3 2 6 5 2 3 4 2 5 0 5 2 1 2 4 4 1 6 5 
5 1 4 2 1 4 7 3 7 3 4 0 4 1 5 5 0 5 5 4 4 5 4 4 0 6 5 3 6 3 3 1 3 4 2 6 6 4 5 2 5 4 1 4 2 6 6 7 5 0 4 5 1 5 3 7 5 6 2 5 1 7 5 5 3 6 5 6 2 0 5 3 5 5 5 1 6 6 3 5 3 2 4 7 6 7 3 4 3 5 6 5 3 5 4 0 4 5 4 1 0 4 4 1 0 1 2 4 2 3 3 4 7 5 4 6 6 3 5 5 4 6 2 6 4 1 3 4 6 3 8 5 
7 5 3 2 3 1 4 1 3 3 2 4 2 4 5 1 4 2 2 4 1 4 5 4 4 2 4 1 2 4 3 3 3 0 3 2 4 4 0 3 1 1 4 5 2 1 4 4 1 4 5 2 3 2 4 4 2 2 3 1 3 3 3 0 3 3 0 2 2 4 0 1 1 1 1 4 3 1 4 1 3 4 1 4 3 4 3 1 1 3 3 0 1 4 6 4 5 1 3 4 4 0 5 5 5 3 4 5 5 1 2 5 3 4 6 1 2 2 3 2 4 2 4 1 4 3 1 1 3 5 4 1 
2 5 1 4 3 3 5 4 4 1 2 3 3 2 1 4 3 3 3 0 3 1 0 0 3 4 1 3 4 1 1 3 1 5 2 4 3 1 5 2 4 3 2 0 2 6 3 5 4 4 0 3 4 3 0 4 3 5 1 5 3 5 3 5 1 3 5 5 3 3 5 3 5 6 5 2 3 6 1 5 2 1 3 4 3 4 1 4 4 2 4 5 3 2 1 3 0 6 2 2 4 5 0 2 3 2 1 0 1 3 3 0 5 2 1 6 5 2 2 3 1 5 1 5 1 3 3 5 3 0 5 6 
4 2 3 3 1 4 7 3 6 2 3 1 4 0 3 5 1 4 4 3 4 3 2 3 1 6 4 3 5 2 3 1 2 5 1 6 5 3 6 2 4 4 1 2 2 6 5 7 5 2 3 5 2 5 2 6 5 6 1 5 2 6 5 5 3 5 5 6 2 1 5 3 5 6 5 0 5 6 1 5 2 1 4 6 5 6 2 4 3 4 6 5 3 4 2 1 2 6 3 0 1 5 2 0 1 1 1 2 0 3 3 3 7 4 2 6 6 3 4 5 3 6 1 6 3 2 3 5 5 1 7 5 
5 1 4 2 1 4 7 3 7 2 4 0 4 1 4 5 0 5 4 4 4 4 3 3 0 6 5 3 6 3 3 1 3 4 2 6 6 4 5 2 5 4 1 3 2 6 6 7 5 1 4 5 1 5 3 7 5 6 2 5 1 7 5 5 3 6 5 6 2 0 5 3 5 5 5 1 5 6 2 5 3 2 4 7 6 7 3 4 3 5 6 5 3 5 4 0 3 6 4 1 0 5 3 1 0 1 2 4 2 3 3 4 7 5 3 6 6 3 4 5 4 6 2 6 4 2 3 5 6 3 7 5 
5 3 3 1 0 2 5 1 5 1 2 1 2 0 3 3 1 3 3 3 2 3 3 2 1 4 3 2 4 1 2 0 1 3 0 4 4 2 4 0 3 2 0 3 0 4 4 5 3 2 3 3 1 3 2 5 3 4 1 4 1 5 4 3 2 4 4 4 0 1 3 1 3 4 3 0 4 4 1 4 1 1 2 5 4 5 1 2 1 3 4 3 1 3 3 1 3 4 2 1 1 3 2 1 1 0 1 3 2 1 1 3 5 3 3 5 4 1 3 3 2 4 1 4 2 0 1 3 4 2 6 4 
3 3 2 2 1 2 5 2 5 0 2 1 2 1 3 4 2 3 3 2 2 2 2 1 2 4 3 2 4 1 1 1 1 4 1 4 4 1 5 0 3 3 0 2 1 5 4 5 3 2 2 3 2 3 1 5 3 5 0 4 2 5 3 4 1 4 4 4 1 1 4 2 4 5 4 0 3 5 0 4 1 0 3 5 4 5 1 3 2 3 4 4 2 3 2 1 2 5 2 0 2 4 1 1 2 1 0 2 1 2 2 2 5 3 2 5 5 2 2 3 2 5 0 5 2 1 2 4 4 1 6 5 
1 5 2 4 4 3 5 4 5 2 3 3 3 3 1 5 4 4 3 0 4 1 0 1 4 5 2 3 4 1 2 3 2 5 3 5 3 1 6 3 4 4 3 0 3 7 4 5 4 5 0 4 4 4 1 5 4 6 2 5 4 5 4 6 2 3 6 5 3 4 5 4 5 7 5 2 3 6 1 5 2 1 4 4 4 5 2 4 4 3 4 5 3 2 0 4 0 7 2 2 4 5 0 2 4 3 2 0 2 4 3 0 5 2 0 7 6 3 2 4 1 5 1 6 1 4 4 6 4 1 5 6 
3 3 3 3 2 3 6 3 5 1 3 1 3 1 3 5 2 4 4 2 3 2 1 2 2 5 3 3 5 1 2 1 1 5 2 5 4 2 6 1 4 4 1 1 2 6 5 6 4 3 2 4 2 4 1 5 4 6 1 5 2 6 4 5 2 4 5 5 2 2 5 3 5 6 5 1 4 6 1 5 2 0 4 5 5 5 2 4 3 4 5 5 3 3 1 2 1 6 3 1 2 5 1 0 2 2 1 2 0 3 3 2 6 3 1 6 6 3 3 4 2 6 0 6 2 2 3 5 5 1 6 6 
6 4 2 1 2 1 4 0 4 2 1 3 1 2 4 2 2 2 2 3 1 3 4 3 3 3 3 1 3 2 2 1 2 1 1 2 3 2 2 1 1 1 2 4 1 3 3 4 1 3 4 2 2 2 3 4 2 3 2 2 2 3 3 2 1 3 2 3 0 3 1 0 2 2 2 2 3 3 2 2 1 2 1 4 3 4 1 1 0 3 3 2 0 3 4 3 4 3 2 2 3 1 3 3 3 1 2 4 3 0 0 4 4 3 4 3 3 1 2 2 2 3 3 3 3 1 0 2 3 3 4 2 
5 4 2 1 1 1 4 0 4 1 1 2 1 2 4 2 2 2 2 3 1 3 3 3 2 3 3 0 3 2 1 1 1 1 1 3 3 2 2 1 2 1 2 4 0 3 3 4 2 3 3 2 1 2 2 4 2 3 1 2 1 4 3 2 1 3 2 3 0 3 2 0 2 3 2 2 3 3 2 2 1 2 1 4 3 4 1 1 0 3 3 2 0 3 4 2 4 3 1 2 3 2 3 3 3 1 2 3 3 0 0 4 4 3 4 3 3 1 2 2 2 3 2 3 2 1 0 2 3 3 5 3 
1 6 2 5 4 4 5 4 5 2 3 4 3 3 1 5 4 4 4 1 4 1 0 1 4 5 2 3 5 1 2 3 2 5 3 5 3 1 6 3 4 4 3 0 3 7 4 5 5 5 0 4 4 4 1 5 4 6 2 5 4 5 4 6 2 3 6 5 3 4 6 4 5 7 5 2 3 6 1 5 3 2 4 4 4 5 2 5 4 3 5 5 3 2 0 4 0 7 2 3 4 5 0 3 4 3 2 0 2 4 4 0 6 2 0 7 6 3 3 4 2 5 2 6 1 4 4 6 4 1 5 7 
7 8 3 5 6 3 1 4 1 5 3 7 2 6 4 2 6 2 2 5 3 4 5 4 7 0 3 3 1 4 4 5 4 3 5 1 2 4 3 5 2 2 6 6 4 4 1 0 2 7 5 1 6 1 5 1 2 1 5 2 6 0 1 3 3 2 3 1 4 7 3 3 2 4 2 6 2 2 5 2 4 5 2 1 1 1 4 2 4 2 1 3 3 3 6 7 6 4 3 6 7 3 5 7 7 5 5 5 6 4 4 6 0 3 6 4 1 3 3 1 4 0 6 1 4 5 4 4 1 6 0 4 
3 6 0 4 4 2 3 3 2 2 1 4 2 4 1 3 4 2 2 1 2 1 2 1 5 3 0 2 2 1 1 3 2 4 3 3 1 1 5 3 2 2 3 2 3 5 1 3 3 5 2 2 4 2 1 2 2 3 2 3 4 3 1 4 1 1 4 3 3 5 4 2 3 5 3 3 1 4 2 3 2 2 2 2 2 2 2 3 3 1 2 4 2 0 3 4 2 5 1 3 5 4 2 4 5 3 3 2 3 3 3 2 3 0 3 6 3 2 0 2 0 3 3 4 1 4 3 5 1 2 3 5 
1 5 3 5 4 4 6 5 5 2 3 3 4 3 2 6 4 4 4 1 4 2 0 1 4 6 2 4 5 2 2 3 2 6 3 6 4 2 7 3 5 4 3 0 3 8 4 6 5 4 1 5 4 4 1 5 4 6 2 6 4 6 4 6 3 4 6 6 3 3 6 4 6 7 6 2 4 7 1 6 3 2 4 5 5 5 2 5 5 4 5 6 4 3 0 3 0 7 3 2 4 6 1 2 3 3 2 0 1 4 4 0 6 3 0 8 6 4 3 5 2 6 1 6 2 4 4 6 5 0 6 7 
9 6 5 4 5 3 5 3 5 5 4 6 3 5 7 2 5 3 4 6 3 6 7 6 6 3 6 3 4 5 5 5 5 1 4 3 5 5 1 4 3 3 5 7 4 0 5 4 2 6 7 4 4 4 6 5 3 3 5 2 4 4 4 1 5 5 1 3 4 6 1 3 2 0 2 6 5 1 6 2 4 6 3 5 4 5 5 2 3 5 4 1 3 6 8 6 7 0 5 6 6 1 6 6 6 5 5 7 6 3 3 7 4 6 8 0 2 4 5 4 5 3 6 2 6 4 3 1 4 7 5 0 
7 7 3 4 5 2 2 3 2 4 2 6 2 5 5 1 6 1 2 5 2 4 5 4 6 0 4 2 1 4 3 5 4 2 4 0 3 4 2 4 1 2 5 6 4 3 2 1 1 6 5 1 5 1 5 2 1 0 4 1 5 1 2 2 3 2 1 0 3 6 1 2 1 3 1 5 3 1 5 1 4 5 2 2 1 2 4 1 3 2 1 1 3 4 6 6 6 2 3 5 6 2 5 6 6 4 5 6 6 3 3 6 1 3 6 2 0 3 3 1 4 0 5 0 4 4 3 3 2 6 2 3 
5 5 1 2 2 0 3 1 3 1 0 3 0 2 3 2 3 1 1 2 0 2 3 2 3 2 2 0 2 1 1 2 1 2 1 2 2 1 3 1 1 0 2 3 1 4 2 3 1 4 3 1 2 1 2 3 1 2 1 2 2 3 2 2 0 2 2 2 1 3 2 0 2 3 2 2 2 3 2 2 1 2 0 3 2 3 1 1 1 1 2 2 0 2 3 3 3 3 1 2 3 2 2 3 3 1 2 3 3 1 1 3 3 2 4 4 3 0 1 1 1 2 2 2 2 2 1 2 2 3 4 3 
4 6 0 3 4 1 3 2 2 2 0 4 1 3 2 2 4 1 1 2 1 1 2 1 4 2 1 1 2 1 1 3 1 3 2 2 1 1 4 2 1 1 3 3 2 5 1 3 2 5 2 1 4 1 2 2 1 3 2 3 4 2 1 3 1 1 3 2 2 4 3 2 3 4 2 3 1 4 2 3 1 2 1 2 1 2 1 2 3 0 2 3 2 1 3 4 3 4 0 3 5 3 2 4 4 3 2 2 3 2 2 3 3 0 3 5 3 1 0 1 1 2 3 3 1 3 2 4 1 3 3 4 
5 6 1 4 4 1 2 3 1 3 1 5 1 4 3 1 5 0 0 3 1 3 4 3 5 1 2 1 0 3 2 4 3 2 3 1 1 2 3 3 1 1 4 4 3 4 1 1 1 6 4 0 4 0 3 1 0 1 3 2 4 1 0 3 2 1 2 1 2 5 2 2 2 4 1 4 1 2 3 2 2 3 1 1 0 1 2 1 3 0 0 2 2 2 4 5 4 3 1 4 5 2 3 5 5 3 3 4 4 2 2 4 1 2 5 4 1 1 1 0 2 1 4 2 2 4 2 3 0 4 2 4 
3 5 0 3 3 2 3 3 3 1 1 4 2 3 1 3 4 2 2 1 2 0 1 0 4 3 0 2 3 1 0 3 1 4 2 3 1 0 4 2 2 2 3 2 2 5 2 4 3 4 1 2 4 2 1 3 2 4 1 4 3 3 2 4 1 2 4 3 2 4 4 2 3 5 3 2 1 4 1 3 1 1 2 3 2 3 1 3 3 1 3 4 2 0 2 4 2 5 0 2 4 4 1 3 4 2 2 1 2 2 2 2 4 0 2 5 4 1 1 2 0 3 2 4 0 3 3 4 2 2 4 5 
7 7 3 4 5 2 1 3 1 4 2 6 2 5 4 1 6 1 1 4 2 4 5 4 6 0 3 2 0 4 3 5 4 2 4 0 2 3 2 4 1 2 5 6 4 3 2 1 1 7 5 1 5 1 4 1 1 0 4 1 5 0 1 2 3 2 2 0 3 6 2 2 1 3 1 5 2 1 5 1 3 5 2 2 1 1 3 2 3 2 0 2 3 3 6 6 6 3 3 5 6 2 5 6 6 4 5 5 6 3 3 5 0 3 6 3 0 2 2 1 3 0 5 1 4 4 3 3 1 5 1 3 
3 4 2 3 2 3 6 3 5 0 2 2 3 1 2 4 2 3 3 1 3 2 1 1 2 5 2 2 4 1 1 1 1 4 1 5 4 1 5 1 4 3 1 1 1 6 4 6 4 3 1 4 2 4 1 5 4 5 0 5 2 5 4 5 2 4 5 5 2 2 4 3 5 5 4 0 4 6 0 5 1 0 3 5 4 5 1 4 3 3 5 4 2 3 1 2 1 6 2 0 2 4 1 1 2 1 0 1 0 3 2 2 6 3 1 6 5 2 3 4 2 5 0 5 1 2 3 5 4 0 6 5 
7 7 3 4 5 2 2 3 2 4 2 6 2 5 5 0 5 2 2 5 2 5 6 5 6 1 4 2 1 4 3 5 4 2 4 0 3 4 1 4 1 2 5 6 4 2 3 2 1 6 5 1 5 2 5 2 1 0 4 0 5 1 2 1 3 3 1 0 3 6 1 2 0 2 0 5 3 0 5 0 4 5 2 3 2 2 4 1 3 3 1 1 3 4 6 6 6 2 3 5 6 1 5 6 6 4 5 6 6 3 3 6 1 4 6 2 0 2 3 2 4 1 5 0 4 4 3 2 2 6 2 2 
3 5 0 3 3 2 4 3 3 1 1 3 2 3 1 3 3 2 2 0 2 0 1 0 4 3 1 2 3 0 0 2 1 4 2 3 2 0 5 2 2 2 2 2 2 6 2 4 3 4 1 2 3 2 0 3 2 4 1 4 3 4 2 4 1 2 4 4 2 4 4 2 4 5 3 2 2 5 1 4 1 1 2 3 2 3 1 3 3 1 3 4 2 1 2 3 1 5 1 2 4 4 1 3 4 2 2 1 2 3 2 1 4 1 2 6 4 2 1 2 0 4 1 4 0 3 3 5 2 1 4 5 
5 2 3 0 0 2 6 1 5 2 2 1 2 1 4 3 1 3 3 3 2 4 4 3 1 4 4 2 4 2 2 0 2 2 0 4 4 3 3 1 3 2 1 4 1 4 5 6 3 2 4 3 0 4 3 5 3 4 1 3 0 5 4 3 2 4 3 4 1 1 3 2 3 3 3 1 4 4 2 3 1 2 2 5 4 5 2 2 1 4 4 3 1 4 4 1 4 4 2 1 1 3 3 2 2 0 1 4 2 1 1 4 5 4 4 4 4 2 3 4 3 4 2 4 3 0 1 3 4 3 6 3 
6 4 2 1 2 1 4 0 4 2 1 3 1 2 4 2 2 2 2 3 1 3 4 3 3 3 3 1 3 2 2 1 2 1 1 2 3 2 2 1 1 1 2 4 1 3 3 4 1 3 4 2 2 2 3 4 2 3 2 2 1 4 3 2 2 3 2 3 0 3 2 0 2 2 2 2 3 3 2 2 1 2 1 4 3 4 1 1 0 3 3 2 0 3 4 2 4 3 2 2 3 1 3 3 3 1 2 4 3 0 0 4 4 3 4 3 3 1 2 2 3 3 3 3 3 1 0 2 3 3 4 2 
8 5 4 2 3 2 5 1 4 4 3 4 3 4 6 2 4 3 3 5 2 5 6 5 4 3 5 2 3 4 4 3 4 0 3 3 5 4 1 3 2 2 4 6 3 1 5 4 2 4 6 3 3 3 5 5 3 3 4 2 3 4 4 1 3 5 1 3 2 4 1 2 1 0 2 4 4 2 5 2 3 4 2 5 4 5 3 2 1 4 4 1 2 5 6 4 6 1 4 4 4 1 5 5 5 3 4 6 5 2 2 6 4 5 6 1 3 2 4 3 4 3 5 2 5 3 2 0 4 6 5 0 
5 7 1 4 5 2 1 3 0 3 1 5 1 5 3 2 5 1 1 3 2 3 4 3 6 1 2 2 0 3 2 4 3 3 4 1 1 2 3 3 1 2 4 4 3 4 0 1 2 6 4 0 5 0 3 0 1 2 3 2 5 1 0 3 2 0 3 1 3 6 3 2 2 4 2 4 0 3 4 2 3 4 1 1 0 0 3 2 3 0 0 2 2 2 4 5 4 4 2 4 6 3 3 5 6 4 4 4 5 3 3 4 1 1 5 4 2 2 1 0 2 1 4 2 2 4 3 4 0 4 1 4 
2 4 2 4 3 3 6 4 5 1 3 2 3 2 2 5 3 4 3 1 3 1 0 1 3 5 2 3 5 1 2 2 1 5 2 5 4 1 6 2 4 4 2 0 2 7 4 6 4 4 1 4 3 4 1 5 4 6 1 5 3 5 4 5 2 4 6 5 3 3 5 3 5 6 5 1 4 6 0 5 2 1 4 5 4 5 2 4 4 3 5 5 3 2 1 3 0 6 2 1 3 5 0 1 3 2 1 1 1 3 3 1 6 2 0 7 6 3 3 4 2 5 0 6 1 3 3 6 4 0 6 6 
6 9 3 6 6 3 0 5 0 5 3 7 3 6 4 3 7 2 3 5 3 4 5 4 7 1 3 4 1 5 4 6 5 4 5 2 2 4 4 5 3 3 6 6 5 5 1 0 3 8 5 2 6 2 5 0 2 2 5 3 6 1 2 4 4 2 4 2 5 7 3 4 3 5 3 6 2 3 5 3 4 5 3 1 1 0 4 3 5 2 1 3 4 3 6 7 6 5 3 6 8 4 5 7 7 6 6 5 6 4 5 5 0 3 6 5 2 4 3 2 4 1 6 2 4 6 4 5 1 6 0 5 
8 5 5 3 4 3 5 2 4 4 3 5 3 4 6 2 4 3 3 6 2 6 6 5 5 3 5 3 3 5 4 4 4 1 4 3 5 5 0 4 2 2 4 7 3 0 5 5 2 5 6 3 3 3 5 5 3 3 4 2 3 4 4 1 4 5 1 3 3 5 1 2 2 0 2 5 5 2 5 2 4 5 3 5 4 5 4 2 2 4 4 1 3 5 7 5 7 0 4 5 5 1 6 5 5 4 5 6 6 2 3 7 4 5 7 0 3 3 4 4 5 3 5 2 5 3 2 0 4 6 5 0 
