130 10289.47 0 1680 7 240
15.1 5.54 17.39 76.38 84.15 97.17 8.68 90.87 16.29 20.55 47.32 39.92 93.99 94.26 51.39 92.93 73.02 27.89 61.1 3.02 7.7 18.24 42.32 95.16 18.19 29.61 30.15 51.52 53.67 80.71 17.98 35.71 25.35 91.45 80.11 81.77 17.11 79.82 42.3 94.76 92.56 61.64 72.37 16.49 74.49 36.35 80.62 38.26 90.22 17.5 58.02 15.86 52.61 46.83 9.24 53.34 20.49 54.01 56.82 13.91 48.19 92.99 59.35 46.13 90.14 68.73 15.22 46.08 93.64 17.13 26.83 31.26 48.23 40.69 31.56 17.93 12.93 28.05 24.46 85.53 82.57 36.4 93.56 12.35 39.54 68.5 38.26 35.86 61.74 25.78 13.68 41.35 86.66 51.02 46.77 47.09 52.36 68.23 64.4 74.8 72.53 97.78 49.39 82.29 16.43 40.93 97.58 98.48 29.4 86.36 13.81 78.9 8.75 93.91 79.04 12.39 17.57 32.08 95.53 86.13 91.26 93.47 28.04 41.3 20.16 42.55 15.52 83.8 23.96 30.65 
87.29 33.54 50.71 10.09 26.77 56.75 79.63 56.29 44.05 74.48 19.8 31.53 39.91 19.09 12.67 68.51 82.36 78.53 10.67 14.88 53.6 22.73 12.94 45.94 49.22 32.22 49.48 40.55 68.87 73.86 41.31 19.33 84.19 27.48 41.97 60.11 78.71 89.22 60.99 41.42 30.82 51.76 72.88 76.78 65.85 31.14 75.15 28.98 71.86 52.01 47.93 84.3 80.41 28.99 29.22 82.19 14.21 70.15 40.37 73.47 31.89 81.82 15.03 52.83 64.43 10.96 21.86 34.74 19.3 37.17 65.61 18.57 40.1 51.26 81.85 34.97 55.7 33.28 86.03 37.17 24.01 62.84 81.72 49.37 69.92 58.51 47.72 38.83 81.38 28.92 35.19 44.7 82.0 50.17 43.35 79.13 25.46 61.84 81.68 22.26 55.53 29.34 43.45 57.67 28.15 70.72 51.45 73.01 62.12 85.52 72.36 76.42 52.65 29.58 40.17 80.08 26.74 84.59 49.21 20.97 17.59 42.77 88.91 22.54 66.21 10.43 62.8 76.21 13.38 20.12 
2 1 2 7 8 9 1 9 2 2 5 4 9 9 5 9 7 3 6 1 1 2 4 9 2 3 3 5 5 8 2 4 3 9 8 8 2 8 4 9 9 6 7 2 7 4 8 4 9 2 6 2 5 5 1 5 2 5 6 2 5 9 6 5 9 7 2 5 9 2 3 3 5 4 3 2 2 3 3 8 8 4 9 2 4 7 4 4 6 3 2 4 8 5 5 5 5 7 6 7 7 9 5 8 2 4 9 9 3 8 2 8 1 9 8 2 2 3 9 8 9 9 3 4 2 4 2 8 3 3 
1 2 3 4 5 6 7 8 9 10 11 12 13 14 15 16 17 18 19 20 21 22 23 24 25 26 27 28 29 30 31 32 33 34 35 36 37 38 39 40 41 42 43 44 45 46 47 48 49 50 51 52 53 54 55 56 57 58 59 60 61 62 63 64 65 66 67 68 69 70 71 72 73 74 75 76 77 78 79 80 81 82 83 84 85 86 87 88 89 90 91 92 93 94 95 96 97 98 99 100 101 102 103 104 105 106 107 108 109 110 111 112 113 114 115 116 117 118 119 120 121 122 123 124 125 126 127 128 129 130 
3 3 3 1 2 3 3 3 3 3 3 3 3 3 3 3 1 3 3 3 3 3 3 3 3 3 3 3 3 2 3 3 3 3 2 2 3 2 3 3 3 3 1 3 1 3 2 3 3 3 3 3 3 3 3 3 3 3 3 3 3 3 3 3 3 1 3 3 3 3 3 3 3 3 3 3 3 3 3 2 2 3 3 3 3 1 3 3 3 3 3 3 2 3 3 3 3 1 3 1 1 3 3 2 3 3 3 3 3 2 3 2 3 3 2 3 3 3 3 2 3 3 3 3 3 3 3 2 3 3 
1 2 1 1 3 2 2 2 1 1 1 1 2 2 1 2 1 2 3 2 2 1 1 2 1 2 2 1 1 3 1 1 2 2 3 3 1 3 1 2 2 3 1 1 1 1 3 1 2 1 3 1 1 1 2 1 1 1 3 1 1 2 3 1 2 1 1 1 2 1 2 2 1 1 2 1 1 2 2 3 3 1 2 1 1 1 1 1 3 2 1 1 3 1 1 1 1 1 3 1 1 2 1 3 1 1 2 2 2 3 1 3 2 2 3 1 1 2 2 3 2 2 2 1 1 1 1 3 2 2 
3 2 2 7 4 3 9 6 5 9 6 7 3 7 10 4 4 2 1 5 5 6 3 8 10 2 6 6 6 10 9 4 7 8 7 6 4 5 9 10 4 7 7 10 6 9 5 5 4 3 2 9 8 3 5 9 1 1 6 3 8 10 6 7 5 6 5 6 10 9 7 1 5 10 6 10 1 3 5 9 8 6 7 7 4 7 4 7 5 5 9 3 1 9 5 5 1 6 8 4 7 5 10 10 8 9 6 2 5 6 2 9 1 10 7 3 10 6 10 6 5 3 1 5 7 10 5 6 8 1 
4166.42 4776.57 4540.92 3928.71 4092.32 4469.43 4365.16 4487.07 4682.32 4569.51 4528.07 3930.48 4406.67 3882.89 4747.06 3839.35 3784.51 4843.89 4004.14 4699.45 4149.43 4166.24 4138.93 3835.49 4131.34 4790.6 4293.58 3691.02 3583.9 4152.99 4415.51 3223.37 3885.23 3853.32 4045.03 4210.0 4093.1 4233.65 4495.54 3978.65 4091.85 4127.44 3995.63 4110.12 3694.88 4583.92 4299.71 4865.08 3550.92 4372.92 4550.49 4603.67 3875.04 4149.82 4876.19 4385.71 4149.93 4207.92 4378.4 4186.19 3867.44 4347.97 4251.0 4040.78 4108.49 4566.12 4263.14 4033.08 4769.04 4397.09 3979.84 4009.63 4315.84 3564.49 3730.36 3954.38 4039.94 4399.97 4683.65 4349.9 3845.76 4411.83 3858.89 3938.51 4369.53 3939.86 4044.23 3941.57 4974.33 4897.53 4442.55 4361.29 4167.01 4353.75 4890.79 4220.61 4074.16 4539.58 3816.4 4199.38 4145.25 4228.94 4074.14 3855.76 3843.14 4611.57 4272.59 4907.94 4585.06 4351.91 4577.56 4462.14 4239.31 4703.39 4122.09 4377.9 4079.27 3628.31 4593.2 4017.23 4434.5 4255.06 3885.22 4225.71 3931.62 3946.55 4122.61 3873.8 3842.7 4068.76 
0.52 0.67 0.65 0.78 0.61 0.37 0.23 0.58 0.2 0.13 0.22 0.53 0.67 0.76 0.61 0.7 0.67 0.59 0.16 0.27 0.16 0.37 0.5 0.48 0.59 0.74 0.33 0.3 0.69 0.48 0.16 0.61 0.57 0.4 0.58 0.73 0.59 0.21 0.16 0.31 0.66 0.42 0.42 0.25 0.6 0.24 0.33 0.33 0.74 0.59 0.6 0.07 0.46 0.51 0.34 0.18 0.19 0.29 0.45 0.45 0.41 0.49 0.42 0.6 0.28 0.6 0.36 0.5 0.42 0.21 0.77 0.4 0.31 0.24 0.33 0.55 0.49 0.46 0.13 0.31 0.46 0.62 0.48 0.57 0.59 0.47 0.63 0.62 0.32 0.17 0.29 0.32 0.18 0.31 0.13 0.36 0.32 0.55 0.43 0.64 0.5 0.13 0.45 0.6 0.42 0.12 0.48 0.72 0.16 0.4 0.68 0.15 0.33 0.37 0.7 0.04 0.36 0.63 0.6 0.58 0.28 0.15 0.44 0.17 0.6 0.31 0.29 0.51 0.48 0.42 
0.97 0.51 0.93 0.83 0.92 1.0 1.0 0.56 0.84 1.0 0.55 0.73 0.69 0.57 0.68 0.94 1.0 0.89 0.76 0.99 0.93 0.82 0.5 0.82 0.94 0.51 0.83 0.76 0.98 0.91 0.99 0.93 1.0 0.85 0.81 0.88 1.0 0.8 0.67 0.63 0.72 0.99 0.84 0.88 0.83 0.87 0.59 0.52 0.69 0.53 1.0 0.73 0.61 0.66 1.0 1.0 1.0 0.89 0.69 0.69 1.0 0.78 0.75 0.87 0.82 0.81 0.95 0.65 0.58 0.94 0.9 0.9 1.0 0.93 0.92 0.83 0.61 0.73 0.58 0.83 0.9 0.81 0.8 0.71 0.6 0.66 0.75 0.87 0.76 0.77 0.95 0.61 0.61 0.54 0.75 0.98 0.85 0.96 0.92 1.0 0.57 0.7 0.88 0.78 0.52 1.0 0.73 0.63 0.68 0.93 0.85 0.62 0.99 0.76 0.99 0.76 1.0 0.59 0.61 0.91 0.72 0.56 0.92 1.0 0.76 0.97 0.52 0.99 1.0 0.99 
0.92 0.92 0.66 0.56 0.97 0.88 0.86 0.92 0.76 0.7 0.97 0.74 1.0 0.97 0.88 0.98 0.73 0.63 0.62 0.77 1.0 0.54 0.52 0.66 0.69 0.64 0.87 0.91 0.92 0.92 0.56 1.0 0.92 0.72 0.69 0.65 0.62 0.73 0.53 1.0 1.0 0.87 0.54 1.0 0.78 0.99 0.94 0.68 0.92 0.71 0.71 0.8 0.99 0.95 0.95 0.9 1.0 0.81 0.84 0.86 1.0 0.81 0.54 0.61 0.88 0.69 1.0 0.74 1.0 1.0 0.99 0.8 0.74 0.85 0.63 1.0 0.7 0.85 0.86 0.59 0.5 0.54 0.99 0.73 0.82 1.0 0.59 0.96 0.81 0.8 0.57 0.9 0.57 0.79 0.69 0.54 0.76 1.0 0.81 0.82 0.91 1.0 0.71 0.67 0.67 1.0 0.74 0.91 0.94 0.88 0.8 0.99 0.64 1.0 0.63 1.0 0.65 0.64 0.97 1.0 0.6 0.89 1.0 0.57 1.0 0.76 0.68 0.61 0.94 0.79 
0.78 0.9 0.96 0.7 0.8 0.68 0.7 0.91 0.62 0.78 0.51 1.0 0.73 0.53 0.97 0.8 1.0 1.0 1.0 0.8 0.83 1.0 0.79 0.82 0.62 0.52 0.75 0.81 0.53 0.58 0.9 1.0 0.83 0.55 0.99 0.84 0.72 0.54 0.57 0.94 0.69 0.73 0.98 0.64 1.0 0.64 0.85 0.98 0.67 0.87 0.63 0.79 0.67 0.67 0.76 0.68 0.89 0.56 0.59 0.63 0.89 0.59 0.85 0.82 0.68 0.83 0.76 0.85 0.58 0.57 0.53 0.86 1.0 0.72 0.93 0.71 0.9 0.84 0.73 0.6 0.8 1.0 0.5 0.68 1.0 0.55 0.59 0.62 1.0 0.57 0.71 0.87 1.0 0.52 0.97 1.0 0.71 0.6 1.0 0.93 0.99 0.52 0.85 0.51 0.83 1.0 0.82 0.76 1.0 0.75 0.82 0.96 0.61 0.66 0.57 0.63 0.53 0.79 1.0 0.87 0.61 0.85 0.66 0.97 0.56 0.52 0.88 0.93 0.51 0.64 
0.97 0.74 1.0 0.72 0.81 0.75 0.78 0.86 0.53 0.78 0.55 0.88 0.89 0.68 0.5 0.7 0.95 0.65 0.99 0.78 0.91 0.81 0.61 0.52 0.89 0.93 1.0 0.87 0.62 0.79 1.0 0.53 0.86 0.75 0.63 0.63 0.99 0.92 0.9 0.73 0.65 1.0 0.55 1.0 0.52 0.87 1.0 0.74 0.95 1.0 1.0 1.0 1.0 0.7 0.6 0.93 0.96 0.96 1.0 0.58 0.86 0.78 0.84 0.91 0.51 0.81 0.6 1.0 0.57 0.86 0.87 0.7 0.98 0.53 0.72 0.69 0.75 0.67 0.52 0.56 1.0 0.89 0.51 0.91 0.74 0.58 0.91 0.6 1.0 0.87 0.97 0.85 0.79 0.78 0.72 0.79 0.7 0.91 1.0 0.9 0.87 0.97 1.0 0.58 0.77 0.92 0.95 0.55 0.81 0.71 0.92 0.86 1.0 1.0 0.99 1.0 0.93 1.0 0.67 0.63 1.0 0.96 0.94 0.51 0.97 1.0 0.84 0.94 0.57 0.69 
1.0 1.0 0.76 0.9 0.87 0.51 1.0 0.79 0.77 0.96 0.7 0.63 1.0 0.61 0.81 1.0 1.0 0.59 0.92 0.7 0.61 0.52 0.99 1.0 1.0 0.67 0.62 0.71 1.0 0.85 0.9 0.7 0.64 0.88 0.59 0.54 0.53 0.52 1.0 0.86 0.62 0.58 0.83 0.8 0.64 0.98 0.78 1.0 0.86 0.88 0.74 0.68 0.91 0.98 1.0 1.0 0.78 1.0 0.91 0.81 0.79 1.0 1.0 0.93 0.78 1.0 0.54 1.0 1.0 0.57 0.62 1.0 0.58 0.92 0.6 0.82 0.7 0.77 0.55 0.66 0.66 0.9 0.78 0.82 0.72 0.59 0.95 1.0 1.0 0.63 0.76 1.0 1.0 0.64 0.77 0.6 0.71 0.76 0.93 0.74 0.61 0.95 0.95 1.0 0.7 0.72 0.95 0.52 0.97 1.0 0.62 0.84 0.56 0.59 1.0 0.7 0.94 0.79 0.64 1.0 1.0 0.88 0.54 0.66 0.98 0.54 0.66 0.98 0.68 0.63 
0.67 0.31 0.45 0.21 0.51 0.23 0.47 0.32 0.16 0.41 0.1 0.3 0.45 0.12 0.24 0.51 0.69 0.22 0.43 0.33 0.43 0.18 0.12 0.23 0.35 0.1 0.33 0.34 0.3 0.33 0.45 0.35 0.42 0.22 0.2 0.16 0.23 0.15 0.18 0.37 0.2 0.36 0.2 0.45 0.22 0.47 0.37 0.26 0.35 0.29 0.34 0.31 0.37 0.29 0.44 0.57 0.66 0.39 0.31 0.18 0.6 0.29 0.29 0.37 0.2 0.37 0.23 0.41 0.19 0.26 0.25 0.43 0.42 0.28 0.24 0.34 0.2 0.27 0.1 0.11 0.24 0.35 0.16 0.27 0.26 0.12 0.23 0.31 0.62 0.19 0.28 0.41 0.27 0.11 0.27 0.25 0.23 0.4 0.69 0.51 0.27 0.34 0.5 0.16 0.16 0.67 0.4 0.13 0.5 0.44 0.31 0.42 0.22 0.29 0.35 0.34 0.3 0.23 0.25 0.5 0.26 0.36 0.31 0.18 0.4 0.21 0.17 0.51 0.18 0.22 
1306.11 1733.86 1961.72 1271.41 1127.52 1364.03 664.35 1671.07 1063.29 669.35 1082.6 986.34 1456.98 1170.09 2500.59 1412.05 1341.6 2206.99 670.24 909.75 785.92 1287.29 1200.36 2061.52 2762.6 2196.96 1384.3 1186.95 1941.27 2557.64 659.61 1344.5 1105.6 1276.64 1296.67 1893.16 1194.9 878.82 585.84 1817.57 1181.99 961.83 847.04 1989.3 1678.27 901.84 1061.54 879.53 1377.24 1271.54 1890.32 746.31 1062.62 1291.74 1345.56 750.48 739.43 838.86 1603.36 1255.45 1337.99 2723.62 1444.24 1104.45 1033.81 1663.08 1019.57 1631.89 2899.17 729.12 1377.03 945.07 889.21 2088.77 1514.58 2693.31 1033.43 1496.45 1014.32 712.56 1118.22 1652.85 1182.78 1133.22 1225.47 939.42 1204.84 1172.82 1005.21 938.53 850.54 1083.11 732.62 731.08 886.99 1137.35 775.83 1637.33 1386.71 1213.65 1382.3 829.62 2415.46 3005.96 1249.92 589.58 1662.31 1947.06 924.45 1435.04 1842.63 789.84 713.5 2294.0 1031.71 898.07 2240.15 1705.98 3502.19 1335.35 851.02 981.56 964.87 878.2 1298.61 2653.45 941.05 1707.01 1366.18 802.17 
800.28 653.57 793.18 294.07 575.39 339.38 313.92 500.14 168.37 266.6 146.03 302.06 669.51 166.47 550.98 706.46 991.52 533.74 291.66 346.16 345.61 207.5 155.22 502.1 976.58 190.72 459.83 348.78 474.65 906.65 310.61 419.96 467.87 258.99 231.58 278.95 300.75 145.74 104.08 594.97 219.27 353.41 169.42 756.3 419.66 316.96 313.59 213.86 477.14 307.49 637.65 198.74 329.1 407.05 607.37 435.54 464.18 334.9 497.08 238.31 883.46 761.53 476.9 404.22 247.63 584.07 234.05 637.8 592.2 185.73 299.49 408.91 379.06 555.72 387.21 772.94 226.14 470.17 87.86 110.29 232.59 610.37 184.85 236.65 294.99 96.34 296.93 357.21 657.51 181.75 241.98 413.68 218.66 80.49 234.16 305.05 209.41 610.1 998.41 647.08 414.3 283.67 1291.74 618.83 204.64 388.8 675.11 230.26 472.17 701.08 616.8 358.9 167.85 801.19 362.65 295.7 683.0 431.93 834.81 717.86 236.07 355.65 309.14 174.73 463.27 522.22 112.96 760.14 252.53 129.76 
6030.55 8169.3 9308.59 5857.05 5137.6 6320.14 2821.75 7855.36 4816.44 2846.74 4912.98 4431.68 6784.9 5350.47 12002.95 6560.23 6208.01 10534.95 2851.18 4048.77 3429.62 5936.45 5501.79 9807.6 13312.98 10484.78 6421.49 5434.77 9206.36 12288.22 2798.05 6222.52 5028.0 5883.21 5983.37 8965.78 5474.51 3894.11 2429.19 8587.86 5409.93 4309.14 3735.18 9446.49 7891.33 4009.18 4807.69 3897.66 6386.22 5857.7 8951.59 3231.57 4813.11 5958.68 6227.78 3252.42 3197.13 3694.32 7516.79 5777.26 6189.95 13118.08 6721.19 5022.24 4669.03 7815.4 4597.87 7659.46 13995.86 3145.6 6385.15 4225.36 3946.05 9943.86 7072.92 12966.53 4667.15 6982.23 4571.62 3062.81 5091.09 7764.23 5413.88 5166.09 5627.35 4197.11 5524.21 5364.12 4526.05 4192.64 3752.71 4915.57 3163.12 3155.38 3934.94 5186.73 3379.14 7686.66 6433.53 5568.25 6411.52 3648.12 11577.31 14529.8 5749.58 2447.92 7811.55 9235.31 4122.25 6675.21 8713.13 3449.18 3067.5 10970.02 4658.53 3990.37 10700.74 8029.91 17010.93 6176.73 3755.11 4407.78 4324.36 3890.99 5993.07 12767.26 4205.24 8035.03 6330.89 3510.84 
3501.42 2767.85 3465.91 970.36 2376.93 1196.89 1069.61 2000.71 341.83 833.02 230.15 1010.32 2847.57 332.33 2254.92 3032.3 4457.61 2168.68 958.32 1230.78 1228.07 537.52 276.11 2010.52 4382.92 453.58 1799.17 1243.9 1873.26 4033.27 1053.07 1599.78 1839.34 794.94 657.92 894.73 1003.75 228.69 20.39 2474.83 596.36 1267.03 347.09 3281.51 1598.28 1084.8 1067.93 569.29 1885.72 1037.46 2688.25 493.7 1145.48 1535.27 2536.86 1677.71 1820.91 1174.52 1985.4 691.54 3917.31 3307.67 1884.49 1521.09 738.14 2420.36 670.23 2688.98 2460.98 428.66 997.46 1544.56 1395.29 2278.6 1436.03 3364.68 630.72 1850.86 -60.68 51.45 662.93 2551.85 424.23 683.24 974.97 -18.3 984.66 1286.03 2787.57 408.73 709.91 1568.41 593.31 -97.55 670.78 1025.26 547.07 2550.52 4492.03 2735.42 1571.48 918.33 5958.68 2594.14 523.22 1444.02 2875.56 651.32 1860.85 3005.38 2584.01 1294.51 339.25 3505.94 1313.26 978.5 2914.99 1659.66 3674.05 3089.31 680.36 1278.24 1045.68 373.65 1816.35 2111.11 64.8 3300.71 762.65 148.81 
166.66 191.06 181.64 78.57 122.77 178.78 174.61 179.48 187.29 182.78 181.12 157.22 176.27 155.32 189.88 153.57 75.69 193.76 160.17 187.98 165.98 166.65 165.56 153.42 165.25 191.62 171.74 147.64 143.36 124.59 176.62 128.93 155.41 154.13 121.35 126.3 163.72 127.01 179.82 159.15 163.67 165.1 79.91 164.4 73.9 183.36 128.99 194.6 142.04 174.92 182.02 184.15 155.0 165.99 195.05 175.43 166.0 168.32 175.14 167.45 154.7 173.92 170.04 161.63 164.34 91.32 170.53 161.32 190.76 175.88 159.19 160.39 172.63 142.58 149.21 158.18 161.6 176.0 187.35 130.5 115.37 176.47 154.36 157.54 174.78 78.8 161.77 157.66 198.97 195.9 177.7 174.45 125.01 174.15 195.63 168.82 162.97 90.79 152.66 83.99 82.9 169.16 162.97 115.67 153.73 184.46 170.9 196.32 183.4 130.56 183.1 133.86 169.57 188.14 123.66 175.12 163.17 145.13 183.73 120.52 177.38 170.2 155.41 169.03 157.26 157.86 164.9 116.21 153.71 162.75 
35 40 38 11 23 38 37 38 40 39 38 33 37 33 40 32 10 41 34 40 35 35 35 32 35 41 36 31 30 23 37 27 33 33 23 24 35 24 38 34 35 35 11 35 10 39 24 41 30 37 39 39 33 35 41 37 35 36 37 35 33 37 36 34 35 13 36 34 40 37 34 34 36 30 31 33 34 37 40 24 21 37 33 33 37 11 34 33 42 41 38 37 23 37 41 36 34 12 32 11 11 36 34 22 32 39 36 42 39 24 39 25 36 40 23 37 34 31 39 22 38 36 33 36 33 33 35 22 32 34 
138 220 13 20 206 128 205 190 199 87 76 59 34 55 94 206 82 160 193 148 121 80 3 167 47 63 207 43 159 26 11 192 125 76 104 145 112 61 45 216 149 71 157 64 8 57 143 71 114 228 27 141 44 239 143 219 34 194 128 73 70 128 239 38 45 135 86 45 96 202 84 222 123 173 199 191 156 155 46 210 122 86 236 20 237 77 122 212 106 166 59 211 107 229 193 105 28 193 88 32 154 175 39 132 7 114 200 9 14 54 70 80 133 158 26 4 201 56 154 16 212 110 82 66 131 195 87 85 69 206 
169 240 148 240 240 240 240 240 240 175 240 240 237 92 179 240 187 240 240 236 240 164 216 240 104 240 240 128 230 63 75 233 173 240 240 240 240 169 240 240 173 237 240 233 238 240 240 149 240 240 51 236 240 240 240 240 88 240 240 181 240 185 240 240 190 162 240 211 240 240 122 240 228 240 240 240 240 196 236 240 217 204 240 88 240 240 193 240 146 240 225 240 225 240 240 240 150 240 162 123 240 229 201 240 112 185 240 178 224 169 135 209 240 240 56 170 240 194 240 209 240 218 240 195 240 240 236 207 240 240 
2
0.0 0.0 
100.0 100.0 
0 0 2 9 7 16 15 15 3 14 8 4 13 11 15 17 14 14 10 5 15 12 6 11 13 15 7 10 8 11 8 12 8 12 4 16 14 12 3 11 8 15 16 11 11 4 11 11 12 11 13 7 11 3 8 12 10 8 12 8 11 4 11 13 14 9 13 16 11 11 17 9 6 12 10 9 5 9 6 10 4 15 16 7 13 7 7 11 9 10 9 10 9 9 12 10 10 7 13 11 9 15 12 17 10 13 10 7 15 14 6 12 4 11 6 16 14 3 10 5 15 16 17 15 4 12 5 14 5 12 12 12 
0 0 2 9 7 16 15 15 3 14 8 4 13 11 15 17 14 14 10 5 15 12 6 11 13 15 7 10 8 11 8 12 8 12 4 16 14 12 3 11 8 15 16 11 11 4 11 11 12 11 13 7 11 3 8 12 10 8 12 8 11 4 11 13 14 9 13 16 11 11 17 9 6 12 10 9 5 9 6 10 4 15 16 7 13 7 7 11 9 10 9 10 9 9 12 10 10 7 13 11 9 15 12 17 10 13 10 7 15 14 6 12 4 11 6 16 14 3 10 5 15 16 17 15 4 12 5 14 5 12 12 12 
2 2 0 7 5 14 13 12 1 11 6 1 10 8 13 14 11 11 8 2 12 10 4 9 11 12 5 8 5 8 6 9 6 10 1 13 11 10 1 9 5 13 13 8 8 1 9 8 9 8 10 5 8 0 5 9 8 5 10 6 8 1 9 11 12 6 11 13 9 8 14 7 3 10 8 6 2 7 4 7 1 12 13 4 11 5 4 8 6 7 6 8 7 7 10 7 7 4 10 8 7 12 9 14 7 10 8 4 12 12 4 10 2 9 5 13 11 1 8 2 12 13 14 12 1 9 3 11 3 9 10 9 
9 9 7 0 2 10 11 13 6 12 2 6 6 4 12 12 7 13 11 7 8 2 2 2 6 12 2 3 4 6 8 12 2 4 7 12 10 11 6 13 6 12 12 8 11 6 10 4 12 4 13 3 7 7 9 5 0 9 3 8 7 5 6 14 8 6 12 9 2 5 12 1 5 4 6 5 7 1 3 3 7 11 11 6 14 2 7 9 5 4 10 2 1 5 13 6 6 8 6 9 10 10 10 13 6 11 1 7 13 14 5 13 5 12 2 12 10 6 1 8 13 11 12 12 8 5 5 6 4 12 3 4 
7 7 5 2 0 10 10 11 4 10 0 3 6 4 11 11 7 11 9 4 8 5 1 3 6 11 0 3 1 5 5 9 1 5 4 11 9 9 3 10 3 11 11 6 8 3 8 3 9 4 10 0 5 4 6 5 3 6 5 5 5 3 5 11 7 4 10 9 4 4 11 1 2 5 4 3 4 2 0 2 5 9 10 3 11 0 4 7 3 3 7 3 2 3 10 4 4 5 6 7 8 9 7 11 4 9 3 4 11 12 2 11 3 9 1 11 8 4 3 5 11 10 11 10 5 5 2 6 1 10 5 4 
16 16 14 10 10 0 2 7 13 6 9 12 4 6 4 2 3 8 10 11 2 10 11 8 4 5 10 7 8 5 9 9 9 5 12 3 4 7 12 11 8 5 3 6 8 12 7 6 9 6 9 10 6 13 10 5 9 10 8 9 5 12 5 10 2 7 8 1 8 5 2 9 10 6 5 7 12 9 11 7 13 4 2 9 10 10 10 7 7 7 10 7 9 7 10 6 6 10 4 7 10 1 6 4 6 6 8 10 6 9 10 10 12 9 11 3 4 13 8 12 6 2 2 5 13 5 11 4 11 9 7 6 
15 15 13 11 10 2 0 4 13 4 10 11 5 6 2 1 5 6 8 10 4 11 11 9 6 3 9 7 8 5 7 6 9 7 11 1 2 4 12 8 7 2 1 4 6 12 5 6 6 6 6 10 4 12 8 5 10 9 9 7 4 12 5 7 3 6 5 3 9 5 1 9 9 7 5 7 10 9 10 8 12 1 0 8 7 10 8 5 7 7 8 8 10 6 7 5 5 9 4 5 8 1 4 1 5 4 9 8 4 6 9 8 11 7 11 1 2 12 9 11 3 0 1 2 11 6 10 6 11 7 8 7 
15 15 12 13 11 7 4 0 13 0 11 11 8 8 2 5 9 1 5 10 8 14 12 12 10 1 11 10 9 6 6 3 11 10 10 4 3 2 11 5 7 2 3 5 4 11 3 9 3 9 2 11 5 12 7 8 13 7 12 6 6 12 7 3 8 7 1 7 12 7 5 11 10 10 7 8 10 11 12 10 11 3 5 8 3 12 8 4 8 9 6 10 12 8 3 6 7 7 7 4 5 5 3 3 7 2 12 8 0 2 9 4 12 3 12 3 3 12 12 10 1 5 5 2 10 9 11 10 11 3 12 10 
3 3 1 6 4 13 13 13 0 12 5 1 10 8 13 14 11 12 9 2 12 9 3 8 10 13 4 7 5 8 6 10 5 9 2 13 11 10 1 10 5 13 13 8 9 1 9 7 10 8 11 4 8 1 6 9 7 6 9 6 8 1 8 12 11 6 11 13 8 8 14 6 3 9 7 6 3 6 3 7 2 12 13 4 12 4 4 9 6 7 7 7 6 6 11 7 7 5 9 8 7 12 9 14 7 10 7 4 13 12 3 11 1 10 3 14 11 0 7 3 13 13 14 13 3 9 2 11 2 10 9 9 
14 14 11 12 10 6 4 0 12 0 10 10 8 8 2 5 8 1 4 9 7 13 11 11 9 1 10 9 8 6 5 2 10 9 10 4 2 1 11 4 6 2 3 4 3 11 2 8 3 8 2 10 4 11 6 7 12 6 11 5 5 11 7 3 7 6 1 7 11 7 5 10 9 10 6 7 9 10 11 9 10 2 4 7 3 11 7 3 7 8 5 10 11 7 3 5 6 7 7 3 5 5 2 3 6 1 11 7 1 2 8 4 11 3 11 3 2 11 11 9 1 5 5 1 10 8 10 9 10 3 11 10 
8 8 6 2 0 9 10 11 5 10 0 4 5 3 11 11 6 11 9 5 7 4 1 3 5 11 0 2 2 5 6 10 0 4 5 10 9 9 4 11 4 11 11 6 9 4 8 3 10 3 11 1 5 5 7 4 2 7 4 6 5 4 4 12 7 4 10 8 3 4 11 0 3 4 4 3 5 1 1 2 6 9 9 3 12 0 4 7 3 2 8 2 1 3 11 5 4 6 5 7 8 8 8 11 4 9 2 5 11 12 3 11 4 10 1 11 8 5 2 6 11 10 11 11 6 4 3 6 2 10 4 3 
4 4 1 6 3 12 11 11 1 10 4 0 8 6 11 13 9 10 7 1 10 8 3 7 9 11 3 6 3 6 4 8 4 8 1 12 9 8 0 8 3 11 12 6 7 0 7 6 8 6 9 3 6 1 4 7 6 4 8 4 7 0 7 10 10 4 10 11 7 6 13 5 1 8 6 4 1 5 2 5 1 10 11 2 10 3 2 7 4 5 5 6 5 5 9 5 5 3 8 7 6 10 7 12 6 9 6 2 11 11 2 9 1 8 3 12 9 1 6 2 11 12 12 11 2 7 1 9 1 9 8 7 
13 13 10 6 6 4 5 8 10 8 5 8 0 1 7 6 1 9 9 8 2 6 7 4 1 7 5 3 4 3 7 9 5 1 9 6 5 7 9 10 5 7 6 5 8 9 7 2 9 1 9 6 4 10 8 1 5 8 3 7 3 9 1 11 1 4 8 3 4 2 6 4 7 2 2 4 9 4 7 3 10 5 5 6 11 6 7 6 4 3 9 3 5 3 10 4 3 8 1 6 9 3 6 7 3 7 4 7 8 10 6 10 8 9 7 6 5 9 4 9 8 5 6 7 10 0 7 1 7 9 3 2 
11 11 8 4 4 6 6 8 8 8 3 6 1 0 7 7 3 9 8 6 4 5 5 3 2 8 4 1 2 2 5 8 3 1 7 7 5 7 7 10 4 7 7 4 7 7 6 0 8 0 9 4 3 8 7 1 4 7 3 5 2 7 1 10 3 3 8 5 3 0 7 3 5 2 1 2 7 3 5 1 8 6 6 4 10 4 5 5 2 1 7 2 3 1 9 3 1 6 1 5 7 5 5 8 2 7 3 5 8 10 4 10 6 8 5 7 5 7 3 7 8 6 7 7 8 1 5 3 5 8 3 2 
15 15 13 12 11 4 2 2 13 2 11 11 7 7 0 2 7 4 6 10 6 13 12 11 8 0 10 9 9 6 7 5 10 8 11 1 2 3 12 7 7 0 1 4 5 12 4 8 5 8 4 11 5 12 8 6 12 8 11 7 5 12 6 5 6 7 3 5 11 6 2 10 10 9 6 7 10 10 11 9 11 1 2 8 5 11 8 4 8 8 7 9 11 7 6 6 6 8 6 4 7 3 3 1 6 3 11 8 1 4 9 6 12 5 12 1 2 12 11 10 1 2 3 0 11 7 11 8 11 5 10 9 
17 17 14 12 11 2 1 5 14 5 11 13 6 7 2 0 6 7 9 12 4 13 13 10 7 3 11 9 10 6 9 8 11 8 13 1 3 6 13 10 9 3 1 6 8 13 7 8 8 8 7 11 6 14 10 6 12 10 10 9 6 13 6 8 5 8 6 3 11 7 0 11 11 8 7 8 12 11 12 9 13 2 1 10 8 12 10 6 8 8 10 9 11 8 9 7 7 10 6 7 9 2 6 1 7 5 11 10 4 7 11 9 13 8 13 1 3 14 11 12 4 1 0 3 13 7 12 7 12 8 10 9 
14 14 11 7 7 3 5 9 11 8 6 9 1 3 7 6 0 9 10 9 1 6 8 4 1 7 7 4 6 3 8 9 6 2 10 6 5 8 10 11 7 7 6 5 9 10 8 3 9 2 10 7 5 11 9 2 6 9 4 8 4 10 2 11 1 5 9 2 5 3 6 6 8 2 3 5 10 5 8 4 11 6 4 7 11 7 8 6 5 4 9 4 6 4 11 5 4 9 1 7 10 3 6 7 4 7 5 8 8 10 7 11 10 9 8 6 5 11 5 10 8 5 5 7 11 2 8 1 8 10 3 3 
14 14 11 13 11 8 6 1 12 1 11 10 9 9 4 7 9 0 3 9 9 14 12 12 10 3 11 10 9 7 5 1 11 10 9 5 4 1 10 3 7 3 5 5 3 10 2 9 1 9 0 11 5 11 6 8 13 5 12 5 6 11 8 1 9 7 0 8 12 8 7 11 9 11 7 7 8 11 11 10 10 4 6 8 1 11 7 3 8 9 4 11 12 8 2 6 7 6 8 3 4 7 3 5 7 2 12 7 2 1 9 2 11 2 12 5 4 11 12 8 2 6 7 3 9 9 10 10 11 1 12 11 
10 10 8 11 9 10 8 5 9 4 9 7 9 8 6 9 10 3 0 6 10 13 10 11 10 6 9 9 7 6 3 1 9 10 6 8 5 3 8 1 5 6 7 4 1 8 2 8 1 9 2 9 5 8 2 8 11 2 12 3 6 8 8 2 9 5 3 10 11 7 9 10 7 10 6 6 5 10 9 9 6 6 8 5 2 9 5 3 7 8 1 10 10 7 1 5 6 3 8 3 1 8 3 8 6 3 11 4 5 3 6 1 8 1 10 8 6 8 11 5 5 8 9 6 6 9 7 11 8 1 12 10 
5 5 2 7 4 11 10 10 2 9 5 1 8 6 10 12 9 9 6 0 10 9 4 8 9 10 4 6 4 6 3 7 5 8 0 11 9 8 1 7 3 10 11 6 6 1 6 6 7 7 8 4 6 1 3 7 7 3 9 3 6 2 7 9 10 4 9 11 8 6 12 6 1 8 6 4 0 6 3 6 1 10 11 2 9 4 2 6 4 5 4 7 6 5 8 5 5 2 8 6 5 10 7 12 5 8 7 2 10 10 2 8 2 7 4 11 9 2 7 1 10 11 12 10 1 8 2 9 2 7 9 8 
15 15 12 8 8 2 4 8 12 7 7 10 2 4 6 4 1 9 10 10 0 8 9 6 2 7 8 5 7 4 8 9 7 3 11 4 5 7 11 11 7 6 5 5 9 11 8 4 9 4 9 8 5 12 10 3 7 10 5 8 4 11 3 11 0 6 8 1 6 4 4 7 9 4 4 6 11 7 9 5 11 5 3 8 11 8 9 6 6 5 10 5 7 5 10 5 5 9 2 7 10 2 6 5 4 7 6 9 7 10 8 11 11 9 9 5 4 12 6 11 7 3 4 6 12 3 9 2 9 9 5 4 
12 12 10 2 5 10 11 14 9 13 4 8 6 5 13 13 6 14 13 9 8 0 5 2 5 13 5 4 6 7 10 13 4 4 10 12 11 12 9 15 8 13 12 9 12 9 12 5 14 5 14 5 9 10 11 6 2 12 2 10 8 8 6 16 8 8 14 9 2 6 12 3 8 4 7 7 10 3 5 4 10 12 11 8 16 5 9 11 6 5 12 3 3 6 15 8 7 11 7 11 12 10 11 13 7 12 2 9 14 15 7 15 8 13 5 13 11 9 2 10 14 11 12 13 11 5 7 5 7 14 2 4 
6 6 4 2 1 11 11 12 3 11 1 3 7 5 12 13 8 12 10 4 9 5 0 4 7 12 1 4 3 6 6 10 2 6 5 12 10 10 3 11 5 12 12 7 9 3 9 5 10 5 12 1 7 4 7 6 3 7 5 7 7 2 6 12 9 5 11 10 4 6 13 2 3 6 6 4 5 3 0 4 5 11 11 4 12 0 5 8 4 4 8 4 2 4 11 6 5 6 7 8 9 10 9 13 6 10 3 5 12 13 3 12 2 10 0 12 10 3 4 5 12 12 12 12 5 6 2 7 1 11 6 5 
11 11 9 2 3 8 9 12 8 11 3 7 4 3 11 10 4 12 11 8 6 2 4 0 3 11 3 2 4 5 8 11 2 2 8 10 9 10 7 12 6 11 10 7 10 7 10 2 11 2 12 4 6 8 9 4 1 9 1 8 6 7 4 13 5 5 11 7 0 4 10 2 6 1 4 5 8 1 4 2 9 9 9 6 13 3 7 8 4 3 10 1 1 4 12 6 5 9 4 9 10 8 9 11 5 10 0 7 12 13 5 13 7 11 4 10 9 8 0 9 11 9 10 11 9 3 6 3 5 12 1 1 
13 13 11 6 6 4 6 10 10 9 5 9 1 2 8 7 1 10 10 9 2 5 7 3 0 8 6 3 5 4 8 10 5 1 10 7 6 8 10 12 6 8 7 6 9 9 8 2 10 2 10 6 5 10 9 2 5 10 3 8 4 9 2 12 2 5 10 3 4 3 7 4 7 1 3 5 9 4 7 3 10 7 5 7 12 6 8 7 5 3 10 3 5 4 11 5 4 9 2 7 10 4 7 8 4 8 4 8 9 11 7 12 9 10 7 7 6 10 4 10 9 6 7 8 11 1 8 0 8 10 2 1 
15 15 12 12 11 5 3 1 13 1 11 11 7 8 0 3 7 3 6 10 7 13 12 11 8 0 11 9 9 6 6 4 11 9 11 2 2 2 12 6 7 0 2 4 5 12 4 8 4 8 3 11 5 12 7 7 12 7 11 6 5 12 7 5 6 7 2 6 11 7 3 11 10 9 6 7 10 11 11 9 11 1 3 8 5 11 8 4 8 8 6 10 11 7 5 6 6 8 6 4 6 4 3 2 6 2 11 8 0 3 9 5 12 4 12 2 2 12 11 10 0 3 4 0 11 8 11 9 11 4 11 9 
7 7 5 2 0 10 9 11 4 10 0 3 5 4 10 11 7 11 9 4 8 5 1 3 6 11 0 2 1 4 5 9 1 4 5 10 8 9 4 10 3 10 10 6 8 3 8 3 9 4 10 0 5 5 6 5 3 6 5 5 5 3 4 11 7 4 10 9 3 4 11 1 2 4 4 3 5 2 1 2 5 9 9 3 11 0 4 7 2 2 7 3 2 3 10 4 4 5 5 7 8 8 7 11 4 9 3 4 11 11 2 11 3 9 1 11 8 4 3 5 11 10 11 10 5 5 2 6 1 10 5 4 
10 10 8 3 3 7 7 10 7 9 2 6 3 1 9 9 4 10 9 6 5 4 4 2 3 9 2 0 2 3 6 9 2 2 7 8 7 8 6 10 4 9 8 5 8 6 8 0 9 1 10 3 4 7 7 2 2 7 2 6 4 6 2 11 4 3 9 6 2 2 9 1 4 1 2 3 7 1 4 0 7 8 7 4 11 3 5 6 2 1 8 0 2 2 10 3 2 7 3 6 8 6 6 9 3 8 1 5 10 11 4 11 6 9 4 9 7 7 1 7 9 8 9 9 8 2 5 3 4 9 2 1 
8 8 5 4 1 8 8 9 5 8 2 3 4 2 9 10 6 9 7 4 7 6 3 4 5 9 1 2 0 3 4 8 2 4 5 9 7 7 4 9 2 9 9 4 6 4 6 2 8 3 9 1 3 5 5 3 4 5 5 4 4 4 3 10 6 2 8 7 4 3 10 2 2 4 2 1 4 2 2 2 5 8 8 2 10 2 3 5 1 1 6 3 3 1 9 2 2 4 4 5 6 7 6 10 2 7 3 3 9 10 1 9 4 7 3 9 7 5 3 5 9 8 9 9 5 4 2 5 2 8 5 4 
11 11 8 6 5 5 5 6 8 6 5 6 3 2 6 6 3 7 6 6 4 7 6 5 4 6 4 3 3 0 4 6 4 3 7 6 4 5 7 8 3 6 6 2 5 7 4 2 6 2 7 5 1 8 5 1 6 5 5 4 0 7 1 8 3 1 6 4 5 1 6 4 5 4 0 2 6 4 5 3 7 4 5 3 8 5 4 3 2 2 6 4 5 1 7 1 0 5 2 3 6 4 3 6 0 5 5 4 6 8 4 8 7 6 6 6 3 7 5 6 6 5 6 6 7 2 5 4 6 6 5 4 
8 8 6 8 5 9 7 6 6 5 6 4 7 5 7 9 8 5 3 3 8 10 6 8 8 6 5 6 4 4 0 3 6 7 4 8 5 4 5 4 1 7 7 2 2 5 3 5 3 6 5 5 3 5 1 5 8 1 9 0 4 5 5 5 7 2 5 8 8 4 9 6 3 7 4 3 3 7 6 6 4 6 7 2 5 6 2 2 3 4 2 6 7 3 5 2 3 1 6 2 2 7 3 8 3 4 7 1 6 6 3 5 5 3 6 8 5 6 7 3 6 8 9 6 4 6 4 8 5 4 8 7 
12 12 9 12 9 9 6 3 10 2 10 8 9 8 5 8 9 1 1 7 9 13 10 11 10 4 9 9 8 6 3 0 10 10 8 6 4 1 9 2 5 5 6 4 1 9 1 8 0 8 1 9 4 9 4 8 12 4 12 3 5 9 7 2 8 5 1 9 11 7 8 10 7 10 6 6 7 10 10 9 8 5 7 6 2 10 5 2 7 8 2 10 11 6 1 5 6 4 8 2 2 7 2 6 6 2 11 5 4 2 7 1 9 0 10 6 4 9 11 7 4 7 8 4 7 9 8 10 9 0 11 10 
8 8 6 2 1 9 9 11 5 10 0 4 5 3 10 11 6 11 9 5 7 4 2 2 5 11 1 2 2 4 6 10 0 4 6 10 8 9 5 11 4 10 10 6 8 5 8 2 10 3 11 1 5 6 7 4 2 7 3 6 5 4 4 12 7 4 10 8 2 4 11 0 3 3 4 3 6 0 2 1 6 9 9 4 12 1 5 7 3 2 8 2 1 3 11 4 4 6 5 7 8 8 8 11 4 9 1 5 11 12 3 11 4 10 2 10 8 5 2 6 11 10 11 10 6 4 3 5 3 10 4 3 
12 12 10 4 5 5 7 10 9 9 4 8 1 1 8 8 2 10 10 8 3 4 6 2 1 9 4 2 4 3 7 10 4 0 9 8 7 8 8 11 6 9 8 5 9 8 8 1 10 1 10 5 5 9 9 2 4 9 2 7 4 8 2 12 3 5 10 4 2 2 8 3 6 0 3 4 8 3 6 2 9 7 6 6 12 5 7 7 4 2 9 1 3 3 11 4 3 8 2 7 9 5 7 8 3 8 3 7 9 11 6 11 8 10 6 8 6 9 2 9 9 7 7 8 10 0 7 1 6 10 1 0 
4 4 1 7 4 12 11 10 2 10 5 1 9 7 11 13 10 9 6 0 11 10 5 8 10 11 5 7 5 7 4 8 6 9 0 12 9 8 1 7 4 11 12 6 6 1 7 7 8 8 9 4 6 1 3 8 8 4 10 4 7 2 8 9 11 5 9 12 9 7 13 6 2 9 7 5 0 7 4 7 0 10 11 3 9 5 2 7 5 6 5 7 7 6 8 6 6 3 9 6 5 11 7 12 6 8 8 2 11 10 3 8 2 7 5 12 9 1 8 0 11 12 13 11 0 9 2 10 3 8 10 9 
16 16 13 12 11 3 1 4 13 4 10 12 6 7 1 1 6 5 8 11 4 12 12 10 7 2 10 8 9 6 8 6 10 8 12 0 2 4 12 8 8 2 0 5 7 12 5 7 6 7 6 11 5 13 9 6 11 9 10 8 5 12 6 7 4 7 5 4 10 6 1 10 10 8 6 8 11 10 11 9 12 1 1 9 7 11 9 5 8 8 8 9 11 7 7 6 6 9 5 5 8 2 4 0 6 4 10 9 3 6 10 8 12 7 12 0 2 13 10 11 3 1 1 2 12 7 11 7 11 7 9 8 
14 14 11 10 9 4 2 3 11 2 9 9 5 5 2 3 5 4 5 9 5 11 10 9 6 2 8 7 7 4 5 4 8 7 9 2 0 2 10 6 6 2 2 2 4 10 3 6 4 6 4 9 3 10 6 5 10 6 9 5 3 10 4 5 4 5 3 4 9 4 3 9 8 7 4 5 8 8 9 7 10 1 2 6 5 9 7 2 6 6 6 7 9 5 5 4 4 7 4 3 6 2 2 3 4 2 9 6 2 5 7 6 10 4 10 2 0 11 9 9 2 3 3 1 10 6 9 7 9 4 9 7 
12 12 10 11 9 7 4 2 10 1 9 8 7 7 3 6 8 1 3 8 7 12 10 10 8 2 9 8 7 5 4 1 9 8 8 4 2 0 9 4 5 3 4 3 2 9 1 7 2 7 2 9 3 10 5 6 11 5 10 4 4 9 6 3 7 5 1 7 10 6 6 9 7 9 5 6 7 9 9 8 8 3 5 6 3 10 6 1 6 7 4 9 10 6 3 4 5 5 6 1 3 5 1 4 5 0 10 6 2 3 7 3 9 2 10 4 2 10 10 7 2 5 6 2 8 7 8 9 9 2 10 9 
3 3 1 6 3 12 12 11 1 11 4 0 9 7 12 13 10 10 8 1 11 9 3 7 10 12 4 6 4 7 5 9 5 8 1 12 10 9 0 9 4 12 12 7 7 0 8 7 9 7 10 3 7 0 5 8 7 5 9 5 7 0 8 10 10 5 10 12 8 7 13 5 2 8 7 5 2 6 3 6 1 11 12 3 10 4 3 7 5 6 6 7 6 5 9 6 6 4 9 7 6 11 8 13 6 9 7 3 12 11 2 9 1 8 3 13 10 0 7 2 11 12 13 12 2 8 1 10 2 9 9 8 
11 11 9 13 10 11 8 5 10 4 11 8 10 10 7 10 11 3 1 7 11 15 11 12 12 6 10 10 9 8 4 2 11 11 7 8 6 4 9 0 6 7 8 5 2 9 3 10 2 10 2 10 6 9 4 9 13 3 13 4 7 9 9 2 10 7 3 11 13 9 10 11 8 12 8 7 6 11 10 10 7 7 9 7 2 11 6 4 8 9 2 11 12 8 1 6 8 4 9 4 2 9 4 8 7 4 12 6 5 3 8 1 9 1 11 8 7 9 12 6 6 9 10 6 7 11 9 12 9 1 13 12 
8 8 5 6 3 8 7 7 5 6 4 3 5 4 7 9 7 7 5 3 7 8 5 6 6 7 3 4 2 3 1 5 4 6 4 8 6 5 4 6 0 7 8 3 4 4 4 4 5 4 7 3 2 5 3 4 6 3 7 2 3 4 4 7 7 1 6 8 6 3 9 4 2 6 3 1 3 5 4 4 4 7 7 0 7 4 1 3 1 3 4 5 5 2 7 1 2 2 5 3 4 7 4 9 2 5 5 1 8 8 1 7 4 5 4 8 6 5 6 3 7 8 9 7 4 5 3 7 3 6 7 6 
15 15 13 12 11 5 2 2 13 2 11 11 7 7 0 3 7 3 6 10 6 13 12 11 8 0 10 9 9 6 7 5 10 9 11 2 2 3 12 7 7 0 1 4 5 12 4 8 5 8 4 11 5 12 8 7 12 8 11 7 5 12 6 5 6 7 3 5 11 7 3 11 10 9 6 7 10 11 11 9 11 1 3 8 5 11 8 4 8 8 7 10 11 7 5 6 6 8 6 4 7 3 3 1 6 2 11 8 1 4 9 6 12 5 12 1 2 12 11 10 1 3 3 0 11 8 11 8 11 5 10 9 
16 16 13 12 11 3 1 3 13 3 11 12 6 7 1 1 6 5 7 11 5 12 12 10 7 2 10 8 9 6 7 6 10 8 12 0 2 4 12 8 8 1 0 5 6 12 5 8 6 7 5 11 5 13 9 6 11 9 10 7 5 12 6 7 5 7 4 4 11 6 1 10 10 8 6 7 11 10 11 9 12 1 1 9 7 11 9 5 8 8 8 9 11 7 7 6 6 9 5 5 8 2 4 0 6 4 10 9 3 6 10 7 12 6 12 0 2 13 10 11 2 1 1 1 12 7 11 7 11 6 10 8 
11 11 8 8 6 6 4 5 8 4 6 6 5 4 4 6 5 5 4 6 5 9 7 7 6 4 6 5 4 2 2 4 6 5 6 5 2 3 7 5 3 4 5 0 3 7 2 4 4 4 4 6 0 8 4 3 8 4 7 2 1 7 3 6 5 2 4 5 7 3 6 6 5 6 2 2 6 6 6 5 7 3 4 3 6 7 4 1 3 4 4 6 7 3 5 1 2 4 3 1 4 4 1 6 2 3 7 4 5 6 4 5 7 4 7 5 2 8 7 6 4 5 6 4 7 5 6 6 6 4 7 6 
11 11 8 11 8 8 6 4 9 3 9 7 8 7 5 8 9 3 1 6 9 12 9 10 9 5 8 8 6 5 2 1 8 9 6 7 4 2 7 2 4 5 6 3 0 8 1 7 1 7 2 8 4 8 3 7 10 3 11 2 5 8 6 3 8 4 2 8 10 6 8 9 6 9 5 5 5 9 8 8 7 5 7 5 3 9 4 2 6 7 1 9 9 5 2 4 5 3 7 1 1 7 2 7 5 2 10 4 4 3 6 2 8 1 9 6 4 8 10 5 4 7 8 5 6 8 7 9 8 1 10 9 
4 4 1 6 3 12 12 11 1 11 4 0 9 7 12 13 10 10 8 1 11 9 3 7 9 12 3 6 4 7 5 9 5 8 1 12 10 9 0 9 4 12 12 7 8 0 8 7 9 7 10 3 7 1 5 8 6 5 8 5 7 0 7 10 10 5 10 12 7 7 13 5 2 8 6 5 2 5 3 6 1 11 12 3 11 3 3 7 5 6 6 6 5 5 10 6 6 4 8 7 6 11 8 13 6 9 6 3 12 11 2 10 0 8 3 12 10 0 7 2 11 12 13 12 2 8 1 10 2 9 9 8 
11 11 9 10 8 7 5 3 9 2 8 7 7 6 4 7 8 2 2 6 8 12 9 10 8 4 8 8 6 4 3 1 8 8 7 5 3 1 8 3 4 4 5 2 1 8 0 7 1 7 2 8 3 8 3 6 10 3 10 2 4 8 6 3 7 4 2 7 10 6 7 9 6 9 5 5 6 9 8 8 7 4 6 5 3 9 5 1 5 6 2 8 9 5 2 4 5 4 6 1 2 6 1 6 4 1 9 4 3 3 6 3 8 1 9 5 3 9 9 6 3 6 7 4 7 7 7 9 8 1 10 9 
11 11 8 4 3 6 6 9 7 8 3 6 2 0 8 8 3 9 8 6 4 5 5 2 2 8 3 0 2 2 5 8 2 1 7 7 6 7 7 10 4 8 8 4 7 7 7 0 8 0 9 4 3 8 7 1 3 7 3 6 3 6 1 10 4 3 9 5 3 1 8 2 5 1 2 2 7 2 4 1 8 7 6 4 10 4 5 6 2 1 8 1 3 2 10 3 2 7 2 6 8 5 6 8 2 7 2 5 9 10 4 10 6 8 4 8 6 7 2 7 8 7 8 8 8 1 5 3 5 9 3 1 
12 12 9 12 9 9 6 3 10 3 10 8 9 8 5 8 9 1 1 7 9 14 10 11 10 4 9 9 8 6 3 0 10 10 8 6 4 2 9 2 5 5 6 4 1 9 1 8 0 8 1 9 5 9 4 8 12 4 12 3 6 9 7 2 9 5 2 9 12 7 8 10 7 10 6 6 7 10 10 9 8 5 7 6 2 10 5 2 7 8 2 10 11 7 1 5 6 4 8 2 2 7 3 6 6 2 11 5 4 2 7 1 9 0 10 6 5 9 11 7 4 7 8 4 7 9 8 10 9 0 11 10 
11 11 8 4 4 6 6 9 8 8 3 6 1 0 8 8 2 9 9 7 4 5 5 2 2 8 4 1 3 2 6 8 3 1 8 7 6 7 7 10 4 8 7 4 7 7 7 0 8 0 9 4 3 8 7 1 4 7 3 6 3 7 1 10 3 3 8 5 3 1 8 3 5 1 2 3 7 3 5 1 8 6 6 4 10 4 5 6 2 1 8 1 3 2 10 3 2 7 2 6 8 5 6 8 2 7 3 5 9 10 4 10 7 8 5 7 6 8 2 7 8 6 7 8 8 1 5 2 5 9 3 1 
13 13 10 13 10 9 6 2 11 2 11 9 9 9 4 7 10 0 2 8 9 14 12 12 10 3 10 10 9 7 5 1 11 10 9 6 4 2 10 2 7 4 5 4 2 10 2 9 1 9 0 10 5 10 5 8 13 5 12 5 6 10 8 1 9 6 1 9 12 8 7 11 9 11 7 7 8 11 11 10 9 5 6 7 1 11 7 3 8 9 4 11 12 7 1 6 7 6 8 3 3 7 3 6 7 2 12 7 3 1 8 2 10 1 11 6 4 11 12 8 3 7 7 4 9 9 10 11 10 1 12 11 
7 7 5 3 0 10 10 11 4 10 1 3 6 4 11 11 7 11 9 4 8 5 1 4 6 11 0 3 1 5 5 9 1 5 4 11 9 9 3 10 3 11 11 6 8 3 8 4 9 4 10 0 5 4 6 5 3 6 5 5 5 3 5 11 7 4 10 9 4 4 11 2 2 5 4 3 4 2 0 3 4 9 10 3 11 0 4 7 3 3 7 3 2 3 10 4 4 5 6 7 7 9 7 11 4 9 3 4 11 11 2 10 2 9 1 11 8 4 3 5 11 10 11 10 5 5 2 6 1 10 5 4 
11 11 8 7 5 6 4 5 8 4 5 6 4 3 5 6 5 5 5 6 5 9 7 6 5 5 5 4 3 1 3 4 5 5 6 5 3 3 7 6 2 5 5 0 4 7 3 3 5 3 5 5 0 7 4 3 7 4 7 3 1 7 2 6 4 1 5 5 7 2 6 6 5 5 1 2 6 6 6 4 7 4 4 3 7 6 4 2 2 3 4 5 6 2 6 1 1 4 3 2 4 4 2 6 1 3 6 4 5 6 4 6 7 5 7 5 3 7 6 6 5 5 6 5 7 4 6 5 6 5 6 5 
3 3 0 7 4 13 12 12 1 11 5 1 10 8 12 14 11 11 8 1 12 10 4 8 10 12 5 7 5 8 5 9 6 9 1 13 10 10 0 9 5 12 13 8 8 1 8 8 9 8 10 4 7 0 5 9 7 5 10 5 8 1 8 11 11 6 10 12 8 8 14 6 3 9 7 5 2 7 4 7 1 12 12 4 11 5 3 8 6 7 6 8 7 6 10 7 7 4 9 8 6 12 9 14 7 10 8 4 12 11 3 10 1 9 4 13 11 0 8 2 12 13 14 12 1 9 2 11 3 9 10 9 
8 8 5 9 6 10 8 7 6 6 7 4 8 7 8 10 9 6 2 3 10 11 7 9 9 7 6 7 5 5 1 4 7 9 3 9 6 5 5 4 3 8 9 4 3 5 3 7 4 7 5 6 4 5 0 7 9 0 10 1 5 5 6 5 9 4 5 10 9 6 10 7 4 9 5 4 3 8 6 7 4 7 9 3 5 7 2 3 5 6 1 8 8 5 4 4 5 0 7 3 1 8 4 9 5 5 9 2 7 6 4 4 5 3 7 9 6 5 9 2 7 9 10 7 3 8 5 10 5 4 10 9 
12 12 9 5 5 5 5 8 9 7 4 7 1 1 6 6 2 8 8 7 3 6 6 4 2 7 5 2 3 1 5 8 4 2 8 6 5 6 8 9 4 7 6 3 7 8 6 1 8 1 8 5 3 9 7 0 5 7 4 5 2 7 0 10 2 3 7 4 4 0 6 4 5 2 1 3 7 4 6 2 8 5 5 5 10 5 5 5 2 2 7 3 4 2 9 3 2 7 0 5 7 4 5 7 2 6 4 6 7 9 5 9 7 8 6 6 4 8 4 8 7 5 6 6 8 1 6 2 6 8 3 2 
10 10 8 0 3 9 10 13 7 12 2 6 5 4 12 12 6 13 11 7 7 2 3 1 5 12 3 2 4 6 8 12 2 4 8 11 10 11 7 13 6 12 11 8 10 6 10 3 12 4 13 3 7 7 9 5 0 9 2 8 6 6 5 14 7 6 12 8 1 5 12 1 5 3 5 5 8 1 3 2 8 10 10 6 14 2 7 9 4 4 10 2 1 5 13 6 5 8 6 9 10 9 9 12 6 11 1 7 13 14 5 13 6 12 3 12 10 7 1 8 12 11 11 12 8 4 5 5 4 12 3 3 
8 8 5 9 6 10 9 7 6 6 7 4 8 7 8 10 9 5 2 3 10 12 7 9 10 7 6 7 5 5 1 4 7 9 4 9 6 5 5 3 3 8 9 4 3 5 3 7 4 7 5 6 4 5 0 7 9 0 10 1 5 5 7 5 9 4 5 10 10 6 10 8 4 9 6 4 3 8 6 7 4 7 9 3 5 7 2 4 5 6 1 8 8 5 4 4 5 0 8 3 1 9 4 9 5 5 9 2 7 6 4 4 5 3 7 9 7 5 9 3 7 9 10 8 3 8 5 10 6 4 10 9 
12 12 10 3 5 8 9 12 9 11 4 8 3 3 11 10 4 12 12 9 5 2 5 1 3 11 5 2 5 5 9 12 3 2 10 10 9 10 9 13 7 11 10 7 11 8 10 3 12 3 12 5 7 10 10 4 2 10 0 9 6 8 4 14 5 6 12 6 1 4 10 3 7 1 5 6 9 2 6 2 10 9 8 7 14 5 8 9 5 4 11 2 3 5 13 6 5 10 4 9 11 7 9 11 5 10 2 8 12 13 6 13 8 12 5 10 9 9 1 10 11 9 10 11 10 3 7 3 6 12 0 1 
8 8 6 8 5 9 7 6 6 5 6 4 7 5 7 9 8 5 3 3 8 10 7 8 8 6 5 6 4 4 0 3 6 7 4 8 5 4 5 4 2 7 7 2 2 5 2 6 3 6 5 5 3 5 1 5 8 1 9 0 4 5 5 5 7 2 5 8 8 5 9 7 3 8 4 3 3 7 6 6 4 6 7 2 5 6 2 2 3 5 1 7 7 4 4 2 3 1 6 2 2 7 3 8 3 4 8 1 6 6 3 5 5 3 6 8 5 6 8 3 6 8 9 6 4 7 4 8 5 4 9 7 
11 11 8 7 5 5 4 6 8 5 5 7 3 2 5 6 4 6 6 6 4 8 7 6 4 5 5 4 4 0 4 5 5 4 7 5 3 4 7 7 3 5 5 1 5 7 4 3 6 3 6 5 1 8 5 2 6 5 6 4 0 7 1 7 3 2 5 4 6 1 6 5 5 4 1 2 6 5 6 4 7 4 4 4 7 6 4 3 2 3 5 4 6 2 7 1 1 5 2 3 5 3 3 6 1 4 6 4 6 7 5 7 7 6 7 5 3 8 5 7 5 5 5 5 8 3 6 4 6 6 6 4 
4 4 1 5 3 12 12 12 1 11 4 0 9 7 12 13 10 11 8 2 11 8 2 7 9 12 3 6 4 7 5 9 4 8 2 12 10 9 0 9 4 12 12 7 8 0 8 6 9 7 10 3 7 1 5 7 6 5 8 5 7 0 7 11 10 5 10 11 7 7 13 5 2 8 6 4 2 5 2 6 2 11 12 3 11 3 3 8 5 5 6 6 5 5 10 6 6 4 8 7 7 11 8 13 6 10 6 3 12 12 2 10 0 9 3 13 10 0 6 3 12 12 13 12 2 8 1 9 1 9 8 7 
11 11 9 6 5 5 5 7 8 7 4 7 1 1 6 6 2 8 8 7 3 6 6 4 2 7 4 2 3 1 5 7 4 2 8 6 4 6 8 9 4 6 6 3 6 7 6 1 7 1 8 5 2 8 6 0 5 7 4 5 1 7 0 9 2 3 7 4 4 0 6 4 5 3 1 2 7 4 6 2 8 5 5 4 9 5 5 4 2 2 7 3 4 2 9 2 1 6 1 5 7 4 4 7 1 6 4 5 7 9 5 9 7 7 6 6 4 8 4 7 7 5 6 6 8 1 6 3 6 8 4 3 
13 13 11 14 11 10 7 3 12 3 12 10 11 10 5 8 11 1 2 9 11 16 12 13 12 5 11 11 10 8 5 2 12 12 9 7 5 3 10 2 7 5 7 6 3 10 3 10 2 10 1 11 6 11 5 10 14 5 14 5 7 11 9 0 10 7 2 10 14 9 8 12 9 12 8 8 8 12 12 11 9 6 8 8 0 12 7 4 9 10 4 12 13 9 0 7 8 6 9 4 4 8 4 7 8 3 13 7 4 1 9 1 11 2 12 7 6 11 13 8 4 8 9 5 9 11 10 12 11 1 13 12 
14 14 12 8 7 2 3 8 11 7 7 10 1 3 6 5 1 9 9 10 0 8 9 5 2 6 7 4 6 3 7 8 7 3 11 4 4 7 10 10 7 6 5 5 8 10 7 4 9 3 9 7 4 11 9 2 7 9 5 7 3 10 2 10 0 5 8 1 6 3 4 6 8 4 3 5 10 6 8 5 11 4 3 7 10 8 8 6 5 4 9 5 7 4 10 5 4 9 1 6 9 2 6 5 4 6 6 8 7 9 7 10 10 9 9 5 4 11 6 10 7 3 4 6 11 2 9 2 9 9 5 4 
9 9 6 6 4 7 6 7 6 6 4 4 4 3 7 8 5 7 5 4 6 8 5 5 5 7 4 3 2 1 2 5 4 5 5 7 5 5 5 7 1 7 7 2 4 5 4 3 5 3 6 4 1 6 4 3 6 4 6 2 2 5 3 7 5 0 6 6 6 2 8 4 3 5 1 0 4 4 4 3 5 6 6 1 7 4 2 3 1 2 4 4 5 1 7 0 1 3 4 3 4 5 3 8 1 5 5 2 7 8 2 7 5 5 5 7 5 6 5 4 7 7 8 6 5 4 4 6 4 6 6 5 
13 13 11 12 10 8 5 1 11 1 10 10 8 8 3 6 9 0 3 9 8 14 11 11 10 2 10 9 8 6 5 1 10 10 9 5 3 1 10 3 6 3 4 4 2 10 2 9 2 8 1 10 5 10 5 7 12 5 12 5 5 10 7 2 8 6 0 8 12 7 6 11 9 10 6 7 8 11 11 9 9 3 5 7 2 11 7 3 7 8 4 10 11 7 2 5 6 6 7 3 4 6 2 5 6 1 11 7 2 1 8 3 10 2 11 5 3 11 11 8 2 6 6 3 9 9 10 10 10 1 11 10 
16 16 13 9 9 1 3 7 13 7 8 11 3 5 5 3 2 8 10 11 1 9 10 7 3 6 9 6 7 4 8 9 8 4 12 4 4 7 12 11 8 5 4 5 8 12 7 5 9 5 9 9 5 12 10 4 8 10 6 8 4 11 4 10 1 6 8 0 7 4 3 8 9 5 5 7 11 8 10 6 12 4 2 8 10 9 9 6 6 6 10 6 8 6 10 6 5 10 3 7 10 1 6 4 5 6 7 9 7 9 9 10 11 9 10 4 4 12 7 11 6 2 3 5 12 4 10 3 10 9 6 5 
11 11 9 2 4 8 9 12 8 11 3 7 4 3 11 11 5 12 11 8 6 2 4 0 4 11 3 2 4 5 8 11 2 2 9 10 9 10 8 13 6 11 11 7 10 7 10 3 12 3 12 4 7 8 9 4 1 10 1 8 6 7 4 14 6 6 12 7 0 4 11 2 6 2 5 5 8 1 4 2 9 10 9 6 14 3 7 9 4 3 10 1 1 4 13 6 5 9 5 9 11 8 9 11 5 10 0 7 12 13 6 13 7 11 4 11 9 8 0 9 12 10 10 11 9 3 6 4 5 12 1 2 
11 11 8 5 4 5 5 7 8 7 4 6 2 0 6 7 3 8 7 6 4 6 6 4 3 7 4 2 3 1 4 7 4 2 7 6 4 6 7 9 3 7 6 3 6 7 6 1 7 1 8 4 2 8 6 0 5 6 4 5 1 7 0 9 3 2 7 4 4 0 7 4 5 3 0 2 7 4 5 2 7 5 5 4 9 5 5 4 2 1 7 3 4 1 8 2 1 6 1 4 7 4 4 7 1 6 4 5 7 9 4 9 7 7 5 6 4 8 4 7 7 6 6 6 8 1 5 3 5 8 4 3 
17 17 14 12 11 2 1 5 14 5 11 13 6 7 2 0 6 7 9 12 4 12 13 10 7 3 11 9 10 6 9 8 11 8 13 1 3 6 13 10 9 3 1 6 8 13 7 8 8 8 7 11 6 14 10 6 12 10 10 9 6 13 6 8 4 8 6 3 11 7 0 11 11 8 7 8 12 11 12 9 13 2 1 10 8 12 10 6 8 8 9 9 11 8 9 7 7 10 5 7 9 2 5 1 7 5 11 10 4 7 11 9 13 8 13 1 3 14 10 12 4 1 0 3 13 7 12 7 12 8 9 8 
9 9 7 1 1 9 9 11 6 10 0 5 4 3 10 11 6 11 10 6 7 3 2 2 4 11 1 1 2 4 6 10 0 3 6 10 9 9 5 11 4 11 10 6 9 5 9 2 10 3 11 2 6 6 7 4 1 8 3 7 5 5 4 12 6 4 11 8 2 4 11 0 4 3 4 3 6 0 2 1 7 9 9 4 12 1 5 7 3 2 8 1 0 3 11 5 4 7 5 8 9 8 8 11 4 9 1 5 11 12 3 12 5 10 2 11 8 6 1 7 11 10 10 10 7 4 4 5 3 11 3 3 
6 6 3 5 2 10 9 10 3 9 3 1 7 5 10 11 8 9 7 1 9 8 3 6 7 10 2 4 2 5 3 7 3 6 2 10 8 7 2 8 2 10 10 5 6 2 6 5 7 5 9 2 5 3 4 5 5 4 7 3 5 2 5 9 8 3 9 9 6 5 11 4 0 6 4 2 2 4 2 4 2 9 9 1 9 3 1 6 3 4 5 5 4 3 8 4 4 3 6 5 5 9 6 11 4 8 5 2 10 10 0 8 2 7 3 10 8 2 5 2 10 10 11 10 3 6 0 8 1 8 7 6 
12 12 10 4 5 6 7 10 9 10 4 8 2 2 9 8 2 11 10 8 4 4 6 1 1 9 4 1 4 4 7 10 3 0 9 8 7 9 8 12 6 9 8 6 9 8 9 1 10 1 11 5 5 9 9 2 3 9 1 8 4 8 3 12 4 5 10 5 2 3 8 3 6 0 3 4 9 3 5 2 9 8 7 6 12 5 7 7 4 2 9 1 3 4 12 5 4 8 3 8 10 6 7 9 4 9 2 7 10 12 6 12 8 10 5 9 7 9 2 9 10 7 8 9 10 1 6 1 6 11 1 0 
10 10 8 6 4 5 5 7 7 6 4 6 2 1 6 7 3 7 6 6 4 7 6 4 3 6 4 2 2 0 4 6 4 3 7 6 4 5 7 8 3 6 6 2 5 6 5 2 6 2 7 4 1 7 5 1 5 6 5 4 1 6 1 8 3 1 6 5 5 0 7 4 4 3 0 1 6 4 5 3 7 5 5 3 8 5 4 3 1 1 6 3 4 1 8 1 0 5 2 4 6 4 4 7 0 5 4 4 7 8 4 8 6 6 5 6 4 7 4 6 6 6 6 6 7 2 5 4 5 7 5 3 
9 9 6 5 3 7 7 8 6 7 3 4 4 2 7 8 5 7 6 4 6 7 4 5 5 7 3 3 1 2 3 6 3 4 5 8 5 6 5 7 1 7 7 2 5 5 5 2 6 3 7 3 2 5 4 3 5 4 6 3 2 4 2 8 5 0 7 7 5 2 8 3 2 4 1 0 4 3 4 3 5 6 7 1 8 4 2 4 0 1 5 3 4 0 7 1 1 4 4 4 5 6 4 8 1 6 4 2 8 8 2 8 4 6 4 8 5 5 4 4 7 7 8 7 5 4 3 5 3 7 5 4 
5 5 2 7 4 12 10 10 3 9 5 1 9 7 10 12 10 8 5 0 11 10 5 8 9 10 5 7 4 6 3 7 6 8 0 11 8 7 2 6 3 10 11 6 5 2 6 7 7 7 8 4 6 2 3 7 8 3 9 3 6 2 7 8 10 4 8 11 8 7 12 6 2 9 6 4 0 6 4 6 1 10 11 2 8 5 2 6 4 6 4 7 7 5 7 5 5 2 8 5 4 10 6 12 6 8 7 2 10 9 2 7 2 6 5 11 9 2 8 0 10 11 12 10 1 8 2 10 3 7 9 8 
9 9 7 1 2 9 9 11 6 10 1 5 4 3 10 11 5 11 10 6 7 3 3 1 4 11 2 1 2 4 7 10 0 3 7 10 8 9 6 11 5 11 10 6 9 5 9 2 10 3 11 2 6 7 8 4 1 8 2 7 5 5 4 12 6 4 11 8 1 4 11 0 4 3 4 3 6 0 3 1 7 9 9 4 12 2 5 7 3 2 9 1 0 3 11 5 4 7 5 8 9 8 8 11 4 9 0 6 11 12 4 12 5 10 2 10 8 6 1 7 11 9 10 10 7 3 4 4 3 11 3 2 
6 6 4 3 0 11 10 12 3 11 1 2 7 5 11 12 8 11 9 3 9 5 0 4 7 11 1 4 2 5 6 10 2 6 4 11 9 9 3 10 4 11 11 6 8 3 8 4 10 5 11 0 6 4 6 6 3 6 6 6 6 2 6 12 8 4 11 10 4 5 12 2 2 5 5 4 4 3 0 3 4 10 10 3 12 0 4 7 3 4 7 4 2 4 11 5 5 5 7 7 8 10 8 12 5 9 3 4 12 12 2 11 2 9 0 12 9 3 4 4 11 11 12 11 5 6 1 7 1 10 6 5 
10 10 7 3 2 7 8 10 7 9 2 5 3 1 9 9 4 10 9 6 5 4 4 2 3 9 2 0 2 3 6 9 1 2 7 9 7 8 6 10 4 9 9 5 8 6 8 1 9 1 10 3 4 7 7 2 2 7 2 6 4 6 2 11 5 3 9 6 2 2 9 1 4 2 3 3 6 1 3 0 7 8 7 4 11 3 5 6 2 1 8 0 2 2 10 4 3 7 3 7 8 6 7 9 3 8 1 5 10 11 4 11 5 9 3 9 7 7 1 7 9 8 9 9 7 2 4 3 4 10 2 1 
4 4 1 7 5 13 12 11 2 10 6 1 10 8 11 13 11 10 6 1 11 10 5 9 10 11 5 7 5 7 4 8 6 9 0 12 10 8 1 7 4 11 12 7 7 1 7 8 8 8 9 4 7 1 4 8 8 4 10 4 7 2 8 9 11 5 9 12 9 7 13 7 2 9 7 5 1 7 4 7 0 11 12 3 9 5 3 7 5 6 5 8 7 6 8 6 6 3 9 7 5 11 8 13 7 9 8 3 11 10 3 8 2 7 5 12 10 1 8 1 11 12 13 11 0 9 2 11 3 8 10 9 
15 15 12 11 9 4 1 3 12 2 9 10 5 6 1 2 6 4 6 10 5 12 11 9 7 1 9 8 8 4 6 5 9 7 10 1 1 3 11 7 7 1 1 3 5 11 4 7 5 6 5 9 4 12 7 5 10 7 9 6 4 11 5 6 4 6 3 4 10 5 2 9 9 8 5 6 10 9 10 8 11 0 1 7 6 10 8 3 6 7 7 8 10 6 6 5 5 8 5 4 7 2 3 2 5 2 9 7 2 5 8 6 11 5 11 1 1 12 9 10 2 2 2 1 11 6 10 7 10 5 9 8 
16 16 13 11 10 2 0 5 13 4 9 11 5 6 2 1 4 6 8 11 3 11 11 9 5 3 9 7 8 5 7 7 9 6 11 1 2 5 12 9 7 3 1 4 7 12 6 6 7 6 6 10 4 12 9 5 10 9 8 7 4 12 5 8 3 6 5 2 9 5 1 9 9 7 5 7 11 9 10 7 12 1 0 8 8 10 8 5 7 7 8 8 9 6 8 5 5 9 4 5 8 1 4 2 5 4 9 8 4 7 9 8 12 7 11 1 2 12 9 11 4 0 1 3 12 5 10 6 11 7 8 7 
7 7 4 6 3 9 8 8 4 7 3 2 6 4 8 10 7 8 5 2 8 8 4 6 7 8 3 4 2 3 2 6 4 6 3 9 6 6 3 7 0 8 9 3 5 3 5 4 6 4 7 3 3 4 3 5 6 3 7 2 4 3 4 8 7 1 7 8 6 4 10 4 1 6 3 1 2 4 3 4 3 7 8 0 8 3 1 4 2 3 4 5 5 2 7 2 3 2 5 4 4 7 5 9 3 6 5 1 8 8 1 7 3 6 4 9 6 4 5 3 8 9 10 8 3 5 2 7 2 7 7 6 
13 13 11 14 11 10 7 3 12 3 12 10 11 10 5 8 11 1 2 9 11 16 12 13 12 5 11 11 10 8 5 2 12 12 9 7 5 3 10 2 7 5 7 6 3 11 3 10 2 10 1 11 7 11 5 10 14 5 14 5 7 11 9 0 10 7 2 10 14 9 8 12 9 12 8 8 8 12 12 11 9 6 8 8 0 12 7 4 9 10 4 12 13 9 0 7 8 6 9 4 4 8 4 7 8 3 13 7 4 1 9 1 11 2 12 7 6 11 13 8 4 8 9 5 9 11 10 12 11 1 13 12 
7 7 5 2 0 10 10 12 4 11 0 3 6 4 11 12 7 11 9 4 8 5 0 3 6 11 0 3 2 5 6 10 1 5 5 11 9 10 4 11 4 11 11 7 9 3 9 4 10 4 11 0 6 5 7 5 2 7 5 6 6 3 5 12 8 4 11 9 3 5 12 1 3 5 5 4 5 2 0 3 5 10 10 3 12 0 4 8 3 3 8 3 2 4 11 5 4 6 6 8 8 9 8 12 5 10 3 5 12 12 3 11 3 10 0 11 9 4 3 5 11 11 12 11 6 5 2 7 1 10 5 4 
7 7 4 7 4 10 8 8 4 7 4 2 7 5 8 10 8 7 5 2 9 9 5 7 8 8 4 5 3 4 2 5 5 7 2 9 7 6 3 6 1 8 9 4 4 3 5 5 5 5 7 4 4 3 2 5 7 2 8 2 4 3 5 7 8 2 7 9 7 5 10 5 1 7 4 2 2 5 4 5 3 8 8 1 7 4 0 4 3 4 3 6 6 3 6 3 3 1 6 4 3 8 5 10 4 6 6 0 8 8 1 7 3 5 5 9 7 4 6 2 8 9 10 8 3 6 2 8 3 6 8 7 
11 11 8 9 7 7 5 4 9 3 7 7 6 5 4 6 6 3 3 6 6 11 8 8 7 4 7 6 5 3 2 2 7 7 7 5 2 1 7 4 3 4 5 1 2 7 1 6 2 6 3 7 2 8 3 5 9 4 9 2 3 8 4 4 6 3 3 6 9 4 6 7 6 7 3 4 6 7 7 6 7 3 5 4 4 8 4 0 4 5 3 7 8 4 4 2 3 4 5 0 3 5 0 5 3 1 8 4 4 4 5 4 8 2 8 5 3 8 8 6 4 5 6 4 7 6 6 7 7 3 9 7 
9 9 6 5 3 7 7 8 6 7 3 4 4 2 8 8 5 8 7 4 6 6 4 4 5 8 2 2 1 2 3 7 3 4 5 8 6 6 5 8 1 8 8 3 6 5 5 2 7 2 8 3 2 6 5 2 4 5 5 3 2 5 2 9 5 1 7 6 4 2 8 3 3 4 1 0 4 3 3 2 5 6 7 2 9 3 3 4 0 1 5 3 3 0 8 1 1 4 3 4 6 6 5 8 1 6 4 3 8 9 2 8 4 7 4 8 5 5 4 5 8 7 8 7 6 3 3 5 3 7 5 4 
10 10 7 4 3 7 7 9 7 8 2 5 3 1 8 8 4 9 8 5 5 5 4 3 3 8 2 1 1 2 4 8 2 2 6 8 6 7 6 9 3 8 8 4 7 6 6 1 8 1 9 3 3 7 6 2 4 6 4 5 3 5 2 10 4 2 8 6 3 1 8 2 4 2 1 1 6 2 4 1 6 7 7 3 10 3 4 5 1 0 7 2 3 1 9 2 1 5 3 5 7 6 5 8 2 7 3 4 8 10 3 9 5 8 4 8 6 6 3 6 8 7 8 8 7 2 4 4 4 8 4 2 
9 9 6 10 7 10 8 6 7 5 8 5 9 7 7 10 9 4 1 4 10 12 8 10 10 6 7 8 6 6 2 2 8 9 5 8 6 4 6 2 4 7 8 4 1 6 2 8 2 8 4 7 4 6 1 7 10 1 11 1 5 6 7 4 9 4 4 10 10 7 9 8 5 9 6 5 4 9 7 8 5 7 8 4 4 8 3 3 5 7 0 9 9 5 3 4 5 2 8 2 0 8 4 9 5 4 9 3 6 5 5 3 6 2 8 8 6 7 10 4 6 9 10 7 4 8 6 10 7 3 11 9 
10 10 8 2 3 7 8 10 7 10 2 6 3 2 9 9 4 11 10 7 5 3 4 1 3 10 3 0 3 4 6 10 2 1 7 9 7 9 7 11 5 10 9 6 9 6 8 1 10 1 11 3 5 8 8 3 2 8 2 7 4 6 3 12 5 4 10 6 1 3 9 1 5 1 3 3 7 1 4 0 8 8 8 5 12 3 6 7 3 2 9 0 1 3 11 4 3 7 3 7 9 7 7 10 3 9 1 6 10 12 4 11 6 10 4 9 7 7 1 8 10 8 9 9 8 2 5 3 5 10 2 1 
9 9 7 1 2 9 10 12 6 11 1 5 5 3 11 11 6 12 10 6 7 3 2 1 5 11 2 2 3 5 7 11 1 3 7 11 9 10 6 12 5 11 11 7 9 5 9 3 11 3 12 2 6 7 8 4 1 8 3 7 6 5 4 13 7 5 11 8 1 4 11 0 4 3 4 4 7 0 2 2 7 10 9 5 13 2 6 8 3 3 9 1 0 4 12 5 4 7 5 8 9 8 8 12 5 10 1 6 12 13 4 12 5 11 2 11 9 6 1 7 11 10 11 11 7 4 4 5 3 11 3 3 
9 9 7 5 3 7 6 8 6 7 3 5 3 1 7 8 4 8 7 5 5 6 4 4 4 7 3 2 1 1 3 6 3 3 6 7 5 6 5 8 2 7 7 3 5 5 5 2 7 2 7 3 2 6 5 2 5 5 5 4 2 5 2 9 4 1 7 6 4 1 8 3 3 4 1 0 5 3 4 2 6 6 6 2 9 4 3 4 0 1 5 3 4 0 8 1 0 4 3 4 6 5 4 8 1 6 4 3 8 9 3 8 5 7 4 7 5 6 4 5 7 7 8 7 6 3 4 4 4 7 5 3 
12 12 10 13 10 10 7 3 11 3 11 9 10 9 6 9 11 2 1 8 10 15 11 12 11 5 10 10 9 7 5 1 11 11 8 7 5 3 9 1 7 5 7 5 2 10 2 10 1 10 1 10 6 10 4 9 13 4 13 4 7 10 9 0 10 7 2 10 13 8 9 11 8 12 8 7 7 11 11 10 8 6 8 7 0 11 6 4 8 9 3 11 12 8 0 6 7 5 9 3 3 8 4 7 7 3 12 6 4 2 8 0 10 1 11 7 6 10 12 7 4 8 9 5 8 10 9 12 10 0 13 11 
10 10 7 6 4 6 5 6 7 5 5 5 4 3 6 7 5 6 5 5 5 8 6 6 5 6 4 3 2 1 2 5 4 4 6 6 4 4 6 6 1 6 6 1 4 6 4 3 5 3 6 4 1 7 4 3 6 4 6 2 1 6 2 7 5 0 5 6 6 2 7 5 4 5 1 1 5 5 5 4 6 5 5 2 7 5 3 2 1 2 4 4 5 1 6 0 1 4 3 2 4 5 3 7 0 4 5 3 6 7 3 7 6 5 6 6 4 6 5 5 6 6 7 6 6 4 4 5 5 5 6 5 
10 10 7 6 4 6 5 7 7 6 4 5 3 1 6 7 4 7 6 5 5 7 5 5 4 6 4 2 2 0 3 6 4 3 6 6 4 5 6 8 2 6 6 2 5 6 5 2 6 2 7 4 1 7 5 2 5 5 5 3 1 6 1 8 4 1 6 5 5 1 7 4 4 4 0 1 5 4 5 3 6 5 5 3 8 4 3 3 1 1 5 3 4 0 7 1 0 5 2 4 6 5 4 7 0 5 4 3 7 8 3 8 6 6 5 7 4 7 4 6 7 6 7 6 7 3 5 4 5 7 5 4 
7 7 4 8 5 10 9 7 5 7 6 3 8 6 8 10 9 6 3 2 9 11 6 9 9 8 5 7 4 5 1 4 6 8 3 9 7 5 4 4 2 8 9 4 3 4 4 7 4 7 6 5 4 4 0 7 8 0 10 1 5 4 6 6 9 3 6 10 9 6 10 7 3 8 5 4 2 7 5 7 3 8 9 2 6 6 1 4 4 5 2 7 7 4 5 4 5 0 7 3 2 9 4 10 5 5 8 1 8 7 3 5 4 4 6 9 7 4 8 2 8 10 10 8 3 8 4 9 5 5 9 8 
13 13 10 6 6 4 4 7 9 7 5 8 1 1 6 6 1 8 8 8 2 7 7 4 2 6 5 3 4 2 6 8 5 2 9 5 4 6 9 9 5 6 5 3 7 8 6 2 8 2 8 6 3 9 7 0 6 8 4 6 2 8 1 9 1 4 7 3 5 1 5 5 6 3 2 4 8 5 7 3 9 5 4 5 9 6 6 5 3 3 8 3 5 3 9 3 2 7 0 5 8 3 5 6 2 6 5 6 7 9 6 9 8 8 7 5 4 9 4 8 7 4 5 6 9 1 7 2 7 8 4 3 
11 11 8 9 7 7 5 4 8 3 7 7 6 5 4 7 7 3 3 6 7 11 8 9 7 4 7 6 5 3 2 2 7 7 6 5 3 1 7 4 3 4 5 1 1 7 1 6 2 6 3 7 2 8 3 5 9 3 9 2 3 7 5 4 6 3 3 7 9 4 7 8 5 8 4 4 5 8 7 7 7 4 5 4 4 8 4 0 4 5 2 7 8 4 3 2 4 3 5 0 2 5 1 6 3 2 8 4 4 4 5 4 7 2 8 5 3 8 8 6 4 6 7 4 6 6 6 8 7 3 9 8 
9 9 7 10 8 10 8 5 7 5 8 6 9 7 7 9 10 4 1 5 10 12 9 10 10 6 8 8 6 6 2 2 8 9 5 8 6 3 6 2 4 7 8 4 1 6 2 8 2 8 3 7 4 6 1 7 10 1 11 2 5 7 7 4 9 4 4 10 11 7 9 9 5 10 6 5 4 9 8 8 5 7 8 4 4 8 3 3 6 7 0 9 9 6 3 4 6 2 8 2 0 8 3 8 5 4 10 3 6 5 5 3 7 2 8 8 6 7 10 4 6 9 9 6 5 9 6 10 7 2 11 10 
15 15 12 10 9 1 1 5 12 5 8 10 3 5 3 2 3 7 8 10 2 10 10 8 4 4 8 6 7 4 7 7 8 5 11 2 2 5 11 9 7 3 2 4 7 11 6 5 7 5 7 9 4 12 8 4 9 9 7 7 3 11 4 8 2 5 6 1 8 4 2 8 9 6 4 6 10 8 10 6 11 2 1 7 8 9 8 5 6 6 8 7 8 5 8 5 5 9 3 5 8 0 4 3 4 5 8 8 5 7 8 9 11 7 10 2 2 12 8 10 4 1 2 3 11 4 10 4 10 7 7 6 
12 12 9 10 7 6 4 3 9 2 8 7 6 5 3 6 6 3 3 7 6 11 9 9 7 3 7 6 6 3 3 2 8 7 7 4 2 1 8 4 4 3 4 1 2 8 1 6 3 6 3 7 2 9 4 5 9 4 9 3 3 8 4 4 6 3 2 6 9 4 5 8 6 7 4 4 6 8 8 7 8 3 4 5 4 8 5 0 5 5 4 7 8 4 4 3 4 4 5 1 3 4 0 5 3 1 8 5 3 4 6 4 8 3 9 4 2 9 8 7 3 5 6 3 7 6 7 7 8 3 9 7 
17 17 14 13 11 4 1 3 14 3 11 12 7 8 1 1 7 5 8 12 5 13 13 11 8 2 11 9 10 6 8 6 11 8 12 0 3 4 13 8 9 1 0 6 7 13 6 8 6 8 6 11 6 14 9 7 12 9 11 8 6 13 7 7 5 8 5 4 11 7 1 11 11 9 7 8 12 11 12 9 13 2 2 9 7 12 10 5 8 8 9 10 12 8 7 7 7 10 6 6 8 3 5 0 7 4 11 10 3 6 10 8 13 7 13 0 3 14 11 12 2 2 1 2 13 8 12 8 12 6 10 9 
10 10 7 6 4 6 5 7 7 6 4 6 3 2 6 7 4 7 6 5 4 7 6 5 4 6 4 3 2 0 3 6 4 3 6 6 4 5 6 7 2 6 6 2 5 6 4 2 6 2 7 4 1 7 5 2 6 5 5 3 1 6 1 8 4 1 6 5 5 1 7 4 4 4 0 1 6 4 5 3 7 5 5 3 8 5 4 3 1 2 5 3 5 1 7 0 0 5 2 3 5 4 3 7 0 5 5 4 6 8 3 8 6 6 5 6 4 7 5 6 6 6 7 6 7 3 5 4 5 6 5 4 
13 13 10 11 9 6 4 2 10 1 9 9 7 7 3 5 7 2 3 8 7 12 10 10 8 2 9 8 7 5 4 2 9 8 8 4 2 0 9 4 5 2 4 3 2 9 1 7 2 7 2 9 3 10 5 6 11 5 10 4 4 10 6 3 6 5 1 6 10 6 5 9 8 9 5 6 8 9 9 8 9 2 4 6 3 10 6 1 6 7 4 9 10 6 3 4 5 5 6 2 4 5 1 4 5 0 10 6 2 3 7 4 10 2 10 4 2 10 10 8 2 5 5 2 8 7 8 8 9 2 10 9 
10 10 8 1 3 8 9 12 7 11 2 6 4 3 11 11 5 12 11 7 6 2 3 0 4 11 3 1 3 5 7 11 1 3 8 10 9 10 7 12 5 11 10 7 10 6 9 2 11 3 12 3 6 8 9 4 1 9 2 8 6 6 4 13 6 5 11 7 0 4 11 1 5 2 4 4 7 0 3 1 8 9 9 5 13 3 6 8 4 3 9 1 1 4 12 5 4 8 5 8 10 8 8 11 5 10 0 7 12 13 5 12 6 11 3 11 9 7 0 8 11 10 10 11 8 3 5 4 4 11 2 2 
7 7 4 7 4 10 8 8 4 7 5 2 7 5 8 10 8 7 4 2 9 9 5 7 8 8 4 5 3 4 1 5 5 7 2 9 6 6 3 6 1 8 9 4 4 3 4 5 5 5 7 4 4 4 2 6 7 2 8 1 4 3 5 7 8 2 7 9 7 5 10 5 2 7 4 2 2 6 4 5 3 7 8 1 7 5 0 4 3 4 3 6 6 3 6 3 3 1 6 4 3 8 5 10 4 6 7 0 8 8 2 6 3 5 5 9 6 4 7 2 8 9 10 8 3 6 3 8 3 6 8 7 
15 15 12 13 11 6 4 0 13 1 11 11 8 8 1 4 8 2 5 10 7 14 12 12 9 0 11 10 9 6 6 4 11 9 11 3 2 2 12 5 8 1 3 5 4 12 3 9 4 9 3 11 5 12 7 7 13 7 12 6 6 12 7 4 7 7 2 7 12 7 4 11 10 10 7 8 10 11 12 10 11 2 4 8 4 12 8 4 8 8 6 10 12 8 4 6 7 8 7 4 6 5 3 3 6 2 12 8 0 3 9 5 12 4 12 3 3 12 11 10 0 4 4 1 11 9 11 9 11 4 11 10 
14 14 12 14 12 9 6 2 12 2 12 11 10 10 4 7 10 1 3 10 10 15 13 13 11 3 11 11 10 8 6 2 12 11 10 6 5 3 11 3 8 4 6 6 3 11 3 10 2 10 1 11 6 11 6 9 14 6 13 6 7 12 9 1 9 8 1 9 13 9 7 12 10 12 8 8 9 12 12 11 10 5 7 8 1 12 8 4 9 10 5 12 13 9 2 7 8 7 9 4 5 7 4 6 8 3 13 8 3 0 9 2 12 2 13 6 5 12 13 9 3 7 7 4 10 10 11 11 11 2 13 12 
6 6 4 5 2 10 9 9 3 8 3 2 6 4 9 11 7 9 6 2 8 7 3 5 7 9 2 4 1 4 3 7 3 6 3 10 7 7 2 8 1 9 10 4 6 2 6 4 7 4 8 2 4 3 4 5 5 4 6 3 5 2 5 9 7 2 8 9 6 4 11 3 0 6 4 2 2 4 2 4 3 8 9 1 9 3 1 5 2 3 5 4 4 3 8 3 3 3 6 5 5 8 6 10 3 7 5 2 9 9 0 8 2 7 3 10 7 3 5 3 9 10 10 9 3 5 1 7 1 8 7 6 
12 12 10 13 11 10 8 4 11 4 11 9 10 10 6 9 11 2 1 8 11 15 12 13 12 5 11 11 9 8 5 1 11 11 8 8 6 3 9 1 7 6 7 5 2 10 3 10 1 10 2 10 6 10 4 9 13 4 13 5 7 10 9 1 10 7 3 10 13 9 9 12 8 12 8 8 7 12 11 11 8 6 8 7 1 11 7 4 8 9 3 11 12 8 0 7 8 5 9 4 3 9 4 8 8 4 12 6 5 2 8 0 10 1 12 8 6 10 12 7 5 9 9 6 8 11 9 12 10 1 13 12 
4 4 2 5 3 12 11 12 1 11 4 1 8 6 12 13 10 11 8 2 11 8 2 7 9 12 3 6 4 7 5 9 4 8 2 12 10 9 1 9 4 12 12 7 8 0 8 6 9 7 10 2 7 1 5 7 6 5 8 5 7 0 7 11 10 5 10 11 7 7 13 5 2 8 6 4 2 5 2 5 2 11 12 3 11 3 3 8 4 5 6 6 5 5 10 6 6 4 8 7 7 11 8 13 6 10 6 3 12 12 2 10 0 9 2 12 10 1 6 3 12 12 13 12 3 8 1 9 1 10 8 7 
11 11 9 12 9 9 7 3 10 3 10 8 9 8 5 8 9 2 1 7 9 13 10 11 10 4 9 9 7 6 3 0 10 10 7 7 4 2 8 1 5 5 6 4 1 8 1 8 0 8 1 9 5 9 3 8 12 3 12 3 6 9 7 2 9 5 2 9 11 7 8 10 7 10 6 6 6 10 9 9 7 5 7 6 2 10 5 2 7 8 2 10 11 7 1 5 6 4 8 2 2 7 3 7 6 2 11 5 4 2 7 1 9 0 10 7 5 9 11 6 4 7 8 5 7 9 8 10 9 0 11 10 
6 6 5 2 1 11 11 12 3 11 1 3 7 5 12 13 8 12 10 4 9 5 0 4 7 12 1 4 3 6 6 10 2 6 5 12 10 10 3 11 4 12 12 7 9 3 9 4 10 5 11 1 7 4 7 6 3 7 5 6 7 3 6 12 9 5 11 10 4 5 13 2 3 5 5 4 5 2 0 3 5 11 11 4 12 0 5 8 4 4 8 4 2 4 11 6 5 6 7 8 8 10 9 13 5 10 3 5 12 13 3 12 2 10 0 12 10 3 3 5 12 11 12 12 5 6 2 7 1 11 6 5 
16 16 13 12 11 3 1 3 14 3 11 12 6 7 1 1 6 5 8 11 5 13 12 10 7 2 11 9 9 6 8 6 10 8 12 0 2 4 13 8 8 1 0 5 6 12 5 8 6 7 6 11 5 13 9 6 12 9 10 8 5 13 6 7 5 7 5 4 11 6 1 11 10 9 6 8 11 10 12 9 12 1 1 9 7 11 9 5 8 8 8 9 11 7 7 6 7 9 5 5 8 2 4 0 6 4 11 9 3 6 10 8 12 7 12 0 2 13 10 11 2 1 1 1 12 7 11 7 12 6 10 9 
14 14 11 10 8 4 2 3 11 2 8 9 5 5 2 3 5 4 6 9 4 11 10 9 6 2 8 7 7 3 5 4 8 6 9 2 0 2 10 7 6 2 2 2 4 10 3 6 5 6 4 8 3 11 6 4 10 7 9 5 3 10 4 6 4 5 3 4 9 4 3 8 8 7 4 5 9 8 9 7 10 1 2 6 6 9 7 3 5 6 6 7 9 5 6 4 4 7 4 3 6 2 2 3 4 2 9 6 3 5 7 6 10 5 10 2 0 11 8 9 2 2 3 2 10 5 9 6 9 5 8 7 
3 3 1 6 4 13 12 12 0 11 5 1 9 7 12 14 11 11 8 2 12 9 3 8 10 12 4 7 5 7 6 9 5 9 1 13 11 10 0 9 5 12 13 8 8 0 9 7 9 8 11 4 7 0 5 8 7 5 9 6 8 0 8 11 11 6 11 12 8 8 14 6 2 9 7 5 2 6 3 7 1 12 12 4 11 4 4 8 5 6 7 7 6 6 10 6 7 4 9 8 7 12 9 14 7 10 7 4 12 12 3 10 1 9 3 13 11 0 7 2 12 13 14 12 2 9 2 10 2 10 9 8 
10 10 8 1 3 8 9 12 7 11 2 6 4 3 11 11 5 12 11 7 6 2 4 0 4 11 3 1 3 5 7 11 2 2 8 10 9 10 7 12 6 11 10 7 10 7 9 2 11 2 12 3 6 8 9 4 1 9 1 8 5 6 4 13 6 5 11 7 0 4 10 1 5 2 4 4 8 1 4 1 8 9 9 5 13 3 6 8 4 3 10 1 1 4 12 5 4 8 4 8 10 8 8 11 5 10 0 7 11 13 5 12 6 11 3 10 8 7 0 8 11 9 10 11 9 3 5 4 5 11 2 2 
5 5 2 8 5 12 11 10 3 9 6 2 9 7 10 12 10 8 5 1 11 10 5 9 10 10 5 7 5 6 3 7 6 9 0 11 9 7 2 6 3 10 11 6 5 2 6 7 7 7 8 5 6 2 2 8 8 3 10 3 7 3 7 8 10 4 8 11 9 7 12 7 2 9 6 4 0 7 4 7 1 10 11 3 8 5 2 6 5 6 4 8 7 5 7 5 6 2 8 6 4 10 7 12 6 8 8 2 10 9 3 7 3 6 5 11 9 2 8 0 10 11 12 10 0 8 3 10 3 7 10 9 
15 15 12 13 11 6 3 1 13 1 11 11 8 8 1 4 8 2 5 10 7 14 12 11 9 0 11 9 9 6 6 4 11 9 11 3 2 2 11 6 7 1 2 4 4 11 3 8 4 8 3 11 5 12 7 7 12 7 11 6 5 12 7 4 7 7 2 6 12 7 4 11 10 10 6 7 10 11 11 9 11 2 4 8 4 11 8 4 8 8 6 10 11 7 4 6 7 8 7 4 6 4 3 2 6 2 11 8 0 3 9 5 12 4 12 2 2 12 11 10 0 4 4 0 11 8 11 9 11 4 11 10 
16 16 13 11 10 2 0 5 13 5 10 12 5 6 2 1 5 6 8 11 3 11 12 9 6 3 10 8 8 5 8 7 10 7 12 1 3 5 12 9 8 3 1 5 7 12 6 7 7 6 7 10 5 13 9 5 11 9 9 8 5 12 5 8 3 7 6 2 10 6 1 10 10 7 6 7 11 9 11 8 12 2 0 9 8 11 9 5 7 7 9 8 10 7 8 6 6 10 4 6 9 1 5 2 6 5 10 9 4 7 10 9 12 7 11 1 2 13 9 11 4 0 0 3 12 6 11 6 11 7 8 7 
17 17 14 12 11 2 1 5 14 5 11 12 6 7 3 0 5 7 9 12 4 12 12 10 7 4 11 9 9 6 9 8 11 7 13 1 3 6 13 10 9 3 1 6 8 13 7 8 8 7 7 11 6 14 10 6 11 10 10 9 5 13 6 9 4 8 6 3 10 6 0 10 11 8 6 8 12 10 12 9 13 2 1 10 9 12 10 6 8 8 10 9 11 8 9 7 7 10 5 7 9 2 6 1 7 5 10 10 4 7 10 9 13 8 12 1 3 14 10 12 4 0 0 3 13 7 12 7 12 8 9 8 
15 15 12 12 10 5 2 2 13 1 11 11 7 7 0 3 7 3 6 10 6 13 12 11 8 0 10 9 9 6 6 4 10 8 11 2 1 2 12 6 7 0 1 4 5 12 4 8 4 8 4 10 5 12 7 6 12 8 11 6 5 12 6 5 6 6 3 5 11 6 3 10 10 9 6 7 10 10 11 9 11 1 3 8 5 11 8 4 7 8 7 9 11 7 5 6 6 8 6 4 6 3 3 2 6 2 11 8 1 4 9 6 12 5 12 1 2 12 11 10 0 3 3 0 11 7 10 8 11 4 10 9 
4 4 1 8 5 13 11 10 3 10 6 2 10 8 11 13 11 9 6 1 12 11 5 9 11 11 5 8 5 7 4 7 6 10 0 12 10 8 2 7 4 11 12 7 6 2 7 8 7 8 9 5 7 1 3 8 8 3 10 4 8 2 8 9 11 5 9 12 9 8 13 7 3 10 7 5 1 7 5 7 0 11 12 3 9 6 3 7 6 7 4 8 7 6 8 6 7 3 9 6 5 11 7 13 7 8 8 3 11 10 3 8 3 7 5 12 10 2 9 0 11 12 13 11 0 9 3 11 4 8 10 9 
12 12 9 5 5 5 6 9 9 8 4 7 0 1 7 7 2 9 9 8 3 5 6 3 1 8 5 2 4 2 6 9 4 0 9 7 6 7 8 11 5 8 7 5 8 8 7 1 9 1 9 5 4 9 8 1 4 8 3 7 3 8 1 11 2 4 9 4 3 1 7 4 6 1 2 4 8 3 6 2 9 6 5 5 11 5 6 6 3 2 8 2 4 3 10 4 3 8 1 6 9 4 6 8 3 7 3 6 9 10 5 11 8 9 6 7 5 9 3 8 8 6 7 7 9 0 6 1 6 9 2 1 
5 5 3 5 2 11 10 11 2 10 3 1 7 5 11 12 8 10 7 2 9 7 2 6 8 11 2 5 2 5 4 8 3 7 2 11 9 8 1 9 3 11 11 6 7 1 7 5 8 5 10 2 6 2 5 6 5 5 7 4 6 1 6 10 9 4 10 10 6 5 12 4 0 6 5 3 2 4 1 4 2 10 10 2 10 2 2 6 3 4 6 5 4 4 9 4 5 4 7 6 6 10 7 12 5 8 5 3 11 11 1 9 1 8 2 11 9 2 5 3 11 11 12 10 3 6 0 8 0 9 7 6 
14 14 11 6 6 4 6 10 11 9 6 9 1 3 8 7 1 10 11 9 2 5 7 3 0 9 6 3 5 4 8 10 5 1 10 7 7 9 10 12 7 8 7 6 9 10 9 3 10 2 11 6 5 11 10 2 5 10 3 8 4 9 3 12 2 6 10 3 4 3 7 5 8 1 4 5 10 4 7 3 11 7 6 7 12 7 8 7 5 4 10 3 5 4 12 5 4 9 2 8 10 4 7 8 4 8 4 8 9 11 7 12 9 10 7 7 6 10 4 10 9 6 7 8 11 1 8 0 8 11 2 2 
5 5 3 4 1 11 11 11 2 10 2 1 7 5 11 12 8 11 8 2 9 7 1 5 8 11 1 4 2 6 5 9 3 6 3 11 9 9 2 9 3 11 11 6 8 2 8 5 9 5 10 1 6 3 5 6 4 6 6 5 6 1 6 11 9 4 10 10 5 5 12 3 1 6 5 3 3 3 1 4 3 10 11 2 11 1 3 7 3 4 7 5 3 4 10 5 5 5 7 7 7 10 8 12 5 9 4 3 11 11 1 10 1 9 1 12 9 2 5 3 11 11 12 11 4 6 0 8 0 9 7 6 
12 12 9 12 10 9 7 3 10 3 10 9 9 8 5 8 10 1 1 7 9 14 11 12 10 4 10 9 8 6 4 0 10 10 8 7 4 2 9 1 6 5 6 4 1 9 1 9 0 9 1 10 5 9 4 8 12 4 12 4 6 9 8 1 9 6 1 9 12 8 8 11 8 11 7 7 7 11 10 10 8 5 7 7 1 10 6 3 7 8 3 10 11 7 0 5 7 5 8 3 2 7 3 6 6 2 11 6 4 2 8 1 10 0 11 6 5 10 11 7 4 7 8 4 8 9 9 11 9 0 12 11 
12 12 10 3 5 7 8 12 9 11 4 8 3 3 10 10 3 12 12 9 5 2 6 1 2 11 5 2 5 5 8 11 4 1 10 9 9 10 9 13 7 10 10 7 10 9 10 3 11 3 12 5 6 10 10 3 3 10 0 9 6 8 4 13 5 6 11 6 1 4 9 3 7 1 5 5 9 3 6 2 10 9 8 7 13 5 8 9 5 4 11 2 3 5 13 6 5 9 4 9 11 7 9 10 5 10 2 8 11 13 7 13 8 11 6 10 8 9 2 10 11 8 9 10 10 2 7 2 7 12 0 1 
12 12 9 4 4 6 7 10 9 10 3 7 2 2 9 9 3 11 10 8 4 4 5 1 1 9 4 1 4 4 7 10 3 0 9 8 7 9 8 12 6 9 8 6 9 8 9 1 10 1 11 4 5 9 9 2 3 9 1 7 4 7 3 12 4 5 10 5 2 3 8 3 6 0 3 4 8 2 5 1 9 8 7 6 12 4 7 7 4 2 9 1 3 3 11 5 4 8 3 8 10 6 7 9 4 9 2 7 10 12 6 12 7 10 5 9 7 8 2 9 10 7 8 9 9 1 6 2 6 11 1 0 
