130 8864.25 0 1680 14 120
92.62 3.98 85.35 39.75 14.87 93.2 27.21 57.49 73.0 50.26 41.69 84.67 35.0 30.57 38.81 13.48 98.08 18.02 4.38 5.95 46.36 81.23 53.91 40.28 48.44 25.1 26.7 50.58 28.16 47.84 18.68 41.1 57.79 84.91 74.52 85.44 5.53 47.44 23.38 35.61 59.02 9.07 63.03 98.85 7.78 38.56 71.3 3.81 14.6 41.4 94.16 61.64 57.68 56.68 31.93 93.36 8.77 58.87 73.5 91.3 90.32 24.55 87.33 52.59 6.16 96.61 34.45 20.88 35.64 25.4 94.25 15.64 82.03 26.75 36.8 31.2 25.52 69.95 87.05 59.69 25.37 28.98 13.64 97.17 96.92 86.28 87.13 82.37 46.16 17.79 73.54 92.18 95.52 28.74 85.44 25.06 39.8 47.64 86.48 36.46 6.37 34.55 48.09 46.02 84.28 12.26 67.82 8.93 36.07 31.62 83.73 6.16 1.91 81.55 19.64 19.27 69.99 8.69 61.21 1.35 51.87 93.74 15.95 41.12 46.74 59.06 1.78 31.48 58.7 13.37 
81.41 26.6 16.8 34.88 31.31 79.22 64.05 15.29 14.43 28.17 13.28 54.65 80.19 40.38 76.29 16.62 51.67 21.17 43.11 64.48 55.5 58.25 63.96 51.9 51.39 47.84 86.26 65.67 11.85 46.91 23.73 49.28 75.92 89.3 10.56 51.43 52.51 52.44 83.11 33.89 66.08 51.42 40.4 80.71 37.92 18.93 23.5 27.0 85.66 16.12 34.37 13.93 75.88 25.96 33.78 75.37 28.44 25.44 26.44 74.44 44.42 45.92 44.92 53.05 50.64 19.54 88.63 19.45 27.61 70.8 33.69 24.92 58.67 12.58 20.35 51.49 24.76 86.93 77.6 10.28 25.73 70.54 44.01 76.78 45.98 25.7 74.49 61.42 72.55 22.78 78.53 26.62 70.44 28.8 19.56 15.94 25.87 84.88 65.76 83.35 50.87 31.35 84.13 69.96 51.51 52.94 32.79 75.76 51.02 19.85 82.36 53.45 33.29 53.24 41.87 56.63 72.0 55.14 87.43 64.59 80.95 54.59 49.33 78.21 39.99 72.9 67.92 42.38 34.07 54.8 
9 1 8 4 2 9 3 6 7 5 4 8 4 3 4 2 9 2 1 1 5 8 5 4 5 3 3 5 3 5 2 4 6 8 7 8 1 5 3 4 6 1 6 9 1 4 7 1 2 4 9 6 6 6 3 9 1 6 7 9 9 3 8 5 1 9 4 2 4 3 9 2 8 3 4 3 3 7 8 6 3 3 2 9 9 8 8 8 5 2 7 9 9 3 8 3 4 5 8 4 1 4 5 5 8 2 7 1 4 3 8 1 1 8 2 2 7 1 6 1 5 9 2 4 5 6 1 3 6 2 
1 2 3 4 5 6 7 8 9 10 11 12 13 14 15 16 17 18 19 20 21 22 23 24 25 26 27 28 29 30 31 32 33 34 35 36 37 38 39 40 41 42 43 44 45 46 47 48 49 50 51 52 53 54 55 56 57 58 59 60 61 62 63 64 65 66 67 68 69 70 71 72 73 74 75 76 77 78 79 80 81 82 83 84 85 86 87 88 89 90 91 92 93 94 95 96 97 98 99 100 101 102 103 104 105 106 107 108 109 110 111 112 113 114 115 116 117 118 119 120 121 122 123 124 125 126 127 128 129 130 
3 3 1 2 1 3 3 1 3 3 2 1 2 3 2 1 3 1 3 3 3 1 3 2 3 3 3 3 3 3 1 2 1 1 3 1 3 3 3 2 1 3 1 3 3 2 3 3 1 2 3 1 1 1 3 3 3 1 3 3 3 3 1 3 3 3 2 1 2 3 3 1 1 3 2 3 3 3 1 1 3 3 1 3 3 1 1 1 3 1 3 3 3 3 1 3 2 3 1 2 3 2 3 3 1 1 3 3 2 3 1 3 3 1 1 1 3 3 1 3 3 3 1 2 3 1 3 3 1 1 
2 2 1 1 3 2 1 2 2 3 1 1 1 1 1 3 2 3 2 2 3 1 3 1 3 1 1 3 1 3 3 1 2 1 2 1 2 3 1 1 2 2 2 2 2 1 2 2 3 1 2 2 2 2 1 2 2 2 2 2 2 1 1 3 2 2 1 3 1 1 2 3 1 1 1 1 1 2 1 2 1 1 3 2 2 1 1 1 3 3 2 2 2 1 1 1 1 3 1 1 2 1 3 3 1 3 2 2 1 1 1 2 2 1 3 3 2 2 2 2 3 2 3 1 3 2 2 1 2 3 
5 6 4 3 5 10 5 9 5 8 5 6 4 1 7 7 2 9 5 10 4 8 2 10 5 6 6 4 8 2 3 6 10 10 9 3 2 6 1 2 10 9 10 4 3 6 6 6 6 6 2 4 7 2 4 8 3 8 1 3 9 6 8 7 3 4 1 6 5 10 6 1 6 9 8 5 4 6 9 8 2 3 10 4 4 5 2 9 5 7 6 4 5 5 7 8 5 1 1 5 2 9 9 7 4 7 6 9 2 2 9 5 2 7 6 2 6 3 5 3 1 7 6 10 10 2 1 5 10 2 
4574.1 4363.22 3986.42 4038.74 4691.03 4651.78 4423.36 4551.74 3964.34 4120.56 4655.28 4559.84 3845.1 3930.68 4055.77 3994.57 3989.74 4575.28 4315.26 4678.46 3395.84 4037.41 4007.98 4692.63 4277.37 4503.36 4516.37 3543.93 4375.26 3939.64 4554.6 4391.26 4612.19 4678.08 4573.64 4099.25 4005.04 4559.33 4114.97 3892.95 4638.38 4673.22 4663.37 3832.0 3938.98 4368.71 4297.98 4622.07 4331.38 4506.98 3944.57 3653.05 4602.01 3878.44 4011.08 4393.16 3887.01 4427.95 3896.96 4097.07 4663.26 4507.84 4272.31 4173.21 4114.6 3584.95 3778.8 4422.33 4802.28 4714.06 4302.52 4147.38 4348.78 4548.41 4035.44 4451.36 4038.5 4437.11 4617.33 4324.15 3929.96 4346.49 4736.74 3780.17 3651.23 4149.47 3942.15 4697.18 4047.44 4183.38 4302.89 3527.23 3992.31 4351.57 4556.81 4296.39 4042.93 4063.44 3843.78 4102.41 3951.51 4536.25 4580.6 4568.07 3462.37 4691.68 4593.0 4577.78 3979.29 3952.35 4628.86 4198.54 3960.36 3828.95 4358.79 3914.19 4360.88 4370.01 4127.47 4328.47 4130.97 3748.55 4550.26 4719.85 4649.91 3877.22 4067.34 4205.18 4612.39 3955.98 
0.16 0.5 0.38 0.19 0.35 0.45 0.3 0.66 0.2 0.67 0.34 0.39 0.38 0.68 0.49 0.55 0.59 0.84 0.3 0.37 0.37 0.74 0.6 0.34 0.32 0.47 0.38 0.38 0.67 0.55 0.27 0.45 0.51 0.76 0.26 0.51 0.64 0.46 0.71 0.64 0.71 0.51 0.45 0.38 0.16 0.45 0.54 0.54 0.41 0.37 0.61 0.38 0.5 0.6 0.38 0.8 0.54 0.84 0.65 0.17 0.6 0.47 0.75 0.48 0.22 0.38 0.75 0.47 0.29 0.24 0.41 0.68 0.58 0.54 0.78 0.19 0.38 0.52 0.73 0.76 0.6 0.48 0.26 0.38 0.38 0.29 0.59 0.92 0.19 0.46 0.5 0.38 0.17 0.24 0.44 0.64 0.16 0.77 0.76 0.24 0.54 0.52 0.83 0.49 0.38 0.53 0.44 0.53 0.61 0.58 0.39 0.26 0.54 0.55 0.37 0.6 0.4 0.16 0.22 0.35 0.67 0.45 0.55 0.3 0.54 0.51 0.67 0.28 0.52 0.5 
0.88 0.88 0.57 0.81 0.7 0.81 0.72 0.54 0.92 1.0 0.84 0.64 1.0 0.99 0.57 1.0 0.84 1.0 0.89 0.79 1.0 0.77 0.85 0.51 0.54 0.83 0.99 0.51 0.9 1.0 0.5 0.77 1.0 0.9 0.91 1.0 0.71 0.54 0.59 0.91 0.53 1.0 0.92 0.62 0.75 1.0 0.52 0.51 0.56 0.81 0.7 1.0 0.8 0.58 0.8 0.75 0.94 0.55 0.73 0.95 0.77 0.93 0.64 0.59 1.0 0.97 1.0 0.72 0.63 0.76 0.66 0.82 0.75 1.0 0.94 0.6 0.64 0.91 0.61 0.95 0.52 1.0 0.56 0.75 0.71 0.78 0.55 0.62 0.91 0.96 0.87 0.98 0.61 0.88 0.78 0.77 1.0 0.59 0.67 0.95 0.9 0.53 0.9 0.72 1.0 0.58 1.0 0.55 0.87 0.93 0.71 1.0 0.95 0.56 0.94 0.91 0.97 0.8 0.5 0.82 0.73 0.63 0.98 0.59 0.75 0.86 0.5 1.0 0.78 0.79 
0.83 0.54 0.99 0.54 0.56 0.62 0.75 0.5 0.89 0.51 1.0 0.88 0.71 0.87 0.72 0.57 0.99 0.81 1.0 1.0 0.99 1.0 0.93 0.96 1.0 0.68 0.99 0.86 0.88 0.93 0.95 0.94 1.0 0.86 0.84 0.76 0.9 0.66 0.73 1.0 0.88 0.98 0.72 0.78 0.63 1.0 0.97 0.78 0.92 0.59 0.86 1.0 0.86 0.71 0.89 0.55 0.86 1.0 0.83 0.85 0.51 0.78 1.0 0.77 0.88 0.61 0.96 1.0 0.74 0.6 0.84 0.82 0.65 0.75 0.92 0.52 0.77 0.87 0.87 0.57 0.64 0.61 1.0 0.53 0.68 0.72 0.67 1.0 1.0 0.69 0.85 0.54 1.0 0.89 0.63 0.72 0.78 0.82 0.52 0.88 0.64 0.56 0.86 0.59 1.0 0.83 0.99 0.51 0.98 1.0 0.56 0.67 0.67 0.54 0.59 0.9 1.0 0.84 0.77 0.59 0.7 1.0 0.78 0.77 0.89 1.0 0.98 0.67 0.96 0.82 
0.55 0.74 0.84 1.0 0.9 0.82 0.58 0.88 0.54 0.97 0.59 0.62 0.53 0.59 0.98 0.69 0.86 0.58 0.78 0.7 0.75 0.98 0.86 0.54 0.65 1.0 0.52 0.93 0.96 1.0 0.69 0.74 0.68 0.96 0.96 0.86 1.0 0.68 0.65 0.72 0.71 0.7 0.68 0.72 1.0 0.63 0.88 0.5 0.77 0.51 0.91 0.55 0.67 0.69 0.61 0.5 1.0 0.7 0.96 0.9 0.76 1.0 0.75 0.61 1.0 0.5 1.0 0.79 0.67 0.55 0.84 0.69 0.93 0.9 1.0 0.71 0.61 1.0 1.0 0.84 0.5 1.0 0.67 0.51 0.87 0.87 0.99 0.81 0.69 0.86 1.0 0.8 0.88 0.76 1.0 0.58 0.73 0.77 0.55 1.0 0.6 1.0 1.0 0.86 0.6 0.55 0.79 0.91 0.54 0.62 0.79 0.6 0.94 0.74 0.57 0.83 0.71 0.67 0.75 0.72 0.7 0.87 0.56 0.66 0.71 0.63 0.94 0.98 0.88 1.0 
0.81 0.59 0.51 0.73 0.74 0.77 0.72 1.0 0.77 0.78 0.98 0.55 0.82 0.77 0.75 0.88 1.0 0.66 0.77 0.69 0.69 1.0 1.0 0.72 0.51 0.6 0.52 0.64 1.0 0.88 0.84 1.0 0.63 1.0 0.8 0.86 0.64 0.6 0.84 0.96 1.0 0.99 0.89 0.53 0.88 0.83 0.5 0.97 0.9 0.58 0.85 0.95 0.61 0.67 0.59 0.73 0.53 1.0 0.79 1.0 0.68 0.68 0.6 1.0 0.97 0.6 0.68 0.71 0.78 0.65 0.88 0.81 1.0 0.69 0.72 0.66 1.0 0.68 0.59 0.59 0.79 0.71 1.0 0.94 0.6 0.78 0.75 0.61 0.81 0.7 0.87 0.53 0.5 0.98 0.8 0.59 0.9 0.59 1.0 0.67 0.71 0.97 0.82 0.64 0.85 0.54 0.78 0.61 1.0 0.91 0.77 0.88 0.57 0.58 0.82 0.7 0.61 0.9 0.9 0.99 0.55 0.96 1.0 0.77 0.75 0.62 0.66 0.97 1.0 1.0 
0.6 0.91 0.81 0.92 0.58 0.97 0.94 0.99 1.0 0.94 0.55 0.74 0.96 0.88 0.87 0.88 0.92 0.51 0.96 0.92 0.63 0.95 0.53 0.51 0.68 0.71 0.78 0.51 0.71 0.55 0.75 0.86 0.58 0.88 0.56 1.0 1.0 1.0 0.83 0.59 0.96 0.6 0.51 0.57 1.0 1.0 1.0 0.73 0.93 0.93 0.75 0.52 0.98 0.87 0.92 0.67 0.96 0.52 0.76 1.0 0.9 0.98 0.56 0.84 0.8 0.63 0.97 0.51 0.53 0.71 0.99 0.55 0.74 1.0 1.0 0.88 1.0 0.78 0.71 0.82 1.0 1.0 0.56 0.64 1.0 1.0 0.63 0.84 1.0 0.69 0.85 0.56 1.0 0.96 0.78 1.0 0.83 0.81 1.0 0.58 1.0 0.9 0.99 0.77 0.8 0.59 0.53 0.6 0.81 1.0 0.81 0.59 0.64 0.82 0.98 0.52 0.52 0.97 0.93 0.84 0.88 0.63 0.5 0.6 0.89 0.82 0.82 0.82 0.87 0.65 
0.19 0.19 0.2 0.29 0.15 0.3 0.21 0.24 0.34 0.36 0.27 0.14 0.3 0.34 0.26 0.3 0.65 0.16 0.52 0.35 0.32 0.72 0.36 0.1 0.12 0.24 0.21 0.13 0.54 0.45 0.21 0.46 0.25 0.65 0.33 0.56 0.42 0.15 0.2 0.37 0.32 0.41 0.2 0.1 0.41 0.53 0.22 0.14 0.34 0.13 0.35 0.27 0.28 0.17 0.23 0.1 0.42 0.2 0.35 0.73 0.18 0.48 0.16 0.24 0.68 0.11 0.64 0.21 0.13 0.12 0.41 0.21 0.34 0.47 0.62 0.13 0.3 0.42 0.23 0.22 0.13 0.43 0.21 0.12 0.25 0.38 0.17 0.26 0.5 0.28 0.55 0.12 0.27 0.55 0.3 0.19 0.42 0.18 0.19 0.32 0.24 0.26 0.63 0.18 0.41 0.08 0.32 0.09 0.38 0.52 0.2 0.21 0.22 0.1 0.26 0.25 0.22 0.39 0.24 0.29 0.17 0.33 0.21 0.14 0.32 0.28 0.25 0.52 0.57 0.42 
918.45 784.93 1495.24 793.66 978.14 836.18 986.32 1374.72 958.7 1378.21 949.51 491.7 1686.58 1020.2 750.42 891.46 1133.05 1377.72 1160.55 599.56 1527.52 1244.4 1040.42 628.23 1023.56 588.02 504.86 1631.59 1341.16 952.63 815.14 636.65 710.85 887.87 729.16 1203.54 957.89 664.96 1766.11 1147.62 633.06 1016.75 561.31 1662.38 575.59 626.32 663.66 641.45 507.36 554.74 994.65 1656.44 797.68 1117.43 1613.57 976.42 959.64 962.49 1362.78 814.74 974.99 774.69 923.39 688.66 825.5 1649.58 1347.65 524.85 1072.7 564.1 727.86 1476.43 632.92 1040.31 971.97 894.67 1816.05 577.88 954.92 881.41 909.89 1023.18 490.01 1802.37 1611.37 1173.38 1000.36 1094.0 888.96 756.12 622.97 1463.65 992.77 1048.27 1105.78 1120.64 925.44 1420.56 1811.44 933.48 1038.44 1179.84 1424.64 665.45 1474.12 888.83 534.4 791.83 815.16 1081.66 1017.76 1026.88 1040.5 990.84 547.52 913.84 558.34 722.37 1150.46 575.55 1691.45 917.85 762.34 545.06 578.59 912.92 1223.89 960.45 724.17 1117.03 
163.49 135.01 355.92 248.01 124.16 254.21 193.93 349.21 314.47 504.56 287.86 77.74 478.13 334.11 206.23 278.75 713.55 222.32 584.65 251.55 422.6 903.93 369.11 81.99 130.02 159.16 97.9 247.75 643.81 458.71 165.83 276.45 161.93 559.44 285.19 623.93 414.73 94.26 340.12 442.73 225.27 383.56 112.37 142.72 265.43 322.59 108.22 108.6 137.25 63.89 282.08 450.36 200.57 201.66 312.2 103.3 396.81 194.8 418.76 576.95 167.48 349.95 155.61 145.95 541.9 212.49 874.26 102.46 105.99 87.64 301.35 231.07 248.39 533.11 566.51 132.51 576.56 261.97 216.61 232.56 130.82 417.63 75.06 238.02 382.27 475.17 181.59 321.07 421.78 234.16 291.81 269.33 287.29 569.52 376.52 222.89 448.14 209.44 348.21 291.66 289.0 299.8 869.03 123.67 516.97 85.85 154.43 82.9 304.05 561.63 210.57 253.12 225.87 69.71 160.36 249.0 135.58 315.59 271.06 182.11 280.04 301.44 201.97 74.95 159.95 280.43 276.44 528.29 413.56 454.26 
4092.25 3424.64 6976.19 3468.3 4390.69 3680.89 4431.58 6373.59 4293.52 6391.04 4247.54 1958.48 7932.92 4601.01 3252.08 3957.32 5165.23 6388.59 5302.74 2497.81 7137.62 5721.98 4702.11 2641.13 4617.78 2440.1 2024.31 7657.95 6205.82 4263.16 3575.69 2683.24 3054.25 3939.37 3145.8 5517.68 4289.46 2824.82 8330.57 5238.11 2665.3 4583.76 2306.57 7811.92 2377.96 2631.6 2818.3 2707.24 2036.78 2273.68 4473.24 7782.2 3488.42 5087.13 7567.83 4382.11 4298.21 4312.46 6313.89 3573.68 4374.94 3373.47 4116.97 2943.31 3627.51 7747.9 6238.27 2124.25 4863.51 2320.51 3139.32 6882.15 2664.61 4701.56 4359.86 3973.37 8580.23 2389.41 4274.61 3907.05 4049.47 4615.89 1950.03 8511.83 7556.83 5366.91 4501.82 4970.0 3944.82 3280.62 2614.84 6818.26 4463.84 4741.35 5028.92 5103.19 4127.19 6602.79 8557.21 4167.4 4692.19 5399.21 6623.2 2827.24 6870.59 3944.13 2172.01 3459.17 3575.79 4908.32 4588.78 4634.38 4702.52 4454.21 2237.59 4069.21 2291.72 3111.86 5252.28 2377.75 7957.27 4089.24 3311.71 2225.29 2392.97 4064.61 5619.44 4302.25 3120.86 5085.13 
317.47 175.03 1279.58 740.07 120.79 771.05 469.66 1246.03 1072.34 2022.8 939.29 -111.32 1890.67 1170.57 531.15 893.74 3067.77 611.62 2423.26 757.76 1612.98 4019.63 1345.56 -90.05 150.09 295.81 -10.49 738.73 2719.07 1793.56 329.13 882.24 309.65 2297.2 925.97 2619.67 1573.63 -28.72 1200.58 1713.64 626.35 1417.8 61.85 213.6 827.14 1112.93 41.08 43.0 186.27 -180.57 910.41 1751.79 502.84 508.32 1060.98 16.52 1484.07 473.99 1593.82 2384.74 337.41 1249.76 278.06 229.74 2209.49 562.43 3871.32 12.3 29.96 -61.8 1006.75 655.36 741.97 2165.56 2332.55 162.53 2382.8 809.85 583.06 662.82 154.1 1588.16 -124.69 690.12 1411.35 1875.83 407.95 1105.35 1608.91 670.79 959.05 846.65 936.45 2347.6 1382.58 614.44 1740.69 547.22 1241.06 958.32 945.01 998.99 3845.14 118.37 2084.85 -70.73 272.15 -85.49 1020.26 2308.16 552.85 765.61 629.33 -151.47 301.82 744.98 177.91 1077.95 855.3 410.57 900.18 1007.18 509.87 -125.26 299.75 902.17 882.22 2141.45 1567.81 1771.32 
182.96 174.53 79.73 121.16 93.82 186.07 176.93 91.03 158.57 164.82 139.66 91.2 115.35 157.23 121.67 79.89 159.59 91.51 172.61 187.14 135.83 80.75 160.32 140.78 171.09 180.13 180.65 141.76 175.01 157.59 91.09 131.74 92.24 93.56 182.95 81.99 160.2 182.37 164.6 116.79 92.77 186.93 93.27 153.28 157.56 131.06 171.92 184.88 86.63 135.21 157.78 73.06 92.04 77.57 160.44 175.73 155.48 88.56 155.88 163.88 186.53 180.31 85.45 166.93 164.58 143.4 113.36 88.45 144.07 188.56 172.1 82.95 86.98 181.94 121.06 178.05 161.54 177.48 92.35 86.48 157.2 173.86 94.73 151.21 146.05 82.99 78.84 93.94 161.9 83.67 172.12 141.09 159.69 174.06 91.14 171.86 121.29 162.54 76.88 123.07 158.06 136.09 183.22 182.72 69.25 93.83 183.72 183.11 119.38 158.09 92.58 167.94 158.41 76.58 87.18 78.28 174.44 174.8 82.55 173.14 165.24 149.94 91.01 141.6 186.0 77.54 162.69 168.21 92.25 79.12 
19 18 5 11 6 19 18 6 16 17 13 6 10 16 11 5 17 6 18 20 14 5 17 13 18 19 19 15 18 16 6 12 6 6 19 5 17 19 17 11 6 20 6 16 16 12 18 19 6 12 16 5 6 5 17 18 16 6 16 17 19 19 6 17 17 15 10 6 13 20 18 5 6 19 11 19 17 19 6 6 16 18 6 16 15 5 5 6 17 5 18 15 17 18 6 18 11 17 5 11 16 12 19 19 4 6 19 19 11 16 6 17 16 5 6 5 18 18 5 18 17 16 6 13 19 5 17 18 6 5 
79 22 17 29 59 2 52 22 5 77 51 114 119 74 85 119 114 49 14 28 72 97 82 101 14 8 60 101 6 117 20 16 50 25 59 15 33 118 87 67 116 9 107 90 71 19 81 109 32 82 24 64 1 53 43 2 117 50 11 103 116 25 59 33 14 92 61 97 64 63 114 40 115 22 54 39 25 38 19 57 10 112 114 81 95 109 73 112 29 110 90 109 60 81 58 28 109 15 93 60 94 29 9 89 23 69 87 48 65 48 83 11 15 62 35 1 104 20 32 78 69 74 25 24 112 65 38 101 115 114 
103 57 71 63 120 32 120 88 36 120 100 120 120 119 120 120 120 78 73 120 120 120 120 120 79 23 120 120 91 120 84 62 120 103 120 60 106 120 120 109 120 86 120 120 120 120 120 120 120 120 56 120 100 120 120 19 120 112 118 120 120 120 86 120 120 120 120 120 120 120 120 96 120 73 120 57 59 65 120 107 55 120 120 120 120 120 120 120 77 120 120 120 92 120 90 90 120 67 120 112 108 45 120 120 94 103 120 120 77 92 120 53 83 120 111 16 120 86 120 114 107 108 120 44 120 91 111 120 120 120 
5
0.0 0.0 0.0 0.0 0.0 
0.0 100.0 100.0 0.0 0.0 
0 7 7 0 0 8 1 6 3 2 8 4 4 5 4 3 7 6 3 6 1 7 1 3 4 5 7 5 4 5 3 6 5 2 4 2 4 6 8 5 7 3 5 6 3 6 3 5 9 2 3 5 1 6 3 7 4 6 4 3 8 2 4 5 8 7 3 7 5 3 7 6 2 3 5 7 2 7 2 3 4 2 7 8 4 2 5 3 8 7 6 8 7 6 2 7 6 8 2 6 2 3 6 7 6 3 3 6 5 7 3 5 5 4 2 8 3 2 6 3 4 7 3 7 4 6 7 3 6 4 6 4 3 4 4 
7 0 0 7 7 6 5 8 5 5 6 3 7 8 6 6 6 2 4 3 6 7 5 4 2 4 6 4 4 4 4 2 4 6 5 5 4 4 6 8 7 3 4 2 5 4 3 6 7 4 6 7 5 1 6 8 7 4 6 5 6 5 6 7 6 7 4 7 5 3 8 2 5 5 2 8 5 6 6 6 4 5 5 6 7 5 2 4 7 7 8 6 6 3 5 5 8 7 5 8 6 6 3 6 2 3 5 3 3 6 3 6 1 4 6 6 3 4 6 4 3 5 3 4 2 3 7 3 3 5 4 2 4 6 3 
7 0 0 7 7 6 5 8 5 5 6 3 7 8 6 6 6 2 4 3 6 7 5 4 2 4 6 4 4 4 4 2 4 6 5 5 4 4 6 8 7 3 4 2 5 4 3 6 7 4 6 7 5 1 6 8 7 4 6 5 6 5 6 7 6 7 4 7 5 3 8 2 5 5 2 8 5 6 6 6 4 5 5 6 7 5 2 4 7 7 8 6 6 3 5 5 8 7 5 8 6 6 3 6 2 3 5 3 3 6 3 6 1 4 6 6 3 4 6 4 3 5 3 4 2 3 7 3 3 5 4 2 4 6 3 
0 7 7 0 0 8 1 6 3 2 8 4 4 5 4 3 7 6 3 6 1 7 1 3 4 5 7 5 4 5 3 6 5 2 4 2 4 6 8 5 7 3 5 6 3 6 3 5 9 2 3 5 1 6 3 7 4 6 4 3 8 2 4 5 8 7 3 7 5 3 7 6 2 3 5 7 2 7 2 3 4 2 7 8 4 2 5 3 8 7 6 8 7 6 2 7 6 8 2 6 2 3 6 7 6 3 3 6 5 7 3 5 5 4 2 8 3 2 6 3 4 7 3 7 4 6 7 3 6 4 6 4 3 4 4 
0 7 7 0 0 8 1 6 3 2 8 4 4 5 4 3 7 6 3 6 1 7 1 3 4 5 7 5 4 5 3 6 5 2 4 2 4 6 8 5 7 3 5 6 3 6 3 5 9 2 3 5 1 6 3 7 4 6 4 3 8 2 4 5 8 7 3 7 5 3 7 6 2 3 5 7 2 7 2 3 4 2 7 8 4 2 5 3 8 7 6 8 7 6 2 7 6 8 2 6 2 3 6 7 6 3 3 6 5 7 3 5 5 4 2 8 3 2 6 3 4 7 3 7 4 6 7 3 6 4 6 4 3 4 4 
8 6 6 8 8 0 7 4 5 6 0 4 5 4 4 6 1 4 5 3 7 2 6 6 6 3 1 3 4 3 5 4 3 6 4 6 4 2 0 5 2 6 3 4 5 2 6 3 0 6 5 4 7 5 5 3 5 2 4 5 0 7 4 4 0 2 5 2 3 6 4 4 6 5 4 3 6 1 6 5 4 6 1 0 5 6 4 6 0 2 4 0 1 3 6 1 3 0 5 4 6 5 3 1 4 6 5 3 3 2 6 3 5 4 6 0 6 7 2 5 5 1 6 2 6 2 1 5 3 4 2 6 5 4 5 
1 5 5 1 1 7 0 5 2 0 7 3 3 5 3 2 6 4 2 4 0 6 1 1 2 3 5 4 3 3 2 4 4 2 3 1 3 5 7 5 6 1 3 4 2 4 1 4 7 0 2 4 0 4 2 6 4 5 3 2 7 0 3 4 7 6 2 6 3 1 6 4 1 2 3 6 0 6 1 2 2 1 6 6 4 1 3 1 7 6 5 6 6 4 1 6 6 7 1 5 1 2 5 6 4 1 2 5 4 6 1 4 3 2 2 6 1 0 5 1 2 5 2 5 2 5 6 1 4 3 5 2 2 3 2 
6 8 8 6 6 4 5 0 3 5 4 5 1 0 2 3 2 5 4 5 5 2 4 6 6 3 2 4 4 3 4 6 4 4 3 4 3 4 5 0 2 6 3 6 3 3 5 2 4 5 3 1 5 7 3 1 1 4 2 4 4 5 1 1 4 2 4 2 3 6 0 6 4 3 5 1 5 3 4 3 4 4 5 4 1 4 5 5 4 2 0 4 3 4 4 4 0 3 4 0 4 3 5 3 5 6 3 5 4 2 5 1 6 4 3 4 6 6 2 5 5 4 6 5 6 5 2 5 5 3 4 6 4 2 5 
3 5 5 3 3 5 2 3 0 1 4 2 1 2 0 1 3 3 0 2 2 4 1 2 3 1 3 2 1 1 1 3 2 1 1 1 1 3 5 3 3 2 1 3 0 2 2 1 5 2 1 2 2 4 1 3 2 3 1 0 4 2 1 2 4 3 1 3 1 2 4 3 1 0 2 3 1 3 1 1 1 1 4 4 2 1 2 1 5 4 3 4 3 2 1 3 3 4 0 3 1 0 3 4 3 2 0 3 2 3 2 2 3 1 1 4 2 2 3 1 2 3 2 4 3 3 4 1 3 0 3 3 0 1 2 
2 5 5 2 2 6 0 5 1 0 6 2 3 4 2 2 5 3 1 3 1 6 0 1 2 2 5 3 2 2 1 4 3 1 2 0 2 4 6 4 5 1 2 3 1 4 1 3 6 0 1 4 0 3 2 5 3 4 3 1 6 0 3 4 6 5 1 5 3 1 5 4 0 1 2 5 0 5 1 1 1 0 5 6 3 0 2 0 6 5 5 6 5 3 0 5 5 6 1 5 1 1 4 5 4 1 1 4 3 5 1 3 3 2 1 6 1 0 5 0 1 4 1 5 2 4 5 1 3 2 4 2 1 3 1 
8 6 6 8 8 0 7 4 4 6 0 4 5 4 4 5 1 4 5 3 7 1 6 6 6 3 1 3 4 3 5 4 3 6 3 6 4 2 0 5 2 6 3 4 5 2 6 3 0 6 5 4 7 5 5 3 5 2 4 5 0 7 4 4 0 2 5 2 3 6 4 4 6 5 4 3 6 1 6 5 4 6 1 0 5 6 4 6 0 2 3 0 1 3 6 1 3 0 5 4 6 5 3 1 4 6 5 3 3 2 6 3 6 4 6 0 6 7 2 5 5 1 6 2 6 2 1 5 3 4 2 6 5 4 5 
4 3 3 4 4 4 3 5 2 2 4 0 4 4 3 3 4 1 1 1 3 5 3 2 1 1 3 1 1 1 1 1 1 3 1 2 1 2 4 5 4 1 1 1 2 2 1 3 5 2 3 4 3 1 3 5 4 2 3 2 4 2 3 4 4 4 1 4 1 1 5 1 3 2 0 5 2 3 3 3 0 2 3 4 4 2 0 1 5 5 5 4 3 1 3 3 5 4 2 5 3 2 2 4 1 1 2 2 1 4 1 3 1 1 3 4 1 2 3 1 0 3 1 2 1 2 4 1 1 2 2 1 1 3 1 
4 7 7 4 4 5 3 1 1 3 5 4 0 1 1 1 3 4 2 4 3 3 2 4 5 2 3 3 2 2 3 5 3 2 2 2 2 4 5 1 3 4 2 5 2 3 4 1 5 3 1 1 3 5 1 2 0 4 0 2 4 3 0 1 4 3 3 3 2 4 2 5 2 1 4 2 3 3 2 1 3 2 5 4 0 2 4 3 5 3 2 4 3 4 2 4 2 4 2 2 2 1 5 4 5 4 1 4 3 3 4 1 5 2 1 5 4 4 3 3 4 4 4 5 5 4 3 3 4 1 4 5 2 1 4 
5 8 8 5 5 4 5 0 2 4 4 4 1 0 1 2 2 5 3 5 4 3 3 5 5 3 3 3 3 3 4 6 3 3 2 3 3 4 5 0 2 5 3 6 3 3 5 1 5 4 2 0 5 6 2 2 0 4 1 3 4 4 1 0 4 2 4 2 3 5 1 5 3 2 5 2 4 3 3 2 3 3 5 4 0 3 5 4 4 2 1 4 3 4 3 4 1 4 3 0 3 2 5 3 5 5 3 5 4 2 5 1 6 3 2 4 5 5 2 4 4 4 5 5 6 4 3 4 5 2 4 6 3 1 5 
4 6 6 4 4 4 3 2 0 2 4 3 1 1 0 1 3 3 1 3 2 3 2 3 4 1 3 2 1 1 2 4 2 1 1 2 1 3 5 2 3 3 1 4 1 2 3 1 5 3 1 1 3 4 1 3 1 3 0 1 4 2 0 1 4 3 2 2 1 3 3 4 2 1 3 3 2 3 2 1 2 1 4 4 1 1 3 2 4 3 2 4 3 3 2 3 2 4 1 2 2 0 4 3 4 3 1 4 3 2 3 1 4 1 1 4 3 3 2 2 3 3 3 4 4 3 3 2 3 0 3 4 1 0 3 
3 6 6 3 3 6 2 3 1 2 5 3 1 2 1 0 4 4 2 4 2 4 1 3 4 3 4 3 2 2 2 5 3 0 2 1 2 4 6 2 4 3 2 5 1 3 3 2 6 2 0 2 2 5 0 4 1 4 1 1 5 2 1 2 5 4 2 3 2 3 3 5 1 1 4 4 2 4 1 0 2 1 5 5 1 1 4 2 6 4 3 5 4 4 1 5 3 5 1 3 1 0 5 4 5 3 1 5 4 4 3 2 5 2 0 5 3 3 4 2 3 4 3 5 4 4 4 3 4 1 4 4 2 1 3 
7 6 6 7 7 1 6 2 3 5 1 4 3 2 3 4 0 3 3 3 5 0 5 5 5 2 0 2 3 2 4 4 2 5 2 5 3 2 2 3 0 5 2 4 3 2 5 1 2 5 4 2 6 5 4 1 3 2 2 4 1 5 2 2 1 0 4 0 2 5 2 4 5 3 4 1 5 0 5 4 3 4 2 1 3 4 4 5 1 1 2 1 0 3 5 1 2 1 4 2 5 3 3 0 4 5 3 3 2 0 5 1 5 3 4 1 5 6 0 4 4 1 5 2 5 3 0 4 3 2 2 5 3 2 5 
6 2 2 6 6 4 4 5 3 3 4 1 4 5 3 4 3 0 2 0 4 4 4 3 2 1 3 1 2 2 2 0 1 4 2 4 2 1 3 5 4 2 2 0 3 1 2 3 4 3 4 4 4 1 4 5 5 1 4 3 4 4 4 4 4 4 2 4 2 2 6 0 4 3 0 5 4 3 4 4 2 4 2 3 5 3 0 3 4 5 5 3 3 0 4 2 5 4 3 5 4 3 0 3 0 2 3 0 1 4 2 4 1 2 4 3 2 4 3 2 2 2 2 1 2 1 4 2 0 2 1 2 2 3 2 
3 4 4 3 3 5 2 4 0 1 5 1 2 3 1 2 3 2 0 2 2 4 1 1 2 1 3 2 1 1 0 3 2 2 1 1 0 3 5 3 3 1 1 3 0 2 1 2 5 1 1 3 2 3 1 4 2 3 2 0 5 1 2 3 4 4 0 4 1 1 4 3 1 0 2 4 1 3 2 1 0 1 4 4 2 1 2 1 5 4 4 4 3 2 1 4 4 5 0 4 1 1 3 4 3 1 0 3 2 3 1 2 2 0 1 4 1 2 3 0 1 3 1 4 2 3 4 1 2 1 3 2 0 2 1 
6 3 3 6 6 3 4 5 2 3 3 1 4 5 3 4 3 0 2 0 4 4 4 3 2 1 3 1 1 1 2 1 1 4 2 4 1 1 3 5 3 2 1 1 3 1 2 3 4 3 4 4 4 1 4 4 4 1 3 3 3 4 3 4 3 4 2 4 1 2 5 0 4 3 1 4 4 3 4 3 1 3 2 3 4 3 0 2 4 4 4 3 3 0 4 2 5 4 3 5 4 3 0 3 0 2 3 0 0 3 2 3 2 1 4 3 2 4 3 2 1 2 2 1 2 0 4 2 0 2 1 2 2 3 2 
1 6 6 1 1 7 0 5 2 1 7 3 3 4 2 2 5 4 2 4 0 6 0 2 3 3 5 4 3 3 2 5 4 1 3 0 3 5 7 4 5 2 3 4 2 4 2 3 7 1 1 4 1 4 1 5 3 5 3 1 7 0 3 4 6 5 2 5 3 2 5 5 0 1 3 5 0 5 0 1 2 1 6 6 3 1 4 1 7 6 5 6 5 4 0 6 5 7 1 5 0 1 5 6 5 2 1 5 4 5 2 4 4 2 1 6 2 1 5 1 2 5 2 6 3 5 6 2 4 2 5 3 2 3 2 
7 7 7 7 7 2 6 2 4 6 1 5 3 3 3 4 0 4 4 4 6 0 6 6 6 3 1 3 4 3 5 5 3 5 3 6 4 3 2 3 0 6 3 5 4 2 6 2 2 6 4 2 6 6 4 1 3 3 3 4 1 6 3 2 1 0 5 0 3 6 2 5 5 4 5 1 6 1 5 4 4 5 3 2 4 5 5 6 1 0 2 1 1 3 6 2 1 1 5 2 5 4 4 1 4 6 4 4 3 0 6 2 6 4 5 2 6 6 1 5 5 2 6 3 6 3 0 5 4 3 3 6 4 3 6 
1 5 5 1 1 6 1 4 1 0 6 3 2 3 2 1 5 4 1 4 0 6 0 1 3 3 5 3 2 3 1 4 3 0 2 0 2 4 6 4 5 2 3 4 1 4 2 3 7 1 1 3 1 4 1 5 3 4 2 1 6 0 2 3 6 5 1 5 3 2 5 4 0 1 3 5 0 5 0 1 2 0 5 6 3 0 3 1 6 5 4 6 5 4 0 5 5 6 0 4 0 1 5 5 4 2 1 4 4 5 2 3 3 2 0 6 2 1 5 1 2 5 2 5 3 4 5 2 4 2 4 3 1 3 2 
3 4 4 3 3 6 1 6 2 1 6 2 4 5 3 3 5 3 1 3 2 6 1 0 1 3 5 3 2 3 1 3 3 2 3 1 2 4 6 5 5 0 3 3 2 4 0 4 7 0 2 4 1 3 3 6 4 4 3 2 6 1 4 5 6 6 1 5 3 0 6 3 2 2 2 6 1 5 2 2 2 1 5 6 4 1 2 0 7 6 5 6 5 3 1 5 6 6 2 6 2 2 4 6 3 0 2 4 3 5 0 4 2 2 2 6 0 0 5 1 1 5 0 5 1 4 6 0 3 3 4 1 1 3 1 
4 2 2 4 4 6 2 6 3 2 6 1 5 5 4 4 5 2 2 2 3 6 3 1 0 2 5 3 2 3 1 2 3 4 3 3 2 3 5 6 5 0 3 1 3 3 0 4 6 1 4 5 2 1 4 6 5 3 4 2 6 2 4 5 6 6 1 5 3 0 7 2 3 3 1 6 2 5 3 3 2 3 4 5 5 3 1 1 6 6 6 5 5 2 3 4 6 6 3 6 3 3 3 5 2 0 3 3 2 5 0 4 0 2 3 5 0 2 5 1 1 4 0 4 0 3 6 1 2 3 3 0 2 4 0 
5 4 4 5 5 3 3 3 1 2 3 1 2 3 1 3 2 1 1 1 3 3 3 3 2 0 2 0 0 0 1 2 0 3 0 3 0 1 3 3 2 2 0 2 1 1 2 1 4 3 2 2 3 3 2 3 3 1 2 1 3 3 2 2 3 3 1 3 0 2 4 2 3 2 1 3 3 2 3 2 1 2 2 3 3 2 1 2 3 3 3 3 2 1 3 2 3 3 2 3 3 2 2 2 2 2 1 2 1 2 2 2 3 0 2 3 2 3 2 2 1 2 2 2 3 1 3 2 1 1 1 3 1 1 2 
7 6 6 7 7 1 5 2 3 5 1 3 3 3 3 4 0 3 3 3 5 1 5 5 5 2 0 1 2 2 4 4 2 5 2 5 2 2 2 3 0 5 2 4 3 1 5 1 2 5 4 2 5 5 4 1 3 2 2 3 1 5 2 2 1 1 4 1 2 5 2 3 5 3 4 1 5 0 5 4 3 4 2 1 3 4 3 4 1 1 2 1 0 2 5 1 2 1 4 2 5 3 3 0 3 5 3 3 2 0 4 2 5 3 4 1 5 5 0 4 4 1 5 2 5 2 0 4 3 2 1 5 3 2 4 
5 4 4 5 5 3 4 4 2 3 3 1 3 3 2 3 2 1 2 1 4 3 3 3 3 0 1 0 1 0 2 2 0 4 1 3 1 0 2 4 2 3 0 2 2 0 3 1 3 3 3 3 4 3 3 3 3 0 2 2 2 4 2 3 2 2 2 2 0 3 4 2 3 2 2 3 3 2 4 3 1 3 2 2 3 3 1 3 3 3 3 2 2 0 3 1 3 3 3 3 4 2 1 2 1 3 2 1 0 2 3 2 3 1 3 2 3 4 2 2 2 1 3 1 3 1 2 2 1 1 0 3 2 2 2 
4 4 4 4 4 4 3 4 1 2 4 1 2 3 1 2 3 2 1 1 3 4 2 2 2 0 2 1 0 0 1 2 1 2 0 2 0 2 4 3 3 2 0 2 1 1 2 1 4 2 2 3 3 3 2 4 3 2 2 1 4 2 2 2 3 3 1 3 0 2 4 2 2 1 1 4 2 3 2 2 0 2 3 3 3 2 1 1 4 4 3 3 3 1 2 3 4 4 1 3 2 1 2 3 2 2 1 2 1 3 2 2 2 0 2 3 2 3 2 1 1 2 2 2 2 2 3 1 1 0 2 2 0 1 1 
5 4 4 5 5 3 3 3 1 2 3 1 2 3 1 2 2 2 1 1 3 3 3 3 3 0 2 0 0 0 1 2 1 3 0 2 0 1 3 3 2 3 0 2 1 1 2 1 4 3 2 2 3 3 2 3 2 1 1 1 3 3 1 2 3 3 1 2 0 3 4 2 3 1 2 3 3 2 3 2 1 2 2 3 3 2 1 2 3 3 3 3 2 1 2 2 3 3 2 3 3 1 2 2 2 3 1 2 1 2 2 1 3 0 2 3 3 3 2 2 2 2 2 2 3 2 3 2 1 0 1 3 1 1 2 
3 4 4 3 3 5 2 4 1 1 5 1 3 4 2 2 4 2 0 2 2 5 1 1 1 1 4 2 1 1 0 2 2 2 1 1 1 3 5 4 4 1 1 2 1 2 1 2 5 1 2 3 2 2 2 5 3 3 2 1 5 1 2 3 5 4 0 4 1 1 5 2 2 1 1 5 1 4 2 2 0 1 4 4 3 1 1 0 5 5 4 4 4 2 1 4 5 5 1 4 2 1 3 4 2 1 1 3 2 4 0 3 2 0 2 4 1 1 4 0 0 3 1 3 2 3 4 0 2 1 3 2 0 2 0 
6 2 2 6 6 4 4 6 3 4 4 1 5 6 4 5 4 0 3 1 5 5 4 3 2 2 4 2 2 2 2 0 2 5 3 4 2 2 4 6 4 2 2 0 3 2 2 4 5 3 4 5 4 0 5 6 5 2 4 3 4 4 4 5 4 5 2 5 3 2 6 0 4 4 1 6 4 4 5 4 2 4 3 4 5 4 1 3 5 5 6 4 4 1 4 3 6 5 4 6 5 4 1 4 0 2 3 1 1 4 2 4 1 2 4 4 2 4 4 3 2 3 2 2 2 1 5 2 1 3 2 2 3 4 2 
5 4 4 5 5 3 4 4 2 3 3 1 3 3 2 3 2 1 2 1 4 3 3 3 3 0 2 0 1 1 2 2 0 4 1 3 1 0 2 4 2 3 0 2 2 0 3 2 3 3 3 3 4 2 3 3 3 0 2 2 3 3 2 3 2 3 2 3 0 3 4 2 3 2 1 3 3 2 4 3 1 3 2 2 4 3 1 3 3 3 3 2 2 0 3 1 4 3 3 4 3 2 1 2 1 3 2 1 0 2 2 2 3 1 3 2 3 4 2 2 2 1 3 1 3 1 3 2 1 1 0 3 2 2 2 
2 6 6 2 2 6 2 4 1 1 6 3 2 3 1 0 5 4 2 4 1 5 0 2 4 3 5 4 2 3 2 5 4 0 2 1 2 5 6 3 4 3 3 5 1 4 3 3 7 2 0 3 2 5 0 4 2 5 2 1 6 1 2 3 6 5 2 4 3 3 4 5 0 1 4 4 1 5 0 0 2 0 6 6 2 1 4 2 6 5 4 6 5 4 1 5 4 6 1 4 0 1 5 5 5 3 1 5 4 4 3 3 4 2 0 6 3 2 4 2 3 5 3 5 4 5 5 2 4 2 4 4 2 2 3 
4 5 5 4 4 4 3 3 1 2 3 1 2 2 1 2 2 2 1 2 3 3 2 3 3 0 2 1 0 0 1 3 1 2 0 2 0 2 4 3 2 3 0 3 1 1 2 1 4 2 2 2 3 3 2 3 2 2 1 1 3 3 1 2 3 3 1 2 0 2 3 3 2 1 2 3 2 2 2 2 1 2 3 3 2 2 2 2 4 3 3 3 2 1 2 2 3 3 1 3 2 1 2 3 2 2 1 2 1 2 2 1 3 0 2 3 3 3 2 2 2 2 2 3 3 2 3 2 2 0 2 3 1 1 2 
2 5 5 2 2 6 1 4 1 0 6 2 2 3 2 1 5 4 1 4 0 6 0 1 3 3 5 3 2 2 1 4 3 1 2 0 2 4 6 4 5 2 2 4 1 4 2 3 7 1 1 3 1 4 1 5 3 4 2 1 6 0 2 3 6 5 1 5 3 2 5 4 0 1 3 5 0 5 0 1 2 0 5 6 3 0 3 1 6 5 4 6 5 4 0 5 5 6 0 4 0 1 4 5 4 2 1 4 3 5 2 3 3 2 0 6 2 1 4 1 2 5 2 5 3 4 5 1 4 2 4 3 1 2 2 
4 4 4 4 4 4 3 3 1 2 4 1 2 3 1 2 3 2 0 1 3 4 2 2 2 0 2 1 0 0 1 2 1 2 0 2 0 2 4 3 3 2 0 2 1 1 2 1 4 2 2 2 3 3 2 3 2 2 2 1 4 2 2 2 4 3 1 3 0 2 4 2 2 1 1 3 2 2 2 2 0 2 3 3 3 2 1 1 4 3 3 3 3 1 2 3 3 4 1 3 2 1 2 3 2 2 1 2 1 3 2 2 2 0 2 3 2 3 2 1 1 2 2 3 3 2 3 1 2 0 2 3 0 1 2 
6 4 4 6 6 2 5 4 3 4 2 2 4 4 3 4 2 1 3 1 5 3 4 4 3 1 2 0 2 1 3 2 0 5 2 4 2 0 2 4 2 4 1 2 3 0 3 2 2 4 4 3 5 3 4 3 4 0 3 3 2 4 3 3 2 3 3 3 1 4 4 1 4 3 2 3 4 2 5 4 2 4 1 2 4 4 2 3 2 3 4 2 2 0 4 1 4 2 3 4 4 3 0 2 1 4 3 0 0 2 3 3 3 2 4 1 4 5 2 3 3 0 3 0 4 0 2 3 1 2 0 4 3 2 3 
8 6 6 8 8 0 7 5 5 6 0 4 5 5 5 6 2 3 5 3 7 2 6 6 5 3 2 2 4 3 5 4 2 6 4 6 4 2 0 5 2 6 3 4 5 2 6 3 1 6 6 4 7 5 6 3 5 2 4 5 1 6 4 4 1 3 5 3 3 6 5 3 6 5 4 4 6 2 6 6 4 6 1 0 5 6 4 6 1 3 4 1 1 3 6 1 4 1 5 4 6 5 2 1 3 6 5 2 3 2 5 4 5 4 6 0 6 7 2 5 5 1 5 1 6 2 2 5 3 4 2 6 5 4 5 
5 8 8 5 5 5 5 0 3 4 5 5 1 0 2 2 3 5 3 5 4 3 4 5 6 3 3 4 3 3 4 6 4 3 3 4 3 4 5 0 3 5 3 6 3 4 5 2 5 5 2 0 5 6 2 2 0 4 1 3 4 4 1 1 4 2 4 2 3 5 1 6 3 3 5 2 4 3 3 2 4 3 5 4 1 3 5 4 4 2 1 4 3 4 4 4 1 4 3 1 3 2 5 4 5 5 3 5 4 3 5 1 6 3 3 5 5 5 3 4 5 4 5 5 6 5 3 5 5 2 4 6 3 2 5 
7 7 7 7 7 2 6 2 3 5 2 4 3 2 3 4 0 4 3 3 5 0 5 5 5 2 0 2 3 2 4 4 2 4 2 5 3 2 2 3 0 5 2 4 3 2 5 1 2 5 4 2 6 5 4 1 3 2 2 4 1 5 2 1 1 0 4 0 2 5 2 4 5 3 4 1 5 0 5 4 3 4 2 1 3 4 4 5 1 0 1 1 0 3 5 2 1 1 4 2 5 3 3 1 4 5 3 3 3 0 5 1 5 3 4 2 5 6 0 4 4 1 5 3 6 3 0 4 3 2 2 6 3 2 5 
3 3 3 3 3 6 1 6 2 1 6 1 4 5 3 3 5 2 1 2 2 6 2 0 0 2 5 3 2 3 1 2 3 3 3 2 2 4 6 5 5 0 2 2 2 3 0 4 6 1 3 5 1 2 3 6 4 4 4 2 6 1 4 5 6 6 1 5 3 0 6 3 2 2 1 6 2 5 3 3 1 2 5 6 4 2 2 0 6 6 6 6 5 3 2 5 6 6 2 6 2 3 3 5 3 0 2 3 3 5 0 4 1 2 2 5 0 1 5 1 1 4 0 4 0 3 6 0 3 3 4 1 1 4 0 
5 4 4 5 5 3 3 3 1 2 3 1 2 3 1 2 2 2 1 1 3 3 3 3 3 0 2 0 0 0 1 2 0 3 0 2 0 1 3 3 2 2 0 2 1 1 2 1 4 3 2 2 3 3 2 3 2 1 2 1 3 3 2 2 3 3 1 2 0 2 4 2 3 1 2 3 3 2 3 2 1 2 2 3 3 2 1 2 3 3 3 3 2 1 2 2 3 3 2 3 3 1 2 2 2 2 1 2 1 2 2 2 3 0 2 3 2 3 2 2 2 2 2 2 3 2 3 2 1 0 1 3 1 1 2 
6 2 2 6 6 4 4 6 3 3 4 1 5 6 4 5 4 0 3 1 4 5 4 3 1 2 4 2 2 2 2 0 2 5 3 4 2 2 4 6 4 2 2 0 3 2 2 4 5 3 4 5 4 0 4 6 5 2 4 3 5 4 4 5 4 5 2 5 2 2 6 0 4 4 0 6 4 4 5 4 2 4 3 4 5 4 0 2 5 5 6 4 4 1 4 3 6 5 3 6 4 4 1 4 0 2 3 1 1 4 2 4 1 2 4 4 2 3 4 2 1 3 2 2 2 2 5 2 1 3 2 1 2 4 2 
3 5 5 3 3 5 2 3 0 1 5 2 2 3 1 1 3 3 0 3 2 4 1 2 3 1 3 2 1 1 1 3 2 1 1 1 1 3 5 3 3 2 1 3 0 2 2 2 5 2 1 2 2 3 1 4 2 3 1 0 5 1 1 2 4 3 1 3 1 2 4 3 1 0 2 4 1 3 1 0 1 0 4 4 2 0 2 1 5 4 3 4 3 2 1 4 4 5 0 3 1 0 3 4 3 2 0 3 2 3 2 2 3 1 1 4 2 2 3 1 2 3 2 4 3 3 4 1 3 0 3 3 0 1 2 
6 4 4 6 6 2 4 3 2 4 2 2 3 3 2 3 2 1 2 1 4 2 4 4 3 1 1 0 1 1 2 2 0 4 1 4 1 0 2 4 2 3 1 2 2 0 3 1 3 4 3 3 4 3 3 3 3 0 2 3 2 4 2 3 2 2 2 2 1 3 4 2 4 3 2 3 4 1 4 3 2 3 1 2 3 3 2 3 2 3 3 2 1 1 4 1 3 2 3 3 4 3 1 1 2 3 3 1 0 2 3 2 3 1 3 2 3 4 1 3 2 0 3 1 4 1 2 3 1 2 0 4 2 2 3 
3 3 3 3 3 6 1 5 2 1 6 1 4 5 3 3 5 2 1 2 2 6 2 0 0 2 5 3 2 2 1 2 3 3 2 2 2 3 6 5 5 0 2 2 2 3 0 3 6 0 3 4 1 2 3 6 4 3 3 2 6 1 4 4 6 5 1 5 3 0 6 3 2 2 1 6 1 5 3 2 1 2 5 5 4 2 1 0 6 6 5 5 5 3 2 4 6 6 2 5 2 2 3 5 3 0 2 3 2 5 0 4 1 1 2 5 0 1 5 1 0 4 0 4 1 3 6 0 2 2 3 1 1 3 0 
5 6 6 5 5 3 4 2 1 3 3 3 1 1 1 2 1 3 2 3 3 2 3 4 4 1 1 1 1 1 2 4 2 3 1 3 1 2 3 2 1 4 1 4 2 1 3 0 3 3 2 1 4 4 2 2 1 2 1 2 3 3 1 1 3 1 2 1 1 4 2 4 3 2 3 2 3 1 3 2 2 2 3 3 2 2 3 3 3 2 1 2 2 2 3 2 2 3 2 2 3 1 3 2 3 4 2 3 2 1 3 0 4 2 2 3 4 4 1 3 3 2 4 3 4 3 2 3 3 1 2 4 2 0 3 
9 7 7 9 9 0 7 4 5 6 0 5 5 5 5 6 2 4 5 4 7 2 7 7 6 4 2 3 4 4 5 5 3 7 4 7 4 2 1 5 2 6 4 5 5 3 6 3 0 7 6 4 7 6 6 3 5 2 4 5 0 7 4 4 0 2 5 2 3 6 4 4 7 5 5 3 7 1 7 6 5 6 2 0 5 6 5 6 0 2 4 0 1 3 7 1 3 0 6 4 7 5 3 1 4 6 5 3 3 2 6 4 6 4 6 1 6 7 2 6 5 2 6 2 7 3 1 6 4 4 2 6 5 4 6 
2 4 4 2 2 6 0 5 2 0 6 2 3 4 3 2 5 3 1 3 1 6 1 0 1 3 5 3 2 3 1 3 3 2 2 1 2 4 6 5 5 1 3 3 2 4 0 3 7 0 2 4 0 3 2 6 4 4 3 1 6 0 3 4 6 5 1 5 3 0 6 4 1 2 2 6 1 5 2 2 1 1 5 6 4 1 2 0 6 6 5 6 5 3 1 5 6 6 1 5 1 2 4 5 3 0 1 4 3 5 1 4 2 2 2 6 1 0 5 0 1 5 1 5 1 4 6 1 3 2 4 2 1 3 1 
3 6 6 3 3 5 2 3 1 1 5 3 1 2 1 0 4 4 1 4 1 4 1 2 4 2 4 3 2 2 2 4 3 0 2 1 2 4 6 2 4 3 2 4 1 3 3 2 6 2 0 2 2 5 0 4 1 4 1 1 5 2 1 2 5 4 2 3 2 3 4 4 1 0 3 4 1 4 0 0 2 1 5 5 1 1 3 2 5 4 3 5 4 3 1 4 3 5 0 3 0 0 4 4 4 3 0 4 3 4 3 2 4 2 0 5 3 2 3 2 3 4 3 5 4 4 4 2 4 1 4 4 1 1 3 
5 7 7 5 5 4 4 1 2 4 4 4 1 0 1 2 2 4 3 4 4 2 3 4 5 2 2 3 3 2 3 5 3 3 2 3 2 3 4 0 2 5 2 5 2 3 4 1 4 4 2 0 4 6 2 1 0 3 1 2 4 4 0 0 3 2 3 1 2 5 1 5 3 2 4 1 3 2 3 2 3 3 4 4 1 3 4 4 4 2 1 3 2 3 3 3 1 3 3 1 3 2 4 3 4 5 2 4 3 2 4 0 5 3 2 4 5 5 2 3 4 3 5 4 5 4 2 4 4 2 3 5 3 1 4 
1 5 5 1 1 7 0 5 2 0 7 3 3 5 3 2 6 4 2 4 1 6 1 1 2 3 5 4 3 3 2 4 4 2 3 1 3 5 7 5 6 1 3 4 2 4 1 4 7 0 2 4 0 4 2 6 4 5 3 2 7 0 3 4 7 6 2 6 3 1 6 4 1 2 3 6 0 6 1 2 2 1 6 6 4 1 3 1 7 6 5 6 6 4 1 6 6 7 1 5 1 2 5 6 4 1 2 5 4 6 1 4 3 2 2 6 1 0 5 1 2 5 2 5 2 5 6 1 4 3 5 2 2 3 2 
6 1 1 6 6 5 4 7 4 3 5 1 5 6 4 5 5 1 3 1 4 6 4 3 1 3 5 3 3 3 2 0 2 5 3 4 3 3 5 6 5 2 3 0 3 3 2 4 6 3 5 6 4 0 5 6 6 3 5 3 5 4 5 5 5 6 2 5 3 2 7 1 4 4 1 6 4 5 5 4 2 4 3 5 6 4 1 2 5 6 6 5 5 2 4 4 6 5 4 6 5 4 2 5 1 2 4 2 2 5 2 5 0 2 4 4 2 3 5 3 2 4 2 3 1 2 6 2 1 3 3 1 3 4 2 
3 6 6 3 3 5 2 3 1 2 5 3 1 2 1 0 4 4 1 4 1 4 1 3 4 2 4 3 2 2 2 5 3 0 2 1 2 4 6 2 4 3 2 4 1 3 3 2 6 2 0 2 2 5 0 3 1 4 1 1 5 2 1 2 5 4 2 3 2 3 3 5 1 0 4 3 1 4 1 0 2 1 5 5 1 1 3 2 5 4 3 5 4 4 1 5 3 5 1 3 1 0 4 4 4 3 1 4 3 3 3 2 4 2 0 5 3 3 3 2 3 4 3 5 4 4 4 2 4 1 4 4 2 1 3 
7 8 8 7 7 3 6 1 3 5 3 5 2 2 3 4 1 5 4 4 5 1 5 6 6 3 1 3 4 3 5 6 3 4 3 5 3 3 3 2 1 6 3 6 4 3 6 2 3 6 4 1 6 6 3 0 2 3 2 4 2 6 2 1 2 0 5 0 3 6 1 5 5 4 5 0 5 1 5 4 4 4 4 3 3 4 5 5 3 0 0 2 2 4 5 3 0 2 4 1 5 3 4 2 5 6 4 4 4 1 5 1 6 4 4 3 6 6 1 5 5 3 6 4 6 4 1 5 4 3 3 7 4 2 5 
4 7 7 4 4 5 4 1 2 3 5 4 0 0 1 1 3 5 2 4 3 3 3 4 5 3 3 3 3 2 3 5 3 2 2 3 2 4 5 0 3 4 2 5 2 3 4 1 5 4 1 0 4 6 1 2 0 4 0 2 4 3 0 1 4 2 3 2 2 4 2 5 2 2 4 2 3 3 2 1 3 2 5 4 0 2 4 4 5 3 1 4 3 4 3 4 2 4 2 1 2 1 5 4 5 4 2 5 4 3 4 1 5 3 2 5 4 4 3 3 4 4 4 5 5 4 3 4 4 2 4 5 2 1 4 
6 4 4 6 6 2 5 4 3 4 2 2 4 4 3 4 2 1 3 1 5 3 4 4 3 1 2 0 2 1 3 2 0 5 2 4 2 0 2 4 2 4 1 2 3 0 3 2 2 4 4 3 5 3 4 3 4 0 3 3 2 4 3 3 2 3 3 3 1 4 4 1 4 3 2 3 4 2 5 4 2 4 1 2 4 4 2 3 2 3 4 2 2 0 4 1 4 2 3 4 4 3 0 2 1 4 3 0 0 2 3 3 3 2 4 1 4 5 2 3 3 0 3 0 4 0 2 3 1 2 0 4 3 2 3 
4 6 6 4 4 4 3 2 1 3 4 3 0 1 0 1 2 4 2 3 3 3 2 3 4 2 2 2 2 1 2 4 2 2 1 2 2 3 4 1 2 4 2 4 1 2 3 1 4 3 1 1 3 5 1 2 0 3 0 1 4 3 0 1 4 2 2 2 1 4 2 4 2 1 3 2 2 2 2 1 2 2 4 4 1 2 3 3 4 3 2 4 3 3 2 3 2 4 2 2 2 1 4 3 4 4 1 4 3 2 3 0 4 2 1 4 4 3 2 2 3 3 4 4 4 3 3 3 3 1 3 4 2 0 3 
3 5 5 3 3 5 2 4 0 1 5 2 2 3 1 1 4 3 0 3 1 4 1 2 2 1 3 2 1 1 1 3 2 1 1 1 1 3 5 3 4 2 1 3 0 3 2 2 5 1 1 2 2 3 1 4 2 3 1 0 5 1 2 3 5 4 1 4 2 2 4 3 1 0 2 4 1 3 1 1 1 0 4 5 2 0 2 1 5 4 3 4 4 2 1 4 4 5 0 3 1 0 3 4 3 2 0 3 2 3 1 2 3 1 0 5 2 2 3 1 1 3 2 4 3 3 4 1 3 1 3 3 0 1 2 
8 6 6 8 8 0 7 4 4 6 0 4 4 4 4 5 1 4 5 3 7 1 6 6 6 3 1 2 4 3 5 4 3 6 3 6 4 2 1 4 1 6 3 5 5 2 6 3 0 6 5 4 7 5 5 2 4 2 4 5 0 6 4 3 0 2 5 2 3 6 3 4 6 5 4 2 6 1 6 5 4 6 1 0 5 6 4 6 0 2 3 0 1 3 6 1 3 0 5 4 6 5 3 0 4 6 5 3 3 1 6 3 6 4 5 0 6 7 1 5 5 1 6 2 6 2 1 5 3 4 2 6 5 3 5 
2 5 5 2 2 7 0 5 2 0 7 2 3 4 2 2 5 4 1 4 0 6 0 1 2 3 5 4 2 3 1 4 3 1 3 0 2 4 6 4 5 1 3 4 1 4 1 3 7 0 2 4 0 4 2 6 3 4 3 1 6 0 3 4 6 5 1 5 3 1 6 4 1 1 3 6 0 5 1 2 2 1 6 6 3 1 3 1 7 6 5 6 5 4 0 5 5 6 1 5 1 2 4 6 4 1 1 4 3 5 1 4 3 2 1 6 1 0 5 1 2 5 1 5 2 4 6 1 4 2 4 2 1 3 1 
4 6 6 4 4 4 3 1 1 3 4 3 0 1 0 1 2 4 2 3 3 3 2 4 4 2 2 2 2 1 2 4 2 2 1 2 2 3 4 1 2 4 2 4 1 2 4 1 4 3 1 0 3 5 1 2 0 3 0 2 4 3 0 1 4 2 2 2 2 4 2 4 2 1 4 2 3 2 2 1 2 2 4 4 1 2 3 3 4 3 1 4 3 3 2 3 2 4 2 1 2 1 4 3 4 4 1 4 3 2 3 0 5 2 1 4 4 4 2 3 3 3 4 4 4 3 3 3 3 1 3 5 2 0 3 
5 7 7 5 5 4 4 1 2 4 4 4 1 0 1 2 2 4 3 4 4 2 3 5 5 2 2 3 2 2 3 5 3 3 2 3 2 3 4 1 1 5 2 5 2 3 4 1 4 4 2 0 4 5 2 1 1 3 1 3 3 4 1 0 3 1 3 1 2 5 1 5 3 2 4 1 4 2 3 2 3 3 4 3 1 3 4 4 3 2 0 3 2 3 3 3 1 3 3 0 3 2 4 2 4 5 2 4 3 1 4 0 5 3 3 4 5 5 1 4 4 3 5 4 5 4 2 4 4 2 3 5 3 1 4 
8 6 6 8 8 0 7 4 4 6 0 4 4 4 4 5 1 4 4 3 6 1 6 6 6 3 1 2 3 3 5 4 2 6 3 6 4 2 1 4 1 6 3 4 4 2 6 3 0 6 5 3 7 5 5 2 4 2 4 5 0 6 4 3 0 2 5 2 3 6 3 4 6 5 4 2 6 1 6 5 4 5 1 0 5 5 4 5 0 2 3 0 1 3 6 1 3 0 5 3 6 5 3 0 3 6 5 3 3 1 5 3 5 4 5 0 6 7 1 5 5 1 6 2 6 2 1 5 3 4 2 6 4 3 5 
7 7 7 7 7 2 6 2 3 5 2 4 3 2 3 4 0 4 4 4 5 0 5 6 6 3 1 2 3 3 4 5 3 5 3 5 3 3 3 2 0 6 3 5 3 2 5 1 2 5 4 2 6 6 4 0 2 3 2 4 2 5 2 1 2 0 4 0 2 6 1 5 5 4 5 0 5 1 5 4 4 4 3 2 3 4 4 5 2 0 1 2 1 3 5 2 1 1 4 1 5 3 4 1 4 6 4 4 3 0 5 1 6 3 4 2 6 6 0 5 5 2 5 3 6 3 0 5 4 3 3 6 4 2 5 
3 4 4 3 3 5 2 4 1 1 5 1 3 4 2 2 4 2 0 2 2 5 1 1 1 1 4 2 1 1 0 2 2 2 1 1 1 3 5 4 4 1 1 2 1 2 1 2 5 1 2 3 2 2 2 5 3 3 2 1 5 1 2 3 5 4 0 4 2 1 5 3 1 1 1 5 1 4 2 2 0 1 4 5 3 1 1 0 5 5 4 4 4 2 1 4 5 5 1 4 2 1 3 4 2 1 1 3 2 4 1 3 2 0 1 4 1 1 4 0 0 3 1 3 2 3 4 0 2 1 3 2 0 2 1 
7 7 7 7 7 2 6 2 3 5 2 4 3 2 2 3 0 4 4 4 5 0 5 5 5 3 1 2 3 2 4 5 3 4 2 5 3 3 3 2 0 5 2 5 3 2 5 1 2 5 3 1 6 5 3 0 2 3 2 4 2 5 2 1 2 0 4 0 2 5 1 4 5 3 4 0 5 1 4 4 4 4 3 2 3 4 4 5 2 0 1 2 1 3 5 2 1 1 4 1 4 3 4 1 4 5 3 3 3 0 5 1 6 3 4 2 5 6 0 4 4 2 5 3 6 3 0 5 4 2 2 6 3 2 5 
5 5 5 5 5 3 3 3 1 3 3 1 2 3 1 2 2 2 1 1 3 3 3 3 3 0 2 0 0 0 1 3 0 3 0 3 0 1 3 3 2 3 0 2 1 1 3 1 3 3 2 2 3 3 2 3 2 1 1 2 3 3 2 2 3 2 2 2 0 3 3 2 3 2 2 3 3 2 3 2 1 2 2 3 3 2 2 2 3 3 3 2 2 1 3 2 3 3 2 3 3 2 2 2 2 3 2 2 1 2 2 1 3 1 2 3 3 3 2 2 2 1 3 2 3 1 2 2 1 1 1 3 1 1 2 
3 3 3 3 3 6 1 6 2 1 6 1 4 5 3 3 5 2 1 2 2 6 2 0 0 2 5 3 2 3 1 2 3 3 2 2 2 4 6 5 5 0 2 2 2 3 0 4 6 0 3 5 1 2 3 6 4 4 4 2 6 1 4 5 6 6 1 5 3 0 6 3 2 2 1 6 1 5 3 3 1 2 5 6 4 2 2 0 6 6 5 6 5 3 2 5 6 6 2 6 2 2 3 5 3 0 2 3 3 5 0 4 1 2 2 5 0 1 5 1 1 4 0 4 1 3 6 0 3 2 4 1 1 3 0 
7 8 8 7 7 4 6 0 4 5 4 5 2 1 3 3 2 6 4 5 5 2 5 6 7 4 2 4 4 4 5 6 4 4 3 5 4 4 5 1 2 6 4 6 4 4 6 2 4 6 4 1 6 7 3 1 2 4 2 4 3 6 2 1 3 1 5 1 3 6 0 6 5 4 6 1 5 2 5 4 5 5 5 4 2 5 6 6 4 1 0 3 3 5 5 4 0 3 4 0 5 4 5 3 6 6 4 5 5 2 6 2 7 4 4 4 6 6 2 5 6 4 6 5 7 5 2 6 5 3 4 7 4 2 6 
6 2 2 6 6 4 4 6 3 4 4 1 5 5 4 5 4 0 3 0 5 5 4 3 2 2 3 2 2 2 2 0 2 5 3 4 2 1 3 6 4 3 2 0 3 2 3 4 4 4 4 5 4 1 5 5 5 1 4 3 4 4 4 5 4 5 3 4 2 3 6 0 5 4 1 5 4 4 5 4 2 4 2 3 5 4 1 3 4 5 5 3 3 1 4 2 6 4 4 6 5 4 0 4 0 3 4 1 1 4 3 4 2 2 4 3 3 4 4 3 2 2 3 1 2 1 4 3 0 3 2 2 3 4 2 
2 5 5 2 2 6 1 4 1 0 6 3 2 3 2 1 5 4 1 4 0 5 0 2 3 3 5 3 2 3 2 4 3 0 2 0 2 4 6 3 5 2 3 4 1 4 2 3 7 1 1 3 1 4 1 5 2 4 2 1 6 1 2 3 6 5 1 5 3 2 5 5 0 1 3 5 0 5 0 1 2 0 5 6 2 0 3 1 6 5 4 6 5 4 0 5 5 6 0 4 0 1 5 5 4 2 1 5 4 5 2 3 4 2 0 6 2 1 4 1 2 5 2 5 3 4 5 2 4 2 4 3 1 2 2 
3 5 5 3 3 5 2 3 0 1 5 2 1 2 1 1 3 3 0 3 1 4 1 2 3 2 3 2 1 1 1 4 2 1 1 1 1 3 5 3 3 2 1 4 0 3 2 2 5 2 0 2 2 4 0 4 2 3 1 0 5 1 1 2 5 4 1 3 2 2 4 4 1 0 3 4 1 3 1 0 1 0 4 5 2 0 3 1 5 4 3 4 4 3 1 4 4 5 0 3 1 0 4 4 3 2 0 4 3 3 2 2 3 1 0 5 2 2 3 1 2 4 2 4 3 3 4 2 3 1 3 3 1 1 2 
5 2 2 5 5 4 3 5 2 2 4 0 4 5 3 4 4 0 2 1 3 5 3 2 1 1 4 2 1 2 1 1 1 4 2 3 1 2 4 5 4 1 2 0 2 2 1 3 5 2 3 4 3 1 4 5 4 2 3 2 4 3 4 4 4 5 1 4 2 1 6 1 3 3 0 5 3 4 4 3 1 3 3 4 4 3 0 2 5 5 5 4 4 1 3 3 5 5 3 5 3 3 1 4 1 1 2 1 1 4 1 4 1 1 3 4 1 3 4 2 1 3 1 2 1 2 5 1 1 2 2 1 2 3 1 
7 8 8 7 7 3 6 1 3 5 3 5 2 2 3 4 1 5 4 4 5 1 5 6 6 3 1 3 4 3 5 6 3 4 3 5 3 3 4 2 1 6 3 6 4 3 6 2 3 6 4 1 6 6 3 0 2 3 2 4 2 6 2 1 2 0 5 0 3 6 1 5 5 4 5 0 5 1 5 4 4 4 4 3 2 4 5 5 3 0 0 2 2 4 5 3 0 2 4 1 5 3 4 2 5 6 4 4 4 1 6 1 6 4 4 3 6 6 1 5 5 3 6 4 6 4 1 5 4 3 3 7 4 2 5 
2 5 5 2 2 6 0 5 1 0 6 2 3 4 2 2 5 4 1 4 0 6 0 1 2 3 5 3 2 3 1 4 3 1 2 0 2 4 6 4 5 2 3 4 1 4 1 3 7 1 1 3 0 4 1 5 3 4 2 1 6 0 3 4 6 5 1 5 3 1 5 4 0 1 3 5 0 5 1 1 2 0 5 6 3 0 3 1 6 5 5 6 5 4 0 5 5 6 0 4 0 1 4 5 4 1 1 4 3 5 2 3 3 2 1 6 2 1 5 1 2 5 2 5 3 4 5 1 4 2 4 3 1 3 2 
7 6 6 7 7 1 6 3 3 5 1 3 3 3 3 4 0 3 3 3 5 1 5 5 5 2 0 2 3 2 4 4 2 5 2 5 2 2 2 3 0 5 2 4 3 1 5 1 1 5 4 2 6 5 4 1 3 2 2 3 1 5 2 2 1 1 4 1 2 5 2 4 5 3 4 1 5 0 5 4 3 4 2 1 3 4 3 4 1 1 2 1 0 2 5 1 2 1 4 2 5 3 3 0 3 5 3 3 2 0 5 2 5 3 4 1 5 6 0 4 4 1 5 2 5 2 0 4 3 2 1 5 3 2 4 
2 6 6 2 2 6 1 4 1 1 6 3 2 3 2 1 5 4 2 4 0 5 0 2 3 3 5 4 2 3 2 5 4 0 2 0 2 5 6 3 5 3 3 5 1 4 3 3 7 2 0 3 1 5 1 5 2 5 2 1 6 1 2 3 6 5 2 4 3 3 5 5 0 1 4 5 1 5 0 0 2 0 6 6 2 0 4 2 6 5 4 6 5 4 0 5 4 6 1 4 0 1 5 5 5 3 1 5 4 4 3 3 4 2 0 6 3 2 4 2 3 5 3 5 4 5 5 2 4 2 4 4 2 2 3 
3 6 6 3 3 5 2 3 1 1 5 3 1 2 1 0 4 4 1 3 1 4 1 2 3 2 4 3 2 2 2 4 3 0 2 1 2 4 6 2 4 3 2 4 0 3 2 2 6 2 0 2 2 4 0 4 1 4 1 1 5 2 1 2 5 4 2 4 2 3 4 4 1 0 3 4 1 4 0 0 2 0 5 5 1 0 3 2 5 4 3 5 4 3 1 4 3 5 0 3 0 0 4 4 4 3 0 4 3 4 2 2 4 2 0 5 3 2 3 1 2 4 3 5 4 4 4 2 4 1 4 4 1 1 2 
4 4 4 4 4 4 2 4 1 1 4 0 3 3 2 2 3 2 0 1 2 4 2 2 2 1 3 1 0 1 0 2 1 2 1 2 0 2 4 4 3 1 1 2 1 2 1 2 5 1 2 3 2 2 2 4 3 2 2 1 4 2 2 3 4 4 0 4 1 1 5 2 2 1 1 4 2 3 2 2 0 1 3 4 3 1 1 1 5 4 4 4 3 1 2 3 4 4 1 4 2 1 2 4 2 1 1 2 1 3 1 2 2 0 2 4 1 2 3 1 0 3 1 3 2 2 4 1 2 1 2 2 0 2 1 
2 5 5 2 2 6 1 4 1 0 6 2 2 3 1 1 4 4 1 3 1 5 0 1 3 2 4 3 2 2 1 4 3 0 2 0 2 4 6 3 4 2 2 4 0 3 2 2 6 1 1 3 1 4 1 4 2 4 2 0 6 1 2 3 5 4 1 4 2 2 5 4 0 0 3 4 0 4 0 0 1 0 5 5 2 0 3 1 6 5 4 5 4 3 0 5 4 5 0 4 0 1 4 5 4 2 0 4 3 4 2 3 3 2 0 5 2 1 4 1 2 4 2 5 3 4 5 1 3 1 4 3 1 2 2 
7 5 5 7 7 1 6 5 4 5 1 3 5 5 4 5 2 2 4 2 6 3 5 5 4 2 2 2 3 2 4 3 2 6 3 5 3 1 1 5 2 5 2 3 4 1 5 3 2 5 5 4 6 3 5 4 5 1 4 4 1 6 4 4 1 3 4 3 2 5 5 2 5 4 3 4 5 2 6 5 3 5 0 1 5 5 3 5 2 3 4 1 2 1 5 0 4 2 5 4 5 4 1 1 2 5 4 1 2 2 4 3 4 3 5 1 5 6 2 4 4 1 4 0 5 1 2 4 2 3 1 5 4 3 4 
8 6 6 8 8 0 6 4 4 6 0 4 4 4 4 5 1 3 4 3 6 2 6 6 5 3 1 2 3 3 4 4 2 6 3 6 3 2 0 4 1 6 3 4 4 2 5 3 0 6 5 4 6 5 5 3 4 2 4 5 0 6 4 3 0 2 5 2 3 6 4 3 6 5 4 3 6 1 6 5 4 5 1 0 5 5 4 5 0 2 3 0 1 2 6 0 3 0 5 4 6 5 2 0 3 6 4 2 2 1 5 3 5 4 5 0 6 6 1 5 5 1 5 1 6 2 1 5 3 3 2 6 4 3 5 
4 7 7 4 4 5 4 1 2 3 5 4 0 0 1 1 3 5 2 4 3 4 3 4 5 3 3 3 3 3 3 5 4 2 2 3 3 4 5 1 3 4 3 5 2 3 4 2 5 4 1 1 4 6 1 3 0 4 1 2 5 3 1 1 5 3 3 3 3 4 2 5 2 2 4 2 3 3 2 1 3 2 5 5 0 2 4 4 5 3 2 4 3 4 3 4 2 5 2 1 2 1 5 4 5 4 2 5 4 3 4 1 5 3 2 5 4 4 3 3 4 4 4 5 5 5 3 4 5 2 4 5 3 1 4 
2 5 5 2 2 6 1 4 1 0 6 2 2 3 1 1 4 3 1 3 1 5 0 1 3 2 4 3 2 2 1 4 3 1 2 0 2 4 6 3 4 2 2 4 0 3 2 2 6 1 1 3 1 4 1 4 2 4 2 0 6 1 2 3 5 4 1 4 2 2 5 4 0 0 3 4 0 4 0 0 1 0 5 5 2 0 3 1 6 5 4 5 4 3 0 5 4 5 0 4 0 1 4 5 4 2 0 4 3 4 2 3 3 1 0 5 2 1 4 1 2 4 2 5 3 4 5 1 3 1 4 3 1 2 2 
5 2 2 5 5 4 3 5 2 2 4 0 4 5 3 4 4 0 2 0 4 5 3 2 1 1 3 1 1 1 1 1 1 4 2 3 1 2 4 5 4 2 1 0 2 2 1 3 5 2 3 4 3 1 3 5 4 2 3 2 4 3 3 4 4 4 1 4 2 2 6 1 3 3 0 5 3 3 4 3 1 3 3 4 4 3 0 2 4 5 5 4 3 1 3 3 5 4 2 5 3 3 1 4 1 2 2 1 1 4 1 3 1 1 3 4 2 3 3 2 1 2 1 2 2 1 4 1 1 2 2 1 2 3 1 
3 4 4 3 3 6 1 5 1 0 6 1 3 4 2 2 5 3 1 2 1 6 1 0 1 2 4 3 1 2 0 3 3 2 2 1 1 3 6 4 5 0 2 2 1 3 0 3 6 0 2 4 1 2 2 5 4 3 3 1 6 1 3 4 5 5 0 5 2 0 6 3 1 1 2 5 1 4 2 2 1 1 5 5 4 1 2 0 6 5 5 5 5 3 1 4 5 6 1 5 2 2 3 5 3 0 1 3 2 5 0 3 2 1 2 5 0 1 4 0 0 4 0 4 1 3 5 0 3 2 3 1 1 3 0 
8 7 7 8 8 0 7 4 5 6 0 5 5 4 4 6 1 4 5 4 7 1 6 7 6 3 1 3 4 3 5 5 3 6 4 6 4 2 1 4 1 6 3 5 5 2 6 3 0 6 5 4 7 5 5 3 5 2 4 5 0 7 4 3 0 2 5 2 3 6 4 4 6 5 5 3 6 1 6 5 5 6 2 0 5 6 4 6 0 2 3 0 1 3 6 1 3 0 5 4 6 5 3 1 4 6 5 3 3 2 6 3 6 4 6 1 6 7 2 6 5 1 6 2 6 3 1 6 4 4 2 6 5 4 6 
7 7 7 7 7 2 6 2 4 5 2 5 3 2 3 4 1 5 4 4 6 0 5 6 6 3 1 3 4 3 5 5 3 5 3 5 3 3 3 2 0 6 3 5 4 3 6 2 2 6 4 2 6 6 4 0 3 3 3 4 2 6 3 2 2 0 5 0 3 6 1 5 5 4 5 0 5 1 5 4 4 5 3 2 3 5 5 5 2 0 1 2 1 4 5 2 1 1 5 2 5 4 4 1 5 6 4 4 4 0 6 2 6 4 5 2 6 6 1 5 5 2 6 3 6 4 0 5 4 3 3 6 4 2 6 
6 8 8 6 6 4 5 0 3 5 3 5 2 1 2 3 2 5 4 4 5 2 4 5 6 3 2 3 3 3 4 6 3 4 3 4 3 4 4 1 1 6 3 6 3 3 5 1 4 5 3 1 5 6 3 0 1 4 2 3 3 5 1 0 3 1 4 1 3 5 0 5 4 3 5 0 5 2 4 3 4 4 4 3 2 4 5 5 3 1 0 3 2 4 4 3 0 3 4 0 4 3 5 2 5 5 3 4 4 1 5 1 6 4 3 4 6 6 1 4 5 3 5 4 6 4 2 5 4 3 3 6 4 2 5 
8 6 6 8 8 0 6 4 4 6 0 4 4 4 4 5 1 3 4 3 6 1 6 6 5 3 1 2 3 3 4 4 2 6 3 6 3 2 1 4 1 6 3 4 4 2 5 2 0 6 5 3 6 5 5 2 4 2 4 4 0 6 4 3 0 2 4 2 2 6 3 3 6 4 4 2 6 1 6 5 4 5 1 0 4 5 4 5 0 2 3 0 0 2 6 1 3 0 5 3 6 4 2 0 3 6 4 2 2 1 5 3 5 4 5 0 5 6 1 5 5 1 5 2 6 2 1 5 3 3 2 6 4 3 5 
7 6 6 7 7 1 6 3 3 5 1 3 3 3 3 4 0 3 3 3 5 1 5 5 5 2 0 2 3 2 4 4 2 5 2 5 3 2 1 3 0 5 2 4 3 1 5 2 1 5 4 2 6 5 4 2 3 2 3 4 1 5 3 2 1 1 4 1 2 5 3 3 5 4 4 2 5 0 5 4 3 4 2 1 3 4 3 5 1 1 2 0 0 2 5 1 2 1 4 2 5 3 2 0 3 5 4 2 2 0 5 2 5 3 4 1 5 6 0 4 4 1 5 2 5 2 0 4 3 2 1 5 3 2 4 
6 3 3 6 6 3 4 4 2 3 3 1 4 4 3 4 3 0 2 0 4 3 4 3 2 1 2 0 1 1 2 1 0 4 1 4 1 0 3 4 3 3 1 1 2 1 3 2 3 3 3 3 4 2 4 4 4 0 3 2 3 4 3 3 3 3 2 3 1 3 5 1 4 3 1 4 4 2 4 3 1 3 1 2 4 3 1 3 3 4 4 2 2 0 4 2 4 3 3 4 4 3 0 2 1 3 3 0 0 3 2 3 2 1 3 2 3 4 2 2 2 1 2 1 3 0 3 2 0 2 0 3 2 2 2 
2 5 5 2 2 6 1 4 1 0 6 3 2 3 2 1 5 4 1 4 0 6 0 1 3 3 5 3 2 2 1 4 3 1 2 0 2 4 6 4 5 2 2 4 1 4 2 3 7 1 1 3 1 4 1 5 3 4 2 1 6 0 2 3 6 5 1 5 3 2 5 4 0 1 3 5 0 5 0 1 2 0 5 6 3 0 3 1 6 5 4 6 5 4 0 5 5 6 0 4 0 1 4 5 4 2 1 4 3 5 2 3 3 2 1 6 2 1 5 1 2 5 2 5 3 4 5 1 4 2 4 3 1 3 2 
7 5 5 7 7 1 6 4 3 5 1 3 4 4 3 5 1 2 4 2 6 2 5 5 4 2 1 1 3 2 4 3 1 5 2 5 3 1 1 4 2 5 2 3 4 1 4 2 1 5 4 3 6 4 5 3 4 1 3 4 1 5 3 3 1 2 4 2 2 5 4 2 5 4 3 3 5 1 5 4 3 5 0 0 4 5 3 4 1 2 3 1 1 2 5 0 3 1 4 4 5 4 1 1 2 5 4 1 2 2 4 3 4 3 5 0 5 6 1 4 4 0 4 1 5 1 2 4 2 3 1 5 3 3 4 
6 8 8 6 6 3 6 0 3 5 3 5 2 1 2 3 2 5 4 5 5 1 5 6 6 3 2 3 4 3 5 6 4 4 3 5 3 4 4 1 1 6 3 6 4 3 6 2 3 6 3 1 6 6 3 0 2 4 2 4 3 5 2 1 3 1 5 1 3 6 0 6 5 4 5 0 5 2 4 3 4 4 4 3 2 4 5 5 3 1 0 3 2 4 5 3 0 3 4 0 4 3 5 2 5 6 4 5 4 1 6 1 6 4 4 4 6 6 2 5 5 3 6 4 7 4 2 5 5 3 4 7 4 2 5 
8 7 7 8 8 0 7 3 4 6 0 4 4 4 4 5 1 4 5 4 7 1 6 6 6 3 1 3 4 3 5 5 3 6 3 6 4 2 1 4 1 6 3 5 5 2 6 3 0 6 5 3 7 5 5 2 4 2 4 5 0 6 4 3 0 1 5 1 3 6 3 4 6 5 5 2 6 1 6 5 4 5 2 0 5 5 4 6 0 1 3 0 1 3 6 1 3 0 5 3 6 5 3 0 4 6 5 3 3 1 6 3 6 4 5 1 6 7 1 5 5 1 6 2 6 3 1 5 3 4 2 6 4 3 5 
2 5 5 2 2 5 1 4 0 1 5 2 2 3 1 1 4 3 0 3 1 5 0 2 3 2 4 3 1 2 1 4 3 1 1 0 1 3 5 3 4 2 2 3 0 3 2 2 6 1 0 3 1 4 1 4 2 3 2 0 5 1 2 3 5 4 1 4 2 2 4 4 0 0 3 4 0 4 1 0 1 0 5 5 2 0 2 1 5 5 4 5 4 3 0 4 4 5 0 4 0 0 4 4 3 2 0 4 3 4 2 2 3 1 0 5 2 1 4 1 2 4 2 4 3 4 4 1 3 1 3 3 0 2 2 
6 8 8 6 6 4 5 0 3 5 4 5 2 0 2 3 2 5 4 5 5 2 4 6 6 3 2 3 3 3 4 6 4 4 3 4 3 4 4 1 2 6 3 6 3 3 5 2 4 5 3 1 5 6 3 1 1 4 2 3 4 5 1 0 3 1 4 1 3 6 0 6 4 3 5 1 4 2 4 3 4 4 4 4 1 4 5 5 4 2 0 3 2 4 4 4 0 3 4 0 4 3 5 3 5 6 3 5 4 2 5 1 6 4 3 4 6 6 2 4 5 3 6 5 6 4 2 5 5 3 4 6 4 2 5 
2 6 6 2 2 6 1 4 1 1 6 3 2 3 2 1 5 4 1 4 0 5 0 2 3 3 5 4 2 3 2 5 3 0 2 0 2 4 6 3 5 2 3 4 1 4 2 3 7 1 0 3 1 5 1 5 2 4 2 1 6 1 2 3 6 5 2 4 3 2 5 5 0 1 3 5 0 5 0 0 2 0 5 6 2 0 3 2 6 5 4 6 5 4 0 5 4 6 0 4 0 1 5 5 4 2 1 5 4 4 2 3 4 2 0 6 3 2 4 1 2 5 3 5 3 5 5 2 4 2 4 4 1 2 2 
3 6 6 3 3 5 2 3 0 1 5 2 1 2 0 0 3 3 1 3 1 4 1 2 3 2 3 2 1 1 1 4 2 1 1 1 1 3 5 2 3 3 1 4 0 3 2 1 5 2 0 2 2 4 0 3 1 3 1 0 5 2 1 2 5 3 1 3 2 2 4 4 1 0 3 3 1 3 1 0 1 1 4 5 1 1 3 2 5 4 3 4 3 3 1 4 3 5 0 3 1 0 4 4 4 2 0 4 3 3 2 2 4 1 0 5 3 2 3 1 2 3 3 4 3 4 4 2 3 1 3 4 1 1 2 
6 3 3 6 6 3 5 5 3 4 3 2 5 5 4 5 3 0 3 0 5 4 5 4 3 2 3 1 2 2 3 1 1 5 2 4 2 0 2 5 3 3 2 1 3 1 3 3 3 4 4 4 5 2 4 4 5 0 4 3 3 4 4 4 3 4 3 4 2 3 5 0 5 4 1 4 4 3 5 4 2 4 1 2 5 4 1 3 3 4 5 2 2 0 4 1 5 3 4 5 5 4 0 3 0 3 3 0 1 3 3 3 2 2 4 2 3 4 3 3 2 1 3 0 3 0 3 3 0 3 1 3 3 3 3 
7 6 6 7 7 1 6 3 4 5 1 4 4 3 3 4 0 3 4 3 6 1 5 6 5 2 0 2 3 2 4 4 2 5 3 5 3 2 1 4 1 5 2 4 4 1 5 2 1 5 4 3 6 5 4 2 4 2 3 4 0 6 3 2 0 1 4 1 2 5 3 4 5 4 4 2 5 0 5 4 4 5 1 0 4 5 4 5 1 1 2 0 0 2 5 1 2 0 4 3 5 4 3 0 3 5 4 3 2 1 5 2 5 3 5 1 5 6 0 5 4 1 5 2 6 2 0 5 3 3 2 6 4 3 5 
6 2 2 6 6 4 4 5 3 4 4 1 5 5 4 5 4 0 3 0 5 4 4 3 2 2 3 1 2 2 2 0 1 5 2 4 2 1 3 5 4 3 2 0 3 2 3 3 4 3 4 4 4 1 4 5 5 1 4 3 4 4 4 4 3 4 2 4 2 3 6 0 4 3 1 5 4 3 5 4 2 4 2 3 5 4 1 3 4 5 5 3 3 1 4 2 5 4 3 5 4 4 0 3 0 3 3 0 1 4 2 4 2 2 4 3 3 4 3 3 2 2 2 1 2 1 4 2 0 3 1 2 2 3 2 
3 3 3 3 3 6 1 6 2 1 6 1 4 5 3 3 5 2 1 2 2 6 2 0 0 2 5 3 2 3 1 2 3 3 2 2 2 4 6 5 5 0 2 2 2 3 0 4 6 0 3 5 1 2 3 6 4 4 4 2 6 1 4 5 6 6 1 5 3 0 6 3 2 2 1 6 1 5 3 3 1 2 5 6 4 2 2 0 6 6 5 6 5 3 2 5 6 6 2 6 2 2 3 5 3 0 2 3 3 5 0 4 1 2 2 5 0 1 5 1 1 4 0 4 1 3 6 0 3 2 4 1 1 3 0 
3 5 5 3 3 5 2 3 0 1 5 2 1 3 1 1 3 3 0 3 1 4 1 2 3 1 3 2 1 1 1 3 2 1 1 1 1 3 5 3 3 2 1 3 0 3 2 2 5 1 0 2 2 4 1 4 2 3 1 0 5 1 1 2 5 4 1 3 2 2 4 4 1 0 2 4 1 3 1 0 1 0 4 4 2 0 2 1 5 4 3 4 4 3 1 4 4 5 0 3 1 0 3 4 3 2 0 3 2 3 2 2 3 1 0 5 2 2 3 1 2 3 2 4 3 3 4 1 3 1 3 3 0 1 2 
6 3 3 6 6 3 5 5 3 4 3 2 4 5 4 5 3 0 3 0 5 4 4 4 3 2 3 1 2 2 3 1 1 5 2 4 2 0 2 5 3 3 2 1 3 1 3 3 3 4 4 4 5 2 4 4 5 0 4 3 3 4 4 4 3 4 3 3 2 3 5 1 5 4 1 4 4 3 5 4 2 4 1 2 5 4 1 3 3 4 4 2 2 0 4 1 5 3 4 5 5 4 0 3 0 3 3 0 1 3 3 3 2 2 4 2 3 4 3 3 2 1 3 0 3 0 3 3 0 3 1 3 3 3 3 
5 3 3 5 5 3 4 4 2 3 3 1 3 4 3 4 2 1 2 0 4 3 4 3 2 1 2 0 1 1 2 1 0 4 1 3 1 0 3 4 3 3 1 1 2 0 2 2 3 3 3 3 4 2 3 4 4 0 3 2 3 3 3 3 3 3 2 3 1 3 5 1 4 3 1 4 3 2 4 3 1 3 2 2 4 3 1 2 3 4 4 2 2 0 3 2 4 3 3 4 4 3 1 2 1 3 2 1 0 3 2 3 2 1 3 2 3 4 2 2 2 1 2 1 3 0 3 2 0 2 0 3 2 2 2 
7 6 6 7 7 2 6 2 3 5 2 4 3 2 2 4 0 4 3 3 5 0 5 5 5 2 0 2 3 2 4 4 2 4 2 5 3 2 2 3 0 5 2 4 3 2 5 1 2 5 4 2 6 5 3 1 3 2 2 3 1 5 2 1 1 0 4 0 2 5 2 4 5 3 4 1 5 0 4 4 3 4 2 1 3 4 4 5 2 0 1 1 0 3 5 2 1 1 4 2 4 3 3 1 4 5 3 3 3 0 5 1 5 3 4 2 5 6 0 4 4 1 5 3 5 3 0 4 3 2 2 6 3 2 5 
3 3 3 3 3 6 1 5 2 1 6 1 4 5 3 3 5 2 1 2 2 6 2 0 0 2 4 3 2 2 0 2 2 3 2 2 2 3 5 5 5 0 2 2 2 3 0 3 6 1 3 4 1 2 3 5 4 3 3 1 6 1 3 4 5 5 1 5 2 0 6 3 2 2 1 6 2 5 3 2 1 2 4 5 4 2 1 0 6 6 5 5 5 2 2 4 6 6 2 5 2 2 3 5 2 0 2 3 2 5 0 4 1 1 2 5 0 1 4 0 0 4 0 4 1 3 5 0 2 2 3 1 1 3 0 
5 6 6 5 5 3 4 1 2 3 3 3 1 1 1 2 1 4 2 3 4 2 3 4 4 2 2 2 2 1 3 4 2 3 1 3 2 3 4 1 1 4 2 4 2 2 4 0 4 4 2 0 4 5 2 1 1 3 0 2 3 4 0 0 3 1 3 1 1 4 2 4 3 2 4 1 3 2 3 2 2 3 3 3 1 3 3 3 3 2 1 3 2 3 3 3 1 3 2 1 3 2 3 2 4 4 2 3 3 1 4 0 5 2 2 3 4 4 1 3 3 2 4 3 5 3 2 3 3 1 2 5 2 0 4 
5 1 1 5 5 5 3 6 3 3 6 1 5 6 4 5 5 1 2 2 4 6 3 2 0 3 5 3 2 3 2 1 3 4 3 3 2 3 5 6 5 1 3 1 3 3 1 4 6 2 4 5 3 0 4 6 5 3 4 3 6 3 5 5 5 6 2 6 3 1 7 2 4 3 1 6 3 5 4 4 2 3 4 5 5 3 1 2 6 6 6 5 5 2 3 4 6 6 3 6 4 4 2 5 2 1 3 2 2 5 1 5 0 2 4 5 1 3 5 2 1 4 1 3 0 3 6 1 2 3 3 0 2 4 1 
4 4 4 4 4 4 2 4 1 2 4 1 2 3 1 2 3 2 0 1 2 4 2 2 2 0 3 1 0 0 0 2 1 2 0 2 0 2 4 3 3 2 0 2 1 1 1 2 4 2 2 3 2 2 2 4 3 2 2 1 4 2 2 3 4 3 0 3 1 2 4 2 2 1 1 4 2 3 2 2 0 2 3 4 3 1 1 1 4 4 4 4 3 1 2 3 4 4 1 4 2 1 2 3 2 2 1 2 1 3 1 2 2 0 2 4 2 2 3 1 1 2 1 3 2 2 4 1 1 1 2 2 0 2 1 
2 6 6 2 2 6 2 3 1 1 6 3 1 2 1 0 4 4 1 4 1 5 0 2 3 2 4 3 2 2 2 4 3 0 2 0 2 4 6 3 4 2 2 4 1 3 2 2 6 2 0 2 2 4 0 4 2 4 1 0 5 1 1 3 5 4 1 4 2 2 4 4 0 0 3 4 1 4 0 0 2 0 5 5 2 0 3 2 6 5 3 5 4 3 1 5 4 5 0 3 0 0 4 5 4 2 0 4 3 4 2 2 4 2 0 5 3 2 4 1 2 4 3 5 3 4 5 2 4 1 4 4 1 2 2 
8 6 6 8 8 0 6 4 4 6 0 4 5 4 4 5 1 3 4 3 6 2 6 6 5 3 1 2 3 3 4 4 2 6 3 6 3 1 0 5 2 5 3 4 4 2 5 3 1 6 5 4 6 4 5 3 5 1 4 5 0 6 4 4 0 2 4 2 3 5 4 3 6 5 4 3 6 1 6 5 4 5 1 0 5 5 4 5 1 2 4 0 1 2 6 0 4 1 5 4 6 5 2 1 3 5 5 2 2 2 5 3 5 4 5 0 5 6 2 5 4 1 5 1 6 2 2 5 3 4 1 5 4 3 5 
3 3 3 3 3 6 1 6 2 1 6 1 4 5 3 3 5 2 1 2 2 6 2 0 0 2 5 3 2 3 1 2 3 3 3 2 2 4 6 5 5 0 2 2 2 3 0 4 6 1 3 5 1 2 3 6 4 4 4 2 6 1 4 5 6 6 1 5 3 0 6 3 2 2 1 6 2 5 3 3 1 2 5 6 4 2 2 0 6 6 6 5 5 3 2 5 6 6 2 6 3 3 3 5 3 0 2 3 3 5 0 4 1 2 3 5 0 1 5 1 0 4 0 4 0 3 6 0 3 3 4 1 1 4 0 
2 4 4 2 2 7 0 6 2 0 7 2 4 5 3 3 6 4 2 4 1 6 1 0 2 3 5 4 3 3 1 4 4 2 3 1 3 5 7 5 6 1 3 3 2 4 1 4 7 0 2 5 0 3 3 6 4 5 3 2 7 0 4 5 7 6 1 6 3 1 6 4 1 2 3 6 1 6 2 2 2 1 6 6 4 1 3 1 7 6 6 6 6 4 1 6 6 7 1 6 2 2 4 6 4 1 2 4 4 6 1 4 3 2 2 6 1 0 5 1 2 5 1 5 2 4 6 1 4 3 4 2 2 4 1 
6 6 6 6 6 2 5 2 3 5 2 3 3 2 2 4 0 3 3 3 5 1 5 5 5 2 0 2 2 2 4 4 2 4 2 4 2 2 2 3 0 5 2 4 3 1 5 1 2 5 3 2 5 5 3 1 3 2 2 3 1 5 2 1 1 0 4 0 2 5 2 4 4 3 4 1 5 0 4 3 3 4 2 1 3 4 3 4 2 1 1 1 0 2 5 1 2 1 4 2 4 3 3 0 3 5 3 3 2 0 4 1 5 3 4 2 5 5 0 4 4 1 5 2 5 2 0 4 3 2 2 5 3 2 4 
3 4 4 3 3 5 1 5 1 0 5 1 3 4 2 2 4 2 0 2 1 5 1 1 1 2 4 2 1 2 0 3 2 2 2 1 1 3 5 4 4 1 2 2 1 3 1 3 6 0 2 3 1 3 2 5 3 3 2 1 5 1 3 4 5 5 0 4 2 1 5 3 1 1 2 5 1 4 2 1 1 1 4 5 3 1 2 0 6 5 4 5 4 2 1 4 5 5 1 4 1 1 3 5 3 1 1 3 2 4 0 3 2 1 1 5 1 1 4 0 1 4 1 4 2 3 5 0 3 1 3 2 0 2 1 
4 3 3 4 4 5 2 5 2 1 5 0 4 4 3 3 4 2 1 1 2 5 2 1 1 1 4 2 1 2 0 2 2 3 2 2 1 3 5 5 4 1 2 1 2 2 0 3 5 1 3 4 2 2 3 5 4 3 3 1 5 2 3 4 5 5 0 4 2 1 6 2 2 2 1 5 2 4 3 2 0 2 4 5 4 2 1 0 5 5 5 5 4 2 2 4 5 5 2 5 2 2 2 4 2 1 2 2 2 4 0 3 1 1 2 4 0 2 4 1 0 3 0 3 1 2 5 0 2 2 3 1 1 3 0 
7 5 5 7 7 1 5 4 3 4 1 3 4 4 3 4 1 2 3 2 5 2 5 5 4 2 1 1 2 2 3 3 1 5 2 5 2 0 1 4 1 4 2 3 3 0 4 2 2 5 4 3 5 4 4 3 4 0 3 3 1 5 3 3 1 2 3 2 1 4 4 2 5 4 3 3 5 1 5 4 3 4 1 1 4 4 2 4 1 2 3 1 1 1 5 0 3 1 4 3 5 3 1 1 2 4 3 1 1 1 4 2 4 2 4 1 4 5 1 4 3 0 4 1 4 1 2 4 2 2 0 4 3 2 4 
3 3 3 3 3 6 2 6 2 1 6 1 4 5 3 3 5 2 1 2 2 6 2 0 0 2 5 3 2 2 1 2 3 3 2 2 2 3 5 5 5 0 2 2 2 3 0 4 6 1 3 5 2 2 3 6 4 3 4 2 6 1 4 5 6 5 1 5 3 0 6 3 2 2 1 6 2 5 3 3 1 2 4 5 4 2 1 0 6 6 5 5 5 2 2 4 6 6 2 6 3 3 3 5 2 0 2 3 2 5 0 4 1 1 3 5 0 1 5 1 0 4 0 4 0 3 6 0 2 2 3 1 1 3 0 
7 4 4 7 7 2 5 5 4 5 2 2 5 5 4 5 2 1 4 1 6 3 5 5 4 2 2 1 2 2 3 2 1 5 3 5 3 0 1 5 3 4 2 2 4 1 4 3 2 5 5 4 5 3 5 4 5 0 4 4 2 5 4 4 2 3 3 3 2 4 5 1 5 4 2 4 5 2 5 5 3 5 0 1 5 5 2 4 2 3 4 2 2 1 5 1 4 2 4 5 5 4 0 2 1 4 4 0 1 3 4 3 3 3 5 1 4 5 2 4 3 1 4 0 4 0 3 4 1 3 1 4 3 3 4 
4 2 2 4 4 6 2 6 3 2 6 1 5 6 4 4 5 2 2 2 3 6 3 1 0 3 5 3 2 3 2 2 3 4 3 3 3 4 6 6 6 0 3 2 3 4 1 4 7 1 4 5 2 1 4 6 5 4 4 3 6 2 4 5 6 6 2 6 3 1 7 2 3 3 1 6 3 5 4 4 2 3 5 6 5 3 2 1 6 6 6 6 5 3 3 5 7 6 3 6 3 3 3 6 2 1 3 3 3 5 1 5 0 2 3 6 0 2 5 2 1 4 0 4 0 3 6 1 3 3 4 0 2 4 1 
6 3 3 6 6 2 5 5 3 4 2 2 4 4 3 4 3 1 3 0 5 3 4 4 3 1 2 1 2 2 3 1 1 5 2 4 2 0 2 5 3 3 2 2 3 1 3 3 3 4 4 4 5 2 4 4 4 0 3 3 2 4 3 4 2 3 3 3 1 3 5 1 4 3 2 4 4 2 5 4 2 4 1 2 5 4 1 3 3 4 4 2 2 0 4 1 4 3 4 4 5 4 0 2 1 3 3 0 0 3 3 3 3 2 4 2 3 4 2 3 2 1 3 0 3 0 3 3 0 2 0 3 3 3 3 
7 7 7 7 7 1 6 2 4 5 1 4 3 3 3 4 0 4 4 4 6 0 5 6 6 3 0 2 3 3 4 5 3 5 3 5 3 2 2 3 0 6 3 5 4 2 6 2 1 6 4 2 6 6 4 1 3 2 3 4 1 6 3 2 1 0 4 0 2 6 2 4 5 4 5 1 5 0 5 4 4 5 2 1 3 5 4 5 1 0 2 1 0 3 5 2 2 1 4 2 5 4 3 0 4 6 4 3 3 0 5 2 6 4 5 2 6 6 0 5 5 2 6 3 6 3 0 5 4 3 2 6 4 2 5 
3 3 3 3 3 5 1 5 1 1 5 1 3 4 2 3 4 2 1 2 2 5 2 0 1 2 4 2 1 2 0 2 2 2 2 1 1 3 5 5 4 0 2 2 1 3 0 3 6 1 2 4 1 2 2 5 4 3 3 1 5 1 3 4 5 5 0 5 2 0 6 3 2 2 1 5 1 4 2 2 1 1 4 5 4 1 1 0 6 5 5 5 4 2 1 4 5 5 1 5 2 2 3 5 2 0 1 3 2 4 0 3 1 1 2 5 0 1 4 0 0 4 0 4 1 3 5 0 2 2 3 1 1 3 0 
6 3 3 6 6 3 4 5 3 3 3 1 4 5 3 4 3 0 2 0 4 4 4 3 2 1 3 1 1 1 2 1 1 4 2 4 2 1 3 5 3 3 1 1 3 1 2 3 4 3 4 4 4 1 4 4 4 1 3 3 3 4 3 4 3 4 2 4 1 3 5 0 4 3 1 4 4 3 4 4 2 3 2 3 5 3 1 3 4 4 4 3 3 0 4 2 5 3 3 5 4 3 0 3 0 3 3 0 0 3 2 3 2 1 4 3 3 4 3 3 2 2 2 1 3 0 4 2 0 2 1 2 2 3 2 
4 5 5 4 4 4 3 3 0 2 4 2 1 2 0 1 2 2 1 2 2 3 2 3 3 1 2 1 0 0 1 3 1 2 0 2 0 2 4 2 2 3 0 3 0 2 2 1 4 2 1 2 3 3 1 3 2 2 1 1 4 2 1 2 4 3 1 2 1 2 3 3 2 1 2 3 2 2 2 1 1 1 3 3 2 1 2 2 4 3 3 3 2 2 2 3 3 4 1 3 2 1 3 3 3 2 1 3 2 2 2 1 3 1 1 4 3 3 2 1 2 2 2 3 3 2 3 2 2 0 2 3 1 0 2 
6 4 4 6 6 2 5 4 3 4 2 2 4 4 3 4 2 1 3 1 5 3 4 4 3 1 1 0 2 1 3 2 0 4 2 4 2 0 2 4 2 4 1 2 3 0 3 2 2 4 4 3 5 3 4 3 4 0 3 3 2 4 3 3 2 3 3 2 1 4 4 2 4 3 2 3 4 1 4 4 2 4 1 2 4 4 2 3 2 3 3 2 1 0 4 1 4 2 3 4 4 3 1 2 1 4 3 1 0 2 3 2 3 2 4 1 4 4 2 3 3 0 3 1 4 0 2 3 1 2 0 4 2 2 3 
4 2 2 4 4 6 2 6 3 2 6 1 5 6 4 4 5 2 2 2 3 6 3 1 0 3 5 3 2 3 2 2 3 4 3 3 3 4 6 6 6 1 3 1 3 4 1 4 6 2 4 5 2 1 4 7 5 4 4 3 6 2 5 5 6 6 2 6 3 1 7 2 3 3 1 7 3 5 4 4 2 3 5 6 5 3 1 1 6 6 6 6 5 3 3 5 7 6 3 6 4 4 3 6 2 1 3 3 3 6 1 5 0 2 4 5 1 2 5 2 1 4 1 4 0 3 6 1 2 3 4 0 2 4 1 
3 4 4 3 3 5 2 4 0 1 5 1 2 3 1 2 3 2 0 2 2 4 1 1 2 1 3 2 0 1 0 3 2 2 1 1 0 3 5 3 3 1 1 2 0 2 1 2 5 1 1 3 2 3 2 4 2 3 2 0 5 1 2 3 4 4 0 3 1 1 4 3 1 1 2 4 1 3 2 1 0 1 4 4 3 1 2 1 5 4 4 4 3 2 1 3 4 4 0 4 1 1 3 4 2 1 0 3 2 3 1 2 2 0 1 4 1 2 3 0 1 3 1 3 2 3 4 1 2 1 2 2 0 2 1 
4 6 6 4 4 4 3 2 1 3 4 3 1 1 0 1 2 3 2 3 3 3 3 3 4 1 2 2 1 1 2 4 2 2 1 2 1 2 4 2 2 4 1 4 1 2 3 0 4 3 1 1 3 4 1 2 1 2 0 1 3 3 0 1 3 2 2 2 1 3 2 4 2 1 3 2 3 2 2 1 2 2 3 3 1 2 3 3 4 2 2 3 2 2 3 3 2 3 2 2 2 1 3 3 3 3 1 3 2 2 3 0 4 2 2 3 4 4 2 2 3 2 3 3 4 3 2 3 3 0 2 4 2 0 3 
4 3 3 4 4 5 2 5 2 1 5 1 4 5 3 3 5 2 1 2 2 6 2 1 0 2 4 2 1 2 0 2 2 3 2 2 2 3 5 5 5 0 2 2 2 3 0 3 6 1 3 4 2 2 3 5 4 3 3 2 5 1 3 4 5 5 1 5 2 0 6 2 2 2 1 5 2 4 3 2 1 2 4 5 4 2 1 0 6 6 5 5 4 2 2 4 5 5 2 5 2 2 3 5 2 0 2 3 2 5 0 4 1 1 2 5 0 1 4 1 0 4 0 4 1 3 5 0 2 2 3 1 1 3 0 
