130 10551.55 0 1680 7 240
37.62 60.62 7.2 84.87 87.73 3.49 65.03 49.96 14.93 24.8 20.48 5.99 30.17 48.69 83.74 16.22 79.01 63.04 86.08 42.61 87.31 52.58 94.87 2.56 5.29 63.12 98.5 94.36 40.57 46.95 93.32 42.03 65.08 35.67 98.26 15.89 90.67 64.61 87.75 71.94 95.14 75.35 14.56 4.89 6.68 18.16 98.88 37.88 47.64 73.06 63.57 38.25 3.09 36.92 94.08 28.95 98.44 98.69 30.85 83.12 29.64 38.11 29.89 18.26 68.02 13.4 94.7 27.72 35.86 53.68 96.69 29.25 81.77 52.41 41.38 93.9 63.73 38.18 3.62 87.7 12.73 5.05 49.69 51.21 87.71 47.33 6.52 83.38 45.84 94.93 59.48 80.6 14.89 7.75 85.24 74.44 36.9 9.41 86.53 69.82 59.44 75.46 35.21 32.04 52.28 35.78 19.55 95.08 38.62 14.68 8.09 68.96 39.19 79.95 92.2 58.16 20.88 28.03 49.73 85.56 96.54 79.39 3.06 57.68 63.77 49.42 50.34 63.54 37.78 19.16 
63.57 82.39 46.26 64.41 17.4 87.79 79.76 67.1 27.7 21.7 54.69 89.24 73.03 37.11 27.57 34.08 49.3 11.35 30.33 23.06 82.67 48.8 72.93 27.0 27.56 62.63 58.03 52.36 56.4 41.54 57.72 41.26 24.75 20.58 38.52 40.78 64.3 26.67 88.91 50.45 75.75 59.31 72.4 36.84 77.91 53.46 70.33 83.39 42.29 47.12 58.62 76.63 18.42 45.88 36.38 53.15 17.1 11.6 57.89 44.33 83.17 88.89 60.25 36.97 49.76 89.97 18.18 51.78 66.69 60.65 79.64 45.86 32.57 10.56 21.88 77.11 66.37 71.91 75.91 69.59 43.8 48.03 20.23 42.14 30.24 48.26 47.7 13.08 10.76 54.84 37.51 79.38 86.92 29.66 46.98 15.25 15.82 39.89 30.27 87.97 68.44 24.5 81.11 16.92 64.31 72.11 83.2 37.64 13.7 71.81 69.87 87.12 48.03 77.02 57.82 18.73 87.87 11.67 21.47 43.77 27.57 53.29 30.49 40.55 67.51 28.13 30.18 32.93 79.33 75.95 
4 6 1 8 8 1 6 5 2 3 2 1 3 5 8 2 8 6 8 4 8 5 9 1 1 6 9 9 4 5 9 4 6 4 9 2 9 6 8 7 9 7 2 1 1 2 9 4 5 7 6 4 1 4 9 3 9 9 3 8 3 4 3 2 7 2 9 3 4 5 9 3 8 5 4 9 6 4 1 8 2 1 5 5 8 5 1 8 5 9 6 8 2 1 8 7 4 1 8 7 6 7 4 3 5 4 2 9 4 2 1 7 4 8 9 6 2 3 5 8 9 8 1 6 6 5 5 6 4 2 
1 2 3 4 5 6 7 8 9 10 11 12 13 14 15 16 17 18 19 20 21 22 23 24 25 26 27 28 29 30 31 32 33 34 35 36 37 38 39 40 41 42 43 44 45 46 47 48 49 50 51 52 53 54 55 56 57 58 59 60 61 62 63 64 65 66 67 68 69 70 71 72 73 74 75 76 77 78 79 80 81 82 83 84 85 86 87 88 89 90 91 92 93 94 95 96 97 98 99 100 101 102 103 104 105 106 107 108 109 110 111 112 113 114 115 116 117 118 119 120 121 122 123 124 125 126 127 128 129 130 
2 3 2 2 2 2 3 3 1 1 1 2 1 3 2 1 2 3 2 2 2 3 2 2 2 3 2 2 2 3 2 2 3 2 2 1 2 3 2 1 2 1 1 2 2 1 2 2 3 1 3 2 2 2 2 1 2 2 1 2 1 2 1 1 1 1 2 1 2 3 2 1 2 3 2 2 3 2 2 2 1 2 3 3 2 3 2 2 3 2 3 2 1 2 2 1 2 2 2 1 3 1 2 1 3 2 1 2 2 1 2 1 2 2 2 3 1 1 3 2 2 2 2 3 3 3 3 3 2 1 
1 2 3 1 1 3 2 2 2 3 2 3 3 2 1 2 1 2 1 1 1 2 2 3 3 2 2 2 1 2 2 1 2 1 2 2 2 2 1 3 2 3 2 3 3 2 2 1 2 3 2 1 3 1 2 3 2 2 3 1 3 1 3 2 3 2 2 3 1 2 2 3 1 2 1 2 2 1 3 1 2 3 2 2 1 2 3 1 2 2 2 1 2 3 1 3 1 3 1 3 2 3 1 3 2 1 2 2 1 2 3 3 1 1 2 2 2 3 2 1 2 1 3 2 2 2 2 2 1 2 
2 1 2 2 10 10 10 1 6 8 3 6 6 5 3 3 2 9 9 9 3 10 2 6 9 10 4 1 7 4 3 7 2 6 4 6 7 5 2 9 7 6 2 6 1 9 10 10 8 7 4 7 8 2 3 8 8 3 9 8 5 3 6 7 5 5 9 6 6 6 6 2 10 6 10 8 4 8 6 10 1 9 4 1 9 6 2 9 3 3 6 10 1 10 9 8 3 10 2 4 2 3 3 9 2 3 5 3 2 4 4 5 8 8 8 6 8 8 9 10 7 5 7 4 5 6 5 9 5 10 
4312.27 3849.44 4274.71 4272.38 4604.96 4780.9 4742.47 3982.12 3452.37 4455.37 3579.6 3602.75 4087.28 4576.08 3110.59 3415.47 4270.48 3796.2 3934.26 3879.07 3533.84 4609.26 4299.16 3567.52 3722.08 4723.11 3690.12 4017.81 4088.19 3827.37 3628.92 4424.6 4317.55 4216.51 3873.93 3844.87 4387.41 3557.55 4357.96 3597.39 3917.13 4283.29 4345.43 3662.44 4139.75 4092.8 4709.91 4612.46 4503.32 4122.05 3683.08 4126.51 4540.15 4339.63 3544.3 4502.67 4489.06 3207.32 3970.43 4457.67 3915.55 3079.61 4189.49 4429.63 3597.45 4292.12 4074.93 4342.54 3671.15 3755.87 4336.9 4253.59 4704.46 4703.5 4660.64 4548.06 3385.13 4526.55 4590.44 4698.89 3439.43 3889.38 3282.51 4147.36 4153.9 4090.56 4311.53 3989.86 3157.32 3642.92 4294.76 4774.4 3970.17 4644.72 3608.65 4546.75 3627.29 4769.53 4204.39 3658.62 4275.38 3237.59 3248.82 4050.53 4339.9 3316.78 3698.92 3432.24 4286.5 3640.2 3892.77 4162.4 4498.78 4473.36 4470.79 4138.26 4513.92 4520.94 4167.87 4658.19 4081.22 4682.71 4032.63 3228.78 4040.05 3904.88 4725.53 3841.88 4604.59 4688.0 
0.58 0.27 0.58 0.55 0.74 0.74 0.19 0.06 0.39 0.44 0.83 0.36 0.24 0.37 0.83 0.82 0.57 0.1 0.08 0.17 0.82 0.31 0.56 0.08 0.19 0.24 0.6 0.06 0.26 0.59 0.83 0.23 0.56 0.25 0.83 0.5 0.24 0.37 0.56 0.2 0.19 0.52 0.55 0.55 0.2 0.09 0.53 0.27 0.97 0.22 0.56 0.23 0.72 0.57 0.82 0.32 0.42 0.82 0.09 0.84 0.37 0.82 0.55 0.27 0.37 0.37 0.21 0.28 0.3 0.43 0.56 0.55 0.29 0.52 0.27 0.64 0.56 0.54 0.43 0.56 0.08 0.2 0.76 0.05 0.1 0.54 0.57 0.12 0.82 0.82 0.53 0.47 0.33 0.15 0.19 0.99 0.83 0.64 0.58 0.77 0.58 0.82 0.82 0.19 0.58 0.82 0.37 0.82 0.58 0.88 0.79 0.37 0.6 0.39 0.94 0.16 0.54 0.38 0.18 0.38 0.24 0.37 0.24 0.76 0.37 0.43 0.37 0.11 0.37 0.2 
0.51 0.94 0.55 0.68 0.59 0.85 0.54 0.89 0.76 0.53 0.8 0.72 0.58 0.58 0.72 0.68 0.89 0.89 0.59 0.71 0.65 0.51 1.0 0.76 0.63 0.52 0.56 0.78 0.61 0.74 0.74 1.0 0.71 0.69 0.68 0.81 0.73 1.0 0.95 0.79 0.57 0.93 0.99 1.0 0.57 1.0 0.52 0.56 0.74 1.0 0.8 0.72 0.65 0.83 0.99 0.66 0.72 0.56 0.55 0.68 0.54 0.8 0.97 0.56 0.56 0.71 0.84 0.95 0.53 1.0 0.82 1.0 1.0 0.77 0.7 1.0 0.6 0.85 1.0 0.79 0.76 1.0 0.97 0.6 0.57 0.68 0.53 0.94 0.72 0.54 0.58 1.0 0.66 0.63 0.52 0.84 1.0 1.0 0.6 0.91 1.0 0.68 0.96 0.85 0.78 0.79 0.6 0.81 0.59 0.66 0.97 0.67 0.66 0.58 1.0 0.64 1.0 1.0 0.83 0.65 0.8 0.75 0.8 0.7 0.69 1.0 0.86 0.92 0.62 0.58 
0.82 0.86 0.9 0.6 0.6 0.53 0.6 0.86 0.57 0.8 1.0 0.87 1.0 1.0 0.88 1.0 0.7 0.82 0.53 0.6 0.65 0.87 0.61 0.92 0.61 0.55 1.0 1.0 1.0 0.54 0.6 0.76 0.87 1.0 0.84 0.99 0.93 0.94 0.99 1.0 0.97 1.0 0.71 1.0 1.0 0.82 0.63 0.74 0.51 0.54 0.84 0.73 1.0 0.78 0.64 0.63 1.0 0.51 0.63 0.69 1.0 0.64 0.61 0.58 0.88 0.99 0.69 0.99 0.99 0.58 0.76 1.0 0.95 0.87 0.94 0.86 1.0 0.85 1.0 1.0 0.58 0.78 0.54 0.98 0.54 0.62 0.55 0.55 0.73 0.82 0.8 0.86 0.55 0.58 1.0 1.0 0.56 0.89 0.89 0.95 0.98 0.57 1.0 0.64 1.0 0.95 0.96 1.0 0.61 0.67 0.58 0.79 0.6 0.9 1.0 1.0 1.0 0.74 0.56 1.0 0.62 1.0 0.51 0.94 0.58 0.56 1.0 0.97 0.6 0.5 
0.53 0.67 0.98 1.0 0.75 0.74 0.94 1.0 0.67 0.57 0.85 0.99 1.0 0.52 1.0 0.99 0.59 1.0 1.0 0.63 0.51 1.0 0.65 0.69 0.79 0.67 1.0 0.87 0.51 0.89 0.92 0.89 0.78 0.73 1.0 0.69 0.72 0.61 0.98 0.91 0.82 0.83 1.0 1.0 0.66 0.86 0.83 0.59 0.59 0.67 0.95 0.5 0.71 1.0 0.78 0.97 0.73 0.63 0.84 1.0 0.63 0.82 1.0 0.53 0.6 0.98 0.75 1.0 0.58 0.65 0.79 0.53 0.62 0.79 1.0 0.59 0.54 0.52 0.83 0.88 0.7 0.99 1.0 0.97 0.78 0.65 0.89 0.56 0.91 0.96 0.56 0.84 0.71 0.86 0.99 1.0 0.94 0.63 0.97 0.54 0.89 1.0 1.0 0.61 1.0 1.0 0.53 0.92 0.63 0.88 0.55 0.72 0.65 0.74 0.62 1.0 0.96 0.73 0.89 0.54 1.0 0.89 1.0 0.86 0.93 0.69 0.67 0.81 1.0 1.0 
0.93 0.98 0.5 0.7 1.0 0.63 1.0 1.0 0.55 0.97 0.62 0.57 0.53 0.89 0.65 0.72 0.68 0.71 0.9 0.63 1.0 0.98 0.76 0.71 1.0 0.55 0.94 0.55 0.8 0.52 1.0 0.79 0.73 0.62 0.99 0.97 0.54 1.0 0.86 1.0 1.0 1.0 0.94 1.0 0.7 0.78 0.84 0.73 0.76 1.0 1.0 0.75 0.62 0.94 1.0 0.82 0.53 1.0 0.55 0.79 0.64 0.64 1.0 0.78 0.57 0.65 0.52 0.69 0.8 0.77 1.0 0.85 0.96 0.55 0.7 0.63 0.62 0.8 0.78 0.51 0.96 0.81 0.5 0.8 0.72 1.0 0.75 0.68 0.71 0.79 0.84 0.71 0.88 1.0 0.92 0.5 0.66 0.76 0.86 0.61 1.0 0.99 0.92 0.9 0.73 1.0 0.98 0.56 0.55 0.64 0.79 0.66 0.81 0.52 0.61 0.76 0.58 0.66 0.57 0.97 0.67 0.57 0.56 0.92 0.85 0.92 0.55 0.82 0.92 0.65 
0.7 0.59 0.65 1.0 0.62 0.89 1.0 0.68 0.74 1.0 1.0 0.68 0.7 1.0 1.0 0.69 0.83 1.0 0.58 0.65 0.71 1.0 0.88 0.94 0.79 0.66 0.56 1.0 0.86 0.99 0.8 0.57 0.65 0.96 1.0 0.88 0.76 0.8 0.54 0.93 1.0 0.6 0.75 0.94 1.0 0.62 1.0 0.68 0.53 1.0 0.67 0.87 0.71 0.58 1.0 0.8 0.66 0.91 0.54 0.7 0.6 0.63 0.66 0.9 0.76 0.97 0.68 0.72 0.91 0.59 1.0 1.0 0.92 1.0 1.0 0.72 1.0 0.79 0.81 1.0 0.67 0.9 0.53 1.0 0.96 0.75 0.89 0.83 0.59 0.65 0.87 0.8 0.55 0.64 1.0 0.65 0.8 0.89 1.0 0.92 1.0 0.97 0.52 0.99 0.62 1.0 0.95 0.97 1.0 0.85 1.0 0.6 0.62 1.0 0.98 0.7 0.54 1.0 1.0 0.76 0.85 0.6 1.0 0.99 0.71 1.0 0.5 1.0 1.0 1.0 
0.14 0.31 0.16 0.28 0.16 0.19 0.3 0.52 0.12 0.24 0.42 0.24 0.21 0.26 0.41 0.34 0.21 0.52 0.16 0.11 0.15 0.44 0.26 0.32 0.24 0.07 0.29 0.37 0.21 0.18 0.33 0.3 0.23 0.3 0.56 0.47 0.2 0.46 0.42 0.67 0.45 0.46 0.49 0.94 0.27 0.34 0.23 0.12 0.09 0.36 0.43 0.17 0.2 0.36 0.49 0.26 0.18 0.17 0.09 0.26 0.13 0.17 0.39 0.12 0.13 0.43 0.16 0.47 0.22 0.17 0.49 0.45 0.52 0.29 0.46 0.23 0.2 0.24 0.52 0.35 0.2 0.56 0.14 0.45 0.17 0.2 0.17 0.16 0.2 0.22 0.19 0.41 0.12 0.2 0.47 0.27 0.28 0.38 0.44 0.26 0.88 0.37 0.46 0.29 0.35 0.76 0.29 0.4 0.13 0.21 0.24 0.15 0.13 0.2 0.37 0.34 0.3 0.36 0.23 0.26 0.28 0.23 0.23 0.52 0.23 0.35 0.16 0.59 0.34 0.19 
2181.08 934.8 3315.5 2468.39 521.98 707.85 363.4 623.18 953.96 1347.65 1339.89 1304.56 1382.83 918.32 1499.09 1423.93 2447.66 861.66 1632.7 1074.57 1448.48 537.82 2322.42 1146.22 1617.28 410.75 1011.89 791.29 1668.5 924.97 1280.77 1550.02 2812.42 1212.72 982.81 1112.5 1612.16 702.1 2853.69 1458.51 1467.9 1358.81 1661.28 1619.05 980.29 1169.71 609.12 465.91 1930.07 1566.93 865.87 1508.96 1825.89 3523.15 1392.71 1399.96 1811.93 1727.3 968.03 1821.67 738.92 1614.36 1522.17 1862.08 546.91 614.55 1205.99 1387.01 1431.43 1505.17 1229.85 2458.23 436.07 1434.94 436.5 1365.09 919.21 1421.81 1116.31 489.03 645.41 1086.79 1007.53 629.75 857.33 1267.37 2649.25 1076.16 1480.11 1231.44 1388.24 413.49 785.05 533.83 1095.73 2180.07 1846.43 541.66 2869.34 1013.08 2199.97 1796.3 1380.82 1091.81 2522.0 1503.91 924.42 1667.14 2295.63 1072.95 961.17 782.36 1395.9 1507.88 2545.49 985.59 1739.98 1012.93 1038.16 427.01 1667.72 821.06 1683.06 981.85 695.7 1559.24 683.65 970.87 647.92 558.78 
303.12 307.99 512.73 715.07 86.2 102.95 109.54 286.55 120.57 396.23 532.67 371.57 268.29 233.68 610.97 430.0 440.97 440.31 275.31 119.26 239.78 247.72 639.61 299.8 405.39 17.44 298.9 276.53 359.74 178.28 394.15 476.29 542.47 324.37 519.52 554.18 315.42 335.82 1176.78 956.06 708.13 589.23 781.35 1517.88 206.09 383.59 138.94 54.74 113.06 606.13 388.16 240.49 405.52 1306.96 687.79 418.32 329.79 249.04 79.29 434.98 120.32 274.0 581.33 219.98 67.05 283.28 188.28 740.96 346.92 220.96 602.46 1140.5 234.94 510.19 197.37 320.94 160.82 320.85 540.78 191.53 127.45 646.36 125.61 283.31 137.69 218.77 503.31 176.83 288.74 302.61 281.19 152.84 114.71 115.79 477.36 630.52 545.09 226.48 1181.44 327.6 1943.02 726.75 682.41 287.76 867.74 1113.86 303.52 674.5 269.07 183.41 235.3 123.06 183.96 268.0 1003.94 337.66 529.0 343.4 263.84 108.61 421.27 176.8 358.34 498.83 176.29 607.79 98.64 586.9 197.89 141.29 
10405.42 4174.02 16077.49 11841.96 2109.89 3039.25 1317.02 2615.89 4269.79 6238.27 6199.44 6022.82 6414.13 4091.6 6995.47 6619.64 11738.32 3808.32 7663.51 4872.83 6742.38 2189.08 11112.1 5231.08 7586.41 1553.74 4559.43 3456.44 7842.49 4124.84 5903.85 7250.1 13562.12 5563.58 4414.06 5062.52 7560.8 3010.51 13768.47 6792.57 6839.49 6294.06 7806.38 7595.23 4401.45 5348.57 2545.59 1829.56 9150.37 7334.67 3829.33 7044.8 8629.44 17115.77 6463.54 6499.79 8559.65 8136.5 4340.16 8608.33 3194.62 7571.79 7110.86 8810.39 2234.55 2572.75 5529.97 6435.07 6657.16 7025.84 5649.24 11791.14 1680.37 6674.69 1682.52 6325.46 4096.06 6609.03 5081.55 1945.14 2727.07 4933.94 4537.67 2648.73 3786.64 5836.83 12746.26 4880.81 6900.56 5657.21 6441.2 1567.45 3425.27 2169.14 4978.65 10400.34 8732.14 2208.32 13846.68 4565.39 10499.83 8481.51 6404.1 4959.03 12110.0 7019.56 4122.11 7835.69 10978.13 4864.75 4305.86 3411.82 6479.5 7039.41 12227.45 4427.97 8199.92 4564.65 4690.81 1635.05 7838.61 3605.29 7915.31 4409.25 2978.48 7296.18 2918.23 4354.33 2739.58 2293.92 
1015.6 1039.93 2063.63 3075.35 -69.0 14.75 47.68 932.76 102.86 1481.16 2163.33 1357.84 841.44 668.38 2554.84 1650.02 1704.83 1701.54 876.53 96.29 698.89 738.6 2698.05 999.01 1526.96 -412.8 994.48 882.65 1298.68 391.42 1470.73 1881.43 2212.36 1121.84 2097.6 2270.92 1077.11 1179.09 5383.9 4280.31 3040.66 2446.13 3406.77 7089.39 530.43 1417.96 194.68 -226.3 65.31 2530.66 1440.8 702.47 1527.61 6034.78 2938.94 1591.58 1148.93 745.18 -103.55 1674.9 101.59 869.98 2406.67 599.91 -164.76 916.39 441.38 3204.78 1234.61 604.79 2512.28 5202.49 674.69 2050.97 486.86 1104.69 304.11 1104.27 2203.88 457.63 137.27 2731.8 128.06 916.54 188.47 593.86 2016.56 384.17 943.72 1013.04 905.96 264.21 73.56 78.94 1886.82 2652.6 2225.45 632.42 5407.21 1137.98 9215.08 3133.74 2912.06 938.78 3838.68 5069.28 1017.61 2872.5 845.34 417.06 676.48 115.31 419.79 840.02 4519.71 1188.31 2144.99 1217.02 819.18 43.04 1606.37 383.99 1291.68 1994.15 381.43 2538.95 -6.79 2434.48 489.46 206.47 
129.37 153.98 128.24 128.17 138.15 143.43 189.7 159.28 69.05 89.11 71.59 108.08 81.75 183.04 93.32 68.31 128.11 151.85 118.03 116.37 106.02 184.37 128.97 107.03 111.66 188.92 110.7 120.53 122.65 153.09 108.87 132.74 172.7 126.5 116.22 76.9 131.62 142.3 130.74 71.95 117.51 85.67 86.91 109.87 124.19 81.86 141.3 138.37 180.13 82.44 147.32 123.8 136.2 130.19 106.33 90.05 134.67 96.22 79.41 133.73 78.31 92.39 83.79 88.59 71.95 85.84 122.25 86.85 110.13 150.23 130.11 85.07 141.13 188.14 139.82 136.44 135.41 135.8 137.71 140.97 68.79 116.68 131.3 165.89 124.62 163.62 129.35 119.7 126.29 109.29 171.79 143.23 79.4 139.34 108.26 90.93 108.82 143.09 126.13 73.17 171.02 64.75 97.46 81.01 173.6 99.5 73.98 102.97 128.59 72.8 116.78 83.25 134.96 134.2 134.12 165.53 90.28 90.42 166.71 139.75 122.44 140.48 120.98 129.15 161.6 156.2 189.02 153.68 138.14 93.76 
24 32 24 24 26 27 40 34 9 12 10 20 11 39 17 9 24 32 22 22 20 39 24 20 21 40 21 22 23 32 20 25 37 24 22 10 25 30 24 10 22 12 12 20 23 11 26 26 38 11 31 23 25 24 20 12 25 18 11 25 11 17 11 12 10 12 23 12 20 32 24 12 26 40 26 25 29 25 26 26 9 22 28 35 23 35 24 22 27 20 36 27 11 26 20 12 20 27 24 10 36 9 18 11 37 18 10 19 24 10 22 11 25 25 25 35 12 12 35 26 23 26 23 27 34 33 40 32 26 13 
113 65 121 62 177 179 149 173 85 237 83 198 45 185 145 61 36 182 165 43 100 22 104 101 18 219 12 61 4 83 36 119 24 58 134 19 218 208 8 24 50 2 29 179 45 108 76 142 140 171 207 225 48 122 226 218 12 72 18 223 156 95 116 47 108 194 3 199 108 76 222 63 14 28 74 20 146 40 107 40 58 23 207 175 113 228 217 199 72 14 36 41 188 144 201 138 16 201 206 227 125 201 28 165 194 23 113 104 6 228 194 45 161 147 60 116 0 232 234 208 83 163 39 87 95 88 215 171 101 188 
240 150 240 93 240 240 240 240 183 240 219 240 220 240 193 223 144 240 240 121 235 205 240 240 126 240 232 240 122 240 87 240 72 85 240 240 240 232 208 163 240 205 111 240 220 139 240 179 181 240 240 240 132 240 240 240 211 240 228 240 240 146 240 88 166 240 132 240 138 240 240 178 109 214 206 182 240 145 240 226 96 178 240 203 171 240 240 240 240 108 240 75 240 240 240 229 178 240 240 240 234 240 231 240 240 240 174 202 87 240 240 221 216 240 240 240 148 240 240 240 117 240 221 240 240 193 240 240 240 225 
5
0.0 0.0 0.0 0.0 0.0 
0.0 0.0 100.0 0.0 100.0 
0 0 14 0 14 10 14 6 15 12 12 14 11 4 4 8 12 11 8 12 5 13 9 13 6 17 10 17 3 4 12 16 15 9 8 15 8 9 5 15 6 15 9 17 12 17 13 10 5 11 8 17 13 9 12 12 12 2 8 14 8 14 14 9 13 12 13 9 5 12 12 13 8 10 11 17 7 12 7 6 17 13 11 10 15 6 6 7 9 13 9 6 12 6 15 10 16 12 4 13 10 5 5 13 16 12 11 12 5 11 11 12 14 5 10 10 15 8 15 15 8 12 4 7 13 14 13 4 10 13 8 8 10 12 11 
0 0 14 0 14 10 14 6 15 12 12 14 11 4 4 8 12 11 8 12 5 13 9 13 6 17 10 17 3 4 12 16 15 9 8 15 8 9 5 15 6 15 9 17 12 17 13 10 5 11 8 17 13 9 12 12 12 2 8 14 8 14 14 9 13 12 13 9 5 12 12 13 8 10 11 17 7 12 7 6 17 13 11 10 15 6 6 7 9 13 9 6 12 6 15 10 16 12 4 13 10 5 5 13 16 12 11 12 5 11 11 12 14 5 10 10 15 8 15 15 8 12 4 7 13 14 13 4 10 13 8 8 10 12 11 
14 14 0 14 0 7 9 7 13 17 1 9 8 10 11 7 1 5 11 15 9 13 15 15 12 12 10 14 10 10 10 15 15 8 10 14 10 14 12 16 8 13 13 12 12 14 12 4 9 3 7 14 5 10 12 10 6 11 9 16 7 18 18 7 14 4 5 7 9 12 2 17 7 6 9 14 8 15 14 12 13 10 6 3 13 8 7 13 11 16 10 7 17 14 15 12 11 2 10 14 16 13 8 15 10 9 15 5 12 9 6 3 16 13 4 4 10 9 11 14 14 3 13 13 14 17 13 9 11 10 12 12 13 6 4 
0 0 14 0 14 10 14 6 15 12 12 14 11 4 4 8 12 11 8 12 5 13 9 13 6 17 10 17 3 4 12 16 15 9 8 15 8 9 5 15 6 15 9 17 12 17 13 10 5 11 8 17 13 9 12 12 12 2 8 14 8 14 14 9 13 12 13 9 5 12 12 13 8 10 11 17 7 12 7 6 17 13 11 10 15 6 6 7 9 13 9 6 12 6 15 10 16 12 4 13 10 5 5 13 16 12 11 12 5 11 11 12 14 5 10 10 15 8 15 15 8 12 4 7 13 14 13 4 10 13 8 8 10 12 11 
14 14 0 14 0 7 9 7 13 17 1 9 8 10 11 7 1 5 11 15 9 13 15 15 12 12 10 14 10 10 10 15 15 8 10 14 10 14 12 16 8 13 13 12 12 14 12 4 9 3 7 14 5 10 12 10 6 11 9 16 7 18 18 7 14 4 5 7 9 12 2 17 7 6 9 14 8 15 14 12 13 10 6 3 13 8 7 13 11 16 10 7 17 14 15 12 11 2 10 14 16 13 8 15 10 9 15 5 12 9 6 3 16 13 4 4 10 9 11 14 14 3 13 13 14 17 13 9 11 10 12 12 13 6 4 
10 10 7 10 7 0 4 5 6 9 5 4 1 6 6 2 5 1 4 8 5 6 8 8 5 7 3 8 7 6 3 8 8 1 3 8 3 6 6 9 4 7 6 8 5 8 5 3 6 4 3 8 2 3 5 3 1 8 2 8 1 10 11 1 7 3 3 1 4 4 5 10 2 0 2 8 2 7 7 5 8 3 1 5 7 4 5 6 3 8 2 4 9 7 8 4 6 4 6 7 8 6 5 8 5 3 7 2 6 2 1 3 9 7 3 4 5 2 6 7 7 4 7 6 7 9 6 6 4 3 5 5 5 2 3 
14 14 9 14 9 4 0 9 4 10 8 0 2 10 10 6 7 4 6 8 9 5 10 8 8 3 4 5 11 11 2 6 6 4 6 5 6 8 9 8 8 5 7 3 4 5 3 6 10 7 7 5 3 6 5 3 3 12 6 8 6 10 11 5 6 4 3 5 8 4 6 10 6 4 3 5 6 7 10 9 4 2 3 8 4 8 9 9 5 8 5 9 10 10 6 6 2 6 10 6 9 10 9 8 1 1 8 3 10 2 3 5 8 10 6 7 1 5 2 5 9 5 11 8 6 9 4 11 5 2 7 7 7 3 5 
6 6 7 6 7 5 9 0 11 12 5 9 6 2 4 2 6 5 6 11 2 10 9 11 6 12 6 13 2 2 8 13 12 4 5 12 5 8 5 13 1 12 8 13 9 13 9 3 1 4 1 13 6 5 9 8 6 4 4 12 3 13 13 3 10 6 7 3 2 8 6 13 3 5 6 13 3 10 8 5 13 8 5 4 11 0 0 7 6 11 5 0 11 7 12 7 11 5 2 11 10 6 0 11 10 8 10 6 5 6 5 5 12 6 3 3 10 4 11 12 8 6 5 7 11 13 10 2 7 8 6 6 8 6 4 
15 15 13 15 13 6 4 11 0 6 12 3 5 11 10 9 11 7 6 5 10 2 8 4 8 2 5 1 12 12 3 2 2 6 6 1 6 6 9 4 10 0 6 3 2 2 1 10 12 11 9 2 7 6 2 3 6 13 7 4 8 7 7 7 2 8 7 7 10 3 10 6 8 7 4 2 8 4 8 8 2 3 6 11 0 10 11 8 5 4 5 11 7 9 1 5 2 10 12 2 7 9 11 4 3 3 5 7 10 4 7 9 4 9 10 10 3 6 1 1 7 9 11 7 2 5 1 12 5 3 7 6 5 7 9 
12 12 17 12 17 9 10 12 6 0 15 9 8 10 9 10 15 11 6 1 10 4 3 1 6 9 6 7 12 11 7 6 5 8 6 5 7 3 7 3 10 6 3 10 5 8 6 13 12 14 11 7 11 6 4 6 11 12 8 2 9 1 1 9 3 12 12 10 10 5 14 1 9 10 7 8 9 2 5 6 8 7 10 14 7 11 12 5 6 1 7 12 0 6 5 4 8 14 11 4 1 7 11 1 10 8 2 11 7 8 10 13 3 7 13 13 10 8 8 5 4 13 8 5 3 1 5 12 5 7 5 5 4 11 12 
12 12 1 12 1 5 8 5 12 15 0 8 7 8 9 5 0 4 9 14 7 12 13 14 10 11 8 13 8 8 9 14 13 6 9 13 8 12 10 15 6 12 12 12 11 13 11 2 7 1 5 13 4 9 11 9 5 9 7 14 6 16 17 5 12 3 4 5 7 10 1 16 6 5 8 13 7 13 13 10 13 9 5 1 12 6 5 11 9 14 8 5 15 12 13 10 11 1 8 13 14 11 6 14 9 8 13 4 10 7 5 2 14 11 2 2 9 7 11 13 12 2 11 11 13 15 11 8 10 9 10 10 11 5 2 
14 14 9 14 9 4 0 9 3 9 8 0 2 10 10 7 8 5 6 7 9 4 9 7 8 3 4 4 11 11 2 5 5 4 6 5 6 7 9 7 8 4 7 3 4 4 3 7 10 8 7 5 3 5 4 3 3 12 6 7 6 10 10 5 5 5 4 5 9 4 7 9 6 4 3 4 7 7 10 8 4 1 3 8 3 9 9 8 5 7 5 9 9 10 5 6 2 7 10 5 9 9 9 7 1 1 8 4 10 2 4 6 7 10 7 8 1 5 2 4 8 6 11 8 5 8 4 11 5 1 7 7 6 3 6 
11 11 8 11 8 1 2 6 5 8 7 2 0 7 7 4 7 2 4 7 6 4 8 7 6 5 2 6 8 8 1 7 6 2 3 6 3 6 6 8 6 5 6 6 3 6 3 5 7 6 4 7 2 3 4 2 2 9 3 7 3 9 10 3 5 3 3 3 6 3 6 9 3 2 1 6 4 6 8 6 6 1 1 6 5 6 6 6 3 7 2 6 9 8 6 4 4 5 8 5 8 7 6 7 4 1 7 2 7 0 2 4 7 7 5 5 3 3 4 6 7 5 8 6 6 8 4 8 3 1 5 5 5 2 4 
4 4 10 4 10 6 10 2 11 10 8 10 7 0 1 3 8 6 5 9 0 9 7 10 4 12 6 13 1 1 8 12 11 5 4 11 4 7 3 12 1 12 7 13 8 13 9 6 1 7 3 13 8 5 8 8 7 2 4 11 4 12 12 4 10 8 9 5 1 8 8 11 3 6 7 13 3 9 5 3 13 8 7 7 11 2 3 5 5 10 5 3 9 5 12 6 11 8 1 10 8 3 1 10 11 8 8 8 2 7 7 7 11 3 6 6 11 4 11 11 6 8 2 5 10 11 9 1 6 9 4 5 6 8 6 
4 4 11 4 11 6 10 4 10 9 9 10 7 1 0 4 10 7 4 8 2 8 5 8 2 12 5 12 3 2 8 11 10 5 4 11 3 5 1 10 3 11 5 13 7 12 9 7 3 8 4 12 9 4 7 7 8 3 3 10 4 10 10 5 8 8 9 5 2 7 9 9 4 6 6 13 3 8 4 2 12 8 7 8 11 3 4 3 4 9 4 4 8 3 11 5 11 9 2 9 7 1 3 8 11 8 7 8 1 7 7 8 10 2 7 7 11 4 11 10 4 9 1 3 9 10 9 3 5 8 3 3 5 8 7 
8 8 7 8 7 2 6 2 9 10 5 7 4 3 4 0 5 2 4 9 3 8 8 9 5 10 4 10 4 4 6 11 10 2 4 10 3 7 5 11 2 10 7 10 7 11 7 2 3 3 0 11 4 4 7 6 4 5 2 10 1 12 12 1 9 4 5 1 2 6 5 11 1 2 4 11 1 9 7 5 10 6 3 3 9 1 2 6 4 10 3 2 10 7 10 6 9 4 4 9 9 6 2 10 8 5 8 4 5 4 3 4 10 6 2 2 8 2 9 10 7 4 6 6 9 11 8 4 5 6 5 5 6 4 3 
12 12 1 12 1 5 7 6 11 15 0 8 7 8 10 5 0 4 9 14 8 11 13 14 10 11 8 12 8 8 9 13 13 6 8 13 8 12 10 15 7 12 12 11 10 12 10 2 7 1 5 13 4 8 11 9 4 10 7 14 6 16 17 5 12 3 4 5 7 10 1 16 6 5 7 13 7 13 13 10 12 8 5 1 12 6 5 11 9 14 8 5 15 12 13 10 10 1 8 12 14 11 7 14 9 8 13 4 10 7 4 2 14 11 2 2 9 7 10 13 12 2 11 11 13 15 11 8 10 8 10 10 11 4 2 
11 11 5 11 5 1 4 5 7 11 4 5 2 6 7 2 4 0 5 10 5 7 9 10 7 8 4 9 7 7 4 9 9 2 5 9 4 8 7 10 5 8 8 8 6 9 6 2 6 3 3 9 1 5 7 5 1 8 3 10 2 12 13 2 8 1 2 1 5 6 3 12 3 1 3 9 3 9 9 7 9 4 1 3 8 4 5 8 5 10 4 4 11 9 9 6 7 2 6 8 10 8 5 10 6 4 9 1 8 3 0 2 10 8 2 3 5 3 7 9 8 2 8 7 8 11 7 7 6 4 6 6 7 1 1 
8 8 11 8 11 4 6 6 6 6 9 6 4 5 4 4 9 5 0 5 4 4 4 5 2 8 1 8 6 6 4 7 6 2 0 7 1 2 3 7 4 7 2 9 3 8 4 7 6 8 4 8 6 0 3 3 5 7 2 6 3 7 8 3 5 7 7 4 4 3 9 7 3 4 3 9 3 4 3 2 8 4 5 8 7 5 6 2 0 5 1 6 6 3 7 1 7 8 5 5 4 3 5 5 7 4 4 6 3 3 5 7 6 3 6 7 7 2 7 6 2 8 4 2 5 6 4 6 1 4 1 1 2 6 6 
12 12 15 12 15 8 8 11 5 1 14 7 7 9 8 9 14 10 5 0 9 3 3 0 5 7 5 6 11 11 5 4 3 7 5 4 6 2 6 2 9 5 2 8 3 7 4 11 11 13 10 6 10 5 3 5 9 11 7 1 8 2 3 8 2 11 10 8 9 3 13 2 8 8 6 7 8 0 5 6 7 6 9 13 6 10 11 4 5 0 5 11 2 5 4 3 7 12 10 2 2 6 10 0 8 6 1 10 7 6 9 12 2 6 11 12 8 7 7 4 3 12 8 4 2 1 3 11 4 6 4 4 2 9 11 
5 5 9 5 9 5 9 2 10 10 7 9 6 0 2 3 8 5 4 9 0 9 7 9 4 12 5 12 2 1 7 12 11 4 4 11 3 7 3 11 0 11 6 12 8 12 9 5 1 6 2 12 7 4 8 7 6 2 3 11 3 11 12 3 9 7 8 4 0 7 7 11 3 5 6 13 2 9 6 3 12 8 6 6 11 1 2 5 5 10 4 2 10 5 11 6 11 7 1 10 8 3 1 10 10 7 8 7 3 6 6 7 11 4 5 5 10 3 10 11 6 7 3 5 10 11 9 1 5 8 4 4 6 7 5 
13 13 13 13 13 6 5 10 2 4 12 4 4 9 8 8 11 7 4 3 9 0 5 2 6 4 3 4 11 10 2 3 2 5 4 2 5 4 7 3 9 2 3 5 1 4 1 9 10 11 8 4 7 4 0 2 7 11 6 2 7 5 6 6 0 8 8 7 8 1 11 4 7 6 3 5 7 2 6 6 4 3 6 11 3 9 10 5 4 2 4 10 5 7 2 3 4 10 10 0 4 7 10 2 5 3 3 7 8 4 6 9 2 7 9 10 5 5 3 2 5 9 9 5 1 3 0 11 3 3 5 4 3 7 9 
9 9 15 9 15 8 10 9 8 3 13 9 8 7 5 8 13 9 4 3 7 5 0 4 3 10 5 9 8 8 7 8 7 7 4 7 5 1 4 6 7 8 2 11 5 10 7 11 9 12 8 9 10 4 5 6 9 8 6 5 7 5 5 8 5 11 11 8 7 5 13 4 7 8 7 10 6 4 1 3 10 7 9 12 9 8 9 2 4 4 5 9 2 2 7 3 10 12 8 5 1 3 8 4 10 8 2 10 4 7 9 11 5 3 11 11 10 6 9 7 1 12 5 2 5 5 6 8 4 8 3 3 3 10 11 
13 13 15 13 15 8 8 11 4 1 14 7 7 10 8 9 14 10 5 0 9 2 4 0 6 7 5 6 11 11 5 4 3 7 5 4 6 3 7 2 10 4 3 8 3 6 4 11 11 13 10 5 10 5 3 5 9 11 7 1 8 2 3 8 2 11 10 9 9 3 13 2 8 8 6 7 8 0 5 6 6 6 9 13 5 10 11 5 5 0 6 11 2 6 3 3 7 12 11 2 2 7 11 0 8 6 1 10 7 6 9 12 1 7 11 12 8 7 6 4 4 12 8 5 1 1 3 11 4 6 5 5 3 9 11 
6 6 12 6 12 5 8 6 8 6 10 8 6 4 2 5 10 7 2 5 4 6 3 6 0 10 3 10 5 5 6 9 8 4 2 8 2 3 1 8 4 9 3 11 5 10 6 8 5 9 5 10 8 2 5 5 7 5 3 7 4 8 8 5 6 8 9 5 4 5 10 7 4 6 5 11 3 5 2 0 10 6 7 9 9 5 6 1 2 6 3 6 5 1 8 3 9 9 5 6 4 1 5 6 10 6 4 8 1 6 7 9 7 1 8 8 9 3 9 8 2 9 2 1 6 7 6 5 3 7 1 1 3 8 8 
17 17 12 17 12 7 3 12 2 9 11 3 5 12 12 10 11 8 8 7 12 4 10 7 10 0 6 1 14 14 4 3 4 7 8 3 8 8 11 6 11 2 8 0 5 1 3 10 13 11 10 2 7 8 5 4 7 15 8 6 9 9 10 8 5 8 7 8 11 5 10 9 9 7 5 1 9 7 11 10 1 4 7 11 1 12 12 10 7 7 7 12 9 11 4 7 1 10 13 5 9 11 12 7 2 4 8 7 12 5 7 9 6 12 10 11 2 8 1 3 10 9 13 10 5 7 4 14 7 4 9 9 7 7 9 
10 10 10 10 10 3 4 6 5 6 8 4 2 6 5 4 8 4 1 5 5 3 5 5 3 6 0 6 7 7 2 6 5 2 1 5 1 3 4 6 5 5 3 7 2 7 3 6 7 7 4 7 5 1 2 2 4 8 2 6 3 7 8 3 4 5 6 3 5 2 8 7 3 3 1 7 3 4 5 4 7 2 3 7 5 5 6 4 0 5 0 6 6 5 6 1 5 7 6 4 5 5 6 5 6 2 4 5 5 2 4 6 6 5 6 7 5 1 5 5 4 7 6 3 4 6 3 7 1 3 2 2 2 4 6 
17 17 14 17 14 8 5 13 1 7 13 4 6 13 12 10 12 9 8 6 12 4 9 6 10 1 6 0 14 14 4 2 2 8 8 2 8 8 11 4 12 1 7 2 4 0 3 11 13 12 11 0 8 8 4 4 8 15 9 5 9 7 8 9 4 9 8 9 12 5 11 7 10 8 6 0 10 6 10 10 0 4 8 13 1 12 13 9 7 6 7 13 8 11 2 7 2 11 13 3 8 11 13 6 4 5 7 8 12 6 8 10 5 11 11 12 4 8 2 2 9 10 12 9 4 6 3 14 7 4 9 8 7 8 10 
3 3 10 3 10 7 11 2 12 12 8 11 8 1 3 4 8 7 6 11 2 11 8 11 5 14 7 14 0 0 10 14 13 6 6 13 5 8 4 13 2 13 8 15 10 14 11 6 1 7 4 15 9 6 10 9 8 1 5 13 5 13 13 5 11 8 10 6 2 9 9 13 5 7 8 15 4 11 7 5 14 10 8 6 13 2 3 6 7 12 7 3 11 6 13 8 13 8 0 12 10 5 2 12 12 10 10 9 4 8 8 8 13 5 6 6 12 6 13 13 8 9 4 6 12 13 11 0 8 10 6 6 8 9 7 
4 4 10 4 10 6 11 2 12 11 8 11 8 1 2 4 8 7 6 11 1 10 8 11 5 14 7 14 0 0 9 14 13 6 6 13 5 8 4 13 2 13 8 14 10 14 10 6 1 7 4 14 9 6 10 9 8 1 5 12 4 13 13 5 11 8 9 5 2 9 8 12 4 7 8 15 4 10 7 5 14 10 7 6 13 2 2 6 6 11 6 2 11 6 13 7 13 8 0 11 10 4 1 11 12 9 10 8 4 8 7 8 12 5 6 6 12 5 12 13 7 8 3 6 11 13 11 0 7 10 6 6 8 8 7 
12 12 10 12 10 3 2 8 3 7 9 2 1 8 8 6 9 4 4 5 7 2 7 5 6 4 2 4 10 9 0 5 4 3 3 4 4 5 7 6 7 3 5 5 2 4 1 7 9 8 6 5 4 3 2 0 4 10 4 5 5 8 8 4 3 5 5 4 7 1 8 7 5 3 1 5 5 5 7 6 4 0 3 8 3 7 8 6 3 5 3 8 7 7 4 3 3 7 9 3 6 7 8 5 3 0 5 4 7 1 4 6 5 7 7 7 3 4 3 4 6 7 8 6 4 6 2 9 3 0 5 4 4 4 6 
16 16 15 16 15 8 6 13 2 6 14 5 7 12 11 11 13 9 7 4 12 3 8 4 9 3 6 2 14 14 5 0 1 8 7 0 8 6 10 2 12 1 6 4 3 2 3 12 13 13 11 1 9 7 3 4 9 14 8 3 9 5 6 9 2 10 9 9 11 4 12 5 10 9 6 3 10 4 9 9 2 5 8 13 2 12 13 8 7 4 7 13 6 10 0 6 3 12 13 2 7 10 12 4 5 5 5 9 11 6 9 11 2 10 12 13 5 8 3 0 8 11 12 8 2 4 2 14 6 5 8 7 6 9 11 
15 15 15 15 15 8 6 12 2 5 13 5 6 11 10 10 13 9 6 3 11 2 7 3 8 4 5 2 13 13 4 1 0 7 6 0 7 5 9 2 11 1 5 5 3 3 2 11 12 13 10 2 9 6 3 4 8 13 8 2 9 5 5 9 1 10 9 9 11 3 12 4 9 8 5 3 9 3 8 8 3 4 8 13 2 11 12 7 6 3 6 12 5 9 0 5 4 12 12 1 6 9 12 3 6 5 4 9 10 6 8 11 2 9 11 12 6 7 4 0 7 11 11 7 1 3 2 13 5 4 7 7 5 8 11 
9 9 8 9 8 1 4 4 6 8 6 4 2 5 5 2 6 2 2 7 4 5 7 7 4 7 2 8 6 6 3 8 7 0 2 7 2 5 5 8 4 7 5 8 4 8 4 4 5 5 3 8 3 2 4 3 2 7 1 8 1 9 10 1 6 4 4 1 4 4 6 9 1 1 1 8 2 6 6 4 8 3 2 5 6 4 5 5 2 7 1 5 8 6 7 3 6 5 6 6 7 5 5 7 6 3 6 3 5 2 2 4 8 6 4 5 5 1 6 7 5 5 6 5 6 8 5 6 3 3 4 3 4 3 4 
8 8 10 8 10 3 6 5 6 6 9 6 3 4 4 4 8 5 0 5 4 4 4 5 2 8 1 8 6 6 3 7 6 2 0 7 0 3 3 7 4 7 3 8 3 8 4 6 6 7 4 8 6 0 3 3 5 7 1 6 3 8 8 3 5 6 6 3 4 3 8 7 3 3 2 8 2 5 4 2 8 4 4 7 7 4 6 3 0 6 0 5 6 4 7 1 7 7 5 5 5 3 5 5 7 4 4 5 4 3 4 7 6 4 6 6 7 1 6 6 3 7 5 2 5 7 4 6 1 4 1 1 2 5 6 
15 15 14 15 14 8 5 12 1 5 13 5 6 11 11 10 13 9 7 4 11 2 7 4 8 3 5 2 13 13 4 0 0 7 7 0 7 6 9 2 11 1 6 4 3 2 2 11 12 12 10 1 8 6 3 4 8 14 8 3 9 5 6 8 2 9 9 9 11 3 12 5 9 8 5 3 9 3 8 9 2 4 8 13 1 11 12 8 6 4 6 12 6 9 0 5 3 11 12 1 6 10 12 4 5 5 5 8 10 5 8 11 2 10 11 12 5 7 3 0 7 11 11 8 2 4 2 13 5 4 7 7 5 8 10 
8 8 10 8 10 3 6 5 6 7 8 6 3 4 3 3 8 4 1 6 3 5 5 6 2 8 1 8 5 5 4 8 7 2 0 7 0 4 3 8 3 7 3 9 4 9 5 5 5 7 3 9 6 0 4 3 5 6 0 7 2 8 9 2 5 6 6 3 3 3 8 8 2 3 3 9 1 5 4 2 9 4 4 7 7 4 5 3 1 6 1 5 7 4 7 2 7 7 5 6 5 3 4 6 7 4 5 5 3 3 4 6 7 3 5 6 7 1 7 7 3 7 4 3 6 8 5 5 2 4 2 1 3 5 5 
9 9 14 9 14 6 8 8 6 3 12 7 6 7 5 7 12 8 2 2 7 4 1 3 3 8 3 8 8 8 5 6 5 5 3 6 4 0 4 5 7 6 0 9 3 8 5 9 8 11 7 8 9 3 3 4 8 8 5 4 6 4 5 6 3 9 9 7 6 3 11 4 6 7 5 9 5 2 2 3 8 5 7 11 7 7 9 2 3 3 4 8 3 3 6 1 8 11 8 4 1 4 8 3 9 6 1 9 4 5 7 10 4 4 9 10 8 4 7 6 1 11 5 2 3 4 4 8 2 6 2 2 1 8 9 
5 5 12 5 12 6 9 5 9 7 10 9 6 3 1 5 10 7 3 6 3 7 4 7 1 11 4 11 4 4 7 10 9 5 3 9 3 4 0 9 4 10 4 12 6 11 7 7 4 9 5 11 8 3 6 6 8 4 3 8 4 8 9 5 7 8 9 5 3 6 10 8 4 6 6 12 3 6 2 0 11 7 7 9 10 4 5 2 3 7 4 5 6 2 9 4 10 9 4 8 5 0 4 7 10 7 5 8 0 6 7 9 8 1 7 8 10 3 10 9 3 9 1 2 7 8 7 4 4 7 2 2 4 8 8 
15 15 16 15 16 9 8 13 4 3 15 7 8 12 10 11 15 10 7 2 11 3 6 2 8 6 6 4 13 13 6 2 2 8 7 2 8 5 9 0 11 3 5 7 4 5 4 12 13 14 11 4 10 7 3 5 10 13 8 0 10 3 3 10 2 11 11 10 11 4 14 2 10 9 7 5 9 2 7 8 5 6 9 14 4 12 13 7 6 1 7 13 4 8 2 5 6 13 12 2 4 9 12 2 8 7 3 10 9 7 10 12 0 9 12 13 8 8 6 2 6 13 10 7 1 1 3 13 5 6 7 6 5 10 12 
6 6 8 6 8 4 8 1 10 10 6 8 6 1 3 2 7 5 4 9 0 9 7 10 4 11 5 12 2 2 7 12 11 4 4 11 3 7 4 11 0 11 7 12 8 12 8 4 1 5 1 12 6 4 8 7 6 3 3 11 2 12 12 3 9 6 7 3 0 7 7 11 2 4 6 12 2 9 6 4 12 7 5 5 11 0 1 5 5 10 4 1 10 6 11 6 10 6 1 9 9 4 0 10 10 7 8 6 4 6 5 6 11 5 4 4 10 3 10 11 6 6 4 5 9 11 9 2 5 7 5 5 6 6 5 
15 15 13 15 13 7 5 12 0 6 12 4 5 12 11 10 12 8 7 5 11 2 8 4 9 2 5 1 13 13 3 1 1 7 7 1 7 6 10 3 11 0 6 3 3 1 2 10 12 12 10 1 8 6 3 3 7 14 8 4 8 6 7 8 3 9 8 8 11 3 11 6 9 7 5 2 9 4 9 9 1 3 7 12 0 11 12 8 6 4 6 12 7 9 1 5 2 11 12 2 7 10 12 4 4 4 6 8 10 5 7 10 3 10 10 11 4 7 2 0 7 10 11 8 3 5 2 13 5 3 7 7 5 7 10 
9 9 13 9 13 6 7 8 6 3 12 7 6 7 5 7 12 8 2 2 6 3 2 3 3 8 3 7 8 8 5 6 5 5 3 6 3 0 4 5 7 6 0 9 3 8 4 9 8 11 7 7 8 3 3 4 8 8 4 4 6 5 5 6 3 9 9 6 6 3 11 4 6 7 5 8 5 2 2 3 8 5 7 11 6 7 9 2 2 3 3 8 3 3 5 1 7 11 8 4 2 4 8 3 8 6 1 8 4 5 7 10 4 4 9 10 8 4 7 5 1 10 5 2 3 4 4 8 2 5 2 2 0 8 9 
17 17 12 17 12 8 3 13 3 10 12 3 6 13 13 10 11 8 9 8 12 5 11 8 11 0 7 2 15 14 5 4 5 8 8 4 9 9 12 7 12 3 9 0 5 2 4 10 13 11 11 3 7 8 6 5 7 15 9 7 9 10 11 9 6 8 7 9 12 6 10 10 10 8 6 1 10 8 12 11 1 4 7 12 2 12 13 11 8 8 8 13 10 12 4 8 1 10 14 5 10 12 13 8 2 4 9 7 13 6 7 9 7 12 10 11 2 9 2 4 10 9 13 11 6 8 5 14 8 4 10 9 8 7 9 
12 12 12 12 12 5 4 9 2 5 11 4 3 8 7 7 10 6 3 3 8 1 5 3 5 5 2 4 10 10 2 3 3 4 3 3 4 3 6 4 8 3 3 5 0 4 1 8 9 10 7 4 6 3 0 1 6 10 5 3 6 6 6 5 1 7 7 6 7 0 10 5 6 5 2 5 6 2 6 5 4 2 5 10 3 8 9 5 3 3 3 9 5 6 3 2 4 9 9 1 5 7 9 3 5 3 3 6 7 3 6 8 3 7 8 9 5 4 3 3 4 9 8 5 2 4 1 10 2 2 4 4 2 6 8 
17 17 14 17 14 8 5 13 2 8 13 4 6 13 12 11 12 9 8 7 12 4 10 6 10 1 7 0 14 14 4 2 3 8 8 2 9 8 11 5 12 1 8 2 4 0 3 11 14 12 11 0 8 8 5 5 8 15 9 5 9 8 9 9 4 9 8 9 12 5 11 8 10 8 6 0 10 6 11 10 0 4 8 13 1 12 13 10 7 6 7 13 9 11 2 7 2 11 14 4 9 11 13 6 4 5 7 8 12 6 8 10 5 11 11 12 4 8 2 2 9 10 13 10 4 6 3 14 7 4 9 9 7 8 10 
13 13 12 13 12 5 3 9 1 6 11 3 3 9 9 7 10 6 4 4 9 1 7 4 6 3 3 3 11 10 1 3 2 4 4 2 5 5 7 4 8 2 4 4 1 3 0 8 10 10 8 3 6 4 1 1 5 11 5 4 6 6 7 6 2 7 6 6 8 1 9 6 6 5 3 4 6 3 7 7 3 1 5 10 2 9 10 6 4 4 4 9 6 8 2 3 2 9 10 2 6 8 9 4 4 2 4 6 8 3 5 8 4 8 8 9 4 5 2 2 6 8 9 6 2 5 1 11 3 2 5 5 4 6 8 
10 10 4 10 4 3 6 3 10 13 2 7 5 6 7 2 2 2 7 11 5 9 11 11 8 10 6 11 6 6 7 12 11 4 6 11 5 9 7 12 4 10 9 10 8 11 8 0 5 1 2 12 3 6 9 7 3 7 4 12 3 14 14 3 10 2 4 2 5 8 2 13 3 3 5 11 4 11 10 8 11 7 3 1 10 4 3 8 6 12 5 3 12 9 11 8 9 2 6 10 11 8 4 11 8 6 11 3 8 5 3 1 12 9 0 0 8 4 9 11 9 2 8 8 10 13 9 6 7 7 8 7 8 3 0 
5 5 9 5 9 6 10 1 12 12 7 10 7 1 3 3 7 6 6 11 1 10 9 11 5 13 7 13 1 1 9 13 12 5 6 12 5 8 4 13 1 12 8 13 9 14 10 5 0 5 3 14 8 6 9 8 7 2 4 12 4 13 13 4 11 7 8 4 1 9 7 13 3 6 7 14 3 11 7 5 13 9 6 5 12 1 1 6 6 11 6 1 11 6 13 7 12 7 1 11 10 5 0 11 11 9 10 7 4 7 6 6 12 5 5 4 11 5 12 12 8 7 4 6 11 13 10 0 7 9 6 6 8 7 5 
11 11 3 11 3 4 7 4 11 14 1 8 6 7 8 3 1 3 8 13 6 11 12 13 9 11 7 12 7 7 8 13 13 5 7 12 7 11 9 14 5 12 11 11 10 12 10 1 5 0 3 13 4 7 10 8 4 8 6 13 4 15 16 4 11 3 4 4 6 9 1 15 4 4 7 12 5 12 11 9 12 8 4 0 11 4 4 10 8 13 7 4 14 11 13 9 10 1 6 12 13 9 5 13 9 7 12 4 9 6 4 1 13 10 1 1 8 6 10 12 11 2 9 10 12 14 10 6 9 8 9 9 10 4 1 
8 8 7 8 7 3 7 1 9 11 5 7 4 3 4 0 5 3 4 10 2 8 8 10 5 10 4 11 4 4 6 11 10 3 4 10 3 7 5 11 1 10 7 11 7 11 8 2 3 3 0 11 5 4 7 6 4 5 2 11 1 12 12 1 9 4 5 1 2 7 5 12 1 3 5 11 1 9 7 5 11 6 3 3 10 1 2 6 4 10 4 1 10 7 10 6 9 4 3 9 9 6 2 10 8 6 9 4 5 5 3 4 11 6 2 2 8 3 9 10 7 4 6 6 9 11 8 3 5 6 5 5 7 4 3 
17 17 14 17 14 8 5 13 2 7 13 5 7 13 12 11 13 9 8 6 12 4 9 5 10 2 7 0 15 14 5 1 2 8 8 1 9 8 11 4 12 1 7 3 4 0 3 12 14 13 11 0 8 8 4 5 8 15 9 4 10 7 8 9 4 10 9 9 12 5 12 7 10 9 6 1 10 5 10 10 1 5 8 13 1 12 13 10 7 5 8 13 8 11 2 7 2 12 14 3 8 11 13 5 4 5 7 9 12 6 9 11 4 11 12 12 4 9 2 2 9 11 13 9 4 6 3 14 7 5 9 8 7 8 11 
13 13 5 13 5 2 3 6 7 11 4 3 2 8 9 4 4 1 6 10 7 7 10 10 8 7 5 8 9 9 4 9 9 3 6 8 6 9 8 10 6 8 8 7 6 8 6 3 8 4 5 8 0 6 7 5 0 10 5 10 4 12 13 3 8 1 0 3 7 6 3 12 4 2 3 8 5 9 10 8 8 4 1 5 7 6 6 9 6 10 5 6 11 10 9 7 6 3 8 8 11 9 7 10 4 3 9 0 9 3 1 2 10 9 3 4 4 5 6 8 9 2 10 9 8 11 7 9 6 4 8 7 8 0 2 
9 9 10 9 10 3 6 5 6 6 9 5 3 5 4 4 8 5 0 5 4 4 4 5 2 8 1 8 6 6 3 7 6 2 0 6 0 3 3 7 4 6 3 8 3 8 4 6 6 7 4 8 6 0 3 3 5 7 1 6 3 8 8 3 5 6 6 3 4 3 8 7 3 3 2 8 2 5 4 3 8 4 4 7 6 4 6 3 0 5 0 5 6 4 6 1 7 7 5 5 5 4 5 5 7 4 4 5 4 3 4 7 6 4 6 6 7 1 6 6 3 7 5 2 5 7 4 6 1 4 2 1 2 5 6 
12 12 12 12 12 5 5 9 2 4 11 4 4 8 7 7 11 7 3 3 8 0 5 3 5 5 2 4 10 10 2 3 3 4 3 3 4 3 6 3 8 3 3 6 0 5 1 9 9 10 7 4 7 3 0 2 6 10 5 3 6 5 6 6 1 8 7 6 7 0 10 5 6 6 3 5 6 2 5 5 5 3 6 10 3 8 9 5 3 3 3 9 5 6 3 2 4 10 9 1 4 6 9 3 5 3 3 7 7 3 6 9 3 6 9 9 5 4 4 3 4 9 8 4 1 4 1 10 2 3 4 4 2 6 8 
12 12 10 12 10 3 3 8 3 6 9 3 2 8 7 6 9 5 3 5 7 2 6 5 5 4 2 4 9 9 0 4 4 3 3 4 3 4 6 5 7 3 4 5 1 5 1 7 8 8 6 5 5 3 2 0 4 10 4 5 5 7 8 4 3 5 5 4 7 1 8 7 5 4 1 5 5 4 7 6 5 1 4 8 3 7 8 5 2 5 2 8 7 7 4 3 3 8 8 3 6 7 8 5 4 1 5 5 7 1 4 7 5 7 7 8 4 3 3 4 5 7 8 5 3 6 2 9 2 1 4 4 3 4 6 
12 12 6 12 6 1 3 6 6 11 5 3 2 7 8 4 4 1 5 9 6 7 9 9 7 7 4 8 8 8 4 9 8 2 5 8 5 8 8 10 6 7 8 7 6 8 5 3 7 4 4 8 0 5 6 4 0 9 4 9 3 12 12 2 7 1 1 2 6 5 4 11 3 1 3 8 4 8 9 7 7 3 0 4 7 5 6 8 5 9 4 6 11 9 8 6 6 3 8 7 10 8 6 9 4 3 9 0 8 2 0 2 9 8 3 4 4 4 5 8 8 2 9 8 8 10 6 8 5 3 7 6 7 0 2 
2 2 11 2 11 8 12 4 13 12 9 12 9 2 3 5 10 8 7 11 2 11 8 11 5 15 8 15 1 1 10 14 13 7 7 14 6 8 4 13 3 14 8 15 10 15 11 7 2 8 5 15 10 7 10 10 9 0 6 13 6 13 13 6 12 9 11 7 3 10 10 13 5 8 9 15 5 11 7 5 15 11 9 8 14 3 4 6 7 12 7 4 11 6 14 8 14 9 1 12 10 4 3 12 13 10 10 10 4 9 8 9 13 5 7 7 13 6 13 13 7 10 3 6 12 13 11 1 8 11 6 6 8 10 8 
8 8 9 8 9 2 6 4 7 8 7 6 3 4 3 2 7 3 2 7 3 6 6 7 3 8 2 9 5 5 4 8 8 1 1 8 0 5 3 8 3 8 4 9 5 9 5 4 4 6 2 9 5 1 5 4 4 6 0 8 1 9 10 1 6 5 6 2 2 4 7 9 1 2 3 9 1 6 5 3 9 4 3 6 8 3 4 4 2 7 1 4 8 5 8 3 7 6 4 6 6 4 4 7 7 4 6 5 4 3 3 5 8 4 4 5 7 0 7 8 4 6 5 3 6 8 6 5 3 4 3 2 4 4 4 
14 14 16 14 16 8 8 12 4 2 14 7 7 11 10 10 14 10 6 1 11 2 5 1 7 6 6 5 13 12 5 3 2 8 6 3 7 4 8 0 11 4 4 7 3 5 4 12 12 13 11 4 10 6 3 5 9 13 8 0 9 2 3 9 1 11 10 9 10 4 13 2 9 9 6 6 9 1 7 7 5 6 9 14 4 11 12 6 6 1 6 12 3 7 2 4 6 13 12 1 4 8 12 1 8 6 3 10 9 7 9 12 0 8 12 13 8 8 6 3 5 12 10 6 1 1 3 13 5 6 6 6 4 10 12 
8 8 7 8 7 1 6 3 8 9 6 6 3 4 4 1 6 2 3 8 3 7 7 8 4 9 3 9 5 4 5 9 9 1 3 9 2 6 4 10 2 8 6 9 6 9 6 3 4 4 1 10 4 3 6 5 3 6 1 9 0 11 11 0 7 4 5 1 2 5 5 10 0 2 3 10 1 8 6 4 9 5 2 4 8 2 3 5 3 9 2 3 9 6 9 4 8 5 4 8 8 5 3 8 7 4 7 4 5 3 2 4 9 5 3 3 7 1 8 9 6 5 5 5 8 10 7 4 4 5 4 4 5 3 3 
14 14 18 14 18 10 10 13 7 1 16 10 9 12 10 12 16 12 7 2 11 5 5 2 8 9 7 7 13 13 8 5 5 9 8 5 8 4 8 3 12 6 5 10 6 8 6 14 13 15 12 7 12 8 5 7 12 13 9 2 11 0 0 11 4 13 13 11 11 6 15 0 11 11 8 8 10 3 6 8 8 8 11 15 7 12 14 6 7 2 8 13 2 7 5 6 9 15 13 4 3 8 13 2 10 9 3 12 9 9 11 14 2 8 14 14 10 9 8 5 5 14 10 6 4 1 5 13 6 8 7 7 5 12 14 
14 14 18 14 18 11 11 13 7 1 17 10 10 12 10 12 17 13 8 3 12 6 5 3 8 10 8 8 13 13 8 6 5 10 8 6 9 5 9 3 12 7 5 11 6 9 7 14 13 16 12 8 13 8 6 8 12 13 10 3 11 0 0 11 5 14 14 12 12 6 16 1 11 11 9 9 11 3 6 8 9 9 12 16 8 13 14 7 8 3 9 14 2 7 6 6 10 16 13 5 3 8 13 3 11 9 3 13 9 10 12 15 3 8 14 15 11 9 9 6 5 15 10 7 4 2 6 13 7 9 7 7 5 13 14 
9 9 7 9 7 1 5 3 7 9 5 5 3 4 5 1 5 2 3 8 3 6 8 8 5 8 3 9 5 5 4 9 9 1 3 8 2 6 5 10 3 8 6 9 5 9 6 3 4 4 1 9 3 3 6 4 2 6 1 9 0 11 11 0 7 3 4 0 3 5 5 10 0 1 3 9 1 8 7 5 9 4 2 4 8 3 3 6 3 9 2 3 9 7 9 5 7 4 5 7 8 6 3 8 7 4 7 3 5 3 2 3 9 6 3 3 6 1 7 8 6 4 6 5 8 10 6 5 4 4 5 4 5 3 3 
13 13 14 13 14 7 6 10 2 3 12 5 5 10 8 9 12 8 5 2 9 0 5 2 6 5 4 4 11 11 3 2 1 6 5 2 5 3 7 2 9 3 3 6 1 4 2 10 11 11 9 4 8 5 1 3 7 12 6 1 7 4 5 7 0 9 9 7 9 2 11 4 7 7 4 5 7 1 6 6 4 4 7 12 3 10 11 5 4 2 5 10 4 7 2 3 5 11 10 0 4 7 10 2 6 4 3 8 8 5 7 10 1 7 10 11 6 6 4 2 5 10 9 5 0 3 1 11 3 4 5 5 3 8 10 
12 12 4 12 4 3 4 6 8 12 3 5 3 8 8 4 3 1 7 11 7 8 11 11 8 8 5 9 8 8 5 10 10 4 6 9 6 9 8 11 6 9 9 8 7 9 7 2 7 3 4 10 1 6 8 5 1 9 5 11 4 13 14 3 9 0 1 3 6 7 2 13 4 2 4 9 5 10 10 8 9 5 2 3 8 6 6 9 6 11 5 6 12 10 10 7 7 2 8 9 11 9 6 11 5 4 10 0 9 4 1 1 11 10 2 3 5 5 7 9 10 1 10 9 9 12 8 8 7 5 8 8 8 1 1 
13 13 5 13 5 3 3 7 7 12 4 4 3 9 9 5 4 2 7 10 8 8 11 10 9 7 6 8 10 9 5 9 9 4 6 9 6 9 9 11 7 8 9 7 7 8 6 4 8 4 5 9 0 6 7 5 1 11 6 10 5 13 14 4 9 1 0 4 7 7 3 12 5 3 4 8 6 10 11 9 8 4 2 5 7 7 7 9 6 10 5 7 12 11 9 7 6 3 9 9 11 10 8 10 4 4 10 1 10 4 2 2 10 10 4 5 4 5 6 8 10 2 11 9 9 12 7 9 7 4 8 8 8 1 3 
9 9 7 9 7 1 5 3 7 10 5 5 3 5 5 1 5 1 4 8 4 7 8 9 5 8 3 9 6 5 4 9 9 1 3 9 3 7 5 10 3 8 6 9 6 9 6 2 4 4 1 9 3 3 6 4 2 7 2 9 1 11 12 0 7 3 4 0 3 5 4 11 1 1 3 9 2 8 7 5 9 4 2 4 8 3 3 6 3 9 3 3 10 7 9 5 7 4 5 8 9 6 4 9 6 4 8 3 6 3 1 3 9 6 2 3 6 2 7 8 7 4 6 6 8 10 7 5 4 4 5 5 6 2 2 
5 5 9 5 9 4 8 2 10 10 7 9 6 1 2 2 7 5 4 9 0 8 7 9 4 11 5 12 2 2 7 11 11 4 4 11 3 6 3 11 0 11 6 12 7 12 8 5 1 6 2 12 7 4 7 7 6 3 2 10 2 11 12 3 9 6 7 3 0 7 7 11 2 4 6 12 2 9 6 3 12 7 5 5 10 1 2 5 4 9 4 2 9 5 11 5 10 7 1 9 8 4 1 9 10 7 8 6 3 6 5 6 10 4 5 4 10 3 10 10 6 7 3 5 9 11 9 2 5 7 4 4 6 6 5 
12 12 12 12 12 4 4 8 3 5 10 4 3 8 7 6 10 6 3 3 7 1 5 3 5 5 2 5 9 9 1 4 3 4 3 3 3 3 6 4 7 3 3 6 0 5 1 8 9 9 7 5 6 3 0 1 5 10 4 4 5 6 6 5 2 7 7 5 7 0 9 5 5 5 2 5 5 3 6 5 5 2 5 9 3 7 8 4 2 3 2 8 5 6 3 2 4 9 9 2 5 6 8 3 5 2 3 6 6 3 5 8 4 6 8 9 5 4 4 3 4 8 7 4 2 5 1 9 1 2 4 3 2 6 7 
12 12 2 12 2 5 6 6 10 14 1 7 6 8 9 5 1 3 9 13 7 11 13 13 10 10 8 11 9 8 8 12 12 6 8 12 8 11 10 14 7 11 11 10 10 11 9 2 7 1 5 12 3 8 10 8 4 10 7 13 5 15 16 5 11 2 3 4 7 9 0 15 5 4 7 11 6 12 12 10 11 7 4 2 11 6 6 11 8 13 7 6 14 12 12 9 9 0 8 11 13 11 7 13 8 7 12 3 10 6 4 1 13 11 2 2 7 7 9 12 12 1 11 11 12 14 10 8 9 7 10 10 10 3 2 
13 13 17 13 17 10 10 13 6 1 16 9 9 11 9 11 16 12 7 2 11 4 4 2 7 9 7 7 13 12 7 5 4 9 7 5 8 4 8 2 11 6 4 10 5 8 6 13 13 15 12 7 12 7 5 7 11 13 9 2 10 0 1 10 4 13 12 11 11 5 15 0 10 10 8 8 10 2 6 7 8 8 11 15 7 12 13 6 7 1 8 13 1 7 5 5 8 15 12 4 2 8 12 2 10 8 2 12 8 8 11 14 2 8 13 14 10 9 8 5 5 14 9 6 3 1 5 13 6 8 6 6 4 11 13 
8 8 7 8 7 2 6 3 8 9 6 6 3 3 4 1 6 3 3 8 3 7 7 8 4 9 3 10 5 4 5 10 9 1 3 9 2 6 4 10 2 9 6 10 6 10 6 3 3 4 1 10 4 3 6 5 3 5 1 9 0 11 11 0 7 4 5 1 2 5 5 10 0 2 3 10 0 8 6 4 10 5 3 4 8 2 3 5 3 9 2 3 9 6 9 4 8 5 4 8 8 5 3 8 7 5 7 4 5 3 3 4 9 5 3 3 7 1 8 9 6 5 5 5 8 10 7 4 4 5 4 4 5 4 3 
10 10 6 10 6 0 4 5 7 10 5 4 2 6 6 2 5 1 4 8 5 6 8 8 6 7 3 8 7 7 3 9 8 1 3 8 3 7 6 9 4 7 7 8 5 8 5 3 6 4 3 9 2 3 6 4 1 8 2 9 2 11 11 1 7 2 3 1 4 5 4 10 2 0 2 8 3 8 8 6 8 3 0 4 7 4 5 6 4 9 3 4 10 8 8 5 6 4 6 7 9 7 5 8 5 3 8 2 7 2 0 3 9 7 3 3 5 2 6 8 7 3 7 6 7 10 6 6 4 3 5 5 6 1 2 
11 11 9 11 9 2 3 6 4 7 8 3 1 7 6 4 7 3 3 6 6 3 7 6 5 5 1 6 8 8 1 6 5 1 2 5 3 5 6 7 6 5 5 6 2 6 3 5 7 7 5 6 3 2 3 1 3 9 3 6 3 8 9 3 4 4 4 3 6 2 7 8 3 2 0 6 4 5 7 5 6 1 2 7 5 6 7 5 2 6 1 6 8 7 5 3 4 6 7 4 7 6 6 6 4 1 6 3 6 0 3 5 6 7 5 6 4 2 4 5 6 6 7 5 5 7 3 8 2 1 4 4 4 3 5 
17 17 14 17 14 8 5 13 2 8 13 4 6 13 13 11 13 9 9 7 13 5 10 7 11 1 7 0 15 15 5 3 3 8 8 3 9 9 12 5 12 2 8 1 5 0 4 11 14 12 11 1 8 8 5 5 8 15 9 6 10 8 9 9 5 9 8 9 12 5 11 8 10 8 6 0 10 7 11 11 0 5 8 13 1 13 13 10 8 7 8 13 9 12 3 8 2 11 14 4 9 12 13 7 4 5 8 8 12 6 8 11 6 12 11 12 4 9 2 3 10 10 13 10 5 7 4 15 7 5 9 9 8 8 11 
7 7 8 7 8 2 6 3 8 9 7 7 4 3 3 1 7 3 3 8 2 7 6 8 3 9 3 10 4 4 5 10 9 2 2 9 1 5 3 9 2 9 5 10 6 10 6 4 3 5 1 10 5 2 6 5 4 5 1 9 1 10 11 1 7 5 6 2 2 5 6 10 0 3 4 10 0 7 6 3 10 5 3 5 9 2 3 4 3 8 2 3 9 5 9 4 8 6 3 8 7 4 2 8 8 5 7 5 4 4 3 5 9 4 4 4 8 1 8 9 5 6 4 4 8 9 7 4 4 5 3 3 5 4 4 
12 12 15 12 15 7 7 10 4 2 13 7 6 9 8 9 13 9 4 0 9 2 4 0 5 7 4 6 11 10 5 4 3 6 5 3 5 2 6 2 9 4 2 8 2 6 3 11 11 12 9 5 9 5 2 4 8 11 6 1 8 3 3 8 1 10 10 8 9 3 12 2 8 8 5 7 7 0 5 5 6 5 8 12 5 9 11 4 4 0 5 10 2 6 3 3 6 12 10 2 2 6 10 0 8 6 1 9 7 6 8 11 2 6 11 11 8 6 6 3 3 11 8 4 1 2 2 11 3 5 4 4 2 9 10 
7 7 14 7 14 7 10 8 8 5 13 10 8 5 4 7 13 9 3 5 6 6 1 5 2 11 5 10 7 7 7 9 8 6 4 8 4 2 2 7 6 9 2 12 6 11 7 10 7 11 7 10 10 4 5 7 9 7 5 7 6 6 6 7 6 10 11 7 6 6 12 6 6 8 7 11 6 5 0 2 11 8 8 11 9 7 8 1 4 5 5 8 4 0 8 3 10 12 6 7 3 2 7 5 11 8 3 10 3 7 9 11 7 2 10 10 11 5 10 8 1 11 3 1 6 6 7 7 4 8 2 2 3 10 10 
6 6 12 6 12 5 9 5 8 6 10 8 6 3 2 5 10 7 2 6 3 6 3 6 0 10 4 10 5 5 6 9 8 4 2 9 2 3 0 8 4 9 3 11 5 10 7 8 5 9 5 10 8 3 5 6 7 5 3 7 4 8 8 5 6 8 9 5 3 5 10 7 4 6 5 11 3 5 2 0 10 7 7 9 9 5 6 1 3 6 3 6 6 1 8 3 9 10 4 7 4 1 5 6 10 7 4 8 1 6 7 9 7 1 8 8 10 3 9 8 2 9 2 1 7 7 7 5 3 7 1 1 3 8 8 
17 17 13 17 13 8 4 13 2 8 13 4 6 13 12 10 12 9 8 7 12 4 10 6 10 1 7 0 14 14 4 2 3 8 8 2 9 8 11 5 12 1 8 1 4 0 3 11 13 12 11 1 8 8 5 5 7 15 9 5 9 8 9 9 4 9 8 9 12 5 11 8 10 8 6 0 10 6 11 10 0 4 7 12 1 12 13 10 7 6 7 13 9 11 3 7 1 11 14 4 9 11 13 6 3 5 7 8 12 6 8 10 5 12 11 12 3 8 1 2 9 10 13 10 4 7 3 14 7 4 9 9 7 8 10 
13 13 10 13 10 3 2 8 3 7 9 1 1 8 8 6 8 4 4 6 8 3 7 6 6 4 2 4 10 10 0 5 4 3 4 4 4 5 7 6 7 3 5 4 2 4 1 7 9 8 6 5 4 4 3 1 3 11 4 6 5 8 9 4 4 5 4 4 7 2 7 8 5 3 1 5 5 5 8 7 4 0 3 8 3 7 8 6 3 6 3 8 8 8 4 4 3 7 9 4 7 8 8 6 3 0 6 4 8 1 4 6 6 8 7 7 3 4 2 4 6 6 9 6 4 7 2 10 3 0 5 5 4 4 6 
11 11 6 11 6 1 3 5 6 10 5 3 1 7 7 3 5 1 5 9 6 6 9 9 7 7 3 8 8 7 3 8 8 2 4 8 4 7 7 9 5 7 7 7 5 8 5 3 6 4 3 8 1 4 6 4 0 9 3 9 2 11 12 2 7 2 2 2 5 5 4 11 3 0 2 8 3 8 8 7 7 3 0 4 7 5 5 7 4 9 3 5 10 8 8 5 6 3 7 7 9 8 6 9 5 3 8 1 7 2 0 3 9 8 3 4 4 3 6 7 8 3 8 7 7 10 6 7 5 3 6 6 6 1 2 
10 10 3 10 3 5 8 4 11 14 1 8 6 7 8 3 1 3 8 13 6 11 12 13 9 11 7 13 6 6 8 13 13 5 7 13 7 11 9 14 5 12 11 12 10 13 10 1 5 0 3 13 5 7 10 8 4 8 6 14 4 15 16 4 12 3 5 4 5 9 2 15 4 4 7 13 5 12 11 9 12 8 4 0 12 4 3 10 8 13 7 4 14 11 13 9 11 2 6 12 13 9 5 13 9 8 12 4 9 7 4 2 14 10 1 1 9 6 10 12 11 2 9 10 12 14 11 6 9 8 9 9 10 4 2 
15 15 13 15 13 7 4 11 0 7 12 3 5 11 11 9 12 8 7 6 11 3 9 5 9 1 5 1 13 13 3 2 2 6 7 1 7 7 10 4 11 0 6 2 3 1 2 10 12 11 10 1 7 6 3 3 7 14 8 4 8 7 8 8 3 8 7 8 10 3 11 7 8 7 5 1 9 5 9 9 1 3 7 12 0 11 12 8 6 5 6 12 8 10 2 6 1 10 12 3 7 10 11 5 3 4 6 7 10 5 7 9 4 10 10 11 3 7 1 1 8 9 11 8 3 6 2 13 5 3 8 7 6 7 9 
6 6 8 6 8 4 8 0 10 11 6 9 6 2 3 1 6 4 5 10 1 9 8 10 5 12 5 12 2 2 7 12 11 4 4 11 4 7 4 12 0 11 7 12 8 12 9 4 1 4 1 12 6 4 8 7 5 3 3 11 2 12 13 3 10 6 7 3 1 7 6 12 2 4 6 13 2 9 7 5 12 7 5 4 11 0 1 6 5 10 4 1 11 6 11 6 10 6 2 10 9 5 0 10 10 7 9 6 4 6 5 5 11 5 4 3 10 3 10 11 7 6 5 6 10 12 9 2 6 8 5 5 7 6 4 
6 6 7 6 7 5 9 0 11 12 5 9 6 3 4 2 5 5 6 11 2 10 9 11 6 12 6 13 3 2 8 13 12 5 6 12 5 9 5 13 1 12 9 13 9 13 10 3 1 4 2 13 6 6 9 8 6 4 4 12 3 14 14 3 11 6 7 3 2 8 6 13 3 5 7 13 3 11 8 6 13 8 5 3 12 1 0 7 6 12 6 0 12 7 12 7 11 5 2 11 10 6 1 11 10 8 10 6 5 7 5 5 12 6 3 3 10 4 11 12 8 6 6 7 11 13 10 2 7 8 6 6 8 6 4 
7 7 13 7 13 6 9 7 8 5 11 8 6 5 3 6 11 8 2 4 5 5 2 5 1 10 4 9 6 6 6 8 7 5 3 8 3 2 2 7 5 8 2 11 5 10 6 8 6 10 6 10 9 3 5 5 8 6 4 6 5 6 7 6 5 9 9 6 5 4 11 6 5 6 5 10 4 4 1 1 10 6 7 10 8 6 7 0 3 5 4 7 4 1 8 2 9 10 6 6 3 1 6 5 10 7 3 8 2 6 7 9 6 1 8 9 9 4 9 8 1 10 3 0 6 6 6 6 3 7 1 1 2 8 9 
9 9 11 9 11 3 5 6 5 6 9 5 3 5 4 4 9 5 0 5 5 4 4 5 2 7 0 7 7 6 3 7 6 2 0 6 1 3 3 6 5 6 2 8 3 7 4 6 6 8 4 7 6 0 3 2 5 7 2 6 3 7 8 3 4 6 6 3 4 2 8 7 3 4 2 8 3 4 4 3 7 3 4 8 6 5 6 3 0 5 1 6 6 4 6 1 6 8 6 4 5 4 5 5 7 3 4 6 4 3 4 7 6 4 6 7 6 1 6 6 3 7 5 2 4 6 4 7 0 4 2 1 2 5 6 
13 13 16 13 16 8 8 11 4 1 14 7 7 10 9 10 14 10 5 0 10 2 4 0 6 7 5 6 12 11 5 4 3 7 6 4 6 3 7 1 10 4 3 8 3 6 4 12 11 13 10 5 10 5 3 5 9 12 7 1 9 2 3 9 2 11 10 9 9 3 13 1 9 9 6 7 8 0 5 6 6 6 9 13 5 10 12 5 5 0 6 11 2 6 3 4 7 13 11 2 2 7 11 0 8 6 1 10 8 7 9 12 1 7 12 12 8 7 6 3 4 12 8 5 1 1 3 12 4 6 5 5 3 10 11 
9 9 10 9 10 2 5 5 5 7 8 5 2 5 4 3 8 4 1 5 4 4 5 6 3 7 0 7 7 6 3 7 6 1 0 6 1 4 4 7 4 6 3 8 3 7 4 5 6 7 4 8 5 0 3 2 4 7 1 6 2 8 9 2 5 5 5 3 4 2 7 8 2 3 1 8 2 5 5 3 7 3 3 7 6 4 6 4 1 6 0 5 7 5 6 2 6 7 6 5 6 4 5 6 6 3 5 5 4 2 3 6 6 5 5 6 6 1 6 6 4 6 5 3 5 7 4 6 1 3 2 2 3 4 5 
6 6 7 6 7 4 9 0 11 12 5 9 6 3 4 2 5 4 6 11 2 10 9 11 6 12 6 13 3 2 8 13 12 5 5 12 5 8 5 13 1 12 8 13 9 13 9 3 1 4 1 13 6 5 9 8 6 4 4 12 3 13 14 3 10 6 7 3 2 8 6 13 3 4 6 13 3 10 8 6 13 8 5 4 12 1 0 7 6 11 5 0 12 7 12 7 11 5 2 11 10 6 1 11 10 8 10 6 5 6 5 5 12 6 3 3 10 4 11 12 8 6 5 7 11 13 10 2 7 8 6 6 8 6 4 
12 12 17 12 17 9 10 11 7 0 15 9 9 9 8 10 15 11 6 2 10 5 2 2 5 9 6 8 11 11 7 6 5 8 6 6 7 3 6 4 10 7 3 10 5 9 6 12 11 14 10 8 11 6 5 7 11 11 8 3 9 2 2 9 4 12 12 10 9 5 14 1 9 10 8 9 9 2 4 6 9 8 10 14 8 11 12 4 6 2 7 12 0 5 6 4 9 14 11 4 1 6 11 2 10 8 1 11 7 8 10 13 3 6 12 13 10 8 9 6 3 13 7 4 4 2 5 11 5 8 5 5 4 11 12 
6 6 14 6 14 7 10 7 9 6 12 10 8 5 3 7 12 9 3 5 5 7 2 6 1 11 5 11 6 6 7 10 9 6 4 9 4 3 2 8 6 9 3 12 6 11 8 9 6 11 7 11 10 4 6 7 9 6 5 7 6 7 7 7 7 10 11 7 5 6 12 7 6 8 7 12 5 6 0 1 11 8 8 11 10 6 7 1 4 6 5 7 5 0 9 4 10 11 6 7 4 1 6 6 11 8 4 10 2 7 8 11 8 1 9 10 11 5 10 9 2 11 2 1 7 7 7 6 4 8 2 2 4 9 10 
15 15 15 15 15 8 6 12 1 5 13 5 6 12 11 10 13 9 7 4 11 2 7 3 8 4 6 2 13 13 4 0 0 7 7 0 7 6 9 2 11 1 5 4 3 2 2 11 13 13 10 2 9 6 3 4 8 14 8 2 9 5 6 9 2 10 9 9 11 3 12 5 9 8 5 3 9 3 8 8 3 4 8 13 2 11 12 8 6 3 6 12 6 9 0 5 4 12 12 1 6 9 12 3 5 5 5 9 10 6 8 11 2 9 11 12 5 8 3 0 7 11 11 8 2 3 2 13 5 4 7 7 5 8 11 
10 10 12 10 12 4 6 7 5 4 10 6 4 6 5 6 10 6 1 3 6 3 3 3 3 7 1 7 8 7 3 6 5 3 1 5 2 1 4 5 6 5 1 8 2 7 3 8 7 9 6 7 7 1 2 3 6 8 3 4 4 6 6 5 3 7 7 5 5 2 9 5 4 5 3 8 4 3 3 3 7 4 5 9 6 6 7 2 1 4 2 7 4 4 5 0 6 9 7 3 3 4 7 3 7 4 2 7 4 3 5 8 5 4 8 8 7 3 6 5 2 9 5 2 3 5 3 8 0 4 1 1 0 6 7 
16 16 11 16 11 6 2 11 2 8 11 2 4 11 11 9 10 7 7 7 11 4 10 7 9 1 5 2 13 13 3 3 4 6 7 3 7 8 10 6 10 2 7 1 4 2 2 9 12 10 9 2 6 7 4 3 6 14 7 6 8 9 10 7 5 7 6 7 10 4 9 8 8 6 4 2 8 6 10 9 1 3 6 11 1 10 11 9 6 7 6 11 9 10 4 6 0 9 12 4 9 11 11 7 1 3 7 6 11 4 6 8 6 11 9 10 1 7 0 3 9 8 12 9 5 7 3 13 6 2 8 8 7 6 8 
12 12 2 12 2 4 6 5 10 14 1 7 5 8 9 4 1 2 8 12 7 10 12 12 9 10 7 11 8 8 7 12 12 5 7 11 7 11 9 13 6 11 11 10 9 11 9 2 7 1 4 12 3 7 10 8 3 9 6 13 5 15 16 4 11 2 3 4 7 9 0 15 5 4 6 11 6 12 12 10 11 7 3 2 10 6 5 10 8 13 7 5 14 11 12 9 9 0 8 11 13 10 6 13 7 6 12 3 10 6 3 0 13 10 2 2 7 6 9 11 11 0 10 10 11 14 10 8 9 7 9 9 10 3 1 
4 4 10 4 10 6 10 2 12 11 8 10 8 1 2 4 8 6 5 10 1 10 8 11 5 13 6 13 0 0 9 13 12 6 5 12 5 8 4 12 1 12 8 14 9 14 10 6 1 6 3 14 8 5 9 8 8 1 4 12 4 13 13 5 10 8 9 5 1 9 8 12 4 6 7 14 3 10 6 4 14 9 7 6 12 2 2 6 6 11 6 2 11 6 12 7 12 8 0 11 9 4 1 11 12 9 9 8 3 8 7 7 12 4 6 5 11 5 12 12 7 8 3 6 11 12 10 0 7 9 5 6 7 8 6 
13 13 14 13 14 7 6 11 2 4 13 5 5 10 9 9 12 8 5 2 10 0 5 2 6 5 4 3 12 11 3 2 1 6 5 1 6 4 8 2 9 2 4 5 1 4 2 10 11 12 9 3 8 5 1 3 7 12 6 1 8 4 5 7 0 9 9 8 9 2 11 4 8 7 4 4 8 2 7 7 4 4 7 12 3 10 11 6 4 2 5 11 4 7 1 3 4 11 11 0 4 8 10 2 6 4 3 8 8 5 7 10 1 8 10 11 6 6 4 1 5 10 9 6 0 3 1 11 4 4 5 5 3 8 10 
10 10 16 10 16 8 9 10 7 1 14 9 8 8 7 9 14 10 4 2 8 4 1 2 4 9 5 8 10 10 6 7 6 7 5 6 5 1 5 4 9 7 2 10 5 9 6 11 10 13 9 8 11 5 4 6 10 10 6 4 8 3 3 8 4 11 11 9 8 5 13 2 8 9 7 9 7 2 3 4 9 7 9 13 7 9 10 3 5 2 6 10 1 4 6 3 9 13 9 4 0 5 9 2 10 7 1 10 6 7 9 12 4 5 11 12 10 6 8 6 2 12 6 3 4 3 5 10 4 7 4 4 2 10 11 
5 5 13 5 13 6 10 6 9 7 11 9 7 3 1 6 11 8 3 6 3 7 3 7 1 11 5 11 5 4 7 10 9 5 3 10 3 4 0 9 4 10 4 12 7 11 8 8 5 9 6 11 9 4 6 7 8 4 4 8 5 8 8 6 7 9 10 6 4 6 11 8 5 7 6 12 4 6 2 1 11 8 8 9 10 5 6 1 4 7 4 6 6 1 9 4 11 10 4 8 5 0 5 7 11 8 5 9 0 7 8 9 8 0 8 8 11 4 10 9 3 10 1 2 8 8 8 5 4 8 2 2 4 9 8 
5 5 8 5 8 5 9 0 11 11 6 9 6 1 3 2 7 5 5 10 1 10 8 11 5 12 6 13 2 1 8 12 12 5 5 12 4 8 4 12 0 12 8 13 9 13 9 4 0 5 2 13 7 5 9 8 6 3 4 12 3 13 13 3 10 6 8 4 1 8 7 12 3 5 6 13 2 10 7 5 13 8 6 5 11 0 1 6 5 11 5 1 11 6 12 7 11 6 1 10 9 5 0 11 11 8 9 6 4 7 5 6 12 5 4 4 10 4 11 12 7 7 4 6 10 12 10 1 6 8 5 6 7 6 5 
13 13 15 13 15 8 8 11 4 1 14 7 7 10 8 10 14 10 5 0 10 2 4 0 6 7 5 6 12 11 5 4 3 7 5 4 6 3 7 2 10 4 3 8 3 6 4 11 11 13 10 5 10 5 3 5 9 12 7 1 8 2 3 8 2 11 10 9 9 3 13 2 8 8 6 7 8 0 5 6 6 6 9 13 5 10 11 5 5 0 6 11 2 6 3 3 7 13 11 2 2 7 11 0 8 6 1 10 8 6 9 12 1 7 11 12 8 7 6 4 4 12 8 5 1 1 3 11 4 6 5 5 3 9 11 
16 16 10 16 10 5 1 10 3 10 9 1 4 11 11 8 9 6 7 8 10 5 10 8 10 2 6 4 12 12 3 5 6 6 7 5 7 9 10 8 10 4 8 2 5 4 4 8 11 9 8 4 4 7 5 4 4 13 7 8 7 10 11 7 6 5 4 6 10 5 8 10 7 5 4 4 8 8 11 10 3 3 5 9 3 10 10 10 7 8 6 10 10 11 5 7 1 7 12 6 10 11 11 8 0 3 9 5 11 4 5 7 8 11 8 9 0 7 2 5 10 6 12 9 6 9 5 12 6 3 9 8 7 4 7 
12 12 9 12 9 3 1 8 3 8 8 1 1 8 8 5 8 4 4 6 7 3 8 6 6 4 2 5 10 9 0 5 5 3 4 5 4 6 7 7 7 4 6 4 3 5 2 6 9 7 6 5 3 4 3 1 3 10 4 6 4 9 9 4 4 4 4 4 7 2 7 8 5 3 1 5 5 6 8 7 5 0 3 8 4 7 8 7 3 6 3 8 8 8 5 4 3 6 9 4 7 8 8 6 3 0 6 3 8 1 3 6 6 8 6 7 2 4 3 4 7 6 9 6 5 7 3 9 3 0 5 5 5 3 5 
11 11 15 11 15 7 8 10 5 2 13 8 7 8 7 8 13 9 4 1 8 3 2 1 4 8 4 7 10 10 5 5 4 6 4 5 5 1 5 3 8 6 1 9 3 7 4 11 10 12 9 7 9 4 3 5 9 10 6 3 7 3 3 7 3 10 10 8 8 3 12 2 7 8 6 8 7 1 3 4 7 6 8 12 6 9 10 3 4 1 5 10 1 4 5 2 7 12 9 3 1 5 9 1 9 6 0 9 6 6 8 11 3 5 11 11 8 6 7 5 2 11 7 3 3 3 4 10 3 6 3 3 2 9 10 
12 12 5 12 5 2 3 6 7 11 4 4 2 8 8 4 4 1 6 10 7 7 10 10 8 7 5 8 9 8 4 9 9 3 5 8 5 9 8 10 6 8 8 7 6 8 6 3 7 4 4 9 0 5 7 5 0 10 5 10 4 12 13 3 8 0 1 3 6 6 3 12 4 2 3 8 5 9 10 8 8 4 1 4 7 6 6 8 6 10 5 6 11 10 9 7 6 3 8 8 10 9 6 10 5 3 9 0 9 3 1 2 10 9 3 4 4 4 6 8 9 2 9 8 8 11 7 8 6 4 7 7 7 0 2 
5 5 12 5 12 6 10 5 10 7 10 10 7 2 1 5 10 8 3 7 3 8 4 7 1 12 5 12 4 4 7 11 10 5 4 10 3 4 0 9 4 10 4 13 7 12 8 8 4 9 5 12 9 4 7 7 8 4 4 9 5 9 9 5 8 9 10 6 3 6 10 8 5 7 6 12 4 7 3 1 12 8 7 9 10 4 5 2 4 8 4 5 7 2 10 4 11 10 3 8 6 0 4 8 11 8 6 9 0 7 7 9 9 1 8 8 11 4 10 10 3 10 0 2 8 9 8 4 4 8 2 3 5 8 8 
11 11 9 11 9 2 2 6 4 8 7 2 0 7 7 4 7 3 3 6 6 4 7 6 6 5 2 6 8 8 1 6 6 2 3 5 3 5 6 7 6 5 5 6 3 6 3 5 7 6 5 6 3 3 3 1 2 9 3 7 3 9 10 3 5 4 4 3 6 3 6 8 3 2 0 6 4 6 7 6 6 1 2 7 5 6 7 6 3 7 2 6 8 7 6 3 4 6 8 5 7 7 7 6 4 1 6 3 7 0 2 5 7 7 5 6 4 2 4 5 6 5 8 6 5 8 4 8 3 1 5 4 4 2 5 
11 11 6 11 6 1 3 5 7 10 5 4 2 7 7 3 4 0 5 9 6 6 9 9 7 7 4 8 8 7 4 9 8 2 4 8 4 7 7 10 5 7 7 7 6 8 5 3 6 4 3 9 1 4 6 4 0 8 3 9 2 11 12 2 7 1 2 1 5 5 4 11 3 0 3 8 3 8 9 7 8 4 0 4 7 5 5 7 4 9 3 5 10 8 8 5 6 3 7 7 9 8 5 9 5 3 8 1 7 2 0 2 9 8 3 3 5 3 6 8 8 3 8 7 8 10 6 7 5 4 6 6 6 1 2 
12 12 3 12 3 3 5 5 9 13 2 6 4 7 8 4 2 2 7 12 7 9 11 12 9 9 6 10 8 8 6 11 11 4 7 11 6 10 9 12 6 10 10 9 8 10 8 1 6 1 4 11 2 7 9 7 2 9 5 12 4 14 15 3 10 1 2 3 6 8 1 14 4 3 5 11 5 11 11 9 10 6 3 2 9 5 5 9 7 12 6 5 13 11 11 8 8 0 7 10 12 9 6 12 7 6 11 2 9 5 2 0 12 10 1 2 7 5 8 10 10 0 10 9 10 13 9 7 8 6 8 8 9 2 1 
14 14 16 14 16 9 8 12 4 3 14 7 7 11 10 10 14 10 6 2 11 2 5 1 7 6 6 5 13 12 5 2 2 8 6 2 7 4 8 0 11 3 4 7 3 5 4 12 12 13 11 4 10 6 3 5 9 13 8 0 9 2 3 9 1 11 10 9 10 4 13 2 9 9 6 6 9 2 7 7 5 6 9 14 4 11 12 6 6 1 6 12 3 8 2 5 6 13 12 1 4 8 12 1 8 6 3 10 9 7 9 12 0 8 12 13 7 8 6 2 5 12 10 6 1 1 3 13 5 6 6 6 4 10 12 
5 5 13 5 13 7 10 6 9 7 11 10 7 3 2 6 11 8 3 6 4 7 3 7 1 12 5 11 5 5 7 10 9 6 4 10 3 4 1 9 5 10 4 12 7 11 8 9 5 10 6 11 9 4 6 7 8 5 4 8 5 8 8 6 7 10 10 6 4 6 11 8 5 7 7 12 4 6 2 1 12 8 8 10 10 5 6 1 4 7 5 6 6 1 9 4 11 10 4 8 5 0 5 7 11 8 5 9 1 7 8 10 8 0 8 9 11 4 10 9 2 10 1 1 7 8 8 5 4 8 2 2 4 9 9 
10 10 4 10 4 3 6 3 10 13 2 7 5 6 7 2 2 2 6 11 5 9 11 11 8 10 6 11 6 6 7 12 11 4 6 11 5 9 7 12 4 10 9 10 8 11 8 0 5 1 2 12 3 6 9 7 3 7 4 12 3 14 14 3 10 2 4 2 5 8 2 13 3 3 5 11 4 11 10 8 11 7 3 1 10 4 3 8 6 12 5 3 12 9 11 8 9 2 6 10 11 8 4 11 8 6 11 3 8 5 3 1 12 8 0 0 8 4 9 11 9 2 8 8 10 13 9 6 7 7 7 7 8 3 0 
10 10 4 10 4 4 7 3 10 13 2 8 5 6 7 2 2 3 7 12 5 10 11 12 8 11 7 12 6 6 7 13 12 5 6 12 6 10 8 13 4 11 10 11 9 12 9 0 4 1 2 12 4 6 9 8 4 7 5 13 3 14 15 3 11 3 5 3 4 9 2 14 3 3 6 12 4 11 10 8 12 7 4 1 11 3 3 9 7 12 6 3 13 10 12 8 10 2 5 11 12 8 4 12 9 7 11 4 8 6 3 2 13 9 0 0 9 5 10 12 10 3 8 9 11 14 10 5 8 7 8 8 9 4 1 
15 15 10 15 10 5 1 10 3 10 9 1 3 11 11 8 9 5 7 8 10 5 10 8 9 2 5 4 12 12 3 5 6 5 7 5 7 8 10 8 10 4 8 2 5 4 4 8 11 8 8 4 4 7 5 4 4 13 7 8 7 10 11 6 6 5 4 6 10 5 7 10 7 5 4 4 8 8 11 10 3 3 4 9 3 10 10 9 6 8 6 10 10 11 5 7 1 7 11 6 10 11 10 8 0 2 8 4 11 4 5 7 7 11 8 9 0 7 2 5 9 6 12 9 6 9 5 12 6 2 8 8 7 4 7 
8 8 9 8 9 2 5 4 6 8 7 5 3 4 4 2 7 3 2 7 3 5 6 7 3 8 1 8 6 5 4 8 7 1 1 7 1 4 3 8 3 7 4 9 4 8 5 4 5 6 3 9 5 1 4 3 4 6 0 8 1 9 9 1 6 5 5 2 3 4 7 9 1 2 2 9 1 6 5 3 8 4 3 6 7 3 4 4 1 7 1 4 8 5 8 3 7 6 5 6 6 4 4 7 7 4 6 4 4 2 3 5 8 4 4 5 7 0 7 7 4 6 5 4 6 8 5 5 2 4 3 3 4 4 4 
15 15 11 15 11 6 2 11 1 8 11 2 4 11 11 9 10 7 7 7 10 3 9 6 9 1 5 2 13 12 3 3 4 6 6 3 7 7 10 6 10 2 7 2 3 2 2 9 12 10 9 2 6 6 4 3 5 13 7 6 8 8 9 7 4 7 6 7 10 4 9 8 8 6 4 2 8 6 10 9 1 2 6 10 1 10 11 9 6 6 6 11 9 10 3 6 0 9 12 4 8 10 11 6 2 3 7 6 10 4 6 8 6 10 9 10 2 7 0 3 8 8 11 9 4 7 3 12 6 2 8 7 6 6 8 
15 15 14 15 14 7 5 12 1 5 13 4 6 11 10 10 13 9 6 4 11 2 7 4 8 3 5 2 13 13 4 0 0 7 6 0 7 6 9 2 11 0 5 4 3 2 2 11 12 12 10 2 8 6 3 4 8 13 8 3 9 5 6 8 2 9 8 8 10 3 12 5 9 8 5 3 9 3 8 8 2 4 7 12 1 11 12 8 6 3 6 12 6 9 0 5 3 11 12 1 6 9 12 4 5 4 5 8 10 5 8 10 2 9 11 12 5 7 3 0 7 11 11 7 2 4 1 13 5 4 7 7 5 8 10 
8 8 14 8 14 7 9 8 7 4 12 8 7 6 4 7 12 8 2 3 6 5 1 4 2 10 4 9 8 7 6 8 7 5 3 7 3 1 3 6 6 7 1 10 4 9 6 9 8 11 7 9 9 3 4 5 8 7 4 5 6 5 5 6 5 10 10 7 6 4 12 5 6 7 6 10 5 3 1 2 9 6 8 11 8 7 8 1 3 4 4 8 3 2 7 2 9 11 7 5 2 3 7 4 10 7 2 9 3 6 8 10 5 2 9 10 9 4 8 7 0 11 4 1 5 5 5 8 3 7 1 1 2 9 9 
12 12 3 12 3 4 5 6 9 13 2 6 5 8 9 4 2 2 8 12 7 9 12 12 9 9 7 10 9 8 7 11 11 5 7 11 7 11 9 13 6 10 10 9 9 10 8 2 7 2 4 11 2 7 9 7 2 10 6 12 5 14 15 4 10 1 2 4 7 8 1 14 5 3 6 10 6 11 11 9 10 6 3 2 9 6 6 10 7 12 6 6 13 11 11 9 8 0 8 10 12 10 7 12 6 6 11 2 10 5 3 0 12 10 2 3 6 6 8 11 11 0 10 10 11 13 9 8 8 6 9 9 9 2 1 
4 4 13 4 13 7 11 5 11 8 11 11 8 2 1 6 11 8 4 8 3 9 5 8 2 13 6 12 4 3 8 12 11 6 5 11 4 5 1 10 4 11 5 13 8 13 9 8 4 9 6 13 10 5 8 8 9 3 5 10 5 10 10 6 9 10 11 6 3 7 11 9 5 7 7 13 4 8 3 2 13 9 8 9 11 5 6 3 5 8 5 5 7 2 11 5 12 10 3 9 6 1 4 8 12 9 7 9 0 8 8 10 10 1 8 8 12 5 11 11 4 10 0 3 9 10 9 4 5 9 3 4 5 9 9 
7 7 13 7 13 6 8 7 7 5 11 8 6 5 3 6 11 7 2 4 5 5 2 5 1 10 3 9 6 6 6 8 7 5 2 8 3 2 2 7 5 8 2 11 5 10 6 8 6 10 6 9 9 2 4 5 8 6 3 6 5 6 7 5 5 9 9 6 5 4 11 6 5 6 5 10 4 4 1 1 10 6 7 10 8 6 7 0 2 5 3 7 4 1 8 2 9 10 6 6 3 2 6 5 9 6 3 8 2 6 7 9 6 1 8 9 9 4 9 7 1 10 3 0 6 6 6 6 2 6 0 1 2 8 8 
13 13 14 13 14 7 6 11 2 3 13 5 6 10 9 9 13 8 5 2 10 1 5 1 6 5 4 4 12 11 4 2 1 6 5 2 6 3 7 1 9 3 3 6 2 4 2 10 11 12 9 4 8 5 1 3 8 12 6 1 8 4 4 8 0 9 9 8 9 2 12 3 8 7 5 5 8 1 6 7 4 4 7 12 3 10 11 6 4 1 5 11 4 7 2 3 5 11 11 0 4 8 10 1 6 5 3 8 8 5 8 10 1 7 10 11 6 6 4 2 5 11 9 6 0 2 1 11 4 4 5 5 3 8 10 
14 14 17 14 17 9 9 13 5 1 15 8 8 11 10 11 15 11 6 1 11 3 5 1 7 7 6 6 13 13 6 4 3 8 7 4 8 4 8 1 11 5 4 8 4 6 5 13 13 14 11 6 11 7 4 6 10 13 8 1 10 1 2 10 3 12 12 10 11 5 14 1 10 10 7 7 9 2 6 7 7 7 10 14 6 12 13 6 6 1 7 13 2 7 3 5 7 14 12 3 3 8 12 1 9 7 3 11 9 8 10 13 1 8 13 14 9 8 7 4 5 13 10 6 2 0 4 13 5 7 6 6 4 11 13 
13 13 13 13 13 6 4 10 1 5 11 4 4 9 9 8 11 7 4 3 9 0 6 3 6 4 3 3 11 11 2 2 2 5 4 2 5 4 7 3 9 2 4 5 1 3 1 9 10 10 8 3 7 4 1 2 6 11 6 3 7 5 6 6 1 8 7 7 9 1 10 5 7 6 3 4 7 2 7 7 3 2 6 11 2 9 10 6 4 3 4 10 5 7 2 3 3 10 10 1 5 8 10 3 5 3 4 7 8 4 6 9 3 8 9 10 5 5 3 1 5 9 9 6 1 4 0 11 3 3 5 5 3 7 9 
4 4 9 4 9 6 11 2 12 12 8 11 8 1 3 4 8 7 6 11 1 11 8 11 5 14 7 14 0 0 9 14 13 6 6 13 5 8 4 13 2 13 8 14 10 14 11 6 0 6 3 14 9 6 10 9 8 1 5 13 4 13 13 5 11 8 9 5 2 9 8 13 4 6 8 15 4 11 7 5 14 10 7 6 13 2 2 6 7 12 6 2 11 6 13 8 13 8 0 11 10 5 1 11 12 9 10 8 4 8 7 7 13 5 6 5 12 5 12 13 8 8 4 6 11 13 11 0 7 10 6 6 8 8 6 
10 10 11 10 11 4 5 7 5 5 10 5 3 6 5 5 10 6 1 4 5 3 4 4 3 7 1 7 8 7 3 6 5 3 1 5 2 2 4 5 5 5 2 8 2 7 3 7 7 9 5 7 6 1 2 2 5 8 3 5 4 6 7 4 3 7 7 4 5 1 9 6 4 4 2 7 4 3 4 3 7 3 5 9 5 6 7 3 0 4 1 7 5 4 5 0 6 9 7 4 4 4 6 4 6 3 3 6 4 3 5 8 5 4 7 8 6 2 6 5 3 8 5 2 4 5 3 7 0 3 2 1 1 6 7 
13 13 10 13 10 3 2 8 3 7 9 1 1 9 8 6 8 4 4 6 8 3 8 6 7 4 3 4 10 10 0 5 4 3 4 4 4 6 7 6 7 3 5 4 2 4 2 7 9 8 6 5 4 4 3 1 3 11 4 6 5 8 9 4 4 5 4 4 7 2 7 8 5 3 1 5 5 5 8 7 4 0 3 8 3 8 8 7 4 6 3 8 8 8 4 4 2 7 9 4 7 8 8 6 3 0 6 4 8 1 4 6 6 8 7 7 2 4 2 4 7 6 9 6 4 7 3 10 3 0 5 5 4 4 6 
8 8 12 8 12 5 7 6 7 5 10 7 5 4 3 5 10 6 1 4 4 5 3 5 1 9 2 9 6 6 5 8 7 4 1 7 2 2 2 7 5 7 2 10 4 9 5 8 6 9 5 9 8 2 4 4 7 6 3 6 4 7 7 5 5 8 8 5 4 4 10 6 4 5 4 9 3 4 2 1 9 5 6 9 8 5 6 1 2 5 2 6 5 2 7 1 8 9 5 5 4 2 5 5 9 5 3 7 2 5 6 8 6 2 7 8 8 3 8 7 1 9 3 0 5 6 5 6 2 5 0 0 2 7 8 
8 8 12 8 12 5 7 6 6 5 10 7 5 5 3 5 10 6 1 4 4 4 3 5 1 9 2 8 6 6 4 7 7 3 1 7 1 2 2 6 5 7 2 9 4 9 5 7 6 9 5 8 7 1 4 4 6 6 2 6 4 7 7 4 5 8 8 5 4 3 10 6 4 5 4 9 3 4 2 1 9 5 6 9 7 5 6 1 1 5 2 6 5 2 7 1 8 9 6 5 4 2 6 5 8 5 3 7 3 4 6 8 6 2 7 8 8 3 7 7 1 9 4 1 5 6 5 6 1 5 0 0 1 7 7 
10 10 13 10 13 5 7 8 5 4 11 6 5 6 5 6 11 7 2 2 6 3 3 3 3 7 2 7 8 8 4 6 5 4 2 5 3 1 4 5 6 5 0 8 2 7 4 8 8 10 7 7 8 2 2 3 7 8 4 4 5 5 5 5 3 8 8 6 6 2 10 4 5 6 4 8 5 2 3 3 7 4 6 10 6 7 8 2 2 3 3 8 4 4 5 0 7 10 7 3 2 4 7 3 7 5 2 7 5 4 6 9 4 4 8 9 7 4 6 5 2 9 5 2 3 4 3 8 1 4 2 1 0 7 8 
12 12 6 12 6 2 3 6 7 11 5 3 2 8 8 4 4 1 6 9 7 7 10 9 8 7 4 8 9 8 4 9 8 3 5 8 5 8 8 10 6 7 8 7 6 8 6 3 7 4 4 8 0 5 6 4 0 10 4 10 3 12 13 3 8 1 1 2 6 6 3 11 4 1 3 8 4 9 10 8 8 4 1 4 7 6 6 8 5 10 4 6 11 9 8 6 6 3 8 8 10 9 6 9 4 3 9 0 8 2 1 2 10 9 3 4 4 4 6 8 9 2 9 8 8 11 7 8 6 4 7 7 7 0 2 
11 11 4 11 4 3 5 4 9 12 2 6 4 6 7 3 2 1 6 11 5 9 11 11 8 9 6 10 7 7 6 11 11 4 6 10 5 9 8 12 5 10 9 9 8 10 8 0 5 1 3 11 2 6 8 6 2 8 4 12 3 14 14 3 10 1 3 2 5 7 2 13 3 2 5 11 4 10 10 8 10 6 2 2 9 4 4 9 6 11 5 4 12 10 11 7 8 1 6 10 11 8 5 11 7 5 10 2 8 5 2 1 12 9 0 1 7 4 8 10 9 1 9 8 10 13 9 6 7 6 8 7 8 2 0 
