160 12725.42 0 1680 7 240
58.38 12.52 37.25 60.9 2.9 6.7 75.3 16.6 9.98 60.08 18.63 75.45 15.88 94.68 24.98 95.07 97.32 48.22 41.72 90.05 28.51 82.79 25.78 30.46 60.85 9.81 52.01 74.57 60.78 62.11 72.09 13.52 79.65 40.1 70.14 65.08 17.31 15.0 73.12 84.83 1.73 90.03 15.64 74.57 59.29 47.97 23.82 13.58 86.05 26.45 26.36 1.88 46.3 82.33 17.98 91.6 26.92 6.72 59.81 92.84 53.92 7.13 35.36 60.51 2.68 52.53 27.73 25.32 62.62 36.05 79.41 47.86 40.65 97.68 48.55 84.44 36.03 42.07 28.19 82.24 84.36 1.68 28.71 82.7 15.67 27.72 85.58 8.31 72.93 91.57 6.48 1.47 39.63 62.72 64.34 63.32 3.13 42.87 20.5 59.07 59.33 92.43 47.52 29.15 37.92 61.35 30.81 25.43 74.08 46.79 74.41 76.55 7.7 96.82 28.98 63.98 63.32 16.77 19.86 46.49 58.7 82.87 58.98 7.62 74.65 73.68 53.11 27.77 47.37 4.2 39.53 48.54 41.04 12.52 97.25 42.32 12.61 27.23 92.94 2.34 26.72 56.88 60.62 35.9 37.65 38.7 68.72 83.21 12.71 26.83 97.71 21.07 76.26 94.11 85.74 92.1 48.42 37.79 68.31 95.25 
47.98 57.85 45.8 80.03 33.25 51.21 66.03 76.2 55.74 47.23 68.51 35.12 85.62 68.91 57.57 33.24 56.47 21.85 27.57 19.22 62.92 10.99 67.6 40.84 81.45 87.63 56.63 24.32 80.19 39.91 84.68 60.33 21.8 76.49 11.23 72.34 26.79 36.99 53.55 73.63 39.06 87.89 89.16 52.85 38.58 29.08 30.82 54.53 57.78 80.17 31.36 27.35 75.88 27.77 81.44 58.09 40.55 53.98 63.97 68.21 65.66 89.39 54.18 32.91 79.32 13.32 31.94 38.28 78.06 39.93 89.21 65.8 62.66 20.01 20.01 63.66 44.64 36.37 79.39 29.58 25.4 46.49 88.55 15.27 34.1 65.55 83.96 31.17 53.63 43.15 77.97 70.64 88.64 54.69 84.85 15.57 65.59 75.37 56.97 27.68 81.62 49.17 78.79 39.3 17.86 56.59 38.76 39.93 36.29 67.31 17.28 57.55 10.56 72.88 61.85 25.92 66.14 19.05 24.46 57.48 59.59 36.08 82.07 35.13 76.86 82.88 47.91 45.7 59.63 70.0 28.85 74.86 85.69 41.64 71.09 86.29 39.81 23.71 11.64 42.32 76.99 75.1 21.6 19.19 60.87 31.21 73.84 39.34 61.22 30.89 42.92 89.45 37.71 55.65 36.48 86.73 70.28 63.14 83.44 47.45 
6 2 4 6 1 1 7 2 1 6 2 7 2 9 3 9 9 5 4 9 3 8 3 3 6 1 5 7 6 6 7 2 8 4 7 6 2 2 7 8 1 9 2 7 6 5 3 2 8 3 3 1 5 8 2 9 3 1 6 9 5 1 4 6 1 5 3 3 6 4 8 5 4 9 5 8 4 4 3 8 8 1 3 8 2 3 8 1 7 9 1 1 4 6 6 6 1 4 2 6 6 9 5 3 4 6 3 3 7 5 7 7 1 9 3 6 6 2 2 5 6 8 6 1 7 7 5 3 5 1 4 5 4 2 9 4 2 3 9 1 3 6 6 4 4 4 7 8 2 3 9 2 7 9 8 9 5 4 7 9 
1 2 3 4 5 6 7 8 9 10 11 12 13 14 15 16 17 18 19 20 21 22 23 24 25 26 27 28 29 30 31 32 33 34 35 36 37 38 39 40 41 42 43 44 45 46 47 48 49 50 51 52 53 54 55 56 57 58 59 60 61 62 63 64 65 66 67 68 69 70 71 72 73 74 75 76 77 78 79 80 81 82 83 84 85 86 87 88 89 90 91 92 93 94 95 96 97 98 99 100 101 102 103 104 105 106 107 108 109 110 111 112 113 114 115 116 117 118 119 120 121 122 123 124 125 126 127 128 129 130 131 132 133 134 135 136 137 138 139 140 141 142 143 144 145 146 147 148 149 150 151 152 153 154 155 156 157 158 159 160 
3 1 1 3 2 2 3 1 2 3 1 3 1 3 1 3 3 2 1 3 1 1 1 1 3 2 2 3 3 3 3 1 1 1 3 3 1 1 3 1 2 3 1 3 3 2 1 1 1 1 1 2 2 1 1 3 1 2 3 3 2 2 1 3 2 2 1 1 3 1 1 2 1 3 2 1 1 1 1 1 1 2 1 1 1 1 1 2 3 3 2 2 1 3 3 3 2 1 1 3 3 3 2 1 1 3 1 1 3 2 3 3 2 3 1 3 3 1 1 2 3 1 3 2 3 3 2 1 2 2 1 2 1 1 3 1 1 1 3 2 1 3 3 1 1 1 3 1 1 1 3 1 3 3 1 3 2 1 3 3 
3 3 3 3 2 2 1 3 2 3 3 1 3 1 2 1 1 1 3 1 2 1 2 2 3 2 1 1 3 3 1 3 1 3 1 3 3 3 1 1 2 1 3 1 3 1 2 3 1 2 2 2 1 1 3 1 2 2 3 1 1 2 3 3 2 1 2 2 3 3 1 1 3 1 1 1 3 3 2 1 1 2 2 1 3 2 1 2 1 1 2 2 3 3 3 3 2 3 3 3 3 1 1 2 3 3 2 2 1 1 1 1 2 1 2 3 3 3 3 1 3 1 3 2 1 1 1 2 1 2 3 1 3 3 1 3 3 2 1 2 2 3 3 3 3 3 1 1 3 2 1 3 1 1 1 1 1 3 1 1 
5 3 1 9 8 3 2 7 6 4 10 8 6 8 9 6 10 7 6 2 4 6 7 9 4 4 9 6 4 6 8 9 1 10 6 2 3 7 2 2 5 7 4 2 4 6 10 5 1 9 5 7 2 7 6 3 8 6 8 4 7 9 7 6 5 7 10 3 6 5 8 10 6 8 4 3 8 1 1 1 2 4 6 10 4 4 8 8 1 6 8 3 8 3 2 9 2 8 3 1 7 7 2 5 9 10 1 8 9 6 4 1 4 2 3 9 3 3 4 8 9 1 3 6 6 8 8 5 6 3 1 3 7 1 6 9 8 8 8 4 6 5 1 10 5 7 5 9 7 5 8 3 4 9 1 5 10 1 5 10 
4751.05 3545.03 4394.77 3744.14 4569.35 3519.39 4069.09 3839.8 3132.3 4773.6 4183.38 4600.12 3129.82 4578.26 3745.78 3122.04 4182.45 3851.05 3117.42 4453.5 4734.79 3117.84 4269.21 3744.08 4747.98 4864.8 3743.37 3116.33 4732.57 3123.81 4574.81 3745.11 4390.18 4191.61 3125.2 4260.72 3516.38 3862.63 4698.65 4022.83 4597.48 4363.77 4679.4 4164.18 4735.5 3117.97 4181.49 4220.14 4355.17 3745.88 4054.81 4075.04 4781.47 4355.12 3117.01 3484.89 4583.56 3120.86 4583.48 4714.25 3905.36 3744.73 4689.08 3119.35 4558.6 3824.63 4192.41 3393.19 3125.84 4842.53 4595.88 4174.58 3118.14 4589.67 4741.89 3399.35 4570.47 4352.29 4415.11 4405.82 4846.5 4864.86 3122.89 4184.94 4730.6 4733.64 4570.18 4592.62 4396.97 3122.69 4581.39 3493.82 4565.7 3358.93 4483.61 3744.95 4245.64 4578.67 3437.11 4366.52 3764.25 4177.66 4600.89 4305.21 3743.56 4181.22 4380.47 4571.69 3743.32 3114.86 4803.79 4389.43 4715.91 4841.51 3424.68 3743.32 3433.17 3502.35 4828.88 4572.48 3745.15 4401.3 3473.11 3130.65 3124.32 4582.31 4567.43 4840.59 3130.96 3562.03 4433.26 3395.44 4658.22 4359.31 3130.84 3744.71 4595.28 4592.51 4579.13 4742.21 3124.73 4475.98 4369.59 4191.35 4838.1 3903.06 4687.28 3743.54 4598.65 4037.18 4593.33 3427.97 4675.77 3745.63 4423.55 4280.08 4191.67 4388.09 4779.76 4182.72 
0.77 0.48 0.18 0.77 0.61 0.4 0.24 0.61 0.23 0.5 0.76 0.55 0.43 0.48 0.57 0.41 0.66 0.57 0.32 0.68 0.5 0.42 0.7 0.49 0.59 0.51 0.5 0.05 0.52 0.36 0.47 0.6 0.53 0.76 0.26 0.8 0.67 0.5 0.74 0.33 0.77 0.87 0.5 0.46 0.54 0.08 0.75 0.76 0.34 0.53 0.78 0.59 0.33 0.49 0.07 0.45 0.81 0.27 0.71 0.57 0.87 0.48 0.45 0.19 0.77 0.84 0.68 0.33 0.47 0.77 0.61 0.69 0.06 0.65 0.52 0.76 0.71 0.42 0.61 0.46 0.6 0.56 0.46 0.66 0.51 0.58 0.72 0.69 0.5 0.16 0.38 0.49 0.78 0.88 0.74 0.6 0.26 0.58 0.22 0.52 0.73 0.83 0.68 0.74 0.79 0.73 0.69 0.45 0.47 0.28 0.5 0.42 0.5 0.47 0.81 0.44 0.62 0.68 0.6 0.72 0.64 0.25 0.75 0.52 0.08 0.8 0.73 0.75 0.35 0.52 0.26 0.59 0.47 0.52 0.29 0.4 0.81 0.44 0.72 0.5 0.41 0.78 0.19 0.76 0.76 0.54 0.75 0.69 0.58 0.73 0.47 0.43 0.57 0.51 0.19 0.74 0.74 0.64 0.73 0.68 
0.62 0.85 0.81 0.61 1.0 0.88 0.68 0.84 0.61 1.0 0.65 0.93 0.75 0.67 1.0 0.64 1.0 0.79 0.62 0.9 0.54 0.52 0.91 1.0 0.81 0.76 0.69 0.98 0.61 0.79 1.0 0.54 0.54 0.59 0.82 1.0 0.9 1.0 0.91 0.72 0.72 0.89 0.86 0.72 0.52 0.51 0.91 0.79 0.85 0.72 0.58 0.7 0.59 1.0 0.63 0.89 0.82 1.0 0.87 0.79 1.0 0.88 0.59 0.61 0.55 0.65 0.85 0.97 1.0 0.75 0.79 0.82 0.63 0.91 0.75 0.53 1.0 0.85 0.74 0.73 0.78 0.53 0.75 0.92 0.79 0.6 0.71 0.97 0.68 0.53 0.76 0.53 1.0 0.73 0.75 1.0 0.77 0.87 1.0 0.76 0.54 0.83 0.96 0.72 0.58 0.73 0.85 0.85 0.52 0.51 0.7 0.51 0.51 0.88 1.0 0.79 0.83 0.92 1.0 0.72 0.58 0.6 0.88 1.0 0.85 0.91 0.69 0.86 0.79 0.92 0.9 1.0 0.67 0.86 1.0 0.63 0.96 0.86 0.69 1.0 1.0 0.81 0.51 0.71 0.9 0.53 0.92 0.64 0.86 0.54 0.54 0.94 0.93 0.73 0.58 0.58 1.0 0.79 1.0 1.0 
0.95 0.94 0.58 0.93 0.68 0.66 0.78 0.89 0.51 0.77 0.96 0.92 0.72 0.75 1.0 0.82 0.63 0.59 0.63 1.0 1.0 0.73 0.97 0.51 1.0 0.87 0.82 0.62 0.81 0.86 0.56 1.0 0.63 0.8 0.76 0.68 0.95 0.93 0.92 0.96 0.8 0.69 1.0 0.93 0.82 0.62 0.81 0.91 0.72 0.6 0.95 0.55 0.71 0.9 0.95 0.59 0.79 0.54 0.99 0.87 0.8 0.71 0.52 0.81 0.94 1.0 0.57 0.86 0.95 0.97 1.0 0.71 0.91 0.59 0.9 1.0 0.68 0.83 0.54 0.72 0.82 0.96 0.98 0.94 0.9 0.86 0.68 0.74 0.64 1.0 0.64 0.76 1.0 0.76 0.78 0.99 0.67 0.89 0.53 0.75 0.79 0.93 0.82 0.99 1.0 0.92 0.54 0.6 0.79 0.97 0.92 0.81 0.82 0.99 1.0 0.76 1.0 1.0 0.67 0.88 1.0 0.55 0.53 0.7 1.0 0.74 0.9 0.74 0.87 0.5 0.76 0.86 0.96 0.63 0.9 1.0 0.52 0.79 0.7 1.0 0.86 0.68 0.79 0.54 0.87 0.7 0.65 0.79 0.53 0.65 0.71 0.77 1.0 0.92 0.84 0.57 0.91 0.88 0.55 0.69 
0.69 0.94 0.65 0.96 1.0 0.89 0.92 0.73 0.84 0.5 0.82 0.83 0.8 0.56 0.75 0.71 0.65 0.95 0.68 0.64 0.71 0.66 0.92 0.83 0.53 1.0 0.58 0.61 0.66 0.75 1.0 1.0 0.71 1.0 0.84 1.0 0.52 0.65 0.58 1.0 1.0 0.57 0.98 0.77 0.89 1.0 0.65 0.94 0.54 1.0 0.66 0.67 0.86 0.7 0.67 0.94 1.0 1.0 0.56 1.0 0.7 0.99 0.63 0.69 0.9 0.83 0.79 0.86 1.0 0.97 0.94 0.68 0.59 1.0 0.82 0.85 0.61 0.88 0.77 0.98 0.87 1.0 0.99 0.67 1.0 0.64 0.73 1.0 0.71 0.7 1.0 0.9 0.79 0.75 0.61 1.0 0.96 0.65 0.82 0.93 1.0 0.91 0.69 1.0 0.75 0.75 0.54 0.81 0.84 0.99 0.78 0.87 0.58 0.9 0.93 0.98 0.62 0.76 1.0 0.54 1.0 0.58 0.96 0.51 0.68 1.0 1.0 0.8 0.72 0.67 0.83 0.52 1.0 1.0 0.91 0.88 0.83 0.58 0.6 0.58 1.0 0.7 0.51 1.0 1.0 0.69 0.73 0.77 0.77 0.88 0.96 1.0 0.97 0.54 0.98 0.8 0.66 1.0 0.58 0.67 
0.67 0.78 0.62 0.99 0.84 1.0 0.76 1.0 0.57 1.0 0.86 0.86 0.78 0.77 0.58 0.93 1.0 1.0 0.95 1.0 0.51 0.59 0.82 0.76 0.58 0.98 1.0 1.0 1.0 0.95 0.65 0.59 0.8 1.0 1.0 0.76 0.93 0.8 0.62 0.68 0.92 1.0 0.97 0.95 0.78 0.6 0.74 0.67 0.95 1.0 1.0 0.76 1.0 0.56 0.86 0.74 0.52 0.76 0.55 0.83 0.86 0.87 0.99 1.0 0.52 1.0 0.99 0.58 0.52 0.65 0.62 0.55 0.88 1.0 0.68 0.57 0.88 0.78 0.51 0.84 0.63 1.0 0.79 1.0 0.86 0.76 0.77 0.78 0.71 0.81 1.0 0.72 0.6 1.0 0.93 0.88 0.89 1.0 0.73 0.94 0.5 0.51 0.79 0.9 0.68 0.53 0.92 0.56 0.54 0.64 0.76 0.74 0.55 0.82 0.67 0.94 0.77 0.73 1.0 0.6 0.71 1.0 0.53 0.54 0.71 0.65 0.76 0.67 0.53 1.0 0.59 0.91 0.96 1.0 1.0 0.72 0.62 0.7 1.0 0.98 0.63 0.7 0.96 1.0 1.0 0.83 0.71 0.7 1.0 0.89 0.69 0.81 1.0 0.54 0.82 0.52 0.76 0.61 0.86 0.81 
0.58 1.0 1.0 0.7 0.81 1.0 0.76 0.59 0.57 0.93 0.79 0.67 1.0 0.75 0.87 0.89 0.54 0.93 0.98 0.87 0.76 0.61 1.0 0.61 0.67 0.56 0.73 0.97 0.79 0.84 0.86 0.99 0.68 0.7 0.52 0.98 0.95 1.0 1.0 1.0 0.55 0.65 0.52 0.57 0.94 0.52 0.88 0.79 0.52 0.85 0.85 0.99 0.99 0.69 1.0 0.73 0.7 0.85 1.0 0.87 0.81 0.88 0.58 0.68 0.6 0.87 0.6 0.66 0.89 0.58 0.69 1.0 0.62 0.66 1.0 0.73 0.97 0.82 0.82 0.54 0.74 1.0 0.51 0.76 0.5 0.7 1.0 0.91 0.72 0.71 0.9 0.77 0.95 1.0 0.71 0.6 0.7 0.95 0.64 1.0 0.98 0.53 0.78 0.63 0.86 0.63 0.71 1.0 0.55 0.53 1.0 0.53 0.79 0.87 0.82 0.83 0.92 0.69 1.0 0.84 0.98 0.9 0.67 1.0 0.8 0.61 0.63 0.84 0.98 0.98 0.85 0.9 0.95 1.0 0.71 0.57 1.0 0.66 1.0 0.84 0.53 0.64 0.7 0.9 0.66 0.69 0.82 0.93 0.8 0.83 1.0 0.88 0.94 0.55 0.53 0.84 0.86 0.73 0.82 0.65 
0.16 0.59 0.19 0.37 0.47 0.52 0.28 0.32 0.08 0.36 0.35 0.41 0.34 0.16 0.38 0.31 0.22 0.41 0.25 0.5 0.15 0.09 0.67 0.2 0.17 0.36 0.24 0.36 0.26 0.41 0.31 0.31 0.13 0.33 0.27 0.5 0.4 0.48 0.3 0.47 0.29 0.23 0.43 0.28 0.28 0.1 0.31 0.35 0.16 0.37 0.31 0.19 0.36 0.24 0.34 0.26 0.23 0.35 0.27 0.5 0.39 0.47 0.11 0.23 0.15 0.47 0.23 0.27 0.44 0.26 0.32 0.21 0.19 0.35 0.37 0.19 0.35 0.39 0.13 0.23 0.26 0.5 0.3 0.43 0.31 0.18 0.27 0.5 0.15 0.21 0.44 0.2 0.45 0.42 0.24 0.52 0.31 0.47 0.21 0.49 0.21 0.19 0.33 0.41 0.25 0.17 0.16 0.23 0.1 0.17 0.38 0.14 0.11 0.56 0.51 0.46 0.36 0.36 0.67 0.18 0.4 0.17 0.16 0.19 0.33 0.26 0.3 0.28 0.25 0.3 0.28 0.37 0.58 0.53 0.59 0.23 0.25 0.18 0.29 0.48 0.29 0.17 0.14 0.34 0.52 0.15 0.25 0.25 0.28 0.23 0.25 0.52 0.85 0.11 0.21 0.11 0.39 0.31 0.22 0.24 
2679.49 1480.29 676.51 2398.9 638.46 1834.7 1622.08 720.43 1120.14 966.87 1065.81 635.78 1262.12 609.43 1881.61 1240.24 937.47 640.46 1398.67 1852.21 1004.34 1424.26 750.0 1957.64 1063.51 1014.9 2133.78 967.17 925.89 1348.26 815.79 2144.25 928.53 1353.88 1237.59 1814.92 1492.57 624.88 1706.95 1301.6 2170.38 754.79 925.67 1564.86 1064.55 1191.46 1104.75 2263.73 829.78 2012.78 2088.98 735.36 1647.42 641.84 1347.82 1626.12 830.38 1277.27 820.66 1069.57 835.43 1719.49 635.73 1166.81 2268.51 638.85 1139.04 1365.35 1477.7 2619.84 878.63 1393.92 1333.2 905.74 953.84 1606.34 868.72 917.75 923.15 677.78 1801.11 964.93 1177.16 1054.56 1027.05 1026.54 939.86 772.54 741.35 1269.7 644.25 1267.04 1062.97 1797.14 1892.54 2228.4 1794.31 964.7 1164.2 806.11 681.83 724.62 2249.9 2301.55 2430.86 1402.74 1153.94 731.57 1923.67 1238.45 1017.1 649.57 905.11 1793.59 1525.25 1887.23 1363.21 1441.02 900.16 699.56 2587.68 543.63 1351.55 1216.9 1052.01 956.03 821.65 2649.42 1130.84 1113.21 688.17 1711.95 613.9 1043.39 1060.86 1993.37 924.72 785.02 1138.17 962.67 1300.83 2151.04 618.92 1242.5 2625.72 670.88 2711.41 2259.46 576.36 2202.34 750.24 1622.33 1001.25 1997.54 595.23 2609.99 1474.0 987.22 2391.21 1435.3 
433.11 845.98 104.64 688.46 272.88 947.74 457.14 222.62 72.6 347.45 372.89 271.99 419.38 115.36 784.43 417.76 195.08 267.29 307.2 895.09 131.54 113.32 523.94 333.17 176.96 339.35 585.87 380.16 255.68 503.69 230.25 671.42 190.94 465.93 303.01 868.29 536.64 295.76 507.27 593.08 797.13 184.93 432.55 423.28 295.8 105.54 318.15 774.7 118.13 678.02 641.51 139.66 544.6 177.29 421.28 419.7 195.43 398.81 156.27 509.62 308.66 794.76 76.85 251.39 279.93 293.32 265.28 338.75 636.75 745.01 285.58 295.32 251.07 326.02 341.38 259.61 293.45 363.32 114.55 120.02 372.69 441.73 254.41 497.09 265.54 212.12 255.68 397.05 82.5 210.17 251.64 234.02 481.66 707.38 422.85 1179.9 491.51 442.53 255.4 422.66 157.42 141.73 630.3 912.61 573.51 179.01 160.02 160.86 195.84 228.73 455.87 56.96 98.09 980.93 796.52 904.56 514.75 482.0 583.25 128.59 1001.07 102.36 241.01 226.89 366.74 278.99 247.72 793.43 251.47 275.05 213.94 666.86 378.36 546.28 574.74 551.94 217.14 134.03 307.67 449.09 374.16 456.75 71.83 492.44 1399.24 104.8 571.29 568.98 149.71 460.87 205.19 758.46 873.86 173.76 158.41 291.69 605.05 317.6 472.08 310.2 
12897.45 6901.47 2882.53 11494.52 2692.28 8673.49 7610.39 3102.15 5100.69 4334.34 4829.07 2678.89 5810.61 2547.13 8908.06 5701.19 4187.37 2702.31 6493.34 8761.06 4521.71 6621.3 3249.98 9288.18 4817.54 4574.5 10168.89 4335.87 4129.46 6241.28 3578.97 10221.27 4142.66 6269.42 5687.94 8574.58 6962.85 2624.4 8034.73 6008.0 10351.92 3273.95 4128.35 7324.32 4822.73 5457.29 5023.75 10818.65 3648.92 9563.92 9944.88 3176.82 7737.09 2709.22 6239.11 7630.58 3651.91 5886.36 3603.3 4847.87 3677.17 8097.46 2678.67 5334.06 10842.53 2694.27 5195.22 6326.74 6888.51 12599.22 3893.15 6469.6 6165.99 4028.71 4269.2 7531.7 3843.58 4088.76 4115.77 2888.88 8505.54 4324.67 5385.82 4772.78 4635.27 4632.69 4199.32 3362.7 3206.73 5848.49 2721.26 5835.2 4814.87 8485.69 8962.68 10641.99 8471.57 4323.5 5320.99 3530.53 2909.13 3123.08 10749.5 11007.74 11654.29 6513.7 5269.7 3157.87 9118.34 5692.25 4585.5 2747.85 4025.55 8467.94 7126.24 8936.15 6316.03 6705.11 4000.81 2997.81 12438.38 2218.16 6257.75 5584.48 4760.06 4280.17 3608.24 12747.12 5154.18 5066.07 2940.86 8059.76 2569.5 4716.95 4804.29 9466.84 4123.6 3425.12 5190.85 4313.36 6004.17 10255.22 2594.62 5712.49 12628.59 2854.42 13057.04 10797.31 2381.78 10511.68 3251.19 7611.66 4506.25 9487.69 2476.14 12549.95 6870.02 4436.12 11456.03 6676.52 
1665.53 3729.89 23.21 2942.3 864.4 4238.71 1785.72 613.1 -137.0 1237.24 1364.47 859.94 1596.92 76.82 3422.17 1588.82 475.38 836.46 1036.02 3975.44 157.69 66.58 2119.69 1165.85 384.78 1196.73 2429.36 1400.79 778.4 2018.43 651.26 2857.12 454.72 1829.67 1015.03 3841.45 2183.19 978.79 2036.36 2465.4 3485.66 424.67 1662.76 1616.41 978.98 27.72 1090.73 3373.52 90.64 2890.12 2707.57 198.31 2223.01 386.44 1606.38 1598.49 477.15 1494.07 281.33 2048.11 1043.3 3473.8 -115.75 756.97 899.66 966.59 826.4 1193.76 2683.74 3225.05 927.92 976.6 755.37 1130.1 1206.92 798.05 967.25 1316.62 72.76 100.12 1363.47 1708.63 772.07 1985.44 827.72 560.6 778.38 1485.27 -87.51 550.83 758.22 670.12 1908.31 3036.9 1614.26 5399.51 1957.57 1712.64 777.02 1613.28 287.12 208.63 2651.48 4063.06 2367.56 395.03 300.09 304.28 479.22 643.63 1779.33 -215.22 -9.56 4404.66 3482.61 4022.78 2073.75 1910.01 2416.25 142.96 4505.37 11.79 705.05 634.44 1333.7 894.96 738.58 3467.16 757.36 875.27 569.68 2834.28 1391.78 2231.4 2373.72 2259.69 585.69 170.13 1038.37 1745.45 1370.79 1783.76 -140.86 1962.22 6496.2 24.01 2356.47 2344.92 248.56 1804.33 525.93 3292.3 3869.31 368.81 292.03 958.46 2525.24 1087.99 1860.41 1050.98 
190.04 70.9 87.9 149.77 137.08 105.58 162.76 76.8 93.97 190.94 83.67 184.0 62.6 183.13 74.92 124.88 167.3 115.53 62.35 178.14 94.7 62.36 85.38 74.88 189.92 145.94 112.3 124.65 189.3 124.95 182.99 74.9 87.8 83.83 125.01 170.43 70.33 77.25 187.95 80.46 137.92 174.55 93.59 166.57 189.42 93.54 83.63 84.4 87.1 74.92 81.1 122.25 143.44 87.1 62.34 139.4 91.67 93.63 183.34 188.57 117.16 112.34 93.78 124.77 136.76 114.74 83.85 67.86 125.03 96.85 91.92 125.24 62.36 183.59 142.26 67.99 91.41 87.05 88.3 88.12 96.93 145.95 62.46 83.7 94.61 94.67 91.4 137.78 175.88 124.91 137.44 104.81 91.31 134.36 179.34 149.8 127.37 91.57 68.74 174.66 150.57 167.11 138.03 86.1 74.87 167.25 87.61 91.43 149.73 93.45 192.15 175.58 141.48 193.66 68.49 149.73 137.33 70.05 96.58 137.17 149.81 88.03 138.92 93.92 124.97 183.29 137.02 96.81 93.93 106.86 88.67 101.86 93.16 87.19 125.23 74.89 91.91 91.85 183.17 142.27 62.49 179.04 174.78 83.83 96.76 78.06 187.49 74.87 91.97 80.74 183.73 68.56 187.03 149.83 88.47 171.2 125.75 87.76 191.19 167.31 
40 10 12 32 26 20 34 10 17 40 11 39 8 39 10 26 35 22 8 38 13 8 12 10 40 27 21 26 40 26 39 10 12 11 26 36 10 11 40 11 26 37 13 35 40 17 11 12 12 10 11 23 27 12 8 29 13 17 39 40 22 21 13 26 26 21 11 9 26 13 13 23 8 39 27 9 13 12 12 12 13 27 8 11 13 13 13 26 37 26 26 19 13 28 38 32 24 13 9 37 32 35 26 12 10 35 12 13 32 17 41 37 26 41 9 32 29 10 13 26 32 12 29 17 26 39 26 13 17 20 12 19 13 12 26 10 13 13 39 27 8 38 37 11 13 11 40 10 13 11 39 9 40 32 12 36 23 12 40 35 
182 132 37 187 81 174 53 47 140 108 114 117 95 201 14 12 224 13 183 110 197 237 226 159 67 214 189 184 193 110 123 128 122 234 39 168 15 103 53 138 107 131 16 56 217 115 227 64 116 181 76 15 118 207 116 233 146 26 192 172 211 112 33 88 191 93 112 221 61 192 195 192 236 69 0 145 236 66 192 28 55 20 58 206 56 119 138 231 185 206 214 72 39 229 86 166 95 196 43 71 68 118 218 28 56 71 170 119 8 184 147 110 186 230 204 57 217 138 52 199 19 21 206 133 234 23 65 235 92 62 65 42 40 215 225 230 27 17 61 100 195 110 58 193 234 194 213 28 211 226 122 213 82 46 12 0 60 169 121 93 
230 161 220 240 133 240 132 240 240 233 240 155 239 240 199 225 240 220 240 238 240 240 240 240 228 240 240 240 240 197 240 215 162 240 227 240 74 240 240 240 175 198 152 240 240 224 240 224 240 240 182 91 145 240 184 240 225 238 240 240 240 240 73 150 240 240 240 240 211 240 240 240 240 104 101 240 240 134 240 240 150 227 208 240 240 154 240 240 223 240 240 240 90 240 240 240 240 240 133 240 149 192 240 240 198 240 232 233 43 240 187 202 240 240 240 240 240 167 150 240 155 53 240 240 240 240 240 240 178 212 206 240 240 240 240 240 127 181 91 240 240 148 87 226 240 237 240 85 240 240 149 240 163 226 38 234 179 240 145 117 
2
0.0 0.0 
0.0 0.0 
0 0 10 8 8 14 4 7 14 11 8 10 10 11 12 16 8 14 16 7 7 13 9 11 10 7 14 12 10 11 14 10 15 8 11 12 10 13 4 5 12 16 5 17 12 13 10 8 5 8 14 12 5 3 12 12 11 15 6 7 12 16 12 12 9 9 11 7 6 6 14 7 17 11 10 14 7 15 8 7 12 12 12 6 13 12 5 10 17 4 12 14 11 10 13 11 15 9 9 12 8 9 14 14 13 6 5 11 7 6 11 11 10 13 1 17 9 9 13 3 4 10 11 12 14 5 15 15 10 7 10 10 6 12 13 6 17 13 5 5 13 6 11 13 9 5 10 7 14 13 8 5 15 13 12 15 13 18 12 10 15 15 
0 0 10 8 8 14 4 7 14 11 8 10 10 11 12 16 8 14 16 7 7 13 9 11 10 7 14 12 10 11 14 10 15 8 11 12 10 13 4 5 12 16 5 17 12 13 10 8 5 8 14 12 5 3 12 12 11 15 6 7 12 16 12 12 9 9 11 7 6 6 14 7 17 11 10 14 7 15 8 7 12 12 12 6 13 12 5 10 17 4 12 14 11 10 13 11 15 9 9 12 8 9 14 14 13 6 5 11 7 6 11 11 10 13 1 17 9 9 13 3 4 10 11 12 14 5 15 15 10 7 10 10 6 12 13 6 17 13 5 5 13 6 11 13 9 5 10 7 14 13 8 5 15 13 12 15 13 18 12 10 15 15 
10 10 0 6 3 4 8 7 3 7 7 0 6 3 8 5 4 5 5 4 3 6 4 6 5 4 4 8 1 4 4 1 5 6 4 4 5 3 6 6 2 5 8 7 8 2 1 3 5 6 4 6 5 8 4 4 7 4 4 7 2 5 2 9 3 2 9 5 4 4 4 3 6 2 3 6 4 4 3 2 6 4 4 8 7 5 6 5 6 7 2 4 8 8 6 1 5 4 8 4 5 2 4 4 4 4 5 1 4 4 2 3 4 2 8 6 4 3 2 7 6 2 1 3 4 7 4 5 0 4 2 8 3 4 5 6 6 5 6 5 7 8 6 3 3 5 3 3 3 3 6 5 5 7 2 5 4 7 3 3 5 5 
8 8 6 0 3 7 3 1 9 2 0 6 1 9 3 11 1 12 12 7 6 12 2 12 2 3 7 4 5 10 7 7 9 0 10 4 10 7 4 3 8 10 3 11 4 8 7 6 4 0 10 3 4 4 5 10 3 11 3 0 6 11 6 4 3 7 3 8 4 3 7 4 10 5 4 13 7 10 3 5 3 10 11 2 4 11 3 2 11 3 8 11 3 2 5 7 8 9 1 5 1 7 7 11 5 3 6 6 3 3 9 5 10 9 6 12 2 8 7 5 4 4 6 10 7 3 9 9 5 2 4 2 5 5 5 2 12 5 2 5 13 2 3 6 8 6 3 5 8 10 0 4 12 4 9 11 10 12 5 3 8 11 
8 8 3 3 0 5 5 4 6 5 4 3 4 5 6 8 2 8 8 3 2 8 2 8 3 1 6 7 2 6 5 3 7 3 6 4 6 5 3 3 5 7 5 9 6 5 3 2 2 3 7 5 2 5 4 6 5 7 1 4 4 8 3 7 1 3 6 5 2 2 5 0 8 3 2 9 4 7 0 1 4 6 7 5 6 7 3 3 8 4 5 7 6 6 6 3 6 5 5 4 2 4 6 7 4 1 3 3 1 1 5 3 6 5 6 9 2 4 4 4 3 2 3 6 6 4 6 7 2 1 2 5 2 4 5 3 9 5 3 3 9 5 4 5 4 3 2 2 6 6 4 2 8 6 5 8 7 9 3 2 6 8 
14 14 4 7 5 0 10 8 2 6 8 4 6 6 6 5 6 8 6 8 7 9 5 10 5 7 0 7 3 8 0 5 1 7 8 3 9 1 9 8 4 3 10 4 6 4 5 7 8 7 4 4 8 11 2 8 6 5 7 8 2 4 2 7 5 6 8 9 8 7 0 6 2 2 3 10 8 4 6 6 4 7 8 9 4 9 9 5 3 10 4 6 7 8 3 3 0 9 8 2 6 7 0 6 1 7 9 3 7 7 6 2 9 3 12 5 5 7 2 10 9 3 2 7 0 9 2 1 4 6 3 8 7 1 2 8 5 2 8 9 10 9 4 0 8 9 4 7 1 6 7 8 7 5 6 5 7 4 2 4 1 6 
4 4 8 3 5 10 0 2 11 6 3 8 5 10 7 14 4 13 13 6 5 12 5 11 5 4 10 7 7 10 10 8 12 4 11 8 10 10 2 1 10 13 0 14 8 10 8 6 3 3 12 7 3 0 8 11 7 13 3 3 9 13 8 8 5 8 6 7 3 3 10 4 13 7 6 13 6 12 5 5 7 11 11 1 8 11 1 5 13 0 10 12 6 5 9 9 11 8 4 8 4 8 10 12 9 3 5 8 4 3 10 7 10 11 3 14 5 8 9 2 2 7 8 11 10 0 11 12 7 3 7 5 5 8 9 1 14 9 1 3 13 1 7 9 8 5 6 5 11 11 4 3 13 8 10 13 11 14 8 6 11 13 
7 7 7 1 4 8 2 0 10 3 0 7 3 10 5 12 2 12 12 7 6 12 3 12 3 3 8 5 6 10 8 8 10 1 11 5 10 8 3 2 9 11 1 13 5 9 7 6 3 1 11 5 3 3 6 11 4 12 3 0 7 12 7 5 4 8 4 8 4 3 8 4 11 6 5 13 7 11 4 5 5 11 11 0 6 12 2 3 12 2 9 12 3 2 7 8 9 9 2 6 2 8 8 12 7 3 6 7 3 3 9 6 10 10 5 13 3 8 8 4 4 5 7 11 8 2 10 10 6 3 5 2 5 6 6 1 13 7 1 4 13 1 4 7 8 6 4 5 9 11 1 4 13 5 10 12 11 13 6 4 9 12 
14 14 3 9 6 2 11 10 0 8 9 3 8 4 8 2 7 5 3 7 7 7 6 7 7 7 3 9 3 5 2 4 2 8 6 5 7 1 10 9 1 1 11 3 9 1 4 6 8 8 1 7 8 11 4 5 8 2 7 9 2 2 3 10 5 5 10 8 8 8 2 6 3 3 4 7 7 1 6 6 6 5 5 10 7 7 9 6 2 10 1 4 9 10 6 2 3 7 10 4 7 5 3 3 4 7 8 2 7 8 4 4 6 1 12 3 6 5 1 10 9 4 2 4 3 10 1 2 4 7 4 10 7 4 5 9 3 5 9 9 8 10 7 2 6 8 5 7 1 3 8 8 4 8 4 3 4 3 3 5 2 3 
11 11 7 2 5 6 6 3 8 0 3 7 1 10 1 11 2 12 11 8 7 13 2 13 1 5 6 1 5 11 6 8 8 2 11 3 12 6 7 5 8 9 5 10 1 8 8 8 6 3 10 1 6 7 4 11 0 11 5 3 6 10 5 2 4 8 2 10 6 5 6 5 9 4 3 14 9 9 5 6 1 11 12 4 2 12 6 2 9 6 8 11 1 2 3 7 6 10 2 3 2 9 6 11 4 5 8 6 5 5 9 4 11 8 9 11 2 9 6 8 7 5 6 11 6 6 8 8 6 4 4 1 7 4 3 4 11 3 5 7 14 5 1 5 10 8 3 7 7 10 2 6 12 1 10 11 11 10 4 3 7 11 
8 8 7 0 4 8 3 0 9 3 0 7 2 9 4 12 2 12 12 7 6 12 2 12 2 3 8 4 6 10 8 7 9 0 11 5 10 8 4 2 9 10 2 12 4 9 7 6 4 0 10 4 4 4 5 11 3 11 3 0 7 11 6 4 3 7 3 8 4 3 8 4 11 5 4 13 7 10 4 5 4 10 11 1 5 11 3 2 11 3 8 11 3 2 6 7 8 9 1 5 1 8 7 11 6 3 6 7 3 3 9 5 10 9 6 12 2 8 7 5 4 5 6 10 7 2 9 9 6 2 5 2 5 6 6 2 12 6 2 5 13 2 3 7 8 6 4 5 8 10 0 4 12 5 9 12 11 12 5 4 9 12 
10 10 0 6 3 4 8 7 3 7 7 0 6 2 8 5 5 5 5 4 3 5 5 6 5 4 4 9 1 3 4 1 5 6 4 5 5 3 6 6 2 5 8 7 8 2 1 3 5 6 4 6 5 8 4 4 7 4 4 7 2 5 2 9 3 2 9 4 5 5 4 3 6 3 3 6 4 4 3 3 6 4 4 8 7 5 6 5 6 7 2 4 8 9 6 1 5 4 8 4 5 2 4 4 4 4 5 1 4 5 2 3 4 2 9 6 4 3 2 7 6 2 1 3 4 7 4 5 1 4 2 8 3 4 6 6 6 6 6 5 6 8 6 4 3 5 3 3 3 3 7 5 5 8 2 5 3 7 3 3 5 5 
10 10 6 1 4 6 5 3 8 1 2 6 0 9 2 10 1 12 11 7 6 12 1 12 1 4 6 3 5 10 6 7 7 1 10 3 11 6 5 4 8 9 4 10 2 8 7 7 5 2 9 2 5 6 4 10 1 10 4 2 5 10 5 3 3 7 2 9 5 4 6 4 9 4 3 13 8 9 4 5 2 10 11 3 3 11 4 1 9 5 8 11 2 2 4 6 6 9 2 3 1 8 6 10 4 4 7 6 4 4 9 4 10 8 8 11 1 8 6 7 6 4 5 10 6 5 8 8 5 3 4 2 6 4 4 3 11 4 4 6 13 4 1 5 8 7 2 6 7 10 1 5 11 3 9 10 10 10 4 2 7 11 
11 11 3 9 5 6 10 10 4 10 9 2 9 0 11 5 7 2 4 4 4 3 7 3 8 6 6 12 4 1 6 2 7 9 1 7 3 5 8 8 2 5 10 7 11 2 2 4 7 9 3 9 7 10 7 1 10 4 6 10 4 5 5 12 6 2 12 4 6 7 6 5 7 5 6 3 4 4 5 4 9 1 1 10 10 3 8 8 7 9 2 2 11 11 9 3 7 3 11 7 8 2 7 3 7 6 5 3 6 7 0 6 2 3 10 6 7 2 4 8 8 5 4 1 7 9 5 6 3 6 5 11 5 6 8 9 6 8 9 7 4 10 9 6 2 6 6 5 5 1 9 6 3 10 0 3 1 7 6 6 6 3 
12 12 8 3 6 6 7 5 8 1 4 8 2 11 0 11 4 13 12 10 9 14 3 14 2 6 6 0 6 12 6 9 8 3 12 3 13 7 8 6 9 9 6 10 0 9 9 9 7 4 10 1 7 8 4 12 0 11 6 4 6 11 6 1 5 9 2 11 7 6 6 7 9 5 4 14 10 10 6 7 1 12 13 5 1 13 7 3 9 7 9 12 1 2 3 8 6 12 3 4 4 10 6 12 4 6 10 7 7 6 10 5 12 9 10 11 3 10 7 9 8 5 7 11 6 7 8 8 7 5 5 2 8 4 3 6 11 3 6 8 15 6 1 6 11 9 4 8 7 11 3 7 13 0 11 11 12 10 5 4 7 12 
16 16 5 11 8 5 14 12 2 11 12 5 10 5 11 0 10 5 1 9 9 7 9 8 9 10 5 12 6 6 5 6 3 11 7 7 8 4 12 12 3 1 13 2 11 3 6 8 11 11 2 9 11 14 6 6 11 1 10 12 5 0 5 12 8 7 13 9 10 10 4 9 3 6 7 6 9 1 9 8 9 5 6 13 9 7 12 9 2 13 3 3 12 13 8 4 4 8 13 7 10 7 5 2 6 10 10 5 10 10 5 6 7 3 14 0 9 7 4 13 12 7 5 4 5 13 3 3 6 10 6 12 9 6 8 12 0 7 12 11 8 13 9 5 8 10 8 9 3 4 11 11 3 10 5 1 4 2 6 8 4 3 
8 8 4 1 2 6 4 2 7 2 2 5 1 7 4 10 0 10 10 6 4 10 0 10 1 2 6 4 3 8 6 5 7 1 9 3 9 6 4 3 6 8 4 10 4 7 5 5 3 1 8 3 3 5 4 9 3 9 2 2 5 9 4 5 1 6 4 7 3 2 6 2 8 3 2 11 6 8 2 3 3 9 9 3 4 10 3 1 9 4 6 9 3 3 4 5 6 8 3 3 0 6 5 9 4 2 5 5 2 2 7 3 9 7 7 10 0 7 5 5 4 3 4 8 5 4 7 7 4 1 3 3 4 4 4 2 10 4 3 4 11 3 2 5 7 5 1 4 6 8 1 3 10 4 7 9 9 10 3 1 7 10 
14 14 5 12 8 8 13 12 5 12 12 5 12 2 13 5 10 0 3 6 7 2 10 3 11 9 8 14 7 3 8 4 8 12 2 9 4 7 11 11 4 5 13 7 13 4 5 6 10 12 3 11 9 13 9 1 12 3 9 12 6 5 7 14 9 4 14 6 9 9 7 8 8 8 8 1 6 4 8 7 11 1 1 13 12 3 11 10 7 12 4 1 14 14 11 5 8 5 13 9 11 5 8 2 9 9 8 5 9 9 3 8 3 4 12 5 10 4 6 11 10 7 6 1 8 12 6 7 6 9 7 14 7 8 10 11 5 10 11 9 3 13 11 8 5 8 9 8 6 1 12 9 1 13 2 3 1 7 8 9 8 2 
16 16 5 12 8 6 13 12 3 11 12 5 11 4 12 1 10 3 0 8 8 5 9 6 10 9 6 13 6 5 6 5 5 11 5 8 7 5 12 12 3 3 13 4 12 3 6 8 11 11 1 10 10 14 7 4 11 0 10 12 5 1 6 13 8 6 13 8 10 10 5 9 5 7 8 5 8 2 8 8 10 4 4 13 10 6 12 10 4 13 3 2 13 13 9 4 6 7 13 8 10 6 6 1 7 10 10 5 9 10 4 7 6 2 14 2 9 6 5 12 11 7 5 3 6 13 4 5 6 10 7 13 9 7 9 12 2 8 12 11 6 13 10 6 7 10 8 9 4 3 12 10 1 11 4 0 3 4 7 8 5 1 
7 7 4 7 3 8 6 7 7 8 7 4 7 4 10 9 6 6 8 0 1 5 6 5 7 3 8 10 4 3 8 3 9 7 4 7 3 7 4 5 5 9 7 11 10 5 2 1 3 6 7 8 3 6 7 4 9 8 4 7 6 9 6 11 4 2 10 1 3 4 8 3 10 6 5 7 0 7 3 2 8 4 5 7 9 5 4 6 10 5 5 6 9 9 9 5 9 2 8 7 6 1 8 7 8 3 1 5 3 4 4 6 3 6 6 10 6 2 6 4 4 5 5 5 8 6 8 9 3 4 5 9 1 7 9 5 9 9 5 3 6 7 8 7 1 1 5 1 7 5 7 3 7 10 4 8 5 11 6 6 9 7 
7 7 3 6 2 7 5 6 7 7 6 3 6 4 9 9 4 7 8 1 0 7 5 6 6 2 8 9 4 4 7 3 9 6 5 6 4 7 3 4 5 9 5 11 9 5 2 0 2 5 7 7 2 5 6 5 8 8 2 6 5 9 5 10 3 2 9 2 2 2 7 1 10 5 5 8 1 7 2 1 7 5 6 6 8 6 3 5 10 4 5 7 8 8 8 4 8 3 7 6 5 2 8 7 7 2 1 5 2 2 4 5 4 6 5 10 5 3 6 3 3 4 5 6 8 4 8 9 3 3 4 8 0 6 8 4 10 8 4 2 7 6 7 7 2 1 4 0 7 6 6 2 8 9 5 8 6 11 6 5 8 8 
13 13 6 12 8 9 12 12 7 13 12 5 12 3 14 7 10 2 5 5 7 0 10 1 11 9 9 15 7 2 9 4 9 12 1 10 3 8 10 11 5 7 12 9 14 5 5 6 9 12 5 12 9 12 10 1 13 5 9 12 7 7 8 15 9 4 15 5 9 9 9 8 10 8 9 1 5 6 8 7 12 1 1 13 13 1 10 11 9 11 5 3 14 14 12 6 10 3 14 10 11 4 9 4 10 9 7 6 8 9 3 9 2 5 11 7 10 3 7 10 10 8 7 2 10 11 8 9 6 9 8 14 7 9 11 11 7 11 11 8 1 12 12 9 4 7 9 7 8 3 12 9 3 14 3 5 2 9 9 9 9 4 
9 9 4 2 2 5 5 3 6 2 2 5 1 7 3 9 0 10 9 6 5 10 0 10 0 3 5 4 3 8 5 5 6 2 9 2 9 5 5 4 6 8 5 9 4 6 5 5 4 2 8 2 4 6 3 9 3 9 3 3 4 9 3 4 1 6 4 7 4 3 5 3 8 2 1 11 6 7 2 4 2 9 9 4 3 10 4 0 8 5 6 9 3 4 4 5 6 8 3 2 1 6 5 9 3 3 6 4 3 3 7 2 9 6 8 9 0 7 4 6 5 2 4 8 5 4 6 7 4 2 2 3 5 3 3 3 9 3 4 5 11 4 2 4 7 6 1 4 5 8 2 4 10 3 7 9 9 9 3 1 6 9 
11 11 6 12 8 10 11 12 7 13 12 6 12 3 14 8 10 3 6 5 6 1 10 0 11 8 10 15 7 2 10 5 10 12 1 11 1 9 9 10 6 8 12 11 14 6 5 5 8 11 6 12 8 11 10 2 13 6 9 12 8 8 8 15 9 4 15 4 8 9 10 7 11 9 9 2 5 7 8 6 12 2 2 12 13 0 10 11 10 11 6 4 14 14 12 6 10 2 13 10 11 4 10 5 10 8 6 7 8 9 3 9 1 6 10 9 10 3 8 9 9 8 7 3 10 11 9 10 6 9 8 14 6 10 12 10 8 12 10 8 1 12 12 9 3 6 9 6 9 4 12 8 5 14 3 6 3 10 9 9 10 5 
10 10 5 2 3 5 5 3 7 1 2 5 1 8 2 9 1 11 10 7 6 11 0 11 0 3 5 3 4 9 5 6 7 2 10 2 10 5 5 4 7 8 5 9 3 7 6 6 5 2 8 1 5 6 3 9 2 9 3 3 4 9 4 4 2 7 3 8 5 4 5 4 8 3 2 12 7 8 3 5 1 9 10 4 3 11 4 0 8 5 7 10 3 3 3 5 6 9 3 2 1 7 5 9 3 4 7 5 4 3 8 3 9 7 8 10 0 8 5 7 6 3 4 9 5 5 7 7 4 3 3 3 5 3 3 4 10 3 4 6 12 4 1 4 8 7 1 5 6 9 2 5 10 3 8 9 9 9 3 1 6 10 
7 7 4 3 1 7 4 3 7 5 3 4 4 6 6 10 2 9 9 3 2 9 3 8 3 0 7 7 3 6 7 4 8 3 7 5 7 6 2 2 6 9 4 10 7 6 4 3 1 3 8 5 1 4 5 7 6 9 0 3 5 9 4 7 2 4 6 5 1 0 7 0 9 4 3 10 3 8 0 1 5 7 8 4 6 8 2 3 9 3 6 8 6 5 6 5 7 5 5 5 2 4 7 8 5 0 3 4 0 0 6 4 7 7 5 10 3 5 5 3 2 3 4 7 7 3 8 8 3 0 3 5 2 5 6 2 10 6 2 2 9 4 5 6 5 3 3 1 7 7 3 1 9 7 6 9 7 10 4 3 8 9 
14 14 4 7 6 0 10 8 3 6 8 4 6 6 6 5 6 8 6 8 8 9 5 10 5 7 0 7 3 8 0 5 1 7 8 3 10 1 9 9 4 3 10 4 6 4 6 7 8 7 4 4 8 11 2 8 6 5 7 8 2 4 2 7 5 6 8 9 8 7 0 6 2 2 3 10 8 4 6 6 4 8 8 9 4 9 9 5 3 10 4 7 7 8 3 3 0 9 8 2 6 7 0 6 1 7 9 3 7 7 6 2 9 4 12 5 5 7 2 10 10 3 3 7 0 10 2 1 4 6 3 8 8 1 2 8 5 2 9 9 10 10 4 1 8 9 4 7 1 6 7 8 7 5 6 6 7 4 2 4 1 6 
12 12 8 4 7 7 7 5 9 1 4 9 3 12 0 12 4 14 13 10 9 15 4 15 3 7 7 0 7 12 7 10 8 3 13 4 13 8 8 7 10 10 7 11 0 10 9 9 8 4 11 2 8 8 5 13 1 12 7 4 7 12 7 0 6 10 1 12 8 7 7 7 9 6 5 15 11 11 7 8 2 13 13 5 2 14 7 4 10 8 10 13 1 2 4 8 7 12 3 5 4 11 7 13 5 7 10 8 7 7 11 6 13 10 11 12 4 11 8 9 9 6 8 12 7 7 9 9 8 6 6 2 9 5 4 6 12 4 6 9 16 6 2 6 11 10 5 9 8 12 3 8 14 1 11 12 13 11 6 5 8 13 
10 10 1 5 2 3 7 6 3 5 6 1 5 4 6 6 3 7 6 4 4 7 3 7 4 3 3 7 0 5 3 2 4 5 6 3 6 2 6 5 3 5 7 7 6 3 2 3 5 5 4 4 5 8 2 5 6 5 4 6 1 6 1 7 2 3 7 6 4 4 3 3 6 1 1 8 5 4 2 3 4 5 6 7 5 7 6 3 6 7 3 5 7 7 4 1 4 6 7 2 4 4 3 5 3 4 5 1 3 4 4 1 6 3 9 6 3 4 2 7 6 0 1 5 3 7 4 4 1 3 0 7 4 2 4 6 6 4 6 5 8 7 4 2 5 5 2 4 3 5 5 5 6 6 4 6 5 7 2 2 4 6 
11 11 4 10 6 8 10 10 5 11 10 3 10 1 12 6 8 3 5 3 4 2 8 2 9 6 8 12 5 0 8 2 8 10 0 8 1 6 8 8 4 7 10 9 12 4 2 3 7 9 5 10 6 10 8 1 11 5 7 10 6 6 6 13 7 2 12 3 6 7 7 5 9 7 7 3 3 5 6 4 10 1 1 10 11 1 8 8 8 9 4 3 12 12 10 4 8 2 11 8 9 2 8 4 8 6 5 4 6 7 1 7 1 4 9 7 8 1 6 8 7 6 5 2 8 9 7 8 4 7 6 11 5 8 9 9 7 9 9 6 3 10 10 7 2 5 7 5 7 2 10 6 4 12 1 5 2 9 7 7 8 4 
14 14 4 7 5 0 10 8 2 6 8 4 6 6 6 5 6 8 6 8 7 9 5 10 5 7 0 7 3 8 0 5 1 7 8 3 9 1 9 8 4 3 10 4 6 4 5 7 8 7 4 4 8 11 2 8 6 5 7 8 2 4 2 7 5 6 8 9 8 7 0 6 2 2 3 10 8 4 6 6 4 7 8 9 4 9 9 5 3 10 4 6 7 8 3 3 0 9 8 2 6 7 0 6 1 7 9 3 7 7 6 2 9 3 12 5 5 7 2 10 9 3 2 7 0 9 2 1 4 6 3 8 7 1 2 8 5 2 8 9 10 9 4 0 8 9 4 7 1 6 7 8 7 5 6 5 7 4 2 4 1 6 
10 10 1 7 3 5 8 8 4 8 7 1 7 2 9 6 5 4 5 3 3 4 5 5 6 4 5 10 2 2 5 0 6 7 3 6 4 4 6 6 2 5 8 7 9 2 0 2 5 7 4 7 5 8 5 3 8 4 5 8 3 5 3 10 4 1 10 4 5 5 5 3 7 4 4 5 3 4 3 2 7 3 3 8 8 4 6 6 7 7 2 4 9 9 7 2 6 3 9 5 6 1 5 4 5 4 4 2 4 5 1 4 3 3 8 6 5 2 3 7 6 3 2 3 6 7 5 6 1 4 3 9 3 5 7 7 6 7 7 5 5 8 7 5 2 4 4 3 4 3 7 5 5 9 2 5 3 7 4 4 6 4 
15 15 5 9 7 1 12 10 2 8 9 5 7 7 8 3 7 8 5 9 9 9 6 10 7 8 1 8 4 8 1 6 0 9 9 4 10 2 11 10 4 2 11 2 8 4 6 8 10 9 4 6 10 12 3 8 7 4 9 10 3 3 3 9 6 7 9 10 9 9 1 8 1 4 5 9 9 3 7 8 6 8 8 11 6 10 10 6 1 11 4 6 9 10 4 4 1 9 10 4 8 8 1 5 3 8 10 4 8 9 6 4 9 3 14 3 6 8 2 12 11 5 4 7 1 11 1 0 5 8 5 9 9 3 4 10 4 4 10 10 10 11 6 2 9 10 5 9 1 6 9 10 6 7 6 5 7 2 3 5 0 6 
8 8 6 0 3 7 4 1 8 2 0 6 1 9 3 11 1 12 11 7 6 12 2 12 2 3 7 3 5 10 7 7 9 0 10 4 10 7 4 3 8 10 3 11 4 8 7 6 4 0 10 3 4 4 5 10 3 11 3 1 6 11 5 4 3 7 3 8 4 3 7 4 10 4 3 13 7 10 3 5 3 10 11 2 4 11 3 2 10 4 8 11 2 2 5 7 8 9 1 4 1 8 7 11 5 3 6 6 3 3 9 4 10 9 7 12 2 8 7 5 5 4 6 10 7 3 9 9 5 2 4 1 5 5 5 2 12 5 2 5 13 3 3 6 8 6 3 5 8 10 0 4 12 4 9 11 10 11 5 3 8 11 
11 11 4 10 6 8 11 11 6 11 11 4 10 1 12 7 9 2 5 4 5 1 9 1 10 7 8 13 6 0 8 3 9 10 0 9 2 7 8 9 4 7 11 9 13 4 3 4 8 10 5 11 7 11 9 0 12 5 7 11 6 6 7 14 7 3 13 4 7 8 8 6 9 7 8 2 4 6 7 5 11 1 0 11 11 1 9 9 8 10 4 3 13 13 11 5 9 2 12 9 9 3 9 4 9 7 5 5 7 8 2 8 0 5 10 7 9 2 6 8 8 6 6 2 9 10 7 8 5 8 7 12 5 8 10 9 7 10 9 7 2 11 10 8 2 6 8 6 7 2 11 7 3 12 2 5 2 9 8 8 8 4 
12 12 4 4 4 3 8 5 5 3 5 5 3 7 3 7 3 9 8 7 6 10 2 11 2 5 3 4 3 8 3 6 4 4 9 0 10 3 7 6 5 6 7 7 3 5 6 6 6 4 7 2 6 8 0 9 3 7 5 5 3 7 2 5 3 6 5 9 6 5 3 5 5 1 1 11 8 6 4 5 1 9 9 6 2 10 6 2 6 7 5 8 4 5 1 4 3 9 5 0 3 7 2 8 1 5 8 4 5 5 7 1 9 5 10 8 2 7 3 8 7 2 3 8 2 7 4 4 4 4 2 5 6 1 1 6 8 1 6 7 11 7 1 2 8 8 2 6 4 8 4 6 9 3 7 8 8 7 1 1 4 8 
10 10 5 10 6 9 10 10 7 12 10 5 11 3 13 8 9 4 7 3 4 3 9 1 10 7 10 13 6 1 9 4 10 10 2 10 0 8 7 8 6 9 10 11 13 5 4 4 7 10 7 11 6 10 9 2 12 7 7 10 7 8 8 14 7 3 13 2 6 7 9 6 11 8 8 4 3 7 6 5 11 3 2 11 12 1 8 9 10 9 6 5 13 12 11 6 10 1 12 9 9 2 10 6 10 7 4 6 6 7 3 8 1 6 8 9 9 2 7 7 7 7 7 3 10 9 9 10 5 7 7 12 5 9 11 9 9 11 9 6 3 10 11 9 2 5 8 5 8 4 10 6 5 13 3 7 4 11 8 8 10 6 
13 13 3 7 5 1 10 8 1 6 8 3 6 5 7 4 6 7 5 7 7 8 5 9 5 6 1 8 2 6 1 4 2 7 7 3 8 0 9 8 2 2 10 4 7 3 4 6 8 7 3 5 8 11 2 6 6 4 7 8 1 4 1 8 4 5 8 8 7 7 0 6 3 2 3 8 7 3 5 6 5 6 7 9 5 8 8 5 3 10 2 5 8 9 4 2 1 8 8 3 6 6 1 5 2 6 8 2 6 7 5 2 7 2 12 4 5 6 0 10 9 3 2 5 1 9 1 1 3 6 3 8 7 2 3 8 4 3 8 8 9 9 5 1 7 8 4 6 0 5 7 8 6 6 5 4 5 4 2 4 1 5 
4 4 6 4 3 9 2 3 10 7 4 6 5 8 8 12 4 11 12 4 3 10 5 9 5 2 9 8 6 8 9 6 11 4 8 7 7 9 0 1 8 11 2 13 8 8 6 4 1 3 10 7 1 2 8 9 7 11 2 4 8 12 7 9 4 6 7 5 1 2 9 3 12 7 6 11 4 10 3 3 7 9 9 3 8 9 1 5 12 1 8 10 7 6 9 7 10 6 5 7 4 5 9 11 8 2 3 7 2 2 8 7 8 9 2 13 5 6 8 1 0 6 7 9 9 1 10 11 5 3 6 6 3 8 9 2 13 9 1 1 11 3 7 8 6 2 5 3 9 9 4 1 11 8 8 11 9 13 7 5 10 11 
5 5 6 3 3 8 1 2 9 5 2 6 4 8 6 12 3 11 12 5 4 11 4 10 4 2 9 7 5 8 8 6 10 3 9 6 8 8 1 0 8 11 1 12 7 8 6 4 1 2 10 6 1 2 7 9 6 11 1 2 7 11 6 7 3 6 6 6 1 1 8 3 11 6 5 12 5 10 3 3 6 9 10 2 7 10 0 4 12 1 8 10 5 5 8 7 9 7 4 6 2 6 8 11 7 2 4 7 2 1 8 6 8 9 3 12 4 7 8 2 1 5 7 9 8 1 10 10 5 2 5 4 3 7 7 0 12 8 0 2 11 1 5 8 6 3 4 3 9 9 3 1 11 7 8 11 10 13 6 4 10 11 
12 12 2 8 5 4 10 9 1 8 9 2 8 2 9 3 6 4 3 5 5 5 6 6 7 6 4 10 3 4 4 2 4 8 4 5 6 2 8 8 0 3 10 5 9 0 2 5 7 8 1 7 7 10 4 3 8 2 6 9 2 3 3 10 5 3 10 6 7 7 3 5 5 4 4 5 5 2 5 5 7 3 4 10 8 5 8 6 4 9 0 3 10 10 6 1 4 5 10 5 7 4 4 2 5 6 7 1 6 7 2 4 5 0 11 4 6 4 2 9 8 3 2 2 4 9 3 4 2 6 3 10 5 4 6 8 4 6 8 7 6 10 7 3 4 7 5 5 2 2 8 7 3 9 2 3 3 5 4 5 4 3 
16 16 5 10 7 3 13 11 1 9 10 5 9 5 9 1 8 5 3 9 9 7 8 8 8 9 3 10 5 7 3 5 2 10 7 6 9 2 11 11 3 0 12 2 10 3 6 8 10 10 2 8 10 13 5 6 9 2 9 11 3 1 4 11 7 6 11 9 10 9 3 8 2 5 6 7 9 1 8 8 8 6 6 12 8 8 11 8 1 12 3 4 11 11 6 4 3 8 11 5 9 7 3 3 5 9 10 4 9 9 5 5 8 2 14 1 8 7 3 12 11 5 4 5 3 12 1 2 5 9 5 11 9 5 6 11 1 6 11 10 8 12 8 3 8 10 6 8 2 4 10 10 4 9 5 2 5 2 5 6 2 4 
5 5 8 3 5 10 0 1 11 5 2 8 4 10 6 13 4 13 13 7 5 12 5 12 5 4 10 7 7 10 10 8 11 3 11 7 10 10 2 1 10 12 0 14 7 10 8 6 3 2 12 6 3 1 8 11 6 13 3 2 9 13 8 7 5 8 5 8 3 3 10 4 13 7 6 13 7 12 4 5 6 11 11 1 8 12 2 5 13 1 10 12 5 4 8 8 11 9 3 7 3 8 10 13 8 3 5 8 4 3 10 7 10 11 4 14 5 9 9 3 3 6 8 11 10 1 11 12 7 3 7 4 5 8 8 1 14 8 1 4 13 0 6 9 8 5 6 5 10 11 3 3 13 7 10 13 12 14 8 6 11 13 
17 17 7 11 9 4 14 13 3 10 12 7 10 7 10 2 10 7 4 11 11 9 9 11 9 10 4 11 7 9 4 7 2 11 9 7 11 4 13 12 5 2 14 0 10 5 8 10 12 11 4 9 12 15 6 8 10 4 11 12 5 2 6 11 9 8 12 11 11 11 4 10 1 6 7 9 11 3 9 10 8 8 8 13 8 10 13 9 0 14 5 6 12 12 7 6 3 11 12 6 10 9 4 5 6 11 12 6 10 11 7 6 10 4 16 2 9 9 4 14 13 7 6 7 4 13 2 2 7 10 7 12 11 6 7 12 2 6 13 12 10 14 9 5 10 12 8 10 3 7 11 12 6 9 7 4 7 0 6 8 3 5 
12 12 8 4 6 6 8 5 9 1 4 8 2 11 0 11 4 13 12 10 9 14 4 14 3 7 6 0 6 12 6 9 8 4 13 3 13 7 8 7 9 10 7 10 0 9 9 9 8 4 11 2 8 9 4 12 1 11 7 5 7 11 6 1 5 10 2 12 8 7 6 7 9 5 5 15 10 10 6 8 2 12 13 6 1 14 7 3 10 8 9 12 2 3 3 8 6 12 3 4 4 10 6 12 4 7 10 8 7 7 11 5 13 9 11 11 4 11 7 10 9 6 7 12 6 7 8 8 7 6 6 3 9 5 3 6 11 3 7 9 15 6 2 6 11 10 5 8 7 11 4 8 13 0 11 12 12 10 5 4 7 12 
13 13 2 8 5 4 10 9 1 8 9 2 8 2 9 3 7 4 3 5 5 5 6 6 7 6 4 10 3 4 4 2 4 8 4 5 5 3 8 8 0 3 10 5 9 0 2 5 7 8 1 7 7 11 5 3 9 2 7 9 2 3 3 10 5 3 10 6 7 7 3 5 5 4 5 5 5 2 5 5 7 3 4 10 8 5 8 6 4 9 0 2 10 10 7 1 4 5 10 5 7 4 4 2 5 6 7 1 6 7 2 4 5 0 11 4 6 4 2 9 8 4 2 2 4 9 3 4 3 6 4 10 6 4 6 9 4 6 9 7 6 10 7 4 4 7 5 5 3 2 8 7 3 9 2 2 2 5 4 5 4 3 
10 10 1 7 3 5 8 7 4 8 7 1 7 2 9 6 5 5 6 2 2 5 5 5 6 4 6 9 2 2 5 0 6 7 3 6 4 4 6 6 2 6 8 8 9 2 0 2 5 6 4 7 4 8 5 3 8 5 4 7 3 6 3 10 4 0 9 3 4 4 5 3 7 4 4 6 3 5 3 2 7 3 4 8 8 4 6 5 7 7 2 4 9 9 7 2 6 3 8 5 6 1 6 4 5 4 4 2 4 4 2 4 3 3 8 7 5 1 3 6 5 3 3 3 6 7 5 6 1 4 3 9 3 5 7 6 7 7 6 5 6 8 7 5 2 4 4 3 5 3 7 4 5 9 2 5 3 8 4 4 6 5 
8 8 3 6 2 7 6 6 6 8 6 3 7 4 9 8 5 6 8 1 0 6 5 5 6 3 7 9 3 3 7 2 8 6 4 6 4 6 4 4 5 8 6 10 9 5 2 0 3 6 6 7 3 6 6 4 8 7 3 6 5 8 5 10 4 1 9 2 2 3 7 2 9 5 4 7 1 7 2 1 7 4 5 7 8 5 4 5 9 5 5 6 9 8 8 4 8 2 8 6 5 1 7 6 7 3 2 4 2 3 3 5 4 5 6 9 5 2 5 4 4 4 4 5 7 5 7 8 2 3 4 8 1 6 8 5 9 8 5 3 6 6 7 6 2 2 4 1 7 5 6 3 7 9 4 7 5 10 5 5 8 7 
5 5 5 4 2 8 3 3 8 6 4 5 5 7 7 11 3 10 11 3 2 9 4 8 5 1 8 8 5 7 8 5 10 4 8 6 7 8 1 1 7 10 3 12 8 7 5 3 0 3 9 7 0 3 7 8 7 10 1 4 6 11 6 8 3 5 7 4 0 1 8 2 11 6 5 10 3 9 2 2 6 8 8 3 8 8 1 4 11 2 7 9 7 6 8 6 9 6 5 6 3 5 8 10 7 1 2 6 1 1 7 6 7 8 3 12 4 5 7 1 1 4 6 8 8 2 9 10 4 2 5 6 2 7 8 2 11 8 2 1 10 3 6 7 5 2 4 2 8 8 4 0 10 8 7 10 8 12 6 5 9 10 
8 8 6 0 3 7 3 1 8 3 0 6 2 9 4 11 1 12 11 6 5 12 2 11 2 3 7 4 5 9 7 7 9 0 10 4 10 7 3 2 8 10 2 11 4 8 6 6 3 0 10 4 3 4 5 10 3 11 2 0 6 11 5 5 3 7 3 8 3 2 7 3 10 5 4 12 7 10 3 4 4 10 10 2 5 11 2 2 11 3 8 11 3 2 6 7 8 9 2 5 1 7 7 11 5 3 6 6 3 2 9 5 10 9 6 12 2 8 7 5 4 4 6 10 7 2 9 9 5 2 4 2 5 5 5 1 12 6 2 4 12 2 3 6 8 5 3 4 8 10 0 3 12 5 9 11 10 12 5 3 8 11 
14 14 4 10 7 4 12 11 1 10 10 4 9 3 10 2 8 3 1 7 7 5 8 6 8 8 4 11 4 5 4 4 4 10 5 7 7 3 10 10 1 2 12 4 11 1 4 6 9 10 0 9 9 12 6 4 10 0 8 11 3 1 4 12 7 5 12 7 9 9 4 7 4 5 6 5 7 0 7 6 8 4 4 12 9 6 10 8 3 11 1 2 11 12 7 3 4 6 11 6 9 5 5 1 6 8 8 3 8 9 3 5 6 1 13 2 8 5 3 11 10 5 3 3 5 11 3 3 4 8 5 11 7 5 7 10 2 7 10 9 6 12 8 4 6 9 6 7 3 2 10 9 2 10 3 1 3 4 5 6 4 1 
12 12 6 3 5 4 7 5 7 1 4 6 2 9 1 9 3 11 10 8 7 12 2 12 1 5 4 2 4 10 4 7 6 3 11 2 11 5 7 6 7 8 6 9 2 7 7 7 7 4 9 0 6 8 2 10 1 9 5 4 5 9 4 3 3 8 3 10 6 5 5 5 7 3 3 13 9 8 5 6 0 10 11 5 1 12 6 2 8 7 7 10 2 3 2 6 5 10 3 2 3 8 4 10 3 5 9 6 5 5 9 3 11 7 10 10 2 9 5 8 8 4 5 10 4 6 6 6 5 4 4 3 7 3 2 5 10 2 6 8 13 6 0 4 9 8 3 7 6 9 3 7 11 1 9 10 10 9 3 2 5 10 
5 5 5 4 2 8 3 3 8 6 4 5 5 7 7 11 3 9 10 3 2 9 4 8 5 1 8 8 5 6 8 5 10 4 7 6 6 8 1 1 7 10 3 12 8 7 4 3 0 3 9 6 0 3 6 8 7 10 1 4 6 10 6 8 3 4 7 4 0 0 8 1 11 5 4 10 3 9 2 2 6 7 8 4 8 8 1 4 11 2 7 9 7 6 8 6 9 5 5 6 3 4 8 9 7 1 2 6 1 1 6 5 7 8 3 11 4 5 7 2 1 4 6 8 8 2 9 9 4 2 5 6 1 6 8 2 11 8 2 1 9 3 6 7 5 2 4 1 8 8 4 0 10 8 7 10 8 12 6 4 9 10 
3 3 8 4 5 11 0 3 11 7 4 8 6 10 8 14 5 13 14 6 5 12 6 11 6 4 11 8 8 10 11 8 12 4 11 8 10 11 2 2 10 13 1 15 9 11 8 6 3 4 12 8 3 0 9 11 8 13 4 3 9 14 9 8 6 8 7 7 3 3 11 5 14 8 7 13 6 12 5 5 8 11 11 2 9 11 2 6 14 1 10 13 7 6 10 9 12 8 5 9 4 8 11 13 9 4 5 9 4 3 10 8 10 11 2 15 6 8 10 2 2 7 9 11 11 1 12 12 7 4 7 6 5 9 10 2 14 10 2 3 13 2 7 10 8 4 7 5 11 11 5 3 13 9 10 13 12 15 9 7 12 13 
12 12 4 5 4 2 8 6 4 4 5 4 4 7 4 6 4 9 7 7 6 10 3 10 3 5 2 5 2 8 2 5 3 5 9 0 9 2 8 7 4 5 8 6 4 5 5 6 7 5 6 2 6 9 0 8 4 6 5 6 2 6 1 5 3 6 6 8 6 6 2 5 5 1 2 10 7 5 4 5 2 8 9 7 3 10 7 3 5 8 4 7 5 6 2 3 2 8 6 0 4 7 2 7 0 5 8 3 5 5 6 1 9 5 10 7 3 7 2 9 8 2 2 7 2 8 4 4 4 5 2 6 6 0 1 6 7 1 7 7 11 7 2 1 8 8 2 6 3 7 5 7 8 4 6 7 7 6 0 2 3 8 
12 12 4 10 6 8 11 11 5 11 11 4 10 1 12 6 9 1 4 4 5 1 9 2 9 7 8 13 5 1 8 3 8 10 0 9 2 6 9 9 3 6 11 8 12 3 3 4 8 10 4 10 8 11 8 0 11 4 8 11 6 5 6 13 7 3 13 4 7 8 7 6 8 7 7 2 4 5 7 5 10 0 0 11 11 1 9 9 8 10 3 2 12 13 10 4 8 3 12 8 9 3 8 3 8 7 6 5 7 8 1 7 1 4 10 6 9 2 6 9 8 6 5 1 8 10 7 7 5 8 6 12 6 8 10 10 6 10 10 7 2 11 10 7 3 6 7 6 6 1 11 7 3 12 1 4 1 8 7 8 8 3 
11 11 7 3 5 6 7 4 8 0 3 7 1 10 0 11 3 12 11 9 8 13 3 13 2 6 6 1 6 11 6 8 7 3 12 3 12 6 7 6 8 9 6 10 1 9 8 8 7 3 10 1 7 8 4 11 0 11 5 4 6 10 5 1 4 9 2 10 7 6 6 6 8 4 4 14 9 9 5 7 1 11 12 5 1 13 6 2 9 7 8 11 1 2 3 7 6 11 3 3 3 9 5 11 4 6 9 7 6 6 10 4 12 9 10 11 3 10 6 8 8 5 6 11 5 6 8 7 6 5 5 2 8 4 3 5 11 3 5 8 14 6 1 5 10 9 4 7 7 11 2 7 12 1 10 11 11 10 4 3 7 12 
15 15 4 11 7 5 13 12 2 11 11 4 10 4 11 1 9 3 0 8 8 5 9 6 9 9 5 12 5 5 5 4 4 11 5 7 7 4 11 11 2 2 13 4 11 2 5 7 10 11 0 9 10 13 6 4 11 0 9 12 4 1 5 12 8 5 13 8 9 9 5 8 4 6 7 5 8 1 8 7 9 4 4 12 9 6 11 9 3 12 2 2 12 12 8 4 5 7 12 7 10 6 5 1 6 9 9 4 9 9 3 6 6 2 13 2 8 6 4 12 11 6 4 3 5 12 3 4 5 9 6 12 8 6 8 11 2 8 11 10 6 12 9 5 6 9 7 8 3 2 11 10 2 11 3 0 3 4 6 7 4 1 
6 6 4 3 1 7 3 3 7 5 3 4 4 6 6 10 2 9 10 4 2 9 3 9 3 0 7 7 4 7 7 5 9 3 7 5 7 7 2 1 6 9 3 11 7 7 4 3 1 2 8 5 1 4 5 8 5 9 0 3 5 10 5 7 2 4 6 5 1 0 7 1 10 4 3 10 4 8 1 2 5 8 8 3 6 8 1 3 10 2 6 9 6 5 7 5 8 6 4 5 2 4 7 9 6 0 3 5 0 0 6 4 7 7 5 11 3 5 6 3 2 3 5 8 7 2 8 9 3 0 3 5 2 5 6 2 10 6 2 2 10 3 5 6 5 3 3 2 7 8 3 1 10 7 7 9 8 11 5 3 8 9 
7 7 7 0 4 8 3 0 9 3 0 7 2 10 4 12 2 12 12 7 6 12 3 12 3 3 8 4 6 10 8 8 10 1 11 5 10 8 4 2 9 11 2 12 5 9 7 6 4 0 11 4 4 3 6 11 4 12 3 0 7 12 6 5 4 8 3 8 4 3 8 4 11 6 5 13 7 11 4 5 4 11 11 1 5 12 3 3 12 3 9 12 3 2 6 8 9 9 1 6 2 8 8 12 6 3 6 7 4 3 9 6 11 9 6 13 3 9 8 5 4 5 7 11 8 2 10 10 6 3 5 2 5 6 6 1 13 6 2 5 13 1 4 7 8 6 4 5 9 11 1 4 13 5 10 12 11 13 6 4 9 12 
12 12 2 6 4 2 9 7 2 6 7 2 5 4 6 5 5 6 5 6 5 7 4 8 4 5 2 7 1 6 2 3 3 6 6 3 7 1 8 7 2 3 9 5 7 2 3 5 6 6 3 5 6 9 2 6 6 4 5 7 0 4 0 8 3 4 8 7 6 6 2 4 4 1 2 8 6 3 4 4 5 5 6 8 5 7 7 4 4 8 2 5 7 8 4 1 3 6 8 2 5 5 2 5 2 5 7 1 5 5 4 1 6 2 10 5 4 5 0 8 8 2 0 5 2 8 2 3 2 5 1 7 5 2 4 7 5 4 7 7 8 8 5 1 6 7 3 5 1 4 6 6 6 6 4 5 5 5 1 3 3 5 
16 16 5 11 8 4 13 12 2 10 11 5 10 5 11 0 9 5 1 9 9 7 9 8 9 9 4 12 6 6 4 5 3 11 6 7 8 4 12 11 3 1 13 2 11 3 6 8 11 11 1 9 10 14 6 5 10 1 10 12 4 0 5 12 8 6 12 9 10 10 4 9 3 6 7 6 9 1 8 8 9 5 6 13 9 7 12 9 2 13 3 3 12 13 8 4 4 8 12 7 10 7 5 2 6 9 10 4 9 10 5 6 7 2 14 0 9 7 4 12 12 6 5 4 5 13 2 3 6 9 6 12 9 6 7 12 0 7 12 11 8 13 9 5 8 10 7 9 3 4 11 10 3 10 4 1 4 2 6 7 4 2 
12 12 2 6 3 2 8 7 3 5 6 2 5 5 6 5 4 7 6 6 5 8 3 8 4 4 2 7 1 6 2 3 3 5 7 2 8 1 7 6 3 4 8 6 6 3 3 5 6 5 4 4 6 9 1 6 5 5 5 6 0 5 0 7 3 4 7 7 6 5 2 4 4 0 1 9 6 4 3 4 4 6 7 7 4 8 7 3 5 8 3 6 7 7 3 2 3 7 7 2 4 5 2 5 2 5 7 1 5 5 5 1 7 3 10 6 3 5 1 8 7 1 1 5 2 7 3 3 2 4 1 7 5 1 3 6 6 3 6 7 9 8 4 1 6 7 2 5 2 5 5 6 7 5 5 5 6 6 1 2 3 6 
12 12 9 4 7 7 8 5 10 2 4 9 3 12 1 12 5 14 13 11 10 15 4 15 4 7 7 0 7 13 7 10 9 4 14 5 14 8 9 7 10 11 7 11 1 10 10 10 8 5 12 3 8 8 5 13 1 12 7 5 8 12 7 0 6 11 1 12 8 7 8 8 10 6 6 16 11 11 7 9 3 13 14 6 3 15 7 4 11 8 10 13 1 2 4 9 8 13 3 5 5 11 7 13 5 7 11 9 7 7 12 6 14 10 11 13 5 12 8 10 9 7 8 13 7 7 9 9 8 6 7 2 9 6 4 6 13 5 7 9 16 6 3 7 12 10 5 9 9 13 4 8 14 1 12 13 13 12 6 5 8 13 
9 9 3 3 1 5 5 4 5 4 3 3 3 6 5 8 1 9 8 4 3 9 1 9 2 2 5 6 2 7 5 4 6 3 7 3 7 4 4 3 5 7 5 9 5 5 4 4 3 3 7 3 3 6 3 7 4 8 2 4 3 8 3 6 0 4 5 6 3 2 5 2 8 2 1 10 5 7 1 2 3 7 8 4 5 8 4 1 8 5 5 8 5 5 4 3 6 6 4 3 2 5 5 8 3 2 5 3 2 2 6 2 7 5 7 9 1 5 4 5 4 1 3 7 5 4 6 6 2 1 1 4 3 3 4 3 9 4 3 4 10 5 3 4 5 4 1 3 5 7 3 3 9 5 6 8 7 9 2 1 6 8 
9 9 2 7 3 6 8 8 5 8 7 2 7 2 9 7 6 4 6 2 2 4 6 4 7 4 6 10 3 2 6 1 7 7 3 6 3 5 6 6 3 6 8 8 10 3 0 1 5 7 5 8 4 8 6 3 9 5 4 8 4 6 4 11 4 0 10 3 4 5 6 3 8 5 5 5 2 5 3 2 8 3 3 8 9 4 6 6 8 7 3 4 10 10 8 3 7 2 9 6 6 0 6 5 6 4 3 3 4 5 1 5 2 4 8 7 6 1 4 6 5 4 3 3 7 7 6 7 2 5 4 9 3 6 8 6 7 8 6 4 5 8 7 6 1 4 5 3 5 3 7 4 5 9 2 5 3 8 5 5 7 5 
11 11 9 3 6 8 6 4 10 2 3 9 2 12 2 13 4 14 13 10 9 15 4 15 3 6 8 1 7 12 8 10 9 3 13 5 13 8 7 6 10 11 5 12 2 10 9 9 7 3 12 3 7 7 6 13 2 13 6 3 8 12 7 1 5 10 0 11 7 6 8 7 11 6 5 15 10 11 6 8 3 13 13 4 3 14 6 4 11 6 10 13 0 1 5 9 8 12 1 5 4 10 8 13 6 6 10 8 7 6 11 6 13 11 9 13 4 11 8 8 8 6 8 13 8 6 10 10 8 5 6 1 8 6 5 5 13 5 5 8 16 5 3 7 11 9 5 8 9 12 2 7 14 2 12 13 13 12 6 5 9 13 
7 7 5 8 5 9 7 8 8 10 8 4 9 4 11 9 7 6 8 1 2 5 7 4 8 5 9 12 6 3 9 4 10 8 4 9 2 8 5 6 6 9 8 11 12 6 3 2 4 8 7 10 4 7 8 4 10 8 5 8 7 9 7 12 6 3 11 0 4 5 9 4 11 7 7 6 1 8 5 3 10 4 4 8 11 4 6 8 11 6 6 7 11 10 10 6 10 1 10 8 7 2 9 7 9 4 2 6 4 5 4 7 3 7 6 10 7 2 7 5 4 6 6 5 9 7 9 10 4 5 6 10 2 8 10 7 10 10 6 3 5 8 9 8 1 2 7 3 8 5 8 4 7 11 4 8 5 11 8 7 10 7 
6 6 4 4 2 8 3 4 8 6 4 5 5 6 7 10 3 9 10 3 2 9 4 8 5 1 8 8 4 6 8 5 9 4 7 6 6 7 1 1 7 10 3 11 8 7 4 2 0 3 9 6 0 3 6 7 7 9 1 4 6 10 6 8 3 4 7 4 0 0 8 1 11 5 4 10 3 9 2 2 6 7 8 4 8 8 1 4 11 2 7 9 7 6 8 5 9 5 5 6 3 4 8 9 7 1 2 5 1 1 6 5 6 7 4 11 4 5 7 2 1 4 5 7 8 2 9 9 4 1 4 6 1 6 7 2 11 8 2 1 9 3 6 7 4 2 4 1 8 7 4 0 10 8 6 10 8 12 6 4 9 9 
6 6 4 3 2 7 3 3 8 5 3 5 4 7 6 10 2 9 10 4 2 9 3 9 4 0 7 7 4 7 7 5 9 3 8 5 7 7 2 1 7 9 3 11 7 7 4 3 1 2 9 5 0 3 6 8 6 9 0 3 6 10 5 7 2 5 6 5 0 0 7 1 10 5 4 10 4 9 1 2 5 8 8 3 7 8 1 3 10 2 7 9 6 5 7 5 8 6 5 5 2 5 7 9 6 0 3 5 0 0 6 5 7 7 4 11 3 5 6 3 2 4 5 8 7 2 8 9 4 1 4 5 2 6 7 1 11 7 1 2 10 3 5 6 5 3 3 2 8 8 3 1 10 7 7 10 8 11 5 3 8 10 
14 14 4 7 5 0 10 8 2 6 8 4 6 6 6 4 6 7 5 8 7 9 5 10 5 7 0 7 3 7 0 5 1 7 8 3 9 0 9 8 3 3 10 4 6 3 5 7 8 7 4 5 8 11 2 7 6 5 7 8 2 4 2 8 5 6 8 9 8 7 0 6 2 2 3 9 8 3 6 6 4 7 8 9 5 9 9 5 3 10 3 6 8 8 3 3 0 8 8 2 6 7 0 5 2 7 9 3 7 7 6 2 8 3 12 4 5 7 1 10 9 3 2 6 0 9 1 1 4 6 3 8 7 2 3 8 5 3 8 9 10 10 5 0 8 9 4 7 1 6 7 8 7 6 6 5 6 4 2 4 1 6 
7 7 3 4 0 6 4 4 6 5 4 3 4 5 7 9 2 8 9 3 1 8 3 7 4 0 6 7 3 5 6 3 8 4 6 5 6 6 3 3 5 8 4 10 7 5 3 2 2 3 7 5 1 5 5 6 6 8 1 4 4 9 4 8 2 3 7 4 1 1 6 0 9 4 3 9 3 7 0 0 5 6 7 4 7 7 3 3 9 4 5 7 6 6 6 4 7 5 5 5 3 3 6 8 5 0 3 4 0 1 5 4 6 6 5 9 3 4 5 4 3 2 4 6 6 4 7 8 2 1 3 6 1 5 6 3 9 6 3 2 9 4 5 5 4 2 2 1 6 6 4 1 8 7 5 8 7 10 4 3 7 8 
17 17 6 10 8 2 13 11 3 9 11 6 9 7 9 3 8 8 5 10 10 10 8 11 8 9 2 9 6 9 2 7 1 10 9 5 11 3 12 11 5 2 13 1 9 5 7 9 11 10 4 7 11 14 5 8 8 4 10 11 4 3 4 10 8 8 11 11 11 10 2 9 0 5 6 10 10 3 8 9 7 8 9 12 7 10 12 8 1 13 5 6 10 11 5 5 2 10 11 5 9 9 3 6 4 10 11 5 10 10 7 5 10 4 15 3 8 9 4 13 12 6 5 7 3 12 1 1 6 9 6 11 10 4 5 11 3 5 11 11 11 12 7 3 10 11 7 10 2 7 10 11 7 8 7 5 7 1 5 7 1 6 
11 11 2 5 3 2 7 6 3 4 5 3 4 5 5 6 3 8 7 6 5 8 2 9 3 4 2 6 1 7 2 4 4 4 7 1 8 2 7 6 4 5 7 6 5 4 4 5 6 5 5 3 5 8 1 7 4 6 4 6 1 6 0 6 2 5 6 7 5 5 2 4 5 0 1 9 6 5 3 4 3 7 7 7 4 8 6 2 5 7 3 7 6 6 3 2 3 7 6 1 4 5 2 6 1 4 6 2 4 4 5 0 7 4 9 7 2 6 2 8 7 1 1 6 2 7 4 4 2 4 0 6 5 1 3 6 7 3 6 6 10 7 3 1 6 6 1 5 3 6 5 5 7 5 5 6 6 6 0 1 3 7 
10 10 3 4 2 3 6 5 4 3 4 3 3 6 4 7 2 8 8 5 5 9 1 9 2 3 3 5 1 7 3 4 5 3 8 1 8 3 6 5 4 6 6 7 5 5 4 4 5 4 6 3 4 7 2 7 4 7 3 5 2 7 1 6 1 5 5 7 4 4 3 3 6 1 0 10 6 6 2 3 2 7 8 6 4 9 5 1 7 6 4 7 5 5 3 3 4 7 5 1 2 5 3 7 2 3 6 3 3 3 6 1 8 5 8 8 1 6 3 7 6 1 2 7 3 6 5 5 2 3 1 5 4 2 3 5 8 3 5 5 10 6 2 2 6 6 0 4 4 6 3 4 8 4 6 7 7 8 1 0 4 8 
14 14 6 13 9 10 13 13 7 14 13 6 13 3 14 6 11 1 5 7 8 1 11 2 12 10 10 15 8 3 10 5 9 13 2 11 4 8 11 12 5 7 13 9 15 5 6 7 10 12 5 13 10 13 10 2 14 5 10 13 8 6 9 16 10 5 15 6 10 10 9 9 10 9 10 0 7 6 9 8 13 2 2 14 13 2 11 11 9 12 5 3 15 15 12 7 10 4 14 11 12 5 10 4 11 10 8 7 9 10 4 9 3 6 12 7 11 4 8 11 11 9 7 3 10 13 8 9 7 10 9 15 8 10 12 12 7 12 12 10 1 13 13 9 5 8 10 8 8 3 13 10 3 14 3 5 2 9 10 10 9 3 
7 7 4 7 4 8 6 7 7 9 7 4 8 4 10 9 6 6 8 0 1 5 6 5 7 3 8 11 5 3 8 3 9 7 4 8 3 7 4 5 5 9 7 11 10 5 3 1 3 7 7 9 3 6 7 4 9 8 4 7 6 9 6 11 5 2 10 1 3 4 8 3 10 6 6 7 0 8 3 2 8 5 5 7 10 4 5 7 10 5 5 6 10 9 9 5 9 2 9 7 6 1 8 7 8 3 1 5 3 4 4 6 3 6 5 10 6 2 6 4 4 5 5 5 8 6 8 9 4 4 5 9 1 7 9 6 10 9 5 3 6 7 8 7 1 1 6 2 8 5 7 3 7 10 4 8 5 11 7 6 9 7 
15 15 4 10 7 4 12 11 1 9 10 4 9 4 10 1 8 4 2 7 7 6 7 7 8 8 4 11 4 5 4 4 3 10 6 6 7 3 10 10 2 1 12 3 10 2 5 7 9 10 0 8 9 12 5 5 9 1 8 11 3 1 4 11 7 5 11 8 9 9 3 7 3 5 6 6 8 0 7 7 8 4 5 12 8 6 10 8 2 11 2 3 11 11 7 3 4 7 11 6 9 6 4 2 5 8 9 3 8 9 4 5 6 1 13 2 7 6 3 11 10 5 3 3 4 11 2 3 5 8 5 11 8 5 6 10 2 6 10 9 7 12 8 4 6 9 6 8 2 3 10 9 3 9 3 1 3 3 5 6 3 2 
8 8 3 3 0 6 5 4 6 5 4 3 4 5 6 9 2 8 8 3 2 8 2 8 3 0 6 7 2 6 6 3 7 3 7 4 6 5 3 3 5 8 4 9 6 5 3 2 2 3 7 5 2 5 4 7 5 8 1 4 4 8 3 7 1 3 6 5 2 1 6 0 8 3 2 9 3 7 0 1 5 6 7 4 6 7 3 3 9 4 5 7 6 6 6 4 7 5 5 4 2 4 6 8 5 1 3 3 1 1 5 3 6 6 6 9 2 4 4 4 3 2 3 6 6 4 7 7 2 1 2 5 2 4 5 3 9 6 3 3 9 4 4 5 4 3 2 1 6 6 4 2 8 6 5 8 7 10 4 2 7 8 
7 7 2 5 1 6 5 5 6 6 5 3 5 4 7 8 3 7 8 2 1 7 4 6 5 1 6 8 3 4 6 2 8 5 5 5 5 6 3 3 5 8 5 10 8 5 2 1 2 4 6 6 2 5 5 5 7 7 2 5 4 8 4 9 2 2 8 3 2 2 6 0 9 4 3 8 2 7 1 0 6 5 6 5 7 6 3 4 9 4 5 7 7 7 7 3 7 4 6 5 4 2 6 7 6 1 2 3 1 2 4 4 5 5 6 9 4 3 5 4 3 3 4 5 6 4 7 8 2 2 3 7 1 5 7 4 9 7 4 2 8 5 6 5 3 2 3 0 6 5 5 2 8 8 4 7 6 10 4 3 7 7 
12 12 6 3 4 4 7 5 6 1 4 6 2 9 1 9 3 11 10 8 7 12 2 12 1 5 4 2 4 10 4 7 6 3 11 1 11 5 7 6 7 8 6 8 2 7 7 7 6 4 8 0 6 8 2 10 1 9 5 4 5 9 4 3 3 8 3 10 6 5 4 5 7 3 2 13 8 8 5 6 0 10 11 6 1 12 6 1 8 7 7 10 3 4 2 6 5 10 4 2 3 8 4 10 2 5 8 5 5 5 8 3 11 7 10 9 2 9 5 8 7 4 5 9 4 6 6 6 5 4 3 3 7 2 2 5 9 2 6 7 13 6 0 4 9 8 2 7 5 9 3 6 11 1 9 10 10 9 3 2 5 10 
12 12 4 10 6 7 11 11 5 11 10 4 10 1 12 5 9 1 4 4 5 1 9 2 9 7 8 13 5 1 7 3 8 10 1 9 3 6 9 9 3 6 11 8 12 3 3 4 8 10 4 10 7 11 8 0 11 4 8 11 5 5 6 13 7 3 13 4 7 8 7 6 8 7 7 2 5 4 6 5 10 0 0 11 11 2 9 9 7 10 3 2 12 12 10 4 8 3 12 8 9 3 8 3 8 7 6 4 7 8 1 7 2 4 10 6 8 2 5 9 8 6 5 0 8 10 6 7 4 8 6 12 6 8 9 10 6 9 10 7 2 11 10 7 3 6 7 6 6 1 10 7 2 12 1 4 1 8 7 7 7 3 
12 12 4 11 7 8 11 11 5 12 11 4 11 1 13 6 9 1 4 5 6 1 9 2 10 8 8 13 6 1 8 3 8 11 0 9 2 7 9 10 4 6 11 8 13 4 4 5 8 10 4 11 8 11 9 0 12 4 8 11 6 6 7 14 8 3 13 4 8 8 8 7 9 7 8 2 5 5 7 6 11 0 0 12 12 1 9 9 8 10 4 2 13 13 11 5 8 3 12 9 10 3 8 3 9 8 6 5 7 8 2 8 1 4 11 7 9 2 6 9 9 7 6 1 8 11 7 8 5 8 7 13 6 8 10 10 6 10 10 8 2 11 11 8 3 6 8 6 7 1 11 8 3 12 2 4 1 8 8 8 8 3 
6 6 8 2 5 9 1 0 10 4 1 8 3 10 5 13 3 13 13 7 6 13 4 12 4 4 9 5 7 10 9 8 11 2 11 6 11 9 3 2 10 12 1 13 6 10 8 7 3 2 12 5 4 2 7 11 5 12 3 1 8 13 7 6 4 8 4 8 4 3 9 4 12 7 6 14 7 12 4 5 6 11 12 0 7 12 2 4 13 2 10 12 4 3 8 8 10 9 2 7 3 8 9 12 8 4 6 8 4 3 10 7 11 10 5 14 4 9 9 4 4 6 8 11 9 1 11 11 7 3 6 3 5 7 7 1 14 8 1 4 13 0 5 8 9 6 5 5 10 11 2 4 13 6 10 13 12 14 7 5 10 13 
13 13 7 4 6 4 8 6 7 2 5 7 3 10 1 9 4 12 10 9 8 13 3 13 3 6 4 2 5 11 4 8 6 4 11 2 12 5 8 7 8 8 8 8 1 8 8 8 8 5 9 1 8 9 3 11 1 9 6 5 5 9 4 3 5 9 3 11 8 7 5 7 7 4 4 13 10 8 6 7 1 11 12 7 0 13 7 3 8 8 8 11 3 4 1 6 5 11 4 2 4 9 4 10 3 7 10 6 7 6 9 3 12 8 11 9 3 10 5 10 9 5 5 10 4 8 6 6 6 6 4 4 8 3 1 7 10 1 7 9 14 7 1 4 10 9 4 8 6 10 4 8 11 1 9 10 11 9 3 3 5 11 
12 12 5 11 7 9 11 12 7 12 11 5 11 3 13 7 10 3 6 5 6 1 10 0 11 8 9 14 7 1 9 4 10 11 1 10 1 8 9 10 5 8 12 10 14 5 4 5 8 11 6 12 8 11 10 1 13 6 8 12 7 7 8 15 8 4 14 4 8 8 9 7 10 8 9 2 4 6 7 6 12 2 1 12 13 0 9 10 9 10 5 4 14 14 12 6 10 2 13 10 10 3 10 5 10 8 6 6 8 8 3 9 1 6 10 8 10 3 7 9 9 7 7 2 10 11 8 9 6 8 8 13 6 9 11 10 8 11 10 8 1 12 11 9 3 6 9 6 8 3 11 8 4 13 3 5 3 10 9 9 9 4 
5 5 6 3 3 9 1 2 9 6 3 6 4 8 7 12 3 11 12 4 3 10 4 10 4 2 9 7 6 8 9 6 10 3 9 6 8 8 1 0 8 11 2 13 7 8 6 4 1 2 10 6 1 2 7 9 6 11 1 3 7 12 7 7 4 6 6 6 1 1 9 3 12 6 5 11 5 10 3 3 6 9 9 2 7 9 0 4 12 1 8 10 6 5 8 7 10 7 4 7 3 6 9 11 7 2 3 7 2 1 8 6 8 9 3 12 4 6 8 2 1 5 7 9 9 1 10 10 5 2 5 5 3 7 8 1 12 8 0 2 11 2 6 8 6 3 4 3 9 9 3 1 11 7 8 11 10 13 6 5 10 11 
10 10 5 2 3 5 5 3 6 2 2 5 1 8 3 9 1 10 10 6 5 11 0 11 0 3 5 4 3 8 5 6 6 2 9 2 9 5 5 4 6 8 5 9 3 6 5 5 4 2 8 2 4 6 3 9 2 9 3 3 4 9 3 4 1 6 4 8 4 3 5 3 8 2 1 11 7 8 3 4 1 9 9 4 3 10 4 0 8 5 6 9 3 3 3 5 5 8 3 2 1 7 5 9 3 3 6 4 3 3 7 2 9 7 8 9 0 7 5 6 5 2 4 8 5 5 6 7 4 2 2 3 5 3 3 4 9 3 4 5 12 4 1 4 7 6 1 5 5 8 2 4 10 3 7 9 9 9 3 1 6 9 
17 17 6 11 8 3 13 12 2 9 11 6 9 7 9 2 9 7 4 10 10 9 8 10 8 9 3 10 6 8 3 7 1 10 8 6 10 3 12 12 4 1 13 0 10 4 7 9 11 11 3 8 11 14 5 8 9 3 10 12 4 2 5 11 8 8 11 11 11 10 3 9 1 5 7 9 10 2 9 9 8 7 8 13 8 9 12 8 0 13 4 5 11 12 6 5 3 10 12 6 10 8 3 5 5 10 11 5 10 10 7 6 9 3 15 2 8 8 4 13 12 6 5 6 3 13 1 1 6 9 6 11 10 5 6 12 2 6 12 11 10 13 8 4 9 11 7 10 2 6 10 11 6 9 6 4 6 1 5 7 2 5 
4 4 7 3 4 10 0 2 10 6 3 7 5 9 7 13 4 12 13 5 4 11 5 11 5 3 10 8 7 9 10 7 11 4 10 7 9 10 1 1 9 12 1 14 8 9 7 5 2 3 11 7 2 1 8 10 7 12 2 3 8 13 8 8 5 7 6 6 2 2 10 4 13 7 6 12 5 11 4 4 7 10 10 2 8 10 1 5 13 0 9 12 6 5 9 8 11 8 4 8 4 7 10 12 8 3 4 8 3 2 9 7 9 10 2 13 5 7 9 2 1 6 8 10 10 0 11 11 6 3 6 5 4 8 9 1 13 9 1 2 12 1 7 9 7 4 5 4 10 10 4 2 12 8 9 12 11 14 8 6 11 12 
12 12 2 8 5 4 10 9 1 8 8 2 8 2 9 3 6 4 3 5 5 5 6 6 7 6 4 10 3 4 4 2 4 8 4 5 6 2 8 8 0 3 10 5 9 0 2 5 7 8 1 7 7 10 4 3 8 2 6 9 2 3 3 10 5 3 10 6 7 7 3 5 5 3 4 5 5 2 5 5 7 3 4 10 8 5 8 6 4 9 0 3 10 10 6 1 4 5 10 5 7 4 4 2 5 6 7 1 6 7 2 4 5 0 11 4 6 4 2 9 8 3 2 2 4 9 3 4 2 6 3 10 5 4 6 8 4 6 8 7 6 10 7 3 4 7 5 5 2 2 8 7 3 9 2 3 3 5 4 5 4 3 
14 14 4 11 7 6 12 12 4 11 11 4 11 2 12 3 9 1 2 6 7 3 9 4 10 8 7 13 5 3 6 4 6 11 3 8 5 5 10 10 3 4 12 6 12 2 4 6 9 11 2 10 9 13 7 2 11 2 9 12 5 3 6 13 8 4 13 7 9 9 6 7 6 7 7 3 6 3 7 7 10 2 2 12 11 4 10 9 5 12 3 0 13 13 9 4 7 5 13 8 10 5 7 0 8 8 8 4 8 9 2 7 4 2 12 4 9 4 5 11 10 6 5 1 7 12 5 6 5 9 6 13 7 7 9 11 4 9 11 9 4 12 10 6 5 8 8 7 5 1 11 9 0 12 2 1 1 6 7 8 6 0 
11 11 8 3 6 7 6 3 9 1 3 8 2 11 1 12 3 14 13 9 8 14 3 14 3 6 7 1 7 12 7 9 9 2 13 4 13 8 7 5 10 11 5 12 2 10 9 9 7 3 11 2 7 7 5 12 1 12 6 3 7 12 7 1 5 10 0 11 7 6 8 6 10 6 5 15 10 11 6 7 3 12 13 4 3 14 6 3 11 6 10 13 0 1 4 8 8 12 1 5 3 10 7 12 5 6 9 8 6 6 11 5 13 10 9 12 3 11 8 8 7 6 7 12 7 6 9 9 7 5 6 1 8 6 5 5 13 5 5 8 15 5 2 7 11 9 5 8 8 12 2 7 13 2 11 12 12 12 6 4 8 13 
10 10 8 2 6 8 5 2 10 2 2 9 2 11 2 13 3 14 13 9 8 14 4 14 3 5 8 2 7 12 8 9 10 2 13 5 12 9 6 5 10 11 4 12 3 10 9 8 6 2 12 3 6 6 6 13 2 12 5 2 8 13 7 2 5 10 1 10 6 5 8 6 11 6 5 15 9 11 6 7 4 12 13 3 4 14 5 3 12 5 10 13 1 0 6 9 9 11 0 5 3 10 8 13 6 5 9 8 6 5 11 6 12 10 8 13 4 10 8 7 7 6 8 12 8 5 10 10 8 5 6 0 8 6 6 4 13 6 4 7 15 4 3 7 10 8 5 7 9 12 2 6 14 3 11 13 12 13 6 5 9 13 
13 13 6 5 6 3 9 7 6 3 6 6 4 9 3 8 4 11 9 9 8 12 4 12 3 6 3 4 4 10 3 7 4 5 11 1 11 4 9 8 6 6 8 7 3 7 7 8 8 6 7 2 8 10 2 10 3 8 7 6 4 8 3 4 4 8 5 10 8 7 3 6 5 3 3 12 9 7 6 7 2 10 11 8 1 12 8 3 6 9 6 9 4 6 0 5 3 10 6 1 5 9 2 9 1 7 10 5 7 7 8 3 11 6 12 8 4 9 4 10 9 4 4 9 2 8 5 4 6 6 4 5 8 2 0 7 8 0 7 9 13 8 2 3 10 9 3 8 4 9 5 8 10 2 8 9 9 7 2 3 4 9 
11 11 1 7 3 3 9 8 2 7 7 1 6 3 8 4 5 5 4 5 4 6 5 6 5 5 3 8 1 4 3 2 4 7 5 4 6 2 7 7 1 4 8 6 8 1 2 4 6 7 3 6 6 9 3 4 7 4 5 8 1 4 2 9 3 3 9 6 5 5 3 4 5 2 3 7 5 3 4 3 6 4 5 8 6 6 7 5 5 8 1 4 8 9 5 0 4 5 8 4 6 3 3 4 4 5 6 0 5 5 3 2 5 2 10 5 4 4 1 8 7 2 0 3 3 8 3 4 1 5 2 8 4 3 5 7 5 5 7 6 7 8 6 3 4 6 3 4 2 3 7 6 5 7 3 4 4 6 3 3 4 4 
15 15 5 8 6 0 11 9 3 6 8 5 6 7 6 4 6 8 6 9 8 10 6 10 6 7 0 7 4 8 0 6 1 8 9 3 10 1 10 9 4 3 11 3 6 4 6 8 9 8 4 5 9 12 2 8 6 5 8 9 3 4 3 8 6 7 8 10 9 8 0 7 2 3 4 10 9 4 7 7 5 8 8 10 5 10 10 5 3 11 4 7 8 9 3 4 0 9 9 3 7 8 0 6 2 8 10 4 8 8 7 3 9 4 13 4 6 8 2 11 10 4 3 7 0 10 1 1 5 7 4 8 8 2 3 9 5 3 9 10 11 10 5 1 9 10 5 8 1 7 8 9 7 6 6 5 7 3 3 4 0 6 
9 9 4 9 5 9 8 9 7 10 9 4 9 3 12 8 8 5 7 2 3 3 8 2 9 5 9 12 6 2 9 3 9 9 2 9 1 8 6 7 5 8 9 11 12 5 3 2 6 9 6 10 5 8 8 3 11 7 6 9 6 8 7 13 6 2 12 1 5 6 8 5 10 7 7 4 2 7 5 4 10 3 3 9 11 2 7 8 10 8 5 5 12 11 10 5 9 0 11 9 8 1 9 6 9 5 3 5 5 6 3 7 1 6 7 9 8 1 7 6 6 6 6 4 9 8 8 9 4 6 6 11 3 8 10 8 9 10 8 5 4 9 10 8 0 3 7 4 8 4 9 5 6 12 3 7 4 10 8 7 9 6 
9 9 8 1 5 8 4 2 10 2 1 8 2 11 3 13 3 13 13 8 7 14 3 13 3 5 8 3 7 11 8 9 10 1 12 5 12 8 5 4 10 11 3 12 3 10 8 8 5 2 11 3 5 5 6 12 3 12 4 1 8 12 7 3 4 9 1 10 5 5 8 5 11 6 5 14 9 11 5 6 4 12 12 2 4 13 4 3 12 4 10 13 1 0 6 8 9 11 0 5 2 9 8 12 6 5 8 8 5 4 10 6 12 10 7 13 3 10 8 6 6 6 7 12 8 4 10 10 7 4 6 0 7 6 6 3 13 6 3 6 14 3 3 7 10 8 4 7 9 12 1 6 13 4 11 13 12 13 6 4 9 13 
12 12 4 5 4 2 8 6 4 3 5 4 3 7 4 7 3 9 8 7 6 10 2 10 2 5 2 5 2 8 2 5 4 4 9 0 9 3 7 6 5 5 7 6 4 5 5 6 6 5 6 2 6 9 0 8 3 7 5 6 2 7 2 5 3 6 5 8 6 5 2 5 5 1 1 11 7 6 4 5 2 8 9 7 2 10 7 2 6 8 5 8 5 5 1 4 3 9 5 0 4 7 2 8 0 5 8 3 5 5 7 1 9 5 10 7 2 7 3 8 7 2 3 8 2 7 4 4 4 4 2 5 6 0 1 6 7 1 6 7 11 7 2 2 8 8 2 6 3 7 4 6 9 3 7 7 8 7 1 1 3 8 
8 8 5 1 2 6 4 2 7 2 1 5 1 8 4 10 0 11 10 6 5 11 1 11 1 2 6 4 4 9 6 6 8 1 9 3 9 6 4 2 7 9 3 10 4 7 6 5 3 1 9 3 3 4 4 9 3 10 2 2 5 10 4 5 2 6 4 7 3 2 6 3 9 4 2 12 6 9 2 4 3 9 10 3 4 10 3 1 10 4 7 10 3 3 5 6 7 8 2 4 0 6 6 10 4 2 6 5 2 2 8 4 9 8 6 11 1 7 6 5 4 3 5 9 6 3 8 8 4 1 3 2 4 4 5 2 11 5 2 4 12 3 2 5 7 5 2 4 7 9 1 3 11 4 8 10 9 11 4 2 7 10 
9 9 2 7 4 7 8 8 5 9 8 2 8 2 10 7 6 5 6 1 2 4 6 4 7 4 7 11 4 2 7 1 8 8 3 7 2 6 5 6 4 7 8 9 10 4 1 1 5 7 5 8 4 8 7 3 9 6 4 8 5 7 5 11 5 0 10 2 4 5 7 3 9 5 5 5 1 6 4 2 8 3 3 8 9 3 6 7 8 7 4 5 10 10 9 3 8 1 9 7 6 0 7 5 7 4 3 4 4 5 2 5 2 4 7 8 6 0 5 6 5 4 4 3 7 7 7 8 3 5 4 9 2 6 8 6 8 8 6 4 5 8 8 6 0 3 5 2 6 3 8 4 5 10 2 6 4 9 6 5 8 5 
14 14 4 7 6 0 10 8 3 6 7 4 6 7 6 5 5 8 6 8 8 9 5 10 5 7 0 7 3 8 0 5 1 7 9 2 10 1 9 8 4 3 10 4 6 4 6 7 8 7 5 4 8 11 2 8 5 5 7 8 2 5 2 7 5 6 8 9 8 7 0 6 3 2 3 10 8 4 6 6 4 8 8 9 4 10 9 5 3 10 4 7 7 8 2 3 0 9 8 2 6 7 0 6 1 7 9 3 7 7 6 2 9 4 12 5 5 7 2 10 9 3 3 7 0 9 2 2 4 6 3 8 8 1 2 8 5 2 8 9 11 9 4 0 8 9 4 7 1 6 7 8 7 5 6 6 7 4 2 4 1 7 
14 14 4 11 7 6 12 12 3 11 11 4 10 3 12 2 9 2 1 7 7 4 9 5 9 8 6 13 5 4 6 4 5 11 4 8 6 5 11 11 2 3 13 5 12 2 4 6 10 11 1 10 9 13 7 3 11 1 9 12 5 2 5 13 8 5 13 7 9 9 5 8 6 6 7 4 7 2 8 7 10 3 3 12 10 5 11 9 5 12 2 0 12 13 9 4 6 6 12 8 10 5 6 0 7 9 8 4 8 9 3 7 5 2 13 3 9 5 4 11 10 6 5 2 6 12 4 5 5 9 6 12 8 7 9 11 3 8 11 9 5 12 10 6 6 9 8 8 4 1 11 9 1 11 2 0 2 5 6 8 5 0 
13 13 4 5 4 1 9 7 4 4 6 4 4 7 4 6 4 9 7 8 7 10 3 10 3 5 1 5 3 8 1 5 3 5 9 1 10 2 8 7 5 5 8 6 4 5 5 7 7 5 6 3 7 9 0 8 4 6 6 6 2 6 2 5 3 6 6 9 7 6 2 5 4 1 2 11 8 5 5 6 2 8 9 8 3 10 7 3 5 8 5 8 5 6 1 4 2 9 6 0 4 7 1 7 0 6 8 3 6 6 7 1 9 5 11 7 3 7 2 9 8 3 3 7 1 8 3 3 4 5 2 6 7 0 1 7 7 1 7 8 11 8 2 1 8 8 2 6 3 7 5 7 8 4 7 7 8 6 1 2 3 8 
6 6 4 3 1 7 3 3 7 5 3 4 4 6 6 10 2 9 10 3 2 9 3 8 4 0 7 7 4 6 7 4 8 3 7 5 7 6 2 2 6 9 3 11 7 6 4 3 1 3 8 5 1 4 5 7 6 9 0 3 5 9 5 7 2 4 6 4 1 0 7 0 10 4 3 10 3 8 1 1 5 7 8 4 7 8 2 3 10 3 6 8 6 5 7 5 8 5 5 5 2 4 7 9 6 0 3 5 0 0 6 4 7 7 5 10 3 5 6 3 2 3 5 7 7 3 8 8 3 0 3 5 2 5 6 2 10 6 2 2 9 3 5 6 5 3 3 1 7 7 3 1 9 7 6 9 8 11 5 3 8 9 
5 5 5 6 3 9 5 6 8 8 6 5 7 5 10 10 5 8 10 1 1 7 6 6 7 3 9 10 5 5 9 4 10 6 5 8 4 8 3 4 7 10 5 12 10 7 4 2 2 6 8 9 2 5 8 6 9 9 3 6 7 10 7 11 5 3 10 2 2 3 9 3 11 6 6 8 1 9 3 2 8 6 6 6 10 6 3 6 11 4 7 8 9 9 10 6 10 3 8 8 6 3 9 8 8 3 0 6 3 3 5 7 5 7 4 11 6 3 7 3 2 5 6 6 9 4 9 10 4 4 6 8 1 8 9 4 11 9 4 1 7 6 8 8 3 0 6 1 9 7 7 2 9 10 6 9 7 12 7 6 10 9 
11 11 1 6 3 3 8 7 2 6 7 1 6 3 7 5 5 5 5 5 5 6 4 7 5 4 3 8 1 4 3 2 4 6 5 4 6 2 7 7 1 4 8 6 8 1 2 4 6 6 3 6 6 9 3 5 7 4 5 7 1 4 1 9 3 3 8 6 5 5 3 4 5 2 3 7 5 3 3 3 5 4 5 8 6 6 7 4 5 8 1 4 8 8 5 0 4 5 8 3 5 4 3 4 3 5 6 0 5 5 3 2 5 2 10 5 4 4 1 8 7 2 0 4 3 8 3 4 1 5 2 8 5 3 5 7 5 5 7 6 7 8 5 2 4 6 3 4 2 3 6 6 5 7 3 4 4 6 2 3 3 5 
7 7 4 3 1 7 4 3 7 5 3 4 4 6 7 10 2 9 9 3 2 8 3 8 4 0 7 7 3 6 7 4 8 3 7 5 6 6 2 2 6 9 4 10 7 6 4 2 1 3 8 5 1 4 5 7 6 9 0 4 5 9 5 7 2 4 7 4 1 0 7 0 10 4 3 9 3 8 1 1 5 7 7 4 7 8 2 3 10 3 6 8 6 6 7 5 8 5 5 5 2 4 7 8 6 0 3 5 0 0 6 4 6 7 5 10 3 5 6 3 2 3 4 7 7 3 8 8 3 1 3 5 1 5 6 2 10 6 2 2 9 4 5 6 4 2 3 1 7 7 4 1 9 7 6 9 7 11 5 3 8 9 
6 6 4 3 1 7 3 3 8 5 3 5 4 7 6 10 2 9 10 4 2 9 3 9 3 0 7 7 4 7 7 5 9 3 8 5 7 7 2 1 7 9 3 11 7 7 4 3 1 2 9 5 1 3 5 8 6 9 0 3 5 10 5 7 2 5 6 5 1 0 7 1 10 4 3 10 4 9 1 2 5 8 8 3 6 8 1 3 10 2 7 9 6 5 7 5 8 6 4 5 2 5 7 9 6 0 3 5 0 0 6 4 7 7 4 11 3 5 6 3 2 3 5 8 7 2 8 9 4 0 4 5 2 5 6 1 11 7 1 2 10 3 5 6 5 3 3 2 7 8 3 1 10 7 7 10 8 11 5 3 8 10 
11 11 2 9 5 6 10 9 4 9 9 2 9 0 10 5 7 3 4 4 4 3 7 3 8 6 6 11 4 1 6 1 6 9 2 7 3 5 8 8 2 5 10 7 11 2 2 3 7 9 3 9 6 10 6 1 10 3 6 9 4 5 5 12 6 1 11 4 6 6 6 5 7 5 6 4 4 4 5 4 8 1 2 10 9 3 8 7 7 9 2 2 11 11 8 3 7 3 10 7 8 2 6 3 7 6 5 3 6 6 0 5 2 3 10 6 7 2 4 8 7 4 3 1 6 9 5 6 3 6 5 11 5 6 8 8 5 8 8 6 4 10 8 6 2 5 6 5 5 1 9 6 3 10 0 3 1 7 6 6 6 3 
11 11 3 5 3 2 7 6 4 4 5 3 4 6 5 6 3 8 7 6 5 9 2 9 3 4 2 6 1 7 2 4 4 4 8 1 8 2 7 6 4 5 7 6 5 4 4 5 6 5 5 3 5 8 1 7 4 6 4 6 1 6 1 6 2 5 6 7 5 5 2 4 5 0 1 9 6 5 3 4 3 7 8 7 3 9 6 2 6 7 4 7 5 6 3 2 3 7 6 1 4 5 2 7 1 4 7 2 4 4 5 0 8 4 9 7 2 6 2 8 7 1 2 6 2 7 4 4 2 4 1 6 5 1 2 6 7 2 6 6 10 7 3 1 6 7 1 5 3 6 4 5 8 4 5 6 7 7 0 1 3 7 
10 10 4 10 6 9 10 10 6 11 10 4 10 2 12 7 9 3 6 3 4 2 9 1 9 7 9 13 6 1 9 3 9 10 0 9 1 7 8 8 5 8 10 10 13 5 3 4 7 10 6 11 7 10 9 1 12 6 7 11 6 7 7 14 7 2 13 3 6 7 8 6 10 7 8 3 3 6 6 5 11 2 1 11 12 1 8 9 9 9 5 4 13 12 11 5 9 1 12 9 9 2 9 5 9 7 5 5 6 7 2 8 0 5 9 8 9 1 7 8 7 6 6 2 9 9 8 9 5 7 7 12 5 9 10 9 8 10 9 6 2 10 10 8 2 5 8 5 8 3 10 7 4 12 2 6 3 10 8 8 9 5 
13 13 2 9 5 3 11 10 1 8 9 2 8 3 9 3 7 4 2 6 6 5 6 6 7 7 4 10 3 4 3 3 3 9 5 5 6 2 9 9 0 2 11 4 9 0 3 5 8 9 1 7 8 11 5 4 9 2 7 9 2 2 3 10 5 4 11 7 7 7 3 6 4 4 5 6 6 1 6 5 7 4 4 10 8 6 9 7 3 10 0 2 10 10 6 2 4 6 10 5 8 4 4 2 5 7 7 2 7 7 3 4 5 0 11 3 6 4 2 10 9 4 2 3 4 10 2 3 3 7 4 10 6 4 6 9 3 6 9 8 6 10 7 3 5 7 5 6 2 2 9 8 3 9 2 2 3 4 4 5 3 3 
1 1 8 6 6 12 3 5 12 9 6 9 8 10 10 14 7 12 14 6 5 11 8 10 8 5 12 11 9 9 12 8 14 7 10 10 8 12 2 3 11 14 4 16 11 11 8 6 3 6 13 10 3 2 10 10 10 13 5 6 10 14 10 11 7 8 9 6 4 4 12 5 15 9 8 12 5 13 6 6 10 10 11 5 11 10 3 8 15 2 11 12 9 8 12 10 13 7 7 10 6 7 12 13 11 5 4 10 5 4 10 9 9 11 0 15 7 8 11 1 2 8 10 11 12 3 13 13 8 5 9 8 5 10 11 4 15 11 4 3 12 4 9 11 7 4 8 5 12 11 7 3 13 11 10 13 11 16 10 8 13 13 
17 17 6 12 9 5 14 13 3 11 12 6 11 6 11 0 10 5 2 10 10 7 9 9 10 10 5 12 6 7 5 6 3 12 7 8 9 4 13 12 4 1 14 2 11 4 7 9 12 12 2 10 11 15 7 6 11 2 11 13 5 0 6 13 9 7 13 10 11 11 4 9 3 7 8 7 10 2 9 9 9 6 7 14 9 8 12 9 2 13 4 4 12 13 8 5 4 9 13 7 11 8 5 3 7 10 11 5 10 11 6 7 8 3 15 0 9 8 4 13 12 7 5 5 5 13 3 3 7 10 7 13 10 6 8 12 0 8 12 12 8 14 10 5 8 11 8 10 4 5 12 11 4 11 5 2 5 2 6 8 4 3 
9 9 4 2 2 5 5 3 6 2 2 4 1 7 3 9 0 10 9 6 5 10 0 10 0 3 5 4 3 8 5 5 6 2 9 2 9 5 5 4 6 8 5 9 4 6 5 5 4 2 8 2 4 6 3 9 3 8 3 3 4 9 3 5 1 6 4 7 4 3 5 3 8 2 1 11 6 7 2 4 2 8 9 4 3 10 4 0 8 5 6 9 3 4 4 4 6 8 3 2 1 6 5 9 3 3 6 4 3 3 7 2 9 6 7 9 0 7 4 6 5 2 4 8 5 4 6 7 3 2 2 3 4 3 3 3 9 3 3 5 11 4 2 4 7 6 1 4 5 8 2 4 10 4 7 9 8 9 3 1 6 9 
9 9 3 8 4 7 8 8 5 9 8 3 8 2 10 7 7 4 6 2 3 3 7 3 8 5 7 11 4 1 7 2 8 8 2 7 2 6 6 7 4 7 9 9 11 4 1 2 5 8 5 9 5 8 7 2 10 6 5 9 5 7 5 12 5 1 11 2 5 5 7 4 9 6 6 4 2 6 4 3 9 2 2 9 10 3 6 7 8 7 4 4 11 10 9 4 8 1 10 7 7 0 7 5 7 5 3 4 5 5 2 6 1 4 8 8 7 0 5 6 6 5 4 3 8 8 7 8 3 5 5 10 3 7 9 7 8 9 7 5 4 9 9 7 0 4 6 3 6 3 8 5 5 10 2 6 3 9 6 6 8 5 
13 13 2 7 4 2 9 8 1 6 7 2 6 4 7 4 5 6 5 6 6 7 4 8 5 5 2 8 2 6 2 3 2 7 6 3 7 0 8 8 2 3 9 4 7 2 3 5 7 7 3 5 7 10 2 6 6 4 6 8 0 4 1 8 4 4 8 7 7 6 1 5 4 2 3 8 6 3 4 5 5 5 6 9 5 7 8 5 4 9 2 5 8 8 4 1 2 7 8 3 6 5 2 4 2 6 7 1 6 6 4 2 7 2 11 4 4 5 0 9 8 2 1 5 2 9 2 2 2 5 2 8 6 2 4 8 4 4 8 7 8 9 5 1 6 7 3 6 1 4 7 7 5 6 4 4 5 5 2 3 2 5 
3 3 7 5 4 10 2 4 10 8 5 7 7 8 9 13 5 11 12 4 3 10 6 9 7 3 10 9 7 8 10 7 12 5 8 8 7 10 1 2 9 12 3 14 10 9 6 4 1 5 11 8 2 2 9 9 8 12 3 5 8 12 8 10 5 6 8 5 2 3 10 4 13 8 7 11 4 11 4 4 8 9 9 4 10 9 2 6 13 2 9 11 8 7 10 8 11 6 6 8 5 6 10 11 9 3 3 8 3 3 8 8 8 10 1 13 6 6 9 0 0 6 8 9 10 2 11 12 6 4 7 7 3 9 10 3 13 10 3 1 10 3 8 9 6 2 6 3 10 9 6 2 12 10 8 12 10 14 8 6 11 11 
4 4 6 4 3 9 2 4 9 7 4 6 6 8 8 12 4 10 11 4 3 10 5 9 6 2 10 9 6 7 9 6 11 5 8 7 7 9 0 1 8 11 3 13 9 8 5 4 1 4 10 8 1 2 8 8 8 11 2 4 8 12 7 9 4 5 8 4 1 2 9 3 12 7 6 11 4 10 3 3 7 8 9 4 9 9 1 5 12 1 8 10 7 7 9 7 10 6 6 7 4 5 9 10 8 2 2 7 2 2 7 7 7 9 2 12 5 6 8 0 0 6 7 9 9 2 10 11 5 3 6 6 2 8 9 2 12 9 2 1 10 3 7 8 5 2 5 2 9 9 5 1 11 9 8 11 9 13 7 6 10 11 
10 10 2 4 2 3 7 5 4 5 5 2 4 5 5 7 3 7 7 5 4 8 2 8 3 3 3 6 0 6 3 3 5 4 6 2 7 3 6 5 3 5 6 7 6 4 3 4 4 4 5 4 4 7 2 6 5 6 3 5 2 6 1 7 1 4 6 6 4 4 3 2 6 1 1 9 5 5 2 3 4 6 7 6 5 7 5 2 6 6 3 6 6 6 4 2 4 6 6 2 3 4 3 6 3 3 5 2 3 3 4 1 6 4 8 7 2 5 2 6 6 0 1 6 3 6 4 5 1 3 0 6 4 2 4 5 7 4 5 5 9 6 3 2 5 5 1 3 3 5 4 4 7 5 5 6 6 7 1 1 4 7 
11 11 1 6 3 2 8 7 2 6 6 1 5 4 7 5 4 6 5 5 5 7 4 7 4 4 3 8 1 5 2 2 4 6 6 3 7 2 7 7 2 4 8 6 7 2 3 4 6 6 3 5 6 9 2 5 6 4 5 7 0 5 1 8 3 3 8 6 5 5 2 4 5 1 2 7 5 3 3 4 5 5 6 8 5 7 7 4 5 8 2 5 7 8 4 0 3 6 7 3 5 4 3 5 3 5 6 0 4 5 3 2 6 2 10 5 4 4 1 8 7 1 0 4 3 8 3 3 1 4 1 7 5 2 4 7 5 4 7 6 8 8 5 2 5 6 3 4 2 4 6 6 6 6 4 5 5 6 2 3 3 5 
12 12 3 10 6 7 11 11 4 11 10 3 10 1 11 4 8 1 3 5 6 2 8 3 9 7 7 12 5 2 7 3 7 10 2 8 3 5 9 9 2 5 11 7 12 2 3 5 8 10 3 10 8 11 7 1 11 3 8 11 5 4 5 13 7 3 13 5 7 8 6 6 7 6 7 3 5 3 6 5 9 0 1 11 10 2 9 8 6 10 2 1 12 12 9 3 7 4 12 8 9 3 7 2 7 7 6 4 7 8 1 6 2 3 11 5 8 3 5 9 9 6 4 0 7 10 5 6 4 7 6 12 6 7 9 10 5 9 10 8 3 11 9 6 3 7 7 6 5 0 10 8 2 11 0 3 0 7 6 7 7 2 
14 14 4 7 6 0 10 8 3 6 7 4 6 7 6 5 5 8 6 8 8 10 5 10 5 7 0 7 3 8 0 6 1 7 9 2 10 1 9 8 4 3 10 4 6 4 6 7 8 7 5 4 8 11 2 8 5 5 7 8 2 5 2 7 5 7 8 9 8 7 0 6 3 2 3 10 8 4 6 6 4 8 8 9 4 10 9 5 3 10 4 7 7 8 2 3 0 9 8 2 6 7 0 6 1 7 9 3 7 7 6 2 9 4 12 5 5 8 2 10 9 3 3 7 0 9 2 2 4 6 3 8 8 1 2 8 5 2 8 9 11 9 4 1 8 9 4 7 1 7 7 8 7 5 6 6 7 4 2 4 1 7 
5 5 7 3 4 9 0 2 10 6 2 7 5 9 7 13 4 12 13 6 4 11 4 11 5 3 10 7 7 9 9 7 11 3 10 7 9 9 1 1 9 12 1 13 7 9 7 5 2 2 11 6 2 1 8 10 6 12 2 2 8 13 7 7 4 7 6 7 2 2 9 4 12 7 6 13 6 11 4 4 6 10 11 1 8 11 1 5 13 0 9 12 6 5 8 8 10 8 4 7 3 7 9 12 8 3 4 8 3 2 9 7 9 10 3 13 4 8 9 2 2 6 8 10 9 0 11 11 6 3 6 5 4 8 8 1 13 8 0 3 12 1 6 9 7 4 5 4 10 10 3 2 12 7 9 12 11 14 7 5 11 12 
15 15 4 9 6 2 11 10 1 8 9 4 8 5 8 3 7 6 4 8 8 8 6 9 7 8 2 9 4 7 2 5 1 9 7 4 9 1 10 10 3 1 11 2 8 3 5 7 9 9 3 6 9 12 4 7 8 3 8 10 2 2 3 9 6 6 10 9 9 8 1 7 1 4 5 8 8 2 7 7 6 6 7 11 6 8 10 6 1 11 3 5 9 10 5 3 1 8 10 4 8 7 2 4 3 8 9 3 8 8 5 4 8 2 13 3 6 7 2 11 10 4 3 5 2 11 0 0 5 8 4 10 8 3 4 10 3 4 10 10 9 11 6 2 8 9 5 8 0 5 9 9 5 7 5 4 5 2 3 5 1 5 
15 15 5 9 7 1 12 10 2 8 9 5 8 6 8 3 7 7 5 9 9 9 7 10 7 8 1 9 4 8 1 6 0 9 8 4 10 1 11 10 4 2 12 2 8 4 6 8 10 9 3 6 9 12 4 7 7 4 9 10 3 3 3 9 6 7 10 10 9 9 1 8 1 4 5 9 9 3 7 8 6 7 8 11 6 9 10 7 1 11 4 6 9 10 4 4 1 9 10 4 8 8 2 5 3 8 10 4 8 9 6 4 9 3 13 3 7 8 2 12 11 5 3 6 2 11 0 0 5 8 5 10 9 3 4 10 3 4 10 10 10 11 6 2 8 10 6 8 1 6 9 9 6 7 6 4 6 2 4 5 0 5 
10 10 0 5 2 4 7 6 4 6 6 1 5 3 7 6 4 6 6 3 3 6 4 6 4 3 4 8 1 4 4 1 5 5 5 4 5 3 5 5 2 5 7 7 7 3 1 2 4 5 4 5 4 7 4 5 6 5 3 6 2 6 2 8 2 2 8 4 4 4 4 2 6 2 2 7 4 5 2 2 5 4 5 7 6 6 5 4 6 6 2 5 7 8 6 1 5 4 7 4 4 3 4 5 4 3 4 1 3 4 3 2 5 3 8 7 3 3 2 6 5 1 1 4 4 6 5 5 0 3 1 7 3 3 5 5 7 5 5 5 7 7 5 3 3 4 2 3 4 4 6 4 6 7 3 5 4 7 3 3 5 6 
7 7 4 2 1 6 3 3 7 4 2 4 3 6 5 10 1 9 10 4 3 9 2 9 3 0 6 6 3 7 6 4 8 2 8 4 7 6 3 2 6 9 3 10 6 6 4 3 2 2 8 4 2 4 5 8 5 9 0 3 5 9 4 6 1 5 5 5 1 1 6 1 9 4 3 10 4 8 1 2 4 8 8 3 6 8 2 2 9 3 6 9 5 5 6 5 7 6 4 4 1 5 6 9 5 0 4 5 1 0 6 4 7 7 5 10 2 5 5 4 3 3 4 7 6 3 8 8 3 0 3 4 2 5 6 2 10 6 2 3 10 3 4 5 5 3 2 2 7 7 3 2 9 6 7 9 8 10 4 2 7 9 
10 10 2 4 2 3 7 5 4 4 5 2 4 5 5 6 3 7 7 5 4 8 2 8 3 3 3 6 0 6 3 3 5 4 7 2 7 3 6 5 3 5 7 7 6 4 3 4 5 4 5 4 5 7 2 6 5 6 3 5 1 6 1 7 1 4 6 6 4 4 3 3 6 0 1 9 5 5 2 3 3 6 7 6 4 8 5 2 6 6 3 6 6 6 4 2 4 6 6 2 3 4 3 6 2 3 6 2 3 4 5 1 7 4 9 7 2 5 2 7 6 0 1 6 3 6 4 5 1 3 0 6 4 2 3 5 7 3 5 5 9 6 3 2 5 6 1 4 3 5 4 5 7 5 5 6 6 7 1 1 4 7 
10 10 8 2 5 8 5 2 10 1 2 8 2 11 2 12 3 14 13 9 8 14 3 14 3 5 8 2 7 11 8 9 9 1 12 5 12 8 6 4 10 11 4 12 3 10 9 8 6 2 11 3 6 6 6 12 2 12 5 2 7 12 7 2 4 9 1 10 6 5 8 6 11 6 5 15 9 11 5 7 3 12 13 3 4 13 5 3 11 5 10 13 1 0 5 8 8 11 0 5 2 9 8 12 6 5 8 8 5 5 11 6 12 10 8 13 3 10 8 7 6 6 7 12 8 5 10 10 7 4 6 0 7 6 5 4 13 5 4 7 15 3 3 7 10 8 4 7 9 12 1 6 13 3 11 13 12 12 6 4 9 13 
6 6 3 5 2 7 5 5 7 7 5 3 6 5 8 9 4 7 9 1 0 7 5 6 5 2 8 9 4 5 7 3 9 5 5 6 5 7 3 3 5 9 5 11 9 6 3 1 2 5 7 7 1 5 6 6 8 8 2 5 5 9 5 9 3 3 8 2 1 2 7 1 10 5 4 8 1 8 2 1 7 6 6 5 8 6 3 5 10 4 5 7 8 8 8 4 8 3 7 6 4 2 8 8 7 2 1 5 1 2 5 5 5 6 5 10 4 3 6 3 2 4 5 6 8 4 8 9 3 2 4 7 0 6 8 4 10 8 4 1 8 5 7 7 3 1 4 0 7 6 6 1 8 9 5 8 6 11 6 4 8 8 
12 12 4 5 4 1 8 6 4 4 6 4 4 6 4 6 4 8 7 7 6 9 3 10 3 5 1 5 2 8 1 5 3 5 8 1 9 2 8 7 4 5 8 6 5 4 5 6 7 5 5 3 6 9 0 8 4 6 5 6 2 6 1 6 3 6 6 8 6 6 2 5 4 1 2 10 7 5 4 5 2 8 8 7 3 9 7 3 5 8 4 7 6 6 2 3 2 8 6 0 4 6 1 7 0 5 8 3 5 5 6 1 9 4 10 6 3 7 2 9 8 2 2 7 1 8 3 3 3 5 2 6 6 0 1 6 6 1 7 7 11 8 3 1 7 8 2 6 2 7 5 7 8 4 6 7 7 6 0 2 3 7 
13 13 5 5 5 2 9 6 5 3 6 6 4 8 3 8 4 10 9 9 8 11 3 12 3 6 2 4 4 9 2 7 4 5 10 1 11 3 9 7 6 6 8 7 3 6 7 8 8 5 7 2 8 10 1 10 3 8 6 6 4 7 3 4 4 8 5 10 7 7 3 6 5 3 3 12 9 6 5 7 2 9 10 7 1 11 8 3 6 9 6 9 5 6 0 5 3 10 6 1 5 8 2 9 1 6 9 5 6 6 8 2 10 6 11 8 3 9 4 10 9 4 4 9 2 8 4 4 5 6 3 5 8 1 0 7 8 0 7 9 12 8 2 2 9 9 3 7 4 8 5 8 10 2 8 8 9 7 2 3 3 9 
6 6 6 2 3 8 1 1 9 4 2 6 3 9 6 12 2 11 12 5 4 11 3 10 4 2 8 6 6 9 8 7 10 2 9 6 9 8 2 0 8 11 1 12 6 9 6 5 2 1 10 5 2 2 6 10 5 11 2 1 7 12 6 6 3 6 5 7 2 1 8 3 11 6 5 12 6 10 3 4 5 10 10 1 7 10 1 4 12 1 8 11 5 4 7 7 9 8 3 6 2 6 8 11 7 2 4 7 2 1 8 6 9 9 4 12 3 7 8 3 2 5 7 10 8 1 10 10 5 2 5 4 4 6 7 0 12 7 0 3 12 1 5 7 7 4 4 4 9 10 2 2 12 6 9 11 10 13 6 4 9 11 
17 17 6 12 9 5 14 13 3 11 12 6 11 6 11 0 10 5 2 9 10 7 9 8 10 10 5 12 6 7 5 6 4 12 7 8 9 4 13 12 4 1 14 2 11 4 7 9 11 12 2 10 11 14 7 6 11 2 10 13 5 0 6 13 9 7 13 10 11 11 5 9 3 7 8 7 10 2 9 9 9 6 6 14 10 8 12 9 2 13 4 4 13 13 8 5 5 9 13 7 11 8 5 3 7 10 11 5 10 11 5 7 8 3 15 0 9 8 4 13 12 7 5 5 5 13 3 3 7 10 7 13 10 6 8 12 0 8 12 12 8 14 10 5 8 11 8 10 4 4 12 11 4 11 5 2 5 2 6 8 4 3 
13 13 5 5 5 2 9 7 5 3 6 6 4 8 3 7 4 10 8 9 8 11 3 12 3 6 2 4 4 9 2 7 4 5 10 1 11 3 9 8 6 6 8 6 3 6 7 8 8 6 7 2 8 10 1 10 3 8 6 6 4 7 3 5 4 8 5 10 8 7 3 6 5 3 3 12 9 6 6 7 2 9 10 8 1 11 8 3 6 9 6 9 5 6 0 5 3 10 6 1 5 8 2 8 1 6 9 5 6 7 8 2 10 6 11 8 3 9 4 10 9 4 4 9 2 8 4 4 5 6 3 5 8 1 0 7 8 0 7 9 12 8 2 2 9 9 3 7 4 8 5 8 10 3 8 8 9 7 2 3 3 9 
5 5 6 2 3 8 1 1 9 5 2 6 4 9 6 12 3 11 12 5 4 11 4 10 4 2 9 6 6 9 8 7 10 2 9 6 9 8 1 0 8 11 1 13 7 9 6 5 2 2 10 6 2 2 7 10 5 11 2 2 7 12 6 7 3 6 5 6 2 1 8 3 11 6 5 12 5 10 3 4 6 10 10 1 7 10 0 4 12 1 8 11 5 4 7 7 9 8 3 6 2 6 8 11 7 2 4 7 2 1 8 6 9 9 4 12 3 7 8 3 2 5 7 10 8 0 10 10 5 2 5 4 4 7 7 0 12 7 0 3 12 1 5 8 7 4 4 3 9 10 3 2 12 7 9 11 10 13 6 4 10 11 
5 5 5 5 3 9 3 4 9 7 5 5 6 7 8 11 4 9 11 3 2 8 5 8 6 2 9 9 5 6 9 5 10 5 7 7 6 8 1 2 7 10 4 12 9 7 5 3 1 4 9 8 1 3 7 7 8 10 2 5 7 11 7 9 4 4 8 3 1 2 9 2 11 6 5 10 3 9 3 2 7 7 8 4 9 8 2 5 11 2 7 9 8 7 9 6 10 5 6 7 4 4 9 9 8 2 1 6 2 2 6 6 6 8 3 12 5 5 7 1 1 5 6 8 9 3 10 10 5 3 5 7 1 7 9 3 12 9 3 0 9 4 7 8 4 1 5 1 9 8 5 1 10 9 7 10 8 12 7 5 10 10 
13 13 7 13 9 10 13 13 8 14 13 6 13 4 15 8 11 3 6 6 7 1 11 1 12 9 10 16 8 3 10 5 10 13 2 11 3 9 11 11 6 8 13 10 15 6 6 6 10 12 6 13 9 13 11 2 14 6 10 13 8 8 9 16 10 5 16 5 9 10 10 9 11 10 10 1 6 7 9 8 13 2 2 13 14 1 11 12 10 12 6 4 15 15 13 7 11 4 14 11 12 5 11 5 11 9 7 7 9 10 4 10 2 6 12 8 11 4 8 10 10 9 8 3 11 12 9 10 7 10 9 15 8 11 12 12 8 12 12 9 0 13 13 10 4 8 10 8 9 4 13 9 4 15 4 6 3 10 10 10 10 5 
6 6 8 2 5 9 1 1 10 5 2 8 4 10 6 13 3 13 13 7 6 12 4 12 4 4 10 6 7 10 9 8 11 3 11 7 10 9 3 1 10 12 0 14 6 10 8 6 3 2 12 6 3 2 7 11 6 12 3 1 8 13 8 6 5 8 5 8 3 3 10 4 12 7 6 13 7 12 4 5 6 11 11 0 7 12 2 4 13 1 10 12 5 4 8 8 10 9 3 7 3 8 9 12 8 3 6 8 4 3 10 7 10 10 4 14 4 9 9 3 3 6 8 11 9 1 11 11 7 3 6 3 5 8 8 1 14 8 1 4 13 0 6 9 8 5 5 5 10 11 3 3 13 7 10 13 11 14 7 5 11 13 
11 11 6 3 4 4 7 4 7 1 3 6 1 9 1 9 2 11 10 8 7 12 2 12 1 5 4 2 4 10 4 7 6 3 10 1 11 5 7 5 7 8 6 9 2 7 7 7 6 3 8 0 6 7 2 10 1 9 5 4 5 9 4 3 3 7 3 9 6 5 5 5 7 3 2 13 8 8 4 6 0 10 11 5 1 11 6 1 8 7 7 10 2 3 2 6 5 10 3 2 2 8 4 10 2 5 8 5 5 5 8 3 10 7 9 10 2 9 5 8 7 3 5 9 4 6 6 6 5 4 3 3 7 3 2 5 10 2 5 7 13 6 0 4 9 8 2 6 6 9 3 6 11 1 9 10 10 9 3 2 6 10 
13 13 3 6 5 0 9 7 2 5 7 4 5 6 6 5 5 8 6 7 7 9 4 9 4 6 1 6 2 7 0 5 2 6 8 2 9 1 8 8 3 3 9 5 6 4 5 6 7 6 4 4 7 10 1 7 5 5 6 7 1 5 1 7 4 6 7 8 7 6 0 5 3 1 2 9 7 4 5 5 4 7 8 8 4 9 8 4 4 9 3 6 7 7 3 3 1 8 7 2 5 6 0 6 1 6 8 2 6 6 6 1 8 3 11 5 4 7 1 9 8 2 2 6 1 9 2 2 3 5 2 7 7 1 2 7 5 2 8 8 10 9 4 0 7 8 3 6 1 6 6 7 7 5 6 6 6 5 1 3 2 6 
9 9 3 8 4 8 8 8 6 10 8 3 8 2 11 8 7 5 7 1 2 4 7 3 8 5 8 11 5 2 8 2 9 8 2 8 2 7 6 6 4 8 8 10 11 4 2 2 5 8 6 9 5 8 8 3 10 6 5 8 6 8 6 12 5 1 11 1 4 5 8 4 10 6 6 5 1 6 4 3 9 3 3 9 10 3 6 7 9 7 4 5 11 10 10 4 9 0 10 8 7 0 8 6 8 5 3 4 4 5 2 6 2 5 7 8 7 0 6 6 5 5 5 3 8 7 8 8 3 5 5 10 3 7 9 7 8 9 7 4 4 8 9 7 0 3 6 3 7 4 8 5 6 11 3 6 4 10 7 6 8 6 
5 5 5 6 3 9 5 6 8 8 6 5 7 6 9 10 5 8 10 1 1 7 6 6 7 3 9 10 5 5 9 4 10 6 6 8 5 8 2 3 7 10 5 12 10 7 4 2 2 5 9 8 2 4 8 6 9 9 3 6 7 10 7 10 4 4 9 2 2 3 9 2 11 6 6 8 1 9 3 2 8 6 6 6 9 6 3 6 11 4 7 8 9 8 9 6 10 3 8 8 5 3 9 9 8 3 0 6 2 3 5 7 5 7 4 11 6 4 7 2 2 5 6 7 9 4 9 10 4 3 6 8 1 8 9 4 11 9 4 1 8 5 8 8 3 0 5 1 9 7 6 2 9 10 6 9 7 12 7 6 10 9 
10 10 3 3 2 4 6 4 5 3 4 3 2 6 4 8 1 9 8 5 4 9 1 9 1 3 4 5 2 7 4 4 5 3 8 2 8 4 5 4 5 6 6 8 5 5 4 4 4 3 6 3 4 7 2 7 4 7 3 4 3 7 2 5 1 5 5 7 4 3 4 2 7 1 0 10 6 6 2 3 2 7 8 5 4 9 4 1 7 5 5 8 5 5 3 3 5 7 4 2 2 5 4 8 2 3 6 3 3 3 6 1 8 5 8 8 1 6 3 6 5 1 3 7 4 5 5 6 2 2 1 4 4 2 3 4 8 3 4 5 10 5 2 3 6 5 0 4 4 7 3 4 8 4 6 8 7 8 2 0 5 8 
7 7 3 5 2 7 5 5 7 7 5 3 6 5 8 9 4 8 9 1 0 7 4 6 5 1 7 9 4 5 7 3 9 5 6 6 5 6 3 3 5 8 5 10 8 5 3 1 2 4 7 7 1 5 6 6 7 8 2 5 5 9 5 9 3 3 8 3 1 2 7 1 10 5 4 8 2 8 1 0 7 6 6 5 8 6 3 5 10 4 5 7 8 7 8 4 8 4 7 6 4 2 7 8 6 1 1 4 1 2 5 5 5 6 5 10 4 3 6 3 2 3 4 6 7 4 8 8 3 2 4 7 0 6 7 4 10 7 3 1 8 5 6 6 3 1 4 0 7 6 5 1 8 8 5 8 6 11 5 4 8 8 
14 14 3 8 6 1 11 9 1 7 8 3 7 5 7 3 6 6 4 7 7 8 5 9 6 7 1 8 3 7 1 4 1 8 7 4 8 0 9 9 2 2 10 3 7 3 5 7 8 8 3 6 8 11 3 6 7 3 7 9 1 3 2 9 5 5 9 8 8 8 1 6 2 3 4 8 8 2 6 6 5 6 7 10 6 8 9 5 2 10 2 5 8 9 4 2 1 8 9 3 7 6 1 4 3 7 9 2 7 7 5 3 8 2 12 4 5 6 1 10 9 3 2 5 1 10 0 1 4 7 3 9 7 2 4 9 4 4 9 9 9 10 6 1 7 9 4 7 0 5 8 8 6 7 5 4 5 3 2 4 1 5 
13 13 3 10 6 6 11 11 3 10 10 3 10 1 11 4 8 1 3 5 6 3 8 4 9 7 6 12 5 2 6 3 6 10 2 8 4 5 9 9 2 4 11 7 11 2 3 5 8 10 2 9 8 11 7 1 11 2 8 11 4 4 5 13 7 3 12 5 7 8 6 6 7 6 6 3 5 3 6 5 9 1 1 11 10 3 9 8 6 10 2 1 12 12 9 3 7 4 12 7 9 3 6 1 7 7 7 3 7 8 1 6 3 2 11 5 8 3 4 9 9 5 4 0 7 10 5 6 4 7 5 12 6 7 8 10 4 8 10 8 4 11 9 6 4 7 7 6 5 0 10 8 2 11 1 2 0 6 6 7 6 2 
8 8 6 0 4 7 4 1 8 2 0 7 1 9 3 11 1 12 12 7 6 12 2 12 2 3 7 3 5 10 7 7 9 0 11 4 10 7 4 3 8 10 3 11 4 8 7 6 4 0 10 3 4 5 5 11 2 11 3 1 6 11 5 4 3 7 2 8 4 3 7 4 10 5 3 13 7 10 4 5 3 10 11 2 4 11 3 2 10 4 8 11 2 2 5 7 8 9 1 4 1 8 7 11 5 3 7 6 4 3 9 4 10 9 7 12 2 8 7 6 5 4 6 10 7 3 9 9 6 3 4 1 6 5 5 2 12 5 3 5 13 3 3 6 8 6 3 5 8 10 0 4 12 4 9 11 11 11 5 3 8 11 
5 5 5 4 2 8 3 4 8 6 4 5 5 6 7 11 3 9 10 3 2 9 4 8 5 1 8 8 5 6 8 5 10 4 7 6 6 8 1 1 7 10 3 12 8 7 4 3 0 3 9 7 0 3 7 7 7 10 1 4 6 10 6 8 3 4 7 4 0 1 8 1 11 5 4 10 3 9 2 2 6 7 8 4 8 8 1 4 11 2 7 9 7 6 8 6 9 5 6 6 3 4 8 9 7 1 2 6 1 1 6 5 7 8 3 11 4 5 7 2 1 4 6 8 8 2 9 9 4 2 5 6 1 7 8 2 11 8 2 1 9 3 6 7 5 2 4 1 8 8 4 0 10 8 7 10 8 12 6 4 9 10 
15 15 5 12 8 7 13 13 4 12 12 5 11 3 13 3 10 1 1 7 8 3 10 5 10 9 7 14 6 4 7 5 6 12 3 9 5 6 11 11 3 4 13 6 13 3 5 7 10 12 2 11 10 13 8 3 12 2 10 13 6 3 7 14 9 5 14 7 10 10 7 8 7 7 8 3 7 3 8 8 11 2 3 13 11 4 11 10 6 12 3 0 13 14 10 5 7 6 13 9 11 5 7 1 8 9 9 5 9 10 3 8 4 3 13 4 10 5 5 12 11 7 6 2 7 12 5 6 6 9 7 13 8 8 10 12 4 10 12 10 4 13 11 7 6 9 8 8 6 2 12 10 0 12 3 1 1 6 8 9 7 0 
13 13 7 4 6 5 8 5 8 1 5 8 3 10 0 10 4 13 11 10 9 14 3 14 3 7 5 1 6 12 5 9 7 4 12 3 13 6 8 7 9 9 7 9 0 9 9 9 8 5 10 1 8 9 4 12 1 11 7 5 6 10 5 1 5 9 2 11 8 7 6 7 8 5 4 14 10 9 6 8 1 12 12 6 1 13 7 3 9 8 9 12 2 3 2 7 6 12 4 3 4 10 5 11 4 7 10 7 7 7 10 4 12 9 11 11 4 10 6 10 9 5 6 11 5 7 7 7 7 6 5 3 9 4 2 6 11 3 7 9 15 7 1 5 11 10 4 8 7 11 4 8 12 0 10 11 11 10 4 4 6 12 
12 12 2 9 5 6 10 10 4 10 9 2 9 0 11 5 7 2 4 4 5 3 7 3 8 6 6 11 4 1 6 2 6 9 2 7 3 5 8 8 2 5 10 7 11 2 2 4 7 9 3 9 7 10 6 1 10 3 7 10 4 4 5 12 6 2 12 4 6 7 6 5 7 5 6 3 4 3 5 4 9 1 2 10 9 3 8 7 6 9 2 2 11 11 8 3 6 3 11 7 8 2 6 2 7 6 6 3 6 7 0 5 2 2 10 5 7 2 4 8 8 5 4 0 6 9 5 6 3 7 5 11 5 6 8 9 5 8 9 7 4 10 9 6 3 6 6 5 5 1 9 7 3 10 0 3 1 7 6 6 6 3 
15 15 5 11 8 5 13 12 3 11 12 5 10 3 11 1 9 3 0 8 8 5 9 6 9 9 6 12 6 5 5 5 5 11 5 8 7 4 11 11 3 2 13 4 12 2 5 7 10 11 1 10 10 13 7 4 11 0 9 12 5 1 5 13 8 5 13 8 10 10 5 8 5 6 7 5 8 1 8 7 10 4 4 13 10 5 11 9 4 12 3 1 12 13 9 4 5 7 13 7 10 6 6 0 7 9 9 4 9 10 3 6 6 2 13 2 9 6 4 12 11 6 5 3 6 12 4 4 5 9 6 13 8 7 8 11 2 8 11 10 6 13 10 6 6 9 8 8 4 2 11 10 1 11 3 0 2 4 6 8 5 1 
13 13 4 10 7 7 11 11 4 11 11 3 10 1 12 4 9 1 3 5 6 2 9 3 9 7 7 13 5 2 7 3 7 10 2 8 4 5 9 10 3 5 12 7 12 2 3 5 8 10 3 10 8 12 7 1 11 3 8 11 5 4 6 13 7 3 13 5 8 8 6 7 7 6 7 2 5 3 7 6 10 1 1 12 11 3 10 9 6 11 3 1 12 12 9 4 7 4 12 8 9 4 7 2 8 8 7 4 7 8 1 7 3 3 11 5 8 3 5 10 9 6 5 0 7 11 5 6 4 8 6 12 6 7 9 10 5 9 10 8 3 11 10 6 4 7 7 6 5 0 11 8 1 11 1 2 0 7 7 7 7 2 
18 18 7 12 9 4 14 13 3 10 12 7 10 7 10 2 10 7 4 11 11 9 9 10 9 10 4 11 7 9 4 7 2 11 9 7 11 4 13 13 5 2 14 0 10 5 8 10 12 12 4 9 12 15 6 8 10 4 11 13 5 2 6 12 9 8 12 11 12 11 4 10 1 6 8 9 11 3 10 10 9 8 8 14 9 10 13 9 1 14 5 6 12 13 7 6 3 10 13 7 11 9 4 5 6 11 12 6 11 11 7 7 10 4 16 2 9 9 5 14 13 7 6 7 4 14 2 2 7 10 7 12 11 6 7 13 2 7 13 12 10 14 9 5 10 12 8 11 3 6 11 12 6 10 7 4 7 0 6 8 3 5 
12 12 3 5 3 2 8 6 3 4 5 3 4 6 5 6 3 8 7 6 6 9 3 9 3 4 2 6 2 7 2 4 3 5 8 1 8 2 7 6 4 5 8 6 5 4 4 5 6 5 5 3 6 9 0 7 4 6 5 6 1 6 1 6 2 5 6 8 6 5 2 4 5 0 1 10 7 5 4 4 3 7 8 7 3 9 6 3 5 8 4 7 6 6 2 3 3 8 6 1 4 6 2 6 1 5 7 2 5 5 6 0 8 4 10 6 3 6 2 8 7 1 2 6 2 7 3 4 3 4 1 6 6 0 2 6 6 2 6 7 10 7 3 1 7 7 2 5 2 6 5 6 8 4 6 6 7 6 0 1 3 7 
10 10 3 3 2 4 6 4 5 3 4 3 2 6 4 8 1 9 8 6 5 9 1 9 1 3 4 5 2 7 4 4 5 3 8 1 8 4 5 4 5 6 6 8 4 5 4 5 5 3 6 2 4 7 2 8 3 7 3 4 3 7 2 5 1 5 5 7 4 3 4 3 7 1 0 10 6 6 2 3 2 7 8 5 3 9 5 1 7 6 5 8 4 5 3 3 4 7 4 1 2 5 4 8 2 3 6 3 3 3 6 1 8 5 8 8 1 6 3 6 6 1 3 7 4 5 5 5 3 2 1 4 4 2 3 4 8 3 4 5 10 5 2 3 6 6 0 4 4 7 3 4 9 4 6 8 7 8 1 0 5 8 
15 15 5 8 6 1 11 9 2 7 9 5 7 6 7 4 7 8 5 9 8 9 6 10 6 8 1 8 4 8 1 6 0 8 8 4 10 1 10 10 4 2 11 3 7 4 6 8 9 8 4 5 9 12 3 8 7 4 8 9 3 4 3 8 6 7 9 10 9 8 1 7 1 3 4 9 9 3 7 7 5 7 8 10 5 9 10 6 2 11 4 6 8 9 4 4 0 9 9 3 7 8 1 5 3 8 10 3 8 8 6 3 9 3 13 4 6 8 2 11 10 4 3 7 1 11 1 0 5 7 4 9 8 3 3 9 4 3 10 10 10 11 6 2 8 10 5 8 1 6 8 9 7 6 6 5 7 3 3 5 0 6 
15 15 5 11 8 6 13 12 3 11 12 5 11 3 12 3 10 2 1 7 8 4 9 5 10 9 6 13 6 4 6 4 6 11 4 8 6 5 11 11 3 4 13 5 12 3 5 7 10 11 1 10 10 13 8 3 12 1 9 12 5 2 6 13 8 5 13 7 9 10 6 8 6 7 8 3 7 2 8 7 10 3 3 13 11 4 11 9 5 12 3 0 13 13 9 4 6 6 13 8 10 5 7 0 8 9 9 5 9 10 3 7 5 3 13 3 9 5 5 11 11 7 5 2 7 12 5 5 6 9 7 13 8 7 9 11 3 9 11 10 5 13 10 6 6 9 8 8 5 2 11 10 0 12 3 1 2 5 7 8 6 0 
