160 6939.74 0 1680 1 1680
85.2 17.53 29.97 68.14 2.8 81.22 47.88 71.92 37.93 80.49 70.44 48.19 41.91 57.34 34.73 6.24 74.23 47.84 18.39 68.66 4.48 13.61 29.72 17.08 19.46 15.62 36.09 15.1 50.29 5.71 36.4 84.95 31.24 87.43 51.97 60.9 83.2 95.76 70.93 90.73 37.26 56.97 79.46 4.47 28.52 92.86 90.76 91.53 64.68 65.34 18.9 84.01 38.8 15.78 4.33 16.18 93.38 84.93 36.53 25.74 48.69 73.64 41.38 95.99 41.01 91.6 27.22 13.32 68.18 90.46 14.15 69.13 74.94 25.27 53.11 91.75 19.85 93.42 63.81 92.11 15.79 19.39 72.65 36.78 94.58 85.47 51.91 13.26 7.48 68.42 98.6 82.26 7.81 15.81 97.2 65.16 6.75 75.47 75.13 49.17 95.55 64.01 81.99 83.07 48.38 41.27 82.64 65.18 51.73 37.0 94.21 46.38 80.07 49.67 8.43 75.9 52.0 61.34 14.72 42.08 6.4 95.48 96.8 42.02 17.41 57.73 71.38 29.33 42.61 46.44 60.56 18.76 61.6 72.14 70.08 41.44 30.97 30.66 12.94 37.28 24.83 9.62 2.66 5.77 50.97 5.38 94.61 38.04 93.98 9.59 28.0 29.51 4.28 41.58 40.69 41.44 6.49 83.35 86.61 52.43 
27.26 38.27 29.89 81.65 68.5 63.57 23.33 54.49 73.25 33.29 72.04 30.37 39.92 89.44 32.95 28.85 27.16 30.43 21.17 49.27 82.29 33.97 68.96 79.13 47.88 52.9 66.07 84.71 27.75 83.66 38.11 57.31 36.41 24.25 88.43 33.34 69.61 28.27 30.3 27.75 34.88 15.76 53.36 49.28 85.3 44.88 20.14 86.58 47.28 70.61 32.88 11.93 74.46 61.09 63.8 27.03 14.97 80.43 77.63 64.84 10.81 29.85 26.8 48.37 19.7 61.35 49.35 46.15 65.81 74.45 62.38 21.42 43.11 22.99 52.55 42.37 68.72 46.44 30.46 53.94 76.51 72.82 41.54 34.55 18.19 69.27 46.33 53.41 36.23 64.06 29.48 62.66 24.26 70.65 71.28 71.0 42.53 88.42 47.23 35.63 88.79 89.44 52.21 28.28 59.86 83.81 81.83 35.98 24.55 16.12 89.21 26.47 38.4 52.09 17.35 34.62 59.97 89.24 23.03 26.55 89.96 20.01 29.44 59.75 51.48 50.86 12.62 49.5 57.75 51.92 39.84 41.54 23.79 22.77 15.7 12.28 64.93 21.44 80.23 89.23 79.41 11.79 78.29 59.46 66.01 35.99 26.91 28.4 72.08 41.93 20.57 31.57 58.95 70.78 13.95 71.44 54.14 54.62 80.09 74.85 
8 2 3 7 1 8 5 7 4 8 7 5 4 6 4 1 7 5 2 7 1 2 3 2 2 2 4 2 5 1 4 8 3 8 5 6 8 9 7 9 4 6 8 1 3 9 9 9 6 6 2 8 4 2 1 2 9 8 4 3 5 7 4 9 4 9 3 2 7 9 2 7 7 3 5 9 2 9 6 9 2 2 7 4 9 8 5 2 1 7 9 8 1 2 9 6 1 7 7 5 9 6 8 8 5 4 8 6 5 4 9 5 8 5 1 7 5 6 2 4 1 9 9 4 2 6 7 3 4 5 6 2 6 7 7 4 3 3 2 4 3 1 1 1 5 1 9 4 9 1 3 3 1 4 4 4 1 8 8 5 
1 2 3 4 5 6 7 8 9 10 11 12 13 14 15 16 17 18 19 20 21 22 23 24 25 26 27 28 29 30 31 32 33 34 35 36 37 38 39 40 41 42 43 44 45 46 47 48 49 50 51 52 53 54 55 56 57 58 59 60 61 62 63 64 65 66 67 68 69 70 71 72 73 74 75 76 77 78 79 80 81 82 83 84 85 86 87 88 89 90 91 92 93 94 95 96 97 98 99 100 101 102 103 104 105 106 107 108 109 110 111 112 113 114 115 116 117 118 119 120 121 122 123 124 125 126 127 128 129 130 131 132 133 134 135 136 137 138 139 140 141 142 143 144 145 146 147 148 149 150 151 152 153 154 155 156 157 158 159 160 
2 1 1 2 2 2 1 2 3 2 2 1 3 2 3 2 2 1 1 2 2 1 1 1 1 1 3 1 1 2 3 2 1 2 1 2 2 3 2 3 3 2 2 2 1 3 3 3 2 2 1 2 3 1 2 1 3 2 3 1 1 2 3 3 3 3 1 1 2 3 1 2 2 1 1 3 1 3 2 3 1 1 2 3 3 2 1 1 2 2 3 2 2 1 3 2 2 2 2 1 3 2 2 2 1 3 2 2 1 3 3 1 2 1 2 2 1 2 1 3 2 3 3 3 1 2 2 1 3 1 2 1 2 2 2 3 1 1 1 3 1 2 2 2 1 2 3 3 3 2 1 1 2 3 3 3 2 2 2 1 
2 1 1 2 1 2 1 2 2 2 2 1 2 2 2 1 2 1 1 2 1 1 1 1 1 1 2 1 1 1 2 2 1 2 1 2 2 2 2 2 2 2 2 1 1 2 2 2 2 2 1 2 2 1 1 1 2 2 2 1 1 2 2 2 2 2 1 1 2 2 1 2 2 1 1 2 1 2 2 2 1 1 2 2 2 2 1 1 1 2 2 2 1 1 2 2 1 2 2 1 2 2 2 2 1 2 2 2 1 2 2 1 2 1 1 2 1 2 1 2 1 2 2 2 1 2 2 1 2 1 2 1 2 2 2 2 1 1 1 2 1 1 1 1 1 1 2 2 2 1 1 1 1 2 2 2 1 2 2 1 
1 8 3 5 1 10 2 7 4 10 4 3 1 2 8 6 4 7 3 7 7 7 1 5 1 6 8 7 5 6 2 8 5 1 6 10 2 4 3 9 6 3 9 7 6 6 8 6 2 1 8 3 8 7 10 5 6 3 5 2 6 9 3 8 9 6 8 7 1 7 6 3 10 1 7 3 2 3 6 6 9 10 5 4 8 2 1 4 3 10 1 3 4 1 10 10 3 2 8 5 6 2 8 8 9 7 3 1 4 5 6 1 7 4 9 3 1 10 4 6 9 3 9 3 8 10 10 3 1 4 6 3 6 7 5 1 8 5 2 8 8 3 1 1 10 4 3 10 6 1 8 1 6 4 4 2 8 9 10 2 
3175.57 3340.06 3111.99 3195.34 3130.19 4622.35 3734.63 4409.87 3372.44 4440.52 3703.8 3213.27 3424.79 3751.95 3295.37 3795.28 4352.14 4103.36 3081.09 4846.74 4312.75 3543.28 3544.12 3277.89 3196.24 3813.78 3245.87 4899.53 3139.63 3639.2 3755.87 3187.81 3065.58 3465.87 3887.75 4449.58 3695.08 4398.3 3081.91 3403.25 3620.56 3074.7 3966.09 3257.35 3966.78 3925.32 3303.1 3794.97 3724.73 3364.24 3217.41 3109.35 3390.84 4263.87 4456.34 3216.99 3808.24 3046.15 3292.25 3713.04 3708.69 4200.22 3080.52 3290.88 3424.44 3834.15 3194.09 4275.11 3290.44 3855.18 3836.83 3058.75 4549.41 3144.13 3783.01 3121.18 3719.15 3213.24 3602.07 3976.49 4479.51 4471.25 3133.34 4411.48 3514.82 3723.68 3504.09 3444.78 3124.03 4568.08 3155.01 3206.05 4384.24 3183.04 4650.45 4466.13 3237.65 3715.14 3325.53 3097.21 3806.39 3709.88 3348.78 3444.42 4701.07 4855.41 3172.92 3241.58 4106.12 3150.6 3881.91 3351.89 3989.41 3288.55 4358.07 3143.86 3209.59 4478.62 3969.19 3664.43 4133.81 3016.03 4013.2 3223.52 3501.04 4581.81 4510.89 3137.01 3222.66 3374.9 3609.02 3271.24 3660.69 4762.88 3511.29 3167.61 3240.55 3045.9 3707.58 3375.0 3468.76 3223.1 3129.28 3154.26 4424.87 4038.68 3097.33 4571.04 3972.45 3447.33 3420.71 3270.2 3839.09 3793.16 4069.64 3698.43 3308.69 4699.65 4541.77 3713.12 
0.42 0.49 0.42 0.86 0.53 0.59 0.65 0.44 0.72 0.67 0.71 0.32 0.44 0.64 0.51 0.26 0.59 0.44 0.33 0.46 0.39 0.41 0.49 0.86 0.82 0.37 0.43 0.38 0.86 0.61 0.5 0.81 0.86 0.55 0.52 0.63 0.48 0.66 0.34 0.67 0.19 0.31 0.22 0.4 0.26 0.33 0.54 0.54 0.59 0.7 0.54 0.32 0.68 0.42 0.57 0.85 0.57 0.41 0.86 0.52 0.61 0.35 0.42 0.51 0.14 0.19 0.9 0.43 0.41 0.44 0.37 0.42 0.62 0.44 0.38 0.32 0.4 0.36 0.28 0.5 0.57 0.68 0.85 0.45 0.34 0.58 0.75 0.52 0.31 0.65 0.19 0.37 0.58 0.52 0.56 0.59 0.4 0.26 0.92 0.85 0.54 0.48 0.5 0.85 0.69 0.45 0.42 0.7 0.64 0.86 0.21 0.71 0.47 0.5 0.46 0.37 0.16 0.64 0.77 0.58 0.56 0.33 0.37 0.33 0.78 0.59 0.62 0.36 0.32 0.53 0.6 0.35 0.6 0.46 0.86 0.84 0.54 0.86 0.31 0.92 0.85 0.4 0.13 0.51 0.63 0.49 0.39 0.65 0.35 0.37 0.33 0.18 0.48 0.63 0.57 0.43 0.85 0.41 0.56 0.57 
0.58 0.62 0.7 0.81 1.0 0.98 0.67 0.56 0.57 1.0 0.66 0.55 0.95 0.62 0.8 1.0 1.0 1.0 0.68 0.81 0.78 0.62 1.0 0.51 0.7 0.63 0.93 0.7 0.5 0.54 0.92 0.79 0.78 0.95 0.68 0.83 0.95 1.0 0.8 0.86 1.0 0.88 0.99 0.91 1.0 0.54 0.77 1.0 1.0 0.98 0.82 0.99 1.0 0.67 0.66 0.95 1.0 0.73 0.82 0.63 0.71 0.93 0.92 0.61 0.55 0.59 0.98 0.9 0.75 0.66 0.9 0.79 1.0 0.59 0.99 0.96 0.83 0.91 0.98 0.73 1.0 1.0 0.92 0.75 0.86 0.93 0.82 1.0 0.82 0.64 0.63 0.66 0.92 1.0 1.0 0.86 0.52 0.6 0.54 1.0 0.75 1.0 0.84 0.51 1.0 0.51 0.84 0.84 1.0 0.65 0.67 0.83 0.65 1.0 0.8 0.54 0.54 0.75 0.89 0.89 1.0 0.69 0.84 1.0 0.66 0.53 0.85 0.83 1.0 0.6 0.5 0.84 0.85 0.92 0.67 1.0 1.0 0.91 0.94 1.0 0.78 0.6 0.99 0.65 0.91 0.65 0.83 0.52 0.78 0.76 0.94 0.63 0.68 0.54 1.0 0.92 0.79 0.62 0.84 0.56 
0.53 0.82 0.79 0.58 1.0 0.91 0.56 0.76 0.58 0.5 0.64 0.74 0.57 0.9 0.68 0.86 0.86 0.51 0.67 0.54 0.67 0.67 0.82 0.87 0.83 0.69 0.6 0.71 0.75 1.0 0.86 0.68 0.81 0.91 0.9 0.75 0.81 1.0 0.51 0.96 0.82 0.58 0.8 0.85 1.0 0.71 1.0 0.94 0.58 0.88 0.88 0.79 1.0 0.87 1.0 0.55 0.65 0.58 0.76 0.67 1.0 0.54 0.79 0.61 0.76 0.93 0.7 0.76 1.0 0.86 0.83 0.53 0.67 0.57 0.76 0.59 0.55 1.0 0.87 0.73 0.77 0.52 1.0 0.6 0.84 1.0 0.51 0.76 0.59 1.0 0.55 1.0 0.54 0.53 0.65 0.62 0.93 0.57 0.53 0.92 0.77 0.88 0.82 0.53 1.0 1.0 1.0 0.9 1.0 0.71 0.65 0.64 0.92 0.92 0.82 1.0 0.51 0.57 0.88 0.8 0.94 0.93 0.72 0.63 1.0 0.81 1.0 0.74 0.54 0.81 0.96 0.89 0.6 0.76 0.85 0.67 0.63 1.0 1.0 0.93 0.8 0.57 0.78 0.74 0.72 0.62 0.96 0.88 0.67 1.0 1.0 0.76 0.65 0.73 0.77 0.5 0.98 0.83 0.98 0.69 
0.84 0.87 0.99 0.59 1.0 0.73 0.98 0.8 0.51 1.0 0.88 0.76 0.98 0.76 0.52 0.67 0.99 0.87 0.57 0.99 0.97 1.0 0.98 0.87 0.97 0.74 0.63 0.8 0.77 0.68 1.0 1.0 1.0 0.7 0.96 1.0 0.76 0.58 0.93 0.59 1.0 0.98 0.92 0.61 0.75 0.64 1.0 0.87 0.73 0.71 0.8 0.79 0.79 0.62 0.59 1.0 1.0 1.0 0.88 0.81 0.84 1.0 0.91 0.99 0.84 0.61 0.78 0.67 1.0 0.72 0.74 0.57 1.0 1.0 0.88 0.78 1.0 0.88 0.96 1.0 0.68 0.89 1.0 0.55 0.74 0.62 0.57 0.96 1.0 0.77 0.89 0.83 0.68 0.68 1.0 0.75 0.65 0.68 0.7 0.57 0.89 0.85 0.83 1.0 0.91 0.88 0.82 0.76 0.59 0.94 0.73 0.54 0.56 1.0 0.93 0.99 0.65 0.7 0.52 0.55 0.77 0.84 1.0 0.96 0.84 0.82 0.95 0.92 0.74 0.9 0.65 0.58 0.75 0.63 1.0 0.74 0.86 0.78 0.6 0.99 0.81 0.85 0.71 0.88 0.87 0.75 0.54 1.0 0.88 0.51 0.66 0.53 0.94 0.84 0.75 0.84 0.93 0.83 1.0 0.67 
0.91 0.95 1.0 0.74 0.61 0.79 1.0 0.53 0.64 0.56 1.0 0.72 0.81 0.88 1.0 1.0 1.0 1.0 1.0 1.0 0.94 0.6 0.58 0.88 0.67 0.57 0.85 1.0 0.98 0.61 1.0 0.57 0.96 0.65 1.0 1.0 1.0 1.0 0.57 0.78 0.95 0.79 1.0 0.8 0.64 0.95 0.59 0.53 0.68 0.55 0.5 0.98 1.0 0.59 0.8 0.57 0.85 0.84 1.0 0.56 0.68 1.0 0.93 1.0 0.96 0.75 0.97 0.86 0.72 0.99 0.97 0.65 0.75 0.94 0.79 1.0 0.6 1.0 0.82 0.53 1.0 0.56 0.95 0.7 0.92 0.65 1.0 1.0 0.97 0.71 0.92 1.0 0.55 1.0 0.71 0.94 0.8 1.0 1.0 0.62 0.65 0.56 0.81 0.52 0.77 0.79 0.94 0.52 0.5 0.71 0.69 0.66 0.91 1.0 1.0 0.81 0.96 1.0 0.62 0.91 1.0 0.84 0.65 0.63 1.0 0.54 0.99 1.0 0.56 0.58 1.0 0.99 0.56 0.64 0.89 0.89 0.66 0.63 0.56 0.67 0.63 0.93 0.9 0.92 0.77 0.92 0.93 1.0 0.62 0.98 0.79 1.0 0.84 0.95 1.0 1.0 0.93 0.93 0.65 0.53 
0.65 0.94 0.71 0.66 0.75 0.57 0.7 0.64 1.0 0.5 0.91 0.57 0.59 1.0 1.0 0.97 1.0 0.86 1.0 0.51 0.62 0.96 1.0 0.6 0.96 0.79 0.68 0.54 0.59 0.83 0.94 0.89 0.89 0.8 0.55 0.7 0.9 0.68 0.72 1.0 0.96 0.99 0.69 0.84 1.0 0.89 1.0 0.94 0.73 0.79 0.59 1.0 0.5 0.62 0.99 0.82 1.0 0.88 0.88 1.0 0.83 0.84 0.72 0.69 0.56 0.86 0.98 0.88 0.95 0.66 1.0 0.64 0.93 0.76 0.93 0.91 0.8 1.0 0.88 0.97 0.72 1.0 0.87 0.54 1.0 0.8 0.87 0.71 1.0 0.98 1.0 0.75 0.52 0.66 0.97 0.88 0.8 0.91 0.79 0.81 0.57 1.0 1.0 0.63 0.96 0.72 0.75 0.91 0.87 1.0 0.54 0.76 0.6 0.77 0.69 0.77 1.0 0.79 0.95 0.56 0.7 0.74 0.93 1.0 0.85 0.6 1.0 1.0 1.0 0.97 0.84 1.0 0.93 1.0 0.85 0.66 0.79 0.65 0.86 0.51 0.68 0.87 0.91 0.61 0.79 0.78 0.6 0.97 0.87 1.0 0.58 0.84 0.91 0.74 0.99 0.66 0.76 1.0 0.75 1.0 
0.16 0.4 0.4 0.13 0.46 0.29 0.26 0.12 0.11 0.14 0.34 0.13 0.25 0.37 0.29 0.56 0.85 0.39 0.26 0.22 0.29 0.24 0.47 0.2 0.37 0.14 0.2 0.21 0.17 0.18 0.74 0.27 0.54 0.32 0.32 0.44 0.52 0.4 0.16 0.37 0.75 0.39 0.5 0.32 0.48 0.21 0.46 0.4 0.21 0.27 0.17 0.61 0.4 0.13 0.31 0.25 0.55 0.32 0.48 0.19 0.34 0.43 0.44 0.25 0.19 0.22 0.51 0.35 0.51 0.27 0.55 0.1 0.47 0.24 0.49 0.4 0.22 0.8 0.59 0.27 0.38 0.26 0.76 0.09 0.49 0.3 0.21 0.53 0.47 0.34 0.29 0.41 0.09 0.24 0.45 0.33 0.2 0.21 0.16 0.26 0.19 0.42 0.47 0.09 0.67 0.26 0.49 0.27 0.26 0.31 0.12 0.14 0.18 0.71 0.42 0.33 0.17 0.24 0.24 0.2 0.51 0.34 0.36 0.38 0.47 0.11 0.8 0.56 0.22 0.25 0.27 0.44 0.2 0.28 0.43 0.29 0.29 0.29 0.27 0.31 0.21 0.23 0.45 0.24 0.34 0.22 0.24 0.45 0.25 0.38 0.29 0.22 0.32 0.24 0.57 0.25 0.5 0.39 0.41 0.14 
1816.17 492.8 1018.24 1921.96 1756.15 1475.44 1316.83 651.74 1337.82 1558.86 1651.76 942.36 1418.19 1069.12 383.94 1479.47 1376.62 690.31 1173.21 758.42 567.66 543.98 1950.63 2126.62 2376.01 1210.02 499.75 577.62 1965.56 1453.9 902.4 606.56 1573.25 1769.72 1339.32 1473.32 789.08 1625.45 1015.3 1262.71 854.39 1015.43 662.86 610.42 1115.89 1111.38 495.4 1083.17 954.2 2221.09 640.7 896.41 586.29 605.42 1241.66 1548.96 1063.41 992.42 2083.45 932.36 1403.6 923.1 899.12 457.71 1234.1 1257.4 605.53 624.8 1661.59 748.27 961.05 1178.8 1331.4 2040.69 719.18 742.3 614.73 1046.49 1082.29 1380.37 939.66 1405.72 2188.3 1439.95 426.39 880.42 2085.32 1546.63 1037.85 1363.94 1405.66 993.23 1244.07 1529.33 1422.63 1487.16 828.25 730.96 632.27 2003.6 1549.7 900.53 516.04 687.1 1118.32 722.31 1156.94 2445.89 1382.92 1588.72 969.78 1973.73 571.34 1631.62 1039.58 1126.73 1567.25 1349.16 1625.27 1559.7 980.7 1085.53 820.47 971.16 515.11 1554.35 1322.97 1148.23 1478.55 1177.81 1794.13 783.14 1109.05 610.93 2278.2 2394.36 527.62 1934.51 733.08 609.33 680.02 1042.68 1677.87 2033.57 1243.63 1210.99 980.71 1433.16 1191.99 1585.58 510.98 1265.15 1225.84 1237.9 1278.04 986.06 612.77 912.36 1531.78 1003.42 
140.56 212.67 382.58 371.54 803.78 424.49 331.06 66.4 163.23 212.44 494.82 144.61 387.49 388.25 128.13 839.11 1154.82 218.73 231.59 137.3 136.87 111.5 982.19 513.17 912.26 142.99 92.41 90.9 249.84 229.78 631.58 198.82 802.4 554.79 469.69 676.45 369.76 549.42 169.68 390.84 630.79 410.28 364.56 191.0 497.37 251.35 223.53 468.98 223.98 539.54 89.62 551.7 232.96 55.5 344.95 306.72 633.26 317.87 1043.38 218.6 450.3 365.76 450.19 110.43 269.82 303.01 311.08 197.35 738.34 214.66 517.01 113.19 636.8 614.29 356.52 328.92 136.72 856.85 656.98 303.4 404.42 341.05 1733.09 110.4 208.35 289.52 370.51 849.24 422.08 469.07 401.21 415.05 178.1 378.57 665.84 412.49 180.28 141.5 89.43 556.65 315.2 350.04 254.11 83.43 746.36 189.44 601.47 631.44 369.05 574.04 72.15 318.51 115.04 1217.26 422.64 407.74 270.68 371.05 398.59 288.72 507.99 342.38 285.24 352.53 208.56 167.06 1036.34 637.07 238.26 274.08 475.89 309.82 252.13 168.91 860.1 666.02 142.96 540.59 204.7 149.42 153.58 280.16 744.07 492.7 431.07 219.26 261.7 643.9 259.25 642.99 137.49 279.23 491.71 254.72 741.99 238.23 346.85 370.79 634.31 128.79 
8580.87 1963.98 4591.21 9109.82 8280.77 6877.21 6084.15 2758.72 6189.08 7294.3 7758.79 4211.82 6590.97 4845.59 1419.71 6897.37 6383.09 2951.53 5366.03 3292.08 2338.28 2219.9 9253.13 10133.08 11380.04 5550.12 1998.74 2388.11 9327.79 6769.5 4012.02 2532.8 7366.27 8348.62 6196.59 6866.61 3445.39 7627.26 4576.51 5813.57 3771.97 4577.15 2814.32 2552.1 5079.43 5056.9 1977.01 4915.84 4271.02 10605.46 2703.52 3982.07 2431.44 2527.12 5708.32 7244.81 4817.03 4462.1 9917.24 4161.81 6518.0 4115.49 3995.62 1788.53 5670.49 5786.98 2527.65 2624.01 7807.95 3241.34 4305.27 5394.01 6156.99 9703.46 3095.91 3211.5 2573.63 4732.46 4911.44 6401.85 4198.31 6528.6 10441.49 6699.76 1631.97 3902.1 9926.61 7233.14 4689.25 6319.72 6528.3 4466.13 5720.34 7146.65 6613.15 6935.82 3641.27 3154.8 2661.35 9517.99 7248.49 4002.65 2080.22 2935.52 5091.59 3111.53 5284.7 11729.47 6414.59 7443.61 4348.89 9368.66 2356.69 7658.11 4697.92 5133.65 7336.23 6245.81 7626.37 7298.52 4403.48 4927.63 3602.37 4355.78 2075.53 7271.73 6114.83 5241.15 6892.74 5389.03 8470.67 3415.72 5045.27 2554.65 10891.01 11471.81 2138.12 9172.55 3165.41 2546.63 2900.11 4713.42 7889.36 9667.87 5718.13 5554.94 4403.54 6665.82 5459.94 7427.88 2054.91 5825.76 5629.18 5689.52 5890.2 4430.3 2563.85 4061.8 7158.91 4517.11 
202.81 563.36 1412.91 1357.68 3518.89 1622.47 1155.29 -168.02 316.16 562.2 1974.09 223.04 1437.43 1441.23 140.67 3695.53 5274.12 593.65 657.96 186.5 184.34 57.51 4410.96 2065.84 4061.28 214.95 -37.95 -45.5 749.18 648.91 2657.9 494.09 3512.02 2273.96 1848.43 2882.27 1348.78 2247.12 348.39 1454.19 2653.95 1551.39 1322.8 454.98 1986.85 756.74 617.63 1844.91 619.92 2197.71 -51.91 2258.48 664.81 -222.5 1224.73 1033.58 2666.29 1089.36 4716.88 592.99 1751.51 1328.79 1750.93 52.13 849.11 1015.06 1055.41 486.75 3191.69 573.32 2085.03 65.97 2683.98 2571.43 1282.62 1144.58 183.58 3784.24 2784.9 1017.0 1522.09 1205.27 8165.47 52.0 541.74 947.61 1352.56 3746.18 1610.42 1845.35 1506.05 1575.23 390.51 1392.85 2829.22 1562.44 401.41 207.49 -52.85 2283.26 1075.98 1250.21 770.53 -82.83 3231.78 447.21 2507.33 2657.18 1345.27 2370.2 -139.24 1092.57 75.18 5586.32 1613.21 1538.68 853.41 1355.27 1492.94 943.6 2039.94 1211.92 926.21 1262.65 542.79 335.31 4681.7 2685.37 691.32 870.41 1879.43 1049.1 760.64 344.54 3800.5 2830.08 214.81 2202.97 523.51 247.12 267.91 900.78 3220.33 1963.52 1655.35 596.29 808.48 2719.52 796.25 2714.96 187.43 896.16 1958.56 773.6 3209.93 691.16 1234.26 1353.97 2671.54 143.93 
95.27 66.8 62.24 95.86 93.91 138.67 74.69 132.3 134.9 133.22 111.11 64.27 136.99 112.56 131.81 113.86 130.56 82.07 61.62 145.4 129.38 70.87 70.88 65.56 63.92 76.28 129.83 97.99 62.79 109.18 150.23 95.63 61.31 103.98 77.75 133.49 110.85 175.93 92.46 136.13 144.82 92.24 118.98 97.72 79.34 157.01 132.12 151.8 111.74 100.93 64.35 93.28 135.63 85.28 133.69 64.34 152.33 91.38 131.69 74.26 74.17 126.01 123.22 131.64 136.98 153.37 63.88 85.5 98.71 154.21 76.74 91.76 136.48 62.88 75.66 124.85 74.38 128.53 108.06 159.06 89.59 89.43 94.0 176.46 140.59 111.71 70.08 68.9 93.72 137.04 126.2 96.18 131.53 63.66 186.02 133.98 97.13 111.45 99.77 61.94 152.26 111.3 100.46 103.33 94.02 194.22 95.19 97.25 82.12 126.02 155.28 67.04 119.68 65.77 130.74 94.32 64.19 134.36 79.38 146.58 124.01 120.64 160.53 128.94 70.02 137.45 135.33 62.74 128.91 67.5 108.27 65.42 109.82 142.89 105.34 126.7 64.81 60.92 74.15 135.0 69.38 96.69 93.88 94.63 88.5 121.16 123.89 182.84 158.9 103.42 68.41 65.4 115.17 151.73 162.79 147.94 99.26 140.99 136.25 74.26 
127 66 62 127 125 184 74 176 202 177 148 64 205 150 197 151 174 82 61 193 172 70 70 65 63 76 194 97 62 145 225 127 61 138 77 177 147 263 123 204 217 122 158 130 79 235 198 227 148 134 64 124 203 85 178 64 228 121 197 74 74 168 184 197 205 230 63 85 131 231 76 122 181 62 75 187 74 192 144 238 89 89 125 264 210 148 70 68 124 182 189 128 175 63 279 178 129 148 133 61 228 148 133 137 94 291 126 129 82 189 232 67 159 65 174 125 64 179 79 219 165 180 240 193 70 183 180 62 193 67 144 65 146 190 140 190 64 60 74 202 69 128 125 126 88 161 185 274 238 137 68 65 153 227 244 221 132 187 181 74 
474 245 1608 399 208 63 1173 593 369 1256 847 139 1002 1292 762 403 1005 250 694 1574 196 986 409 1140 925 584 1036 610 631 922 1284 1054 1190 1148 1049 764 1339 150 1672 431 893 1622 1224 1479 172 1392 858 397 767 1073 185 548 1599 526 1658 1490 487 4 358 1404 929 6 680 1279 757 263 1546 1246 1017 1538 625 655 1441 689 299 52 365 71 274 226 333 900 826 1431 363 1367 665 437 230 112 1350 1355 931 689 1475 1274 285 311 1052 633 1291 347 578 1242 1089 602 158 1049 1182 1505 528 13 827 60 1598 745 47 661 584 1179 308 1567 1536 1350 1164 493 661 24 540 899 959 878 1160 1578 1096 899 709 402 865 618 87 744 405 310 1583 1472 187 1095 1479 953 121 1026 706 470 343 127 817 1347 260 916 
1464 1599 1680 796 1428 250 1680 1680 1551 1680 1680 1225 1648 1680 987 1202 1680 1642 1680 1680 364 1680 1680 1384 1680 1680 1376 1620 1602 1625 1547 1680 1680 1680 1680 1680 1680 1140 1680 1211 1577 1680 1680 1680 1296 1680 1293 1680 1680 1623 1680 1481 1680 866 1680 1680 731 1511 870 1680 1680 1360 1154 1600 963 1445 1680 1680 1680 1680 1309 1680 1680 1680 888 1521 1680 258 1475 1680 1680 1680 1680 1680 569 1680 1043 815 551 299 1680 1680 1680 1507 1680 1680 797 880 1680 1107 1680 1680 746 1680 1680 1497 1397 1676 1560 1680 1576 889 1205 342 1680 1680 1497 1680 1613 1680 1011 1680 1680 1680 1680 1680 1680 1608 803 1162 1394 1680 1680 1680 1359 1680 1566 1660 1645 1245 733 1680 783 707 1680 1680 1311 1607 1680 1680 327 1680 1680 1680 1180 1137 1680 1680 1327 1600 
5
0.0 0.0 0.0 0.0 0.0 
0.0 100.0 100.0 100.0 100.0 
0 100 100 100 100 89 42 42 106 68 103 53 90 82 87 100 56 57 106 47 29 79 56 28 84 82 36 75 80 51 55 75 86 57 83 52 102 47 90 102 69 108 99 77 94 51 59 95 49 89 103 92 125 80 96 37 84 83 63 63 31 94 116 85 69 49 79 49 107 45 110 56 48 94 117 63 72 86 34 74 101 71 104 70 106 78 75 83 50 96 110 69 55 36 93 102 103 25 72 120 96 43 116 88 60 130 109 97 87 76 93 116 74 57 40 129 53 88 71 19 83 79 108 27 49 90 97 101 73 54 76 72 57 71 69 72 45 66 75 71 43 71 37 81 96 83 15 78 59 83 36 98 47 118 43 34 43 59 82 43 82 54 99 117 91 
100 0 0 0 0 112 64 76 70 31 89 90 85 46 104 75 84 73 58 75 71 103 84 80 85 18 67 42 26 55 49 49 21 88 17 71 95 70 115 53 90 88 119 99 115 75 101 92 50 32 107 120 92 83 71 69 121 46 41 36 74 126 87 42 43 101 101 84 108 90 99 57 55 76 93 40 104 94 81 71 108 37 107 94 102 28 33 93 75 125 90 74 48 64 77 121 90 76 33 101 71 57 76 91 81 96 64 94 109 62 44 84 91 91 91 94 86 101 69 83 100 65 62 78 84 11 124 119 58 51 75 112 58 60 66 85 61 97 105 109 97 46 84 23 38 32 88 21 40 61 64 119 81 98 58 84 74 41 50 95 50 46 94 88 58 
100 0 0 0 0 112 64 76 70 31 89 90 85 46 104 75 84 73 58 75 71 103 84 80 85 18 67 42 26 55 49 49 21 88 17 71 95 70 115 53 90 88 119 99 115 75 101 92 50 32 107 120 92 83 71 69 121 46 41 36 74 126 87 42 43 101 101 84 108 90 99 57 55 76 93 40 104 94 81 71 108 37 107 94 102 28 33 93 75 125 90 74 48 64 77 121 90 76 33 101 71 57 76 91 81 96 64 94 109 62 44 84 91 91 91 94 86 101 69 83 100 65 62 78 84 11 124 119 58 51 75 112 58 60 66 85 61 97 105 109 97 46 84 23 38 32 88 21 40 61 64 119 81 98 58 84 74 41 50 95 50 46 94 88 58 
100 0 0 0 0 112 64 76 70 31 89 90 85 46 104 75 84 73 58 75 71 103 84 80 85 18 67 42 26 55 49 49 21 88 17 71 95 70 115 53 90 88 119 99 115 75 101 92 50 32 107 120 92 83 71 69 121 46 41 36 74 126 87 42 43 101 101 84 108 90 99 57 55 76 93 40 104 94 81 71 108 37 107 94 102 28 33 93 75 125 90 74 48 64 77 121 90 76 33 101 71 57 76 91 81 96 64 94 109 62 44 84 91 91 91 94 86 101 69 83 100 65 62 78 84 11 124 119 58 51 75 112 58 60 66 85 61 97 105 109 97 46 84 23 38 32 88 21 40 61 64 119 81 98 58 84 74 41 50 95 50 46 94 88 58 
100 0 0 0 0 112 64 76 70 31 89 90 85 46 104 75 84 73 58 75 71 103 84 80 85 18 67 42 26 55 49 49 21 88 17 71 95 70 115 53 90 88 119 99 115 75 101 92 50 32 107 120 92 83 71 69 121 46 41 36 74 126 87 42 43 101 101 84 108 90 99 57 55 76 93 40 104 94 81 71 108 37 107 94 102 28 33 93 75 125 90 74 48 64 77 121 90 76 33 101 71 57 76 91 81 96 64 94 109 62 44 84 91 91 91 94 86 101 69 83 100 65 62 78 84 11 124 119 58 51 75 112 58 60 66 85 61 97 105 109 97 46 84 23 38 32 88 21 40 61 64 119 81 98 58 84 74 41 50 95 50 46 94 88 58 
89 112 112 112 112 0 68 55 57 92 36 37 30 65 7 47 37 45 68 50 78 10 37 67 27 97 71 69 85 68 74 62 90 34 97 49 30 54 3 69 25 42 10 14 5 48 30 26 83 81 19 9 59 28 47 66 15 66 77 88 69 14 53 70 70 40 11 43 23 44 34 62 74 42 47 79 17 18 60 40 16 77 20 21 27 85 80 19 48 13 42 38 76 78 40 13 35 77 81 45 48 79 61 22 36 62 65 25 2 49 71 54 21 33 49 62 38 12 43 77 11 46 66 70 43 100 12 11 54 71 36 20 60 52 45 27 67 23 13 19 46 66 54 89 78 79 77 97 85 51 80 9 47 45 77 57 55 86 61 46 62 83 27 52 57 
42 64 64 64 64 68 0 14 66 33 68 33 56 40 63 62 31 24 64 18 14 57 31 17 52 45 5 33 40 9 14 33 46 34 46 18 70 13 71 60 43 72 78 53 73 20 45 63 17 48 75 75 88 48 57 5 71 41 22 28 11 79 79 43 27 41 56 26 79 29 77 14 8 57 81 24 54 57 17 38 74 30 76 46 76 38 34 55 19 79 74 35 15 10 57 81 69 17 32 86 57 11 76 58 31 92 69 65 66 37 51 78 47 36 29 92 31 62 34 22 58 40 67 15 27 52 80 79 32 13 42 59 16 31 31 43 3 46 56 57 35 29 21 42 54 41 27 42 24 43 12 77 22 83 8 20 13 24 40 33 40 19 67 80 50 
42 76 76 76 76 55 14 0 64 47 61 19 48 44 50 58 18 15 65 5 23 44 17 14 43 58 16 39 50 20 27 36 56 20 58 10 61 6 57 62 31 66 65 40 60 8 30 54 32 55 64 61 83 38 53 11 56 45 34 42 14 65 74 48 35 26 43 11 68 15 69 19 23 52 75 36 40 46 8 32 63 40 65 33 66 48 44 44 8 65 68 27 28 23 51 68 61 22 43 78 54 26 74 48 20 88 68 56 53 35 55 73 35 22 15 87 16 50 29 24 46 37 67 16 12 64 66 66 32 24 34 44 19 30 27 32 16 32 42 42 21 35 8 53 59 49 27 55 38 41 25 64 8 76 23 9 1 38 42 19 43 33 58 75 50 
106 70 70 70 70 57 66 64 0 66 22 61 27 31 49 9 55 49 13 59 81 54 55 78 32 63 72 40 51 59 59 35 53 56 62 53 29 58 60 17 48 19 60 51 58 56 66 30 71 39 44 65 23 34 11 69 71 30 56 66 75 71 16 31 45 73 52 61 43 67 31 52 65 15 23 57 60 39 72 32 45 49 43 51 36 52 49 40 56 68 21 38 61 75 17 60 23 83 53 30 11 72 9 35 49 28 8 32 55 29 26 14 45 59 72 27 59 44 34 87 47 27 10 79 60 62 67 59 34 59 32 69 50 34 36 42 63 58 59 65 74 40 70 55 31 43 91 65 66 23 77 60 61 27 70 73 63 67 28 73 28 67 31 18 17 
68 31 31 31 31 92 33 47 66 0 78 63 70 35 85 67 59 48 58 47 39 82 58 49 68 13 36 26 17 26 20 33 20 62 15 45 82 42 95 53 67 80 101 78 96 48 75 78 19 30 93 100 90 65 62 39 98 36 14 4 43 105 82 34 23 73 80 56 95 61 89 31 24 65 87 12 81 76 50 52 92 17 93 71 90 15 17 74 48 104 82 53 18 32 65 103 79 44 13 94 62 26 75 75 56 94 64 80 89 46 41 80 70 65 62 93 60 82 49 51 80 49 62 47 57 21 104 101 40 22 57 88 32 41 46 64 31 73 83 85 68 28 54 15 40 24 57 9 9 48 32 100 53 91 27 54 45 9 38 66 38 14 81 84 50 
103 89 89 89 89 36 68 61 22 78 0 52 12 44 30 13 46 45 35 55 82 37 47 75 19 79 73 51 66 63 66 45 69 47 78 51 7 56 39 38 36 6 38 34 37 52 53 10 78 57 22 44 25 23 17 69 51 43 65 76 74 50 17 46 55 61 34 54 21 59 10 55 70 13 14 67 43 21 69 30 23 61 21 37 14 66 62 23 53 47 7 34 68 78 12 38 1 83 65 17 17 77 25 17 42 29 31 11 35 33 44 18 31 48 64 28 50 25 33 86 29 29 32 77 53 79 45 37 39 64 26 51 53 39 36 31 66 44 41 49 64 50 65 70 50 58 88 79 75 30 80 39 55 15 74 68 60 77 40 64 40 75 9 17 30 
53 90 90 90 90 37 33 19 61 63 52 0 39 50 34 53 7 17 66 16 42 26 7 29 33 73 35 49 63 37 43 44 69 5 73 18 50 21 39 65 16 58 48 24 43 15 11 43 50 64 49 42 76 29 50 30 37 51 49 59 31 46 68 55 47 12 26 7 54 7 57 33 41 47 66 51 21 33 22 29 47 53 51 17 53 62 57 30 15 46 59 23 45 42 45 51 52 40 57 68 50 45 70 36 12 80 68 44 35 36 60 68 21 4 13 80 3 35 28 39 30 36 67 33 6 78 47 49 36 41 29 25 32 34 28 20 34 13 24 23 12 44 17 66 66 60 39 71 55 42 44 46 11 67 42 20 20 56 47 11 48 51 47 68 51 
90 85 85 85 85 30 56 48 27 70 12 39 0 38 22 17 33 33 37 42 70 27 34 63 6 72 61 44 60 52 56 37 64 34 72 39 13 44 33 39 23 18 35 24 32 39 41 7 67 53 23 39 37 10 17 57 44 38 56 68 62 44 29 42 47 49 24 41 24 46 20 44 59 11 27 58 33 11 56 18 23 53 22 25 20 60 55 12 40 42 20 21 58 66 10 36 13 70 58 30 17 66 34 7 29 41 35 10 28 24 42 29 19 36 51 41 37 18 22 73 20 20 36 65 40 74 41 35 30 54 14 41 42 29 25 18 54 32 31 38 52 42 52 64 49 53 75 73 66 23 69 35 42 28 63 55 48 67 34 51 34 65 11 29 28 
82 46 46 46 46 65 40 44 31 35 44 50 38 0 58 32 44 33 25 40 54 58 43 55 38 34 46 9 21 31 30 7 25 47 33 35 49 37 69 20 46 45 73 54 69 38 60 46 41 15 61 74 55 37 27 44 76 1 25 34 51 80 47 4 14 63 56 46 63 53 54 26 36 31 52 26 60 47 51 25 62 18 61 50 57 22 18 47 38 79 47 30 31 47 31 74 45 57 22 59 27 43 40 45 39 59 30 48 63 16 11 45 46 50 57 58 47 54 24 63 54 19 28 55 46 35 78 73 14 29 29 69 25 16 22 40 37 54 60 65 61 10 52 25 15 14 67 35 34 14 49 73 44 56 42 53 42 36 4 59 3 36 49 49 14 
87 104 104 104 104 7 63 50 49 85 30 34 22 58 0 40 32 39 60 45 74 8 32 63 19 90 66 62 78 62 67 55 83 30 90 44 24 49 11 62 19 36 16 10 11 43 29 20 77 73 16 16 54 21 40 61 21 58 70 82 64 22 47 62 63 38 7 39 21 41 30 55 68 34 42 72 16 11 56 33 14 70 18 16 23 77 72 11 43 20 36 31 70 73 33 18 29 73 74 41 40 74 55 14 31 57 58 18 5 41 63 48 15 30 46 57 34 5 36 73 4 39 59 66 38 93 20 16 46 65 28 22 53 45 38 20 62 21 13 20 44 58 51 82 70 72 74 89 79 44 75 15 42 41 71 54 51 80 54 44 54 76 21 47 50 
100 75 75 75 75 47 62 58 9 67 13 53 17 32 40 0 47 42 21 52 77 45 47 72 22 66 68 40 53 56 58 34 56 48 65 48 20 52 50 24 39 12 50 41 48 49 57 20 69 43 35 55 25 25 5 64 61 31 55 66 70 61 16 34 45 64 42 53 34 60 23 48 62 6 20 57 50 29 66 26 36 50 34 42 28 54 51 30 50 59 15 31 60 72 8 51 15 78 54 26 5 70 17 25 42 30 18 22 45 25 31 15 36 51 65 29 51 34 28 82 37 22 19 74 53 66 57 50 30 56 24 59 46 31 31 33 60 49 49 56 66 40 64 58 37 46 85 68 65 20 74 51 54 23 67 66 57 67 28 65 28 66 21 18 18 
56 84 84 84 84 37 31 18 55 59 46 7 33 44 32 47 0 11 59 13 41 26 0 31 27 67 34 42 57 33 39 37 63 3 68 14 45 17 39 58 13 52 47 22 42 11 17 38 47 58 46 43 70 23 43 29 40 45 44 55 32 47 62 48 41 19 25 7 51 12 53 28 38 40 61 46 22 29 24 22 45 47 48 15 49 56 51 26 12 47 53 16 41 41 39 50 46 40 51 63 44 43 64 31 5 75 61 40 34 29 53 61 17 6 18 74 4 32 21 41 28 29 60 34 7 72 48 48 30 37 22 29 26 27 21 15 31 14 25 26 19 38 19 61 59 54 42 66 51 35 43 46 10 61 40 22 18 52 40 18 41 47 42 62 44 
57 73 73 73 73 45 24 15 49 48 45 17 33 33 39 42 11 0 51 10 37 34 11 30 28 56 28 31 46 23 29 26 52 14 56 5 46 11 48 49 20 50 55 30 50 6 28 39 38 47 51 52 68 23 38 24 50 34 33 44 28 57 59 38 29 29 33 13 54 20 54 17 29 36 59 35 32 33 23 16 49 36 51 23 52 44 39 30 7 56 52 11 31 34 35 57 46 37 40 63 38 35 58 34 8 72 54 41 42 20 43 58 23 18 24 71 14 38 14 40 34 22 53 32 13 61 57 55 19 27 19 40 15 17 12 18 23 25 34 37 27 27 21 49 49 43 42 54 41 27 36 54 12 61 32 23 14 42 30 25 31 38 43 60 36 
106 58 58 58 58 68 64 65 13 58 35 66 37 25 60 21 59 51 0 60 79 64 59 78 41 53 70 34 41 56 55 31 42 62 51 55 42 59 71 5 56 32 72 60 70 58 73 42 66 29 56 76 34 42 20 68 81 23 50 58 74 82 29 23 40 79 61 64 56 71 44 50 61 25 36 50 69 49 73 37 58 42 56 59 49 43 41 50 58 80 34 43 56 72 27 72 36 81 45 43 20 68 18 45 54 38 6 44 66 30 17 26 54 65 76 36 63 55 38 87 57 29 4 78 64 50 79 71 33 55 38 78 48 34 39 49 61 65 68 74 78 36 73 45 20 34 91 55 59 24 74 72 64 40 67 74 64 61 24 77 24 61 43 30 15 
47 75 75 75 75 50 18 5 59 47 55 16 42 40 45 52 13 10 60 0 28 39 13 20 37 57 21 36 49 21 27 33 55 16 58 5 55 4 53 58 26 60 61 36 56 3 28 49 34 52 59 57 78 33 48 15 53 41 33 43 19 61 69 44 33 26 39 9 63 14 63 18 25 46 69 35 36 41 13 26 57 38 60 29 61 47 42 38 2 61 62 21 29 27 45 63 56 28 42 73 48 29 68 42 14 82 63 51 48 30 51 68 30 18 16 81 13 45 24 30 41 32 62 22 9 63 62 62 27 25 29 41 17 26 22 26 18 28 38 39 21 32 12 52 56 47 32 55 39 36 29 60 5 71 26 14 5 40 38 19 39 35 53 70 45 
29 71 71 71 71 78 14 23 81 39 82 42 70 54 74 77 41 37 79 28 0 68 41 14 65 53 8 46 51 23 25 47 56 44 54 31 83 26 81 75 54 87 89 64 84 31 52 77 20 60 88 84 102 61 72 13 79 56 33 35 10 88 94 57 40 46 67 35 91 35 91 29 18 72 95 34 63 70 19 52 86 42 88 57 89 48 45 67 31 88 88 48 25 7 71 92 83 4 42 100 72 13 91 71 43 107 83 79 76 52 65 92 59 45 33 106 40 74 49 11 69 55 81 10 35 61 89 90 47 25 56 67 30 46 46 55 17 55 66 65 38 43 25 51 67 53 17 49 30 58 7 88 31 97 13 23 23 30 54 37 55 25 81 95 65 
79 103 103 103 103 10 57 44 54 82 37 26 27 58 8 45 26 34 64 39 68 0 26 56 22 88 61 61 77 58 64 54 82 23 88 39 31 43 13 65 14 43 21 4 16 37 20 26 73 73 25 17 61 22 44 55 18 59 67 78 58 22 54 63 61 30 2 32 30 34 38 51 63 39 49 69 7 15 49 33 23 68 27 10 32 76 71 14 38 22 43 29 66 67 37 24 36 66 72 49 44 69 61 20 26 65 63 26 8 41 65 55 12 22 38 65 27 12 34 66 7 39 63 59 32 92 22 22 45 61 28 14 50 43 37 18 57 13 4 12 36 57 43 81 72 71 66 87 75 45 69 20 36 49 66 46 44 76 54 36 55 72 28 54 52 
56 84 84 84 84 37 31 17 55 58 47 7 34 43 32 47 0 11 59 13 41 26 0 30 28 67 34 42 57 33 39 37 63 3 67 13 45 17 40 58 13 52 47 23 42 11 17 39 47 58 47 44 71 23 43 29 40 44 44 54 31 48 62 48 40 19 25 7 51 12 53 27 37 40 61 46 23 29 23 22 45 47 48 15 50 56 51 27 11 48 54 16 41 40 39 50 47 40 51 64 44 42 64 32 5 75 61 40 35 29 53 62 18 7 17 74 4 33 21 41 28 29 60 33 6 72 48 48 29 36 22 29 26 27 21 15 31 15 25 26 19 38 19 60 59 54 42 65 51 35 42 46 10 62 39 22 18 52 40 17 41 47 42 62 44 
28 80 80 80 80 67 17 14 78 49 75 29 63 55 63 72 31 30 78 20 14 56 30 0 57 62 13 49 57 26 31 48 63 32 63 24 75 19 69 75 44 80 77 53 72 23 38 69 31 64 78 72 98 53 68 11 66 57 40 44 6 75 89 59 44 32 55 23 82 22 83 29 25 66 89 41 50 60 7 46 76 47 79 46 80 55 51 57 22 76 82 41 32 18 65 80 76 11 49 93 68 24 88 62 34 102 82 70 65 48 66 88 49 33 19 101 28 64 43 10 59 51 80 4 24 69 77 78 45 30 49 53 30 43 41 46 20 43 53 51 24 45 12 59 70 58 12 59 40 55 19 76 20 91 22 9 15 40 54 23 55 35 73 90 63 
84 85 85 85 85 27 52 43 32 68 19 33 6 38 19 22 27 28 41 37 65 22 28 57 0 72 57 43 59 49 53 36 64 28 71 34 18 39 31 42 17 25 34 19 30 34 35 11 64 53 24 36 43 4 21 52 40 39 54 65 56 42 35 42 45 43 20 35 27 40 25 41 55 16 33 56 27 8 50 15 24 52 24 19 23 59 54 8 35 40 26 16 55 62 14 35 19 65 57 36 22 62 39 6 23 47 40 13 25 22 44 35 13 29 45 47 31 15 19 68 16 19 40 59 34 74 39 34 28 51 11 36 39 27 22 12 50 26 26 33 45 40 47 63 50 53 69 72 63 24 64 34 37 34 59 49 42 65 34 45 35 62 15 35 30 
82 18 18 18 18 97 45 58 63 13 79 73 72 34 90 66 67 56 53 57 53 88 67 62 72 0 49 28 12 37 31 35 10 71 1 54 84 53 101 47 74 79 106 84 102 57 84 80 33 24 95 106 87 69 61 51 106 35 24 18 56 111 80 32 27 84 86 66 97 72 89 40 37 65 86 22 88 80 62 57 95 20 95 78 92 12 17 79 57 110 82 59 30 46 66 107 80 58 16 93 61 39 71 78 64 91 59 83 95 49 36 78 76 74 73 90 69 87 54 65 85 52 57 60 67 7 110 106 43 33 61 96 41 45 51 70 43 81 90 93 79 31 66 8 33 20 70 4 22 49 46 105 63 90 40 66 56 23 38 77 38 28 83 82 48 
36 67 67 67 67 71 5 16 72 36 73 35 61 46 66 68 34 28 70 21 8 61 34 13 57 49 0 38 45 15 19 39 50 37 50 23 75 17 74 66 47 78 82 57 77 23 47 68 17 53 79 78 94 52 63 5 73 47 27 31 7 81 85 49 33 42 60 28 83 30 82 20 12 63 86 28 56 62 16 43 78 35 80 50 81 42 39 59 23 82 80 40 19 6 62 85 74 11 36 91 63 10 82 62 35 98 74 70 69 43 57 84 51 39 29 97 33 66 40 17 62 46 73 10 29 56 83 83 38 17 47 61 22 37 37 47 9 49 59 59 35 35 21 46 60 46 22 45 26 49 8 81 25 88 8 19 16 26 46 33 46 21 72 86 56 
75 42 42 42 42 69 33 39 40 26 51 49 44 9 62 40 42 31 34 36 46 61 42 49 43 28 38 0 16 23 21 6 21 46 28 31 56 32 73 29 47 53 77 56 73 34 59 52 32 16 67 78 64 41 35 37 78 10 16 25 44 83 56 11 5 61 58 43 69 50 62 19 28 38 60 16 61 52 46 28 67 9 67 51 64 15 11 50 35 82 55 31 22 39 39 79 52 49 14 67 35 35 49 50 38 68 39 54 67 20 18 54 48 49 53 67 45 58 26 55 57 24 37 48 44 31 81 77 15 21 33 70 19 17 23 42 29 55 62 66 57 4 47 20 21 11 60 28 25 21 40 77 41 64 33 48 37 27 12 56 11 27 55 57 23 
80 26 26 26 26 85 40 50 51 17 66 63 60 21 78 53 57 46 41 49 51 77 57 57 59 12 45 16 0 31 26 23 5 61 12 45 71 45 89 36 63 66 93 72 89 48 74 67 32 13 83 94 74 57 49 46 94 22 18 19 52 99 67 19 16 75 75 57 84 64 76 31 33 52 73 16 77 68 56 44 83 10 83 67 79 2 6 67 48 98 69 47 25 43 53 95 67 55 8 80 48 38 59 66 54 79 48 70 83 36 24 65 64 64 66 77 60 75 42 62 73 39 45 56 58 15 98 93 31 27 49 85 32 33 40 58 37 71 78 82 71 19 59 4 22 7 67 14 22 36 44 93 54 77 37 59 49 23 25 69 25 27 70 69 35 
51 55 55 55 55 68 9 20 59 26 63 37 52 31 62 56 33 23 56 21 23 58 33 26 49 37 15 23 31 0 6 24 37 36 38 19 66 16 71 51 43 67 78 54 74 22 49 60 15 38 73 76 81 45 51 15 73 32 13 21 21 80 73 34 18 47 57 30 76 35 73 7 6 51 75 15 56 55 25 33 72 20 73 47 72 28 24 53 21 80 69 32 8 16 51 81 64 26 23 81 51 13 69 55 32 86 60 62 66 31 42 71 47 39 36 85 34 61 30 32 57 34 58 25 31 44 80 79 25 4 38 62 10 25 27 41 6 48 58 59 41 20 28 33 45 31 37 34 17 36 18 78 26 78 11 28 19 18 31 40 32 14 64 74 42 
55 49 49 49 49 74 14 27 59 20 66 43 56 30 67 58 39 29 55 27 25 64 39 31 53 31 19 21 26 6 0 24 31 42 32 25 69 22 77 50 49 69 83 59 79 28 55 63 11 34 77 81 83 49 52 20 79 31 8 15 25 86 74 32 15 53 62 36 80 41 76 12 7 54 77 9 62 60 31 37 76 16 78 53 76 23 20 58 28 86 71 36 2 18 53 86 67 29 17 83 52 13 69 59 37 87 60 66 71 33 40 73 52 45 42 86 40 66 34 36 62 37 58 29 37 38 86 84 27 2 42 68 14 27 30 46 11 54 64 65 48 19 34 27 42 28 41 28 11 37 19 83 33 80 12 34 25 12 31 46 31 9 67 76 42 
75 49 49 49 49 62 33 36 35 33 45 44 37 7 55 34 37 26 31 33 47 54 37 48 36 35 39 6 23 24 24 0 28 40 35 27 49 30 66 27 41 47 70 49 66 31 54 45 35 20 60 71 59 34 29 37 72 8 20 31 43 76 50 11 10 56 52 39 62 46 55 18 30 32 55 22 55 45 44 21 60 16 60 45 57 22 18 44 31 75 49 25 26 41 32 72 46 50 20 61 29 37 45 43 33 63 36 47 60 13 18 49 41 44 49 62 40 51 19 56 50 17 34 48 39 38 75 70 8 23 26 64 17 10 17 35 30 49 56 60 54 5 44 27 23 17 60 35 31 14 42 70 37 58 35 46 35 32 7 52 7 31 48 52 18 
86 21 21 21 21 90 46 56 53 20 69 69 64 25 83 56 63 52 42 55 56 82 63 63 64 10 50 21 5 37 31 28 0 66 9 51 75 50 94 37 68 69 98 77 94 54 80 71 36 13 87 99 76 62 52 51 100 25 23 23 57 104 69 22 22 81 80 63 88 69 79 37 38 56 76 22 83 72 62 49 87 16 87 72 82 8 12 71 54 103 72 53 31 49 57 100 70 60 14 83 51 42 60 70 59 80 49 74 88 41 26 67 69 70 72 79 66 79 47 67 78 44 46 61 64 10 103 98 36 33 54 91 37 38 45 63 43 76 84 88 77 25 65 4 22 11 73 13 26 40 49 98 60 79 43 65 55 27 29 75 29 31 74 71 38 
57 88 88 88 88 34 34 20 56 62 47 5 34 47 30 48 3 14 62 16 44 23 3 32 28 71 37 46 61 36 42 40 66 0 71 17 45 20 37 60 11 53 45 20 40 14 13 38 50 61 45 41 71 24 45 31 37 48 47 58 34 44 63 51 44 17 23 8 50 12 53 31 41 42 61 50 19 29 25 24 43 51 47 13 49 59 54 26 15 45 54 18 45 43 40 48 47 42 55 63 45 45 65 31 7 75 63 40 32 32 56 63 17 3 17 75 4 31 24 43 26 32 62 35 8 76 45 46 33 40 24 25 30 30 24 15 34 11 22 23 17 41 20 64 62 57 43 69 54 38 45 44 12 62 43 23 21 55 43 16 44 51 42 63 47 
83 17 17 17 17 97 46 58 62 15 78 73 72 33 90 65 68 56 51 58 54 88 67 63 71 1 50 28 12 38 32 35 9 71 0 54 83 53 101 46 74 78 105 84 101 58 85 79 34 22 95 106 85 69 61 52 106 34 24 19 57 111 79 31 27 84 86 67 96 73 88 40 38 64 85 22 88 80 63 56 95 20 95 78 91 12 17 79 58 110 81 59 31 47 65 107 79 59 16 92 60 41 69 78 64 89 58 82 95 48 35 76 76 74 74 88 70 87 54 66 85 52 55 61 67 6 110 106 43 34 61 96 41 45 51 70 44 81 90 93 79 31 67 8 32 19 71 6 24 48 47 105 64 89 41 66 57 24 38 77 37 29 82 80 47 
52 71 71 71 71 49 18 10 53 45 51 18 39 35 44 48 14 5 55 5 31 39 13 24 34 54 23 31 45 19 25 27 51 17 54 0 52 5 52 52 24 56 60 35 55 3 30 45 33 47 56 57 73 29 43 18 54 36 30 41 23 61 64 39 28 29 38 12 60 18 59 14 24 42 65 32 36 38 18 22 55 34 57 28 57 43 38 36 3 61 58 17 27 28 41 62 52 31 38 69 43 29 63 39 13 77 58 47 47 24 45 63 28 20 21 77 15 43 19 34 39 26 56 26 12 59 61 61 22 23 24 43 13 20 17 24 17 28 38 40 26 27 17 48 51 42 37 52 37 31 31 59 9 66 27 19 9 38 33 24 33 33 49 65 40 
102 95 95 95 95 30 70 61 29 82 7 50 13 49 24 20 45 46 42 55 83 31 45 75 18 84 75 56 71 66 69 49 75 45 83 52 0 57 33 45 33 12 30 30 30 52 50 6 80 62 14 37 30 22 23 70 45 49 69 80 75 43 23 52 59 58 29 53 14 57 7 58 72 18 18 70 39 17 68 32 16 66 13 34 7 71 67 20 53 40 11 34 71 80 17 30 5 83 70 18 24 79 32 14 41 33 38 5 29 36 51 24 29 46 63 33 49 19 35 86 24 33 39 78 52 85 38 30 43 67 27 46 56 42 38 29 68 40 36 44 62 54 65 75 57 64 88 84 79 35 82 31 55 17 76 67 61 80 45 61 45 78 3 22 36 
47 70 70 70 70 54 13 6 58 42 56 21 44 37 49 52 17 11 59 4 26 43 17 19 39 53 17 32 45 16 22 30 50 20 53 5 57 0 57 56 29 61 65 40 60 6 32 51 29 48 62 61 78 35 48 12 58 38 29 38 17 65 69 41 28 30 42 13 65 19 65 13 20 47 70 31 40 44 14 27 60 34 62 33 63 42 38 41 5 65 63 22 24 23 46 67 57 26 37 74 48 25 68 45 17 82 62 53 52 29 48 68 33 23 21 82 18 48 24 29 44 31 60 21 14 59 66 65 25 20 30 46 13 24 21 29 13 32 43 44 26 28 14 47 53 43 32 50 34 35 25 64 10 72 22 16 5 35 35 24 36 30 55 70 43 
90 115 115 115 115 3 71 57 60 95 39 39 33 69 11 50 39 48 71 53 81 13 40 69 31 101 74 73 89 71 77 66 94 37 101 52 33 57 0 73 28 45 9 17 4 51 31 30 86 84 21 5 62 32 51 69 12 69 80 92 71 11 56 73 73 41 14 46 25 46 37 65 77 45 50 82 18 22 62 44 18 80 22 24 30 88 83 22 51 9 45 41 79 80 44 12 38 79 85 48 51 82 65 26 39 65 69 28 5 52 75 57 25 35 51 65 41 15 46 79 15 50 70 72 45 104 9 10 57 75 39 19 63 55 49 31 70 25 15 19 47 69 56 93 82 83 78 100 88 55 82 7 49 48 79 59 58 90 65 47 65 86 30 55 61 
102 53 53 53 53 69 60 62 17 53 38 65 39 20 62 24 58 49 5 58 75 65 58 75 42 47 66 29 36 51 50 27 37 60 46 52 45 56 73 0 55 36 74 61 71 55 72 44 61 23 59 78 39 43 22 64 82 19 45 53 71 84 33 18 35 77 62 62 59 69 47 46 57 27 40 45 69 50 70 35 60 37 59 59 52 38 36 51 55 82 38 42 52 68 29 75 39 77 40 48 21 64 23 47 52 43 12 47 67 28 11 31 54 63 73 42 62 57 36 83 58 28 9 75 62 45 81 74 30 50 38 78 45 32 36 49 57 65 68 74 76 31 70 39 14 28 87 50 54 22 70 74 61 45 62 71 61 56 20 75 19 56 46 35 13 
69 90 90 90 90 25 43 31 48 67 36 16 23 46 19 39 13 20 56 26 54 14 13 44 17 74 47 47 63 43 49 41 68 11 74 24 33 29 28 55 0 42 35 10 30 23 18 27 58 61 33 32 61 14 37 42 31 46 52 64 45 37 52 50 47 25 13 20 38 24 41 37 49 33 50 55 14 17 37 20 32 54 35 4 37 62 57 14 24 36 43 15 51 53 31 37 36 53 58 52 37 54 56 19 11 65 56 28 22 29 54 53 5 12 29 65 16 19 21 54 15 28 55 47 20 78 37 36 32 47 17 23 35 30 23 6 42 9 15 19 28 43 32 67 60 58 55 73 61 34 55 34 23 50 52 35 31 62 42 28 42 58 30 53 42 
108 88 88 88 88 42 72 66 19 80 6 58 18 45 36 12 52 50 32 60 87 43 52 80 25 79 78 53 66 67 69 47 69 53 78 56 12 61 45 36 42 0 43 41 42 57 59 16 81 56 26 50 18 29 17 74 57 44 67 79 79 55 10 47 57 68 40 59 24 65 11 59 73 15 8 69 50 27 74 34 28 63 25 43 18 67 63 29 58 52 2 39 71 82 15 42 7 87 67 14 18 81 20 23 48 22 27 17 41 36 44 12 38 54 70 22 56 31 37 91 35 32 29 82 59 79 51 42 42 68 31 58 57 42 40 37 70 50 48 55 70 52 71 71 49 59 93 81 78 32 84 44 61 11 78 73 65 79 41 70 41 78 14 11 31 
99 119 119 119 119 10 78 65 60 101 38 48 35 73 16 50 47 55 72 61 89 21 47 77 34 106 82 77 93 78 83 70 98 45 105 60 30 65 9 74 35 43 0 24 5 58 40 29 93 88 16 9 58 36 52 76 20 73 86 98 79 13 53 77 78 50 22 54 20 55 33 71 84 46 46 88 27 25 70 49 14 86 18 32 25 93 88 26 59 10 42 47 86 88 45 3 36 88 90 43 52 90 63 28 47 60 68 27 12 56 77 55 31 44 60 60 49 18 51 88 20 54 70 81 53 108 8 1 62 81 44 28 69 60 54 37 78 34 24 28 56 74 65 97 84 87 87 105 95 58 90 1 57 43 87 68 66 96 68 56 69 92 29 52 63 
77 99 99 99 99 14 53 40 51 78 34 24 24 54 10 41 22 30 60 36 64 4 23 53 19 84 57 56 72 54 59 49 77 20 84 35 30 40 17 61 10 41 24 0 19 33 20 24 69 69 26 22 59 18 40 52 22 54 63 74 54 27 52 58 56 29 2 29 30 31 37 47 59 35 48 65 9 13 46 28 24 63 27 7 31 71 66 11 34 26 41 24 62 63 33 27 34 63 68 48 41 65 58 17 22 63 59 24 12 37 61 52 8 20 36 63 24 12 30 63 6 35 59 56 29 87 26 25 41 57 24 17 45 39 32 14 53 11 7 14 34 52 41 76 67 67 64 83 71 40 65 23 32 47 62 44 41 72 50 34 50 68 27 52 48 
94 115 115 115 115 5 73 60 58 96 37 43 32 69 11 48 42 50 70 56 84 16 42 72 30 102 77 73 89 74 79 66 94 40 101 55 30 60 4 71 30 42 5 19 0 53 35 27 88 84 17 7 58 32 49 72 17 69 82 93 74 13 52 73 74 45 17 49 21 50 33 67 79 44 46 84 22 22 65 45 14 81 18 27 26 89 84 22 54 10 41 43 81 83 42 8 35 82 86 44 50 85 62 24 42 61 67 25 7 53 74 54 26 39 54 61 44 15 47 82 16 50 68 76 48 104 9 6 58 77 40 24 65 56 50 32 73 29 19 23 51 70 60 93 81 83 82 101 90 55 85 3 52 44 82 63 61 91 65 51 65 88 27 52 60 
51 75 75 75 75 48 20 8 56 48 52 15 39 38 43 49 11 6 58 3 31 37 11 23 34 57 23 34 48 22 28 31 54 14 58 3 52 6 51 55 23 57 58 33 53 0 27 46 35 51 56 55 74 30 45 18 52 39 33 43 22 59 65 42 32 26 36 9 60 15 60 17 26 43 66 35 34 38 16 23 55 38 57 26 58 46 41 36 0 59 59 18 30 29 42 61 52 31 41 70 45 31 65 39 11 79 60 47 46 27 49 65 27 17 18 78 12 42 21 33 38 29 59 25 9 63 60 59 25 25 25 40 16 23 19 23 19 26 36 38 22 30 14 51 54 46 36 55 39 34 31 57 6 67 28 17 8 40 36 21 36 36 50 66 42 
59 101 101 101 101 30 45 30 66 75 53 11 41 60 29 57 17 28 73 28 52 20 17 38 35 84 47 59 74 49 55 54 80 13 85 30 50 32 31 72 18 59 40 20 35 27 0 43 62 75 46 34 78 32 55 41 27 61 61 71 42 36 70 65 58 9 21 19 50 16 57 44 53 51 67 63 13 32 32 36 43 64 47 16 51 73 68 30 27 37 60 30 57 53 49 43 53 49 68 68 55 56 74 36 21 82 74 44 28 44 69 70 21 10 19 82 15 32 37 48 26 44 73 42 18 89 38 42 46 53 35 14 43 44 37 24 46 9 16 13 15 55 26 78 76 71 47 82 67 50 55 39 22 67 54 29 31 68 57 16 57 63 46 70 59 
95 92 92 92 92 26 63 54 30 78 10 43 7 46 20 20 38 39 42 49 77 26 39 69 11 80 68 52 67 60 63 45 71 38 79 45 6 51 30 44 27 16 29 24 27 46 43 0 75 60 15 35 35 15 22 63 41 45 64 75 68 40 27 49 54 52 24 46 17 51 14 52 66 16 23 65 33 11 62 26 16 61 15 27 12 67 63 13 46 38 17 28 66 73 15 30 9 77 65 25 22 73 35 7 35 38 39 2 25 31 48 28 22 39 56 38 42 14 29 79 19 28 40 71 45 81 37 29 37 62 21 41 50 37 33 23 61 34 31 38 55 49 58 71 55 60 81 80 73 31 76 30 48 23 70 61 54 75 41 55 42 72 4 27 34 
49 50 50 50 50 83 17 32 71 19 78 50 67 41 77 69 47 38 66 34 20 73 47 31 64 33 17 32 32 15 11 35 36 50 34 33 80 29 86 61 58 81 93 69 88 35 62 75 0 43 88 91 94 60 64 21 87 42 16 14 25 95 86 42 26 58 71 43 91 47 87 22 9 65 89 16 70 70 33 48 87 24 89 62 87 29 27 68 35 95 83 47 9 13 65 96 78 25 24 95 64 7 81 70 46 99 71 77 81 45 50 84 62 53 46 98 47 76 45 32 72 48 69 28 43 40 95 94 38 13 53 76 24 39 42 56 16 62 72 73 52 30 38 32 51 36 37 29 10 49 13 92 39 92 8 37 30 9 42 50 43 5 79 87 54 
89 32 32 32 32 81 48 55 39 30 57 64 53 15 73 43 58 47 29 52 60 73 58 64 53 24 53 16 13 38 34 20 13 61 22 47 62 48 84 23 61 56 88 69 84 51 75 60 43 0 75 90 63 52 39 53 91 14 27 32 59 95 56 11 20 77 71 59 76 66 67 35 41 44 62 27 75 62 62 40 76 18 75 65 70 15 15 62 51 94 59 45 35 53 45 89 58 64 19 70 39 47 47 60 53 67 35 62 78 32 12 54 61 65 69 65 61 69 39 70 69 34 33 63 60 22 93 88 28 35 45 84 35 30 37 55 44 69 76 81 74 20 63 16 9 6 75 26 34 29 54 88 57 66 47 64 53 35 19 72 18 38 62 58 26 
103 107 107 107 107 19 75 64 44 93 22 49 23 61 16 35 46 51 56 59 88 25 47 78 24 95 79 67 83 73 77 60 87 45 95 56 14 62 21 59 33 26 16 26 17 56 46 15 88 75 0 24 41 28 37 74 34 61 78 90 78 29 36 65 70 55 24 54 4 57 16 65 79 32 29 80 33 18 71 40 2 76 1 32 9 83 78 20 57 26 25 40 80 85 31 16 20 87 81 26 38 86 46 17 44 43 53 13 19 46 64 38 29 45 62 44 49 14 43 88 19 43 54 81 53 97 25 15 52 75 35 38 63 51 46 32 74 37 30 37 60 65 66 87 71 76 89 96 88 46 87 18 57 27 83 69 64 89 57 60 57 86 13 35 50 
92 120 120 120 120 9 75 61 65 100 44 42 39 74 16 55 43 52 76 57 84 17 44 72 36 106 78 78 94 76 81 71 99 41 106 57 37 61 5 78 32 50 9 22 7 55 34 35 91 90 24 0 66 37 56 72 10 75 85 96 74 5 60 79 78 43 19 49 28 49 41 69 81 50 54 87 21 27 65 49 22 85 26 28 33 93 88 28 55 4 49 46 84 84 49 12 43 83 90 51 56 86 69 31 44 68 74 33 11 58 80 62 30 39 53 69 44 21 52 82 20 55 75 76 49 109 4 11 62 79 45 20 68 61 54 36 75 29 18 21 49 74 60 98 87 88 81 105 93 60 86 7 53 52 84 62 62 94 70 50 71 90 35 60 66 
125 92 92 92 92 59 88 83 23 90 25 76 37 55 54 25 70 68 34 78 102 61 71 98 43 87 94 64 74 81 83 59 76 71 85 73 30 78 62 39 61 18 58 59 58 74 78 35 94 63 41 66 0 47 30 90 75 54 79 90 96 71 9 55 69 87 59 78 38 83 25 74 88 31 12 81 68 46 91 51 44 73 40 62 32 76 73 48 75 68 18 56 85 97 32 57 25 104 77 16 30 95 16 42 66 4 27 35 58 50 50 10 57 73 89 3 75 49 54 108 54 47 30 99 77 85 66 57 56 82 49 76 72 56 56 56 85 69 66 74 89 64 89 78 54 67 110 89 89 45 99 59 79 14 93 91 82 91 52 88 52 91 32 8 40 
80 83 83 83 83 28 48 38 34 65 23 29 10 37 21 25 23 23 42 33 61 22 23 53 4 69 52 41 57 45 49 34 62 24 69 29 22 35 32 43 14 29 36 18 32 30 32 15 60 52 28 37 47 0 23 47 40 37 50 62 52 43 38 41 42 39 19 31 31 36 30 37 51 18 37 52 26 11 46 12 27 49 28 16 28 56 51 9 30 41 30 12 51 58 17 38 23 61 54 40 23 58 42 10 19 51 42 18 26 20 43 38 11 26 41 51 27 17 15 63 16 17 42 55 30 72 41 36 25 47 7 35 35 24 18 8 46 23 25 32 42 38 42 61 50 51 65 69 60 23 60 36 32 38 55 45 38 61 32 41 33 58 20 39 30 
96 71 71 71 71 47 57 53 11 62 17 50 17 27 40 5 43 38 20 48 72 44 43 68 21 61 63 35 49 51 52 29 52 45 61 43 23 48 51 22 37 17 52 40 49 45 55 22 64 39 37 56 30 23 0 59 61 26 50 61 65 62 21 29 40 62 41 49 37 56 27 43 57 5 25 51 49 29 62 21 38 45 37 40 31 49 46 29 46 60 20 27 54 67 7 52 18 73 49 31 0 64 20 25 38 35 18 24 45 20 27 20 34 48 61 34 48 35 24 77 37 17 19 69 49 62 58 51 25 51 21 58 41 26 26 31 54 46 48 55 63 34 60 53 33 41 81 63 60 15 69 52 50 28 62 62 52 62 23 61 23 61 24 23 13 
37 69 69 69 69 66 5 11 69 39 69 30 57 44 61 64 29 24 68 15 13 55 29 11 52 51 5 37 46 15 20 37 51 31 52 18 70 12 69 64 42 74 76 52 72 18 41 63 21 53 74 72 90 47 59 0 68 46 28 34 6 76 81 48 32 37 54 23 78 25 78 18 14 59 82 29 51 56 11 39 73 35 75 44 76 43 39 54 17 77 75 35 21 11 58 79 70 14 37 87 59 15 79 58 30 94 72 65 64 39 55 80 46 33 24 94 28 61 36 18 57 42 70 10 24 58 77 77 35 18 42 56 19 34 33 42 8 43 54 53 30 34 16 47 59 46 23 48 29 46 13 75 19 84 12 15 10 29 44 28 44 24 68 82 53 
84 121 121 121 121 15 71 56 71 98 51 37 44 76 21 61 40 50 81 53 79 18 40 66 40 106 73 78 94 73 79 72 100 37 106 54 45 58 12 82 31 57 20 22 17 52 27 41 87 91 34 10 75 40 61 68 0 77 84 95 69 9 68 81 78 35 20 45 38 43 50 68 78 56 62 86 17 32 59 51 31 85 35 27 42 93 88 31 52 12 57 47 82 80 54 22 50 77 89 60 61 83 76 36 42 77 80 40 16 59 83 69 30 34 47 77 40 26 52 75 24 57 80 70 44 110 14 21 63 77 46 12 66 61 54 36 71 25 16 14 42 74 54 98 90 89 74 104 91 63 82 18 48 60 80 56 57 92 72 43 73 88 42 68 70 
83 46 46 46 46 66 41 45 30 36 43 51 38 1 58 31 45 34 23 41 56 59 44 57 39 35 47 10 22 32 31 8 25 48 34 36 49 38 69 19 46 44 73 54 69 39 61 45 42 14 61 75 54 37 26 46 77 0 26 36 52 80 46 3 16 64 56 47 62 54 54 27 38 30 51 27 61 47 53 26 61 19 61 50 57 23 19 47 39 79 46 31 33 49 31 74 45 58 23 58 26 45 39 45 40 58 29 48 63 17 9 44 46 51 58 57 48 54 24 64 54 19 26 56 48 35 78 73 15 31 30 69 26 17 23 40 38 55 61 66 62 12 53 26 14 14 69 36 36 14 50 73 46 55 43 54 43 37 4 60 4 38 48 48 13 
63 41 41 41 41 77 22 34 56 14 65 49 56 25 70 55 44 33 50 33 33 67 44 40 54 24 27 16 18 13 8 20 23 47 24 30 69 29 80 45 52 67 86 63 82 33 61 64 16 27 78 85 79 50 50 28 84 26 0 11 34 90 71 26 10 60 65 42 81 48 75 16 15 52 75 2 66 61 39 38 78 8 79 56 76 15 12 60 33 89 70 39 8 26 52 88 66 37 9 82 50 20 65 60 41 84 55 66 74 32 34 70 55 51 49 83 46 68 35 44 65 36 53 38 43 30 89 86 26 9 43 73 17 27 32 49 19 59 68 70 55 15 42 19 35 20 49 21 10 35 27 85 39 78 20 42 32 11 27 53 27 11 67 73 39 
63 36 36 36 36 88 28 42 66 4 76 59 68 34 82 66 55 44 58 43 35 78 54 44 65 18 31 25 19 21 15 31 23 58 19 41 80 38 92 53 64 79 98 74 93 43 71 75 14 32 90 96 90 62 61 34 95 36 11 0 38 101 82 35 21 69 77 52 92 57 87 27 19 63 86 9 77 73 45 50 90 16 90 68 88 17 17 71 43 101 81 50 13 27 64 100 77 39 13 93 61 21 75 72 52 94 64 78 86 44 42 80 66 61 57 93 56 79 46 46 77 47 62 42 53 26 101 98 37 17 54 84 28 38 43 61 26 69 79 81 63 26 49 18 41 25 52 14 4 46 27 97 48 90 22 49 40 4 37 61 37 9 79 83 49 
31 74 74 74 74 69 11 14 75 43 74 31 62 51 64 70 32 28 74 19 10 58 31 6 56 56 7 44 52 21 25 43 57 34 57 23 75 17 71 71 45 79 79 54 74 22 42 68 25 59 78 74 96 52 65 6 69 52 34 38 0 78 87 54 39 36 57 25 82 25 82 24 19 64 88 35 53 60 9 44 77 41 79 47 80 49 45 58 21 78 81 40 26 12 64 82 75 8 43 92 65 18 85 62 34 100 78 70 66 45 62 86 49 35 23 99 30 64 41 12 60 48 76 4 25 63 79 80 41 24 47 57 26 40 39 46 14 45 56 55 29 40 15 53 65 53 16 53 34 52 14 78 21 89 16 13 14 34 50 27 51 28 72 88 60 
94 126 126 126 126 14 79 65 71 105 50 46 44 80 22 61 47 57 82 61 88 22 48 75 42 111 81 83 99 80 86 76 104 44 111 61 43 65 11 84 37 55 13 27 13 59 36 40 95 95 29 5 71 43 62 76 9 80 90 101 78 0 65 84 84 44 24 53 33 52 46 74 85 56 59 92 25 33 68 55 27 91 31 33 38 99 93 33 59 3 54 51 88 88 55 15 48 86 95 56 62 90 75 37 48 73 80 38 16 63 86 67 35 42 56 74 48 26 57 84 26 61 80 79 52 114 5 14 68 84 50 22 72 66 59 41 79 32 22 23 52 79 63 103 93 94 83 110 98 66 90 11 56 57 88 65 65 99 76 52 76 95 40 65 72 
116 87 87 87 87 53 79 74 16 82 17 68 29 47 47 16 62 59 29 69 94 54 62 89 35 80 85 56 67 73 74 50 69 63 79 64 23 69 56 33 52 10 53 52 52 65 70 27 86 56 36 60 9 38 21 81 68 46 71 82 87 65 0 48 61 78 51 69 33 74 20 65 79 22 8 73 61 38 82 42 38 66 35 54 27 69 65 40 66 62 11 47 76 89 23 52 17 95 69 15 21 86 12 34 57 13 22 28 52 41 43 2 48 64 80 12 66 42 45 99 46 38 25 90 68 79 61 52 47 73 40 69 63 48 47 47 76 61 59 66 80 56 80 71 48 60 101 82 81 36 91 54 70 12 84 82 73 83 44 79 44 82 25 1 32 
85 42 42 42 42 70 43 48 31 34 46 55 42 4 62 34 48 38 23 44 57 63 48 59 42 32 49 11 19 34 32 11 22 51 31 39 52 41 73 18 50 47 77 58 73 42 65 49 42 11 65 79 55 41 29 48 81 3 26 35 54 84 48 0 16 67 60 51 66 58 57 29 39 33 54 27 64 51 55 30 65 18 64 54 60 20 17 51 43 83 49 34 33 50 34 78 48 60 21 61 29 46 40 49 43 60 29 52 67 21 7 46 50 55 61 58 52 58 28 66 58 23 27 58 51 32 82 77 18 32 34 73 29 20 27 44 40 59 65 70 65 13 56 23 11 11 71 33 35 18 52 77 49 57 44 57 46 37 8 63 7 38 52 50 16 
69 43 43 43 43 70 27 35 45 23 55 47 47 14 63 45 41 29 40 33 40 61 40 44 45 27 33 5 16 18 15 10 22 44 27 28 59 28 73 35 47 57 78 56 74 32 58 54 26 20 70 78 69 42 40 32 78 16 10 21 39 84 61 16 0 58 59 41 72 47 65 15 22 42 65 11 61 53 41 30 69 7 70 51 67 15 10 52 32 83 59 32 16 33 42 80 56 44 11 71 39 29 55 52 37 73 45 57 67 23 24 59 48 47 50 72 43 60 27 50 58 26 43 43 41 31 82 79 17 15 34 69 15 18 24 42 24 54 62 66 54 5 43 20 26 14 55 26 20 25 35 78 38 68 28 44 33 22 16 53 17 22 58 62 28 
49 101 101 101 101 40 41 26 73 73 61 12 49 63 38 64 19 29 79 26 46 30 19 32 43 84 42 61 75 47 53 56 81 17 84 29 58 30 41 77 25 68 50 29 45 26 9 52 58 77 55 43 87 39 62 37 35 64 60 69 36 44 78 67 58 0 31 17 60 11 66 44 49 58 76 62 23 41 26 41 53 64 57 24 61 73 68 38 26 46 69 35 55 48 56 53 61 43 68 77 62 52 82 45 24 90 80 53 38 49 73 78 30 14 12 90 15 41 41 40 36 49 79 36 17 89 47 51 49 51 41 22 43 47 41 31 42 18 26 21 7 56 20 78 79 72 39 81 64 55 50 48 20 76 49 22 28 65 60 8 61 60 55 78 64 
79 101 101 101 101 11 56 43 52 80 34 26 24 56 7 42 25 33 61 39 67 2 25 55 20 86 60 58 75 57 62 52 80 23 86 38 29 42 14 62 13 40 22 2 17 36 21 24 71 71 24 19 59 19 41 54 20 56 65 77 57 24 51 60 59 31 0 32 29 34 36 50 62 36 47 67 9 13 48 30 22 66 25 9 30 74 69 11 37 23 41 27 64 66 34 24 33 66 70 47 42 68 58 17 25 62 60 23 9 39 62 52 10 22 39 62 27 10 32 66 5 37 60 59 31 90 23 23 43 60 26 17 48 41 35 16 56 13 7 14 36 55 43 78 69 69 66 85 74 42 68 21 35 46 65 46 44 75 51 36 52 71 26 51 49 
49 84 84 84 84 43 26 11 61 56 54 7 41 46 39 53 7 13 64 9 35 32 7 23 35 66 28 43 57 30 36 39 63 8 67 12 53 13 46 62 20 59 54 29 49 9 19 46 43 59 54 49 78 31 49 23 45 47 42 52 25 53 69 51 41 17 32 0 58 7 60 26 34 47 68 44 28 37 16 28 52 47 55 22 57 55 50 34 9 53 61 22 38 35 46 57 54 33 50 71 50 38 70 39 11 82 66 47 41 33 57 68 25 10 11 81 5 40 26 34 35 34 65 26 0 72 54 55 32 34 29 33 25 30 25 23 26 20 31 30 14 39 11 60 62 55 35 64 48 40 37 53 3 69 35 14 12 49 43 12 44 44 50 69 49 
107 108 108 108 108 23 79 68 43 95 21 54 24 63 21 34 51 54 56 63 91 30 51 82 27 97 83 69 84 76 80 62 88 50 96 60 14 65 25 59 38 24 20 30 21 60 50 17 91 76 4 28 38 31 37 78 38 62 81 92 82 33 33 66 72 60 29 58 0 62 13 68 82 32 26 83 38 21 75 43 7 78 3 36 6 84 80 24 60 30 23 44 82 89 31 19 19 91 83 22 38 89 44 20 48 40 52 14 23 48 65 36 33 50 67 40 54 18 46 92 24 45 53 85 58 98 28 18 55 78 38 43 66 54 49 36 77 42 34 41 65 67 70 88 71 77 93 98 90 48 91 21 61 23 86 73 68 92 58 65 59 89 14 33 50 
45 90 90 90 90 44 29 15 67 61 59 7 46 53 41 60 12 20 71 14 35 34 12 22 40 72 30 50 64 35 41 46 69 12 73 18 57 19 46 69 24 65 55 31 50 15 16 51 47 66 57 49 83 36 56 25 43 54 48 57 25 52 74 58 47 11 34 7 62 0 65 32 38 53 73 50 28 41 16 35 55 53 58 25 61 62 57 38 15 53 66 28 43 37 52 58 59 33 56 76 56 41 76 43 17 88 73 52 42 40 64 74 29 11 5 87 8 43 33 32 37 41 72 26 6 78 54 56 40 39 35 31 32 38 32 28 31 20 31 29 7 46 10 66 69 61 32 70 53 47 39 54 9 74 38 13 16 53 51 5 51 48 54 75 56 
110 99 99 99 99 34 77 69 31 89 10 57 20 54 30 23 53 54 44 63 91 38 53 83 25 89 82 62 76 73 76 55 79 53 88 59 7 65 37 47 41 11 33 37 33 60 57 14 87 67 16 41 25 30 27 78 50 54 75 87 82 46 20 57 65 66 36 60 13 65 0 65 79 23 13 77 45 24 76 39 18 72 15 41 7 77 73 27 61 43 10 42 78 87 23 32 9 91 76 11 28 86 31 21 49 27 39 13 34 43 55 22 36 54 70 27 57 25 42 94 31 39 41 85 60 89 41 32 49 74 35 52 63 49 46 37 75 48 43 50 70 60 72 80 61 69 95 90 85 40 89 34 62 10 84 75 68 87 50 69 51 85 10 19 41 
56 57 57 57 57 62 14 19 52 31 55 33 44 26 55 48 28 17 50 18 29 51 27 29 41 40 20 19 31 7 12 18 37 31 40 14 58 13 65 46 37 59 71 47 67 17 44 52 22 35 65 69 74 37 43 18 68 27 16 27 24 74 65 29 15 44 50 26 68 32 65 0 14 44 68 18 50 48 26 26 64 20 66 41 65 29 24 46 17 74 61 24 14 23 43 74 56 31 24 73 43 21 62 47 25 78 54 54 59 23 37 64 40 34 34 77 29 53 22 37 50 26 52 29 27 45 74 72 18 10 30 57 2 17 19 34 11 42 52 54 39 16 28 34 41 30 41 37 23 29 25 71 23 70 19 28 17 24 25 37 26 21 56 66 35 
48 55 55 55 55 74 8 23 65 24 70 41 59 36 68 62 38 29 61 25 18 63 37 25 55 37 12 28 33 6 7 30 38 41 38 24 72 20 77 57 49 73 84 59 79 26 53 66 9 41 79 81 88 51 57 14 78 38 15 19 19 85 79 39 22 49 62 34 82 38 79 14 0 58 82 16 61 61 26 40 78 23 80 52 79 30 27 59 26 85 75 38 7 11 57 86 70 22 24 87 57 7 75 61 37 92 66 68 72 37 46 77 52 44 38 91 38 67 36 29 63 41 64 23 34 44 86 85 31 6 44 67 16 31 33 47 7 53 63 64 44 25 30 34 49 35 34 33 15 42 12 83 30 84 5 29 21 15 37 42 37 10 70 80 48 
94 76 76 76 76 42 57 52 15 65 13 47 11 31 34 6 40 36 25 46 72 39 40 66 16 65 63 38 52 51 54 32 56 42 64 42 18 47 45 27 33 15 46 35 44 43 51 16 65 44 32 50 31 18 5 59 56 30 52 63 64 56 22 33 42 58 36 47 32 53 23 44 58 0 23 54 44 23 60 20 33 48 31 35 26 53 49 24 44 54 17 25 56 67 1 47 14 73 52 29 5 65 23 19 35 35 23 19 40 20 32 21 29 44 58 35 44 29 23 76 32 17 24 68 47 66 53 46 26 52 18 53 42 26 25 27 55 42 43 50 59 37 58 57 38 45 79 66 62 17 69 47 48 26 63 60 51 64 27 58 27 62 18 23 18 
117 93 93 93 93 47 81 75 23 87 14 66 27 52 42 20 61 59 36 69 95 49 61 89 33 86 86 60 73 75 77 55 76 61 85 65 18 70 50 40 50 8 46 48 46 66 67 23 89 62 29 54 12 37 25 82 62 51 75 86 88 59 8 54 65 76 47 68 26 73 13 68 82 23 0 77 57 34 83 43 32 70 28 51 20 74 71 37 66 56 7 47 80 91 24 45 14 96 74 7 25 89 20 31 56 15 30 23 46 44 50 10 46 63 79 15 65 37 46 99 42 41 32 91 68 85 54 45 50 76 40 64 66 50 49 45 78 58 54 62 79 60 79 77 55 65 102 87 86 40 93 47 69 4 87 82 74 87 49 78 49 86 21 6 38 
63 40 40 40 40 79 24 36 57 12 67 51 58 26 72 57 46 35 50 35 34 69 46 41 56 22 28 16 16 15 9 22 22 50 22 32 70 31 82 45 55 69 88 65 84 35 63 65 16 27 80 87 81 52 51 29 86 27 2 9 35 92 73 27 11 62 67 44 83 50 77 18 16 54 77 0 68 63 40 40 80 8 80 59 78 14 11 62 35 91 71 41 9 26 54 90 68 38 8 83 51 21 66 62 44 85 56 68 76 34 34 71 57 53 51 84 48 70 36 45 67 37 54 39 45 28 91 88 27 11 45 75 19 28 33 51 21 61 70 72 57 17 44 17 35 20 50 19 8 37 27 87 41 80 20 44 34 10 28 55 28 11 69 74 40 
72 104 104 104 104 17 54 40 60 81 43 21 33 60 16 50 22 32 69 36 63 7 23 50 27 88 56 61 77 56 62 55 83 19 88 36 39 40 18 69 14 50 27 9 22 34 13 33 70 75 33 21 68 26 49 51 17 61 66 77 53 25 61 64 61 23 9 28 38 28 45 50 61 44 57 68 0 22 43 35 30 68 34 10 39 76 71 20 34 25 50 30 64 63 42 30 43 61 72 57 49 65 67 26 24 72 68 33 15 43 68 61 15 17 32 72 23 20 36 60 14 42 68 54 27 92 26 28 46 59 31 9 48 44 38 20 54 7 3 5 29 57 38 81 74 72 60 87 73 48 65 26 31 56 62 41 40 74 56 29 57 70 36 61 55 
86 94 94 94 94 18 57 46 39 76 21 33 11 47 11 29 29 33 49 41 70 15 29 60 8 80 62 52 68 55 60 45 72 29 80 38 17 44 22 50 17 27 25 13 22 38 32 11 70 62 18 27 46 11 29 56 32 47 61 73 60 33 38 51 53 41 13 37 21 41 24 48 61 23 34 63 22 0 53 23 16 60 18 16 20 67 62 2 39 31 28 23 62 67 21 27 20 69 65 35 29 68 45 4 26 50 47 11 16 31 52 39 12 29 46 49 33 6 26 71 8 28 48 63 36 83 30 25 36 58 18 30 46 35 29 14 56 23 20 27 45 49 49 72 59 61 72 80 71 33 69 25 39 34 65 52 46 72 43 44 43 69 14 38 38 
34 81 81 81 81 60 17 8 72 50 69 22 56 51 56 66 24 23 73 13 19 49 23 7 50 62 16 46 56 25 31 44 62 25 63 18 68 14 62 70 37 74 70 46 65 16 32 62 33 62 71 65 91 46 62 11 59 53 39 45 9 68 82 55 41 26 48 16 75 16 76 26 26 60 83 40 43 53 0 40 69 46 72 39 73 54 50 50 16 69 75 35 32 22 59 73 69 17 48 86 62 26 82 55 27 96 76 63 58 43 62 82 41 26 13 95 21 56 37 17 51 45 75 10 17 69 70 71 40 29 42 47 26 38 35 39 19 36 46 45 19 42 5 58 67 56 19 59 41 50 23 69 13 84 24 3 9 41 50 17 51 36 66 83 58 
74 71 71 71 71 40 38 32 32 52 30 29 18 25 33 26 22 16 37 26 52 33 22 46 15 57 43 28 44 33 37 21 49 24 56 22 32 27 44 35 20 34 49 28 45 23 36 26 48 40 40 49 51 12 21 39 51 26 38 50 44 55 42 30 30 41 30 28 43 35 39 26 40 20 43 40 35 23 40 0 39 36 40 24 39 44 39 22 24 53 36 6 39 48 19 50 30 53 41 47 22 47 42 22 17 55 38 28 38 8 33 41 20 28 39 55 26 30 3 56 28 7 37 48 28 59 53 49 13 35 4 43 23 11 6 14 36 29 35 40 41 25 38 48 39 39 59 56 47 13 50 48 28 45 44 40 31 49 21 40 22 46 30 43 22 
101 108 108 108 108 16 74 63 45 92 23 47 23 62 14 36 45 49 58 57 86 23 45 76 24 95 78 67 83 72 76 60 87 43 95 55 16 60 18 60 32 28 14 24 14 55 43 16 87 76 2 22 44 27 38 73 31 61 78 90 77 27 38 65 69 53 22 52 7 55 18 64 78 33 32 80 30 16 69 39 0 76 4 30 11 83 78 19 55 24 27 40 79 84 31 14 22 85 81 29 39 84 48 17 43 46 54 13 16 46 65 40 27 43 60 46 48 12 43 86 17 43 55 79 52 97 22 13 52 74 35 36 62 51 46 31 72 35 27 34 58 64 64 87 71 76 87 96 87 47 86 15 55 29 82 67 63 89 57 58 58 86 14 38 51 
71 37 37 37 37 77 30 40 49 17 61 53 53 18 70 50 47 36 42 38 42 68 47 47 52 20 35 9 10 20 16 16 16 51 20 34 66 34 80 37 54 63 86 63 81 38 64 61 24 18 76 85 73 49 45 35 85 19 8 16 41 91 66 18 7 64 66 47 78 53 72 20 23 48 70 8 68 60 46 36 76 0 76 58 73 8 4 59 38 90 65 39 16 34 48 87 62 46 4 77 45 29 59 59 44 78 48 64 75 29 26 64 55 54 55 77 49 67 34 52 65 33 46 45 47 25 89 86 23 17 41 76 21 25 31 49 27 61 69 73 60 11 48 13 26 11 57 19 16 31 35 85 44 74 28 48 38 18 21 58 21 19 65 67 33 
104 107 107 107 107 20 76 65 43 93 21 51 22 61 18 34 48 51 56 60 88 27 48 79 24 95 80 67 83 73 78 60 87 47 95 57 13 62 22 59 35 25 18 27 18 57 47 15 89 75 1 26 40 28 37 75 35 61 79 90 79 31 35 64 70 57 25 55 3 58 15 66 80 31 28 80 34 18 72 40 4 76 0 33 7 83 78 21 57 28 24 41 80 86 30 17 19 88 81 25 37 86 45 18 45 42 52 12 20 46 64 37 30 47 64 42 51 15 44 89 21 43 53 82 55 97 26 17 53 76 35 40 64 52 47 33 74 39 31 38 62 65 67 87 70 76 90 96 88 46 88 19 58 25 83 70 65 90 57 61 57 87 12 34 49 
70 94 94 94 94 21 46 33 51 71 37 17 25 50 16 42 15 23 59 29 57 10 15 46 19 78 50 51 67 47 53 45 72 13 78 28 34 33 24 59 4 43 32 7 27 26 16 27 62 65 32 28 62 16 40 44 27 50 56 68 47 33 54 54 51 24 9 22 36 25 41 41 52 35 51 59 10 16 39 24 30 58 33 0 36 66 61 14 27 33 44 19 55 56 33 34 37 56 62 52 40 58 59 20 15 66 58 28 19 33 57 54 5 13 30 66 17 18 25 56 12 31 58 49 22 82 33 33 36 50 21 19 39 34 27 9 46 7 11 16 28 47 34 71 64 62 57 77 64 37 58 31 25 51 55 37 34 65 46 28 46 62 31 54 45 
106 102 102 102 102 27 76 66 36 90 14 53 20 57 23 28 49 52 49 61 89 32 50 80 23 92 81 64 79 72 76 57 82 49 91 57 7 63 30 52 37 18 25 31 26 58 51 12 87 70 9 33 32 28 31 76 42 57 76 88 80 38 27 60 67 61 30 57 6 61 7 65 79 26 20 78 39 20 73 39 11 73 7 36 0 79 75 23 58 35 16 40 78 86 25 25 13 89 78 18 31 86 38 18 46 35 45 10 27 44 58 29 32 49 66 35 53 19 42 91 25 40 46 83 57 92 34 24 50 74 34 46 62 49 45 34 74 42 37 44 65 62 69 83 65 71 92 92 86 42 88 27 59 18 83 72 66 87 53 65 53 85 8 26 44 
78 28 28 28 28 85 38 48 52 15 66 62 60 22 77 54 56 44 43 47 48 76 56 55 59 12 42 15 2 28 23 22 8 59 12 43 71 42 88 38 62 67 93 71 89 46 73 67 29 15 83 93 76 56 49 43 93 23 15 17 49 99 69 20 15 73 74 55 84 62 77 29 30 53 74 14 76 67 54 44 83 8 83 66 79 0 5 66 46 98 70 47 23 41 54 95 67 52 5 81 49 35 60 66 52 80 49 70 82 36 26 67 63 63 64 79 58 74 41 59 73 39 47 53 56 16 97 93 31 25 49 84 30 32 39 57 35 69 77 81 69 19 57 4 24 9 65 13 19 36 41 93 53 78 35 57 46 20 26 67 26 24 71 70 36 
75 33 33 33 33 80 34 44 49 17 62 57 55 18 72 51 51 39 41 42 45 71 51 51 54 17 39 11 6 24 20 18 12 54 17 38 67 38 83 36 57 63 88 66 84 41 68 63 27 15 78 88 73 51 46 39 88 19 12 17 45 93 65 17 10 68 69 50 80 57 73 24 27 49 71 11 71 62 50 39 78 4 78 61 75 5 0 61 42 92 66 41 20 38 49 90 63 49 4 77 45 32 58 61 47 77 47 65 77 31 24 63 58 58 59 76 53 69 36 56 68 35 45 50 51 21 92 88 26 21 44 79 25 27 34 52 31 64 72 76 64 14 52 9 24 8 61 17 19 32 39 88 48 74 32 52 42 20 22 62 22 22 66 67 33 
83 93 93 93 93 19 55 44 40 74 23 30 12 47 11 30 26 30 50 38 67 14 27 57 8 79 59 50 67 53 58 44 71 26 79 36 20 41 22 51 14 29 26 11 22 36 30 13 68 62 20 28 48 9 29 54 31 47 60 71 58 33 40 51 52 38 11 34 24 38 27 46 59 24 37 62 20 2 50 22 19 59 21 14 23 66 61 0 36 32 30 21 60 65 22 28 23 67 63 38 30 65 46 6 24 52 48 14 16 30 52 41 9 26 43 52 30 8 25 68 7 27 49 60 34 82 31 27 35 56 17 28 44 34 28 12 53 20 18 25 42 47 46 71 59 60 69 79 69 32 67 26 37 37 63 49 44 70 42 42 43 67 16 41 38 
50 75 75 75 75 48 19 8 56 48 53 15 40 38 43 50 12 7 58 2 31 38 11 22 35 57 23 35 48 21 28 31 54 15 58 3 53 5 51 55 24 58 59 34 54 0 27 46 35 51 57 55 75 30 46 17 52 39 33 43 21 59 66 43 32 26 37 9 60 15 61 17 26 44 66 35 34 39 16 24 55 38 57 27 58 46 42 36 0 60 59 19 30 29 43 62 53 30 41 70 46 31 66 40 12 79 61 48 46 27 49 65 28 17 18 79 12 43 21 33 39 29 59 24 9 63 60 60 25 25 26 40 16 23 19 24 19 27 37 38 22 30 14 51 54 46 35 55 39 34 31 58 6 68 28 16 7 40 36 20 37 36 50 67 43 
96 125 125 125 125 13 79 65 68 104 47 46 42 79 20 59 47 56 80 61 88 22 48 76 40 110 82 82 98 80 86 75 103 45 110 61 40 65 9 82 36 52 10 26 10 59 37 38 95 94 26 4 68 41 60 77 12 79 89 101 78 3 62 83 83 46 23 53 30 53 43 74 85 54 56 91 25 31 69 53 24 90 28 33 35 98 92 32 60 0 51 51 88 88 52 11 46 86 94 53 60 91 72 34 48 70 77 36 15 62 84 64 34 43 57 71 48 24 56 86 24 59 78 80 53 113 2 11 67 84 49 23 72 65 58 40 79 33 22 24 53 78 63 102 91 92 85 109 97 64 90 8 57 53 88 66 66 99 74 54 75 95 38 62 70 
110 90 90 90 90 42 74 68 21 82 7 59 20 47 36 15 53 52 34 62 88 43 54 82 26 82 80 55 69 69 71 49 72 54 81 58 11 63 45 38 43 2 42 41 41 59 60 17 83 59 25 49 18 30 20 75 57 46 70 81 81 54 11 49 59 69 41 61 23 66 10 61 75 17 7 71 50 28 75 36 27 65 24 44 16 70 66 30 59 51 0 40 73 84 17 41 7 89 69 11 20 83 21 24 49 21 29 17 41 38 46 12 38 56 71 21 57 31 39 92 35 34 31 84 60 81 50 41 44 70 33 58 59 44 42 38 72 51 48 55 72 54 72 73 52 61 95 83 80 34 86 43 62 8 80 75 67 81 43 71 44 80 14 10 33 
69 74 74 74 74 38 35 27 38 53 34 23 21 30 31 31 16 11 43 21 48 29 16 41 16 59 40 31 47 32 36 25 53 18 59 17 34 22 41 42 15 39 47 24 43 18 30 28 47 45 40 46 56 12 27 35 47 31 39 50 40 51 47 34 32 35 27 22 44 28 42 24 38 25 47 41 30 23 35 6 40 39 41 19 40 47 41 21 19 51 40 0 39 45 24 49 34 49 43 51 28 45 48 23 11 60 44 30 36 13 38 46 16 21 33 60 20 29 6 52 26 13 43 43 22 63 50 47 16 34 7 38 22 14 7 10 33 24 31 35 35 28 32 51 45 42 54 58 47 19 47 46 22 49 42 35 26 49 26 34 27 46 32 48 28 
55 48 48 48 48 76 15 28 61 18 68 45 58 31 70 60 41 31 56 29 25 66 41 32 55 30 19 22 25 8 2 26 31 45 31 27 71 24 79 52 51 71 86 62 81 30 57 66 9 35 80 84 85 51 54 21 82 33 8 13 26 88 76 33 16 55 64 38 82 43 78 14 7 56 80 9 64 62 32 39 79 16 80 55 78 23 20 60 30 88 73 39 0 18 56 88 69 29 17 85 54 12 71 62 40 89 62 68 74 35 41 74 54 48 44 88 42 68 36 36 65 39 59 30 39 37 88 86 29 4 44 71 16 29 33 49 13 56 66 68 49 21 36 26 43 28 41 27 9 39 19 85 35 82 12 35 27 10 33 48 33 6 70 78 44 
36 64 64 64 64 78 10 23 75 32 78 42 66 47 73 72 41 34 72 27 7 67 40 18 62 46 6 39 43 16 18 41 49 43 47 28 80 23 80 68 53 82 88 63 83 29 53 73 13 53 85 84 97 58 67 11 80 49 26 27 12 88 89 50 33 48 66 35 89 37 87 23 11 67 91 26 63 67 22 48 84 34 86 56 86 41 38 65 29 88 84 45 18 0 66 91 79 11 35 96 67 6 85 68 41 102 77 76 76 47 58 87 57 45 35 101 40 72 45 18 68 50 75 15 35 53 89 89 41 18 52 68 25 41 41 53 12 55 66 65 41 37 27 44 60 46 24 42 23 52 2 87 31 93 6 25 22 22 48 39 48 17 78 90 59 
93 77 77 77 77 40 57 51 17 65 12 45 10 31 33 8 39 35 27 45 71 37 39 65 14 66 62 39 53 51 53 32 57 40 65 41 17 46 44 29 31 15 45 33 42 42 49 15 65 45 31 49 32 17 7 58 54 31 52 64 64 55 23 34 42 56 34 46 31 52 23 43 57 1 24 54 42 21 59 19 31 48 30 33 25 54 49 22 43 52 17 24 56 66 0 45 13 72 53 29 7 65 25 18 34 36 25 18 38 20 33 22 28 42 57 36 43 28 22 76 30 16 26 67 45 67 51 44 26 52 16 51 41 26 25 25 54 40 41 48 58 37 56 57 40 46 78 67 62 17 69 45 46 26 62 59 50 64 27 57 27 62 17 24 19 
102 121 121 121 121 13 81 68 60 103 38 51 36 74 18 51 50 57 72 63 92 24 50 80 35 107 85 79 95 81 86 72 100 48 107 62 30 67 12 75 37 42 3 27 8 61 43 30 96 89 16 12 57 38 52 79 22 74 88 100 82 15 52 78 80 53 24 57 19 58 32 74 86 47 45 90 30 27 73 50 14 87 17 34 25 95 90 28 62 11 41 49 88 91 45 0 36 90 92 41 53 92 63 29 49 59 69 28 15 58 78 54 34 47 63 59 52 20 53 90 23 55 70 84 56 110 9 1 64 84 46 32 72 62 56 39 80 37 27 31 59 76 68 99 85 89 90 107 97 60 93 4 60 42 89 71 69 98 70 59 70 95 29 52 64 
103 90 90 90 90 35 69 61 23 79 1 52 13 45 29 15 46 46 36 56 83 36 47 76 19 80 74 52 67 64 67 46 70 47 79 52 5 57 38 39 36 7 36 34 35 52 53 9 78 58 20 43 25 23 18 70 50 45 66 77 75 48 17 48 56 61 33 54 19 59 9 56 70 14 14 68 43 20 69 30 22 62 19 37 13 67 63 23 53 46 7 34 69 79 13 36 0 83 66 17 19 78 26 16 42 29 32 10 34 33 46 19 31 48 64 29 50 24 34 86 28 30 33 78 54 80 44 36 40 65 27 51 54 39 37 31 66 44 41 48 64 51 66 71 52 59 88 81 76 31 81 37 55 15 75 68 61 78 41 64 41 76 8 17 32 
25 76 76 76 76 77 17 22 83 44 83 40 70 57 73 78 40 37 81 28 4 66 40 11 65 58 11 49 55 26 29 50 60 42 59 31 83 26 79 77 53 87 88 63 82 31 49 77 25 64 87 83 104 61 73 14 77 58 37 39 8 86 95 60 44 43 66 33 91 33 91 31 22 73 96 38 61 69 17 53 85 46 88 56 89 52 49 67 30 86 89 49 29 11 72 90 83 0 47 101 73 18 93 71 42 108 86 79 75 53 68 94 58 43 30 108 38 73 50 6 68 56 84 7 34 65 87 89 49 28 56 64 33 48 47 55 20 53 64 62 35 46 23 56 71 57 12 54 35 60 11 86 30 98 17 20 22 34 57 34 57 29 81 96 67 
72 33 33 33 33 81 32 43 53 13 65 57 58 22 74 54 51 40 45 42 42 72 51 49 57 16 36 14 8 23 17 20 14 55 16 38 70 37 85 40 58 67 90 68 86 41 68 65 24 19 81 90 77 54 49 37 89 23 9 13 43 95 69 21 11 68 70 50 83 56 76 24 24 52 74 8 72 65 48 41 81 4 81 62 78 5 4 63 41 94 69 43 17 35 53 92 66 47 0 81 49 29 62 63 48 81 51 68 79 34 28 67 60 58 58 80 53 71 38 53 70 37 49 47 51 21 94 90 28 19 46 80 25 29 35 54 29 65 73 77 63 16 51 10 28 12 59 15 15 35 36 90 47 78 29 51 41 16 25 61 25 18 69 71 36 
120 101 101 101 101 45 86 78 30 94 17 68 30 59 41 26 63 63 43 73 100 49 64 93 36 93 91 67 80 81 83 61 83 63 92 69 18 74 48 48 52 14 43 48 44 70 68 25 95 70 26 51 16 40 31 87 60 58 82 93 92 56 15 61 71 77 47 71 22 76 11 73 87 29 7 83 57 35 86 47 29 77 25 52 18 81 77 38 70 53 11 51 85 96 29 41 17 101 81 0 32 94 27 32 59 17 37 24 45 50 57 17 47 65 81 18 67 37 51 103 42 46 40 95 70 92 51 41 56 82 44 64 71 56 54 48 83 59 54 61 81 66 83 84 62 72 105 94 92 46 98 44 73 3 92 85 78 93 55 80 55 92 21 13 44 
96 71 71 71 71 48 57 54 11 62 17 50 17 27 40 5 44 38 20 48 72 44 44 68 22 61 63 35 48 51 52 29 51 45 60 43 24 48 51 21 37 18 52 41 50 45 55 22 64 39 38 56 30 23 0 59 61 26 50 61 65 62 21 29 39 62 42 50 38 56 28 43 57 5 25 51 49 29 62 22 39 45 37 40 31 49 45 30 46 60 20 28 54 67 7 53 19 73 49 32 0 64 20 25 38 35 18 25 46 20 27 20 35 48 61 34 48 35 24 78 37 17 18 69 50 61 59 52 25 51 21 58 41 26 26 31 54 47 48 55 63 34 60 53 33 41 81 62 60 15 69 53 50 28 62 62 53 62 23 62 23 61 24 23 13 
43 57 57 57 57 79 11 26 72 26 77 45 66 43 74 70 43 35 68 29 13 69 42 24 62 39 10 35 38 13 13 37 42 45 41 29 79 25 82 64 54 81 90 65 85 31 56 73 7 47 86 86 95 58 64 15 83 45 20 21 18 90 86 46 29 52 68 38 89 41 86 21 7 65 89 21 65 68 26 47 84 29 86 58 86 35 32 65 31 91 83 45 12 6 65 92 78 18 29 94 64 0 82 68 42 100 74 75 77 45 53 85 58 48 40 99 42 73 43 25 69 48 71 21 38 47 91 90 39 13 51 71 23 38 40 53 12 57 68 68 46 32 31 38 55 41 30 35 16 50 6 89 34 92 2 30 25 16 44 44 45 11 77 88 55 
116 76 76 76 76 61 76 74 9 75 25 70 34 40 55 17 64 58 18 68 91 61 64 88 39 71 82 49 59 69 69 45 60 65 69 63 32 68 65 23 56 20 63 58 62 65 74 35 81 47 46 69 16 42 20 79 76 39 65 75 85 75 12 40 55 82 58 70 44 76 31 62 75 23 20 66 67 45 82 42 48 59 45 59 38 60 58 46 66 72 21 48 71 85 25 63 26 93 62 27 20 82 0 41 58 20 11 36 60 39 34 9 53 68 81 18 68 50 44 97 53 36 14 89 70 69 71 62 44 68 41 75 60 44 46 50 73 66 65 72 83 50 80 63 38 51 101 73 75 33 87 64 70 24 80 82 73 77 38 82 38 77 34 13 26 
88 91 91 91 91 22 58 48 35 75 17 36 7 45 14 25 31 34 45 42 71 20 32 62 6 78 62 50 66 55 59 43 70 31 78 39 14 45 26 47 19 23 28 17 24 39 36 7 70 60 17 31 42 10 25 58 36 45 60 72 62 37 34 49 52 45 17 39 20 43 21 47 61 19 31 62 26 4 55 22 17 59 18 20 18 66 61 6 40 34 24 23 62 68 18 29 16 71 63 32 25 68 41 0 28 46 43 8 20 29 49 35 15 32 49 46 35 10 25 73 12 26 44 65 38 80 33 28 35 57 17 34 45 34 29 16 56 27 24 31 48 47 51 70 56 59 74 78 70 30 70 28 41 31 65 54 48 71 40 47 41 68 11 34 35 
60 81 81 81 81 36 31 20 49 56 42 12 29 39 31 42 5 8 54 14 43 26 5 34 23 64 35 38 54 32 37 33 59 7 64 13 41 17 39 52 11 48 47 22 42 11 21 35 46 53 44 44 66 19 38 30 42 40 41 52 34 48 57 43 37 24 25 11 48 17 49 25 37 35 56 44 24 26 27 17 43 44 45 15 46 52 47 24 12 48 49 11 40 41 34 49 42 42 48 59 38 42 58 28 0 70 55 36 34 24 48 57 16 11 22 69 9 31 16 44 26 24 54 36 11 69 48 48 25 35 17 31 24 23 16 12 30 17 26 28 24 34 23 57 54 50 46 63 49 30 43 46 13 57 40 25 20 50 35 23 36 46 39 58 39 
130 96 96 96 96 62 92 88 28 94 29 80 41 59 57 30 75 72 38 82 107 65 75 102 47 91 98 68 79 86 87 63 80 75 89 77 33 82 65 43 65 22 60 63 61 79 82 38 99 67 43 68 4 51 35 94 77 58 84 94 100 73 13 60 73 90 62 82 40 88 27 78 92 35 15 85 72 50 96 55 46 78 42 66 35 80 77 52 79 70 21 60 89 102 36 59 29 108 81 17 35 100 20 46 70 0 31 39 61 55 54 14 60 77 93 1 79 52 58 112 57 52 34 104 82 89 68 59 60 86 53 79 76 61 61 60 90 73 70 77 93 68 93 83 58 71 115 93 94 50 104 61 83 16 97 96 87 96 56 92 56 95 36 12 45 
109 64 64 64 64 65 69 68 8 64 31 68 35 30 58 18 61 54 6 63 83 63 61 82 40 59 74 39 48 60 60 36 49 63 58 58 38 62 69 12 56 27 68 59 67 60 74 39 71 35 53 74 27 42 18 72 80 29 55 64 78 80 22 29 45 80 60 66 52 73 39 54 66 23 30 56 68 47 76 38 54 48 52 58 45 49 47 48 61 77 29 44 62 77 25 69 32 86 51 37 18 74 11 43 55 31 0 41 64 33 23 20 53 66 78 30 65 53 40 91 56 31 2 82 66 57 76 68 36 60 39 77 52 38 41 49 65 65 67 73 80 41 75 51 26 40 94 62 65 26 79 69 66 34 72 77 67 67 29 79 28 67 39 24 18 
97 94 94 94 94 25 65 56 32 80 11 44 10 48 18 22 40 41 44 51 79 26 40 70 13 83 70 54 70 62 66 47 74 40 82 47 5 53 28 47 28 17 27 24 25 47 44 2 77 62 13 33 35 18 24 65 40 48 66 78 70 38 28 52 57 53 23 47 14 52 13 54 68 19 23 68 33 11 63 28 13 64 12 28 10 70 65 14 48 36 17 30 68 76 18 28 10 79 68 24 25 75 36 8 36 39 41 0 23 34 51 29 23 40 57 38 43 13 32 81 18 30 42 73 47 84 34 27 40 64 24 40 52 39 35 24 64 34 31 38 56 52 59 74 58 63 82 83 76 33 78 28 49 23 73 62 56 78 44 56 44 75 2 28 37 
87 109 109 109 109 2 66 53 55 89 35 35 28 63 5 45 34 42 66 48 76 8 35 65 25 95 69 67 83 66 71 60 88 32 95 47 29 52 5 67 22 41 12 12 7 46 28 25 81 78 19 11 58 26 45 64 16 63 74 86 66 16 52 67 67 38 9 41 23 42 34 59 72 40 46 76 15 16 58 38 16 75 20 19 27 82 77 16 46 15 41 36 74 76 38 15 34 75 79 45 46 77 60 20 34 61 64 23 0 46 69 53 19 31 47 61 36 10 41 75 9 44 64 68 41 98 14 13 51 69 33 19 57 50 43 25 65 21 12 18 44 63 52 87 76 77 75 94 83 49 78 11 45 45 74 55 53 84 59 44 59 80 26 51 55 
76 62 62 62 62 49 37 35 29 46 33 36 24 16 41 25 29 20 30 30 52 41 29 48 22 49 43 20 36 31 33 13 41 32 48 24 36 29 52 28 29 36 56 37 53 27 44 31 45 32 46 58 50 20 20 39 59 17 32 44 45 63 41 21 23 49 39 33 48 40 43 23 37 20 44 34 43 31 43 8 46 29 46 33 44 36 31 30 27 62 38 13 35 47 20 58 33 53 34 50 20 45 39 29 24 55 33 34 46 0 24 40 29 35 45 54 33 38 7 58 37 3 32 49 33 51 61 57 6 32 12 52 21 6 8 23 34 38 44 49 48 18 42 40 31 30 61 49 42 6 49 56 33 47 42 44 34 44 12 46 13 42 35 43 15 
93 44 44 44 44 71 51 55 26 41 44 60 42 11 63 31 53 43 17 51 65 65 53 66 44 36 57 18 24 42 40 18 26 56 35 45 51 48 75 11 54 44 77 61 74 49 69 48 50 12 64 80 50 43 27 55 83 9 34 42 62 86 43 7 24 73 62 57 65 64 55 37 46 32 50 34 68 52 62 33 65 26 64 57 58 26 24 52 49 84 46 38 41 58 33 78 46 68 28 57 27 53 34 49 48 54 23 51 69 24 0 41 53 60 67 53 57 59 32 74 60 26 20 66 57 35 83 77 24 40 36 77 36 26 32 48 47 63 68 73 71 21 63 28 6 17 78 38 43 20 59 77 55 53 52 64 53 44 13 69 12 45 51 45 14 
116 84 84 84 84 54 78 73 14 80 18 68 29 45 48 15 61 58 26 68 92 55 62 88 35 78 84 54 65 71 73 49 67 63 76 63 24 68 57 31 53 12 55 52 54 65 70 28 84 54 38 62 10 38 20 80 69 44 70 80 86 67 2 46 59 78 52 68 36 74 22 64 77 21 10 71 61 39 82 41 40 64 37 54 29 67 63 41 65 64 12 46 74 87 22 54 19 94 67 17 20 85 9 35 57 14 20 29 53 40 41 0 49 65 80 13 66 43 44 98 47 37 22 89 68 76 63 54 46 71 39 70 62 46 46 47 75 61 59 67 80 54 79 69 45 57 101 80 80 35 89 56 69 14 83 82 73 81 42 79 42 81 27 4 31 
74 91 91 91 91 21 47 35 45 70 31 21 19 46 15 36 17 23 54 30 59 12 18 49 13 76 51 48 64 47 52 41 69 17 76 28 29 33 25 54 5 38 31 8 26 27 21 22 62 61 29 30 57 11 34 46 30 46 55 66 49 35 48 50 48 30 10 25 33 29 36 40 52 29 46 57 15 12 41 20 27 55 30 5 32 63 58 9 28 34 38 16 54 57 28 34 31 58 60 47 35 58 53 15 16 60 53 23 19 29 53 49 0 17 34 60 21 15 22 59 10 27 53 52 24 79 34 32 33 50 16 24 38 31 24 6 46 12 14 20 33 44 37 68 60 59 60 75 63 33 59 30 28 46 55 40 35 65 42 32 42 61 26 49 40 
57 91 91 91 91 33 36 22 59 65 48 4 36 50 30 51 6 18 65 18 45 22 7 33 29 74 39 49 64 39 45 44 70 3 74 20 46 23 35 63 12 54 44 20 39 17 10 39 53 65 45 39 73 26 48 33 34 51 51 61 35 42 64 55 47 14 22 10 50 11 54 34 44 44 63 53 17 29 26 28 43 54 47 13 49 63 58 26 17 43 56 21 48 45 42 47 48 43 58 65 48 48 68 32 11 77 66 40 31 35 60 65 17 0 16 77 5 31 27 43 26 35 65 37 9 79 43 45 36 43 26 22 33 34 27 17 37 9 20 20 16 45 21 67 66 61 44 72 57 41 47 42 14 63 45 24 23 58 47 15 48 54 43 65 50 
40 91 91 91 91 49 29 15 72 62 64 13 51 57 46 65 18 24 76 16 33 38 17 19 45 73 29 53 66 36 42 49 72 17 74 21 63 21 51 73 29 70 60 36 54 18 19 56 46 69 62 53 89 41 61 24 47 58 49 57 23 56 80 61 50 12 39 11 67 5 70 34 38 58 79 51 32 46 13 39 60 55 64 30 66 64 59 43 18 57 71 33 44 35 57 63 64 30 58 81 61 40 81 49 22 93 78 57 47 45 67 80 34 16 0 92 13 48 38 28 43 46 77 23 11 79 58 61 43 40 40 34 34 42 37 33 31 25 35 33 5 49 8 68 73 64 27 71 53 51 37 58 12 79 37 10 17 53 54 4 55 48 60 80 60 
129 94 94 94 94 62 92 87 27 93 28 80 41 58 57 29 74 71 36 81 106 65 74 101 47 90 97 67 77 85 86 62 79 75 88 77 33 82 65 42 65 22 60 63 61 78 82 38 98 65 44 69 3 51 34 94 77 57 83 93 99 74 12 58 72 90 62 81 40 87 27 77 91 35 15 84 72 49 95 55 46 77 42 66 35 79 76 52 79 71 21 60 88 101 36 59 29 108 80 18 34 99 18 46 69 1 30 38 61 54 53 13 60 77 92 0 78 52 57 111 57 51 32 103 81 87 69 59 59 85 52 79 76 60 60 59 89 73 70 77 93 67 92 81 56 70 114 92 93 49 103 62 82 17 96 95 86 94 55 92 55 94 36 11 44 
53 86 86 86 86 38 31 16 59 60 50 3 37 47 34 51 4 14 63 13 40 27 4 28 31 69 33 45 60 34 40 40 66 4 70 15 49 18 41 62 16 56 49 24 44 12 15 42 47 61 49 44 75 27 48 28 40 48 46 56 30 48 66 52 43 15 27 5 54 8 57 29 38 44 65 48 23 33 21 26 48 49 51 17 53 58 53 30 12 48 57 20 42 40 43 52 50 38 53 67 48 42 68 35 9 79 65 43 36 33 57 66 21 5 13 78 0 35 25 39 30 33 64 31 4 75 49 50 33 38 26 28 28 31 25 19 31 15 26 26 15 41 16 63 63 57 39 67 52 39 42 48 8 65 39 19 17 53 44 13 45 48 46 67 48 
88 101 101 101 101 12 62 50 44 82 25 35 18 54 5 34 32 38 55 45 74 12 33 64 15 87 66 58 75 61 66 51 79 31 87 43 19 48 15 57 19 31 18 12 15 42 32 14 76 69 14 21 49 17 35 61 26 54 68 79 64 26 42 58 60 41 10 40 18 43 25 53 67 29 37 70 20 6 56 30 12 67 15 18 19 74 69 8 43 24 31 29 68 72 28 20 24 73 71 37 35 73 50 10 31 52 53 13 10 38 59 43 15 31 48 52 35 0 33 74 5 35 54 67 39 89 23 18 43 64 25 27 51 42 36 19 61 23 17 24 46 55 52 79 66 68 75 87 77 40 74 18 43 36 70 55 51 78 50 46 50 75 16 42 45 
71 69 69 69 69 43 34 29 34 49 33 28 22 24 36 28 21 14 38 24 49 34 21 43 19 54 40 26 42 30 34 19 47 24 54 19 35 24 46 36 21 37 51 30 47 21 37 29 45 39 43 52 54 15 24 36 52 24 35 46 41 57 45 28 27 41 32 26 46 33 42 22 36 23 46 36 36 26 37 3 43 34 44 25 42 41 36 25 21 56 39 6 36 45 22 53 34 50 38 51 24 43 44 25 16 58 40 32 41 7 32 44 22 27 38 57 25 33 0 53 31 8 38 45 26 57 55 52 10 32 8 45 20 9 3 16 32 30 36 41 40 22 36 46 39 36 56 53 44 13 47 51 26 48 41 38 28 45 20 39 21 43 33 46 22 
19 83 83 83 83 77 22 24 87 51 86 39 73 63 73 82 41 40 87 30 11 66 41 10 68 65 17 55 62 32 36 56 67 43 66 34 86 29 79 83 54 91 88 63 82 33 48 79 32 70 88 82 108 63 77 18 75 64 44 46 12 84 99 66 50 40 66 34 92 32 94 37 29 76 99 45 60 71 17 56 86 52 89 56 91 59 56 68 33 86 92 52 36 18 76 90 86 6 53 103 78 25 97 73 44 112 91 81 75 58 74 98 59 43 28 111 39 74 53 0 69 60 89 8 34 72 87 89 54 35 59 63 38 52 51 56 26 53 63 61 33 52 22 63 77 64 5 61 42 64 18 86 31 101 24 19 25 41 62 32 63 36 83 100 72 
83 100 100 100 100 11 58 46 47 80 29 30 20 54 4 37 28 34 57 41 69 7 28 59 16 85 62 57 73 57 62 50 78 26 85 39 24 44 15 58 15 35 20 6 16 38 26 19 72 69 19 20 54 16 37 57 24 54 65 77 60 26 46 58 58 36 5 35 24 37 31 50 63 32 42 67 14 8 51 28 17 65 21 12 25 73 68 7 39 24 35 26 65 68 30 23 28 68 70 42 37 69 53 12 26 57 56 18 9 37 60 47 10 26 43 57 30 5 31 69 0 34 56 62 34 88 24 21 42 60 24 22 48 40 34 16 57 17 12 19 41 54 47 77 66 67 70 85 74 40 70 20 38 41 66 49 46 75 49 40 50 72 21 46 46 
79 65 65 65 65 46 40 37 27 49 29 36 20 19 39 22 29 22 29 32 55 39 29 51 19 52 46 24 39 34 37 17 44 32 52 26 33 31 50 28 28 32 54 35 50 29 44 28 48 34 43 55 47 17 17 42 57 19 36 47 48 61 38 23 26 49 37 34 45 41 39 26 41 17 41 37 42 28 45 7 43 33 43 31 40 39 35 27 29 59 34 13 39 50 16 55 30 56 37 46 17 48 36 26 24 52 31 30 44 3 26 37 27 35 46 51 33 35 8 60 34 0 30 52 34 54 59 54 9 35 10 51 24 9 9 21 38 37 42 47 48 21 44 43 32 33 64 52 46 6 52 53 34 43 46 46 36 47 15 47 15 45 31 40 14 
108 62 62 62 62 66 67 67 10 62 32 67 36 28 59 19 60 53 4 62 81 63 60 80 40 57 73 37 45 58 58 34 46 62 55 56 39 60 70 9 55 29 70 59 68 59 73 40 69 33 54 75 30 42 19 70 80 26 53 62 76 80 25 27 43 79 60 65 53 72 41 52 64 24 32 54 68 48 75 37 55 46 53 58 46 47 45 49 59 78 31 43 59 75 26 70 33 84 49 40 18 71 14 44 54 34 2 42 64 32 20 22 53 65 77 32 64 54 38 89 56 30 0 80 65 54 77 69 35 57 38 77 51 36 40 49 63 65 67 74 79 38 74 49 24 37 93 59 63 25 77 70 65 36 70 76 65 64 27 78 26 65 41 26 16 
27 78 78 78 78 70 15 16 79 47 77 33 65 55 66 74 34 32 78 22 10 59 33 4 59 60 10 48 56 25 29 48 61 35 61 26 78 21 72 75 47 82 81 56 76 25 42 71 28 63 81 76 99 55 69 10 70 56 38 42 4 79 90 58 43 36 59 26 85 26 85 29 23 68 91 39 54 63 10 48 79 45 82 49 83 53 50 60 24 80 84 43 30 15 67 84 78 7 47 95 69 21 89 65 36 104 82 73 68 49 66 89 52 37 23 103 31 67 45 8 62 52 80 0 27 67 80 82 45 28 51 57 30 44 42 48 18 46 57 55 28 44 16 57 69 57 12 56 37 56 15 79 23 93 19 13 17 37 54 27 55 32 75 91 64 
49 84 84 84 84 43 27 12 60 57 53 6 40 46 38 53 7 13 64 9 35 32 6 24 34 67 29 44 58 31 37 39 64 8 67 12 52 14 45 62 20 59 53 29 48 9 18 45 43 60 53 49 77 30 49 24 44 48 43 53 25 52 68 51 41 17 31 0 58 6 60 27 34 47 68 45 27 36 17 28 52 47 55 22 57 56 51 34 9 53 60 22 39 35 45 56 54 34 51 70 50 38 70 38 11 82 66 47 41 33 57 68 24 9 11 81 4 39 26 34 34 34 65 27 0 72 53 54 33 35 28 32 26 31 25 22 27 19 30 30 14 39 12 61 62 55 35 65 49 40 37 52 4 69 35 15 13 49 44 12 44 45 49 69 49 
90 11 11 11 11 100 52 64 62 21 79 78 74 35 93 66 72 61 50 63 61 92 72 69 74 7 56 31 15 44 38 38 10 76 6 59 85 59 104 45 78 79 108 87 104 63 89 81 40 22 97 109 85 72 62 58 110 35 30 26 63 114 79 32 31 89 90 72 98 78 89 45 44 66 85 28 92 83 69 59 97 25 97 82 92 16 21 82 63 113 81 63 37 53 67 110 80 65 21 92 61 47 69 80 69 89 57 84 98 51 35 76 79 79 79 87 75 89 57 72 88 54 54 67 72 0 113 108 46 40 64 101 46 48 55 73 49 86 94 97 85 35 72 11 30 21 78 12 30 50 53 108 69 89 48 72 62 31 40 83 39 35 84 80 48 
97 124 124 124 124 12 80 66 67 104 45 47 41 78 20 57 48 57 79 62 89 22 48 77 39 110 83 81 98 80 86 75 103 45 110 61 38 66 9 81 37 51 8 26 9 60 38 37 95 93 25 4 66 41 58 77 14 78 89 101 79 5 61 82 82 47 23 54 28 54 41 74 86 53 54 91 26 30 70 53 22 89 26 33 34 97 92 31 60 2 50 50 88 89 51 9 44 87 94 51 59 91 71 33 48 68 76 34 14 61 83 63 34 43 58 69 49 23 55 87 24 59 77 80 53 113 0 9 66 84 48 25 72 64 58 40 79 34 23 25 54 78 64 102 90 92 86 109 98 64 91 6 58 52 88 67 66 99 74 55 74 95 36 60 69 
101 119 119 119 119 11 79 66 59 101 37 49 35 73 16 50 48 55 71 62 90 22 48 78 34 106 83 77 93 79 84 70 98 46 106 61 30 65 10 74 36 42 1 25 6 59 42 29 94 88 15 11 57 36 51 77 21 73 86 98 80 14 52 77 79 51 23 55 18 56 32 72 85 46 45 88 28 25 71 49 13 86 17 33 24 93 88 27 60 11 41 47 86 89 44 1 36 89 90 41 52 90 62 28 48 59 68 27 13 57 77 54 32 45 61 59 50 18 52 89 21 54 69 82 54 108 9 0 62 82 44 30 70 61 55 37 78 35 25 30 57 74 66 98 84 87 88 106 95 58 91 3 58 42 88 69 67 97 68 58 69 93 28 51 63 
73 58 58 58 58 54 32 32 34 40 39 36 30 14 46 30 30 19 33 27 47 45 29 45 28 43 38 15 31 25 27 8 36 33 43 22 43 25 57 30 32 42 62 41 58 25 46 37 38 28 52 62 56 25 25 35 63 15 26 37 41 68 47 18 17 49 43 32 55 40 49 18 31 26 50 27 46 36 40 13 52 23 53 36 50 31 26 35 25 67 44 16 29 41 26 64 40 49 28 56 25 39 44 35 25 60 36 40 51 6 24 46 33 36 43 59 33 43 10 54 42 9 35 45 33 46 66 62 0 25 18 55 16 2 8 27 29 40 47 52 47 12 39 35 29 26 57 43 36 10 43 62 31 53 37 41 30 37 11 45 11 35 41 49 18 
54 51 51 51 51 71 13 24 59 22 64 41 54 29 65 56 37 27 55 25 25 61 36 30 51 33 17 21 27 4 2 23 33 40 34 23 67 20 75 50 47 68 81 57 77 25 53 62 13 35 75 79 82 47 51 18 77 31 9 17 24 84 73 32 15 51 60 34 78 39 74 10 6 52 76 11 59 58 29 35 74 17 76 50 74 25 21 56 25 84 70 34 4 18 52 84 65 28 19 82 51 13 68 57 35 86 60 64 69 32 40 71 50 43 40 85 38 64 32 35 60 35 57 28 35 40 84 82 25 0 40 66 12 25 29 44 10 52 61 63 45 19 32 29 42 28 40 30 14 36 19 81 30 79 12 32 23 15 30 44 31 11 66 74 42 
76 75 75 75 75 36 42 34 32 57 26 29 14 29 28 24 22 19 38 29 56 28 22 49 11 61 47 33 49 38 42 26 54 24 61 24 27 30 39 38 17 31 44 24 40 25 35 21 53 45 35 45 49 7 21 42 46 30 43 54 47 50 40 34 34 41 26 29 38 35 35 30 44 18 40 45 31 18 42 4 35 41 35 21 34 49 44 17 26 49 33 7 44 52 16 46 27 56 46 44 21 51 41 17 17 53 39 24 33 12 36 39 16 26 40 52 26 25 8 59 24 10 38 51 28 64 48 44 18 40 0 40 28 16 11 11 40 27 31 37 41 30 39 53 43 43 61 61 52 16 54 43 29 42 48 42 34 54 25 40 26 51 25 41 24 
72 112 112 112 112 20 59 44 69 88 51 25 41 69 22 59 29 40 78 41 67 14 29 53 36 96 61 70 85 62 68 64 91 25 96 43 46 46 19 78 23 58 28 17 24 40 14 41 76 84 38 20 76 35 58 56 12 69 73 84 57 22 69 73 69 22 17 33 43 31 52 57 67 53 64 75 9 30 47 43 36 76 40 19 46 84 79 28 40 23 58 38 71 68 51 32 51 64 80 64 58 71 75 34 31 79 77 40 19 52 77 70 24 22 34 79 28 27 45 63 22 51 77 57 32 101 25 30 55 66 40 0 55 53 46 29 60 14 10 3 29 66 41 89 83 81 61 95 80 57 70 27 36 63 68 44 45 81 65 30 66 77 43 69 65 
57 58 58 58 58 60 16 19 50 32 53 32 42 25 53 46 26 15 48 17 30 50 26 30 39 41 22 19 32 10 14 17 37 30 41 13 56 13 63 45 35 57 69 45 65 16 43 50 24 35 63 68 72 35 41 19 66 26 17 28 26 72 63 29 15 43 48 25 66 32 63 2 16 42 66 19 48 46 26 23 62 21 64 39 62 30 25 44 16 72 59 22 16 25 41 72 54 33 25 71 41 23 60 45 24 76 52 52 57 21 36 62 38 33 34 76 28 51 20 38 48 24 51 30 26 46 72 70 16 12 28 55 0 15 17 32 13 41 50 52 39 15 28 34 40 30 42 39 25 27 27 69 22 68 21 28 17 26 24 37 25 23 54 64 34 
71 60 60 60 60 52 31 30 34 41 39 34 29 16 45 31 27 17 34 26 46 43 27 43 27 45 37 17 33 25 27 10 38 30 45 20 42 24 55 32 30 42 60 39 56 23 44 37 39 30 51 61 56 24 26 34 61 17 27 38 40 66 48 20 18 47 41 30 54 38 49 17 31 26 50 28 44 35 38 11 51 25 52 34 49 32 27 34 23 65 44 14 29 41 26 62 39 48 29 56 26 38 44 34 23 61 38 39 50 6 26 46 31 34 42 60 31 42 9 52 40 9 36 44 31 48 64 61 2 25 16 53 15 0 6 25 28 38 45 50 45 13 38 37 31 28 56 44 36 11 43 60 29 53 36 39 29 38 13 43 13 36 40 49 19 
69 66 66 66 66 45 31 27 36 46 36 28 25 22 38 31 21 12 39 22 46 37 21 41 22 51 37 23 40 27 30 17 45 24 51 17 38 21 49 36 23 40 54 32 50 19 37 33 42 37 46 54 56 18 26 33 54 23 32 43 39 59 47 27 24 41 35 25 49 32 46 19 33 25 49 33 38 29 35 6 46 31 47 27 45 39 34 28 19 58 42 7 33 41 25 56 37 47 35 54 26 40 46 29 16 61 41 35 43 8 32 46 24 27 37 60 25 36 3 51 34 9 40 42 25 55 58 55 8 29 11 46 17 6 0 18 29 31 38 43 39 20 34 43 38 34 54 51 41 14 44 54 24 51 38 36 26 42 19 38 20 40 37 49 23 
72 85 85 85 85 27 43 32 42 64 31 20 18 40 20 33 15 18 49 26 55 18 15 46 12 70 47 42 58 41 46 35 63 15 70 24 29 29 31 49 6 37 37 14 32 23 24 23 56 55 32 36 56 8 31 42 36 40 49 61 46 41 47 44 42 31 16 23 36 28 37 34 47 27 45 51 20 14 39 14 31 49 33 9 34 57 52 12 24 40 38 10 49 53 25 39 31 55 54 48 31 53 50 16 12 60 49 24 25 23 48 47 6 17 33 59 19 19 16 56 16 21 49 48 22 73 40 37 27 44 11 29 32 25 18 0 41 16 20 25 33 38 35 62 54 53 58 69 58 27 55 36 25 46 51 37 32 59 36 32 36 55 27 47 35 
45 61 61 61 61 67 3 16 63 31 66 34 54 37 62 60 31 23 61 18 17 57 31 20 50 43 9 29 37 6 11 30 43 34 44 17 68 13 70 57 42 70 78 53 73 19 46 61 16 44 74 75 85 46 54 8 71 38 19 26 14 79 76 40 24 42 56 26 77 31 75 11 7 55 78 21 54 56 19 36 72 27 74 46 74 35 31 53 19 79 72 33 13 12 54 80 66 20 29 83 54 12 73 56 30 90 65 64 65 34 47 75 46 37 31 89 31 61 32 26 57 38 63 18 27 49 79 78 29 10 40 60 13 28 29 41 0 46 56 57 37 26 23 39 51 38 31 40 22 40 14 77 23 81 9 22 14 22 37 35 37 17 65 78 47 
66 97 97 97 97 23 46 32 58 73 44 13 32 54 21 49 14 25 65 28 55 13 15 43 26 81 49 55 71 48 54 49 76 11 81 28 40 32 25 65 9 50 34 11 29 26 9 34 62 69 37 29 69 23 46 43 25 55 59 69 45 32 61 59 54 18 13 20 42 20 48 42 53 42 58 61 7 23 36 29 35 61 39 7 42 69 64 20 27 33 51 24 56 55 40 37 44 53 65 59 47 57 66 27 17 73 65 34 21 38 63 61 12 9 25 73 15 23 30 53 17 37 65 46 19 86 34 35 40 52 27 14 41 38 31 16 46 0 10 11 23 51 31 74 69 66 53 80 66 43 57 33 24 58 55 33 33 67 51 23 51 62 37 61 51 
75 105 105 105 105 13 56 42 59 83 41 24 31 60 13 49 25 34 68 38 66 4 25 53 26 90 59 62 78 58 64 56 84 22 90 38 36 43 15 68 15 48 24 7 19 36 16 31 72 76 30 18 66 25 48 54 16 61 68 79 56 22 59 65 62 26 7 31 34 31 43 52 63 43 54 70 3 20 46 35 27 69 31 11 37 77 72 18 37 22 48 31 66 66 41 27 41 64 73 54 48 68 65 24 26 70 67 31 12 44 68 59 14 20 35 70 26 17 36 63 12 42 67 57 30 94 23 25 47 61 31 10 50 45 38 20 56 10 0 7 32 58 41 82 75 73 63 88 75 48 68 22 34 53 65 44 43 76 56 32 57 72 33 59 55 
71 109 109 109 109 19 57 42 65 85 49 23 38 65 20 56 26 37 74 39 65 12 26 51 33 93 59 66 82 59 65 60 88 23 93 40 44 44 19 74 19 55 28 14 23 38 13 38 73 81 37 21 74 32 55 53 14 66 70 81 55 23 66 70 66 21 14 30 41 29 50 54 64 50 62 72 5 27 45 40 34 73 38 16 44 81 76 25 38 24 55 35 68 65 48 31 48 62 77 61 55 68 72 31 28 77 73 38 18 49 73 67 20 20 33 77 26 24 41 61 19 47 74 55 30 97 25 30 52 63 37 3 52 50 43 25 57 11 7 0 28 62 39 86 80 78 60 91 77 53 67 26 34 61 65 42 43 78 62 29 62 74 41 66 61 
43 97 97 97 97 46 35 21 74 68 64 12 52 61 44 66 19 27 78 21 38 36 19 24 45 79 35 57 71 41 48 54 77 17 79 26 62 26 47 76 28 70 56 34 51 22 15 55 52 74 60 49 89 42 63 30 42 62 55 63 29 52 80 65 54 7 36 14 65 7 70 39 44 59 79 57 29 45 19 41 58 60 62 28 65 69 64 42 22 53 72 35 49 41 58 59 64 35 63 81 63 46 83 48 24 93 80 56 44 48 71 80 33 16 5 93 15 46 40 33 41 48 79 28 14 85 54 57 47 45 41 29 39 45 39 33 37 23 32 28 0 53 14 73 77 69 31 76 59 54 43 55 16 79 43 15 22 59 58 1 59 54 59 81 63 
71 46 46 46 46 66 29 35 40 28 50 44 42 10 58 40 38 27 36 32 43 57 38 45 40 31 35 4 19 20 19 5 25 41 31 27 54 28 69 31 43 52 74 52 70 30 55 49 30 20 65 74 64 38 34 34 74 12 15 26 40 79 56 13 5 56 55 39 67 46 60 16 25 37 60 17 57 49 42 25 64 11 65 47 62 19 14 47 30 78 54 28 21 37 37 76 51 46 16 66 34 32 50 47 34 68 41 52 63 18 21 54 44 45 49 67 41 55 22 52 54 21 38 44 39 35 78 74 12 19 30 66 15 13 20 38 26 51 58 62 53 0 43 23 25 15 57 31 25 20 38 74 37 63 31 44 33 27 12 51 12 26 53 57 23 
37 84 84 84 84 54 21 8 70 54 65 17 52 52 51 64 19 21 73 12 25 43 19 12 47 66 21 47 59 28 34 44 65 20 67 17 65 14 56 70 32 71 65 41 60 14 26 58 38 63 66 60 89 42 60 16 54 53 42 49 15 63 80 56 43 20 43 11 70 10 72 28 30 58 79 44 38 49 5 38 64 48 67 34 69 57 52 46 14 63 72 32 36 27 56 68 66 23 51 83 60 31 80 51 23 93 75 59 52 42 63 79 37 21 8 92 16 52 36 22 47 44 74 16 12 72 64 66 39 32 39 41 28 38 34 35 23 31 41 39 14 43 0 61 68 58 23 63 45 48 29 64 10 81 29 2 10 45 50 12 51 40 62 81 57 
81 23 23 23 23 89 42 53 55 15 70 66 64 25 82 58 61 49 45 52 51 81 60 59 63 8 46 20 4 33 27 27 4 64 8 48 75 47 93 39 67 71 97 76 93 51 78 71 32 16 87 98 78 61 53 47 98 26 19 18 53 103 71 23 20 78 78 60 88 66 80 34 34 57 77 17 81 72 58 48 87 13 87 71 83 4 9 71 51 102 73 51 26 44 57 99 71 56 10 84 53 38 63 70 57 83 51 74 87 40 28 69 68 67 68 81 63 79 46 63 77 43 49 57 61 11 102 98 35 29 53 89 34 37 43 62 39 74 82 86 73 23 61 0 25 11 68 10 21 40 44 97 57 81 38 61 51 22 30 71 29 26 74 73 39 
96 38 38 38 38 78 54 59 31 40 50 66 49 15 70 37 59 49 20 56 67 72 59 70 50 33 60 21 22 45 42 23 22 62 32 51 57 53 82 14 60 49 84 67 81 54 76 55 51 9 71 87 54 50 33 59 90 14 35 41 65 93 48 11 26 79 69 62 71 69 61 41 49 38 55 35 74 59 67 39 71 26 70 64 65 24 24 59 54 91 52 45 43 60 40 85 52 71 28 62 33 55 38 56 54 58 26 58 76 31 6 45 60 66 73 56 63 66 39 77 66 32 24 69 62 30 90 84 29 42 43 83 40 31 38 54 51 69 75 80 77 25 68 25 0 15 82 36 43 26 62 84 60 59 54 69 58 44 18 75 18 46 57 50 20 
83 32 32 32 32 79 41 49 43 24 58 60 53 14 72 46 54 43 34 47 53 71 54 58 53 20 46 11 7 31 28 17 11 57 19 42 64 43 83 28 58 59 87 67 83 46 71 60 36 6 76 88 67 51 41 46 89 14 20 25 53 94 60 11 14 72 69 55 77 61 69 30 35 45 65 20 72 61 56 39 76 11 76 62 71 9 8 60 46 92 61 42 28 46 46 89 59 57 12 72 41 41 51 59 50 71 40 63 77 30 17 57 59 61 64 70 57 68 36 64 67 33 37 57 55 21 92 87 26 28 43 81 30 28 34 53 38 66 73 78 69 15 58 11 15 0 69 22 27 29 47 87 52 69 40 58 48 29 18 67 18 31 63 61 27 
15 88 88 88 88 77 27 27 91 57 88 39 75 67 74 85 42 42 91 32 17 66 42 12 69 70 22 60 67 37 41 60 73 43 71 37 88 32 78 87 55 93 87 64 82 36 47 81 37 75 89 81 110 65 81 23 74 69 49 52 16 83 101 71 55 39 66 35 93 32 95 41 34 79 102 50 60 72 19 59 87 57 90 57 92 65 61 69 35 85 95 54 41 24 78 90 88 12 59 105 81 30 101 74 46 115 94 82 75 61 78 101 60 44 27 114 39 75 56 5 70 64 93 12 35 78 86 88 57 40 61 61 42 56 54 58 31 53 63 60 31 57 23 68 82 69 0 66 47 68 24 86 32 103 30 20 28 47 67 31 67 42 85 102 76 
78 21 21 21 21 97 42 55 65 9 79 71 73 35 89 68 66 54 55 55 49 87 65 59 72 4 45 28 14 34 28 35 13 69 6 52 84 50 100 50 73 81 105 83 101 55 82 80 29 26 96 105 89 69 63 48 104 36 21 14 53 110 82 33 26 81 85 64 98 70 90 37 33 66 87 19 87 80 59 56 96 19 96 77 92 13 17 79 55 109 83 58 27 42 67 107 81 54 15 94 62 35 73 78 63 93 62 83 94 49 38 80 75 72 71 92 67 87 53 61 85 52 59 56 65 12 109 106 43 30 61 95 39 44 51 69 40 80 88 91 76 31 63 10 36 22 66 0 19 49 42 105 61 91 37 63 53 19 39 74 39 24 84 83 49 
59 40 40 40 40 85 24 38 66 9 75 55 66 34 79 65 51 41 59 39 30 75 51 40 63 22 26 25 22 17 11 31 26 54 24 37 79 34 88 54 61 78 95 71 90 39 67 73 10 34 88 93 89 60 60 29 91 36 10 4 34 98 81 35 20 64 74 48 90 53 85 23 15 62 86 8 73 71 41 47 87 16 88 64 86 19 19 69 39 97 80 47 9 23 62 97 76 35 15 92 60 16 75 70 49 94 65 76 83 42 43 80 63 57 53 93 52 77 44 42 74 46 63 37 49 30 98 95 36 14 52 80 25 36 41 58 22 66 75 77 59 25 45 21 43 27 47 19 0 45 23 94 44 89 17 44 36 1 37 57 37 5 77 83 49 
83 61 61 61 61 51 43 41 23 48 30 42 23 14 44 20 35 27 24 36 58 45 35 55 24 49 49 21 36 36 37 14 40 38 48 31 35 35 55 22 34 32 58 40 55 34 50 31 49 29 46 60 45 23 15 46 63 14 35 46 52 66 36 18 25 55 42 40 48 47 40 29 42 17 40 37 48 33 50 13 47 31 46 37 42 36 32 32 34 64 34 19 39 52 17 60 31 60 35 46 15 50 33 30 30 50 26 33 49 6 20 35 33 41 51 49 39 40 13 64 40 6 25 56 40 50 64 58 10 36 16 57 27 11 14 27 40 43 48 53 54 20 48 40 26 29 68 49 45 0 54 58 39 43 47 50 40 47 10 53 10 46 34 38 8 
36 64 64 64 64 80 12 25 77 32 80 44 69 49 75 74 43 36 74 29 7 69 42 19 64 46 8 40 44 18 19 42 49 45 47 31 82 25 82 70 55 84 90 65 85 31 55 76 13 54 87 86 99 60 69 13 82 50 27 27 14 90 91 52 35 50 68 37 91 39 89 25 12 69 93 27 65 69 23 50 86 35 88 58 88 41 39 67 31 90 86 47 19 2 69 93 81 11 36 98 69 6 87 70 43 104 79 78 78 49 59 89 59 47 37 103 42 74 47 18 70 52 77 15 37 53 91 91 43 19 54 70 27 43 44 55 14 57 68 67 43 38 29 44 62 47 24 42 23 54 0 89 33 95 7 27 24 22 50 41 50 18 80 92 61 
98 119 119 119 119 9 77 64 60 100 39 46 35 73 15 51 46 54 72 60 88 20 46 76 34 105 81 77 93 78 83 70 98 44 105 59 31 64 7 74 34 44 1 23 3 57 39 30 92 88 18 7 59 36 52 75 18 73 85 97 78 11 54 77 78 48 21 53 21 54 34 71 83 47 47 87 26 25 69 48 15 85 19 31 27 93 88 26 58 8 43 46 85 87 45 4 37 86 90 44 53 89 64 28 46 61 69 28 11 56 77 56 30 42 58 62 48 18 51 86 20 53 70 79 52 108 6 3 62 81 43 27 69 60 54 36 77 33 22 26 55 74 64 97 84 87 86 105 94 58 89 0 56 45 86 66 65 95 68 55 69 92 29 53 63 
47 81 81 81 81 47 22 8 61 53 55 11 42 44 42 54 10 12 64 5 31 36 10 20 37 63 25 41 54 26 33 37 60 12 64 9 55 10 49 61 23 61 57 32 52 6 22 48 39 57 57 53 79 32 50 19 48 46 39 48 21 56 70 49 38 20 35 3 61 9 62 23 30 48 69 41 31 39 13 28 55 44 58 25 59 53 48 37 6 57 62 22 35 31 46 60 55 30 47 73 50 34 70 41 13 83 66 49 45 33 55 69 28 14 12 82 8 43 26 31 38 34 65 23 4 69 58 58 31 30 29 36 22 29 24 25 23 24 34 34 16 37 10 57 60 52 32 61 44 39 33 56 0 70 31 12 9 45 42 14 43 40 52 70 48 
118 98 98 98 98 45 83 76 27 91 15 67 28 56 41 23 61 61 40 71 97 49 62 91 34 90 88 64 77 78 80 58 79 62 89 66 17 72 48 45 50 11 43 47 44 67 67 23 92 66 27 52 14 38 28 84 60 55 78 90 89 57 12 57 68 76 46 69 23 74 10 70 84 26 4 80 56 34 84 45 29 74 25 51 18 78 74 37 68 53 8 49 82 93 26 42 15 98 78 3 28 92 24 31 57 16 34 23 45 47 53 14 46 63 79 17 65 36 48 101 41 43 36 93 69 89 52 42 53 79 42 63 68 53 51 46 81 58 53 61 79 63 81 81 59 69 103 91 89 43 95 45 70 0 89 83 76 90 52 78 52 89 20 10 41 
43 58 58 58 58 77 8 23 70 27 74 42 63 42 71 67 40 32 67 26 13 66 39 22 59 40 8 33 37 11 12 35 43 43 41 27 76 22 79 62 52 78 87 62 82 28 54 70 8 47 83 84 93 55 62 12 80 43 20 22 16 88 84 44 28 49 65 35 86 38 84 19 5 63 87 20 62 65 24 44 82 28 83 55 83 35 32 63 28 88 80 42 12 6 62 89 75 17 29 92 62 2 80 65 40 97 72 73 74 42 52 83 55 45 37 96 39 70 41 24 66 46 70 19 35 48 88 88 37 12 48 68 21 36 38 51 9 55 65 65 43 31 29 38 54 40 30 37 17 47 7 86 31 89 0 28 22 17 43 41 43 12 74 85 54 
34 84 84 84 84 57 20 9 73 54 68 20 55 53 54 66 22 23 74 14 23 46 22 9 49 66 19 48 59 28 34 46 65 23 66 19 67 16 59 71 35 73 68 44 63 17 29 61 37 64 69 62 91 45 62 15 56 54 42 49 13 65 82 57 44 22 46 14 73 13 75 28 29 60 82 44 41 52 3 40 67 48 70 37 72 57 52 49 16 66 75 35 35 25 59 71 68 20 51 85 62 30 82 54 25 96 77 62 55 44 64 82 40 24 10 95 19 55 38 19 49 46 76 13 15 72 67 69 41 32 42 44 28 39 36 37 22 33 44 42 15 44 2 61 69 58 20 63 44 50 27 66 12 83 28 0 11 45 52 14 52 39 64 83 59 
43 74 74 74 74 55 13 1 63 45 60 20 48 42 51 57 18 14 64 5 23 44 18 15 42 56 16 37 49 19 25 35 55 21 57 9 61 5 58 61 31 65 66 41 61 8 31 54 30 53 64 62 82 38 52 10 57 43 32 40 14 65 73 46 33 28 44 12 68 16 68 17 21 51 74 34 40 46 9 31 63 38 65 34 66 46 42 44 7 66 67 26 27 22 50 69 61 22 41 78 53 25 73 48 20 87 67 56 53 34 53 73 35 23 17 86 17 51 28 25 46 36 65 17 13 62 66 67 30 23 34 45 17 29 26 32 14 33 43 43 22 33 10 51 58 48 28 53 36 40 24 65 9 76 22 11 0 37 41 20 41 32 58 74 48 
59 41 41 41 41 86 24 38 67 9 77 56 67 36 80 67 52 42 61 40 30 76 52 40 65 23 26 27 23 18 12 32 27 55 24 38 80 35 90 56 62 79 96 72 91 40 68 75 9 35 89 94 91 61 62 29 92 37 11 4 34 99 83 37 22 65 75 49 92 53 87 24 15 64 87 10 74 72 41 49 89 18 90 65 87 20 20 70 40 99 81 49 10 22 64 98 78 34 16 93 62 16 77 71 50 96 67 78 84 44 44 81 65 58 53 94 53 78 45 41 75 47 64 37 49 31 99 97 37 15 54 81 26 38 42 59 22 67 76 78 59 27 45 22 44 29 47 19 1 47 22 95 45 90 17 45 37 0 39 57 39 5 79 85 50 
82 50 50 50 50 61 40 42 28 38 40 47 34 4 54 28 40 30 24 38 54 54 40 54 34 38 46 12 25 31 31 7 29 43 38 33 45 35 65 20 42 41 68 50 65 36 57 41 42 19 57 70 52 32 23 44 72 4 27 37 50 76 44 8 16 60 51 43 58 51 50 25 37 27 49 28 56 43 50 21 57 21 57 46 53 26 22 42 36 74 43 26 33 48 27 70 41 57 25 55 23 44 38 40 35 56 29 44 59 12 13 42 42 47 54 55 44 50 20 62 49 15 27 54 44 40 74 68 11 30 25 65 24 13 19 36 37 51 56 62 58 12 50 30 18 18 67 39 37 10 50 68 42 52 43 52 41 39 0 56 0 38 44 45 11 
43 95 95 95 95 46 33 19 73 66 64 11 51 59 44 65 18 25 77 19 37 36 17 23 45 77 33 56 69 40 46 52 75 16 77 24 61 24 47 75 28 70 56 34 51 21 16 55 50 72 60 50 88 41 61 28 43 60 53 61 27 52 79 63 53 8 36 12 65 5 69 37 42 58 78 55 29 44 17 40 58 58 61 28 65 67 62 42 20 54 71 34 48 39 57 59 64 34 61 80 62 44 82 47 23 92 79 56 44 46 69 79 32 15 4 92 13 46 39 32 40 47 78 27 12 83 55 58 45 44 40 30 37 43 38 32 35 23 32 29 1 51 12 71 75 67 31 74 57 53 41 55 14 78 41 14 20 57 56 0 57 52 58 80 62 
82 50 50 50 50 62 40 43 28 38 40 48 34 3 54 28 41 31 24 39 55 55 41 55 35 38 46 11 25 32 31 7 29 44 37 33 45 36 65 19 42 41 69 50 65 36 57 42 43 18 57 71 52 33 23 44 73 4 27 37 51 76 44 7 17 61 52 44 59 51 51 26 37 27 49 28 57 43 51 22 58 21 57 46 53 26 22 43 37 75 44 27 33 48 27 70 41 57 25 55 23 45 38 41 36 56 28 44 59 13 12 42 42 48 55 55 45 50 21 63 50 15 26 55 44 39 74 69 11 31 26 66 25 13 20 36 37 51 57 62 59 12 51 29 18 18 67 39 37 10 50 69 43 52 43 52 41 39 0 57 0 38 45 45 11 
54 46 46 46 46 83 19 33 67 14 75 51 65 36 76 66 47 38 61 35 25 72 47 35 62 28 21 27 27 14 9 31 31 51 29 33 78 30 86 56 58 78 92 68 88 36 63 72 5 38 86 90 91 58 61 24 88 38 11 9 28 95 82 38 22 60 71 44 89 48 85 21 10 62 86 11 70 69 36 46 86 19 87 62 85 24 22 67 36 95 80 46 6 17 62 95 76 29 18 92 61 11 77 68 46 95 67 75 80 42 45 81 61 54 48 94 48 75 43 36 72 45 65 32 45 35 95 93 35 11 51 77 23 36 40 55 17 62 72 74 54 26 40 26 46 31 42 24 5 46 18 92 40 89 12 39 32 5 38 52 38 0 76 84 50 
99 94 94 94 94 27 67 58 31 81 9 47 11 49 21 21 42 43 43 53 81 28 42 73 15 83 72 55 70 64 67 48 74 42 82 49 3 55 30 46 30 14 29 27 27 50 46 4 79 62 13 35 32 20 24 68 42 48 67 79 72 40 25 52 58 55 26 50 14 54 10 56 70 18 21 69 36 14 66 30 14 65 12 31 8 71 66 16 50 38 14 32 70 78 17 29 8 81 69 21 24 77 34 11 39 36 39 2 26 35 51 27 26 43 60 36 46 16 33 83 21 31 41 75 49 84 36 28 41 66 25 43 54 40 37 27 65 37 33 41 59 53 62 74 57 63 85 84 77 34 80 29 52 20 74 64 58 79 44 58 45 76 0 25 36 
117 88 88 88 88 52 80 75 18 84 17 68 29 49 47 18 62 60 30 70 95 54 62 90 35 82 86 57 69 74 76 52 71 63 80 65 22 70 55 35 53 11 52 52 52 66 70 27 87 58 35 60 8 39 23 82 68 48 73 83 88 65 1 50 62 78 51 69 33 75 19 66 80 23 6 74 61 38 83 43 38 67 34 54 26 70 67 41 67 62 10 48 78 90 24 52 17 96 71 13 23 88 13 34 58 12 24 28 51 43 45 4 49 65 80 11 67 42 46 100 46 40 26 91 69 80 60 51 49 74 41 69 64 49 49 47 78 61 59 66 81 57 81 73 50 61 102 83 83 38 92 53 70 10 85 83 74 85 45 80 45 84 25 0 34 
91 58 58 58 58 57 50 50 17 50 30 51 28 14 50 18 44 36 15 45 65 52 44 63 30 48 56 23 35 42 42 18 38 47 47 40 36 43 61 13 42 31 63 48 60 42 59 34 54 26 50 66 40 30 13 53 70 13 39 49 60 72 32 16 28 64 49 49 50 56 41 35 48 18 38 40 55 38 58 22 51 33 49 45 44 36 33 38 43 70 33 28 44 59 19 64 32 67 36 44 13 55 26 35 39 45 18 37 55 15 14 31 40 50 60 44 48 45 22 72 46 14 16 64 49 48 69 63 18 42 24 65 34 19 23 35 47 51 55 61 63 23 57 39 20 27 76 49 49 8 61 63 48 41 54 59 48 50 11 62 11 50 36 34 0 
