160 9224.71 0 1680 14 120
8.99 37.41 70.49 61.47 8.01 51.78 83.73 23.54 68.83 37.86 62.49 87.12 68.72 51.97 24.76 59.71 81.42 4.15 54.44 67.99 47.69 9.39 31.29 24.82 62.97 86.72 24.13 52.89 50.39 97.08 53.74 91.01 75.56 62.41 8.08 71.53 20.18 53.35 74.86 38.73 28.44 24.0 69.24 38.65 65.47 4.87 37.94 71.97 14.06 25.92 31.49 14.81 82.53 71.29 54.09 29.79 27.99 2.46 34.48 53.78 72.05 18.2 75.6 84.98 40.33 58.84 79.79 69.44 18.47 72.88 31.03 41.26 75.1 47.18 19.13 31.51 91.7 73.61 37.85 85.91 71.75 97.36 29.73 75.68 59.73 53.66 23.84 7.82 63.06 36.29 59.62 67.82 94.68 3.03 90.6 42.46 97.31 25.18 41.26 93.47 68.73 25.24 19.33 34.93 48.32 6.71 40.88 26.21 4.38 4.71 36.02 47.69 25.89 50.05 86.58 81.62 64.5 24.97 81.18 42.53 58.08 34.69 52.29 72.9 70.4 82.9 46.8 93.28 79.54 20.79 31.86 9.31 2.38 7.01 69.99 41.49 45.89 9.95 1.7 20.27 18.71 93.26 76.26 6.66 61.19 95.51 13.11 84.03 7.23 5.93 53.06 27.4 25.02 69.52 86.3 73.86 59.25 19.74 92.94 71.29 
43.8 78.77 10.14 72.49 55.0 76.86 34.5 64.13 24.95 62.19 80.05 55.5 66.76 61.33 69.34 63.75 21.24 26.96 49.97 75.31 71.02 20.04 44.0 83.74 87.73 76.81 13.71 77.04 16.83 72.11 39.48 33.08 86.81 38.82 62.81 68.9 51.89 23.73 68.92 77.29 80.13 78.97 26.53 49.05 70.09 86.7 86.79 52.55 50.06 29.33 34.4 26.1 26.44 81.62 62.51 52.93 80.94 38.94 24.38 32.19 33.12 77.19 75.75 17.07 67.07 61.07 50.85 87.63 17.7 40.31 18.57 62.41 77.9 47.49 73.89 85.65 40.17 74.23 77.05 21.42 17.2 48.99 59.34 57.48 49.98 68.57 33.64 59.78 53.98 75.64 37.79 47.34 40.96 19.6 88.23 73.25 49.3 48.25 85.52 77.27 66.66 57.3 16.75 35.16 32.49 41.48 56.9 49.26 52.05 47.08 89.52 81.58 89.57 47.91 81.97 73.06 70.16 50.91 16.93 77.08 46.3 15.72 33.52 36.14 80.15 22.62 53.62 75.25 48.37 36.5 44.69 64.94 33.92 49.93 83.92 57.32 13.08 59.23 70.84 61.8 27.11 46.08 21.11 70.74 45.19 74.4 65.11 39.16 74.49 44.17 15.37 23.29 27.05 20.24 41.71 46.86 64.5 48.7 49.06 39.02 
1 4 7 6 1 5 8 3 7 4 6 8 7 5 3 6 8 1 5 7 5 1 3 3 6 8 3 5 5 9 5 9 7 6 1 7 2 5 7 4 3 3 7 4 6 1 4 7 2 3 3 2 8 7 5 3 3 1 4 5 7 2 7 8 4 6 8 7 2 7 3 4 7 5 2 3 9 7 4 8 7 9 3 7 6 5 3 1 6 4 6 7 9 1 9 4 9 3 4 9 7 3 2 4 5 1 4 3 1 1 4 5 3 5 8 8 6 3 8 4 6 4 5 7 7 8 5 9 8 2 3 1 1 1 7 4 5 1 1 2 2 9 7 1 6 9 2 8 1 1 5 3 3 7 8 7 6 2 9 7 
1 2 3 4 5 6 7 8 9 10 11 12 13 14 15 16 17 18 19 20 21 22 23 24 25 26 27 28 29 30 31 32 33 34 35 36 37 38 39 40 41 42 43 44 45 46 47 48 49 50 51 52 53 54 55 56 57 58 59 60 61 62 63 64 65 66 67 68 69 70 71 72 73 74 75 76 77 78 79 80 81 82 83 84 85 86 87 88 89 90 91 92 93 94 95 96 97 98 99 100 101 102 103 104 105 106 107 108 109 110 111 112 113 114 115 116 117 118 119 120 121 122 123 124 125 126 127 128 129 130 131 132 133 134 135 136 137 138 139 140 141 142 143 144 145 146 147 148 149 150 151 152 153 154 155 156 157 158 159 160 
1 2 1 1 1 2 3 3 1 2 1 3 1 2 3 1 3 1 2 1 2 1 3 3 1 3 3 2 2 2 2 2 1 1 1 1 3 2 1 2 3 3 1 2 1 1 2 1 3 3 3 3 3 1 2 3 3 1 2 2 1 3 1 3 2 1 3 1 3 1 3 2 1 2 3 3 2 1 2 3 1 2 3 1 1 2 3 1 1 2 1 1 2 1 2 2 2 3 2 2 1 3 3 2 2 1 2 3 1 1 2 2 3 2 3 3 1 3 3 2 1 2 2 1 1 3 2 2 3 3 3 1 1 1 1 2 2 1 1 3 3 2 1 1 1 2 3 3 1 1 2 3 3 1 3 1 1 3 2 1 
2 2 1 2 2 3 3 2 1 2 2 3 1 3 2 2 3 2 3 1 3 2 2 2 2 3 2 3 3 3 3 3 1 2 2 1 2 3 1 2 2 2 1 2 2 2 2 1 2 2 2 2 3 1 3 2 2 2 2 3 1 2 1 3 2 2 3 1 2 1 2 2 1 3 2 2 3 1 2 3 1 3 2 1 2 3 2 2 2 2 2 1 3 2 3 2 3 2 2 3 1 2 2 2 3 2 2 2 2 2 2 3 2 3 3 3 2 2 3 2 2 2 3 1 1 3 3 3 3 2 2 2 2 2 1 2 3 2 2 2 2 3 1 2 2 3 2 3 2 2 3 2 2 1 3 1 2 2 3 1 
10 7 8 2 2 7 10 2 8 3 4 5 10 10 2 6 5 6 5 3 5 3 1 5 9 3 3 5 9 2 6 1 4 5 4 4 1 3 6 3 5 6 8 4 1 2 8 1 1 3 3 1 1 10 2 6 4 5 2 9 7 2 10 2 4 1 2 4 5 3 6 3 2 8 6 1 10 4 9 10 8 8 4 5 10 6 9 9 8 6 8 9 2 8 10 3 4 3 2 4 5 7 6 3 3 1 7 3 1 9 4 4 9 7 2 6 4 3 8 1 6 4 9 1 10 8 1 6 10 9 7 6 2 10 7 9 1 2 6 6 9 2 10 3 4 10 4 6 3 6 1 3 4 1 1 8 1 9 9 9 
3579.89 3636.86 3304.3 3900.5 3916.55 3771.79 3579.23 3953.78 4069.42 3561.03 4376.17 3607.53 3575.65 3584.45 4016.0 3878.53 4208.47 3421.62 4246.16 3512.91 3527.74 3651.9 4384.25 3822.01 4422.58 3793.3 3508.81 3793.03 4461.28 3831.85 3886.35 4417.11 4552.76 4241.04 4388.21 4330.91 4687.82 3284.94 3564.2 3588.9 4128.56 3424.16 4317.97 4328.88 4239.71 3863.53 3898.4 4602.68 4545.62 3452.6 3854.4 4201.77 4384.76 3581.37 3931.35 3654.25 4539.83 3669.04 3910.03 3799.63 3285.63 3846.41 3583.32 3904.68 4343.52 4158.21 3861.06 4402.37 4336.04 3156.5 3639.8 3825.14 4023.96 4284.17 3481.6 4178.41 3581.26 4443.44 3602.3 3573.76 4508.75 3849.38 4239.97 3783.13 3575.23 3779.12 3908.05 3675.72 4053.67 3521.04 3440.57 4381.79 3934.54 3577.95 3583.72 3634.43 4350.06 3187.06 3810.98 4542.56 3600.44 3908.83 3498.23 3366.04 3319.63 4356.03 3761.39 3843.39 4331.75 4234.07 4494.8 4492.48 4118.38 3954.67 3850.86 3555.6 4291.21 3575.42 4553.36 4544.04 3380.73 4511.21 4233.52 4407.66 3580.15 3396.09 4444.02 3763.8 3577.29 4316.11 4207.6 3630.49 4011.89 3578.59 4442.13 4173.89 4329.37 3987.14 3411.38 3659.77 4187.22 3938.06 3582.58 3235.93 4173.13 3577.34 4390.34 3685.16 3180.38 3619.47 4030.77 3677.25 4472.73 4070.85 4286.26 4428.8 4071.02 4067.69 4457.11 4154.62 
0.41 0.38 0.45 0.66 0.68 0.58 0.42 0.7 0.44 0.79 0.58 0.71 0.26 0.42 0.65 0.45 0.58 0.47 0.7 0.68 0.69 0.59 0.36 0.64 0.35 0.5 0.65 0.64 0.92 0.69 0.44 0.36 0.6 0.67 0.26 0.39 0.35 0.75 0.47 0.52 0.56 0.49 0.44 0.6 0.36 0.68 0.44 0.35 0.35 0.36 0.68 0.36 0.35 0.24 0.65 0.43 0.15 0.74 0.69 0.88 0.39 0.66 0.27 0.66 0.45 0.35 0.7 0.45 0.58 0.41 0.48 0.67 0.65 0.44 0.49 0.35 0.27 0.27 0.48 0.21 0.44 0.44 0.11 0.66 0.24 0.45 0.71 0.4 0.44 0.43 0.44 0.11 0.7 0.44 0.4 0.75 0.48 0.37 0.7 0.61 0.77 0.41 0.44 0.63 0.56 0.35 0.31 0.43 0.35 0.23 0.34 0.51 0.27 0.44 0.68 0.47 0.28 0.46 0.44 0.36 0.46 0.13 0.31 0.35 0.41 0.44 0.36 0.46 0.38 0.65 0.54 0.45 0.65 0.35 0.41 0.77 0.36 0.65 0.47 0.46 0.55 0.67 0.23 0.63 0.38 0.27 0.27 0.45 0.39 0.44 0.35 0.5 0.34 0.35 0.36 0.44 0.36 0.8 0.93 0.17 
0.83 0.59 0.93 1.0 0.82 0.74 0.69 0.64 1.0 0.61 0.57 0.75 0.98 0.73 0.94 0.54 0.62 0.9 0.66 0.88 0.72 0.7 1.0 0.93 0.68 0.52 0.6 0.78 0.56 0.99 0.83 0.72 0.85 0.84 0.78 0.64 0.72 0.62 0.55 0.78 0.76 0.8 0.98 1.0 0.75 1.0 0.76 0.96 0.86 0.62 0.81 1.0 1.0 0.53 1.0 0.96 1.0 1.0 1.0 1.0 0.99 1.0 0.79 0.74 0.91 0.62 0.81 0.7 0.51 1.0 0.94 1.0 0.72 0.87 0.82 0.63 1.0 1.0 0.72 0.55 0.85 0.78 0.67 1.0 0.95 1.0 0.72 1.0 1.0 0.94 0.63 0.78 0.51 1.0 0.86 0.79 0.85 0.83 0.84 0.59 1.0 0.78 0.78 0.88 0.95 0.82 0.54 1.0 0.68 1.0 0.96 1.0 0.71 0.7 1.0 0.99 1.0 1.0 0.68 0.63 1.0 0.71 0.98 0.86 0.9 0.83 0.76 0.85 0.94 0.94 0.63 0.94 1.0 0.68 0.62 0.96 0.79 0.6 1.0 0.58 0.69 0.63 0.68 0.74 0.57 0.87 1.0 0.56 0.85 0.88 0.53 0.54 0.8 0.55 0.51 0.97 0.78 0.9 0.61 0.6 
0.54 0.57 0.79 0.75 1.0 1.0 0.58 0.67 0.57 0.99 0.95 0.54 0.58 0.94 0.91 0.53 1.0 0.82 0.78 0.66 1.0 0.87 0.9 1.0 0.84 0.54 0.53 0.61 0.97 0.96 0.57 0.94 0.64 1.0 0.7 0.88 0.89 0.51 0.97 0.92 0.88 0.96 0.7 0.68 0.92 0.51 0.86 0.93 0.62 0.71 0.53 1.0 0.65 0.89 1.0 0.8 0.95 0.74 0.61 0.8 0.73 0.78 0.8 0.92 0.61 0.51 0.69 0.55 0.52 1.0 0.59 0.85 1.0 0.6 1.0 0.76 0.66 0.63 0.97 1.0 0.8 1.0 1.0 0.89 0.79 1.0 0.66 0.79 0.65 1.0 1.0 0.97 0.93 0.97 0.68 0.64 1.0 0.73 0.56 0.66 1.0 0.78 0.51 0.86 1.0 0.68 0.93 0.6 0.84 1.0 1.0 1.0 0.75 1.0 1.0 0.71 1.0 0.94 0.98 0.63 0.69 0.69 0.57 0.55 0.57 1.0 0.63 0.94 0.56 0.83 0.66 0.99 0.78 0.92 0.67 0.91 0.84 0.72 1.0 0.52 0.58 0.64 0.79 0.84 0.95 0.95 0.67 0.56 0.91 0.68 0.75 0.84 0.96 1.0 0.58 0.76 1.0 0.93 0.58 0.86 
1.0 1.0 0.63 0.63 0.84 0.84 0.71 0.99 0.56 0.95 0.68 0.62 1.0 0.63 0.95 0.98 0.64 0.52 0.89 0.61 0.96 1.0 1.0 0.91 1.0 0.65 0.93 0.67 0.97 0.8 0.68 0.98 1.0 0.9 0.8 0.57 0.65 0.68 1.0 0.64 1.0 1.0 0.96 0.58 0.96 0.88 0.62 0.87 0.67 0.57 0.59 1.0 0.59 0.71 0.7 0.88 0.73 0.79 0.7 1.0 0.54 0.64 0.95 0.7 0.77 0.52 0.89 0.92 0.61 1.0 0.96 0.86 0.78 1.0 1.0 1.0 0.54 0.78 0.97 0.88 0.64 0.66 1.0 0.72 0.85 0.93 0.72 1.0 0.56 0.71 0.75 0.71 1.0 0.79 0.59 0.54 0.98 0.77 1.0 0.74 0.84 0.93 0.65 0.53 0.85 0.55 0.54 0.56 1.0 0.58 0.84 0.65 1.0 0.89 1.0 1.0 0.73 1.0 0.91 1.0 0.69 1.0 1.0 0.92 0.51 0.7 0.99 0.66 0.72 1.0 0.73 1.0 0.86 0.55 0.79 0.88 0.95 0.65 0.88 0.92 1.0 0.68 0.68 0.69 1.0 0.59 0.84 0.91 0.61 0.95 0.83 0.83 0.9 1.0 0.92 0.94 0.75 0.67 0.84 0.86 
1.0 1.0 0.73 0.81 0.88 0.53 1.0 1.0 0.53 0.62 0.93 0.71 0.92 0.52 0.92 0.63 1.0 0.51 0.99 0.86 0.62 0.96 1.0 0.68 0.58 0.6 0.67 0.56 0.74 0.74 0.66 0.97 0.58 0.54 0.75 0.57 0.64 0.81 1.0 0.68 0.9 1.0 0.66 1.0 0.57 1.0 0.88 0.76 1.0 0.89 0.93 0.98 0.99 0.9 0.59 1.0 0.97 1.0 0.91 0.59 0.87 0.9 0.75 0.81 0.8 0.56 1.0 0.58 0.53 0.6 1.0 0.86 0.85 0.51 0.84 0.65 0.99 0.56 0.96 0.81 1.0 0.69 0.82 0.6 0.5 0.92 0.81 1.0 0.62 0.96 0.56 0.87 0.56 0.58 0.74 0.99 0.82 0.81 0.71 0.86 1.0 0.79 0.92 0.75 0.67 0.55 0.81 0.54 0.57 0.97 0.89 0.82 0.93 1.0 1.0 0.57 1.0 0.51 0.78 0.55 0.59 0.87 0.56 0.64 1.0 0.94 0.6 0.76 0.95 0.58 0.55 0.65 0.72 0.98 0.63 0.95 0.79 0.72 0.87 0.74 1.0 0.93 0.63 0.64 0.97 1.0 0.84 0.56 0.82 0.82 0.91 1.0 0.67 1.0 1.0 0.58 0.52 0.94 0.6 0.73 
0.71 0.8 0.86 0.57 0.76 0.56 0.9 0.97 0.78 0.64 1.0 0.92 0.73 0.65 0.51 1.0 0.6 0.57 0.55 0.74 1.0 0.58 0.98 0.71 0.69 0.52 0.99 0.64 0.61 0.66 0.88 0.6 0.94 1.0 0.66 0.66 0.55 0.93 1.0 0.76 0.76 0.6 0.71 0.53 0.52 0.97 0.92 1.0 0.84 0.66 0.98 0.9 0.59 1.0 0.89 1.0 0.6 0.75 0.55 1.0 1.0 0.98 0.57 0.63 0.53 0.75 0.74 0.99 0.6 0.65 1.0 0.66 0.74 0.55 0.87 0.95 0.92 0.6 0.86 1.0 0.77 0.94 0.65 0.62 0.93 0.75 0.98 0.92 1.0 0.7 0.87 0.81 0.81 0.79 0.63 0.54 0.85 0.71 0.51 0.54 0.83 0.88 1.0 0.54 0.65 0.99 0.64 0.81 0.8 0.65 0.94 0.71 0.53 1.0 0.6 1.0 0.97 1.0 0.71 0.58 1.0 0.8 1.0 0.93 0.53 1.0 1.0 0.85 0.9 0.8 1.0 0.71 0.76 0.91 0.64 0.91 0.96 0.88 0.97 0.7 0.52 0.62 0.58 0.53 0.51 1.0 0.61 0.76 0.55 0.61 0.8 0.65 0.99 0.93 0.86 0.76 0.63 0.65 0.57 0.62 
0.32 0.27 0.29 0.22 0.46 0.18 0.26 0.41 0.13 0.23 0.34 0.16 0.38 0.15 0.38 0.18 0.24 0.11 0.25 0.22 0.43 0.34 0.89 0.41 0.23 0.06 0.2 0.11 0.24 0.37 0.19 0.39 0.3 0.41 0.22 0.12 0.14 0.16 0.53 0.24 0.46 0.46 0.32 0.21 0.2 0.44 0.33 0.6 0.3 0.15 0.23 0.88 0.22 0.3 0.37 0.67 0.4 0.44 0.22 0.46 0.34 0.44 0.26 0.24 0.18 0.07 0.37 0.21 0.05 0.39 0.54 0.41 0.36 0.15 0.6 0.29 0.33 0.17 0.56 0.39 0.33 0.33 0.36 0.24 0.3 0.64 0.27 0.73 0.23 0.45 0.23 0.38 0.21 0.35 0.16 0.14 0.58 0.27 0.17 0.13 0.7 0.4 0.24 0.16 0.35 0.17 0.14 0.15 0.26 0.37 0.67 0.38 0.26 0.62 0.6 0.4 0.71 0.49 0.33 0.13 0.28 0.34 0.31 0.26 0.14 0.55 0.28 0.34 0.33 0.36 0.17 0.43 0.37 0.31 0.13 0.66 0.48 0.18 0.74 0.14 0.21 0.16 0.13 0.15 0.27 0.48 0.29 0.12 0.21 0.28 0.24 0.25 0.45 0.51 0.23 0.3 0.19 0.34 0.1 0.2 
499.0 801.06 737.44 948.72 894.59 1461.0 582.84 1665.97 938.45 3240.46 1073.07 1683.11 555.77 570.95 1394.32 1690.05 1548.46 1605.67 1576.22 2331.72 1934.5 2620.85 1302.92 1759.27 1998.96 2681.4 2916.65 1431.59 2522.19 1230.22 1453.0 1202.88 1083.32 979.86 881.81 1032.36 1032.43 2933.65 1688.5 2255.8 1358.42 1846.7 904.03 1190.06 1204.16 1149.02 1146.58 1240.68 1340.15 1855.05 2859.72 968.25 1393.42 656.97 1071.71 1634.86 696.72 1901.63 1373.77 2362.98 924.62 1308.44 648.9 1069.94 1081.34 1124.12 1454.19 1391.28 1589.58 2206.74 1665.29 2380.16 1446.12 881.69 1665.1 1204.2 581.91 855.7 1899.97 589.39 1059.54 937.3 664.18 1387.53 605.65 1539.88 2071.67 1931.03 750.8 1585.0 827.85 1474.76 1380.23 710.76 495.87 2763.72 1163.44 2529.91 1271.41 1170.45 1706.14 980.95 1598.36 2518.2 2655.35 1075.04 892.07 2001.78 1407.76 1726.11 844.55 1214.16 1487.12 1087.42 879.85 1456.21 790.7 3061.64 818.79 1103.19 1669.77 843.36 2123.08 1116.57 531.63 809.34 1184.58 1841.34 857.09 2486.08 1049.21 1693.53 1302.94 712.95 1034.67 2657.44 1128.45 1043.72 1727.78 1566.29 1936.44 1127.97 547.28 2197.71 1049.36 614.72 853.35 1616.27 2186.85 1650.67 1619.86 2217.66 1146.3 1154.11 1249.38 936.71 997.31 2110.13 2383.08 1218.87 
126.97 212.34 191.9 235.56 399.09 238.09 148.46 692.11 116.44 854.88 338.55 218.85 208.3 93.13 516.7 346.32 367.23 163.41 361.21 585.27 755.97 1058.97 1120.89 645.9 400.69 208.74 516.58 163.2 520.48 413.65 240.87 458.31 303.42 421.63 220.91 129.68 128.96 369.25 907.6 446.22 562.96 864.05 262.79 236.61 277.64 462.48 336.42 750.53 414.1 262.31 509.31 868.08 357.34 184.26 375.46 1146.83 295.49 823.11 230.06 1136.76 254.65 646.41 128.81 252.1 152.22 82.11 532.34 330.5 72.71 921.86 825.71 950.89 569.46 159.83 1089.74 355.65 197.34 169.72 1070.7 204.77 364.3 309.14 224.67 398.91 205.19 965.77 628.77 1501.51 158.01 774.85 158.18 585.32 332.74 301.03 69.85 378.2 679.85 749.97 221.69 108.27 1217.93 407.27 335.91 394.27 927.02 186.96 90.37 270.03 355.6 568.39 565.8 543.92 426.98 652.81 506.46 544.9 563.49 1562.93 276.81 132.04 521.83 284.27 665.21 338.37 60.2 471.72 299.5 464.83 308.02 920.48 182.26 822.44 455.72 239.62 171.15 1806.21 518.03 190.1 1196.72 214.15 474.53 220.45 76.76 282.86 265.59 290.26 283.66 205.92 465.05 422.36 334.0 541.16 576.6 614.06 245.15 254.23 162.48 706.46 165.94 264.27 
1994.99 3505.29 3187.18 4243.61 3972.95 6804.99 2414.22 7829.87 4192.26 15702.28 4865.37 7915.56 2278.87 2354.75 6471.58 7950.23 7242.29 7528.36 7381.12 11158.6 9172.52 12604.27 6014.6 8296.33 9494.82 12907.01 14083.27 6657.95 12110.94 5651.09 6764.99 5514.4 4916.6 4399.29 3909.04 4661.79 4662.15 14168.24 7942.51 10779.0 6292.09 8733.48 4020.14 5450.32 5520.8 5245.08 5232.89 5703.42 6200.74 8775.27 13798.62 4341.24 6467.08 2784.85 4858.57 7674.32 2983.62 9008.14 6368.86 11314.91 4123.12 6042.19 2744.5 4849.72 4906.71 5120.62 6770.94 6456.42 7447.91 10533.72 7826.45 11400.8 6730.62 3908.44 7825.52 5520.99 2409.54 3778.51 8999.87 2446.97 4797.68 4186.49 2820.92 6437.64 2528.25 7199.38 9858.37 9155.17 3254.0 7424.99 3639.27 6873.81 6401.13 3053.82 1979.34 13318.6 5317.19 12149.56 5857.07 5352.25 8030.69 4404.73 7491.81 12090.98 12776.77 4875.2 3960.35 9508.91 6538.78 8130.55 3722.76 5570.79 6935.6 4937.12 3899.26 6781.06 3453.5 14808.2 3593.93 5015.97 7848.84 3716.79 10115.41 5082.85 2158.13 3546.71 5422.89 8706.72 3785.44 11930.4 4746.06 7967.66 6014.69 3064.76 4673.34 12787.22 5142.23 4718.62 8138.91 7331.45 9182.22 5139.87 2236.39 10488.55 4746.81 2573.6 3766.76 7581.34 10434.26 7753.35 7599.28 10588.29 5231.5 5270.57 5746.91 4183.57 4486.55 10050.63 11415.39 5594.35 
134.85 561.7 459.49 677.79 1495.46 690.47 242.31 2960.54 82.22 3774.41 1192.74 594.24 541.52 -34.33 2083.48 1231.59 1336.17 317.04 1306.04 2426.34 3279.84 4794.84 5104.47 2729.48 1503.46 543.68 2082.88 315.99 2102.4 1568.23 704.37 1791.53 1017.12 1608.15 604.53 148.38 144.82 1346.23 4038.0 1731.12 2314.82 3820.24 813.97 683.05 888.2 1812.39 1182.09 3252.64 1570.48 811.56 2046.56 3840.41 1286.68 421.3 1377.29 5234.16 977.44 3615.56 650.32 5183.78 773.27 2732.06 144.05 760.48 261.08 -89.43 2161.7 1152.49 -136.46 4109.28 3628.54 4254.46 2347.29 299.13 4948.71 1278.23 486.7 348.6 4853.48 523.84 1321.5 1045.71 623.33 1494.57 525.95 4328.85 2643.87 7007.54 290.07 3374.26 290.91 2426.59 1163.72 1005.17 -150.76 1391.0 2899.25 3249.87 608.44 41.33 5589.65 1536.36 1179.53 1471.34 4135.12 434.82 -48.13 850.16 1277.99 2341.94 2329.02 2219.62 1634.88 2764.07 2032.31 2224.52 2317.45 7314.64 884.06 160.19 2109.17 921.35 2826.04 1191.85 -198.99 1858.6 997.52 1824.16 1040.12 4102.39 411.3 3612.22 1778.61 698.1 355.75 8531.07 2090.14 450.52 5483.61 570.75 1872.63 602.23 -116.22 914.3 827.93 951.31 918.3 529.6 1825.23 1611.81 1170.02 2205.78 2383.02 2570.3 725.73 771.17 312.42 3032.28 329.7 821.34 
71.6 109.11 66.09 78.01 78.33 113.15 143.17 158.15 81.39 106.83 87.52 144.3 71.51 107.53 160.64 77.57 168.34 68.43 127.38 70.26 105.83 73.04 175.37 152.88 88.45 151.73 140.35 113.79 133.84 114.96 116.59 132.51 91.06 84.82 87.76 86.62 187.51 98.55 71.28 107.67 165.14 136.97 86.36 129.87 84.79 77.27 116.95 92.05 181.82 138.1 154.18 168.07 175.39 71.63 117.94 146.17 181.59 73.38 117.3 113.99 65.71 153.86 71.67 156.19 130.31 83.16 154.44 88.05 173.44 63.13 145.59 114.75 80.48 128.52 139.26 167.14 107.44 88.87 108.07 142.95 90.17 115.48 169.6 75.66 71.5 113.37 156.32 73.51 81.07 105.63 68.81 87.64 118.04 71.56 107.51 109.03 130.5 127.48 114.33 136.28 72.01 156.35 139.93 100.98 99.59 87.12 112.84 153.74 86.63 84.68 134.84 134.77 164.74 118.64 154.03 142.22 85.82 143.02 182.13 136.32 67.61 135.34 127.01 88.15 71.6 135.84 133.32 112.91 143.09 172.64 168.3 72.61 80.24 71.57 88.84 125.22 129.88 79.74 68.23 146.39 167.49 118.14 71.65 64.72 83.46 107.32 175.61 147.41 63.61 72.39 120.92 147.09 178.91 81.42 171.45 88.58 81.42 162.71 133.71 83.09 
5 10 4 5 5 10 15 16 5 10 6 15 5 10 17 5 18 4 12 5 10 5 18 16 6 16 15 10 12 10 11 12 6 6 6 6 20 9 5 10 17 14 6 12 6 5 11 6 19 14 16 18 18 5 11 15 19 5 11 10 4 16 5 16 12 5 16 6 18 4 15 10 5 12 14 17 10 6 10 15 6 10 18 5 5 10 16 5 5 10 4 6 11 5 10 10 12 13 10 12 5 16 14 9 9 6 10 16 6 6 12 12 17 11 16 15 6 15 19 12 4 12 12 6 5 14 12 10 15 18 18 5 5 5 6 11 12 5 4 15 17 11 5 4 5 10 18 15 4 5 11 15 19 5 18 6 5 17 12 5 
33 106 83 33 70 8 55 6 66 81 114 49 92 117 4 119 99 68 80 96 8 6 113 0 114 86 19 58 35 27 115 58 54 55 71 44 26 82 77 84 41 44 28 93 89 49 70 9 61 111 70 52 92 61 15 111 69 116 116 34 59 27 61 37 113 89 23 26 5 16 57 3 82 72 86 98 107 81 18 20 103 35 32 31 108 17 45 40 23 90 24 40 90 54 26 20 37 38 41 24 69 88 42 100 28 45 24 51 71 34 87 59 18 35 60 78 34 48 45 7 43 66 2 104 32 57 67 74 21 18 100 105 85 60 72 55 16 72 36 89 84 8 51 15 18 106 81 29 103 74 98 60 33 40 10 38 19 78 93 13 
120 120 120 120 88 60 120 52 82 101 120 74 120 120 94 120 120 120 97 120 39 53 120 74 120 101 120 120 106 88 120 120 120 85 120 77 120 120 120 120 116 115 120 120 120 120 86 89 76 120 99 114 113 80 105 120 87 120 120 113 108 76 84 120 120 104 82 120 23 28 120 91 120 120 120 120 120 120 65 77 120 120 44 120 120 111 120 120 93 120 72 103 120 85 111 54 78 120 120 114 120 120 58 120 91 74 47 120 87 120 120 101 120 76 117 120 111 120 118 82 120 120 31 120 120 120 120 88 47 116 120 120 120 120 120 120 120 120 52 104 120 92 120 44 104 120 120 82 120 114 120 120 56 107 46 60 52 120 116 70 
5
0.0 0.0 0.0 0.0 0.0 
0.0 100.0 100.0 100.0 0.0 
0 7 7 7 0 3 6 5 6 3 6 6 4 5 5 7 7 6 5 5 6 6 1 5 7 6 1 3 6 7 8 1 6 3 8 4 6 8 5 4 7 3 4 7 6 6 5 5 4 6 6 6 6 3 2 3 2 6 7 5 4 6 2 3 4 5 5 7 6 5 6 6 7 1 5 2 5 7 4 5 6 7 7 6 6 5 7 4 6 5 6 2 4 5 5 5 5 7 1 9 6 7 3 6 8 6 4 1 3 4 3 5 3 3 3 6 6 6 4 8 7 6 4 5 6 5 2 4 5 7 6 5 8 6 3 3 4 2 3 7 5 3 4 5 4 2 7 5 5 5 8 4 6 5 3 3 2 2 5 6 6 6 3 7 5 
7 0 0 0 7 4 3 8 4 3 4 7 3 7 3 4 6 5 4 2 4 8 5 5 5 3 5 4 2 4 6 6 4 6 7 5 8 5 6 2 5 3 6 5 3 2 2 7 4 5 1 2 6 3 5 5 5 7 5 4 3 2 4 5 6 7 2 5 8 3 5 6 5 6 6 6 3 5 5 2 2 7 5 3 8 7 7 3 6 5 4 5 2 5 3 6 6 7 5 6 3 7 4 3 6 5 3 6 5 5 4 4 4 3 3 2 3 1 5 6 6 5 3 8 3 5 6 6 6 5 8 4 6 6 4 4 2 4 3 5 4 7 2 2 3 5 7 7 2 5 7 2 7 1 4 7 5 5 7 7 6 4 3 7 6 
7 0 0 0 7 4 3 8 4 3 4 7 3 7 3 4 6 5 4 2 4 8 5 5 5 3 5 4 2 4 6 6 4 6 7 5 8 5 6 2 5 3 6 5 3 2 2 7 4 5 1 2 6 3 5 5 5 7 5 4 3 2 4 5 6 7 2 5 8 3 5 6 5 6 6 6 3 5 5 2 2 7 5 3 8 7 7 3 6 5 4 5 2 5 3 6 6 7 5 6 3 7 4 3 6 5 3 6 5 5 4 4 4 3 3 2 3 1 5 6 6 5 3 8 3 5 6 6 6 5 8 4 6 6 4 4 2 4 3 5 4 7 2 2 3 5 7 7 2 5 7 2 7 1 4 7 5 5 7 7 6 4 3 7 6 
7 0 0 0 7 4 3 8 4 3 4 7 3 7 3 4 6 5 4 2 4 8 5 5 5 3 5 4 2 4 6 6 4 6 7 5 8 5 6 2 5 3 6 5 3 2 2 7 4 5 1 2 6 3 5 5 5 7 5 4 3 2 4 5 6 7 2 5 8 3 5 6 5 6 6 6 3 5 5 2 2 7 5 3 8 7 7 3 6 5 4 5 2 5 3 6 6 7 5 6 3 7 4 3 6 5 3 6 5 5 4 4 4 3 3 2 3 1 5 6 6 5 3 8 3 5 6 6 6 5 8 4 6 6 4 4 2 4 3 5 4 7 2 2 3 5 7 7 2 5 7 2 7 1 4 7 5 5 7 7 6 4 3 7 6 
0 7 7 7 0 3 6 5 6 3 6 6 4 5 5 7 7 6 5 5 6 6 1 5 7 6 1 3 6 7 8 1 6 3 8 4 6 8 5 4 7 3 4 7 6 6 5 5 4 6 6 6 6 3 2 3 2 6 7 5 4 6 2 3 4 5 5 7 6 5 6 6 7 1 5 2 5 7 4 5 6 7 7 6 6 5 7 4 6 5 6 2 4 5 5 5 5 7 1 9 6 7 3 6 8 6 4 1 3 4 3 5 3 3 3 6 6 6 4 8 7 6 4 5 6 5 2 4 5 7 6 5 8 6 3 3 4 2 3 7 5 3 4 5 4 2 7 5 5 5 8 4 6 5 3 3 2 2 5 6 6 6 3 7 5 
3 4 4 4 3 0 3 5 4 0 3 5 1 4 2 4 5 4 3 2 3 5 1 3 4 3 1 1 3 4 6 2 3 3 6 3 5 5 3 1 4 0 3 5 3 2 2 4 2 4 3 3 4 0 1 1 1 5 5 3 1 2 0 2 3 4 2 5 5 2 3 5 5 1 4 2 2 5 2 2 3 5 5 3 5 4 6 1 4 3 3 1 1 3 2 3 4 6 1 6 3 6 1 3 6 4 1 2 1 2 0 2 1 0 0 3 3 3 2 6 5 4 1 5 3 3 2 3 4 5 5 2 6 5 0 1 1 0 0 5 2 3 1 2 1 1 6 5 1 3 6 1 5 2 0 3 1 1 4 5 4 3 0 6 4 
6 3 3 3 6 3 0 5 1 2 1 4 1 4 1 1 3 2 1 1 1 5 4 2 2 0 4 2 0 1 3 4 1 4 4 3 5 2 3 2 2 2 4 2 0 0 0 4 2 2 2 0 3 2 3 3 4 4 2 1 1 0 3 3 3 4 1 2 5 0 1 3 2 4 3 4 1 2 2 1 0 4 2 0 5 5 4 1 3 2 1 3 2 2 0 3 3 4 4 3 0 4 2 0 4 2 1 4 3 3 3 1 2 3 3 0 0 1 2 3 3 2 2 5 0 2 4 3 3 2 5 1 3 3 3 2 2 4 2 2 1 4 2 2 1 3 4 4 2 2 4 1 4 2 3 4 4 3 4 4 3 1 2 4 3 
5 8 8 8 5 5 5 0 4 5 4 1 5 1 4 5 3 4 3 5 3 1 4 3 4 4 4 3 6 5 4 3 4 1 4 2 2 5 2 5 4 4 1 4 5 5 5 1 3 4 7 5 3 4 3 3 4 1 5 3 4 5 5 2 1 1 6 4 1 4 3 2 5 3 2 2 4 4 3 5 6 2 4 5 1 0 3 4 3 2 4 3 5 3 5 2 2 2 4 5 4 3 4 5 5 4 4 3 3 2 5 3 4 5 5 6 5 6 3 5 4 4 4 0 5 2 2 2 1 5 1 3 4 2 4 3 5 5 5 5 3 1 5 6 5 3 3 0 6 2 4 5 2 6 5 1 3 3 0 2 2 3 4 3 2 
6 4 4 4 6 4 1 4 0 4 0 3 2 3 1 0 2 0 1 2 0 3 5 1 0 0 5 2 2 1 1 4 0 4 2 2 3 1 2 3 0 3 3 0 1 2 2 3 2 0 4 1 1 3 3 3 4 3 0 0 2 2 4 3 2 2 3 1 4 1 0 2 1 4 2 4 1 1 2 3 2 3 0 1 4 4 3 2 1 1 0 3 3 1 1 2 1 3 5 2 1 3 3 1 2 0 2 4 3 3 4 1 3 4 4 2 1 2 1 1 1 0 3 4 1 1 4 2 2 0 3 1 2 2 3 2 3 5 4 1 1 4 3 4 3 4 2 3 3 1 2 3 2 3 4 4 4 4 3 2 2 0 3 2 2 
3 3 3 3 3 0 2 5 4 0 3 5 1 4 2 4 5 4 3 1 3 5 2 3 4 3 2 1 2 4 5 3 3 4 6 3 6 5 4 0 4 0 3 4 2 2 2 4 2 4 2 3 4 0 2 2 2 5 4 3 1 2 1 2 3 4 1 5 6 2 3 5 4 2 4 3 2 5 2 1 2 6 4 2 6 5 6 1 4 3 3 1 0 3 2 3 4 6 2 6 2 6 1 3 6 4 1 2 2 3 0 2 1 0 0 3 3 2 3 5 5 4 1 5 2 3 3 3 4 4 5 2 6 5 1 1 0 1 0 4 2 4 0 1 1 2 6 5 1 3 6 0 5 1 0 4 2 2 5 5 4 3 0 6 4 
6 4 4 4 6 3 1 4 0 3 0 3 2 3 1 0 2 1 1 2 1 4 4 1 1 0 5 2 1 1 2 4 0 4 3 2 4 1 2 3 1 2 3 1 0 1 1 3 2 1 3 1 2 3 3 3 4 4 1 1 2 1 4 3 3 3 2 1 4 1 1 2 1 4 3 4 1 1 2 2 1 3 1 0 4 4 3 2 2 2 0 3 3 1 1 2 2 3 5 2 0 3 2 0 2 1 2 4 3 3 4 1 2 3 3 1 0 2 2 2 2 1 2 4 0 2 4 3 3 1 4 1 2 2 3 2 3 4 3 1 1 4 3 3 2 4 3 4 3 2 3 2 3 3 4 4 4 4 4 3 2 1 3 3 3 
6 7 7 7 6 5 4 1 3 5 3 0 4 1 3 3 1 2 2 4 2 0 5 2 3 3 5 3 5 4 3 4 3 2 2 2 0 3 1 5 2 4 2 2 4 5 5 1 3 2 6 4 1 5 4 3 4 0 3 2 4 5 5 3 2 0 5 3 1 3 2 1 3 4 0 3 3 3 2 5 5 0 2 4 0 1 1 4 1 2 3 4 5 2 4 1 1 0 5 3 4 1 4 4 3 2 4 4 3 2 5 3 4 5 5 5 4 5 2 3 2 2 4 1 4 2 3 2 0 3 0 2 2 1 4 3 5 5 5 3 3 3 5 6 4 4 1 1 6 1 2 5 0 6 5 2 4 4 1 0 1 2 4 1 0 
4 3 3 3 4 1 1 5 2 1 2 4 0 4 1 3 4 3 2 0 2 5 2 2 3 1 3 1 1 3 4 3 2 3 5 2 5 4 3 1 3 0 3 3 1 1 1 4 1 3 2 1 3 1 2 2 2 4 3 2 0 1 2 2 3 4 1 3 5 1 2 4 3 3 3 3 1 3 2 0 1 5 3 1 5 4 5 0 3 2 2 2 1 2 1 3 3 5 3 5 1 5 1 1 5 3 0 3 2 2 2 1 1 1 1 2 2 1 2 4 4 2 0 5 1 2 3 2 4 3 5 1 5 4 1 1 1 2 1 3 1 3 1 1 0 2 5 4 1 3 5 0 4 1 1 4 2 2 4 4 3 2 1 5 3 
5 7 7 7 5 4 4 1 3 4 3 1 4 0 3 3 2 2 2 4 2 0 4 2 3 3 4 3 5 4 3 3 3 1 3 1 1 4 1 5 3 3 1 3 4 4 5 0 2 3 6 4 1 4 3 2 3 0 4 2 3 4 4 2 1 0 5 3 1 3 2 2 4 3 1 2 3 3 2 4 5 1 3 4 1 0 2 3 2 1 3 3 5 2 4 1 1 2 4 4 3 2 3 4 4 2 3 3 2 1 4 3 3 4 4 5 4 5 2 4 3 3 3 1 4 1 2 1 0 3 1 2 3 1 3 2 5 4 4 4 3 1 4 5 4 3 2 0 5 1 4 4 1 5 4 1 2 3 0 1 1 2 3 2 1 
5 3 3 3 5 2 1 4 1 2 1 3 1 3 0 2 3 2 1 1 1 4 3 1 2 0 3 1 1 2 3 3 1 3 4 1 4 3 2 2 2 1 2 2 1 1 1 3 0 2 2 1 2 1 2 2 3 4 2 1 0 1 3 2 2 3 1 2 4 0 1 3 2 3 2 3 0 2 1 1 1 4 2 1 4 4 4 0 2 1 1 2 2 1 0 2 2 4 3 4 0 4 1 1 4 2 0 3 1 2 2 0 1 2 2 1 1 2 1 3 3 1 1 4 1 1 3 2 3 2 4 0 4 3 2 1 2 3 2 2 0 3 2 2 1 2 4 4 2 2 4 1 3 2 2 3 2 2 3 3 2 1 1 4 2 
7 4 4 4 7 4 1 5 0 4 0 3 3 3 2 0 2 1 1 2 1 4 5 2 0 1 5 3 2 0 1 5 0 4 2 2 3 1 2 4 1 3 4 1 1 2 2 3 2 0 4 1 2 4 4 3 5 4 0 1 3 2 5 4 3 3 3 0 4 1 1 2 0 5 2 4 1 0 2 3 2 3 0 1 4 4 3 2 1 2 1 4 4 1 1 3 2 3 6 2 1 3 3 1 2 1 3 5 3 3 4 2 3 4 4 2 1 2 2 1 1 0 3 4 1 2 5 3 3 0 4 2 2 2 4 3 3 5 4 0 2 4 4 4 3 4 3 4 4 2 2 3 3 3 4 4 4 4 4 3 2 1 3 3 2 
7 6 6 6 7 5 3 3 2 5 2 1 4 2 3 2 0 1 2 4 2 2 6 2 1 3 6 4 4 2 1 5 2 3 1 2 1 2 2 5 1 4 3 1 3 4 4 2 3 1 6 4 1 5 4 4 5 2 2 2 4 4 6 4 2 1 5 1 2 3 2 0 2 5 1 4 3 1 2 5 4 1 1 3 2 2 0 4 0 1 2 4 5 1 3 2 1 1 6 2 3 0 4 3 1 1 4 5 4 3 5 3 4 5 5 4 3 5 2 1 1 1 4 2 3 2 4 2 1 2 2 2 1 0 4 4 5 6 5 2 3 4 5 6 4 5 0 2 5 1 1 5 1 5 5 3 4 4 2 0 1 2 4 0 1 
6 5 5 5 6 4 2 4 0 4 1 2 3 2 2 1 1 0 1 3 0 3 5 1 0 1 5 3 3 1 1 4 1 3 2 2 2 1 2 4 0 3 3 0 2 3 3 2 2 0 4 2 1 4 4 3 4 3 1 1 2 3 5 3 2 2 3 0 3 2 0 1 1 5 1 4 1 0 2 3 2 2 0 2 3 3 2 2 0 1 1 3 4 0 2 2 1 2 5 2 1 2 3 2 1 0 3 5 3 2 4 2 3 4 4 2 1 3 1 1 1 0 3 3 2 1 4 2 2 0 3 1 1 1 4 3 4 5 4 1 2 4 4 4 3 4 2 3 4 1 1 3 2 4 4 3 4 4 3 2 1 0 3 2 1 
5 4 4 4 5 3 1 3 1 3 1 2 2 2 1 1 2 1 0 2 0 3 4 0 1 0 4 1 2 2 2 3 1 3 3 1 3 2 1 3 1 2 2 1 1 2 2 2 1 1 3 2 1 2 2 2 3 3 2 0 1 2 3 2 2 2 2 1 3 0 0 2 2 3 2 3 0 2 1 2 2 3 1 1 3 3 3 1 1 0 0 2 3 0 1 1 1 3 4 3 1 3 2 1 3 1 1 3 2 2 3 0 2 3 3 2 1 2 0 2 2 1 2 3 1 1 3 1 2 1 3 0 3 2 2 1 3 4 3 2 0 3 3 3 2 3 3 3 3 1 3 2 2 3 3 3 3 3 3 2 1 0 2 3 2 
5 2 2 2 5 2 1 5 2 1 2 4 0 4 1 2 4 3 2 0 2 5 3 2 3 1 3 1 1 3 4 3 2 4 5 2 5 3 3 1 3 1 3 3 1 0 0 4 1 2 1 1 3 1 2 2 3 5 3 2 1 0 2 3 3 4 0 3 5 1 2 4 3 3 4 3 1 3 2 0 1 5 3 1 5 5 5 0 3 2 2 2 1 2 0 3 3 5 3 4 1 5 1 1 4 3 0 3 2 3 2 1 1 1 2 1 1 1 2 4 4 2 1 5 1 2 3 3 4 3 5 1 4 4 2 1 1 2 1 3 1 4 1 1 0 3 5 5 1 3 5 0 4 1 2 4 3 3 4 4 3 2 1 5 3 
6 4 4 4 6 3 1 3 0 3 1 2 2 2 1 1 2 0 0 2 0 3 4 1 1 1 4 2 2 1 2 4 1 3 2 1 3 1 1 3 0 2 2 1 1 2 2 2 1 0 4 2 1 3 3 2 4 3 1 0 2 2 4 3 2 2 3 1 3 1 0 1 1 4 1 3 1 1 1 2 2 2 1 1 3 3 2 2 1 0 0 3 3 0 1 1 1 2 5 2 1 2 2 2 2 0 2 4 2 2 4 1 2 4 4 2 1 3 1 2 1 0 2 3 1 1 3 2 2 1 3 1 2 1 3 2 3 4 3 1 1 3 3 4 2 3 2 3 3 1 2 3 2 3 4 3 3 3 3 2 1 0 3 2 1 
6 8 8 8 6 5 5 1 3 5 4 0 5 0 4 4 2 3 3 5 3 0 5 2 3 4 5 3 6 4 3 4 4 2 3 2 1 4 1 6 3 4 2 3 5 5 5 0 3 3 7 5 2 5 4 3 4 0 4 3 4 5 5 3 2 1 6 3 0 4 3 2 4 4 1 3 4 4 3 5 5 1 3 5 0 0 2 4 2 2 3 4 5 2 5 1 2 1 5 4 4 2 4 5 4 3 4 4 3 2 5 3 4 5 5 5 4 6 2 4 3 3 4 0 4 2 3 2 1 4 0 3 3 1 4 3 6 5 5 4 3 2 5 6 5 4 1 0 6 2 3 5 1 6 5 2 3 4 0 1 1 3 4 2 1 
1 5 5 5 1 1 4 4 5 2 4 5 2 4 3 5 6 5 4 3 4 5 0 3 5 4 0 2 4 6 6 1 4 3 7 3 6 6 4 2 5 2 3 5 4 4 3 4 2 5 4 4 5 1 1 2 0 5 6 4 2 4 0 2 3 4 3 6 5 3 4 5 6 1 5 2 3 6 3 3 4 6 6 4 5 4 6 2 5 4 4 1 2 4 4 4 4 6 0 7 4 6 2 4 7 5 2 1 2 3 1 3 2 1 1 5 4 4 3 7 6 5 2 5 4 4 2 3 4 6 5 3 7 5 1 2 2 0 1 6 3 3 2 3 2 1 6 5 3 4 7 2 5 3 1 3 1 1 4 5 5 4 1 6 4 
5 5 5 5 5 3 2 3 1 3 1 2 2 2 1 2 2 1 0 2 1 2 3 0 2 1 3 1 3 2 2 3 1 2 3 0 2 3 0 3 1 2 1 1 2 2 3 1 1 1 4 2 1 2 2 1 3 2 2 0 1 2 3 2 1 1 3 2 3 1 0 1 2 3 1 2 1 2 0 3 3 2 2 2 3 2 3 1 1 0 1 2 3 0 2 0 0 2 4 3 1 3 2 2 3 1 2 3 1 1 3 1 2 3 3 3 2 3 0 3 2 1 2 3 2 0 2 1 1 2 2 0 3 1 2 1 3 3 3 2 1 2 3 4 2 3 2 2 3 0 3 3 2 3 3 2 2 2 2 2 1 1 2 2 1 
7 5 5 5 7 4 2 4 0 4 1 3 3 3 2 0 1 0 1 3 1 3 5 2 0 1 5 3 3 0 1 5 1 4 2 2 3 0 2 4 0 3 3 0 2 2 3 3 2 0 4 2 1 4 4 3 5 3 0 1 3 2 5 4 3 3 3 0 4 2 1 1 0 5 2 4 2 0 2 3 2 3 0 2 4 4 2 2 1 1 1 4 4 1 2 2 1 3 6 1 1 2 3 2 1 0 3 5 3 3 4 2 3 4 4 2 1 3 2 1 0 0 3 4 1 2 4 3 2 0 3 2 1 2 4 3 4 5 4 0 2 4 4 4 3 4 2 3 4 2 1 3 2 4 4 4 4 4 3 2 2 0 3 2 2 
6 3 3 3 6 3 0 4 0 3 0 3 1 3 0 1 3 1 0 1 1 4 4 1 1 0 4 2 1 1 2 4 0 3 3 2 4 2 2 2 1 2 3 1 0 1 1 3 1 1 3 1 2 2 3 2 3 4 1 0 1 1 3 3 2 3 2 2 4 0 1 2 1 4 2 3 0 2 1 2 1 3 1 0 4 4 3 1 2 1 0 3 2 1 0 2 2 3 4 3 0 3 2 1 3 1 1 4 2 2 3 1 2 3 3 1 0 2 1 2 2 1 2 4 0 1 4 2 3 1 4 1 3 2 3 2 2 4 3 1 1 4 2 3 2 3 3 4 2 2 3 2 3 2 3 3 3 3 3 3 2 0 2 3 2 
1 5 5 5 1 1 4 4 5 2 5 5 3 4 3 5 6 5 4 3 4 5 0 3 5 4 0 2 4 6 6 1 5 2 7 3 5 6 4 3 5 2 3 5 4 4 4 4 2 5 4 5 5 2 1 1 0 5 6 4 2 4 1 1 3 4 4 6 5 4 4 5 6 0 4 1 3 6 3 3 4 6 6 4 5 4 6 3 5 4 4 1 2 4 4 3 4 6 0 7 4 6 2 5 7 5 2 0 2 2 1 3 2 2 1 5 5 5 3 7 6 5 2 5 4 3 1 3 4 6 5 3 7 5 1 2 3 1 2 6 3 2 2 3 3 0 6 4 3 4 7 3 5 3 1 3 1 1 4 5 4 4 2 6 4 
3 4 4 4 3 1 2 3 2 1 2 3 1 3 1 3 4 3 1 1 2 3 2 1 3 2 2 0 2 3 4 2 2 2 5 1 4 4 2 2 3 0 2 3 2 2 2 2 0 3 3 3 2 1 1 0 1 3 3 2 0 2 2 1 1 3 2 3 4 1 2 3 4 2 2 1 1 3 1 2 2 4 3 2 4 3 4 1 3 2 2 0 2 2 2 2 2 4 2 5 2 4 0 3 5 3 1 2 0 1 1 1 0 2 1 3 2 3 1 4 4 3 0 4 2 1 2 1 3 3 3 1 4 3 0 0 2 2 1 3 1 2 1 2 1 1 4 3 2 2 5 1 3 2 1 2 1 1 3 3 3 2 0 4 2 
6 2 2 2 6 3 0 6 2 2 1 5 1 5 1 2 4 3 2 1 2 6 4 3 3 1 4 2 0 2 4 5 2 5 5 3 5 3 4 1 3 2 4 3 1 0 0 5 2 3 1 0 4 2 3 3 4 5 3 2 2 0 3 4 4 4 0 3 6 1 2 4 3 4 4 4 1 3 3 0 0 5 3 1 6 5 5 1 4 3 2 3 2 3 1 4 4 5 4 4 1 5 2 1 4 3 1 4 3 4 3 2 2 2 2 0 1 0 3 4 4 2 2 6 1 3 4 4 4 3 6 2 4 4 3 2 1 3 2 3 2 5 2 1 1 4 5 5 1 3 5 1 5 1 3 5 4 4 5 5 4 2 2 5 4 
7 4 4 4 7 4 1 5 1 4 1 4 3 4 2 0 2 1 2 3 1 4 6 2 0 1 6 3 2 0 1 5 1 5 2 3 4 0 3 4 1 3 4 1 1 2 2 4 3 1 4 1 2 4 4 4 5 4 0 1 3 2 5 4 4 3 3 1 5 2 1 2 0 5 3 5 2 1 3 3 2 3 1 1 5 5 3 3 2 2 1 4 4 2 2 3 2 4 6 1 1 3 3 1 2 1 3 5 4 4 5 2 3 4 5 1 1 2 2 1 1 1 3 5 1 2 5 3 3 0 4 2 2 3 4 3 4 5 4 0 2 5 4 4 3 5 3 4 4 3 2 3 3 4 5 5 5 5 4 3 3 1 4 3 3 
8 6 6 6 8 6 3 4 1 5 2 3 4 3 3 1 1 1 2 4 2 3 6 2 1 2 6 4 4 1 0 6 2 5 0 3 3 1 3 5 1 5 4 1 3 4 4 3 3 1 5 3 2 5 5 4 6 3 1 2 4 4 6 5 3 3 4 0 4 3 2 1 1 6 2 5 3 0 3 4 3 2 0 3 3 4 2 4 1 2 2 5 5 2 3 3 2 2 7 0 3 2 4 3 0 1 4 6 4 4 6 3 4 6 6 3 2 4 3 0 0 1 4 4 3 2 5 3 3 1 3 3 0 2 5 4 5 6 6 1 3 5 5 6 4 6 2 4 5 2 0 5 2 5 6 5 5 5 4 2 2 2 5 2 2 
1 6 6 6 1 2 4 3 4 3 4 4 3 3 3 5 5 4 3 3 4 4 1 3 5 4 1 2 5 5 6 0 4 1 6 2 4 6 3 3 5 2 2 5 4 4 4 3 2 4 5 5 4 2 1 1 1 4 5 4 2 4 2 1 2 3 4 5 4 3 4 4 6 0 3 0 3 5 2 4 5 5 5 4 4 3 5 3 4 3 4 1 3 4 4 3 3 5 1 7 4 5 2 5 6 4 3 0 1 2 2 3 2 3 2 5 5 5 3 6 5 4 2 4 4 3 0 2 3 5 4 3 6 4 1 2 3 2 2 5 3 1 3 4 3 1 5 3 4 3 6 3 4 4 2 2 0 0 3 4 4 4 2 5 3 
6 4 4 4 6 3 1 4 0 3 0 3 2 3 1 0 2 1 1 2 1 4 4 1 1 0 5 2 2 1 2 4 0 4 3 2 4 1 2 3 1 2 3 1 1 1 2 3 2 1 3 1 2 3 3 3 4 4 1 1 2 1 4 3 3 3 2 1 4 1 1 2 1 4 2 4 1 1 2 2 1 3 1 1 4 4 3 2 2 1 0 3 3 1 1 2 2 3 5 2 0 3 2 1 2 1 2 4 3 3 4 1 2 3 4 1 0 2 2 2 2 0 2 4 0 2 4 3 3 1 4 1 2 2 3 2 3 4 3 1 1 4 3 3 2 4 3 4 3 2 3 2 3 3 4 4 4 4 4 3 2 1 3 3 3 
3 6 6 6 3 3 4 1 4 4 4 2 3 1 3 4 3 3 3 4 3 2 3 2 4 3 2 2 5 5 5 1 4 0 5 1 3 5 1 4 4 3 0 4 4 4 4 1 2 3 5 5 2 3 1 1 2 2 4 3 2 4 3 1 1 1 4 4 2 3 3 3 5 2 2 1 3 4 2 4 5 3 4 4 2 1 4 3 3 2 3 2 4 2 4 1 2 3 3 5 4 4 2 4 5 3 3 2 1 1 3 2 2 4 3 5 4 5 2 5 4 3 3 2 4 2 1 1 2 4 2 2 5 3 2 2 4 3 3 4 2 0 4 5 3 2 3 1 4 2 5 4 2 5 3 0 1 1 1 3 2 3 3 3 2 
8 7 7 7 8 6 4 4 2 6 3 2 5 3 4 2 1 2 3 5 2 3 7 3 2 3 7 5 5 2 0 6 3 5 0 3 2 1 3 6 1 5 4 1 4 4 5 3 4 2 6 4 2 6 5 5 6 3 1 3 4 4 7 5 4 3 5 1 4 4 2 1 2 6 2 6 4 1 3 5 4 2 1 4 3 4 1 4 1 3 3 5 6 2 4 3 2 2 7 1 3 1 5 4 0 2 5 6 5 4 6 4 5 6 6 4 3 5 3 1 1 2 5 4 3 3 6 4 3 1 3 3 0 2 6 5 6 7 6 2 4 5 6 6 5 6 1 3 6 3 0 6 2 6 6 5 6 6 4 2 2 2 5 1 2 
4 5 5 5 4 3 3 2 2 3 2 2 2 1 1 2 2 2 1 2 1 2 3 0 2 2 3 1 3 3 3 2 2 1 3 0 2 3 0 3 2 2 1 2 2 3 3 1 1 2 4 3 1 2 2 1 2 2 3 1 1 3 3 1 0 1 3 3 2 2 1 2 3 2 1 2 1 3 0 3 3 2 2 2 2 2 3 2 2 0 2 2 3 1 2 0 1 2 3 4 2 3 2 3 3 2 2 2 1 0 3 1 2 3 3 3 3 4 0 3 3 2 2 2 2 0 2 0 1 3 2 1 3 1 2 1 3 3 3 3 1 1 3 4 2 2 2 2 4 0 3 3 2 4 3 1 2 2 1 2 1 1 2 2 1 
6 8 8 8 6 5 5 2 3 6 4 0 5 1 4 3 1 2 3 5 3 1 6 2 3 4 5 4 5 4 3 4 4 3 2 2 0 3 2 6 2 5 2 2 4 5 5 1 3 3 7 5 1 5 4 4 5 0 3 3 4 5 6 4 2 1 6 3 1 4 3 1 4 5 1 4 4 3 3 5 5 0 3 4 0 1 1 4 2 2 3 4 6 2 4 2 1 0 6 3 4 1 4 5 3 2 5 5 4 3 6 3 4 6 6 5 4 6 3 3 2 3 4 1 4 2 4 2 1 3 0 3 3 1 5 4 6 6 6 3 3 3 6 6 5 5 0 1 6 2 2 6 0 6 6 2 4 4 1 0 1 3 5 1 1 
8 5 5 5 8 5 2 5 1 5 1 3 4 4 3 1 2 1 2 3 1 4 6 3 0 2 6 4 3 0 1 6 1 5 1 3 3 0 3 5 1 4 4 1 2 3 3 4 3 1 5 2 2 5 5 4 6 4 0 2 4 3 6 5 4 3 4 0 5 2 2 2 0 6 3 5 3 0 3 4 3 3 0 2 4 4 3 3 2 2 2 5 5 2 2 3 2 3 7 1 2 3 4 2 1 1 4 6 4 4 5 3 4 5 5 2 2 3 3 0 1 1 4 5 2 3 5 4 3 0 4 3 1 2 5 4 4 6 5 0 3 5 5 5 4 5 3 4 5 3 1 4 3 4 5 5 5 5 4 3 2 1 4 2 3 
5 6 6 6 5 3 3 2 2 4 2 1 3 1 2 2 2 2 1 3 1 1 4 0 2 2 4 2 4 3 3 3 2 1 3 0 2 3 0 4 2 3 1 2 3 3 3 1 1 2 5 3 1 3 2 2 3 1 3 1 2 3 4 2 0 0 4 2 2 2 1 1 3 3 0 2 2 2 1 3 4 2 2 3 2 1 2 2 1 0 2 2 4 1 3 0 0 2 4 4 2 2 2 3 3 2 2 3 1 1 3 2 2 4 4 4 3 4 1 3 2 2 2 2 3 0 2 0 0 3 1 1 3 1 2 2 4 4 4 3 1 2 4 4 3 3 2 1 4 0 3 3 1 4 4 1 2 2 1 1 0 1 3 2 0 
4 2 2 2 4 1 2 5 3 0 3 5 1 5 2 4 5 4 3 1 3 6 2 3 4 2 3 2 1 4 5 3 3 4 6 3 6 5 4 0 4 1 4 4 2 1 1 5 2 4 1 2 4 1 2 2 2 5 4 3 1 1 1 3 3 5 1 4 6 2 3 5 4 3 4 3 2 4 2 1 2 6 4 2 6 5 6 1 4 3 3 2 0 3 2 4 4 6 3 6 2 6 1 2 6 4 1 3 2 3 1 2 1 0 1 2 3 2 3 5 5 4 1 6 2 3 3 3 5 4 6 2 6 5 2 2 0 2 0 4 2 4 0 0 0 2 6 5 0 3 6 0 5 0 1 4 3 2 5 5 4 3 1 6 4 
7 5 5 5 7 4 2 4 0 4 1 2 3 3 2 1 1 0 1 3 0 3 5 1 0 1 5 3 3 1 1 5 1 4 1 2 2 1 2 4 0 3 3 0 2 3 3 3 2 0 4 2 1 4 4 3 5 3 0 1 3 3 5 4 2 2 3 0 3 2 1 1 1 5 2 4 2 0 2 3 3 2 0 2 3 3 2 3 0 1 1 4 4 1 2 2 1 2 6 1 2 2 3 2 1 0 3 5 3 3 5 2 3 4 5 2 1 3 2 1 0 0 3 3 2 1 4 2 2 0 3 2 1 1 4 3 4 5 4 1 2 4 4 4 3 4 2 3 4 1 1 4 2 4 5 4 4 4 3 2 1 0 3 2 2 
3 3 3 3 3 0 2 4 3 0 2 4 0 3 1 3 4 3 2 1 2 4 2 2 3 2 2 0 2 3 5 2 2 3 5 2 5 4 3 1 3 0 3 4 2 2 1 3 1 3 2 2 3 0 1 1 1 4 4 2 0 2 1 2 2 3 1 4 5 1 2 4 4 2 3 2 1 4 1 1 2 5 4 2 5 4 5 0 3 2 2 1 1 3 2 2 3 5 2 5 2 5 0 2 5 3 0 2 1 2 1 1 0 1 1 2 2 2 2 5 4 3 0 5 2 2 2 2 3 4 4 1 5 4 1 0 1 1 0 4 1 3 0 1 0 1 5 4 1 2 5 1 4 1 1 3 2 1 4 4 3 2 0 5 3 
4 6 6 6 4 3 4 1 3 3 3 2 3 1 2 4 3 3 2 3 2 2 3 1 3 3 3 2 4 4 4 2 3 0 4 1 2 4 1 4 3 3 0 3 3 4 4 1 2 3 5 4 2 3 1 1 2 2 4 2 2 4 3 1 0 1 4 4 2 3 2 2 4 2 1 1 2 4 1 4 4 2 3 3 2 1 3 3 2 1 3 2 4 2 3 1 1 3 3 5 3 3 2 4 4 3 3 2 1 0 3 2 2 4 3 4 4 5 1 4 4 3 2 2 3 1 1 0 1 4 2 2 4 2 2 2 4 3 3 4 2 0 4 4 3 2 3 1 4 1 4 4 2 4 3 0 1 2 1 2 2 2 2 3 1 
7 5 5 5 7 5 2 4 0 4 1 2 3 3 2 1 1 0 1 3 1 3 5 1 0 1 5 3 3 1 1 5 1 4 1 2 2 1 2 4 0 4 3 0 2 3 3 3 2 0 5 2 1 4 4 3 5 3 0 1 3 3 5 4 3 2 4 0 3 2 1 1 1 5 2 4 2 0 2 3 3 2 0 2 3 3 2 3 0 1 1 4 4 1 2 2 1 2 6 1 2 2 3 2 1 0 3 5 3 3 5 2 3 5 5 3 2 3 2 1 0 0 3 3 2 2 4 2 2 0 3 2 1 1 4 3 4 5 5 1 2 4 4 5 3 5 2 3 4 1 1 4 2 4 5 4 4 4 3 2 1 1 4 1 2 
6 3 3 3 6 3 0 5 1 2 0 4 1 4 1 1 3 2 1 1 1 5 4 2 2 0 4 2 1 1 3 4 1 4 4 2 4 2 3 2 2 2 3 2 0 0 1 4 2 1 2 0 2 2 3 3 4 4 2 1 1 0 3 3 3 3 1 2 5 0 1 3 2 4 3 4 1 2 2 1 0 4 2 0 5 4 4 1 2 2 1 3 2 2 0 3 2 4 4 3 0 4 2 0 3 2 1 4 3 3 3 1 2 3 3 0 0 1 2 3 3 1 2 5 0 2 4 3 3 2 5 1 3 3 3 2 2 4 2 2 1 4 2 2 1 3 4 4 2 2 4 2 4 2 3 4 3 3 4 4 3 1 2 4 3 
6 2 2 2 6 2 0 5 2 2 1 5 1 4 1 2 4 3 2 0 2 5 4 2 2 1 4 2 0 2 4 4 1 4 4 3 5 3 3 1 3 2 4 3 0 0 0 4 2 2 1 0 3 2 3 3 3 5 3 2 1 0 3 4 3 4 0 3 6 1 2 4 2 4 4 4 1 3 2 0 0 5 3 0 5 5 5 1 3 3 1 3 2 3 0 3 3 5 4 4 1 5 2 0 4 3 1 4 3 3 3 1 2 2 2 0 1 0 2 4 3 2 2 5 1 3 4 3 4 2 5 2 4 4 3 2 1 3 2 2 1 4 1 2 1 3 5 5 1 3 4 1 4 1 3 4 4 3 5 4 4 2 2 5 4 
5 2 2 2 5 2 0 5 2 2 1 5 1 5 1 2 4 3 2 0 2 5 3 3 3 1 4 2 0 2 4 4 2 4 5 3 5 3 3 1 3 1 4 3 1 0 0 4 2 3 1 1 3 2 3 3 3 5 3 2 1 0 3 3 3 4 0 3 6 1 2 4 3 4 4 4 1 3 2 0 0 5 3 0 6 5 5 1 3 3 2 3 1 3 0 3 3 5 4 4 1 5 2 1 4 3 1 4 3 3 2 1 2 2 2 1 1 0 2 4 4 2 2 6 1 3 4 3 4 3 5 2 4 4 3 2 1 3 2 3 1 4 1 1 1 3 5 5 1 3 5 1 5 1 2 4 3 3 5 5 4 2 2 5 4 
5 7 7 7 5 4 4 1 3 4 3 1 4 0 3 3 2 2 2 4 2 0 4 1 3 3 4 2 5 4 3 3 3 1 3 1 1 4 1 5 3 3 1 3 4 4 4 0 2 3 6 4 1 4 3 2 3 0 3 2 3 4 4 2 1 0 5 3 1 3 2 1 4 3 1 2 3 3 2 4 5 1 3 4 1 0 2 3 2 1 3 3 4 2 4 1 1 2 4 4 3 2 3 4 4 2 3 3 2 1 4 2 3 4 4 5 4 5 2 4 3 3 3 1 4 1 2 1 0 3 1 2 3 1 3 2 5 4 4 4 2 1 4 5 4 3 2 0 5 1 3 4 1 5 4 1 2 3 0 1 1 2 3 2 0 
4 4 4 4 4 2 2 3 2 2 2 3 1 2 0 2 3 2 1 1 1 3 2 1 2 1 2 0 2 3 3 2 2 2 4 1 3 3 1 2 2 1 2 2 2 2 2 2 0 2 3 2 2 1 1 1 2 3 3 1 0 2 2 1 1 2 2 3 4 1 1 2 3 2 2 2 0 3 0 2 2 3 3 2 3 3 4 0 2 1 1 1 2 1 1 1 2 4 3 4 1 4 0 2 4 2 1 2 1 1 2 0 0 2 2 2 2 3 0 4 3 2 0 3 2 1 2 1 2 3 3 0 4 2 1 0 2 2 2 3 0 2 2 3 1 2 3 3 2 1 4 2 3 2 2 2 2 1 3 3 2 1 1 3 2 
6 5 5 5 6 4 2 4 0 4 1 2 3 3 2 0 1 0 1 2 0 3 5 1 0 1 5 3 3 1 1 4 1 3 2 2 3 1 2 4 0 3 3 0 1 2 3 3 2 0 4 2 1 3 4 3 4 3 0 0 2 2 5 3 2 2 3 0 4 1 0 1 1 5 2 4 1 0 2 3 2 2 0 2 3 3 2 2 1 1 0 3 4 1 2 2 1 2 5 2 1 2 3 2 2 0 3 5 3 2 4 1 3 4 4 2 1 3 1 1 1 0 3 3 1 1 4 2 2 0 3 1 2 1 3 3 4 5 4 1 1 4 4 4 3 4 2 3 4 1 2 3 2 4 4 4 4 4 3 2 1 0 3 2 2 
6 1 1 1 6 3 2 7 4 2 3 6 2 6 2 4 6 4 3 1 4 7 4 4 4 3 4 3 1 4 5 5 3 5 6 4 7 5 5 1 4 2 5 5 2 1 1 6 3 4 0 2 5 2 4 4 4 7 4 3 2 1 3 4 5 6 1 5 7 2 4 5 4 5 5 5 3 5 4 1 1 7 4 2 7 6 7 2 5 4 3 4 1 4 2 5 5 7 4 6 2 7 3 2 6 4 2 5 4 4 3 3 3 2 2 2 3 1 4 5 5 4 2 7 2 4 5 5 6 4 7 3 6 5 3 3 1 3 2 4 3 6 1 1 2 4 6 6 1 4 6 1 6 0 3 6 4 4 6 6 5 4 2 6 5 
6 2 2 2 6 3 0 5 1 3 1 4 1 4 1 1 4 2 2 1 2 5 4 2 2 1 5 3 0 1 3 5 1 5 4 3 5 2 3 2 2 2 4 2 0 0 1 4 2 2 2 0 3 3 4 3 4 5 2 2 2 0 4 4 4 4 1 2 6 1 2 3 2 5 4 4 1 2 2 1 0 5 2 0 5 5 5 2 3 3 1 3 2 2 0 3 3 5 5 3 1 5 2 0 4 2 2 5 3 3 3 2 2 3 3 0 0 0 2 3 3 2 2 5 0 3 5 3 4 2 5 2 4 4 3 3 2 4 3 2 2 5 2 2 2 4 4 5 2 3 4 2 4 2 3 5 4 4 5 4 3 2 3 4 4 
6 6 6 6 6 4 3 3 1 4 2 1 3 1 2 2 1 1 1 3 1 2 5 1 1 2 5 2 4 2 2 4 2 2 2 1 1 2 1 4 1 3 2 1 2 3 3 1 2 1 5 3 0 4 3 3 4 2 2 1 3 3 5 3 1 1 4 1 2 2 1 0 2 4 0 3 2 1 1 4 3 1 1 3 2 2 1 3 0 0 1 3 4 0 3 1 0 1 5 2 2 1 3 3 2 1 3 4 2 2 4 2 3 4 4 3 2 4 1 2 1 1 3 2 2 1 3 1 1 1 2 1 2 0 3 2 4 5 4 2 2 3 4 5 3 4 1 2 4 0 2 4 1 4 4 2 3 3 2 1 0 1 3 1 0 
3 3 3 3 3 0 2 4 3 0 3 5 1 4 1 4 5 4 2 1 3 5 1 2 4 2 2 1 2 4 5 2 3 3 6 2 5 5 3 1 4 0 3 4 2 2 2 4 1 3 2 3 4 0 1 1 1 5 4 2 1 2 1 2 3 4 1 4 5 2 3 4 4 2 4 2 2 4 2 1 2 5 4 2 5 4 5 1 4 3 3 1 0 3 2 3 3 5 2 6 2 5 0 3 5 4 0 2 1 2 0 1 0 0 0 3 3 2 2 5 5 3 0 5 2 3 2 2 4 4 5 2 5 4 1 1 1 1 0 4 2 3 0 1 0 1 5 4 1 3 6 1 5 1 0 3 2 1 4 5 4 3 0 5 4 
2 5 5 5 2 1 3 3 3 2 3 4 2 3 2 4 4 4 2 2 3 4 1 2 4 3 1 1 3 4 5 1 3 1 5 2 4 5 2 2 4 1 1 4 3 3 3 3 1 4 4 4 3 1 0 0 0 4 4 3 1 3 1 0 2 3 3 4 4 2 3 4 5 0 3 0 2 4 1 3 4 4 4 3 4 3 5 2 4 2 3 0 2 3 3 2 3 4 1 6 3 5 1 4 5 4 1 1 0 1 1 2 1 2 1 4 4 4 2 5 5 4 1 4 3 2 1 1 3 4 4 2 5 4 0 1 2 1 1 5 2 1 2 3 2 0 4 3 3 2 5 2 4 3 1 2 0 0 3 4 3 3 1 4 3 
3 5 5 5 3 1 3 3 3 2 3 3 2 2 2 3 4 3 2 2 2 3 2 1 3 2 1 0 3 4 4 1 3 1 5 1 4 4 2 2 3 1 1 3 3 3 3 2 1 3 4 3 3 1 0 0 1 3 4 2 1 3 2 0 1 2 3 4 4 2 2 3 4 1 2 1 2 4 1 2 3 4 4 3 3 3 4 1 3 2 2 0 2 2 2 2 2 4 2 5 2 4 1 3 5 3 1 1 0 1 1 1 1 2 2 3 3 3 1 5 4 3 1 3 3 2 1 1 2 4 3 1 5 3 0 0 2 2 2 4 1 1 2 3 2 1 4 3 3 2 5 2 3 3 1 2 0 0 2 3 3 2 1 4 2 
2 5 5 5 2 1 4 4 4 2 4 4 2 3 3 5 5 4 3 3 4 4 0 3 5 3 0 1 4 5 6 1 4 2 6 2 5 6 3 2 5 1 2 5 4 3 3 3 2 4 4 4 4 1 0 1 0 4 5 3 2 4 1 1 2 4 3 5 5 3 4 4 5 0 4 1 3 5 2 3 4 5 5 3 5 4 6 2 4 3 4 0 2 3 3 3 4 5 0 7 3 6 1 4 6 4 2 0 1 2 1 2 1 1 1 4 4 4 2 6 5 4 1 4 4 3 1 2 4 5 4 3 6 4 0 1 2 1 1 5 2 2 2 3 2 0 5 4 3 3 6 2 5 3 1 2 0 0 3 5 4 4 1 5 4 
6 7 7 7 6 5 4 1 3 5 4 0 4 0 4 4 2 3 3 5 3 0 5 2 3 4 5 3 5 4 3 4 4 2 3 2 0 4 1 5 3 4 2 3 4 5 5 0 3 3 7 5 2 5 4 3 4 0 4 3 4 5 5 3 2 0 5 3 0 4 2 1 4 4 1 3 3 3 2 5 5 1 3 4 0 1 1 4 2 2 3 4 5 2 4 1 1 1 5 4 4 1 4 5 3 3 4 4 3 2 5 3 4 5 5 5 4 6 2 3 3 3 4 0 4 2 3 2 0 3 0 3 3 1 4 3 5 5 5 4 3 2 5 6 5 4 1 0 6 2 3 5 0 6 5 2 3 4 1 1 1 3 4 1 1 
7 5 5 5 7 5 2 5 0 4 1 3 3 4 2 0 2 1 2 3 1 4 6 2 0 1 6 3 3 0 1 5 1 4 1 3 3 0 3 4 0 4 4 0 2 3 3 3 3 0 4 2 2 4 4 4 5 4 0 1 3 3 5 4 3 3 3 0 4 2 1 2 0 5 2 5 2 0 2 3 2 3 0 2 4 4 2 3 1 2 1 4 4 2 2 3 2 3 6 1 2 2 4 2 1 1 3 5 4 3 5 2 3 5 5 2 1 3 2 1 0 0 3 4 2 2 5 3 3 0 4 2 1 2 4 3 4 5 5 0 2 5 4 5 3 5 2 4 4 2 1 4 3 4 5 4 5 5 4 3 2 1 4 2 3 
5 4 4 4 5 3 1 3 0 3 1 2 2 2 1 1 2 1 0 2 0 3 4 0 1 0 4 2 2 1 2 4 1 3 3 1 3 2 1 3 1 2 2 1 1 2 2 2 1 0 3 2 1 2 3 2 3 3 1 0 1 2 4 3 2 2 2 1 3 1 0 2 2 4 2 3 0 1 1 2 2 3 1 1 3 3 3 1 1 0 0 2 3 0 1 1 1 3 4 3 1 3 2 1 3 1 2 4 2 2 3 1 2 3 3 2 1 2 1 2 2 0 2 3 1 1 3 2 2 1 3 0 2 2 3 2 3 4 3 1 0 3 3 3 2 3 3 3 3 1 3 2 2 3 3 3 3 3 3 2 1 0 2 2 2 
4 3 3 3 4 1 1 4 2 1 2 4 0 3 0 3 4 2 1 1 2 4 2 1 3 1 2 0 2 3 4 2 2 2 4 1 4 4 2 1 3 0 2 3 1 1 1 3 0 2 2 2 3 1 1 1 2 4 3 1 0 2 2 2 2 3 1 3 4 1 2 3 3 2 3 2 1 3 1 1 2 4 3 1 4 3 4 0 3 2 2 1 1 2 1 2 2 4 3 5 1 4 0 2 4 2 0 2 1 1 1 0 0 1 1 2 2 2 1 4 3 2 0 4 1 2 2 2 3 3 4 1 4 3 1 0 1 2 1 3 0 3 1 2 0 2 4 4 2 2 4 1 3 2 1 3 2 1 3 4 3 2 0 4 3 
6 2 2 2 6 2 0 5 2 2 1 5 1 4 1 2 4 3 2 0 2 5 4 2 2 1 4 2 0 2 4 4 1 4 4 3 5 3 3 1 3 2 4 3 0 0 0 4 2 2 1 0 3 2 3 3 4 5 3 2 2 0 3 4 3 4 0 3 6 1 2 4 2 4 4 4 1 3 2 0 0 5 3 0 5 5 5 1 3 3 2 3 2 3 0 3 3 5 4 4 1 5 2 1 4 3 1 4 3 3 3 1 2 2 2 0 1 0 2 4 3 2 2 5 1 3 4 3 4 3 5 2 4 4 3 2 1 3 2 3 1 5 2 2 1 3 5 5 1 3 4 1 4 1 3 5 4 3 5 5 4 2 2 5 4 
2 4 4 4 2 0 3 5 4 1 4 5 2 4 3 5 6 5 3 2 4 5 0 3 5 3 1 2 3 5 6 2 4 3 7 3 6 6 4 1 5 1 3 5 3 3 3 4 2 5 3 4 5 1 1 2 1 5 5 4 2 3 0 2 3 4 2 5 6 3 4 5 5 1 5 2 3 5 3 2 3 6 5 3 6 5 6 2 5 4 4 1 1 4 3 4 4 6 1 7 3 6 1 4 7 5 2 1 2 3 0 3 1 0 0 4 4 3 3 6 6 4 1 5 3 4 2 3 5 5 5 3 6 5 1 2 1 0 0 5 3 3 1 2 2 1 6 5 2 4 7 2 5 2 0 3 2 1 4 5 5 4 1 6 4 
3 5 5 5 3 2 3 2 3 2 3 3 2 2 2 4 4 3 2 3 3 3 2 2 4 3 1 1 4 4 5 1 3 1 5 1 4 5 2 3 4 2 1 4 3 4 3 2 1 3 4 4 3 2 0 0 1 3 4 3 2 4 2 0 1 2 3 4 3 3 3 3 5 1 2 0 2 4 1 3 4 4 4 3 3 2 4 2 3 2 3 1 3 2 3 2 2 4 2 6 3 4 1 4 5 3 2 1 0 1 2 2 1 2 2 4 4 4 2 5 4 3 2 3 3 2 0 1 2 4 3 2 5 3 1 1 3 2 2 4 2 1 3 4 2 1 4 2 3 2 5 3 3 4 2 1 0 0 2 3 3 3 2 4 2 
4 6 6 6 4 3 3 1 2 3 3 2 3 1 2 3 2 2 2 3 2 2 3 1 3 2 3 1 4 4 3 2 3 1 4 0 2 4 0 3 2 2 0 3 3 3 3 1 1 2 5 4 1 3 2 1 2 2 3 2 2 3 3 1 0 1 4 3 2 2 2 2 4 2 1 1 2 3 1 3 4 2 3 3 2 1 3 2 2 1 2 2 3 1 3 0 1 2 3 4 3 3 2 3 4 2 2 2 1 0 3 1 2 3 3 4 3 4 1 4 3 2 2 2 3 1 1 0 1 3 2 1 4 2 2 1 3 3 3 3 1 1 3 4 3 2 2 1 4 1 4 3 2 4 3 1 1 2 1 2 1 2 2 3 1 
5 7 7 7 5 4 4 1 2 4 3 0 4 0 3 3 1 2 2 4 2 1 4 1 3 3 4 3 4 3 3 3 3 1 3 1 1 3 0 5 2 3 1 2 3 4 4 0 2 2 6 4 1 4 3 2 4 0 3 2 3 4 4 2 1 0 4 3 1 3 2 1 3 3 0 3 3 3 2 4 4 1 2 3 1 1 2 3 1 1 2 3 4 1 3 0 1 1 5 4 3 2 3 4 3 2 3 3 2 1 4 2 3 5 4 4 3 5 1 3 2 2 3 1 3 1 2 1 0 3 1 2 3 1 3 2 5 4 4 3 2 2 4 5 4 3 1 0 5 1 3 4 0 5 4 1 3 3 0 1 0 2 3 1 0 
5 2 2 2 5 2 1 6 3 1 2 5 1 5 1 3 5 3 2 0 3 6 3 3 3 2 4 2 0 3 4 4 2 4 5 3 6 4 4 1 3 1 4 4 1 0 0 5 2 3 1 1 4 1 3 3 3 5 3 2 1 0 2 3 4 4 0 4 6 1 3 4 3 4 4 4 1 4 2 0 1 5 3 1 6 5 6 1 4 3 2 3 1 3 1 4 4 6 4 5 1 5 2 1 5 3 1 4 3 3 2 2 2 2 2 1 2 1 3 4 4 3 1 6 1 3 4 3 4 3 6 2 5 4 2 2 1 3 2 3 2 4 1 1 1 3 5 5 0 3 5 0 5 0 2 5 3 3 5 5 4 3 2 5 4 
7 5 5 5 7 5 2 4 1 5 1 3 3 3 2 0 1 0 1 3 1 3 6 2 0 2 6 3 3 1 0 5 1 4 1 3 3 0 2 4 0 4 4 0 2 3 3 3 3 0 5 2 1 4 4 4 5 3 0 1 3 3 5 4 3 3 4 0 4 2 1 1 0 5 2 5 2 0 2 4 3 2 0 2 3 4 2 3 1 2 1 4 4 1 2 2 2 2 6 1 2 2 4 2 1 0 3 5 4 3 5 2 4 5 5 2 2 3 2 0 0 0 4 4 2 2 5 3 2 0 3 2 1 1 4 3 4 6 5 0 2 4 4 5 4 5 2 3 4 2 1 4 2 4 5 4 5 5 3 2 2 1 4 2 2 
6 8 8 8 6 5 5 1 4 6 4 1 5 1 4 4 2 3 3 5 3 0 5 3 4 4 5 4 6 5 4 4 4 2 4 2 1 5 2 6 3 5 2 3 5 6 6 1 4 4 7 6 2 5 4 4 5 0 4 3 4 6 6 3 2 1 6 4 0 4 3 2 5 4 1 3 4 4 3 6 6 1 4 5 0 0 2 4 2 2 4 4 6 3 5 2 2 1 5 5 5 2 4 5 4 3 5 4 3 2 5 4 4 6 6 6 5 6 3 4 4 4 4 0 5 2 3 2 1 4 0 3 4 2 4 4 6 6 6 4 4 2 6 7 5 4 2 0 6 2 4 6 1 6 5 2 4 4 1 1 2 3 5 2 1 
5 3 3 3 5 2 0 4 1 2 1 3 1 3 0 1 3 2 0 1 1 4 3 1 2 0 4 1 1 2 3 3 1 3 4 2 4 2 2 2 2 1 3 2 0 1 1 3 1 1 2 1 2 2 2 2 3 4 2 1 1 1 3 3 2 3 1 2 4 0 1 3 2 3 3 3 0 2 1 1 1 4 2 0 4 4 4 0 2 1 0 2 2 1 0 2 2 4 4 3 0 4 1 1 3 2 1 3 2 2 3 0 1 2 2 1 1 1 1 3 2 1 1 4 0 1 3 2 3 2 4 1 3 3 2 1 2 3 2 2 0 3 2 2 1 3 4 4 2 2 3 1 3 2 2 3 3 3 3 3 2 1 1 3 2 
6 5 5 5 6 3 1 3 0 3 1 2 2 2 1 1 2 0 0 2 0 3 4 0 1 1 4 2 2 1 2 4 1 3 2 1 3 2 1 3 1 2 2 1 1 2 2 2 1 0 4 2 1 3 3 2 4 2 1 0 2 2 4 3 2 2 3 1 3 1 0 1 2 4 1 3 1 1 1 2 2 2 1 1 3 3 2 2 1 0 0 3 3 0 1 1 1 2 4 2 1 2 2 2 2 0 2 4 2 2 3 1 2 3 3 2 1 3 1 2 1 0 2 3 1 1 3 2 2 1 3 1 2 1 3 2 3 4 3 1 1 3 3 4 2 3 2 3 3 1 2 3 2 3 3 3 3 3 3 2 1 0 2 2 1 
6 6 6 6 6 5 3 2 2 5 2 1 4 2 3 2 0 1 2 4 1 2 5 1 1 2 5 3 4 2 1 4 2 3 1 2 1 2 1 5 1 4 2 1 3 4 4 1 2 1 5 3 0 4 4 3 4 1 2 2 3 4 5 3 2 1 4 1 2 3 1 0 2 4 0 4 2 1 2 4 4 1 1 3 2 2 1 3 0 1 2 4 5 1 3 1 0 1 5 2 3 1 3 3 2 1 3 4 3 2 5 2 3 5 5 4 3 4 2 2 1 1 3 2 3 1 4 2 1 2 2 2 1 0 4 3 5 5 5 2 2 3 5 5 4 4 1 2 5 1 2 4 0 5 5 3 4 4 2 0 0 1 4 0 1 
7 5 5 5 7 5 2 5 1 4 1 3 3 4 2 0 2 1 2 3 1 4 6 2 0 1 6 4 3 0 1 6 1 5 2 3 4 0 3 4 1 4 4 1 2 2 3 4 3 1 4 2 2 4 5 4 5 4 0 2 3 2 5 5 4 3 3 0 5 2 2 2 0 6 3 5 2 0 3 3 2 3 1 2 4 5 3 3 2 2 1 5 4 2 2 3 2 3 6 1 2 3 4 2 1 1 3 6 4 4 5 2 4 5 5 2 1 3 3 1 1 1 4 5 2 3 5 4 3 0 4 2 1 2 5 4 4 6 5 0 2 5 4 4 3 5 3 4 4 3 2 4 3 4 5 5 5 5 4 3 2 1 4 3 3 
1 6 6 6 1 1 4 3 4 2 4 4 3 3 3 5 5 5 3 3 4 4 1 3 5 4 0 2 4 5 6 0 4 2 6 2 5 6 3 3 5 2 2 5 4 4 4 3 2 5 5 5 4 2 0 1 0 4 5 4 2 4 1 1 2 3 4 5 4 3 4 4 6 0 4 0 3 5 2 4 4 5 5 4 4 3 6 3 4 3 4 1 3 4 4 3 4 5 1 7 4 6 2 5 6 5 2 0 1 2 1 3 2 2 2 5 5 5 3 6 5 4 2 4 4 3 1 2 4 5 4 3 6 4 1 2 3 1 2 5 3 1 3 3 3 0 5 4 3 3 6 3 4 4 2 2 0 0 3 5 4 4 2 5 4 
5 6 6 6 5 4 3 2 2 4 3 0 3 1 2 2 1 1 2 4 1 1 5 1 2 2 4 2 4 3 2 3 2 2 2 1 1 3 0 4 2 3 1 2 3 4 4 1 2 2 5 4 0 4 3 2 4 1 2 2 3 4 5 2 1 0 4 2 1 3 1 0 3 4 0 3 2 2 1 4 4 1 2 3 1 1 1 3 1 1 2 3 4 1 3 0 0 1 5 3 3 1 3 3 3 1 3 4 2 1 4 2 3 4 4 4 3 4 1 3 2 2 3 1 3 1 3 1 0 2 1 2 2 0 3 2 4 5 4 3 2 2 4 5 4 3 1 1 5 0 2 4 0 5 4 2 3 3 1 0 0 1 3 1 0 
2 6 6 6 2 2 4 2 4 3 4 3 3 2 3 4 4 4 3 3 3 3 2 2 4 3 1 1 4 5 5 0 4 1 6 2 4 5 2 3 4 2 1 4 4 4 4 2 2 4 5 4 3 2 0 1 1 3 5 3 2 4 2 0 1 3 4 5 3 3 3 4 5 0 3 0 3 5 2 4 4 4 5 4 3 2 5 2 4 3 3 1 3 3 4 2 3 4 2 6 3 5 2 4 6 4 2 0 1 1 2 2 2 3 2 5 4 5 2 6 5 4 2 3 4 2 0 1 3 5 3 2 6 4 1 1 3 2 2 5 2 1 3 4 3 1 4 3 4 2 6 3 4 4 2 1 0 0 2 4 3 3 2 4 3 
5 3 3 3 5 2 1 4 1 2 1 3 1 3 0 1 3 1 0 1 1 4 3 1 2 0 3 1 1 2 3 3 1 3 4 1 4 3 2 2 2 1 2 2 1 1 1 3 0 1 3 1 2 2 2 2 3 3 2 0 1 1 3 2 2 3 1 2 4 0 1 2 2 3 2 3 0 2 1 1 1 3 2 1 4 3 4 0 2 1 0 2 2 1 1 2 2 4 4 3 0 4 1 1 3 1 1 3 1 2 2 0 1 2 2 1 1 2 1 3 2 1 1 4 1 1 3 2 2 2 4 0 3 2 2 1 2 3 2 2 0 3 2 2 1 2 3 3 2 1 3 2 3 2 2 3 2 2 3 3 2 1 1 3 2 
7 5 5 5 7 5 2 4 1 5 1 3 3 3 2 0 1 0 2 3 1 4 6 2 0 2 6 3 3 1 0 5 1 4 1 3 3 0 2 4 0 4 4 0 2 3 3 3 3 0 5 2 1 4 4 4 5 3 0 1 3 3 5 4 3 3 4 0 4 2 1 1 0 5 2 5 2 0 2 4 3 2 0 2 4 4 2 3 1 2 1 4 4 1 2 3 2 2 6 1 2 2 4 2 1 0 3 5 4 3 5 2 4 5 5 2 1 3 2 0 0 0 4 4 2 2 5 3 2 0 3 2 1 2 4 3 4 6 5 0 2 5 4 5 4 5 2 4 4 2 1 4 2 4 5 4 5 5 4 2 2 1 4 2 2 
4 5 5 5 4 2 2 3 2 2 2 2 2 2 1 2 2 2 1 2 1 3 3 0 2 1 3 1 3 3 3 2 2 2 3 0 3 3 1 2 2 1 1 2 2 2 2 2 0 2 4 2 1 2 1 1 2 2 2 1 1 2 3 1 1 2 2 2 3 1 1 2 3 2 1 2 1 2 0 2 2 3 2 2 3 2 3 1 2 0 1 1 2 1 2 1 1 3 3 4 1 3 1 2 3 2 1 2 1 1 2 0 1 3 3 3 2 3 0 3 3 2 1 3 2 0 2 1 2 2 3 0 3 2 2 1 2 3 2 3 0 2 2 3 2 2 3 2 3 1 3 2 2 3 2 2 2 2 2 2 1 1 1 3 1 
5 2 2 2 5 2 1 5 3 1 2 5 0 4 1 3 5 3 2 0 2 5 3 3 3 2 3 2 0 3 4 4 2 4 5 3 5 4 3 1 3 1 4 3 1 0 0 4 2 3 1 1 4 1 3 2 3 5 3 2 1 0 2 3 3 4 0 4 6 1 2 4 3 4 4 4 1 4 2 0 1 5 3 1 6 5 5 1 4 3 2 2 1 3 1 3 3 5 4 5 1 5 1 1 5 3 1 4 2 3 2 1 1 1 2 1 2 1 2 4 4 3 1 6 1 3 4 3 4 3 5 2 5 4 2 2 0 3 1 3 1 4 1 1 0 3 5 5 0 3 5 0 5 0 2 4 3 3 5 5 4 2 1 5 4 
6 2 2 2 6 3 0 6 2 2 1 5 1 5 1 2 4 2 2 1 2 5 4 3 2 1 4 2 0 2 3 5 1 5 4 3 5 3 4 2 3 2 4 3 0 0 0 5 2 2 1 0 3 2 4 3 4 5 2 2 2 0 3 4 4 4 1 3 6 1 2 4 2 4 4 4 1 3 2 1 0 5 3 0 6 5 5 1 3 3 1 3 2 3 0 3 3 5 5 4 1 5 2 0 4 2 2 4 3 3 3 2 2 3 3 0 1 0 3 3 3 2 2 6 0 3 4 4 4 2 5 2 4 4 3 2 2 4 3 2 2 5 2 2 1 4 5 5 2 3 4 1 5 1 3 5 4 4 5 5 4 2 2 5 4 
7 7 7 7 7 5 4 2 3 6 3 0 5 1 4 3 1 2 3 5 2 1 6 2 3 3 6 4 5 3 2 5 3 3 2 2 0 3 2 6 2 5 2 2 4 5 5 1 3 2 7 5 1 5 4 4 5 1 3 3 4 5 6 4 2 1 5 2 1 4 2 1 3 5 1 4 3 2 3 5 5 0 2 4 1 2 0 4 1 2 3 4 6 2 4 2 1 0 6 3 4 0 4 4 2 2 4 5 4 3 6 3 4 6 6 5 4 5 3 3 2 2 4 1 4 2 4 2 1 3 1 3 2 1 5 4 6 6 6 3 3 3 5 6 5 5 0 1 6 2 2 5 0 6 6 3 4 4 2 0 1 2 5 0 1 
7 5 5 5 7 5 2 4 0 4 1 2 3 3 2 0 1 0 1 3 1 3 6 2 0 1 6 3 3 1 0 5 1 4 1 2 3 0 2 4 0 4 3 0 2 3 3 3 3 0 4 2 1 4 4 4 5 3 0 1 3 3 5 4 3 2 3 0 4 2 1 1 1 5 2 5 2 0 2 3 3 2 0 2 3 4 2 3 1 1 1 4 4 1 2 2 1 2 6 1 2 2 3 2 1 0 3 5 3 3 5 2 3 5 5 2 1 3 2 1 0 0 3 4 2 2 5 3 2 0 3 2 1 1 4 3 4 5 5 0 2 4 4 5 3 5 2 3 4 2 1 4 2 4 5 4 4 4 3 2 1 1 4 2 2 
6 3 3 3 6 3 0 5 1 2 0 4 1 4 1 1 3 2 1 1 1 5 4 2 2 0 4 2 1 1 3 4 1 4 4 2 4 2 3 2 2 2 3 2 0 0 0 4 2 2 2 0 3 2 3 3 3 4 2 1 1 0 3 3 3 3 1 2 5 0 1 3 2 4 3 4 1 2 2 1 0 4 2 0 5 4 4 1 3 2 1 3 2 2 0 3 3 4 4 3 0 4 2 0 3 2 1 4 2 3 3 1 2 2 3 0 0 1 2 3 3 1 2 5 0 2 4 3 3 2 5 1 3 3 3 2 2 3 2 2 1 4 2 2 1 3 4 4 2 2 4 1 4 2 3 4 3 3 4 4 3 1 2 4 3 
6 8 8 8 6 5 5 1 4 6 4 0 5 1 4 4 2 3 3 5 3 0 5 3 4 4 5 4 6 5 3 4 4 2 3 2 0 4 2 6 3 5 2 3 5 5 6 1 3 3 7 5 2 5 4 3 5 0 4 3 4 5 6 3 2 1 6 3 0 4 3 2 4 4 1 3 4 4 3 6 6 1 3 5 0 1 2 4 2 2 4 4 6 2 5 2 2 1 5 4 4 2 4 5 4 3 5 4 3 2 5 4 4 6 6 6 5 6 3 4 3 3 4 0 5 2 3 2 1 4 0 3 3 1 4 4 6 6 5 4 4 2 6 6 5 4 1 0 6 2 3 6 1 6 5 2 4 4 1 1 2 3 5 2 1 
5 7 7 7 5 4 5 0 4 5 4 1 4 0 4 4 2 3 3 5 3 0 4 2 4 4 4 3 5 5 4 3 4 1 4 2 1 4 1 5 3 4 1 3 4 5 5 0 3 3 6 5 2 4 3 3 4 1 4 3 3 5 5 2 1 1 5 4 0 4 3 2 5 3 1 2 3 4 2 5 5 2 4 4 1 0 2 4 2 2 3 3 5 2 4 1 2 2 4 5 4 2 3 5 4 3 4 3 2 1 4 3 3 5 5 5 4 6 2 4 4 3 4 0 4 2 2 1 1 4 0 3 4 2 3 3 5 5 5 4 3 1 5 6 4 3 2 0 6 2 4 5 1 6 5 1 3 3 0 2 2 3 4 2 1 
7 7 7 7 7 6 4 3 3 6 3 1 5 2 4 3 0 2 3 5 2 2 6 3 2 3 6 4 5 3 2 5 3 4 1 3 1 3 2 6 2 5 3 2 4 5 5 2 4 2 7 5 1 5 5 4 6 1 2 3 4 5 6 4 3 2 6 2 2 4 2 1 3 6 1 5 4 2 3 5 5 0 2 4 2 2 0 4 1 2 3 5 6 2 4 2 2 0 7 2 4 0 5 4 2 2 5 6 4 3 6 4 5 6 6 5 4 5 3 2 2 2 5 2 4 2 5 3 1 2 2 3 1 1 5 4 6 6 6 3 4 4 6 7 5 5 0 2 6 2 1 6 1 6 6 3 5 5 2 0 1 2 5 0 1 
4 3 3 3 4 1 1 4 2 1 2 4 0 3 0 2 4 2 1 0 2 4 2 1 2 1 3 1 1 3 4 3 2 3 4 2 4 3 2 1 3 0 3 3 1 1 1 3 0 2 2 2 3 1 2 1 2 4 3 1 0 1 2 2 2 3 1 3 4 0 2 3 3 3 3 2 0 3 1 1 1 4 3 1 4 4 4 0 3 2 1 1 1 2 1 2 2 4 3 4 1 4 0 2 4 2 0 3 1 2 2 0 0 1 1 2 2 2 1 4 3 2 0 4 1 2 3 2 3 3 4 1 4 3 1 1 1 2 1 3 0 3 1 2 0 2 4 4 1 2 4 1 4 1 2 3 2 2 3 4 3 2 1 4 3 
6 6 6 6 6 4 3 3 1 4 2 1 3 2 2 1 0 0 1 3 1 2 5 1 1 2 5 3 4 2 1 4 2 3 1 2 2 2 1 4 0 3 2 0 2 3 3 2 2 1 5 3 0 4 4 3 4 2 1 1 3 3 5 3 2 1 4 1 2 2 1 0 2 4 1 4 2 1 2 4 3 1 1 3 2 2 1 3 0 1 1 4 4 0 3 1 0 1 5 2 2 1 3 3 1 0 3 4 3 2 5 2 3 5 5 3 2 4 1 1 1 1 3 2 2 1 4 2 1 1 2 2 1 0 4 3 4 5 4 1 2 3 4 5 3 4 1 2 5 1 1 4 1 5 5 3 4 4 2 1 0 1 4 1 1 
5 5 5 5 5 3 2 2 1 3 2 2 2 1 1 2 1 1 0 2 0 2 4 0 1 1 4 2 3 2 2 3 1 2 3 0 2 2 0 3 1 2 1 1 2 3 3 1 1 1 4 3 0 3 2 2 3 2 2 0 2 3 4 2 1 1 3 2 2 1 0 1 2 3 1 3 1 2 0 3 3 2 1 2 2 2 2 2 1 0 1 2 3 0 2 0 0 2 4 3 2 2 2 2 3 1 2 3 2 1 3 1 2 3 3 3 2 3 0 2 2 1 2 2 2 0 3 1 1 2 2 0 3 1 2 2 3 4 3 2 1 2 3 4 2 3 2 2 4 0 3 3 1 4 3 2 2 2 2 1 1 1 2 2 1 
6 4 4 4 6 3 1 4 0 3 0 3 2 3 1 1 2 1 0 2 0 3 4 1 1 0 4 2 2 1 2 4 0 3 3 2 3 2 2 3 1 2 3 1 1 1 2 3 1 0 3 1 1 3 3 2 4 3 1 0 2 2 4 3 2 2 2 1 4 0 0 2 1 4 2 3 0 1 1 2 1 3 1 1 4 3 3 1 1 1 0 3 3 1 1 2 1 3 5 2 0 3 2 1 2 1 2 4 2 2 3 1 2 3 3 1 1 2 1 2 2 0 2 4 1 1 4 2 2 1 3 1 2 2 3 2 3 4 3 1 1 4 3 3 2 3 3 3 3 1 3 2 3 3 3 3 3 3 3 3 2 0 2 3 2 
2 5 5 5 2 1 3 3 3 1 3 4 2 3 2 4 4 3 2 2 3 4 1 2 4 3 1 0 3 4 5 1 3 2 5 2 4 5 2 2 4 1 2 4 3 3 3 3 1 3 4 3 3 1 0 0 0 4 4 2 1 3 1 1 2 3 3 4 4 2 3 4 5 1 3 1 2 4 1 2 3 4 4 3 4 3 5 1 4 2 3 0 2 3 3 2 3 5 1 6 3 5 1 3 5 3 1 1 0 1 1 2 1 1 1 4 3 3 2 5 4 3 1 4 3 2 1 2 3 4 4 2 5 4 0 0 2 1 1 4 2 2 2 3 2 0 5 3 2 2 5 2 4 3 1 2 0 0 3 4 3 3 1 5 3 
4 2 2 2 4 1 2 5 3 0 3 5 1 5 2 4 5 4 3 1 3 5 2 3 4 2 2 2 2 4 5 3 3 4 6 3 6 5 4 0 4 1 4 4 2 2 1 4 2 4 1 2 4 0 2 2 2 5 4 3 1 2 1 3 3 4 1 4 6 2 3 5 4 3 4 3 2 4 2 1 2 6 4 2 6 5 6 1 4 3 3 2 0 3 2 4 4 6 2 6 2 6 1 3 6 4 1 3 2 3 1 2 1 0 0 2 3 2 3 5 5 4 1 6 2 3 3 3 4 4 5 2 6 5 1 2 0 1 0 4 2 4 0 0 0 2 6 5 0 3 6 0 5 1 1 4 2 2 5 5 4 3 1 6 4 
5 5 5 5 5 3 2 3 1 3 1 2 2 2 1 1 1 0 0 2 0 2 4 0 1 1 4 2 3 2 2 4 1 2 2 1 2 2 1 3 1 3 2 1 2 3 3 2 1 1 4 2 0 3 3 2 3 2 2 0 2 3 4 2 1 1 3 1 3 1 0 1 2 4 1 3 1 1 1 3 3 2 1 2 2 2 2 2 0 0 1 3 3 0 2 1 0 2 4 3 2 2 2 2 2 0 2 4 2 1 4 1 2 4 4 3 2 3 1 2 1 1 2 2 2 0 3 1 1 1 2 1 2 1 3 2 3 4 4 2 1 3 3 4 3 3 2 2 4 0 2 3 1 4 4 2 3 3 2 1 0 0 3 2 1 
5 3 3 3 5 2 0 5 1 2 1 4 1 4 0 1 3 2 1 0 1 5 4 2 2 0 4 2 1 2 3 4 1 4 4 2 4 2 3 2 2 2 3 2 0 0 0 4 1 2 2 0 3 2 3 2 3 4 2 1 1 0 3 3 3 3 1 2 5 0 1 3 2 4 3 4 1 2 2 1 0 4 2 0 5 4 4 1 3 2 1 3 2 2 0 3 3 4 4 3 0 4 2 0 4 2 1 4 2 3 3 1 2 2 3 0 0 1 2 3 3 2 1 5 0 2 4 3 3 2 5 1 4 3 3 2 2 3 2 2 1 4 2 2 1 3 4 4 2 2 4 1 4 2 3 4 3 3 4 4 3 1 2 4 3 
5 6 6 6 5 3 3 2 2 3 2 1 3 1 2 3 2 2 1 3 1 1 4 0 2 2 3 2 4 3 3 3 2 1 3 0 2 3 0 4 2 2 1 2 3 3 3 1 1 2 5 3 1 3 2 2 3 1 3 1 2 3 4 2 0 0 4 2 2 2 1 1 3 3 0 2 2 3 1 3 3 2 2 3 2 1 2 2 1 0 2 2 4 1 3 0 0 2 4 4 2 2 2 3 3 2 2 3 1 0 3 1 2 4 3 4 3 4 0 3 2 2 2 2 3 0 2 0 0 3 1 1 3 1 2 2 4 4 3 3 1 2 3 4 3 3 2 1 4 0 3 3 1 4 3 1 2 2 1 1 1 1 2 2 0 
5 6 6 6 5 4 3 2 1 4 2 1 3 1 2 2 1 1 1 3 1 2 4 0 1 2 4 2 4 2 2 3 2 2 2 1 1 2 0 4 1 3 1 1 2 3 3 1 2 1 5 3 0 3 3 2 4 1 2 1 2 3 4 2 1 1 4 2 2 2 1 0 2 4 0 3 2 2 1 3 3 1 1 3 2 2 2 2 0 0 1 3 4 0 3 0 0 1 5 3 2 2 3 3 2 1 3 4 2 1 4 2 2 4 4 3 2 4 1 2 2 1 3 2 2 0 3 1 0 2 2 1 2 0 3 2 4 4 4 2 2 2 4 5 3 3 1 1 4 0 2 4 1 4 4 2 3 3 1 1 0 1 3 1 0 
7 7 7 7 7 6 4 2 3 6 3 0 5 2 4 3 1 2 3 5 2 1 6 2 3 3 6 4 5 4 2 5 3 3 2 2 0 3 2 6 2 5 3 2 4 5 5 2 4 2 7 5 1 5 4 4 5 1 3 3 4 5 6 4 2 1 6 2 1 4 2 1 3 5 1 4 4 2 3 5 5 0 2 4 1 2 0 4 1 2 3 5 6 2 4 2 1 0 6 3 4 0 4 4 2 2 5 5 4 3 6 4 4 6 6 5 4 6 3 2 2 2 5 1 4 2 4 3 1 3 1 3 2 1 5 4 6 6 6 3 3 4 6 6 5 5 0 1 6 2 2 6 0 6 6 3 4 5 2 0 1 3 5 0 1 
1 5 5 5 1 1 4 4 5 2 5 5 3 4 3 6 6 5 4 3 5 5 0 4 6 4 0 2 4 6 7 1 5 3 7 3 6 7 4 3 6 2 3 6 4 4 4 4 3 5 4 5 5 2 1 2 0 5 6 4 3 4 1 2 3 5 4 6 5 4 4 5 6 1 5 2 4 6 3 4 5 6 6 4 5 4 7 3 5 4 5 1 2 4 4 4 5 6 0 7 4 7 2 5 7 5 3 1 2 3 1 3 2 2 1 5 5 5 3 7 6 5 2 5 4 4 2 3 5 6 5 3 7 5 1 2 3 1 2 6 3 3 2 3 3 1 6 5 3 4 7 3 5 3 1 3 1 1 4 6 5 5 2 6 5 
9 6 6 6 9 6 3 5 2 6 2 3 5 4 4 2 2 2 3 4 2 4 7 3 1 3 7 5 4 1 0 7 2 5 1 4 3 1 4 6 1 5 5 1 3 4 4 4 4 2 6 3 2 6 6 5 7 4 1 3 5 4 7 6 4 4 5 1 5 3 2 2 1 7 3 6 3 1 4 5 4 3 1 3 4 5 2 4 2 3 2 6 6 3 3 4 3 3 7 0 3 2 5 3 0 2 5 7 5 4 6 4 5 6 6 3 3 4 4 0 1 2 5 5 3 3 6 4 3 1 4 3 0 2 6 5 6 7 6 1 4 6 6 6 5 6 3 4 6 3 1 5 3 6 6 5 6 6 5 3 3 2 5 2 3 
6 3 3 3 6 3 0 4 1 2 0 4 1 3 0 1 3 1 1 1 1 4 4 1 1 0 4 2 1 1 3 4 0 4 3 2 4 2 2 2 2 2 3 2 0 1 1 3 1 1 2 1 2 2 3 2 3 4 2 1 1 1 3 3 3 3 1 2 5 0 1 3 2 4 3 3 0 2 1 1 1 4 2 0 4 4 4 1 2 2 0 3 2 2 0 2 2 4 4 3 0 4 2 0 3 1 1 4 2 2 3 1 2 3 3 1 0 1 1 3 2 1 2 4 0 2 4 2 3 2 4 1 3 3 3 2 2 4 3 2 1 4 2 2 1 3 4 4 2 2 3 2 3 2 3 4 3 3 4 3 2 1 2 3 3 
7 7 7 7 7 6 4 3 3 6 3 1 5 2 4 3 0 2 3 5 2 2 6 3 2 3 6 4 5 3 2 5 3 4 1 3 1 3 2 6 2 5 3 2 4 5 5 2 4 2 7 5 1 5 5 4 6 1 2 3 4 5 6 4 3 2 5 2 2 4 2 1 3 6 1 5 4 2 3 5 5 0 2 4 2 2 0 4 1 2 3 5 6 2 4 2 2 0 7 2 4 0 5 4 2 2 5 6 4 3 6 4 5 6 6 5 4 5 3 2 2 2 5 2 4 2 5 3 1 2 2 3 1 1 5 4 6 6 6 3 4 4 6 7 5 5 0 2 6 2 1 6 1 6 6 3 5 5 2 0 1 2 5 0 1 
3 4 4 4 3 1 2 4 3 1 2 4 1 3 1 3 4 3 2 1 2 4 2 2 3 2 2 0 2 3 4 2 2 2 5 2 4 4 2 1 3 0 2 3 2 2 2 3 0 3 3 2 3 0 1 1 1 4 4 2 0 2 1 1 2 3 2 4 4 1 2 3 4 2 3 2 1 4 1 1 2 4 3 2 4 3 5 0 3 2 2 1 1 2 2 2 3 4 2 5 2 5 0 2 5 3 0 2 1 2 1 1 0 1 1 3 2 2 1 5 4 3 0 4 2 2 2 2 3 3 4 1 5 3 0 0 1 1 1 4 1 2 1 2 1 1 4 4 2 2 5 1 4 2 1 3 1 1 3 4 3 2 0 4 3 
6 3 3 3 6 3 0 5 1 3 0 4 1 4 1 1 3 2 1 1 2 5 4 2 2 1 5 3 1 1 3 5 1 4 4 3 5 2 3 2 2 2 4 2 0 0 1 4 2 2 2 0 3 3 4 3 4 5 2 1 2 1 4 4 3 4 1 2 5 1 2 3 2 5 3 4 1 2 2 1 0 4 2 0 5 5 4 2 3 2 1 3 3 2 0 3 3 4 5 3 0 4 2 0 3 2 2 5 3 3 3 2 2 3 3 0 0 1 2 3 3 1 2 5 0 3 5 3 4 2 5 2 3 3 3 2 2 4 3 2 2 5 2 3 2 4 4 5 2 3 3 2 4 2 3 5 4 4 5 4 3 1 3 4 3 
8 6 6 6 8 6 4 5 2 6 2 3 5 4 4 2 1 1 3 4 2 4 7 3 1 3 7 5 4 2 0 6 2 5 0 3 3 1 3 6 1 5 4 1 3 4 4 4 4 2 6 4 2 5 5 5 6 3 1 3 4 4 7 5 4 3 5 1 4 3 2 2 1 6 3 6 3 1 3 5 4 2 1 3 4 4 2 4 1 3 2 5 6 2 4 3 2 2 7 0 3 2 5 3 0 1 5 6 5 4 6 4 5 6 6 4 3 4 3 0 0 2 5 4 3 3 6 4 3 1 3 3 0 2 5 4 6 7 6 1 3 5 6 6 5 6 2 4 6 3 0 5 2 6 6 5 6 6 4 2 2 2 5 2 3 
6 5 5 5 6 4 2 4 0 4 1 2 3 2 2 1 1 0 1 3 0 3 5 1 0 1 5 3 3 1 1 4 1 3 2 2 2 1 2 4 0 3 3 0 2 3 3 2 2 0 4 2 1 4 4 3 4 3 1 1 2 3 5 3 2 2 3 0 3 2 0 1 1 5 1 4 1 0 2 3 2 2 0 2 3 3 2 2 0 1 1 3 4 0 2 2 1 2 5 2 1 2 3 2 1 0 3 5 3 2 4 2 3 4 4 2 1 3 1 1 1 0 3 3 2 1 4 2 2 0 3 1 1 1 4 3 4 5 4 1 2 4 4 4 3 4 2 3 4 1 1 3 2 4 4 3 4 4 3 2 1 0 3 2 1 
4 3 3 3 4 1 1 4 2 1 2 4 0 3 0 3 4 3 1 0 2 4 2 2 3 1 2 1 1 3 4 3 2 3 5 2 5 4 2 1 3 0 3 3 1 1 1 3 1 3 2 2 3 0 1 1 2 4 3 2 0 1 2 2 2 3 1 3 5 1 2 3 3 2 3 2 1 3 1 1 2 4 3 1 5 4 5 0 3 2 2 1 1 2 1 2 3 5 3 5 1 5 0 2 5 3 0 2 1 2 1 1 0 1 1 2 2 2 1 4 4 2 0 4 1 2 3 2 3 3 4 1 5 3 1 1 1 2 1 3 1 3 1 1 0 2 4 4 1 2 5 1 4 1 1 3 2 2 4 4 3 2 0 4 3 
1 6 6 6 1 2 4 3 4 2 4 4 3 3 3 5 5 5 3 3 4 4 1 3 5 4 0 2 4 5 6 0 4 2 6 2 5 6 3 3 5 2 2 5 4 4 4 3 2 5 5 5 4 2 1 1 0 4 5 4 2 4 1 1 2 3 4 5 4 3 4 4 6 0 4 0 3 5 2 4 4 5 5 4 4 3 6 3 4 3 4 1 3 4 4 3 4 5 1 7 4 6 2 5 6 5 2 0 1 2 1 3 2 2 2 5 5 5 3 6 5 4 2 4 4 3 1 2 4 5 4 3 6 4 1 2 3 1 2 6 3 1 3 4 3 0 5 4 3 3 6 3 4 4 2 2 0 0 3 5 4 4 2 5 4 
3 5 5 5 3 1 3 3 3 2 3 3 2 2 1 3 4 3 2 2 2 3 2 1 3 2 2 0 3 4 4 1 3 1 5 1 4 4 1 2 3 1 1 3 3 3 3 2 1 3 4 3 2 1 0 0 1 3 4 2 1 3 2 0 1 2 3 4 3 2 2 3 4 1 2 1 1 4 1 2 3 4 3 2 3 2 4 1 3 2 2 0 2 2 2 1 2 4 2 5 2 4 1 3 5 3 1 1 0 0 2 1 1 2 2 3 3 3 1 4 4 3 1 3 3 1 1 1 2 4 3 1 5 3 1 0 2 2 2 4 1 1 2 3 2 1 4 3 3 2 5 2 3 3 2 1 1 0 2 3 2 2 1 4 2 
4 5 5 5 4 2 3 2 3 3 3 2 2 1 2 3 3 2 2 3 2 2 3 1 3 2 2 1 4 4 4 2 3 1 4 0 3 4 1 3 3 2 0 3 3 3 3 1 1 2 4 3 2 2 1 1 2 2 3 2 1 3 3 1 0 1 3 3 2 2 2 2 4 2 1 1 2 3 1 3 3 3 3 3 2 1 3 2 2 1 2 1 3 1 3 0 1 3 3 4 2 3 2 3 4 2 2 2 0 0 3 1 1 3 3 4 3 4 1 4 3 2 2 2 3 1 1 0 1 3 2 1 4 2 1 1 3 3 3 3 1 1 3 4 2 2 3 2 4 1 4 3 2 4 3 1 1 1 1 2 2 2 2 3 1 
3 4 4 4 3 0 3 5 4 0 4 5 2 4 2 4 5 4 3 2 4 5 1 3 4 3 1 1 3 5 6 2 4 3 6 3 6 5 3 1 5 1 3 5 3 3 2 4 2 4 3 3 4 0 1 1 1 5 5 3 1 3 0 2 3 4 2 5 5 3 3 5 5 1 4 2 2 5 2 2 3 6 5 3 5 4 6 2 5 3 3 1 1 4 3 3 4 6 1 6 3 6 1 3 6 4 1 1 2 3 0 2 1 0 0 4 4 3 3 6 5 4 1 5 3 3 2 3 4 5 5 2 6 5 1 1 1 0 0 5 2 3 1 2 1 1 6 5 2 3 6 1 5 2 0 3 1 1 4 5 4 4 1 6 4 
5 4 4 4 5 2 1 3 1 2 1 3 1 3 0 2 3 2 0 1 1 3 3 1 2 1 3 1 2 2 3 3 1 2 4 1 3 3 2 2 2 1 2 2 1 1 1 2 0 1 3 2 2 1 2 1 2 3 2 1 0 1 3 2 1 2 2 2 4 0 1 2 2 3 2 2 0 2 0 1 2 3 2 1 4 3 4 0 2 1 1 2 2 1 1 1 2 4 3 4 1 4 1 2 4 2 1 3 1 1 2 0 1 2 2 2 1 2 0 3 3 1 1 4 1 1 2 1 2 2 3 0 3 2 2 1 2 3 2 2 0 3 2 2 1 2 3 3 2 1 4 2 3 2 2 3 2 2 3 3 2 1 1 3 2 
3 4 4 4 3 1 2 4 3 1 2 4 1 3 1 3 4 3 2 1 2 4 2 2 3 2 2 0 2 3 4 2 2 2 5 2 4 4 2 1 3 0 2 3 2 2 2 3 0 3 3 2 3 0 1 1 1 4 3 2 0 2 1 1 2 3 2 4 4 1 2 3 4 2 3 2 1 4 1 1 2 4 3 2 4 3 5 0 3 2 2 1 1 2 2 2 2 4 2 5 2 5 0 2 5 3 0 2 1 1 1 1 0 1 1 2 2 2 1 4 4 3 0 4 2 2 2 2 3 3 4 1 5 3 0 0 1 2 1 3 1 2 1 2 0 1 4 4 2 2 5 1 4 2 1 3 1 1 3 4 3 2 0 4 3 
3 3 3 3 3 0 3 5 4 0 3 5 1 4 2 4 5 4 3 1 4 5 1 3 4 3 2 2 2 4 6 3 3 4 6 3 6 5 4 0 4 1 4 5 3 2 2 4 2 4 2 3 4 0 2 2 1 5 5 3 1 2 0 2 3 5 2 5 6 2 3 5 5 2 4 3 2 5 3 1 3 6 5 2 6 5 6 1 5 3 3 1 0 4 2 4 4 6 2 6 3 6 1 3 6 4 1 2 2 3 0 2 1 0 0 3 3 3 3 6 5 4 1 6 3 3 3 3 5 5 5 3 6 5 1 2 0 1 0 5 2 4 0 1 1 2 6 5 1 4 6 1 5 1 0 4 2 2 5 5 4 4 1 6 4 
3 3 3 3 3 0 3 5 4 0 3 5 1 4 2 4 5 4 3 2 4 5 1 3 4 3 1 1 2 5 6 2 4 3 6 3 6 5 4 1 5 1 3 5 3 2 2 4 2 4 2 3 4 0 1 2 1 5 5 3 1 2 0 2 3 4 2 5 6 2 3 5 5 2 4 2 2 5 3 2 3 6 5 3 6 5 6 1 5 3 3 1 0 4 3 3 4 6 1 6 3 6 1 3 6 4 1 2 2 3 0 2 1 0 0 3 3 3 3 6 5 4 1 5 3 3 3 3 4 5 5 3 6 5 1 1 1 0 0 5 2 3 0 1 1 1 6 5 1 4 6 1 5 1 0 4 2 2 5 5 4 4 1 6 4 
6 2 2 2 6 3 0 6 2 3 1 5 2 5 1 2 4 2 2 1 2 5 5 3 2 1 5 3 0 1 3 5 1 5 4 3 5 2 4 2 2 2 4 3 0 0 1 5 2 2 2 0 3 3 4 3 4 5 2 2 2 0 4 4 4 4 1 2 6 1 2 4 2 5 4 5 1 2 3 1 0 5 2 0 6 5 5 2 3 3 1 4 2 3 0 4 3 5 5 3 1 5 3 0 4 2 2 5 3 4 4 2 2 3 3 0 1 0 3 3 3 2 2 6 1 3 5 4 4 2 5 2 4 4 3 3 2 4 3 2 2 5 2 2 2 4 5 5 2 3 4 2 4 2 3 5 4 4 5 4 4 2 3 4 4 
6 3 3 3 6 3 0 5 1 3 0 4 2 4 1 1 3 1 1 1 1 4 4 2 1 0 5 2 1 1 2 5 0 4 3 3 4 2 3 3 1 2 4 2 0 1 1 4 2 1 3 0 2 3 4 3 4 4 1 1 2 1 4 4 3 3 2 2 5 1 1 3 1 5 3 4 1 1 2 2 1 4 1 0 5 4 4 2 2 2 1 3 3 2 0 3 2 4 5 3 0 4 2 0 3 1 2 5 3 3 4 1 2 3 3 1 0 1 2 2 2 1 2 5 0 2 4 3 3 1 4 1 3 3 3 2 2 4 3 1 1 4 3 3 2 4 4 4 3 2 3 2 3 2 4 4 4 4 4 3 3 1 3 3 3 
6 1 1 1 6 3 1 6 2 2 2 5 1 5 2 2 5 3 2 1 3 6 4 3 3 2 5 3 0 2 4 5 2 5 5 4 6 3 4 2 3 2 5 3 1 0 0 5 3 3 1 0 4 2 4 3 4 6 3 2 2 0 3 4 4 5 1 3 6 1 3 4 3 5 4 5 2 3 3 1 0 5 3 1 6 6 5 2 4 3 2 3 2 3 1 4 4 6 5 4 1 5 2 1 4 3 2 5 3 4 3 2 2 3 3 0 1 0 3 4 4 3 2 6 1 3 5 4 5 3 6 2 4 4 3 3 2 4 3 3 2 5 2 2 2 4 5 6 1 4 5 1 5 1 3 5 4 4 5 5 4 2 2 5 4 
4 5 5 5 4 2 2 3 1 3 2 2 2 2 1 2 2 1 0 2 1 2 3 0 2 1 3 1 3 2 3 3 2 2 3 0 3 3 1 3 2 2 1 2 2 2 2 2 0 1 4 2 1 2 2 1 2 2 2 1 1 2 3 2 1 1 3 2 3 1 1 2 3 3 1 2 1 2 0 2 3 3 2 2 3 2 3 1 1 0 1 2 3 1 2 0 1 3 3 4 1 3 1 2 3 1 1 3 1 1 3 0 1 3 3 3 2 3 0 3 2 1 1 3 2 0 2 1 1 2 2 0 3 2 2 1 3 3 3 2 0 2 2 3 2 2 3 2 3 0 3 2 2 3 3 2 2 2 2 2 1 1 2 3 1 
8 6 6 6 8 6 3 5 1 5 2 3 4 4 3 1 1 1 2 4 2 4 7 3 1 2 7 4 4 1 0 6 2 5 1 3 3 0 3 5 1 5 4 1 3 4 4 4 4 1 5 3 2 5 5 5 6 3 1 2 4 4 6 5 4 3 4 0 4 3 2 2 1 6 3 6 3 0 3 4 3 3 1 3 4 4 2 4 1 2 2 5 5 2 3 3 2 2 7 0 3 2 5 3 0 1 4 6 4 4 6 3 4 6 6 3 2 4 3 0 0 1 4 4 3 3 6 4 3 1 4 3 0 2 5 4 5 6 6 1 3 5 5 6 4 6 2 4 5 3 0 5 3 5 6 5 5 5 4 2 2 2 5 2 3 
7 6 6 6 7 5 3 4 1 5 2 2 4 3 3 1 1 1 2 4 1 3 6 2 0 2 6 4 4 1 0 5 2 4 1 3 2 1 2 5 0 4 4 0 3 3 4 3 3 1 5 3 1 5 5 4 5 3 0 2 3 3 6 4 3 2 4 0 4 2 1 1 1 5 2 5 2 0 3 4 3 2 0 3 3 4 2 3 1 2 2 4 5 1 3 2 2 2 6 1 2 2 4 3 0 1 4 5 4 3 5 3 4 5 5 3 2 4 2 0 0 1 4 4 2 2 5 3 2 0 3 2 0 1 5 4 5 6 5 1 3 4 5 5 4 5 2 3 5 2 0 4 2 5 5 4 5 5 3 2 1 1 4 1 2 
6 5 5 5 6 4 2 4 0 4 1 2 2 3 1 0 1 0 1 2 0 3 5 1 0 1 5 3 2 1 1 4 0 3 2 2 3 1 2 4 0 3 3 0 1 2 2 3 2 0 4 2 1 3 4 3 4 3 0 0 2 2 4 3 2 2 3 0 4 1 0 1 1 4 2 4 1 0 2 3 2 2 0 1 3 3 2 2 1 1 0 3 4 1 2 2 1 2 5 2 1 2 3 1 2 0 2 4 3 2 4 1 3 4 4 2 1 3 1 1 1 0 3 3 1 1 4 2 2 0 3 1 2 1 3 2 3 5 4 1 1 4 3 4 3 4 2 3 4 1 2 3 2 4 4 3 4 4 3 2 1 0 3 2 2 
4 3 3 3 4 1 2 4 3 1 2 4 0 3 1 3 4 3 2 1 2 4 2 2 3 2 2 0 2 3 4 2 2 3 5 2 4 4 2 1 3 0 2 3 2 2 2 3 0 3 2 2 3 0 1 1 1 4 3 2 0 2 1 2 2 3 1 4 4 1 2 3 4 2 3 2 1 4 1 1 2 4 3 2 4 4 5 0 3 2 2 1 1 2 1 2 3 5 2 5 2 5 0 2 5 3 0 2 1 2 1 1 0 1 1 2 2 2 1 4 4 3 0 4 2 2 2 2 3 3 4 1 5 3 1 0 1 2 1 3 1 3 1 2 0 1 4 4 1 2 5 1 4 2 1 3 1 1 3 4 3 2 0 4 3 
5 8 8 8 5 5 5 0 4 5 4 1 5 1 4 4 2 3 3 5 3 0 5 3 4 4 5 4 6 5 4 4 4 2 4 2 1 5 2 6 3 5 2 3 5 5 6 1 3 3 7 5 2 5 4 3 4 0 4 3 4 5 5 3 2 1 6 4 0 4 3 2 5 4 1 3 4 4 3 6 6 1 4 5 0 0 2 4 2 2 4 4 6 2 5 2 2 1 5 5 4 2 4 5 4 3 4 4 3 2 5 4 4 6 5 6 5 6 3 4 4 3 4 0 5 2 3 2 1 4 0 3 4 2 4 4 6 5 5 4 4 2 5 6 5 4 2 0 6 2 4 5 1 6 5 2 3 4 0 1 2 3 4 2 1 
6 3 3 3 6 3 0 5 1 2 0 4 1 4 1 1 3 2 1 1 1 4 4 2 1 0 4 2 1 1 3 4 0 4 3 2 4 2 3 2 2 2 3 2 0 1 1 4 2 1 2 0 2 2 3 3 4 4 2 1 1 1 3 3 3 3 1 2 5 0 1 3 2 4 3 4 1 2 2 1 0 4 2 0 5 4 4 1 2 2 1 3 2 2 0 3 2 4 4 3 0 4 2 0 3 2 1 4 3 3 3 1 2 3 3 1 0 1 2 3 2 1 2 5 0 2 4 3 3 2 4 1 3 3 3 2 2 4 3 2 1 4 2 2 1 3 4 4 2 2 3 2 4 2 3 4 3 3 4 4 3 1 2 4 3 
5 5 5 5 5 3 2 2 1 3 2 2 2 1 1 2 2 1 1 2 1 2 4 0 2 1 3 1 3 2 2 3 2 2 3 0 2 3 0 3 1 2 1 2 2 3 3 1 1 1 4 3 1 3 2 2 3 2 2 1 2 3 4 2 1 1 3 2 2 1 1 1 3 3 1 2 1 2 0 3 3 2 2 2 2 2 2 2 1 0 1 2 3 0 2 0 0 2 4 3 2 2 2 3 3 1 2 3 1 1 3 1 2 3 3 3 2 3 0 3 2 1 2 2 2 0 2 1 1 2 2 0 3 1 2 1 3 4 3 2 1 2 3 4 2 3 2 2 4 0 3 3 1 4 3 2 2 2 2 2 1 1 2 2 1 
2 6 6 6 2 2 4 2 4 3 4 3 3 2 3 5 4 4 3 3 3 3 2 2 4 4 1 2 4 5 5 0 4 1 6 2 4 5 2 3 4 2 1 4 4 4 4 2 2 4 5 5 3 2 1 1 1 3 5 3 2 4 2 0 1 2 4 5 3 3 3 4 5 1 3 0 3 5 2 4 4 4 5 4 3 2 5 3 4 3 4 1 3 3 4 2 3 4 2 6 4 5 2 5 6 4 3 1 1 1 2 2 2 3 3 5 4 5 2 6 5 4 2 3 4 2 0 1 3 5 3 2 5 3 1 2 3 2 3 5 3 0 3 4 3 1 4 2 4 2 6 3 3 4 2 1 0 1 2 4 3 3 2 4 3 
4 6 6 6 4 3 3 2 2 3 3 2 2 1 2 3 2 2 1 3 2 2 3 1 3 2 3 1 4 3 3 2 3 1 4 0 2 4 0 3 2 2 0 2 3 3 3 1 1 2 5 3 1 2 1 1 2 2 3 2 2 3 3 1 0 1 3 3 2 2 2 2 4 2 1 1 2 3 1 3 4 2 3 3 2 1 3 2 2 1 2 2 3 1 3 0 1 3 3 4 2 3 2 3 4 2 2 2 1 0 3 1 2 3 3 4 3 4 1 4 3 2 2 2 3 1 1 0 1 3 2 1 4 2 2 1 3 3 3 3 1 1 3 4 3 2 3 1 4 1 4 3 2 4 3 1 1 2 1 2 1 2 2 3 1 
5 6 6 6 5 4 3 1 2 4 3 0 4 0 3 3 1 2 2 4 2 1 4 1 2 3 4 3 4 3 3 3 3 2 3 1 1 3 0 5 2 3 1 2 3 4 4 0 2 2 6 4 1 4 3 2 4 0 3 2 3 4 5 2 1 0 4 2 1 3 2 1 3 4 0 3 2 2 2 4 4 1 2 3 1 1 1 3 1 1 2 3 4 1 3 0 0 1 5 3 3 1 3 4 3 2 3 4 2 1 4 2 3 5 4 4 3 5 1 3 2 2 3 1 3 1 3 1 0 3 1 2 3 0 3 2 4 5 4 3 2 2 4 5 4 3 1 1 5 1 3 4 0 5 4 2 3 3 1 1 0 2 3 1 0 
7 5 5 5 7 5 2 5 0 4 1 3 3 3 2 0 2 0 1 3 1 4 6 2 0 1 6 3 3 0 1 5 1 4 1 3 3 0 3 4 0 4 4 0 2 2 3 3 3 0 4 2 1 4 4 4 5 3 0 1 3 3 5 4 3 3 3 0 4 2 1 2 0 5 2 5 2 0 2 3 2 3 0 2 4 4 2 3 1 2 1 4 4 1 2 3 2 3 6 1 2 2 3 2 1 0 3 5 4 3 5 2 3 5 5 2 1 3 2 1 0 0 3 4 2 2 5 3 3 0 4 2 1 2 4 3 4 5 5 0 2 5 4 4 3 5 2 4 4 2 1 4 3 4 5 4 5 4 4 2 2 1 4 2 2 
6 8 8 8 6 5 5 1 3 5 4 0 5 1 4 4 2 3 3 5 3 0 5 2 3 4 5 3 6 4 3 4 4 2 3 2 0 4 1 6 3 4 2 3 5 5 5 1 3 3 7 5 2 5 4 3 4 0 4 3 4 5 5 3 2 1 6 3 0 4 3 2 4 4 1 3 4 3 3 5 5 1 3 5 0 0 2 4 2 2 3 4 5 2 5 1 2 1 5 4 4 2 4 5 3 3 4 4 3 2 5 3 4 5 5 5 4 6 2 4 3 3 4 0 4 2 3 2 1 4 0 3 3 1 4 3 6 5 5 4 3 2 5 6 5 4 1 0 6 2 3 5 1 6 5 2 3 4 0 1 1 3 4 2 1 
5 4 4 4 5 2 1 3 1 2 1 2 1 2 0 2 2 1 0 1 1 3 3 0 2 1 3 1 2 2 3 3 1 2 3 1 3 3 1 2 2 1 2 2 1 2 2 2 0 1 3 2 1 2 2 1 3 3 2 0 1 2 3 2 1 2 2 2 3 1 1 2 2 3 2 2 0 2 0 2 2 3 2 1 3 3 3 1 2 0 1 2 2 1 1 1 1 3 3 3 1 3 1 2 3 1 1 3 1 1 2 0 1 3 3 2 1 2 0 3 2 1 1 3 1 0 2 1 2 2 3 0 3 2 2 1 2 3 2 2 0 2 2 3 1 2 3 3 3 1 3 2 2 3 2 2 2 2 2 2 1 1 1 3 2 
8 6 6 6 8 6 3 4 2 6 2 2 5 3 4 2 1 1 3 4 2 3 7 3 1 3 7 4 4 2 0 6 2 5 0 3 3 1 3 6 1 5 4 1 3 4 4 3 4 2 6 4 2 5 5 5 6 3 1 2 4 4 6 5 4 3 5 1 4 3 2 1 1 6 2 6 3 1 3 5 4 2 1 3 3 4 1 4 1 3 2 5 6 2 4 3 2 2 7 0 3 1 5 3 0 1 5 6 5 4 6 3 5 6 6 4 3 4 3 0 0 2 5 4 3 3 5 4 3 1 3 3 0 2 5 4 6 7 6 1 3 5 6 6 5 6 2 4 6 3 0 5 2 6 6 5 5 5 4 2 2 2 5 1 3 
6 6 6 6 6 5 3 2 2 5 2 1 4 1 3 2 0 1 2 4 1 1 5 1 2 2 5 3 4 3 2 4 2 3 2 1 1 2 1 5 1 4 2 1 3 4 4 1 2 1 5 4 0 4 4 3 4 1 2 2 3 4 5 3 2 1 4 1 2 3 1 0 2 4 0 4 2 2 2 4 4 1 1 3 1 2 1 3 0 1 2 4 5 1 3 1 0 1 5 2 3 1 3 3 2 1 3 4 3 2 5 2 3 5 5 4 3 4 2 2 1 1 3 2 3 1 3 2 0 2 1 2 2 0 4 3 5 5 5 2 2 3 5 5 4 4 0 1 5 1 2 4 0 5 5 3 4 4 2 0 0 1 4 0 0 
3 4 4 4 3 0 3 4 3 1 3 4 1 3 2 4 4 4 2 2 3 4 1 2 4 3 1 0 3 4 5 1 3 2 6 2 5 5 2 2 4 1 2 4 3 3 3 3 1 3 3 3 3 1 0 0 0 4 4 3 1 3 1 1 2 3 2 4 4 2 3 4 5 1 3 1 2 4 2 2 3 5 4 3 4 3 5 1 4 2 3 0 1 3 3 2 3 5 1 6 3 5 0 3 5 4 1 1 1 1 1 2 0 1 1 3 3 3 2 5 5 3 1 4 3 2 1 2 3 4 4 2 5 4 0 0 2 1 1 4 2 2 1 2 1 0 5 4 2 2 5 2 4 2 1 2 1 0 3 4 3 3 0 5 3 
3 4 4 4 3 1 2 3 2 1 2 3 1 2 1 3 4 3 1 1 2 3 2 1 3 2 2 0 2 3 4 2 2 2 5 1 4 4 2 2 3 0 2 3 2 2 2 2 0 3 3 3 2 1 1 0 1 3 3 2 0 2 2 1 1 2 2 3 4 1 2 3 4 2 2 1 1 3 1 2 2 4 3 2 4 3 4 1 3 2 2 0 2 2 2 2 2 4 2 5 2 4 0 2 4 3 1 2 0 1 1 1 0 2 1 3 2 3 1 4 4 2 0 4 2 1 2 1 2 3 3 1 4 3 0 0 2 2 1 3 1 2 1 2 1 1 4 3 2 2 5 1 3 2 1 2 1 1 3 3 3 2 0 4 2 
4 2 2 2 4 1 2 5 3 0 3 5 1 5 2 3 5 4 3 1 3 6 2 3 4 2 3 2 1 4 5 3 3 4 6 3 6 4 4 0 4 1 4 4 2 1 1 5 2 4 1 2 4 1 2 2 2 5 4 3 1 1 1 3 3 5 1 4 6 2 3 5 4 3 4 3 2 4 2 0 2 6 4 2 6 5 6 1 4 3 3 2 0 3 2 4 4 6 3 6 2 6 1 2 6 4 1 3 2 3 1 2 1 0 1 2 2 2 3 5 5 3 1 6 2 3 3 3 4 4 6 2 6 5 2 2 0 2 1 4 2 4 0 0 0 2 6 5 0 3 6 0 5 0 1 4 3 2 5 5 4 3 1 6 4 
2 4 4 4 2 0 4 5 5 1 4 5 2 4 3 5 6 5 4 2 4 5 0 3 5 4 1 2 3 5 6 2 4 3 7 3 6 6 4 2 5 1 3 5 4 3 3 4 2 5 3 4 5 1 1 2 1 5 5 4 2 3 0 2 3 4 3 6 6 3 4 5 6 1 5 2 3 6 3 3 4 6 5 3 6 5 6 2 5 4 4 1 1 4 3 4 4 6 1 7 4 6 1 4 7 5 2 1 2 3 0 3 2 1 0 4 4 4 3 6 6 5 2 5 4 4 2 3 5 5 5 3 7 5 1 2 2 0 1 6 3 3 1 2 2 1 6 5 2 4 7 2 5 2 0 3 1 1 4 6 5 4 1 6 4 
3 3 3 3 3 0 2 5 4 0 3 5 1 4 2 4 5 4 3 1 3 5 1 3 4 3 2 1 2 4 6 2 3 3 6 3 6 5 4 0 4 0 3 5 2 2 2 4 2 4 2 3 4 0 1 2 1 5 5 3 1 2 0 2 3 4 2 5 6 2 3 5 5 2 4 2 2 5 2 1 3 6 5 2 5 5 6 1 4 3 3 1 0 4 2 3 4 6 2 6 3 6 1 3 6 4 1 2 2 3 0 2 1 0 0 3 3 3 3 6 5 4 1 5 3 3 3 3 4 5 5 2 6 5 1 1 1 1 0 5 2 3 0 1 1 1 6 5 1 3 6 1 5 1 0 4 2 2 4 5 4 3 0 6 4 
7 5 5 5 7 5 2 5 1 4 1 3 3 4 2 0 2 1 2 3 1 4 6 2 0 1 6 3 3 0 1 5 1 4 2 3 3 0 3 4 1 4 4 1 2 2 3 4 3 1 4 2 2 4 5 4 5 4 0 1 3 3 5 4 3 3 3 0 4 2 1 2 0 5 3 5 2 0 3 3 2 3 0 2 4 4 3 3 1 2 1 4 4 2 2 3 2 3 6 1 2 3 4 2 1 1 3 6 4 3 5 2 3 5 5 2 1 3 2 1 1 1 3 4 2 2 5 3 3 0 4 2 1 2 4 3 4 6 5 0 2 5 4 4 3 5 3 4 4 2 1 4 3 4 5 5 5 5 4 3 2 1 4 2 3 
5 4 4 4 5 2 1 3 1 2 1 3 1 3 0 2 3 2 0 1 1 3 3 1 2 1 3 1 2 2 3 3 1 2 4 1 3 3 1 2 2 1 2 2 1 1 1 2 0 1 3 2 2 2 2 1 2 3 2 0 0 1 3 2 1 2 2 2 4 0 1 2 2 3 2 2 0 2 0 1 2 3 2 1 4 3 4 0 2 1 1 2 2 1 1 1 2 3 3 4 1 4 1 2 3 2 1 3 1 1 2 0 1 2 2 2 1 2 0 3 3 1 1 4 1 1 3 1 2 2 3 0 3 2 2 1 2 3 2 2 0 3 2 3 1 2 3 3 2 1 4 2 3 2 2 3 2 2 3 3 2 1 1 3 2 
3 7 7 7 3 3 4 1 4 4 4 3 3 1 3 4 4 4 3 4 3 2 3 2 4 4 2 2 5 5 5 1 4 0 5 1 3 5 2 4 4 3 0 4 4 4 4 1 2 4 6 5 3 3 1 1 2 2 5 3 3 5 3 1 1 2 4 4 2 3 3 3 5 1 2 1 3 5 2 4 5 3 4 4 2 1 4 3 3 2 4 2 4 3 4 2 2 4 3 6 4 4 2 5 5 4 3 1 1 1 3 3 2 4 3 5 4 5 2 5 4 4 3 2 4 2 0 1 2 5 2 2 5 3 2 2 4 3 3 5 3 0 4 5 3 2 4 2 4 2 5 4 3 5 3 0 1 1 1 3 3 3 3 4 2 
4 2 2 2 4 1 2 5 3 0 3 5 1 4 2 4 5 4 3 1 3 5 2 3 4 2 2 1 2 4 5 3 3 4 6 3 6 5 4 0 4 0 4 4 2 1 1 4 2 4 1 2 4 0 2 2 2 5 4 3 1 2 1 3 3 4 1 4 6 2 3 5 4 3 4 3 2 4 2 1 2 5 4 2 6 5 6 1 4 3 3 2 0 3 2 3 4 6 2 6 2 6 1 2 6 4 1 3 2 3 1 2 1 0 0 2 3 2 2 5 5 3 1 5 2 3 3 3 4 4 5 2 6 5 1 1 0 1 0 4 2 4 0 1 0 2 6 5 0 3 6 0 5 1 1 4 2 2 5 5 4 3 1 5 4 
5 2 2 2 5 2 2 6 4 1 3 6 1 5 2 4 6 4 3 1 4 6 3 4 4 3 3 2 1 4 6 4 3 5 6 4 6 5 4 0 4 1 4 5 2 2 1 5 3 4 1 2 5 1 3 3 3 6 5 3 2 2 2 4 4 5 1 5 7 2 4 5 4 3 5 4 2 5 3 1 2 6 5 2 6 6 7 2 5 4 3 3 0 4 2 4 5 6 3 6 2 7 2 3 6 4 1 4 3 4 2 2 2 1 1 2 3 2 3 6 5 4 2 6 2 4 4 4 5 4 6 3 6 5 2 2 0 2 1 4 3 5 1 0 1 3 6 6 0 4 6 0 6 0 1 5 3 3 6 6 5 4 2 6 5 
4 3 3 3 4 1 1 5 3 1 2 4 0 4 1 3 4 3 2 0 2 5 2 2 3 2 3 1 1 3 4 3 2 3 5 2 5 4 3 0 3 0 3 3 1 1 1 4 1 3 2 2 3 0 2 2 2 5 3 2 0 1 2 2 3 4 1 4 5 1 2 4 3 3 4 3 1 4 2 0 1 5 3 1 5 4 5 0 3 2 2 2 0 3 1 3 3 5 3 5 1 5 1 2 5 3 0 3 2 2 1 1 0 1 1 2 2 2 2 4 4 3 0 5 1 2 3 3 4 3 5 1 5 4 1 1 0 2 1 3 1 3 0 1 0 2 5 4 1 3 5 0 4 1 1 4 2 2 4 4 3 2 0 5 3 
2 5 5 5 2 1 3 3 4 2 4 4 2 3 2 4 5 4 3 3 3 4 1 3 4 3 0 1 4 5 6 1 4 2 6 2 5 5 3 2 4 1 2 5 3 3 3 3 2 4 4 4 4 1 0 1 0 4 5 3 2 3 1 1 2 3 3 5 4 3 3 4 5 0 3 1 2 5 2 3 4 5 5 3 4 3 5 2 4 3 3 0 2 3 3 3 3 5 1 6 3 5 1 4 6 4 2 0 1 2 1 2 1 2 1 4 4 4 2 6 5 4 1 4 3 3 1 2 3 5 4 2 6 4 0 1 2 1 1 5 2 2 2 3 2 0 5 4 3 3 6 2 4 3 1 2 0 0 3 4 4 3 1 5 3 
7 7 7 7 7 6 4 3 2 6 3 1 5 2 4 3 0 2 3 5 2 1 6 2 2 3 6 4 5 3 2 5 3 3 1 2 0 3 2 6 2 5 3 2 4 5 5 2 3 2 6 4 1 5 4 4 5 1 2 3 4 5 6 4 2 1 5 2 2 4 2 1 3 5 1 4 3 2 3 5 5 0 2 4 1 2 0 4 1 2 3 5 6 2 4 2 1 0 6 3 4 0 4 4 2 2 4 5 4 3 6 3 4 6 6 5 4 5 3 2 2 2 4 2 4 2 4 3 1 2 1 3 2 0 5 4 6 6 6 3 3 4 6 6 5 5 0 2 6 2 2 5 0 6 6 3 4 5 2 0 1 2 5 0 1 
5 7 7 7 5 5 4 0 3 5 4 1 4 0 4 4 2 3 3 5 3 0 5 2 3 4 4 3 5 4 4 3 4 1 3 2 1 4 1 5 3 4 1 3 4 5 5 0 3 3 6 5 2 4 3 3 4 0 4 3 4 5 5 2 1 0 5 3 0 4 3 2 4 4 1 3 3 4 2 5 5 1 3 4 0 0 2 4 2 2 3 3 5 2 4 1 1 1 5 4 4 2 4 5 4 3 4 4 3 2 5 3 4 5 5 5 4 6 2 4 3 3 4 0 4 2 2 1 1 4 0 3 4 1 4 3 5 5 5 4 3 2 5 6 4 4 2 0 6 2 4 5 1 6 5 1 3 3 0 1 1 3 4 2 1 
5 2 2 2 5 1 2 6 3 1 3 6 1 5 2 4 5 4 3 1 3 6 3 3 4 2 3 2 1 4 5 4 3 4 6 4 6 5 4 0 4 1 4 4 2 1 1 5 2 4 1 2 4 1 3 3 3 6 4 3 2 1 2 3 4 5 0 4 6 2 3 5 4 3 5 4 2 4 3 0 2 6 4 2 6 6 6 1 5 4 3 2 0 4 2 4 4 6 3 6 2 6 2 2 6 4 1 3 3 4 2 2 2 1 1 2 3 1 3 5 5 4 1 6 2 4 4 4 5 4 6 3 6 5 2 2 0 2 1 4 2 4 0 0 1 3 6 6 0 4 6 0 5 0 1 5 3 3 5 6 5 3 1 6 5 
5 5 5 5 5 3 2 2 1 3 2 1 3 1 2 2 1 1 1 3 1 2 4 0 2 2 4 2 3 3 2 3 2 2 3 0 2 3 0 3 1 2 1 1 2 3 3 1 1 1 4 3 0 3 2 2 3 2 2 1 2 3 4 2 1 1 3 2 2 2 1 1 3 3 0 2 1 2 1 3 3 2 2 2 2 2 2 2 1 0 1 2 3 0 2 0 0 2 4 3 2 2 2 3 3 1 2 3 2 1 3 1 2 4 4 3 2 4 0 3 2 1 2 2 2 0 2 1 1 2 2 1 3 1 2 2 3 4 3 2 1 2 3 4 3 3 2 2 4 0 3 3 1 4 3 2 2 2 1 1 0 1 2 2 0 
8 7 7 7 8 6 4 4 2 6 3 2 5 4 4 2 1 1 3 5 2 3 7 3 1 3 7 5 5 2 0 6 3 5 0 3 2 1 3 6 1 5 4 1 4 4 5 3 4 2 6 4 2 6 5 5 6 3 1 3 4 4 7 5 4 3 5 1 4 3 2 2 2 6 2 6 3 1 3 5 4 2 1 4 3 4 1 4 1 3 3 5 6 2 4 3 2 2 7 1 3 1 5 3 0 1 5 6 5 4 6 4 5 6 6 4 3 5 3 0 0 2 5 4 3 3 6 4 3 1 3 3 0 2 5 5 6 7 6 1 4 5 6 6 5 6 2 4 6 3 0 5 2 6 6 5 6 6 4 2 2 2 5 1 3 
4 2 2 2 4 1 1 5 3 0 2 5 0 4 1 3 5 3 2 0 3 5 2 3 3 2 3 1 1 3 5 3 2 4 6 3 6 4 3 0 4 1 4 4 2 1 1 4 2 3 1 2 4 1 2 2 2 5 4 2 1 1 2 3 3 4 0 4 6 1 3 4 4 3 4 3 2 4 2 0 1 5 4 1 6 5 6 1 4 3 2 2 0 3 1 3 4 6 3 5 2 6 1 2 5 3 1 3 2 3 1 2 1 1 1 2 2 1 2 5 4 3 1 5 2 3 3 3 4 4 5 2 5 4 2 1 0 2 1 4 2 4 0 0 0 2 5 5 0 3 5 0 5 0 1 4 3 2 5 5 4 3 1 5 4 
6 7 7 7 6 5 4 2 2 5 3 0 4 1 3 3 1 2 2 4 2 1 5 2 2 3 5 3 5 3 2 4 3 2 2 2 0 3 1 5 2 4 2 2 4 4 5 1 3 2 6 4 1 5 4 3 5 0 3 2 3 4 5 3 2 0 5 2 1 3 2 0 3 4 0 4 3 2 2 5 5 0 2 4 1 1 1 4 1 1 3 4 5 1 4 1 1 0 5 3 3 1 4 4 2 2 4 4 3 2 5 3 4 5 5 4 3 5 2 3 2 2 4 1 4 1 3 2 0 3 1 2 2 0 4 3 5 5 5 3 3 3 5 6 4 4 0 1 5 1 2 5 0 6 5 2 4 4 1 0 0 2 4 0 0 
5 1 1 1 5 2 2 6 3 1 3 6 1 5 2 3 5 4 3 1 3 6 3 3 4 2 3 2 1 4 5 4 3 5 6 4 6 4 4 0 4 1 4 4 2 1 1 5 2 4 0 2 4 1 3 3 3 6 4 3 2 1 2 4 4 5 0 4 6 2 3 5 4 4 5 4 2 4 3 0 1 6 4 2 6 6 6 1 5 4 3 3 1 4 2 4 4 6 3 6 2 6 2 2 6 4 1 4 3 4 2 2 2 1 1 2 2 1 3 5 5 4 2 6 2 4 4 4 5 4 6 3 6 5 2 2 0 2 1 4 2 5 1 0 1 3 6 6 0 4 6 0 6 0 2 5 3 3 5 6 5 3 2 6 5 
3 4 4 4 3 0 3 5 4 0 4 5 1 4 2 4 5 4 3 2 4 5 1 3 4 3 1 1 3 5 6 2 4 3 6 3 6 5 4 1 5 1 3 5 3 3 2 4 2 4 3 3 4 0 1 1 1 5 5 3 1 3 0 2 3 4 2 5 5 2 3 5 5 2 4 2 2 5 2 2 3 6 5 3 5 5 6 2 5 3 3 1 1 4 3 3 4 6 1 6 3 6 1 3 6 4 1 2 2 3 0 2 1 0 0 3 4 3 3 6 5 4 1 5 3 3 2 3 4 5 5 2 6 5 1 1 1 0 0 5 2 3 1 1 1 1 6 5 1 3 6 1 5 2 0 3 2 1 4 5 4 4 1 6 4 
3 7 7 7 3 3 4 1 4 4 4 2 4 1 3 4 3 3 3 4 3 2 3 2 4 3 3 2 5 5 5 2 4 0 5 1 2 5 1 4 4 3 0 4 4 4 4 1 2 4 6 5 2 3 2 2 2 2 4 3 3 5 3 1 1 1 5 4 2 3 3 3 5 2 2 1 3 4 2 4 5 3 4 4 2 1 3 3 3 2 3 2 4 2 4 1 2 3 3 5 4 3 3 5 5 3 3 2 1 1 3 3 3 4 4 5 4 5 2 5 4 3 3 2 4 2 1 1 2 4 2 2 5 3 2 2 4 3 4 5 3 0 4 5 4 2 3 1 5 2 5 4 2 5 3 0 1 2 1 3 2 3 3 3 2 
2 5 5 5 2 1 4 3 4 2 4 4 2 2 2 4 4 4 3 3 3 3 1 2 4 3 1 1 4 5 5 0 4 1 6 2 4 5 2 3 4 2 1 4 3 4 3 2 2 4 4 4 3 2 0 0 0 3 5 3 2 4 2 0 1 3 3 5 4 3 3 4 5 0 3 0 2 5 2 3 4 4 4 3 4 3 5 2 4 2 3 0 2 3 3 2 3 4 1 6 3 5 1 4 6 4 2 0 1 1 1 2 1 2 2 4 4 4 2 5 5 4 1 3 3 2 0 1 3 5 3 2 5 4 1 1 3 1 2 5 2 1 2 3 2 0 4 3 3 2 6 3 4 3 2 1 0 0 3 4 3 3 1 5 3 
2 5 5 5 2 1 3 3 4 2 4 4 2 3 2 4 4 4 3 3 3 4 1 2 4 3 1 1 4 5 5 0 4 1 6 2 4 5 2 2 4 1 2 4 3 3 3 3 1 4 4 4 3 1 0 0 0 4 5 3 1 3 1 0 2 3 3 5 4 3 3 4 5 0 3 0 2 5 2 3 4 4 4 3 4 3 5 2 4 2 3 0 2 3 3 2 3 5 1 6 3 5 1 4 6 4 2 0 0 1 1 2 1 2 2 4 4 4 2 5 5 4 1 4 3 2 1 2 3 4 4 2 5 4 0 1 2 1 2 5 2 1 2 3 2 0 5 3 3 2 6 2 4 3 1 2 0 0 3 4 3 3 1 5 3 
5 7 7 7 5 4 4 0 3 5 4 1 4 0 3 4 2 3 3 4 3 0 4 2 3 3 4 3 5 4 4 3 4 1 4 1 1 4 1 5 3 4 1 3 4 5 5 0 3 3 6 5 2 4 3 2 3 1 4 3 3 5 4 2 1 0 5 3 1 3 3 2 4 3 1 2 3 4 2 5 5 2 3 4 1 0 2 3 2 2 3 3 5 2 4 1 1 2 4 5 4 2 3 5 4 3 4 3 2 1 4 3 3 5 5 5 4 5 2 4 3 3 3 0 4 2 2 1 1 4 0 2 4 2 3 3 5 4 4 4 3 1 5 6 4 3 2 0 5 1 4 5 1 5 4 1 3 3 0 1 1 3 4 2 1 
6 7 7 7 6 5 4 2 2 5 3 0 4 1 3 3 0 2 2 4 2 1 5 2 2 3 5 3 5 3 2 4 3 3 2 2 0 3 1 5 2 4 2 2 4 4 5 1 3 2 6 4 1 5 4 3 5 1 3 2 4 5 5 3 2 1 5 2 1 3 2 0 3 5 0 4 3 2 2 5 5 0 2 4 1 2 0 4 1 1 3 4 5 1 4 1 1 0 6 3 3 0 4 4 2 2 4 5 3 2 5 3 4 5 5 4 3 5 2 2 2 2 4 1 4 2 4 2 1 2 1 2 2 0 4 3 5 6 5 3 3 3 5 6 4 4 0 1 6 1 2 5 0 6 5 3 4 4 1 0 0 2 4 0 1 
6 6 6 6 6 4 3 2 2 4 2 1 3 1 2 2 1 1 1 3 1 1 5 1 2 2 4 3 4 3 2 4 2 2 2 1 1 2 0 4 1 3 2 1 3 4 4 1 2 1 5 3 0 4 3 3 4 1 2 1 3 4 5 3 1 0 4 2 2 2 1 0 2 4 0 3 2 2 1 4 4 1 1 3 2 2 1 3 0 1 2 3 4 0 3 1 0 1 5 3 2 1 3 3 2 1 3 4 2 2 4 2 3 4 4 4 3 4 1 2 1 1 3 2 3 1 3 1 0 2 1 1 2 0 3 3 4 5 4 2 2 3 4 5 3 4 1 1 5 0 2 4 0 5 4 2 3 3 1 0 0 1 3 1 0 
6 4 4 4 6 3 1 3 0 3 1 2 2 2 1 1 2 0 0 2 0 3 4 1 0 0 4 2 2 1 2 4 1 3 2 1 3 1 1 3 0 2 2 1 1 2 2 2 1 0 4 2 1 3 3 2 4 3 1 0 2 2 4 3 2 2 3 1 3 1 0 1 1 4 1 3 1 1 1 2 2 2 1 1 3 3 2 2 1 1 0 3 3 0 1 1 1 3 5 2 1 2 2 1 2 0 2 4 2 2 4 1 2 4 4 2 1 2 1 2 1 0 2 3 1 1 3 2 2 1 3 1 2 1 3 2 3 4 3 1 1 3 3 4 2 3 2 3 3 1 2 3 2 3 4 3 3 3 3 2 1 0 3 2 2 
3 3 3 3 3 0 2 4 3 0 3 4 1 3 1 3 4 3 2 1 3 4 1 2 3 2 2 0 2 4 5 2 3 3 5 2 5 4 3 1 3 0 2 4 2 2 2 3 1 3 2 3 3 0 1 1 1 4 4 2 0 2 1 2 2 3 2 4 5 1 2 4 4 2 3 2 1 4 1 1 2 5 4 2 5 4 5 1 4 2 2 1 1 3 2 2 3 5 2 5 2 5 0 3 5 3 0 2 1 2 1 1 0 1 1 3 3 2 2 5 4 3 0 4 2 2 2 2 3 4 4 1 5 4 0 0 1 1 0 4 1 3 1 2 0 1 5 4 1 2 5 1 4 2 1 3 1 1 4 4 3 3 0 5 3 
7 7 7 7 7 6 4 3 2 6 3 1 5 2 4 3 0 2 3 5 2 2 6 2 2 3 6 4 5 3 2 5 3 3 1 2 1 2 2 6 2 5 3 1 4 5 5 2 3 2 6 4 1 5 4 4 5 1 2 2 4 5 6 4 3 1 5 2 2 3 2 0 3 5 1 4 3 2 3 5 5 0 2 4 2 2 0 4 1 2 3 5 6 2 4 2 1 0 6 2 3 0 4 4 2 2 4 5 4 3 6 3 4 6 6 4 3 5 3 2 1 2 4 2 4 2 4 3 1 2 2 3 1 0 5 4 6 6 6 2 3 4 5 6 5 5 0 2 6 2 1 5 0 6 6 3 5 5 2 0 1 2 5 0 1 
5 6 6 6 5 4 3 2 2 4 3 0 3 1 2 2 1 1 2 3 1 1 4 1 2 2 4 2 4 3 2 3 3 2 2 1 1 3 0 4 2 3 1 2 3 4 4 0 2 2 5 4 0 4 3 2 4 1 3 2 3 4 4 2 1 0 4 2 1 2 1 1 3 4 0 3 2 2 1 4 4 1 2 3 1 1 1 3 1 1 2 3 4 1 3 0 0 1 5 3 3 1 3 3 3 1 3 4 2 1 4 2 3 4 4 4 3 4 1 3 2 2 3 1 3 1 3 1 0 2 1 2 3 0 3 2 4 4 4 3 2 2 4 5 3 3 1 1 5 0 3 4 0 5 4 2 3 3 1 1 0 2 3 1 0 
