160 8511.26 0 1680 14 120
36.17 95.74 81.09 39.05 83.73 28.08 20.68 16.34 97.41 24.56 15.68 86.36 47.9 92.62 26.2 28.52 20.58 36.66 26.3 69.49 20.19 20.79 51.21 57.62 74.2 96.75 79.45 59.96 71.38 69.02 20.02 15.74 63.03 49.49 79.63 13.93 97.08 13.33 36.64 50.76 75.21 68.78 61.66 6.71 43.07 37.49 20.93 13.16 92.7 47.0 73.66 48.87 90.22 8.54 49.57 57.76 38.91 59.95 91.48 86.11 54.09 47.6 18.89 36.09 83.36 46.5 7.89 6.15 26.65 25.94 58.32 73.37 68.27 48.58 37.07 60.37 42.78 69.74 29.11 57.32 92.67 20.22 37.17 53.85 17.12 34.53 83.66 4.56 82.52 14.19 38.68 64.25 20.31 38.98 69.42 48.63 1.89 93.37 85.46 61.61 43.25 13.16 86.21 2.89 9.33 30.51 75.32 42.6 46.31 72.54 35.02 95.43 13.58 46.95 25.55 7.97 73.29 12.59 94.53 52.55 90.47 42.83 85.93 92.02 1.21 73.08 85.24 49.44 20.99 43.2 16.57 41.21 20.39 71.64 36.16 6.13 63.35 86.4 87.43 38.78 74.01 42.34 41.59 31.51 70.59 80.57 5.41 58.6 70.08 39.72 48.05 95.22 30.91 75.82 57.75 60.16 46.46 31.49 13.55 2.63 
72.77 61.9 66.01 35.94 61.63 30.07 21.63 53.69 80.21 52.65 47.24 17.63 77.14 34.0 16.92 26.33 19.15 44.34 36.56 77.45 54.28 32.94 64.84 12.83 41.34 40.32 16.25 24.35 57.6 41.26 43.49 26.6 60.56 87.52 41.53 35.84 78.91 79.43 70.5 49.66 22.63 18.6 21.51 47.19 22.79 45.47 46.54 19.44 63.98 28.77 79.14 50.66 74.7 26.74 58.62 54.29 16.69 19.65 68.11 72.61 75.2 89.59 43.36 81.97 61.79 60.08 28.91 37.9 58.28 10.81 69.78 47.78 78.17 69.46 89.98 79.53 56.25 62.98 12.44 78.22 60.46 63.96 19.69 19.56 76.51 12.55 78.09 69.56 55.11 14.26 13.12 74.03 74.51 12.87 60.6 10.51 78.06 62.29 29.66 25.86 29.56 25.22 19.21 38.86 31.22 43.2 26.16 55.79 70.02 68.21 46.03 76.93 20.58 11.65 78.62 85.01 53.02 75.79 86.76 33.83 60.9 26.36 86.47 37.52 64.26 22.71 73.48 89.32 86.51 30.68 33.28 45.62 71.08 82.67 18.28 49.22 16.08 54.06 64.98 44.09 88.67 20.06 63.71 25.06 31.5 60.93 32.35 83.51 82.82 40.4 60.14 21.06 45.44 25.4 16.04 79.55 53.14 24.06 42.04 49.57 
4 9 8 4 8 3 2 2 9 3 2 8 5 9 3 3 2 4 3 7 2 2 5 6 7 9 8 6 7 7 2 2 6 5 8 2 9 2 4 5 7 7 6 1 4 4 2 2 9 5 7 5 9 1 5 6 4 6 9 8 5 5 2 4 8 5 1 1 3 3 6 7 7 5 4 6 4 7 3 6 9 2 4 5 2 4 8 1 8 2 4 6 2 4 7 5 1 9 8 6 4 2 8 1 1 3 7 4 5 7 4 9 2 5 3 1 7 2 9 5 9 4 8 9 1 7 8 5 2 4 2 4 2 7 4 1 6 8 8 4 7 4 4 3 7 8 1 6 7 4 5 9 3 7 6 6 5 3 2 1 
1 2 3 4 5 6 7 8 9 10 11 12 13 14 15 16 17 18 19 20 21 22 23 24 25 26 27 28 29 30 31 32 33 34 35 36 37 38 39 40 41 42 43 44 45 46 47 48 49 50 51 52 53 54 55 56 57 58 59 60 61 62 63 64 65 66 67 68 69 70 71 72 73 74 75 76 77 78 79 80 81 82 83 84 85 86 87 88 89 90 91 92 93 94 95 96 97 98 99 100 101 102 103 104 105 106 107 108 109 110 111 112 113 114 115 116 117 118 119 120 121 122 123 124 125 126 127 128 129 130 131 132 133 134 135 136 137 138 139 140 141 142 143 144 145 146 147 148 149 150 151 152 153 154 155 156 157 158 159 160 
3 2 3 3 3 3 3 3 2 3 3 3 2 2 3 3 3 3 3 2 3 3 2 1 2 2 3 1 2 2 3 3 1 2 3 3 2 3 3 2 2 2 1 2 3 3 3 3 2 2 2 2 2 2 2 1 3 1 2 3 2 2 3 3 3 2 2 2 3 3 1 2 2 2 3 1 3 2 3 1 2 3 3 2 3 3 3 2 3 3 3 1 3 3 2 2 2 2 3 1 3 3 3 2 2 3 2 3 2 2 3 2 3 2 3 2 2 3 2 2 2 3 3 2 2 2 3 2 3 3 3 3 3 2 3 2 1 3 3 3 2 3 3 3 2 3 2 1 2 3 2 2 3 2 1 1 2 3 3 2 
2 3 1 2 1 2 2 2 3 2 2 1 3 3 2 2 2 2 2 2 2 2 3 1 2 3 1 1 2 2 2 2 1 3 1 2 3 2 2 3 2 2 1 3 2 2 2 2 3 3 2 3 3 3 3 1 2 1 3 1 3 3 2 2 1 3 3 3 2 2 1 2 2 3 2 1 2 2 2 1 3 2 2 3 2 2 1 3 1 2 2 1 2 2 2 3 3 3 1 1 2 2 1 3 3 2 2 2 3 2 2 3 2 3 2 3 2 2 3 3 3 2 1 3 3 2 1 3 2 2 2 2 2 2 2 3 1 1 1 2 2 2 2 2 2 1 3 1 2 2 3 3 2 2 1 1 3 2 2 3 
4 3 8 7 9 10 9 5 4 7 3 2 9 2 2 8 5 2 5 2 10 7 3 3 8 7 4 7 10 4 4 3 5 9 10 10 9 3 7 5 5 5 7 6 3 9 6 6 8 2 10 6 5 7 7 10 8 10 9 3 2 3 3 5 1 4 8 3 6 6 3 9 10 9 4 4 2 9 8 10 5 9 2 9 7 5 10 6 7 6 5 2 1 1 5 10 2 2 3 4 10 5 10 10 6 4 2 7 10 1 3 4 2 2 5 8 7 8 10 8 2 3 10 10 3 7 3 7 8 9 8 6 5 5 4 4 9 7 5 6 10 6 4 7 8 6 1 1 4 3 4 10 9 2 2 2 10 1 4 1 
4784.27 3415.18 4199.36 3708.44 4057.3 4161.66 3875.63 3244.31 4712.4 3542.72 3669.71 3621.67 3845.02 3537.52 3406.76 3932.54 3425.39 3635.6 4090.08 3625.83 4305.39 3571.08 3392.38 3849.76 3370.45 3952.52 4222.31 3776.35 4056.83 4524.51 4520.55 3566.43 4047.72 3892.57 4146.39 4755.55 3783.35 3933.33 3507.75 3973.18 3839.33 4337.31 3466.33 3687.69 4010.77 3866.96 4230.12 4115.5 3705.81 3437.57 4404.61 3676.65 3814.16 3681.42 3855.06 4656.13 3559.87 4246.66 3909.01 3583.55 3576.68 3877.97 3472.91 3592.04 4082.74 4157.67 3262.23 3525.53 4229.29 3715.64 3669.06 3766.28 4227.13 3875.04 4443.97 4824.47 3375.47 3817.32 3857.12 4077.26 4194.87 3765.85 3342.72 3857.22 3718.64 3411.52 4423.52 3778.51 3554.76 3656.29 3501.92 3458.58 4963.41 4224.17 4273.68 4733.48 3653.87 3506.24 3720.3 4754.22 4715.46 3232.59 4563.64 4206.53 4216.59 3982.55 3419.67 3828.45 4193.94 4184.13 3941.62 4315.54 3554.32 3494.44 3178.65 3203.13 3809.21 3927.35 4144.71 3825.85 3568.5 3971.13 4536.33 4316.2 3872.25 3640.58 3648.65 3543.98 3168.46 4030.95 4081.42 3972.57 3660.88 3505.02 4202.55 4389.78 3978.78 3836.98 3815.63 3672.66 4089.15 3915.33 4765.06 3500.0 4132.26 4068.48 4860.78 4291.53 4813.41 3392.17 3975.48 4628.96 3764.99 3372.98 3332.21 3388.13 4603.79 4767.59 4668.99 4327.34 
0.39 0.43 0.55 0.21 0.86 0.27 0.9 0.38 0.25 0.48 0.71 0.49 0.88 0.58 0.51 0.55 0.58 0.58 0.4 0.59 0.26 0.69 0.82 0.54 0.55 0.76 0.41 0.23 0.26 0.41 0.3 0.52 0.52 0.9 0.22 0.24 0.9 0.54 0.4 0.35 0.24 0.29 0.4 0.83 0.48 0.93 0.82 0.84 0.52 0.55 0.25 0.81 0.46 0.78 0.78 0.22 0.52 0.24 0.87 0.11 0.64 0.61 0.67 0.27 0.62 0.05 0.54 0.45 0.88 0.89 0.37 0.92 0.26 0.95 0.36 0.27 0.62 0.91 0.5 0.21 0.31 0.9 0.5 0.86 0.73 0.49 0.27 0.88 0.4 0.86 0.66 0.55 0.48 0.84 0.33 0.27 0.47 0.63 0.61 0.06 0.26 0.43 0.24 0.27 0.85 0.24 0.63 0.45 0.21 0.61 0.45 0.24 0.63 0.63 0.34 0.52 0.14 0.53 0.27 0.55 0.5 0.27 0.27 0.28 0.34 0.65 0.5 0.59 0.6 0.92 0.51 0.83 0.5 0.46 0.46 0.13 0.89 0.8 0.58 0.87 0.23 0.81 0.3 0.27 0.58 0.89 0.64 0.87 0.24 0.77 0.26 0.26 0.95 0.52 0.48 0.56 0.22 0.66 0.21 0.44 
0.81 0.7 0.71 0.77 0.68 0.84 1.0 1.0 0.56 0.66 1.0 0.65 0.59 1.0 0.55 0.96 0.98 0.67 0.93 0.52 0.92 0.65 0.85 0.56 0.59 1.0 0.98 0.96 0.88 0.68 0.71 0.57 0.58 0.91 0.98 0.85 0.64 0.92 0.89 0.98 0.56 0.52 1.0 0.93 0.71 0.96 0.58 0.74 0.56 0.79 0.71 0.89 0.66 0.98 0.69 0.84 0.65 1.0 0.78 0.76 0.82 0.85 1.0 0.68 0.81 0.74 0.75 0.61 0.57 0.89 0.83 0.5 0.86 1.0 0.94 0.55 0.51 1.0 0.64 0.62 0.95 1.0 1.0 0.83 0.68 0.87 0.95 0.83 0.6 0.91 1.0 0.91 0.67 0.56 1.0 0.99 0.93 0.92 1.0 0.53 0.58 0.79 0.67 0.6 0.66 1.0 0.81 0.68 0.95 0.56 1.0 0.82 1.0 1.0 0.93 0.69 0.84 0.62 0.89 0.84 1.0 0.96 0.63 1.0 0.94 1.0 1.0 0.69 0.71 0.91 0.77 1.0 1.0 1.0 0.73 0.76 0.97 0.59 0.78 0.94 1.0 0.62 0.96 0.78 0.86 0.85 0.69 0.95 0.9 0.81 1.0 0.9 0.97 1.0 0.72 0.95 0.57 0.76 1.0 0.55 
0.62 0.8 0.64 1.0 0.92 0.99 0.61 0.69 0.5 0.98 0.56 0.69 1.0 0.83 1.0 0.67 0.6 0.69 0.72 0.85 0.88 1.0 0.9 1.0 1.0 0.85 0.97 1.0 0.69 1.0 1.0 0.73 0.53 0.78 1.0 1.0 0.71 0.88 0.85 0.89 1.0 0.9 0.57 0.81 0.98 0.9 0.78 0.68 0.98 0.95 0.57 1.0 0.94 0.74 0.93 1.0 1.0 1.0 0.99 0.95 0.68 0.54 0.77 0.95 0.75 0.62 0.76 0.52 0.97 0.65 0.63 0.99 0.94 0.68 0.74 0.74 0.67 1.0 0.74 0.6 0.51 0.51 0.6 1.0 0.86 0.95 0.98 0.97 0.95 0.57 0.83 0.76 0.81 0.9 0.71 0.7 0.8 0.95 0.59 0.81 0.96 1.0 0.75 0.61 0.51 1.0 0.67 1.0 0.61 0.7 0.78 0.99 1.0 1.0 1.0 0.61 0.79 0.54 1.0 0.67 0.52 1.0 0.7 1.0 1.0 0.86 0.6 0.95 0.81 0.87 0.73 0.65 0.93 0.71 0.55 0.91 0.66 0.76 0.52 0.92 0.63 1.0 1.0 0.53 1.0 0.94 0.92 0.64 0.86 0.63 0.65 0.84 0.66 0.81 1.0 0.79 0.83 1.0 0.64 0.98 
0.92 0.6 0.52 0.66 0.67 1.0 0.68 0.92 0.86 0.52 0.56 0.77 0.97 0.5 0.76 0.93 0.53 0.72 0.71 0.65 0.56 0.63 0.85 0.93 0.78 1.0 1.0 0.57 1.0 0.97 0.89 0.91 0.74 0.65 0.5 0.55 0.52 0.9 0.76 0.72 0.86 0.72 0.67 0.56 0.56 0.92 0.61 0.61 0.96 0.56 0.81 0.86 0.66 0.53 1.0 0.54 0.76 1.0 0.84 0.5 0.93 0.99 1.0 0.54 0.83 1.0 0.69 0.97 1.0 1.0 0.99 0.98 0.77 0.82 1.0 0.66 1.0 1.0 0.65 0.68 0.81 0.94 0.73 0.54 1.0 0.89 1.0 0.56 0.85 0.56 0.74 0.6 0.76 0.93 0.98 0.83 0.77 1.0 0.57 1.0 0.81 0.53 0.59 0.57 0.57 0.57 1.0 0.65 0.67 0.61 0.61 0.74 0.76 0.66 0.87 0.98 0.89 1.0 0.8 0.81 1.0 1.0 0.65 0.85 0.99 0.54 1.0 0.9 0.63 0.52 0.86 0.6 0.59 1.0 0.52 1.0 0.84 1.0 0.53 0.6 0.94 0.68 1.0 1.0 0.99 1.0 0.59 0.68 0.8 0.8 0.64 0.96 1.0 0.81 1.0 0.94 0.62 1.0 1.0 0.77 
0.56 0.62 0.8 0.96 0.59 0.55 0.55 0.72 0.79 0.67 1.0 1.0 0.65 0.86 0.81 0.8 0.53 0.92 0.83 0.77 0.59 0.64 0.78 0.65 0.85 0.63 0.69 0.77 0.56 0.9 1.0 0.67 0.53 1.0 0.57 0.89 0.54 1.0 0.57 0.62 0.87 0.88 1.0 0.68 0.5 0.56 0.99 0.93 1.0 0.76 1.0 0.88 0.53 0.94 0.66 1.0 1.0 0.63 0.71 0.6 0.55 0.69 0.58 0.75 0.94 1.0 1.0 0.76 0.76 0.78 0.7 1.0 1.0 0.59 0.59 0.6 0.75 0.51 0.69 1.0 0.61 1.0 0.62 0.97 0.78 0.61 0.51 0.82 1.0 0.81 0.68 0.54 0.84 0.56 0.88 1.0 0.59 1.0 0.94 0.95 0.81 1.0 0.76 0.81 0.54 0.63 1.0 0.62 0.96 0.56 0.63 0.59 0.83 0.93 0.51 0.87 1.0 0.91 0.77 0.67 0.73 0.55 0.75 0.55 0.73 0.65 0.91 0.57 0.82 0.91 0.87 1.0 0.84 0.6 0.67 1.0 0.61 0.86 0.69 0.51 0.77 0.98 0.94 0.59 0.93 0.83 0.59 0.9 0.94 0.83 0.65 0.8 0.52 1.0 0.7 0.83 0.55 0.56 1.0 0.66 
0.6 1.0 0.68 0.59 0.98 1.0 0.66 0.52 1.0 0.61 0.95 0.54 0.88 0.79 0.8 1.0 1.0 0.67 0.97 0.61 0.52 1.0 0.96 0.76 0.85 0.51 0.6 1.0 0.95 0.54 1.0 0.9 0.7 0.7 0.74 0.96 0.77 0.83 0.8 0.99 0.98 0.85 0.77 0.95 0.53 0.64 0.88 1.0 0.56 0.92 0.7 0.6 0.74 0.52 0.76 0.99 0.9 0.74 0.62 0.82 1.0 0.71 0.56 0.76 0.86 0.68 0.56 0.94 0.63 0.62 0.76 1.0 0.55 0.92 0.8 1.0 1.0 0.91 0.77 1.0 0.99 1.0 0.83 0.59 0.72 1.0 1.0 1.0 0.57 1.0 0.72 0.98 0.6 0.51 0.98 0.75 0.61 0.54 0.71 0.77 0.85 0.91 0.66 0.96 0.63 0.92 1.0 0.72 0.76 0.98 1.0 0.96 1.0 0.85 0.56 0.59 0.64 1.0 1.0 1.0 1.0 0.71 1.0 0.78 0.56 1.0 1.0 1.0 0.95 0.86 0.62 1.0 0.65 0.84 0.58 1.0 0.64 0.51 0.89 0.52 0.9 0.61 1.0 0.76 1.0 0.54 0.99 0.56 0.59 0.68 0.79 0.6 0.97 0.88 1.0 1.0 0.8 0.94 0.64 0.78 
0.16 0.21 0.13 0.29 0.24 0.46 0.15 0.24 0.19 0.14 0.3 0.19 0.33 0.28 0.27 0.47 0.17 0.2 0.39 0.14 0.14 0.26 0.48 0.26 0.33 0.27 0.39 0.42 0.33 0.32 0.64 0.23 0.08 0.32 0.21 0.41 0.1 0.61 0.26 0.38 0.42 0.25 0.3 0.28 0.1 0.29 0.24 0.28 0.29 0.29 0.23 0.41 0.16 0.19 0.32 0.45 0.44 0.47 0.28 0.18 0.28 0.22 0.25 0.2 0.41 0.31 0.22 0.22 0.27 0.28 0.27 0.49 0.34 0.3 0.33 0.16 0.26 0.46 0.16 0.25 0.24 0.48 0.23 0.25 0.32 0.44 0.48 0.37 0.28 0.23 0.3 0.22 0.21 0.13 0.61 0.43 0.21 0.47 0.22 0.32 0.31 0.38 0.15 0.16 0.06 0.33 0.54 0.2 0.28 0.13 0.3 0.34 0.63 0.52 0.23 0.21 0.38 0.3 0.55 0.31 0.38 0.38 0.22 0.36 0.38 0.3 0.54 0.34 0.28 0.33 0.26 0.39 0.3 0.36 0.08 0.69 0.21 0.2 0.13 0.14 0.41 0.25 0.9 0.19 0.79 0.35 0.22 0.21 0.34 0.23 0.21 0.35 0.32 0.58 0.5 0.58 0.13 0.4 0.41 0.21 
514.14 1753.83 805.18 653.44 1133.51 1606.69 1658.97 936.93 452.11 904.02 1991.51 1956.19 1334.0 1523.61 1838.08 768.72 1214.19 2945.26 977.72 1562.51 1472.0 903.89 2244.31 1837.74 577.89 797.37 682.32 674.91 1535.98 627.72 437.17 1843.54 1104.6 1072.44 1398.49 1311.55 1288.4 2239.87 976.87 965.41 1034.51 851.32 688.72 646.64 1807.08 1152.48 708.07 628.01 700.78 1741.89 1437.93 785.92 955.76 796.07 971.91 1231.12 672.07 1680.77 1435.28 1418.78 1684.29 2031.11 2111.66 747.34 1800.72 459.74 885.82 1648.82 570.6 672.21 1664.17 1291.86 1603.72 1234.24 646.9 622.77 2183.02 1424.43 766.17 1049.99 780.63 1635.44 1720.61 1235.26 1091.94 1243.97 1455.22 573.37 722.42 657.49 1040.5 1613.26 1845.24 1757.89 1140.2 1117.66 1124.14 1690.42 1718.83 454.38 1788.83 1000.56 1173.74 1380.69 651.3 416.38 1290.64 897.22 1534.29 1863.01 1955.28 517.04 1864.94 1662.5 948.84 900.66 758.5 691.68 1336.98 636.91 1343.92 1726.82 1350.9 1609.83 1643.82 974.54 1597.19 1084.93 748.56 1184.81 784.98 761.23 1075.22 1205.65 823.64 593.38 1360.4 912.55 1058.78 796.23 1981.31 635.13 667.87 825.99 871.25 779.61 1572.64 1905.52 445.09 1903.71 539.3 1582.25 1655.85 2398.41 1414.14 1522.03 1501.32 1866.89 384.94 1502.77 
67.82 438.7 95.5 200.99 274.62 715.1 325.05 238.17 98.4 102.68 663.03 430.6 473.38 418.23 617.67 407.6 171.33 773.84 394.32 252.64 181.95 206.49 1057.05 458.05 168.37 176.66 265.62 327.38 465.45 189.8 285.18 431.77 97.13 352.66 305.17 573.41 114.92 1383.92 227.02 360.75 458.02 244.67 198.14 183.8 215.67 277.54 156.47 171.14 217.55 507.24 326.69 283.93 168.61 157.34 273.14 545.6 293.89 817.45 420.32 258.14 551.74 425.67 652.62 143.07 675.19 140.42 174.98 279.87 159.29 189.59 432.18 635.06 630.82 384.53 198.39 82.28 628.0 656.18 136.59 243.47 158.66 762.56 468.39 342.49 293.38 542.8 832.95 206.98 209.42 160.92 353.38 371.95 348.27 232.27 708.3 396.66 215.55 801.33 385.78 132.24 562.66 344.64 236.51 207.62 51.09 138.04 697.79 195.73 510.72 261.45 635.98 173.77 1143.28 922.23 213.51 178.99 330.82 212.75 673.09 188.01 555.41 621.55 256.82 589.43 717.43 294.97 864.88 383.39 202.59 418.38 198.68 302.26 320.32 431.77 68.6 376.29 274.59 220.72 118.15 107.21 763.16 162.81 592.84 166.54 737.44 299.05 348.06 398.57 119.63 491.02 103.62 581.65 514.22 1258.91 678.53 796.2 127.85 835.12 166.32 347.65 
2070.71 8269.15 3525.88 2767.19 5167.54 7533.45 7794.83 4184.66 1760.57 4020.09 9457.57 9280.95 6169.99 7118.04 8690.42 3343.6 5570.96 14226.31 4388.6 7312.53 6859.98 4019.43 10721.55 8688.7 2389.45 3486.84 2911.59 2874.57 7179.9 2638.58 1685.86 8717.68 5022.99 4862.22 6492.47 6057.74 5941.99 10699.36 4384.35 4327.05 4672.56 3756.61 2943.62 2733.19 8535.41 5262.4 3040.35 2640.04 3003.88 8209.43 6689.63 3429.62 4278.82 3480.34 4359.57 5655.62 2860.36 7903.83 6676.4 6593.92 7921.45 9655.54 10058.32 3236.72 8503.62 1798.71 3929.11 7744.09 2353.0 2861.05 7820.87 5959.29 7518.59 5671.2 2734.49 2613.85 10415.11 6622.15 3330.85 4749.95 3403.14 7677.18 8103.03 5676.29 4959.68 5719.86 6776.11 2366.85 3112.1 2787.47 4702.51 7566.3 8726.22 8289.45 5201.02 5088.29 5120.72 7952.12 8094.16 1771.91 8444.17 4502.82 5368.7 6403.43 2756.52 1581.91 5953.2 3986.11 7171.47 8815.03 9276.39 2085.21 8824.68 7812.48 4244.22 4003.29 3292.51 2958.41 6184.92 2684.56 6219.6 8134.1 6254.52 7549.14 7719.12 4372.71 7485.96 4924.65 3242.78 5424.04 3424.88 3306.16 4876.08 5528.23 3618.2 2466.89 6302.02 4062.73 4793.9 3481.16 9406.54 2675.66 2839.36 3629.97 3856.25 3398.05 7363.19 9027.61 1725.47 9018.53 2196.52 7411.23 7779.24 11492.03 6570.71 7110.15 7006.6 8834.43 1424.69 7013.84 
-160.91 1693.5 -22.52 504.93 873.12 3075.48 1125.24 690.84 -8.02 13.4 2815.15 1652.99 1866.9 1591.14 2588.36 1538.01 356.66 3369.22 1471.58 763.19 409.73 532.43 4785.25 1790.23 341.87 383.28 828.09 1136.89 1827.25 449.0 925.88 1658.84 -14.36 1263.31 1025.85 2367.05 74.62 6419.6 635.1 1303.76 1790.08 723.34 490.72 419.0 578.35 887.7 282.37 355.68 587.76 2036.19 1133.45 919.66 343.04 286.7 865.7 2228.01 969.43 3587.27 1601.59 790.68 2258.71 1628.35 2763.11 215.34 2875.97 202.1 374.9 899.37 296.43 447.93 1660.92 2675.3 2654.08 1422.65 491.96 -88.6 2640.01 2780.89 182.97 717.35 293.3 3312.79 1841.95 1212.43 966.9 2214.0 3664.76 534.9 547.12 304.58 1266.92 1359.76 1241.37 661.33 3041.5 1483.3 577.73 3506.67 1428.92 161.18 2313.32 1223.19 682.57 538.11 -244.57 190.2 2988.93 478.64 2053.61 807.25 2679.89 368.83 5216.38 4111.16 567.56 394.94 1154.11 563.77 2865.44 440.03 2277.04 2607.77 784.12 2447.17 3087.17 974.83 3824.42 1416.96 512.93 1591.89 493.4 1011.29 1101.62 1658.86 -157.02 1381.43 872.94 603.62 90.74 36.06 3315.78 314.07 2464.22 332.7 3187.2 995.23 1240.29 1492.86 98.16 1955.09 18.11 2408.24 2071.09 5794.54 2892.66 3481.01 139.25 3675.59 331.62 1238.25 
191.37 102.46 167.97 148.34 162.29 166.47 155.03 129.77 141.37 141.71 146.79 144.87 115.35 106.13 136.27 157.3 137.02 145.42 163.6 108.77 172.22 142.84 101.77 77.0 101.11 118.58 168.89 75.53 121.7 135.74 180.82 142.66 80.95 116.78 165.86 190.22 113.5 157.33 140.31 119.2 115.18 130.12 69.33 110.63 160.43 154.68 169.2 164.62 111.17 103.13 132.14 110.3 114.42 110.44 115.65 93.12 142.39 84.93 117.27 143.34 107.3 116.34 138.92 143.68 163.31 124.73 97.87 105.77 169.17 148.63 73.38 112.99 126.81 116.25 177.76 96.49 135.02 114.52 154.28 81.55 125.85 150.63 133.71 115.72 148.75 136.46 176.94 113.36 142.19 146.25 140.08 69.17 198.54 168.97 128.21 142.0 109.62 105.19 148.81 95.08 188.62 129.3 182.55 126.2 126.5 159.3 102.59 153.14 125.82 125.52 157.66 129.47 142.17 104.83 127.15 96.09 114.28 157.09 124.34 114.78 107.05 158.85 181.45 129.49 116.17 109.22 145.95 106.32 126.74 161.24 163.26 158.9 146.44 105.15 168.1 131.69 79.58 153.48 152.63 146.91 122.67 156.61 190.6 140.0 123.97 162.74 145.82 85.83 144.4 135.69 119.26 138.87 150.6 101.19 66.64 67.76 138.11 190.7 186.76 129.82 
20 9 17 15 17 17 16 13 13 15 15 15 10 10 14 16 14 15 17 10 18 15 9 5 9 11 18 5 11 12 19 15 5 11 17 20 10 16 15 11 10 12 4 10 17 16 18 17 10 9 12 10 10 10 11 6 15 6 11 15 10 11 14 15 17 11 9 10 18 15 5 10 12 11 19 6 14 10 16 5 11 16 14 11 15 14 18 10 15 15 15 4 21 18 12 13 10 10 15 6 20 13 19 12 12 17 9 16 11 11 16 12 15 9 13 9 10 16 11 10 10 17 19 12 11 10 15 10 13 17 17 17 15 10 18 12 5 16 16 15 11 16 20 14 11 17 13 6 13 14 11 13 16 9 4 4 13 20 20 12 
96 29 47 82 75 13 51 98 55 28 69 112 46 20 33 94 116 79 57 101 62 2 38 87 27 31 66 55 13 115 32 55 92 63 74 57 16 42 48 58 107 84 113 8 6 12 5 114 91 31 104 41 83 23 87 45 56 76 16 84 12 0 61 97 8 99 64 40 3 108 18 79 28 45 55 27 28 119 47 77 10 50 13 47 118 103 4 111 104 54 31 38 42 17 18 41 93 19 45 5 40 69 109 40 36 109 58 23 109 103 37 97 85 89 41 0 1 106 30 59 79 66 71 93 89 33 45 78 46 27 49 19 22 111 29 75 8 84 44 69 31 42 32 81 110 62 60 54 29 47 85 81 115 106 91 96 90 114 81 103 
120 43 62 120 88 103 120 114 120 80 120 120 120 47 58 120 120 120 120 120 120 61 113 120 76 82 120 89 92 120 74 120 107 120 120 120 47 114 120 120 120 120 120 94 117 120 94 120 108 81 120 92 99 119 120 84 120 120 66 104 28 18 120 120 48 117 120 60 18 120 114 120 120 94 108 46 120 120 62 120 82 120 115 120 120 120 27 120 120 120 76 118 91 58 98 62 120 81 104 34 120 109 120 52 101 120 119 113 120 120 119 120 120 120 91 93 18 120 95 99 120 120 120 120 106 53 120 120 120 89 67 63 107 120 82 120 92 120 120 120 43 87 112 117 120 120 120 118 120 120 120 120 120 120 103 120 120 120 111 120 
10
0.0 0.0 0.0 0.0 0.0 0.0 0.0 0.0 0.0 0.0 
100.0 100.0 100.0 0.0 100.0 100.0 0.0 0.0 0.0 100.0 
0 0 0 7 0 0 7 7 7 0 3 7 6 5 6 5 5 3 7 3 3 8 3 8 6 5 5 4 4 5 3 5 4 7 6 8 8 6 5 6 4 5 5 3 7 4 7 1 3 5 7 7 7 3 6 4 4 5 7 6 5 4 6 5 4 5 6 7 6 6 4 3 4 2 6 4 5 4 3 6 4 6 5 4 2 4 4 5 6 4 7 2 6 6 2 6 6 2 6 6 6 4 2 6 5 7 1 7 7 6 5 5 8 4 4 4 7 4 3 5 4 7 5 7 2 1 6 1 6 6 7 6 6 7 2 7 6 3 1 5 4 4 2 5 6 3 7 6 6 4 5 6 3 5 7 6 4 4 5 5 4 8 4 7 7 4 4 5 4 3 
0 0 0 7 0 0 7 7 7 0 3 7 6 5 6 5 5 3 7 3 3 8 3 8 6 5 5 4 4 5 3 5 4 7 6 8 8 6 5 6 4 5 5 3 7 4 7 1 3 5 7 7 7 3 6 4 4 5 7 6 5 4 6 5 4 5 6 7 6 6 4 3 4 2 6 4 5 4 3 6 4 6 5 4 2 4 4 5 6 4 7 2 6 6 2 6 6 2 6 6 6 4 2 6 5 7 1 7 7 6 5 5 8 4 4 4 7 4 3 5 4 7 5 7 2 1 6 1 6 6 7 6 6 7 2 7 6 3 1 5 4 4 2 5 6 3 7 6 6 4 5 6 3 5 7 6 4 4 5 5 4 8 4 7 7 4 4 5 4 3 
0 0 0 7 0 0 7 7 7 0 3 7 6 5 6 5 5 3 7 3 3 8 3 8 6 5 5 4 4 5 3 5 4 7 6 8 8 6 5 6 4 5 5 3 7 4 7 1 3 5 7 7 7 3 6 4 4 5 7 6 5 4 6 5 4 5 6 7 6 6 4 3 4 2 6 4 5 4 3 6 4 6 5 4 2 4 4 5 6 4 7 2 6 6 2 6 6 2 6 6 6 4 2 6 5 7 1 7 7 6 5 5 8 4 4 4 7 4 3 5 4 7 5 7 2 1 6 1 6 6 7 6 6 7 2 7 6 3 1 5 4 4 2 5 6 3 7 6 6 4 5 6 3 5 7 6 4 4 5 5 4 8 4 7 7 4 4 5 4 3 
7 7 7 0 7 7 0 0 0 7 5 8 7 3 7 2 2 4 9 4 3 6 6 7 2 2 2 4 3 7 4 2 5 4 6 7 5 4 6 5 3 2 6 7 6 2 8 5 5 5 5 5 4 3 3 4 3 1 8 3 7 5 8 2 5 5 3 4 8 8 6 7 3 6 7 5 2 2 4 2 6 6 7 6 6 7 5 6 2 6 7 4 3 4 5 2 8 4 7 1 2 7 5 2 6 3 5 8 6 4 3 2 6 2 2 3 5 5 5 7 4 8 1 3 5 6 6 5 9 4 7 3 8 7 4 5 8 7 6 3 2 4 5 7 2 3 4 7 7 4 8 3 5 2 5 7 2 7 7 4 5 6 3 5 4 7 5 2 3 3 
0 0 0 7 0 0 7 7 7 0 3 7 6 5 6 5 5 3 7 3 3 8 3 8 6 5 5 4 4 5 3 5 4 7 6 8 8 6 5 6 4 5 5 3 7 4 7 1 3 5 7 7 7 3 6 4 4 5 7 6 5 4 6 5 4 5 6 7 6 6 4 3 4 2 6 4 5 4 3 6 4 6 5 4 2 4 4 5 6 4 7 2 6 6 2 6 6 2 6 6 6 4 2 6 5 7 1 7 7 6 5 5 8 4 4 4 7 4 3 5 4 7 5 7 2 1 6 1 6 6 7 6 6 7 2 7 6 3 1 5 4 4 2 5 6 3 7 6 6 4 5 6 3 5 7 6 4 4 5 5 4 8 4 7 7 4 4 5 4 3 
0 0 0 7 0 0 7 7 7 0 3 7 6 5 6 5 5 3 7 3 3 8 3 8 6 5 5 4 4 5 3 5 4 7 6 8 8 6 5 6 4 5 5 3 7 4 7 1 3 5 7 7 7 3 6 4 4 5 7 6 5 4 6 5 4 5 6 7 6 6 4 3 4 2 6 4 5 4 3 6 4 6 5 4 2 4 4 5 6 4 7 2 6 6 2 6 6 2 6 6 6 4 2 6 5 7 1 7 7 6 5 5 8 4 4 4 7 4 3 5 4 7 5 7 2 1 6 1 6 6 7 6 6 7 2 7 6 3 1 5 4 4 2 5 6 3 7 6 6 4 5 6 3 5 7 6 4 4 5 5 4 8 4 7 7 4 4 5 4 3 
7 7 7 0 7 7 0 0 0 7 5 8 7 3 7 2 2 4 9 4 3 6 6 7 2 2 2 4 3 7 4 2 5 4 6 7 5 4 6 5 3 2 6 7 6 2 8 5 5 5 5 5 4 3 3 4 3 1 8 3 7 5 8 2 5 5 3 4 8 8 6 7 3 6 7 5 2 2 4 2 6 6 7 6 6 7 5 6 2 6 7 4 3 4 5 2 8 4 7 1 2 7 5 2 6 3 5 8 6 4 3 2 6 2 2 3 5 5 5 7 4 8 1 3 5 6 6 5 9 4 7 3 8 7 4 5 8 7 6 3 2 4 5 7 2 3 4 7 7 4 8 3 5 2 5 7 2 7 7 4 5 6 3 5 4 7 5 2 3 3 
7 7 7 0 7 7 0 0 0 7 5 8 7 3 7 2 2 4 9 4 3 6 6 7 2 2 2 4 3 7 4 2 5 4 6 7 5 4 6 5 3 2 6 7 6 2 8 5 5 5 5 5 4 3 3 4 3 1 8 3 7 5 8 2 5 5 3 4 8 8 6 7 3 6 7 5 2 2 4 2 6 6 7 6 6 7 5 6 2 6 7 4 3 4 5 2 8 4 7 1 2 7 5 2 6 3 5 8 6 4 3 2 6 2 2 3 5 5 5 7 4 8 1 3 5 6 6 5 9 4 7 3 8 7 4 5 8 7 6 3 2 4 5 7 2 3 4 7 7 4 8 3 5 2 5 7 2 7 7 4 5 6 3 5 4 7 5 2 3 3 
7 7 7 0 7 7 0 0 0 7 5 8 7 3 7 2 2 4 9 4 3 6 6 7 2 2 2 4 3 7 4 2 5 4 6 7 5 4 6 5 3 2 6 7 6 2 8 5 5 5 5 5 4 3 3 4 3 1 8 3 7 5 8 2 5 5 3 4 8 8 6 7 3 6 7 5 2 2 4 2 6 6 7 6 6 7 5 6 2 6 7 4 3 4 5 2 8 4 7 1 2 7 5 2 6 3 5 8 6 4 3 2 6 2 2 3 5 5 5 7 4 8 1 3 5 6 6 5 9 4 7 3 8 7 4 5 8 7 6 3 2 4 5 7 2 3 4 7 7 4 8 3 5 2 5 7 2 7 7 4 5 6 3 5 4 7 5 2 3 3 
0 0 0 7 0 0 7 7 7 0 3 7 6 5 6 5 5 3 7 3 3 8 3 8 6 5 5 4 4 5 3 5 4 7 6 8 8 6 5 6 4 5 5 3 7 4 7 1 3 5 7 7 7 3 6 4 4 5 7 6 5 4 6 5 4 5 6 7 6 6 4 3 4 2 6 4 5 4 3 6 4 6 5 4 2 4 4 5 6 4 7 2 6 6 2 6 6 2 6 6 6 4 2 6 5 7 1 7 7 6 5 5 8 4 4 4 7 4 3 5 4 7 5 7 2 1 6 1 6 6 7 6 6 7 2 7 6 3 1 5 4 4 2 5 6 3 7 6 6 4 5 6 3 5 7 6 4 4 5 5 4 8 4 7 7 4 4 5 4 3 
3 3 3 5 3 3 5 5 5 3 0 4 3 2 3 3 3 1 4 1 2 5 0 4 4 3 3 2 2 2 1 3 1 4 3 4 5 3 2 3 2 3 2 1 3 3 4 1 0 1 4 4 4 2 3 1 2 4 4 3 2 1 3 3 1 2 4 4 3 3 1 1 2 0 3 1 3 3 1 4 1 3 2 0 1 1 1 2 4 1 4 1 3 4 1 4 3 2 3 4 4 2 1 4 2 4 2 4 4 3 3 3 5 3 3 2 4 1 0 2 1 4 4 4 0 2 3 1 4 3 3 3 3 4 2 4 3 1 1 3 3 1 1 2 3 2 4 3 3 2 2 3 0 3 3 3 3 1 2 2 1 5 1 4 4 1 1 3 2 2 
7 7 7 8 7 7 8 8 8 7 4 0 1 4 0 5 6 5 1 5 5 3 3 2 5 5 6 4 5 2 5 5 3 4 2 1 3 3 1 2 5 6 2 3 1 6 1 6 4 3 3 3 3 6 4 4 5 6 0 4 2 3 0 6 3 2 5 3 0 1 3 3 5 4 0 3 6 6 4 6 2 1 2 3 4 2 3 1 5 2 0 5 5 4 5 5 1 6 1 6 5 2 5 5 1 4 6 0 2 3 4 6 3 6 6 4 2 3 3 1 4 1 6 5 5 6 1 6 1 3 0 4 1 1 6 3 1 3 5 4 6 4 5 2 5 6 4 0 0 4 2 4 3 5 2 1 6 3 2 4 3 2 4 2 4 2 3 5 6 6 
6 6 6 7 6 6 7 7 7 6 3 1 0 3 0 4 5 4 1 4 4 3 2 2 5 4 5 3 4 1 4 4 2 4 1 2 3 3 0 1 4 5 1 2 1 5 1 4 3 2 3 3 3 5 4 3 4 5 0 3 1 2 0 5 2 1 4 3 0 0 2 2 4 3 0 2 5 5 3 5 1 1 1 2 3 1 2 0 5 1 0 4 4 3 4 5 0 5 0 6 4 1 4 4 0 4 5 0 2 3 3 5 3 5 5 3 2 2 2 0 3 1 5 4 4 5 1 4 1 3 0 3 1 2 5 3 0 2 4 3 5 3 4 1 4 5 3 0 0 3 1 4 2 4 2 0 5 2 1 3 2 3 3 2 3 1 2 4 5 5 
5 5 5 3 5 5 3 3 3 5 2 4 3 0 3 0 1 2 5 1 1 3 3 3 1 1 1 0 0 3 1 1 2 2 2 4 3 1 2 2 1 1 2 3 2 1 5 3 2 1 2 2 1 2 0 0 1 2 4 0 3 1 4 2 1 1 1 1 4 4 3 3 1 3 3 1 2 2 1 2 2 2 3 2 3 3 1 2 1 3 4 2 1 1 3 1 4 3 3 2 1 3 3 1 2 1 4 4 3 1 0 2 3 2 2 0 2 1 2 3 0 4 2 1 3 4 2 3 5 0 4 0 4 3 3 2 4 3 3 0 1 0 2 4 1 2 2 3 4 0 4 1 1 0 2 3 2 3 4 0 1 4 0 2 1 3 1 1 1 2 
6 6 6 7 6 6 7 7 7 6 3 0 0 3 0 4 5 4 1 4 4 3 2 2 5 4 5 3 4 1 4 4 2 3 1 1 3 3 0 1 4 5 1 3 1 5 1 5 3 2 2 3 3 5 4 3 4 5 0 3 1 2 1 5 2 1 4 3 0 0 2 3 4 3 0 2 5 5 4 5 1 1 1 2 3 2 2 1 5 2 0 4 4 3 4 4 1 5 0 6 4 1 4 4 1 4 5 0 2 3 3 5 3 5 5 4 2 2 2 0 3 1 5 4 4 5 0 5 1 2 0 3 1 1 5 2 0 3 4 3 5 3 4 1 4 5 3 0 0 3 2 4 3 4 2 0 5 2 1 3 2 3 3 2 3 2 2 4 5 5 
5 5 5 2 5 5 2 2 2 5 3 5 4 0 4 0 0 1 6 1 1 4 3 4 0 0 0 1 0 4 1 0 2 2 3 4 3 2 3 3 1 0 3 4 3 1 6 3 2 2 3 3 2 1 1 1 1 1 5 1 4 2 5 1 2 2 1 2 5 5 3 4 1 3 4 2 1 1 2 1 3 3 4 3 4 4 2 3 1 4 5 2 0 1 3 1 5 3 4 1 1 4 3 1 3 2 3 5 4 2 1 1 4 1 1 0 3 2 3 4 1 5 1 1 3 4 3 3 6 1 4 1 5 4 3 3 5 4 4 1 0 1 2 4 1 2 2 4 4 1 5 1 2 0 3 4 1 4 4 1 2 4 1 3 2 4 2 0 1 2 
5 5 5 2 5 5 2 2 2 5 3 6 5 1 5 0 0 2 6 2 1 4 4 5 0 0 0 1 1 5 2 0 3 2 4 5 4 2 4 3 1 0 4 5 4 1 6 4 3 2 3 3 2 2 1 2 1 0 5 1 5 2 6 0 3 3 1 2 6 5 4 5 1 4 5 3 1 1 2 0 4 4 5 3 5 5 2 4 0 4 5 3 1 2 3 1 6 3 5 0 1 4 3 1 4 2 4 5 4 2 1 0 4 1 1 1 3 2 3 4 2 6 0 2 4 4 4 3 7 2 5 1 6 5 3 3 5 5 4 1 0 2 3 5 1 2 3 5 5 2 6 1 3 0 3 5 1 5 5 1 3 5 1 3 2 5 2 0 1 2 
3 3 3 4 3 3 4 4 4 3 1 5 4 2 4 1 2 0 6 0 0 5 2 5 2 2 2 1 1 4 0 1 2 4 4 5 5 3 3 3 0 1 3 3 4 1 6 1 1 2 4 4 3 0 2 1 0 2 5 2 4 2 5 2 2 2 3 3 5 5 3 3 0 2 4 2 1 1 0 3 3 4 4 2 2 3 1 3 3 3 5 0 2 3 1 3 5 1 4 2 3 3 1 3 3 3 2 5 5 3 2 2 5 1 1 1 4 1 2 4 1 5 2 3 1 2 4 1 6 2 5 2 5 5 1 4 5 3 2 2 1 1 1 4 2 0 4 5 5 1 4 3 1 2 4 4 1 3 4 1 2 6 1 4 3 3 2 2 0 1 
7 7 7 9 7 7 9 9 9 7 4 1 1 5 1 6 6 6 0 5 6 4 3 3 6 6 7 5 5 2 5 6 3 5 3 2 4 4 2 3 6 6 2 3 3 6 0 6 4 3 4 4 4 6 5 4 5 7 1 5 1 4 0 7 3 3 6 5 0 0 3 3 6 4 1 3 7 7 5 7 2 2 2 3 4 2 4 2 6 2 1 5 6 5 5 6 0 6 2 7 6 2 5 6 2 6 6 1 3 4 5 7 4 7 7 5 4 4 3 1 5 0 7 6 5 6 2 6 0 4 1 5 0 3 6 4 0 3 5 5 6 4 5 1 6 6 5 2 1 4 1 5 4 6 3 1 7 2 1 5 3 4 5 4 5 2 4 6 6 7 
3 3 3 4 3 3 4 4 4 3 1 5 4 1 4 1 2 0 5 0 0 5 2 5 2 1 2 1 1 3 0 1 2 3 3 5 4 3 3 3 0 1 2 3 4 1 5 2 1 1 4 3 3 1 2 1 0 2 4 2 3 1 4 2 1 2 2 3 4 4 2 3 0 2 4 1 2 1 0 2 2 3 3 2 2 3 1 3 2 2 4 0 2 3 1 2 4 1 4 2 2 3 1 3 3 3 2 4 4 3 2 2 5 1 1 0 4 1 1 3 0 5 2 3 1 2 3 1 5 2 4 2 5 4 1 4 4 3 2 2 1 1 1 3 2 1 3 4 4 1 4 2 1 2 3 4 1 3 3 1 1 5 0 4 3 3 1 2 1 1 
3 3 3 3 3 3 3 3 3 3 2 5 4 1 4 1 1 0 6 0 0 5 3 5 2 1 2 1 1 4 0 1 2 3 4 5 5 3 4 3 0 1 3 3 4 0 6 2 2 2 4 4 3 0 2 1 0 1 5 2 4 2 5 1 2 3 2 3 5 5 3 3 0 2 4 2 1 0 1 2 3 4 4 2 3 3 2 4 2 3 5 1 2 3 2 2 5 1 4 2 2 3 1 2 3 3 2 5 5 3 2 1 5 1 1 1 4 2 2 4 1 6 1 3 2 2 4 2 6 2 5 2 5 5 1 4 5 3 2 2 0 1 1 4 2 0 4 5 5 1 5 2 2 1 4 4 1 4 4 1 2 5 1 4 3 3 2 2 0 0 
8 8 8 6 8 8 6 6 6 8 5 3 3 3 3 4 4 5 4 5 5 0 5 1 4 4 4 4 4 4 5 4 4 2 1 1 0 1 3 2 5 5 3 5 1 5 4 6 5 3 0 1 1 6 3 4 5 5 3 2 4 3 4 5 3 3 3 1 3 3 4 5 5 5 3 4 5 5 5 4 4 2 4 4 6 4 4 3 4 4 3 5 3 2 6 3 4 6 2 5 3 4 6 3 3 2 7 3 0 1 3 5 0 6 5 4 0 4 4 3 4 4 5 2 6 7 2 6 4 2 3 3 4 1 6 1 3 5 6 3 5 3 6 4 3 6 1 2 3 3 5 3 4 3 1 3 5 5 4 3 4 0 4 0 2 4 3 3 5 6 
3 3 3 6 3 3 6 6 6 3 0 3 2 3 2 3 4 2 3 2 3 5 0 4 4 3 4 2 3 1 2 3 0 4 3 4 4 3 2 2 3 4 1 0 3 3 3 2 0 1 4 4 4 3 3 2 2 4 3 3 1 1 3 4 1 1 4 4 3 2 0 0 3 0 2 1 4 4 2 4 0 2 1 0 1 0 1 1 4 0 3 2 4 4 2 4 2 3 2 5 4 1 1 4 1 4 3 3 4 3 3 4 4 4 4 2 4 1 0 1 2 3 4 4 1 2 2 2 3 3 3 3 2 4 3 4 2 0 2 3 3 2 2 1 4 3 4 3 2 2 2 4 1 3 3 2 4 0 1 2 1 5 2 4 4 0 1 3 3 3 
8 8 8 7 8 8 7 7 7 8 4 2 2 3 2 4 5 5 3 5 5 1 4 0 4 4 5 4 4 3 5 5 3 2 1 0 1 2 2 1 5 5 2 4 1 5 3 6 4 3 1 2 2 6 3 4 5 5 2 3 3 3 2 6 3 2 4 2 2 2 4 5 5 5 2 3 6 6 5 5 3 1 3 4 5 3 3 2 4 4 1 5 4 2 6 4 3 6 1 5 4 3 5 4 2 3 7 2 0 2 3 5 1 6 5 4 1 3 4 2 4 3 5 3 5 7 1 6 3 2 1 3 3 0 6 1 2 5 6 3 5 3 5 3 4 6 2 1 2 3 4 3 4 4 1 2 6 4 3 3 3 0 4 1 2 3 3 4 5 6 
6 6 6 2 6 6 2 2 2 6 4 5 5 1 5 0 0 2 6 2 2 4 4 4 0 0 0 2 1 5 2 1 3 2 3 5 3 2 4 3 1 1 4 5 4 1 6 4 3 2 3 3 2 2 1 2 2 0 5 1 5 2 6 1 3 3 0 2 5 5 4 5 1 4 5 3 1 2 2 0 4 4 5 4 5 5 3 4 0 4 5 3 0 1 4 0 5 4 4 0 0 4 4 0 4 1 4 5 4 2 1 1 4 2 1 1 3 3 4 4 2 6 0 1 4 5 4 4 6 2 5 1 6 4 3 3 5 5 4 1 1 2 3 5 0 2 2 5 5 2 6 1 3 0 3 4 1 5 5 1 3 4 2 3 2 5 2 0 2 2 
5 5 5 2 5 5 2 2 2 5 3 5 4 1 4 0 0 2 6 1 1 4 3 4 0 0 0 1 0 4 2 0 3 2 3 4 3 2 3 3 1 0 3 4 3 1 6 3 3 2 3 2 2 2 1 1 1 1 5 1 4 2 5 1 2 2 1 2 5 5 3 4 1 4 4 2 1 1 2 1 3 3 4 3 4 4 2 3 0 4 5 2 0 1 3 1 5 3 4 1 1 4 3 1 3 1 4 5 4 2 1 1 4 2 1 1 3 2 3 4 1 5 1 1 3 4 3 3 6 1 5 1 5 4 3 3 5 4 4 1 0 1 3 5 0 2 2 4 5 1 5 1 2 0 3 4 1 4 5 1 2 4 1 3 2 4 2 0 1 2 
5 5 5 2 5 5 2 2 2 5 3 6 5 1 5 0 0 2 7 2 2 4 4 5 0 0 0 2 1 5 2 0 3 2 4 5 4 2 4 3 1 0 4 5 4 1 6 4 3 3 3 3 2 2 1 2 1 0 6 2 5 3 6 1 3 3 1 2 6 6 4 5 1 4 5 3 1 1 2 0 4 4 5 4 5 5 3 4 0 4 5 3 1 2 4 1 6 3 5 0 1 5 3 1 4 2 4 6 4 2 1 0 4 1 1 1 3 3 4 5 2 6 0 1 4 4 4 4 7 2 5 1 6 5 3 3 6 5 4 1 1 2 3 5 1 2 3 5 5 2 6 1 3 0 3 5 1 5 5 2 3 5 2 3 2 5 3 0 1 2 
4 4 4 4 4 4 4 4 4 4 2 4 3 0 3 1 1 1 5 1 1 4 2 4 2 1 2 0 0 3 1 1 1 2 2 4 3 2 2 2 1 1 2 3 3 1 4 3 1 1 3 2 2 2 1 0 1 2 4 1 3 0 4 2 1 1 1 2 4 4 2 3 1 2 3 1 2 2 1 2 2 2 3 1 3 3 0 2 2 2 4 1 1 2 2 2 4 2 3 2 2 2 2 2 2 2 3 4 3 2 1 2 3 2 2 0 3 0 1 3 0 4 2 2 2 3 2 2 5 1 4 1 4 3 2 3 4 3 3 1 1 0 2 3 1 2 2 3 3 0 4 1 1 1 2 3 2 3 3 0 1 4 0 3 2 3 0 1 1 2 
4 4 4 3 4 4 3 3 3 4 2 5 4 0 4 0 1 1 5 1 1 4 3 4 1 0 1 0 0 4 1 0 2 2 3 5 4 2 3 3 0 1 3 3 3 0 5 3 2 1 3 3 2 1 1 1 0 1 5 1 4 1 5 1 2 2 1 2 5 4 3 4 0 3 4 2 1 1 1 1 3 3 4 2 3 3 1 3 1 3 5 2 1 2 2 1 5 2 4 1 1 3 2 1 3 2 3 5 4 2 1 1 4 1 1 0 3 1 2 4 0 5 1 2 3 3 3 2 6 1 4 1 5 4 2 3 4 4 3 1 0 1 2 4 1 1 3 4 4 1 5 1 2 0 3 4 1 4 4 0 2 5 0 3 2 3 1 0 0 1 
5 5 5 7 5 5 7 7 7 5 2 2 1 3 1 4 5 4 2 3 4 4 1 3 5 4 5 3 4 0 3 4 1 4 2 3 4 3 1 2 4 5 1 1 2 4 1 4 2 2 3 4 4 4 4 3 4 5 1 3 0 2 1 5 1 1 4 4 1 1 1 1 4 2 1 2 5 5 3 5 0 2 0 1 2 0 2 1 5 0 2 3 4 4 3 5 1 4 1 5 5 0 3 5 1 5 4 2 3 3 3 5 4 5 5 3 3 2 1 0 3 1 5 4 3 4 1 4 1 3 1 4 1 3 4 3 1 1 3 3 4 3 3 0 4 4 4 2 1 3 0 4 2 4 3 1 5 0 0 3 1 4 3 3 4 0 2 4 4 5 
3 3 3 4 3 3 4 4 4 3 1 5 4 1 4 1 2 0 5 0 0 5 2 5 2 2 2 1 1 3 0 1 2 3 3 5 5 3 3 3 0 2 3 3 4 1 5 1 1 2 4 4 3 1 2 1 0 2 5 2 4 2 5 2 2 2 2 3 5 4 2 3 0 2 4 1 2 1 0 3 2 3 3 2 2 3 1 3 3 3 5 0 2 3 1 3 4 1 4 2 3 3 1 3 3 3 2 5 4 3 2 2 5 1 1 1 4 1 2 3 1 5 2 3 1 2 3 1 5 2 5 2 5 5 1 4 4 3 2 2 1 1 1 4 2 1 4 4 4 1 4 2 1 2 3 4 1 3 4 1 2 5 0 4 3 3 1 2 0 1 
5 5 5 2 5 5 2 2 2 5 3 5 4 1 4 0 0 1 6 1 1 4 3 5 1 0 0 1 0 4 1 0 3 2 3 5 4 2 4 3 0 0 3 4 4 0 6 3 2 2 3 3 3 1 1 1 0 1 5 1 5 2 5 0 2 3 1 2 5 5 3 4 0 3 4 2 0 1 1 1 3 3 4 3 4 4 2 4 1 4 5 2 1 2 3 1 5 2 4 1 1 4 2 1 3 2 3 5 4 2 1 0 4 1 0 1 3 2 3 4 1 6 1 2 3 3 4 3 6 2 5 1 6 5 2 3 5 4 3 1 0 1 2 5 1 1 3 4 5 1 5 1 2 0 3 4 1 4 5 1 2 5 1 3 2 4 2 0 0 1 
4 4 4 5 4 4 5 5 5 4 1 3 2 2 2 2 3 2 3 2 2 4 0 3 3 3 3 1 2 1 2 3 0 3 2 3 4 2 1 2 2 3 0 1 2 3 3 2 1 1 3 3 3 3 3 1 2 4 2 2 1 1 2 4 0 0 3 3 2 2 0 1 2 1 2 0 4 3 1 4 0 1 1 0 2 1 0 1 4 1 2 2 3 3 2 3 2 3 2 4 3 1 2 3 1 3 3 3 3 2 2 3 4 3 3 2 3 0 0 1 1 3 4 3 2 3 1 2 3 2 2 2 2 3 3 3 2 1 2 2 3 1 2 1 3 3 3 2 2 1 2 3 0 3 2 2 4 1 1 1 0 4 2 3 3 1 0 3 3 3 
7 7 7 4 7 7 4 4 4 7 4 4 4 2 3 2 2 4 5 3 3 2 4 2 2 2 2 2 2 4 3 2 3 0 2 3 1 0 3 2 3 3 3 5 2 3 5 5 4 2 1 0 0 4 1 2 3 3 4 1 4 2 4 3 3 2 1 0 4 4 4 5 3 5 3 3 3 4 3 2 4 2 4 4 5 4 3 3 2 4 4 4 1 0 5 1 5 5 3 3 1 4 5 1 3 0 6 4 2 0 1 3 2 4 3 2 1 3 4 4 2 5 3 0 5 6 3 5 5 1 4 1 5 3 5 1 4 5 5 1 3 2 4 5 1 4 0 3 4 2 5 1 3 2 1 3 3 5 5 2 3 2 3 1 0 4 2 2 3 4 
6 6 6 6 6 6 6 6 6 6 3 2 1 2 1 3 4 4 3 3 4 1 3 1 3 3 4 2 3 2 3 3 2 2 0 1 1 1 1 0 3 4 1 3 0 4 3 5 3 1 1 1 1 4 2 2 3 4 2 2 2 1 2 4 2 1 3 1 2 2 2 3 3 3 1 2 4 4 3 4 2 0 2 2 4 2 2 1 3 2 1 4 3 2 4 3 2 5 1 4 3 2 4 3 1 2 5 2 1 1 2 4 1 5 4 3 1 2 2 1 2 2 4 2 4 5 0 5 3 1 1 2 3 1 5 1 2 3 4 2 4 2 4 2 3 4 1 1 1 2 3 2 2 3 0 1 4 3 2 2 2 2 3 1 2 2 2 3 4 5 
8 8 8 7 8 8 7 7 7 8 4 1 2 4 1 4 5 5 2 5 5 1 4 0 5 4 5 4 5 3 5 5 3 3 1 0 2 2 2 1 5 5 2 4 1 5 2 6 4 3 1 2 2 6 4 4 5 6 1 3 3 3 2 6 3 2 4 3 2 2 3 4 5 5 1 3 6 6 5 5 3 1 3 4 5 3 4 2 5 3 1 5 4 3 6 4 2 6 1 6 4 3 5 4 2 4 7 1 1 2 3 6 1 6 6 4 1 4 4 2 4 2 6 4 5 7 1 6 3 3 1 3 3 0 7 2 2 4 6 3 5 3 5 3 4 6 2 1 1 4 3 4 4 4 1 1 6 4 3 4 3 1 4 1 3 3 3 4 5 6 
8 8 8 5 8 8 5 5 5 8 5 3 3 3 3 3 4 5 4 4 5 0 4 1 3 3 4 3 4 4 5 4 4 1 1 2 0 1 3 1 4 4 3 5 1 4 4 6 4 3 0 0 1 5 2 3 4 4 3 2 4 3 4 5 3 3 2 1 3 4 4 5 4 5 3 3 5 5 4 3 4 2 4 4 6 4 3 3 3 4 3 5 3 1 6 3 4 6 2 4 2 4 5 2 3 2 7 3 1 1 2 4 0 5 5 3 0 3 4 3 3 4 4 2 5 7 2 6 5 2 3 2 5 1 6 0 4 5 6 2 4 3 5 4 3 5 1 2 3 3 5 2 4 3 1 3 5 5 4 3 3 1 4 0 1 4 3 3 5 5 
6 6 6 4 6 6 4 4 4 6 3 3 3 1 3 2 2 3 4 3 3 1 3 2 2 2 2 2 2 3 3 2 2 0 1 2 1 0 2 1 3 3 2 4 1 3 4 5 3 1 1 0 0 4 1 2 3 3 3 0 4 2 4 3 2 2 1 0 3 3 3 4 3 4 3 2 3 3 3 2 3 1 3 3 4 3 2 2 2 3 3 4 1 0 4 2 4 5 2 3 1 3 4 1 2 1 5 3 1 0 1 3 1 4 3 2 1 2 3 3 2 4 3 1 4 5 2 4 5 0 3 1 4 2 5 0 3 4 5 1 3 2 4 4 1 4 0 2 3 2 4 1 3 2 0 2 3 4 4 1 2 2 2 1 0 3 2 2 3 4 
5 5 5 6 5 5 6 6 6 5 2 1 0 2 0 3 4 3 2 3 4 3 2 2 4 3 4 2 3 1 3 4 1 3 1 2 3 2 0 1 3 4 0 2 1 4 2 4 2 1 2 2 2 4 3 2 3 4 1 2 1 1 1 5 1 1 3 2 1 1 1 2 3 3 0 1 4 4 3 4 1 0 1 1 3 1 2 0 4 1 1 3 3 2 4 4 1 4 0 5 3 1 3 3 0 3 5 1 2 2 2 4 2 5 4 3 2 2 1 0 2 2 4 3 3 4 0 4 2 2 1 3 2 2 5 2 1 2 4 2 4 2 3 1 3 4 3 1 1 2 2 3 2 3 1 0 5 2 1 2 1 3 3 2 3 1 1 3 4 4 
6 6 6 5 6 6 5 5 5 6 3 2 1 2 1 3 3 3 3 3 3 2 2 1 3 3 3 2 3 2 3 3 2 2 0 1 1 1 1 0 3 3 1 3 0 3 3 4 3 1 1 1 1 4 2 2 3 4 2 1 2 1 2 4 1 1 2 1 2 2 2 3 3 3 1 2 4 4 3 3 2 0 2 2 4 2 2 1 3 2 2 3 2 1 4 3 2 5 1 4 2 2 4 2 1 2 5 2 1 1 2 4 1 4 4 2 1 2 2 1 2 3 4 2 4 5 0 4 3 1 2 2 3 1 5 1 2 3 4 1 3 2 4 2 2 4 1 1 2 2 3 2 2 2 0 1 4 3 2 2 2 2 2 1 1 2 1 2 3 4 
4 4 4 3 4 4 3 3 3 4 2 5 4 1 4 1 1 0 6 0 0 5 3 5 1 1 1 1 0 4 0 0 2 3 3 5 4 3 3 3 0 1 3 3 4 0 6 2 2 2 4 3 3 0 2 1 0 1 5 2 4 2 5 1 2 2 2 3 5 5 3 3 0 2 4 2 1 1 1 2 3 3 4 2 3 3 1 3 2 3 5 1 2 2 2 2 5 2 4 2 2 3 2 2 3 3 2 5 4 3 1 1 5 1 1 0 4 1 2 4 1 5 1 2 2 3 3 2 6 2 5 2 5 5 2 4 5 3 3 1 0 1 1 4 2 1 3 4 5 1 5 2 2 1 3 4 1 3 4 1 2 5 0 4 3 3 2 1 0 1 
5 5 5 2 5 5 2 2 2 5 3 6 5 1 5 0 0 1 6 1 1 5 4 5 1 0 0 1 1 5 2 0 3 3 4 5 4 3 4 3 1 0 4 4 4 0 6 3 3 2 4 3 3 1 1 2 1 0 6 2 5 2 6 0 3 3 1 3 6 6 4 5 1 4 5 3 0 1 2 1 4 4 5 3 4 4 2 4 1 4 6 2 1 2 3 1 6 3 5 0 1 4 3 1 4 2 3 6 4 3 1 0 5 1 0 1 4 2 3 5 1 6 0 2 3 4 4 3 7 2 5 1 6 5 2 4 5 5 4 1 0 2 3 5 1 1 3 5 5 2 6 1 3 1 3 5 0 5 5 1 3 5 1 4 3 4 2 1 1 1 
5 5 5 6 5 5 6 6 6 5 2 2 1 2 1 3 4 3 2 2 3 3 1 2 4 3 4 2 3 1 3 3 0 3 1 2 3 2 0 1 3 4 0 2 1 3 2 3 2 1 2 3 2 4 3 2 3 4 2 2 1 1 2 4 0 0 3 2 2 1 1 2 3 2 1 1 4 4 2 4 0 1 1 1 2 1 1 0 4 1 2 3 3 3 3 3 1 4 1 4 3 0 3 3 0 3 4 2 2 2 2 4 3 4 4 2 2 1 1 0 2 2 4 3 2 4 0 3 2 2 1 2 2 2 4 2 1 2 3 2 3 1 3 1 3 4 3 1 1 2 2 3 1 3 2 1 4 1 1 2 1 3 2 2 3 1 1 3 3 4 
3 3 3 7 3 3 7 7 7 3 1 3 2 3 3 4 5 3 3 3 3 5 0 4 5 4 5 3 3 1 3 4 1 5 3 4 5 4 2 3 3 4 2 0 3 4 3 2 1 2 4 5 4 4 4 3 3 5 3 4 1 2 3 5 2 2 5 4 3 2 0 0 3 1 3 1 5 4 2 5 1 3 1 1 0 0 2 2 5 0 3 2 4 4 2 5 2 3 3 5 5 1 2 5 2 5 3 3 4 4 4 5 5 4 4 3 4 2 1 2 3 3 5 5 1 2 2 2 3 3 3 4 2 4 3 4 2 0 2 4 4 3 2 1 5 4 5 3 3 3 1 4 1 4 4 2 5 0 1 3 1 5 3 4 5 0 2 4 4 4 
7 7 7 6 7 7 6 6 6 7 3 1 1 2 1 3 4 4 3 4 4 1 3 1 4 3 4 3 3 2 4 4 2 2 0 1 1 1 1 0 4 4 1 3 0 4 2 5 3 2 1 1 1 5 2 3 4 5 1 2 2 2 2 5 2 1 3 2 2 2 3 4 4 4 1 2 5 5 3 4 2 0 2 2 4 3 2 1 4 3 1 4 3 2 5 3 2 5 0 5 3 2 4 3 1 3 6 1 0 1 2 4 1 5 5 3 1 2 3 1 3 2 4 3 4 5 0 5 3 2 1 2 3 0 5 1 2 4 5 2 4 2 4 2 3 5 2 1 1 2 3 3 3 3 0 1 5 3 3 2 2 1 3 1 2 3 2 3 4 5 
4 4 4 2 4 4 2 2 2 4 3 6 5 1 5 1 1 1 6 1 0 5 3 5 1 1 1 1 0 4 1 0 3 3 4 5 4 3 4 3 0 0 3 4 4 0 6 3 2 2 4 4 3 0 2 1 0 1 5 2 5 2 6 0 3 3 2 3 6 5 4 4 0 3 5 2 0 0 1 1 3 4 4 3 4 4 2 4 1 4 5 2 2 3 2 2 5 2 5 1 2 4 2 2 4 3 3 5 5 3 2 0 5 0 0 1 4 2 3 4 1 6 1 2 3 3 4 2 6 2 5 2 6 5 2 4 5 4 3 2 0 2 2 5 2 1 3 5 5 1 5 2 2 1 4 5 0 4 5 1 2 5 1 4 3 4 2 1 0 1 
7 7 7 8 7 7 8 8 8 7 4 1 1 5 1 6 6 6 0 5 6 4 3 3 6 6 6 4 5 1 5 6 3 5 3 2 4 4 2 3 6 6 2 3 2 6 0 5 4 3 4 4 4 6 5 4 5 7 1 5 1 3 0 7 3 3 6 4 0 0 3 3 6 4 1 3 7 7 5 7 2 2 2 3 4 2 4 2 6 2 1 5 6 5 5 6 0 6 1 7 6 2 5 6 2 5 6 1 3 4 5 7 4 7 7 5 4 4 3 1 5 0 7 5 5 6 2 6 0 4 1 5 0 2 6 4 0 3 5 5 6 4 5 1 6 6 5 1 1 4 1 5 4 6 3 1 7 2 1 4 3 4 5 4 5 2 4 6 6 7 
1 1 1 5 1 1 5 5 5 1 1 6 4 3 5 3 4 1 6 2 2 6 2 6 4 3 4 3 3 4 1 3 2 5 5 6 6 5 4 4 2 3 3 2 5 3 5 0 1 3 5 5 5 2 4 2 2 4 5 4 4 3 5 3 2 3 4 5 5 5 2 2 2 1 5 2 3 3 1 4 3 4 3 2 1 3 2 4 4 3 5 1 4 5 0 5 5 0 5 4 5 3 0 5 4 5 0 5 6 5 4 3 6 2 3 2 5 2 2 4 2 5 4 5 0 0 4 0 5 4 5 4 5 6 1 5 5 2 0 4 3 3 0 4 4 2 5 5 5 3 4 4 2 4 5 4 3 3 4 3 2 7 2 5 5 3 3 4 2 2 
3 3 3 5 3 3 5 5 5 3 0 4 3 2 3 2 3 1 4 1 2 5 0 4 3 3 3 1 2 2 1 2 1 4 3 4 4 3 2 3 2 3 2 1 3 2 4 1 0 1 4 4 3 2 3 1 2 4 4 3 2 1 3 3 1 1 3 3 3 3 1 1 2 0 3 1 3 3 1 4 1 3 2 0 1 1 1 2 4 1 4 1 3 3 1 4 3 2 3 4 4 1 1 4 2 4 2 4 4 3 2 3 5 3 3 1 4 1 0 2 1 4 3 4 0 2 2 1 4 2 3 3 3 4 2 4 3 1 1 2 3 1 1 2 3 2 4 3 3 1 2 3 0 3 3 3 3 1 2 2 1 5 1 4 4 1 1 3 2 2 
5 5 5 5 5 5 5 5 5 5 1 3 2 1 2 2 2 2 3 1 2 3 1 3 2 2 3 1 1 2 2 2 1 2 1 3 3 1 1 1 2 2 1 2 2 2 3 3 1 0 2 2 2 3 1 0 2 3 3 1 2 0 3 3 0 0 2 2 3 3 1 2 2 2 2 0 3 3 1 3 1 1 2 1 3 2 0 1 3 2 3 2 2 2 3 2 3 3 2 3 2 1 2 2 1 2 4 3 2 1 1 3 3 3 3 1 2 0 1 2 1 3 3 2 2 3 1 3 4 1 2 1 3 3 3 2 2 2 3 1 2 0 2 2 2 3 2 2 2 0 3 2 1 2 1 2 3 2 2 1 0 3 1 2 2 2 0 2 2 3 
7 7 7 5 7 7 5 5 5 7 4 3 3 2 2 3 3 4 4 4 4 0 4 1 3 3 3 3 3 3 4 3 3 1 1 1 0 1 2 1 4 4 2 4 1 4 4 5 4 2 0 0 0 5 2 3 4 4 3 2 4 2 3 4 3 2 2 1 3 3 4 5 4 5 2 3 4 5 4 3 3 1 3 3 5 4 3 2 3 4 2 4 2 1 5 2 4 6 2 4 2 3 5 2 2 2 6 3 0 0 2 4 0 5 4 3 0 3 3 3 3 4 4 2 5 6 2 5 4 1 2 2 4 1 6 0 3 5 5 2 4 2 5 4 2 5 0 2 3 3 4 2 3 3 0 2 5 4 4 2 3 1 3 0 1 4 2 3 4 5 
7 7 7 5 7 7 5 5 5 7 4 3 3 2 3 3 3 4 4 3 4 1 4 2 3 2 3 2 3 4 4 3 3 0 1 2 0 0 2 1 3 3 3 5 1 4 4 5 4 2 0 0 0 4 1 2 3 3 3 1 4 2 4 4 3 2 2 0 3 4 4 5 3 5 3 3 4 4 4 3 3 2 4 3 5 4 3 3 2 4 3 4 2 1 5 2 4 5 2 3 2 3 5 2 3 1 6 3 1 0 1 4 1 4 4 3 0 3 4 3 3 4 3 1 5 6 2 5 5 1 3 1 5 2 5 0 4 5 5 2 3 2 5 4 2 4 0 2 3 2 5 1 3 2 0 3 4 4 4 2 3 1 3 0 0 4 2 2 4 5 
7 7 7 4 7 7 4 4 4 7 4 3 3 1 3 2 2 3 4 3 3 1 4 2 2 2 2 2 2 4 3 3 3 0 1 2 1 0 2 1 3 3 2 4 1 3 4 5 3 2 0 0 0 4 1 2 3 3 3 1 4 2 4 3 2 2 1 0 3 4 3 4 3 4 3 2 3 4 3 2 3 2 4 3 5 4 2 3 2 4 3 4 1 0 5 2 4 5 2 3 1 3 4 1 2 1 5 3 1 0 1 3 1 4 3 2 1 2 3 3 2 4 3 1 4 5 2 5 5 1 3 1 4 2 5 0 4 4 5 1 3 2 4 4 1 4 0 2 3 2 4 1 3 2 0 3 4 4 4 2 2 2 2 1 0 4 2 2 3 4 
3 3 3 3 3 3 3 3 3 3 2 6 5 2 5 1 2 0 6 1 0 6 3 6 2 2 2 2 1 4 1 1 3 4 4 6 5 4 4 4 0 1 4 4 5 0 6 2 2 3 5 4 4 0 3 2 1 2 6 3 5 3 6 1 3 3 3 4 6 5 3 4 0 3 5 2 1 0 1 2 4 4 4 3 3 4 2 4 2 4 6 1 2 3 2 3 5 1 5 2 3 4 2 3 4 3 2 6 5 4 2 1 6 0 1 1 5 2 3 4 2 6 1 3 2 2 4 2 6 3 6 2 6 6 1 5 5 4 2 2 1 2 1 5 2 0 4 5 5 2 5 3 2 2 4 5 1 4 5 2 3 6 1 5 4 4 2 2 0 0 
6 6 6 3 6 6 3 3 3 6 3 4 4 0 4 1 1 2 5 2 2 3 3 3 1 1 1 1 1 4 2 1 3 1 2 4 2 1 3 2 2 1 3 4 2 2 5 4 3 1 2 1 1 3 0 1 2 2 4 0 4 2 5 2 2 2 0 1 4 4 3 4 2 4 4 2 2 2 2 1 3 2 4 3 4 4 2 3 1 4 4 3 0 0 4 0 4 4 3 2 0 3 4 0 3 0 4 4 3 1 0 2 3 3 2 1 2 2 3 3 1 5 2 0 4 5 3 4 5 1 4 0 5 3 4 2 4 4 4 0 2 1 3 4 0 3 1 3 4 1 5 0 2 0 2 3 2 4 4 1 2 3 1 2 1 4 2 0 2 3 
4 4 4 4 4 4 4 4 4 4 1 4 3 0 3 1 2 1 4 1 1 4 2 4 2 1 2 0 1 3 1 1 1 2 2 4 3 2 2 2 1 2 2 3 3 1 4 2 1 0 3 2 2 2 1 0 1 2 4 1 3 0 4 2 1 1 2 2 4 3 2 3 1 2 3 1 2 2 1 2 2 2 3 1 3 2 0 2 2 2 4 1 1 2 2 2 4 2 3 2 2 2 2 2 2 2 3 4 3 2 1 2 3 2 2 0 3 0 1 2 0 4 2 2 2 3 2 2 5 1 3 1 4 3 2 3 3 3 3 1 1 0 2 3 1 2 2 3 3 0 4 1 1 1 2 3 2 3 3 0 1 4 0 3 2 2 0 1 1 2 
4 4 4 3 4 4 3 3 3 4 2 5 4 1 4 1 1 0 5 0 0 5 2 5 2 1 1 1 0 4 0 0 2 3 3 5 4 3 3 3 0 1 3 3 4 0 5 2 2 2 4 3 3 1 2 1 0 2 5 2 4 2 5 1 2 2 2 3 5 5 3 3 0 2 4 2 1 1 0 2 3 3 4 2 3 3 1 3 2 3 5 1 2 3 2 2 5 2 4 2 2 3 1 2 3 3 2 5 4 3 2 1 5 1 1 0 4 1 2 3 1 5 1 3 2 2 3 2 5 2 5 2 5 5 1 4 4 3 2 1 0 1 1 4 2 1 3 4 4 1 4 2 1 1 3 4 1 3 4 1 2 5 0 4 3 3 1 1 0 1 
5 5 5 1 5 5 1 1 1 5 4 6 5 2 5 1 0 2 7 2 1 5 4 5 0 1 0 2 1 5 2 1 4 3 4 6 4 3 4 4 1 0 4 5 5 1 7 4 4 3 4 3 3 2 2 2 2 0 6 2 6 3 6 0 3 4 1 3 6 6 4 5 1 4 5 3 0 1 2 1 4 4 5 4 5 5 3 5 1 5 6 3 1 2 4 1 6 3 5 0 1 5 3 1 4 2 4 6 5 3 2 0 5 1 0 2 4 3 4 5 2 7 0 2 4 4 4 4 7 2 6 2 7 5 3 4 6 5 4 2 1 2 3 6 1 2 3 5 6 2 6 2 3 1 4 5 1 5 6 2 3 5 2 4 3 5 3 1 1 2 
7 7 7 8 7 7 8 8 8 7 4 0 0 4 0 5 5 5 1 4 5 3 3 2 5 5 6 4 5 1 5 5 2 4 2 1 3 3 1 2 5 6 2 3 1 5 1 5 4 3 3 3 3 6 4 4 5 6 0 4 1 3 0 6 3 2 5 3 0 0 2 3 5 4 0 3 6 6 4 6 2 1 2 3 4 2 3 1 5 2 0 5 5 4 5 5 1 6 0 6 5 2 5 5 1 4 6 0 2 3 4 6 3 6 6 4 2 3 3 1 4 0 6 4 4 6 1 5 1 3 0 4 1 1 6 3 0 3 5 4 5 3 5 2 5 6 4 0 0 4 2 4 3 5 2 0 6 2 2 4 3 3 4 3 4 2 3 5 5 6 
6 6 6 3 6 6 3 3 3 6 3 4 3 0 3 1 1 2 5 2 2 2 3 3 1 1 2 1 1 3 2 1 2 1 2 3 2 0 2 1 2 2 2 4 2 2 5 4 3 1 2 1 1 3 0 1 2 2 4 0 4 1 4 2 2 1 1 1 4 4 3 4 2 3 3 2 2 2 2 1 3 2 3 2 4 3 1 2 1 3 3 3 0 0 4 1 4 4 3 2 1 3 3 1 2 1 4 4 2 1 0 2 2 3 2 1 2 1 2 3 1 4 2 1 3 4 2 4 5 0 3 0 4 3 4 1 4 4 4 0 2 1 3 4 1 3 1 3 3 1 4 0 2 1 1 3 2 3 4 0 2 3 1 2 1 3 1 1 2 3 
5 5 5 7 5 5 7 7 7 5 2 2 1 3 1 4 5 4 1 3 4 4 1 3 5 4 5 3 4 0 4 5 1 4 2 3 4 4 1 2 4 5 1 1 2 5 1 4 2 2 4 4 4 5 4 3 4 6 1 4 0 2 1 5 2 2 5 4 1 1 1 2 4 2 1 2 5 5 3 5 1 2 0 1 2 0 2 1 5 1 1 3 4 4 4 5 0 4 1 6 5 0 3 5 1 5 5 1 3 3 4 5 4 5 5 4 3 2 2 0 3 1 5 5 3 4 1 4 1 3 1 4 1 3 5 4 0 1 3 4 5 3 3 0 5 5 4 2 1 3 0 4 2 4 3 1 5 1 0 3 2 4 3 3 4 0 2 4 5 5 
4 4 4 5 4 4 5 5 5 4 1 3 2 1 2 2 2 2 4 1 2 3 1 3 2 2 3 0 1 2 2 2 1 2 1 3 3 2 1 1 2 2 1 2 2 2 3 3 1 0 2 2 2 3 2 0 2 3 3 1 2 0 3 3 0 0 2 2 3 3 1 2 2 2 2 0 3 3 1 3 1 1 2 1 2 2 0 1 3 2 3 2 2 2 2 2 3 3 2 3 2 1 2 2 1 2 3 3 3 1 1 3 3 3 3 1 2 0 1 2 1 3 3 2 2 3 1 3 4 1 3 1 3 3 3 2 3 2 3 1 2 0 2 2 2 3 2 2 2 0 3 2 1 2 2 2 3 2 2 0 0 3 1 2 2 2 0 2 2 3 
6 6 6 8 6 6 8 8 8 6 3 0 0 4 1 5 6 5 0 4 5 4 3 2 6 5 6 4 5 1 5 5 2 4 2 2 4 4 1 2 5 6 2 3 2 6 0 5 3 3 3 4 4 6 5 4 5 6 0 4 1 3 0 6 3 2 5 4 0 0 2 3 5 3 1 3 6 6 4 6 2 2 1 2 3 2 3 1 6 2 1 5 5 4 5 5 0 6 1 6 5 1 4 5 1 5 6 0 3 4 4 6 3 6 6 4 3 3 3 1 4 0 6 5 4 5 1 5 0 3 0 4 0 2 6 3 0 3 5 4 6 4 4 1 5 6 4 1 0 4 1 5 3 5 3 1 6 2 1 4 3 3 4 3 4 2 3 5 5 6 
5 5 5 2 5 5 2 2 2 5 3 6 5 2 5 1 0 2 7 2 1 5 4 6 1 1 1 2 1 5 2 0 4 3 4 6 5 3 5 4 1 0 4 5 5 0 7 3 3 3 4 4 3 1 2 2 1 0 6 2 5 3 6 0 3 4 2 3 6 6 4 5 1 4 5 3 0 0 2 1 4 4 5 4 4 5 3 5 1 5 6 2 2 3 3 2 6 3 5 0 2 5 3 2 4 3 3 6 5 3 2 0 5 0 0 1 4 3 4 5 2 7 0 2 3 4 4 3 7 3 6 2 6 6 2 4 6 5 4 2 0 2 3 6 2 1 3 5 6 2 6 2 3 1 4 5 0 5 5 2 3 6 2 4 3 5 3 1 1 1 
4 4 4 5 4 4 5 5 5 4 1 3 2 1 2 2 3 2 3 1 2 3 1 3 3 2 3 1 2 1 2 2 0 3 2 3 3 2 1 1 2 3 0 2 2 3 3 2 1 0 3 3 2 3 2 1 2 3 3 2 2 0 3 3 0 0 3 2 3 2 1 2 2 1 2 0 3 3 1 3 1 1 1 0 2 1 0 1 3 1 3 2 2 2 2 3 2 3 2 4 3 1 2 3 1 3 3 3 3 2 2 3 3 3 3 1 2 0 0 1 1 3 3 3 2 3 1 2 3 1 2 2 3 3 3 3 2 2 2 2 2 1 2 2 3 3 3 2 2 1 2 2 0 2 2 2 3 1 2 1 0 4 1 3 3 1 0 2 2 3 
5 5 5 5 5 5 5 5 5 5 2 2 1 1 1 2 3 2 3 2 3 3 1 2 3 2 3 1 2 1 2 3 0 2 1 2 3 2 1 1 2 3 0 2 1 3 3 3 1 0 2 2 2 3 2 1 2 4 2 1 2 0 2 4 0 0 3 2 2 2 1 2 2 2 1 0 3 3 2 3 1 1 1 1 2 1 1 1 3 1 2 2 2 2 3 3 2 3 1 4 3 1 3 3 0 3 4 2 2 2 2 3 3 4 3 2 2 1 1 1 1 3 3 3 2 4 1 3 3 1 2 2 3 2 4 2 2 2 3 1 3 1 2 2 2 3 2 2 2 1 2 2 1 2 1 1 4 2 2 1 0 3 2 2 2 1 0 2 3 3 
6 6 6 3 6 6 3 3 3 6 4 5 4 1 4 1 1 3 6 2 2 3 4 4 0 1 1 1 1 4 2 1 3 1 3 4 2 1 3 2 2 1 3 5 3 2 6 4 3 2 2 2 1 3 0 2 2 1 5 1 5 2 5 2 3 3 0 1 5 5 4 5 2 4 4 3 2 2 3 1 4 3 4 3 5 4 2 3 0 4 4 3 0 1 4 0 5 4 4 1 0 4 4 0 3 0 5 5 3 1 0 1 3 3 2 1 2 2 3 4 2 5 1 0 4 5 3 4 6 1 4 0 6 4 4 2 5 5 5 1 1 2 4 5 0 3 1 4 4 1 5 0 3 0 2 4 2 4 5 1 3 4 2 2 1 4 2 0 2 3 
7 7 7 4 7 7 4 4 4 7 4 3 3 1 3 2 2 3 5 3 3 1 4 2 2 2 2 2 2 4 3 2 3 0 1 3 1 0 2 1 3 3 2 4 2 3 4 5 3 2 1 0 0 4 1 2 3 3 3 1 4 2 4 3 2 2 1 0 4 4 3 5 3 4 3 3 3 4 3 2 3 2 4 3 5 4 2 3 2 4 3 4 1 0 5 1 4 5 3 3 1 3 4 1 3 1 5 3 1 0 1 3 1 4 3 2 1 2 3 3 2 4 3 1 4 5 2 5 5 1 3 1 5 2 5 0 4 5 5 1 3 2 4 4 1 4 0 3 3 2 5 1 3 2 1 3 3 4 4 2 3 2 2 1 0 4 2 2 3 4 
6 6 6 8 6 6 8 8 8 6 3 0 0 4 0 5 6 5 0 4 5 3 3 2 5 5 6 4 5 1 5 5 2 4 2 2 3 3 1 2 5 6 2 3 2 6 0 5 3 3 3 3 3 6 4 4 5 6 0 4 1 3 0 6 3 2 5 4 0 0 2 3 5 4 0 3 6 6 4 6 2 1 1 3 4 2 3 1 5 2 0 5 5 4 5 5 0 6 1 6 5 1 5 5 1 5 6 0 2 3 4 6 3 6 6 4 3 3 3 1 4 0 6 5 4 6 1 5 1 3 0 4 1 2 6 3 0 3 5 4 5 3 5 1 5 6 4 1 0 4 1 4 3 5 3 0 6 2 1 4 3 3 4 3 4 2 3 5 5 6 
6 6 6 8 6 6 8 8 8 6 3 1 0 4 0 5 5 5 0 4 5 3 2 2 5 5 6 4 4 1 4 5 2 4 2 2 4 3 1 2 5 6 1 2 2 5 0 5 3 3 3 4 4 5 4 3 5 6 0 4 1 3 0 6 2 2 5 4 0 0 2 3 5 3 0 2 6 6 4 6 1 1 1 2 3 1 3 1 5 2 0 4 5 4 4 5 0 5 1 6 5 1 4 5 1 5 6 0 3 3 4 6 3 6 6 4 3 3 2 1 4 0 6 5 4 5 1 5 1 3 0 4 0 2 6 3 0 2 4 4 5 3 4 1 5 5 4 1 0 3 1 4 3 5 3 0 6 2 1 4 2 3 4 3 4 1 3 5 5 6 
4 4 4 6 4 4 6 6 6 4 1 3 2 3 2 3 4 3 3 2 3 4 0 4 4 3 4 2 3 1 2 3 0 4 2 3 4 3 1 2 3 4 1 0 3 4 3 2 1 1 4 4 3 3 3 2 3 4 2 3 1 1 2 4 1 1 4 3 2 2 0 1 3 1 2 1 4 4 2 5 0 2 1 0 1 0 1 1 4 0 2 2 4 3 2 4 2 3 2 5 4 0 2 4 1 4 3 2 3 3 3 4 4 4 4 2 3 1 0 1 2 2 4 4 2 3 2 2 3 2 2 3 2 3 3 3 2 1 2 3 4 2 2 1 4 3 4 2 2 2 1 4 1 3 3 2 4 0 1 2 1 4 2 3 4 0 1 3 3 4 
3 3 3 7 3 3 7 7 7 3 1 3 2 3 3 4 5 3 3 3 3 5 0 5 5 4 5 3 4 1 3 4 1 5 3 4 5 4 2 3 3 5 2 0 4 4 3 2 1 2 5 5 4 4 4 3 3 5 3 4 2 2 3 5 2 2 5 5 3 3 1 0 3 0 3 2 5 4 2 5 1 3 1 1 0 1 2 2 5 1 3 2 5 5 2 5 2 3 3 5 5 1 2 5 2 5 3 3 5 4 4 5 5 4 4 3 4 2 1 2 3 3 5 5 1 2 3 2 3 3 3 4 2 4 3 5 2 0 1 4 4 3 2 1 5 4 5 3 3 3 1 4 1 4 4 3 5 0 1 3 2 5 3 5 5 1 2 4 4 4 
4 4 4 3 4 4 3 3 3 4 2 5 4 1 4 1 1 0 6 0 0 5 3 5 1 1 1 1 0 4 0 0 2 3 3 5 4 3 3 3 0 1 3 3 4 0 6 2 2 2 4 3 3 0 2 1 0 1 5 2 4 2 5 1 2 2 2 3 5 5 3 3 0 3 4 2 1 0 1 2 3 3 4 2 3 3 1 3 2 3 5 1 2 3 2 2 5 2 4 2 2 3 2 2 3 3 2 5 4 3 1 1 5 1 1 0 4 1 2 4 1 5 1 3 2 3 3 2 6 2 5 2 5 5 1 4 5 3 3 1 0 1 1 4 2 1 3 4 5 1 5 2 2 1 3 4 1 4 4 1 2 5 0 4 3 3 2 1 0 1 
2 2 2 6 2 2 6 6 6 2 0 4 3 3 3 3 4 2 4 2 2 5 0 5 4 4 4 2 3 2 2 3 1 5 3 5 5 4 3 3 2 4 2 1 4 3 4 1 0 2 5 5 4 3 4 2 2 4 4 3 2 2 3 4 1 2 4 4 4 3 1 0 3 0 3 1 4 3 1 5 1 3 2 1 0 1 1 2 4 1 4 1 4 4 1 4 3 2 3 5 4 2 1 4 2 5 2 4 5 4 3 4 5 3 4 2 4 1 1 2 2 4 4 5 0 2 3 1 4 3 4 4 3 5 2 4 3 1 1 3 3 2 1 2 4 3 5 4 3 2 2 4 1 4 4 3 4 1 2 2 1 6 2 4 4 1 2 4 3 3 
6 6 6 7 6 6 7 7 7 6 3 0 0 3 0 4 5 4 1 4 4 3 2 2 5 4 5 3 4 1 4 4 2 3 1 1 3 3 0 1 4 5 1 3 1 5 1 5 3 2 2 3 3 5 4 3 4 5 0 3 1 2 1 5 2 1 4 3 0 0 2 3 4 3 0 2 5 5 4 5 1 1 1 2 3 2 2 0 5 2 0 4 4 3 4 4 1 5 0 5 4 1 4 4 0 4 5 0 2 2 3 5 3 5 5 4 2 2 2 0 3 1 5 4 4 5 0 5 1 2 0 3 1 1 5 2 0 3 4 3 5 3 4 1 4 5 3 0 0 3 2 4 2 4 2 0 5 2 1 3 2 3 3 2 3 2 2 4 5 5 
4 4 4 5 4 4 5 5 5 4 1 3 2 1 2 2 3 2 3 1 2 4 1 3 3 2 3 1 2 2 1 2 0 3 2 3 3 2 1 2 2 3 1 1 2 2 3 2 1 0 3 3 2 2 2 1 2 3 3 2 2 0 3 3 0 0 3 3 3 2 1 2 2 1 2 0 3 3 1 3 1 2 2 0 2 1 0 1 3 1 3 1 2 2 2 3 2 3 2 4 3 1 2 3 1 3 3 3 3 2 2 3 4 3 3 1 3 0 0 1 1 3 3 3 1 3 1 2 3 1 3 2 3 3 3 3 2 2 2 2 2 1 2 2 3 2 3 2 2 1 2 2 0 2 2 2 3 1 2 1 0 4 1 3 3 1 0 2 2 3 
5 5 5 2 5 5 2 2 2 5 3 6 5 2 5 1 1 1 7 2 1 5 4 6 1 1 1 2 1 5 2 0 4 3 4 6 5 3 4 4 1 0 4 5 5 0 7 3 3 3 4 4 3 1 2 2 1 0 6 2 5 3 6 0 3 3 2 3 6 6 4 5 1 4 5 3 0 0 2 1 4 4 5 4 4 5 3 5 1 4 6 2 2 3 3 2 6 2 5 1 2 5 3 2 4 3 3 6 5 3 2 0 5 0 0 1 4 3 4 5 2 7 0 3 3 4 4 3 7 3 6 2 6 6 2 4 6 5 4 2 0 2 3 5 2 1 4 5 6 2 6 2 3 1 4 5 0 5 5 2 3 6 2 4 3 5 3 1 1 1 
4 4 4 2 4 4 2 2 2 4 3 6 5 2 5 1 1 1 7 1 0 5 4 6 2 1 1 2 1 5 1 1 3 4 4 6 5 3 4 4 1 1 4 4 5 0 7 3 3 3 5 4 4 0 2 2 1 1 6 2 5 3 6 0 3 3 2 4 6 6 4 4 0 3 5 3 0 0 2 2 4 4 5 3 4 4 2 4 2 4 6 2 2 3 2 2 6 2 5 1 2 4 2 2 4 3 2 6 5 4 2 1 5 0 0 1 5 2 3 5 2 6 1 3 3 3 4 2 7 3 6 2 6 6 1 4 6 4 3 2 0 2 2 5 2 0 4 5 6 2 6 2 3 2 4 5 0 4 5 2 3 6 1 5 4 4 3 2 0 0 
3 3 3 4 3 3 4 4 4 3 1 4 3 1 4 2 2 0 5 0 1 5 2 5 2 2 2 1 1 3 0 1 1 3 3 5 4 3 3 3 1 2 2 2 3 1 5 1 1 1 4 4 3 1 2 1 0 2 4 2 3 1 4 2 1 2 3 3 4 4 2 2 1 1 4 1 2 2 0 3 2 3 3 1 2 2 1 3 3 2 4 0 2 3 1 3 4 1 3 3 3 2 1 3 3 3 2 4 4 3 2 2 5 2 2 1 4 1 1 3 1 5 2 3 1 2 3 1 5 2 4 2 4 4 1 4 4 2 2 2 1 1 1 3 2 1 3 4 4 1 4 2 1 2 3 3 2 2 3 1 1 5 0 4 3 2 1 2 1 1 
6 6 6 2 6 6 2 2 2 6 4 6 5 2 5 1 0 3 7 2 2 4 4 5 0 1 0 2 1 5 3 1 4 2 4 5 3 2 4 3 2 1 4 5 4 1 7 4 4 3 3 3 2 2 1 2 2 1 6 1 5 3 6 1 3 3 1 2 6 6 5 5 2 5 5 3 1 2 3 0 4 4 5 4 5 5 3 4 0 5 5 3 1 2 4 0 6 4 5 0 0 5 4 0 4 1 5 6 4 2 1 1 4 2 1 2 3 3 4 5 2 6 1 1 4 5 4 4 7 2 5 1 6 5 4 3 6 5 5 1 1 2 4 6 0 3 2 5 5 2 6 1 3 1 3 5 2 5 6 2 3 5 2 3 2 5 3 1 2 3 
4 4 4 6 4 4 6 6 6 4 1 2 1 2 1 3 4 3 2 2 3 4 0 3 4 3 4 2 3 0 2 3 0 4 2 3 4 3 1 2 3 4 0 1 2 3 2 3 1 1 3 3 3 4 3 2 3 4 2 3 1 1 2 4 1 1 4 3 2 1 0 1 3 1 1 1 4 4 2 4 0 1 0 0 2 0 1 0 4 0 2 2 3 3 2 4 1 3 2 5 4 0 2 4 1 4 4 2 3 3 3 4 4 4 4 2 3 1 0 1 2 2 4 4 2 3 1 3 2 2 2 3 2 3 4 3 1 1 2 2 3 2 2 1 4 4 3 2 2 2 1 3 1 3 2 1 4 0 1 2 1 4 2 3 3 0 1 3 3 4 
6 6 6 6 6 6 6 6 6 6 3 1 1 2 1 3 4 4 2 3 4 2 2 1 4 3 4 2 3 2 3 3 1 2 0 1 2 1 0 0 3 4 1 3 0 4 2 4 3 1 1 2 2 4 2 2 3 4 1 2 2 1 2 4 1 1 3 2 1 1 2 3 3 3 1 2 4 4 3 4 1 0 2 2 3 2 2 1 4 2 1 3 3 2 4 3 2 5 0 4 3 1 4 3 0 3 5 1 1 1 2 4 2 5 4 3 1 2 2 1 2 2 4 3 4 5 0 4 3 1 1 2 2 1 5 1 2 3 4 2 4 2 4 2 3 4 2 1 1 2 2 2 2 3 1 1 4 2 2 2 2 2 3 1 2 2 1 3 4 5 
5 5 5 7 5 5 7 7 7 5 2 2 1 3 1 4 5 4 2 3 4 4 1 3 5 4 5 3 4 0 3 4 1 4 2 3 4 3 1 2 4 5 1 1 2 4 2 3 2 2 3 4 4 4 4 3 4 5 2 3 0 2 1 5 1 1 4 4 1 1 1 1 4 2 1 2 5 5 3 5 0 2 0 1 2 0 2 1 5 0 2 3 4 4 3 5 1 4 1 5 5 0 3 5 1 5 4 2 3 3 3 5 4 5 5 3 3 2 1 0 3 1 5 4 3 4 1 3 1 3 2 4 1 3 4 3 1 1 3 3 4 3 3 0 4 4 4 2 1 3 0 4 2 4 3 1 5 0 0 3 1 4 3 3 4 0 2 4 4 5 
4 4 4 6 4 4 6 6 6 4 0 3 2 2 2 3 3 2 3 2 2 4 0 4 4 3 4 1 2 1 2 3 0 4 2 4 4 3 1 2 2 3 1 1 2 3 3 2 0 1 3 3 3 3 3 1 2 4 3 2 1 1 2 4 0 1 3 3 3 2 0 1 2 1 2 0 4 3 1 4 0 2 1 0 1 1 1 1 4 0 3 2 3 3 2 4 2 3 2 4 4 1 2 4 1 4 3 3 3 3 2 4 4 3 3 2 3 1 0 1 1 3 4 4 1 3 2 2 3 2 3 3 2 3 3 3 2 1 2 2 3 1 2 1 3 3 3 2 2 1 2 3 0 3 3 2 4 1 1 2 0 4 2 3 3 1 1 3 3 3 
2 2 2 6 2 2 6 6 6 2 1 4 3 3 3 4 5 2 4 2 3 6 1 5 5 4 5 3 3 2 2 4 2 5 4 5 6 4 3 4 3 4 2 0 4 4 4 1 1 3 5 5 5 3 4 3 3 5 4 4 2 2 3 4 2 2 5 5 4 3 1 0 3 0 3 2 4 4 2 5 2 3 2 1 0 1 2 3 5 1 4 2 5 5 1 5 3 2 4 5 5 2 1 5 3 5 2 4 5 4 4 4 6 4 4 3 5 2 1 2 3 4 5 5 1 2 3 2 4 4 4 4 3 5 3 5 3 0 1 4 4 3 1 2 5 3 5 4 4 3 2 5 1 4 4 3 4 1 2 3 2 6 3 5 5 1 2 4 3 3 
4 4 4 7 4 4 7 7 7 4 1 2 1 3 2 4 5 3 2 3 3 4 0 3 5 4 5 3 3 0 3 4 1 4 2 3 4 3 1 2 3 4 1 0 3 4 2 3 1 2 4 4 4 4 4 2 3 5 2 3 0 2 2 5 1 1 4 4 2 1 0 1 3 1 2 1 5 4 2 5 0 2 0 1 1 0 2 1 5 0 2 3 4 4 3 5 1 4 2 5 4 0 2 5 1 5 4 2 3 3 3 5 4 5 5 3 3 2 1 1 3 2 5 4 2 3 2 3 2 3 2 3 1 3 4 4 1 1 2 3 4 2 2 0 4 4 4 2 2 2 1 4 1 4 3 1 5 0 0 3 1 4 3 4 4 0 2 4 4 4 
4 4 4 5 4 4 5 5 5 4 1 3 2 1 2 2 2 1 4 1 2 4 1 3 3 2 3 0 1 2 1 2 0 3 2 4 3 2 2 2 1 2 1 2 2 2 4 2 1 0 3 3 2 2 2 0 1 3 3 1 2 0 3 3 0 1 2 2 3 3 1 2 1 1 2 0 3 2 1 3 1 2 2 1 2 2 0 1 3 1 3 1 2 2 2 3 3 2 2 3 3 1 2 3 1 3 3 3 3 2 1 3 4 3 2 1 3 0 1 2 0 4 3 3 2 3 2 2 4 1 3 2 3 3 3 3 3 2 2 1 2 0 1 2 2 2 3 3 3 0 3 2 0 2 2 2 3 2 2 1 0 4 1 3 3 2 0 2 2 2 
5 5 5 6 5 5 6 6 6 5 2 1 0 2 1 3 4 3 2 3 4 3 1 2 4 3 4 2 3 1 3 4 1 3 1 2 3 2 0 1 3 4 0 2 1 4 2 4 2 1 2 3 3 4 3 2 3 5 1 2 1 1 1 5 1 1 3 3 1 1 1 2 3 2 0 1 5 4 3 4 0 1 1 1 3 1 1 0 4 1 1 3 3 3 3 4 1 4 1 5 4 0 3 4 0 4 4 1 2 2 3 4 3 5 4 3 2 2 1 0 2 2 5 4 3 4 0 4 2 2 1 3 2 2 4 2 1 2 3 2 4 2 3 1 3 4 3 1 1 2 1 3 2 3 2 0 5 1 1 2 1 3 3 2 3 1 1 3 4 4 
6 6 6 2 6 6 2 2 2 6 4 5 5 1 5 1 0 3 6 2 2 4 4 4 0 0 0 2 1 5 3 1 4 2 3 5 3 2 4 3 2 1 4 5 4 1 6 4 4 3 3 2 2 2 1 2 2 1 5 1 5 3 6 1 3 3 0 2 5 5 4 5 2 4 5 3 1 2 3 0 4 4 5 4 5 5 3 4 0 5 5 3 0 1 4 0 6 4 4 1 0 5 4 0 4 1 5 5 4 2 1 1 4 2 1 2 3 3 4 5 2 6 1 1 4 5 4 4 7 2 5 1 6 4 4 3 5 5 5 1 1 2 4 5 0 3 2 5 5 2 6 1 3 0 3 5 2 5 5 2 3 4 2 3 2 5 3 0 2 3 
4 4 4 6 4 4 6 6 6 4 1 2 1 3 2 4 4 3 2 2 3 4 0 4 4 4 4 2 3 0 3 4 1 4 2 3 4 3 1 2 3 4 1 0 3 4 2 3 1 2 4 4 4 4 4 2 3 5 2 3 1 2 2 5 1 1 4 4 2 2 0 1 3 1 2 1 4 4 2 5 0 2 0 0 1 0 1 1 5 0 2 2 4 4 2 4 1 3 2 5 4 0 2 4 1 4 3 2 4 3 3 4 4 4 4 3 3 1 0 1 2 2 5 4 2 3 2 3 2 3 2 3 2 3 4 4 2 0 2 3 4 2 2 1 4 4 4 2 2 2 1 4 1 4 3 2 4 0 0 2 1 4 3 3 4 0 1 4 4 4 
7 7 7 7 7 7 7 7 7 7 4 0 0 4 0 5 5 5 1 4 5 3 3 1 5 5 5 4 5 2 5 5 2 4 1 1 3 3 1 2 5 6 2 3 1 5 1 5 4 3 2 3 3 6 4 4 5 6 0 3 1 3 1 6 3 2 4 3 0 0 2 3 5 4 0 3 6 6 4 5 2 1 2 3 4 2 3 1 5 2 0 5 4 4 5 5 1 6 0 6 5 2 5 5 1 4 6 0 2 3 4 6 2 6 6 4 2 3 3 1 4 1 6 4 4 6 1 5 1 3 0 4 1 1 6 3 1 3 5 4 5 3 5 2 5 6 3 0 0 4 2 4 3 5 2 0 6 2 2 4 3 2 4 2 4 2 3 5 5 6 
2 2 2 4 2 2 4 4 4 2 1 5 4 2 4 2 3 0 5 0 1 5 2 5 3 2 3 1 2 3 0 2 2 4 4 5 5 4 3 3 1 2 3 2 4 2 5 1 1 2 4 4 4 1 3 1 1 3 5 3 3 2 5 2 2 2 3 4 5 4 2 2 1 1 4 1 2 2 0 3 2 3 3 2 2 3 1 3 3 2 5 0 3 3 0 3 4 1 4 3 3 3 0 3 3 4 1 5 5 4 2 2 5 2 2 1 4 1 1 3 1 5 3 4 1 1 3 1 5 3 5 3 4 5 1 4 4 2 1 2 2 1 0 3 3 1 4 4 4 1 4 3 1 2 4 4 2 3 3 2 2 6 1 4 4 3 2 2 1 1 
6 6 6 3 6 6 3 3 3 6 3 5 4 1 4 0 1 2 6 2 2 3 4 4 0 0 1 1 1 4 2 1 3 1 3 4 3 1 3 2 2 1 3 4 3 2 6 4 3 2 2 2 1 2 0 1 2 1 5 0 4 2 5 2 2 2 0 1 5 5 4 5 2 4 4 2 2 2 2 1 3 3 4 3 5 4 2 3 0 4 4 3 0 1 4 0 5 4 4 1 0 4 4 0 3 1 4 5 3 1 0 1 3 2 2 1 2 2 3 4 1 5 1 0 4 5 3 4 6 1 4 0 5 4 4 2 5 5 4 0 1 1 3 5 0 3 1 4 4 1 5 0 3 0 2 4 2 4 5 1 2 4 1 2 1 4 2 0 2 3 
6 6 6 4 6 6 4 4 4 6 4 4 3 1 3 1 2 3 5 3 3 2 4 2 1 1 2 2 2 4 3 2 3 0 2 3 1 0 2 1 2 2 3 4 2 3 5 5 3 2 1 1 0 3 0 2 3 2 4 0 4 2 4 3 2 2 1 0 4 4 3 5 3 4 3 2 3 3 3 2 3 2 4 3 5 4 2 3 1 4 4 3 1 0 4 1 4 5 3 2 1 3 4 1 3 0 5 4 2 0 1 2 2 3 3 2 1 2 3 3 2 5 2 0 4 5 2 4 5 1 3 0 5 3 4 1 4 4 5 1 2 2 4 4 1 4 0 3 4 2 5 0 3 1 1 3 3 4 4 1 2 2 2 1 0 4 2 1 3 4 
2 2 2 5 2 2 5 5 5 2 1 5 4 3 4 3 3 1 5 1 2 6 2 6 4 3 4 2 2 3 1 3 2 5 4 6 6 4 4 4 2 3 3 2 5 2 5 0 1 3 5 5 5 2 4 2 2 4 5 4 4 2 5 3 2 3 4 5 5 4 2 2 2 1 4 2 3 2 1 4 2 4 3 2 1 3 2 3 4 2 5 0 4 4 0 4 4 1 4 4 4 3 0 4 3 5 1 5 5 4 3 3 6 2 3 2 5 2 2 4 2 5 4 5 0 0 4 0 5 3 5 4 4 6 1 5 4 2 0 3 3 2 0 3 4 2 5 5 5 2 4 4 1 3 4 4 3 3 3 3 2 6 2 5 5 3 2 3 2 2 
6 6 6 2 6 6 2 2 2 6 4 5 5 1 4 1 1 3 6 2 2 3 4 4 0 1 1 2 1 5 3 1 3 1 3 4 3 2 4 3 2 1 3 5 3 2 6 5 4 2 2 2 2 3 0 2 2 1 5 1 5 2 5 2 3 3 0 1 5 5 4 5 2 4 4 3 2 2 3 0 4 3 5 4 5 5 3 4 0 4 5 3 0 1 4 0 5 4 4 1 0 4 4 0 4 1 5 5 3 2 1 1 3 2 2 2 3 3 4 4 2 6 1 0 4 5 4 4 6 1 5 1 6 4 4 2 5 5 5 1 1 2 4 5 0 3 2 4 5 2 6 0 3 0 2 4 2 5 5 2 3 4 2 3 1 5 3 0 2 3 
6 6 6 8 6 6 8 8 8 6 3 1 0 4 1 5 6 5 0 4 5 4 2 3 5 5 6 4 5 1 4 5 2 5 2 2 4 4 1 2 5 6 1 2 2 5 0 5 3 3 4 4 4 5 4 4 5 6 1 4 0 3 0 6 2 2 5 4 0 0 2 2 5 3 1 2 6 6 4 6 1 2 1 2 3 1 3 1 6 1 1 4 5 4 4 5 0 5 1 6 5 1 4 5 1 5 5 1 3 4 4 6 4 6 6 4 3 3 2 1 4 0 6 5 4 5 1 5 0 3 1 4 0 2 5 4 0 2 4 4 5 3 4 0 5 5 4 1 0 4 1 5 3 5 3 1 6 1 1 4 2 4 4 3 4 1 3 5 5 6 
2 2 2 4 2 2 4 4 4 2 2 6 5 3 5 3 3 1 6 1 1 6 3 6 4 3 3 2 2 4 1 2 3 5 5 6 6 5 4 5 2 3 4 3 5 2 6 0 2 3 6 5 5 1 4 2 2 3 6 4 4 3 6 3 3 3 4 5 6 5 3 3 2 2 5 3 2 2 1 4 3 5 4 3 2 4 2 4 4 3 6 1 4 5 1 4 5 0 5 4 4 4 1 4 4 5 0 6 6 5 3 3 6 2 2 2 5 2 2 4 2 6 3 5 1 1 5 0 6 4 6 4 5 6 0 5 5 3 1 3 2 3 1 4 4 1 5 5 5 3 5 4 2 3 5 5 2 3 4 3 3 7 2 5 5 4 3 3 2 1 
6 6 6 7 6 6 7 7 7 6 3 1 0 3 0 4 5 4 2 4 4 2 2 1 4 4 5 3 4 1 4 4 2 3 1 1 2 2 0 1 4 5 1 3 0 5 1 5 3 2 2 2 2 5 3 3 4 5 0 3 1 2 1 5 2 1 4 3 1 1 2 3 4 3 0 2 5 5 3 5 2 0 1 2 4 2 2 1 4 2 0 4 4 3 4 4 1 5 0 5 4 1 4 4 1 4 5 0 1 2 3 5 2 5 5 3 2 2 2 1 3 1 5 4 4 5 0 5 2 2 0 3 2 1 5 2 1 3 4 3 4 3 4 2 4 5 3 0 0 3 2 3 2 4 1 0 5 2 2 3 2 2 3 2 3 2 2 4 5 5 
6 6 6 1 6 6 1 1 1 6 4 6 6 2 6 1 0 2 7 2 2 5 5 5 0 1 0 2 1 5 2 1 4 3 4 6 4 3 5 4 2 0 4 5 5 1 7 4 4 3 4 3 3 2 2 2 2 0 6 2 6 3 6 0 4 4 1 3 6 6 5 5 2 5 5 4 1 1 3 0 5 4 5 4 5 5 3 5 1 5 6 3 1 2 4 1 6 4 5 0 1 5 4 1 5 2 4 6 5 3 2 0 5 1 1 2 4 3 4 5 2 7 0 2 4 5 5 4 7 3 6 2 7 5 3 4 6 5 5 2 1 2 4 6 1 2 3 5 6 2 6 2 4 1 4 5 1 5 6 2 4 5 2 4 3 5 3 1 1 2 
6 6 6 2 6 6 2 2 2 6 4 5 4 1 4 1 1 3 6 2 2 3 4 4 0 1 1 2 1 5 3 1 3 1 3 4 2 1 3 2 2 1 3 5 3 2 6 5 4 2 2 2 1 3 0 2 2 1 5 1 5 2 5 2 3 3 0 1 5 5 4 5 2 4 4 3 2 2 3 0 4 3 5 4 5 4 3 4 0 4 5 3 0 1 4 0 5 4 4 1 0 4 4 0 4 0 5 5 3 1 1 2 3 3 2 2 2 3 4 4 2 6 1 0 4 5 3 4 6 1 5 0 6 4 4 2 5 5 5 1 2 2 4 5 0 3 1 4 5 2 5 0 3 0 2 4 2 5 5 1 3 4 2 2 1 4 2 0 2 3 
4 4 4 7 4 4 7 7 7 4 2 2 1 3 1 4 4 3 2 3 3 4 1 3 4 4 5 2 3 0 3 4 1 4 2 3 4 3 1 2 3 4 0 1 2 4 2 3 1 1 3 3 3 4 3 2 3 5 2 3 0 1 1 5 1 1 4 3 1 1 0 1 3 2 1 1 5 4 2 5 0 1 0 1 2 0 1 0 5 0 2 3 4 3 3 4 1 4 1 5 4 0 3 4 1 4 4 2 3 3 3 5 4 5 4 3 3 2 1 0 2 2 5 4 2 4 1 3 2 2 2 3 1 3 4 3 1 1 3 3 4 2 3 0 4 4 4 2 1 2 1 4 1 4 3 1 5 0 0 2 1 4 3 3 4 0 1 4 4 4 
2 2 2 5 2 2 5 5 5 2 1 5 4 3 4 3 3 1 5 1 1 6 1 5 4 3 3 2 2 3 1 2 2 5 4 5 5 4 3 4 2 3 3 2 4 2 5 0 1 2 5 5 4 2 4 2 1 3 5 3 3 2 4 3 2 3 4 4 5 4 2 2 2 1 4 2 3 2 1 4 2 4 3 2 1 2 2 3 4 2 5 0 4 4 0 4 4 1 4 4 4 3 0 4 3 4 1 5 5 4 3 3 6 2 3 2 5 2 1 3 2 5 3 4 0 1 4 0 5 3 5 3 4 5 1 5 4 2 0 3 2 2 0 3 4 2 5 4 4 2 3 4 1 3 4 4 3 2 3 2 2 6 2 5 4 2 2 3 2 2 
6 6 6 2 6 6 2 2 2 6 4 5 4 1 4 1 1 3 6 3 2 3 4 4 0 1 1 2 1 5 3 1 3 1 3 4 2 1 3 2 2 1 3 5 3 2 6 5 4 2 2 2 1 3 0 2 2 1 5 1 5 2 5 2 3 3 0 1 5 5 4 5 2 4 4 3 2 2 3 0 4 3 5 4 5 5 3 4 0 4 5 3 0 1 4 0 5 4 4 1 0 4 4 0 4 0 5 5 3 1 1 2 3 3 2 2 2 3 4 4 2 6 1 0 4 5 3 4 6 1 5 1 6 4 4 2 5 5 5 1 2 2 4 5 0 3 1 4 5 2 5 0 3 1 2 4 2 5 5 1 3 4 2 2 1 4 2 0 2 3 
5 5 5 6 5 5 6 6 6 5 2 1 0 2 1 3 4 3 2 3 3 3 1 2 4 3 4 2 3 1 3 3 1 3 1 2 3 2 0 1 3 4 0 2 1 4 2 4 2 1 2 3 2 4 3 2 3 4 1 2 1 1 1 4 1 0 3 3 1 1 1 2 3 2 0 1 4 4 3 4 1 0 1 1 3 1 1 0 4 1 1 3 3 3 3 4 1 4 1 5 4 1 3 4 0 3 4 1 2 2 2 4 3 4 4 3 2 1 1 0 2 2 4 3 3 4 0 4 2 2 1 3 2 2 4 2 1 2 3 2 4 2 3 1 3 4 3 1 1 2 2 3 1 3 2 0 4 1 1 2 1 3 2 2 3 1 1 3 4 4 
7 7 7 3 7 7 3 3 3 7 4 4 4 1 4 2 2 3 6 3 3 2 4 3 1 1 2 2 2 5 3 2 3 0 2 4 2 1 3 2 3 2 3 5 3 3 5 5 4 2 2 1 1 3 0 2 3 2 4 1 5 2 5 3 3 3 0 1 5 5 4 5 3 5 4 3 3 3 3 1 4 3 5 4 5 5 3 4 1 4 4 4 1 0 5 1 5 5 4 2 0 4 4 0 3 0 5 4 2 1 1 2 2 3 3 2 2 3 4 4 2 5 2 0 5 6 3 5 6 1 4 1 6 3 5 1 5 5 5 1 2 2 4 5 1 4 1 4 4 2 5 0 3 1 2 4 3 5 5 2 3 3 2 2 0 4 3 1 3 4 
1 1 1 5 1 1 5 5 5 1 2 6 5 4 5 3 4 2 6 2 2 7 3 7 4 4 4 3 3 4 2 3 3 6 5 7 7 5 5 5 2 3 4 3 6 3 6 0 2 4 6 6 5 2 4 3 2 4 6 4 5 3 6 3 3 4 5 5 6 6 3 3 2 2 5 3 3 2 2 5 4 5 4 3 2 4 3 4 5 3 6 1 4 5 1 5 5 0 5 4 5 4 1 5 4 5 0 6 6 5 4 3 7 2 3 3 6 3 3 5 3 6 4 5 1 0 5 0 6 4 6 4 6 7 0 6 5 3 1 4 3 3 1 4 4 2 6 6 6 3 5 5 3 4 5 5 3 4 4 3 3 7 3 6 5 4 3 4 2 2 
7 7 7 8 7 7 8 8 8 7 4 0 0 4 0 5 5 5 1 4 5 3 3 2 5 5 6 4 5 2 5 5 3 4 2 1 3 3 1 2 5 6 2 3 1 5 1 5 4 3 3 3 3 6 4 4 5 6 0 4 1 3 0 6 3 2 5 3 0 0 2 3 5 4 0 3 6 6 4 6 2 1 2 3 4 2 3 1 5 2 0 5 5 4 5 5 1 6 0 6 5 2 5 5 1 4 6 0 2 3 4 6 3 6 6 4 2 3 3 1 4 1 6 4 4 6 1 5 1 3 0 4 1 1 6 3 0 3 5 4 5 3 5 2 5 6 3 0 0 4 2 4 3 5 2 0 6 2 2 4 3 2 4 2 4 2 3 5 5 6 
7 7 7 6 7 7 6 6 6 7 4 2 2 3 2 4 4 5 3 4 5 0 4 0 4 4 4 3 4 3 4 4 3 2 1 1 1 1 2 1 4 4 2 4 0 5 3 6 4 2 0 1 1 5 3 3 4 5 2 2 3 3 3 5 3 2 3 1 2 3 3 5 4 5 2 3 5 5 4 4 3 1 3 3 5 3 3 2 4 4 2 5 3 2 5 3 3 6 1 5 3 3 5 3 2 2 6 2 0 1 3 5 0 5 5 4 0 3 4 2 3 3 5 3 5 6 1 6 4 2 2 3 4 0 6 1 3 4 6 3 4 3 5 3 3 5 1 1 2 3 4 3 3 3 1 2 5 4 3 3 3 0 4 0 2 3 3 3 5 6 
6 6 6 4 6 6 4 4 4 6 3 3 3 1 3 2 2 3 4 3 3 1 3 2 2 2 2 2 2 3 3 2 2 0 1 2 1 0 2 1 3 3 2 4 1 3 4 5 3 1 0 0 0 4 1 2 3 3 3 1 3 1 4 3 2 2 1 0 3 3 3 4 3 4 2 2 3 4 3 2 3 1 3 3 4 3 2 2 2 3 3 4 1 0 4 2 4 5 2 3 1 3 4 1 2 1 5 3 1 0 1 3 1 4 3 2 0 2 3 3 2 4 3 1 4 5 2 4 4 0 3 1 4 2 5 0 3 4 5 1 3 2 4 4 1 4 0 2 3 2 4 1 3 2 0 2 4 4 4 1 2 2 2 1 0 3 2 2 3 4 
5 5 5 3 5 5 3 3 3 5 3 4 3 0 3 1 1 2 5 2 2 3 3 3 1 1 1 1 1 3 2 1 2 1 2 3 2 1 2 2 1 1 2 4 2 2 5 4 2 1 2 1 1 2 0 1 2 2 4 0 4 1 4 2 2 2 0 1 4 4 3 4 1 3 3 2 2 2 2 1 3 2 3 2 4 3 1 3 1 3 4 2 0 1 3 1 4 3 3 2 1 3 3 1 2 1 4 4 3 1 0 2 3 2 2 1 2 1 2 3 1 5 2 1 3 4 2 3 5 0 4 0 5 3 3 2 4 4 4 0 1 1 3 4 0 2 1 3 4 1 4 0 2 0 1 3 2 4 4 0 2 3 1 2 1 3 1 0 2 3 
5 5 5 2 5 5 2 2 2 5 3 6 5 2 5 1 0 2 7 2 1 5 4 5 1 1 0 2 1 5 2 0 3 3 4 6 4 3 4 4 1 0 4 5 4 0 7 3 3 3 4 4 3 1 2 2 1 0 6 2 5 3 6 0 3 3 1 3 6 6 4 5 1 4 5 3 0 1 2 1 4 4 5 4 4 5 3 4 1 4 6 2 1 2 3 1 6 3 5 0 2 5 3 2 4 2 3 6 5 3 2 0 5 1 0 1 4 3 3 5 2 6 0 2 3 4 4 3 7 2 6 2 6 5 2 4 6 5 4 2 0 2 3 5 1 1 3 5 6 2 6 2 3 1 4 5 0 5 5 2 3 5 1 4 3 5 3 1 1 1 
8 8 8 6 8 8 6 6 6 8 5 3 3 3 3 4 4 5 4 5 5 0 4 1 4 4 4 3 4 4 5 4 4 2 1 1 0 1 2 1 5 5 3 5 1 5 4 6 5 3 0 1 1 6 3 3 5 5 3 2 4 3 3 5 3 3 3 1 3 3 4 5 5 5 3 4 5 5 5 4 4 2 4 4 6 4 4 3 4 4 2 5 3 2 6 3 4 6 2 5 3 4 6 3 3 2 7 3 0 1 3 5 0 6 5 4 0 4 4 3 4 4 5 2 6 7 2 6 4 2 2 3 4 1 6 0 3 5 6 3 5 3 5 4 3 6 1 2 3 3 5 3 4 3 1 3 5 4 4 3 3 0 4 0 2 4 3 3 5 6 
4 4 4 2 4 4 2 2 2 4 3 6 5 2 5 1 1 1 7 1 1 6 4 6 2 2 1 2 1 5 1 1 3 4 5 6 5 4 5 4 1 1 4 4 5 0 7 2 3 3 5 4 4 0 3 2 1 1 6 3 5 3 6 0 3 4 3 4 6 6 4 4 1 3 5 3 0 0 2 2 4 5 5 3 4 5 3 5 2 4 6 2 2 3 2 2 6 2 5 1 3 5 2 3 4 3 2 6 5 4 2 1 6 0 0 1 5 3 3 5 2 7 1 3 3 3 5 2 7 3 6 2 6 6 1 5 6 4 3 2 1 2 2 5 2 0 4 6 6 2 6 3 3 2 4 5 0 5 5 2 3 6 2 5 4 5 3 2 0 0 
4 4 4 2 4 4 2 2 2 4 3 6 5 2 5 1 1 1 7 1 1 5 4 5 1 1 1 2 1 5 1 0 3 3 4 6 5 3 4 4 1 0 4 4 5 0 7 3 3 3 4 4 3 1 2 2 1 0 6 2 5 3 6 0 3 3 2 3 6 6 4 4 1 4 5 3 0 0 2 1 4 4 5 3 4 5 2 4 1 4 6 2 2 3 3 2 6 2 5 1 2 4 3 2 4 3 3 6 5 3 2 0 5 0 0 1 4 2 3 5 2 6 0 3 3 3 4 3 7 3 6 2 6 5 2 4 6 5 4 2 0 2 2 5 2 1 4 5 6 2 6 2 3 1 4 5 0 5 5 2 3 6 1 4 3 5 3 1 0 1 
4 4 4 3 4 4 3 3 3 4 2 4 3 0 4 0 1 1 5 0 1 4 2 4 1 1 1 0 0 3 1 1 2 2 3 4 3 2 3 2 0 1 2 3 3 1 5 2 1 1 3 3 2 1 1 0 0 2 4 1 4 1 4 1 1 2 1 2 4 4 2 3 0 2 4 1 1 1 1 2 2 3 3 2 3 3 1 3 2 3 4 1 1 2 2 2 4 2 3 2 2 3 2 2 3 2 3 4 4 2 1 1 4 1 1 0 3 1 2 3 0 5 2 2 2 3 3 2 5 1 4 1 5 4 2 3 4 3 3 1 1 0 2 4 1 1 3 4 4 0 4 1 1 1 2 3 1 3 3 0 1 4 0 3 2 3 1 1 1 2 
7 7 7 5 7 7 5 5 5 7 4 2 2 2 2 3 3 4 4 4 4 0 4 1 3 3 3 3 3 3 4 3 3 1 1 1 0 1 2 1 4 4 2 4 1 4 4 5 4 2 0 0 1 5 2 3 4 4 2 2 3 2 3 4 2 2 2 1 3 3 3 4 4 4 2 3 4 5 4 3 3 1 3 3 5 3 3 2 3 3 2 4 2 1 5 3 3 5 2 4 2 3 5 2 2 2 6 2 0 0 2 4 0 5 4 3 0 3 3 3 3 3 4 2 5 6 1 5 4 1 2 2 4 1 5 0 3 4 5 2 4 2 5 4 2 5 1 2 2 2 4 2 3 3 0 2 5 4 4 2 3 1 3 0 1 3 2 3 4 5 
4 4 4 5 4 4 5 5 5 4 1 3 2 1 2 2 2 1 4 1 2 4 1 3 3 2 3 0 1 2 1 2 0 3 2 4 3 2 2 2 1 2 1 2 2 2 4 2 1 0 3 3 2 2 2 0 1 3 3 1 2 0 3 3 0 1 2 2 3 3 1 2 1 1 2 0 3 2 1 3 1 2 2 1 2 2 0 2 3 1 3 1 2 2 2 3 3 2 2 3 3 2 2 3 1 3 3 3 3 2 1 3 4 3 2 1 3 0 1 2 0 4 3 3 2 3 2 2 4 1 3 2 3 3 3 3 3 2 2 1 2 0 1 2 2 2 3 3 3 0 3 2 0 2 2 2 3 2 2 1 0 4 1 3 3 2 0 2 2 2 
3 3 3 5 3 3 5 5 5 3 0 3 2 2 2 3 3 2 3 1 2 4 0 4 4 3 4 1 2 1 2 3 0 4 2 4 4 3 1 2 2 3 1 1 3 3 3 2 0 1 3 4 3 3 3 1 2 4 3 2 2 1 3 4 0 1 3 3 3 2 0 1 2 1 2 0 4 3 1 4 0 2 1 0 1 1 1 1 4 0 3 1 3 3 2 4 2 2 2 4 4 1 1 4 1 4 3 3 4 3 2 3 4 3 3 2 3 1 0 1 1 3 4 4 1 2 2 2 3 2 3 3 3 4 3 3 2 1 2 2 3 1 1 2 3 3 4 3 2 1 2 3 0 3 3 2 3 1 1 2 0 4 2 3 3 1 1 3 3 3 
5 5 5 7 5 5 7 7 7 5 2 1 0 3 0 4 4 4 1 3 4 3 1 2 4 4 5 3 4 0 3 4 1 4 1 2 3 3 0 1 4 5 0 2 1 4 1 4 2 2 3 3 3 4 3 2 3 5 1 3 0 2 1 5 1 1 4 3 1 1 1 2 4 2 0 1 5 5 3 5 1 1 0 1 2 1 2 0 5 1 1 3 4 3 4 4 1 4 1 5 4 0 3 4 0 4 5 1 2 3 3 5 3 5 5 3 3 2 1 0 3 1 5 4 3 4 1 4 2 2 1 3 1 2 5 3 0 2 3 3 4 2 3 1 4 4 3 1 1 2 1 4 2 4 2 0 5 1 1 3 1 3 3 3 3 1 2 4 4 5 
4 4 4 4 4 4 4 4 4 4 1 4 3 0 3 1 2 1 5 0 1 4 2 4 2 1 2 0 0 3 1 1 1 2 2 4 3 2 2 2 1 1 2 3 3 1 5 2 1 1 3 3 2 2 1 0 1 2 4 1 3 1 4 2 1 1 2 2 4 4 2 3 1 2 3 1 2 2 1 2 2 2 3 1 3 3 0 2 2 2 4 1 1 2 2 2 4 2 3 2 2 2 2 2 2 2 3 4 3 2 1 2 4 2 2 0 3 0 1 3 0 4 2 2 2 3 2 2 5 1 4 1 4 4 2 3 4 3 3 1 1 0 2 3 1 2 2 3 3 0 4 1 1 1 2 3 2 3 3 0 1 4 0 3 2 2 0 1 1 2 
7 7 7 8 7 7 8 8 8 7 4 1 1 4 1 5 6 5 0 5 6 4 3 3 6 5 6 4 5 1 5 6 3 5 2 2 4 4 2 3 5 6 2 3 2 6 0 5 4 3 4 4 4 6 5 4 5 7 0 4 1 3 0 7 3 3 5 4 0 0 2 3 5 4 1 3 7 6 5 6 2 2 1 3 4 2 4 2 6 2 1 5 5 5 5 6 0 6 1 7 6 2 5 6 2 5 6 1 3 4 5 6 4 7 6 5 3 4 3 1 4 0 7 5 4 6 2 5 0 4 1 5 0 2 6 4 0 3 5 4 6 4 5 1 5 6 4 1 1 4 1 5 3 5 3 1 7 2 1 4 3 3 5 3 5 2 3 5 6 6 
5 5 5 1 5 5 1 1 1 5 4 6 5 2 5 1 0 2 7 2 1 5 4 5 0 1 0 2 1 5 2 1 4 3 4 6 4 3 4 4 1 0 4 5 4 1 7 4 3 3 4 3 3 1 2 2 1 0 6 2 5 3 6 0 3 3 1 3 6 6 4 5 1 4 5 3 0 1 2 1 4 4 5 4 5 5 3 5 1 5 6 3 1 2 4 1 6 3 5 0 1 5 3 1 4 2 4 6 5 3 2 0 5 1 0 2 4 3 4 5 2 7 0 2 4 4 4 3 7 2 6 2 6 5 3 4 6 5 4 2 0 2 3 6 1 2 3 5 6 2 6 2 3 1 4 5 1 5 6 2 3 5 2 4 3 5 3 1 1 2 
7 7 7 3 7 7 3 3 3 7 4 5 4 1 4 1 2 3 6 3 3 2 4 3 1 1 1 2 2 4 3 2 3 0 2 4 2 1 3 2 2 2 3 5 3 2 5 5 4 2 2 1 1 3 0 2 3 2 4 1 5 2 5 2 3 3 0 1 5 5 4 5 3 5 4 3 3 3 3 1 4 3 4 4 5 4 3 4 1 4 4 4 0 0 5 0 5 5 4 2 0 4 4 0 3 0 5 4 3 1 1 2 2 3 3 2 2 3 4 4 2 5 2 0 5 5 3 5 6 1 4 1 6 3 4 2 5 5 5 1 2 2 4 5 0 3 1 4 4 2 5 0 3 1 2 4 3 5 5 2 3 3 2 2 0 4 2 1 3 4 
2 2 2 5 2 2 5 5 5 2 0 5 4 3 4 3 4 1 5 1 2 6 1 5 4 3 4 2 3 3 1 3 2 5 4 5 5 4 3 4 2 3 2 1 4 3 5 0 0 2 5 5 4 2 4 2 2 4 4 3 3 2 4 3 2 2 4 4 4 4 2 1 2 0 4 1 3 3 1 4 2 4 3 1 1 2 2 3 4 2 4 1 4 4 0 4 4 1 4 4 4 2 0 4 3 5 1 4 5 4 3 3 6 3 3 2 5 2 1 3 2 4 4 5 0 1 3 0 4 3 4 3 4 5 2 5 4 1 0 3 3 2 0 3 4 2 5 4 4 2 3 4 1 3 4 4 3 2 3 2 2 6 2 5 5 2 2 3 2 2 
1 1 1 6 1 1 6 6 6 1 2 6 5 4 5 4 4 2 6 2 2 7 2 7 5 4 4 3 3 4 2 3 3 6 5 7 7 5 4 5 3 4 4 2 5 3 6 0 2 3 6 6 5 2 5 3 2 4 6 4 4 3 5 4 3 4 5 5 6 5 3 2 3 2 5 3 4 3 2 5 3 5 4 3 2 3 3 4 5 3 6 1 5 5 0 5 5 1 5 5 5 4 1 5 4 6 0 6 6 5 4 4 7 3 3 3 6 3 2 4 3 6 4 5 1 0 5 0 6 4 6 4 5 6 1 6 5 2 0 4 3 3 1 4 5 2 6 6 5 3 4 5 2 4 5 5 3 3 4 3 3 7 3 6 6 3 3 4 3 2 
6 6 6 6 6 6 6 6 6 6 3 1 1 2 0 3 4 4 2 3 4 2 2 1 4 3 4 2 3 1 3 4 1 3 0 1 2 2 0 0 3 4 0 2 0 4 2 4 2 1 2 2 2 4 3 2 3 4 1 2 1 1 1 4 1 1 3 2 1 1 2 3 3 3 0 1 4 4 3 4 1 0 1 2 3 2 2 0 4 2 1 3 3 2 4 4 1 5 0 5 3 1 4 3 0 3 5 1 1 2 2 4 2 5 4 3 1 2 2 1 2 2 4 3 3 5 0 4 2 2 1 2 2 1 5 2 1 3 4 2 4 2 3 2 3 4 2 0 1 2 2 3 2 3 1 0 5 2 2 2 1 2 3 1 2 2 1 3 4 5 
1 1 1 5 1 1 5 5 5 1 1 6 4 3 5 3 3 1 6 1 2 6 2 6 4 3 4 2 2 4 1 3 2 5 5 6 6 4 4 4 2 3 3 2 5 2 6 0 1 3 5 5 5 2 4 2 2 4 5 4 4 3 5 3 2 3 4 5 5 5 2 2 2 1 5 2 3 2 1 4 3 4 3 2 2 3 2 4 4 3 5 1 4 4 0 4 5 0 5 4 4 3 0 4 4 5 0 5 6 4 3 3 6 2 3 2 5 2 2 4 2 5 3 5 0 0 4 0 5 4 5 4 5 6 1 5 5 2 0 3 3 2 0 4 4 1 5 5 5 2 4 4 2 3 5 4 3 3 4 3 2 7 2 5 5 3 2 3 2 2 
6 6 6 9 6 6 9 9 9 6 4 1 1 5 1 6 7 6 0 5 6 4 3 3 6 6 7 5 6 1 5 6 3 5 3 3 5 5 2 3 6 7 2 3 3 6 0 5 4 4 4 5 5 6 5 5 5 7 1 5 1 4 0 7 3 3 6 5 1 1 3 3 6 4 1 3 7 7 5 7 2 3 1 3 4 2 4 2 7 2 1 5 6 5 5 6 0 6 2 7 6 2 5 6 2 6 6 1 4 4 5 7 4 7 7 5 4 4 3 2 5 0 7 6 4 6 2 5 0 4 1 5 0 3 6 4 1 3 5 5 6 4 5 1 6 6 5 2 1 5 1 6 4 6 4 2 7 2 1 5 3 4 5 4 5 2 4 6 6 7 
6 6 6 4 6 6 4 4 4 6 3 3 3 0 2 1 2 2 4 2 2 2 3 2 2 1 2 1 1 3 2 2 2 1 1 3 2 0 2 1 2 2 2 3 2 2 4 4 2 1 1 1 1 3 1 1 2 2 3 0 3 1 3 3 1 1 1 1 3 3 2 3 2 3 2 1 3 3 2 2 2 1 3 2 4 3 1 2 2 3 3 3 1 1 3 1 3 4 2 3 1 2 3 1 2 1 4 3 2 0 0 2 2 3 3 1 1 1 2 2 1 4 2 1 3 4 2 4 4 0 3 0 4 2 4 1 3 3 4 0 2 1 3 3 1 3 1 2 3 1 4 1 2 1 1 2 3 3 3 1 1 3 1 1 1 3 1 1 2 3 
7 7 7 7 7 7 7 7 7 7 3 0 0 4 0 4 5 5 1 4 5 3 3 1 5 5 5 4 4 1 5 5 2 4 1 1 3 3 1 2 5 5 1 3 1 5 1 5 3 2 2 3 3 6 4 3 5 6 0 3 1 3 0 6 2 2 4 3 0 0 2 3 5 4 0 3 6 6 4 5 2 1 2 3 4 2 3 1 5 2 0 5 4 3 5 5 1 6 0 6 5 2 5 5 1 4 6 0 2 3 4 6 2 6 6 4 2 3 3 1 4 1 6 4 4 6 1 5 1 3 0 4 1 1 6 2 0 3 5 4 5 3 5 2 4 6 3 0 0 3 2 4 3 4 2 0 6 2 2 3 3 2 4 2 3 2 3 4 5 6 
6 6 6 3 6 6 3 3 3 6 3 4 3 0 3 1 1 2 5 2 2 3 3 3 1 1 1 1 1 4 2 1 2 1 2 3 2 1 3 2 2 1 2 4 2 2 5 4 3 1 2 1 1 2 0 1 2 2 4 0 4 1 4 2 2 2 0 1 4 4 3 4 2 4 3 2 2 2 2 1 3 2 4 3 4 3 2 3 1 3 4 3 0 0 4 1 4 4 3 2 0 3 3 1 3 1 4 4 3 1 0 2 3 2 2 1 2 2 3 3 1 5 2 1 3 4 2 4 5 0 4 0 5 3 4 2 4 4 4 0 1 1 3 4 0 3 1 3 4 1 4 0 2 0 2 3 2 4 4 1 2 3 1 2 1 3 1 0 2 3 
6 6 6 8 6 6 8 8 8 6 3 1 1 4 1 5 6 5 0 5 5 4 2 3 6 5 6 4 5 1 5 6 2 5 3 3 5 4 2 3 5 6 2 2 3 6 0 5 3 3 4 5 4 6 5 4 5 7 1 4 1 3 0 6 3 3 6 5 1 0 2 2 5 3 1 3 6 6 4 6 2 2 1 2 3 1 3 2 6 2 1 4 5 5 4 6 0 5 2 7 6 1 4 6 2 6 6 1 4 4 5 6 4 6 6 5 4 3 3 1 4 0 6 6 4 5 2 5 0 4 1 5 0 3 6 4 0 2 4 5 6 4 4 1 6 6 5 2 1 4 0 5 3 5 4 1 6 1 1 4 3 4 4 4 5 1 3 5 6 6 
7 7 7 7 7 7 7 7 7 7 4 1 2 3 1 4 5 5 3 4 5 1 4 0 4 4 5 3 4 3 5 5 3 3 1 0 1 2 2 1 5 5 2 4 0 5 2 6 4 3 1 2 2 6 3 3 5 5 1 3 3 3 2 6 3 2 4 2 2 2 3 4 5 5 1 3 6 6 4 5 3 1 3 3 5 3 3 2 4 3 1 5 4 3 6 4 2 6 1 5 4 3 5 4 2 3 7 1 0 2 3 5 1 6 5 4 1 3 4 2 4 2 5 3 5 6 1 6 3 2 1 3 3 0 6 1 2 4 6 3 5 3 5 3 4 6 2 1 1 3 3 3 4 4 1 1 6 4 3 3 3 1 4 1 2 3 3 4 5 6 
2 2 2 4 2 2 4 4 4 2 2 6 5 3 5 3 3 1 6 1 1 6 3 6 3 3 3 2 2 4 1 2 3 5 5 7 6 5 5 5 2 2 4 3 5 2 6 1 2 3 6 5 5 1 4 2 1 3 6 4 5 3 6 2 3 4 4 5 6 6 3 3 1 2 5 3 2 1 1 4 4 5 4 3 3 4 3 4 4 4 6 1 4 4 1 4 5 0 5 3 4 4 1 4 4 5 0 6 6 5 3 2 6 1 2 2 5 3 3 5 2 6 3 4 2 1 5 1 6 4 6 4 6 6 0 5 6 3 2 3 2 3 1 5 4 1 5 6 6 3 5 4 2 3 5 5 2 4 5 3 3 7 2 6 5 4 3 3 1 1 
7 7 7 5 7 7 5 5 5 7 4 3 3 2 2 3 3 4 4 4 4 1 4 1 3 3 3 3 3 3 4 3 3 1 1 2 0 0 2 1 4 4 2 4 1 4 4 5 4 2 0 0 0 5 2 3 4 4 3 1 4 2 3 4 3 2 2 0 3 3 3 5 4 4 2 3 4 4 4 3 3 1 3 3 5 4 3 2 3 4 3 4 2 1 5 2 4 5 2 4 2 3 5 2 2 1 6 3 1 0 2 4 0 5 4 3 0 3 3 3 3 4 4 2 5 6 2 5 4 1 2 2 4 1 5 0 3 5 5 2 4 2 5 4 2 5 0 2 3 2 4 2 3 2 0 2 4 4 4 2 3 1 3 0 1 4 2 2 4 5 
6 6 6 8 6 6 8 8 8 6 3 1 0 4 0 5 5 5 0 4 5 3 2 2 5 5 6 4 4 1 4 5 2 4 2 2 4 3 1 2 5 5 1 2 2 5 0 5 3 2 3 4 4 5 4 3 4 6 0 4 0 3 0 6 2 2 5 4 0 0 2 2 5 3 0 2 6 6 4 6 1 2 1 2 3 1 3 1 5 2 1 4 5 4 4 5 0 5 1 6 5 1 4 5 1 5 5 0 3 3 4 6 3 6 6 4 3 3 2 0 4 0 6 5 4 5 1 5 1 3 0 4 0 2 6 3 0 2 4 4 5 3 4 1 5 5 4 1 0 3 1 4 3 5 3 0 6 2 1 4 2 3 4 3 4 1 3 5 5 6 
3 3 3 7 3 3 7 7 7 3 1 3 2 3 3 4 5 3 3 3 3 5 0 5 5 4 5 3 4 1 3 4 1 5 3 4 5 4 2 3 3 5 2 0 4 4 3 2 1 2 5 5 4 4 4 3 3 5 3 4 1 2 3 5 2 2 5 5 3 2 1 0 3 1 3 2 5 4 2 5 1 3 1 1 0 1 2 2 5 0 3 2 5 4 2 5 2 3 3 5 5 1 2 5 2 5 3 3 4 4 4 5 5 4 5 3 4 2 1 2 3 3 5 5 1 2 3 2 3 3 3 4 2 4 3 5 2 0 2 4 4 3 2 1 5 4 5 3 3 3 1 4 1 4 4 3 5 0 1 3 2 5 3 4 5 1 2 4 4 4 
1 1 1 6 1 1 6 6 6 1 1 5 4 3 4 4 4 2 5 2 2 6 2 6 4 4 4 3 3 3 2 3 2 5 4 6 6 5 4 4 3 4 3 2 5 3 5 0 1 3 5 5 5 2 4 3 2 4 5 4 3 3 5 4 2 3 5 5 5 4 2 1 3 1 4 2 4 3 2 5 2 4 3 2 1 2 2 3 5 2 5 1 4 5 0 5 4 1 4 5 5 3 0 5 3 5 1 5 6 5 4 4 6 3 4 3 5 2 2 3 3 5 4 5 0 0 4 0 5 4 5 4 4 6 2 5 4 2 0 4 3 3 1 3 4 2 5 5 4 3 3 4 2 4 5 4 4 2 3 3 2 7 3 5 5 2 2 4 3 2 
5 5 5 3 5 5 3 3 3 5 3 4 3 0 3 1 1 2 5 2 2 3 3 3 1 1 1 1 1 3 2 1 2 1 2 3 2 1 2 1 1 1 2 4 2 2 5 4 2 1 2 2 1 2 0 1 1 2 4 0 4 1 4 2 2 1 1 1 4 4 3 4 1 3 3 2 2 2 2 1 2 2 3 2 4 3 1 2 1 3 4 2 0 1 3 1 4 3 3 2 1 3 3 1 2 1 4 4 3 1 0 2 3 2 2 1 2 1 2 3 1 4 2 1 3 4 2 3 5 0 4 0 5 3 3 2 4 4 4 0 1 1 3 4 1 2 1 3 3 1 4 0 2 0 1 3 2 3 4 0 2 3 1 2 1 3 1 0 2 3 
4 4 4 2 4 4 2 2 2 4 3 6 5 1 5 0 0 1 6 1 0 5 3 5 1 0 1 1 0 4 1 0 3 3 4 5 4 3 4 3 0 0 3 4 4 0 6 3 3 2 4 3 3 1 2 1 0 1 5 2 5 2 6 0 2 3 1 3 5 5 4 4 0 3 5 2 0 0 1 1 3 4 4 3 4 4 2 4 1 4 5 2 1 2 3 1 5 2 4 1 2 4 2 2 4 2 3 5 4 3 1 0 5 1 0 1 4 2 3 4 1 6 0 2 3 3 4 3 6 2 5 1 6 5 2 4 5 4 3 1 0 1 2 5 1 1 3 5 5 1 5 2 2 1 3 4 0 4 5 1 2 5 1 4 3 4 2 1 0 1 
4 4 4 4 4 4 4 4 4 4 1 4 3 0 3 1 2 1 4 1 1 3 2 3 2 1 2 0 1 3 1 1 1 2 2 3 3 2 2 2 1 2 1 3 2 2 4 3 1 0 2 2 2 2 1 0 1 2 3 1 3 0 4 2 1 1 2 2 3 3 2 3 1 2 3 1 2 2 1 2 2 2 3 1 3 2 0 2 2 2 3 1 1 2 2 2 3 3 3 2 2 2 2 2 2 2 3 3 3 2 1 2 3 2 2 0 2 0 1 2 0 4 2 2 2 3 2 2 4 1 3 1 4 3 3 2 3 3 3 1 1 0 2 3 1 2 2 3 3 0 3 1 1 1 2 3 2 2 3 0 1 4 0 2 2 2 0 1 1 2 
2 2 2 5 2 2 5 5 5 2 1 5 4 2 4 2 3 1 5 1 1 6 2 5 3 3 3 2 2 3 1 2 2 4 4 5 5 4 3 4 1 3 3 2 4 2 5 0 1 2 5 5 4 1 3 2 1 3 5 3 3 2 4 3 2 2 4 4 5 4 2 2 1 1 4 2 3 2 1 4 2 4 3 2 1 2 1 3 4 2 5 0 3 4 0 4 4 1 4 4 4 3 0 4 3 4 1 5 5 4 3 3 5 2 2 2 5 1 1 3 2 5 3 4 0 1 3 0 5 3 5 3 4 5 1 5 4 2 1 3 2 2 0 3 3 1 4 4 4 2 4 3 1 3 4 4 2 2 3 2 2 6 1 5 4 2 2 3 2 1 
5 5 5 7 5 5 7 7 7 5 2 2 1 4 1 4 5 4 1 3 4 4 1 3 5 5 5 3 4 0 4 5 1 5 2 3 4 4 1 2 4 5 1 1 2 5 1 4 2 2 4 4 4 5 4 3 4 6 2 4 0 2 1 6 2 2 5 4 1 1 1 1 4 2 1 2 5 5 3 6 1 2 0 1 2 0 2 1 5 1 2 3 5 4 3 5 0 4 2 6 5 0 3 5 1 5 4 2 3 4 4 5 4 5 5 4 4 2 2 1 3 1 6 5 3 4 2 4 1 3 2 4 1 3 5 4 1 1 3 4 5 3 3 0 5 5 4 2 1 3 0 4 2 5 3 1 5 0 0 3 2 4 3 4 4 0 2 5 5 5 
6 6 6 2 6 6 2 2 2 6 3 5 4 1 4 1 1 2 6 2 2 3 4 4 0 0 1 1 1 4 2 1 3 1 3 4 3 1 3 2 2 1 3 5 3 2 6 4 3 2 2 2 1 2 0 1 2 1 5 1 5 2 5 2 3 2 0 1 5 5 4 5 2 4 4 3 2 2 2 0 4 3 4 3 5 4 2 3 0 4 5 3 0 1 4 0 5 4 4 1 0 4 4 0 3 1 4 5 3 1 0 1 3 2 2 1 2 2 3 4 1 5 1 0 4 5 3 4 6 1 4 0 6 4 4 2 5 5 4 1 1 1 3 5 0 3 1 4 4 1 5 0 3 0 2 4 2 4 5 1 3 4 1 2 1 4 2 0 2 3 
3 3 3 3 3 3 3 3 3 3 2 6 5 2 5 2 2 0 6 1 0 6 3 6 2 2 2 2 1 4 1 1 3 4 4 6 5 4 4 4 1 1 4 4 5 1 6 2 2 3 5 4 4 0 3 2 1 2 6 3 5 3 6 1 3 3 3 4 6 5 3 4 1 3 5 2 1 0 1 3 4 4 4 3 3 4 2 4 3 4 6 1 3 4 2 3 5 1 5 2 3 4 2 3 4 4 2 6 5 4 2 1 6 0 1 1 5 2 3 4 2 6 2 3 2 2 4 1 6 3 6 3 6 6 1 5 5 4 2 2 1 2 1 5 3 0 4 5 5 2 5 3 2 2 4 5 1 4 5 2 3 6 1 5 4 4 2 2 0 0 
7 7 7 4 7 7 4 4 4 7 4 4 3 2 3 2 3 4 5 3 4 1 4 2 2 2 3 2 3 4 4 3 3 0 1 2 1 0 3 1 3 3 3 5 2 3 5 5 4 2 0 0 0 4 1 2 3 3 4 1 4 2 4 3 3 2 1 0 4 4 4 5 3 5 3 3 4 4 3 2 3 2 4 3 5 4 3 3 2 4 3 4 1 0 5 2 4 5 3 3 1 4 5 1 3 1 6 3 1 0 1 3 1 4 4 3 1 3 4 3 2 4 3 1 5 6 2 5 5 1 3 1 5 2 5 0 4 5 5 1 3 2 4 4 1 4 0 3 3 2 5 1 3 2 1 3 4 4 4 2 3 2 3 1 0 4 2 2 4 4 
6 6 6 7 6 6 7 7 7 6 3 0 0 3 0 4 5 5 2 4 5 2 3 1 5 4 5 3 4 2 4 4 2 3 1 1 2 2 1 1 4 5 1 3 1 5 1 5 3 2 2 2 2 5 3 3 4 5 0 3 2 2 1 5 2 2 4 3 1 1 2 3 4 4 0 2 5 5 4 5 2 1 2 2 4 2 3 1 5 2 0 4 4 3 5 4 1 5 0 5 4 2 4 4 1 4 6 0 1 2 3 5 2 6 5 4 2 3 3 1 3 1 5 4 4 6 0 5 2 2 0 3 2 1 6 2 1 3 5 3 5 3 4 2 4 5 3 0 0 3 2 3 3 4 1 0 5 2 2 3 2 2 4 2 3 2 2 4 5 5 
6 6 6 7 6 6 7 7 7 6 3 0 0 4 0 4 5 5 1 4 5 3 2 2 5 5 5 3 4 1 4 5 2 4 1 1 3 3 1 2 5 5 1 3 1 5 1 5 3 2 3 3 3 5 4 3 4 6 0 3 1 2 0 6 2 2 4 3 0 0 2 3 5 3 0 2 6 6 4 5 2 1 1 2 4 2 3 1 5 2 0 4 4 4 5 5 0 5 0 6 5 1 4 5 1 4 6 0 2 3 4 6 3 6 6 4 2 3 2 1 3 1 6 4 4 5 1 5 1 3 0 4 1 1 6 3 0 3 4 3 5 3 4 1 4 5 3 0 0 3 1 4 3 4 2 0 6 2 1 3 2 3 4 2 4 2 3 4 5 6 
4 4 4 4 4 4 4 4 4 4 2 4 3 0 3 1 2 1 4 1 1 3 2 3 2 1 2 0 1 3 1 1 1 2 2 4 3 2 2 2 1 2 2 3 2 1 4 3 1 0 3 2 2 2 1 0 1 2 4 1 3 0 4 2 1 1 1 2 4 3 2 3 1 2 3 1 2 2 1 2 2 2 3 1 3 2 0 2 2 2 4 1 1 2 2 2 4 3 3 2 2 2 2 2 2 2 3 4 3 2 1 2 3 2 2 0 2 0 1 2 0 4 2 2 2 3 2 2 5 1 3 1 4 3 3 2 3 3 3 1 1 0 2 3 1 2 2 3 3 0 4 1 1 1 2 3 2 3 3 0 1 4 0 2 2 2 0 1 1 2 
5 5 5 8 5 5 8 8 8 5 2 2 1 4 2 5 6 4 1 4 5 5 2 4 6 5 6 4 5 0 4 5 2 5 3 3 5 4 2 3 5 6 2 1 3 5 1 4 2 3 4 5 4 5 5 4 4 6 2 4 0 3 1 6 2 2 5 5 1 1 1 1 5 2 2 2 6 6 4 6 1 2 0 2 2 1 3 1 6 1 2 4 5 5 4 6 1 5 2 6 5 1 3 5 2 5 5 2 4 4 4 6 5 6 6 4 4 3 2 1 4 1 6 5 3 4 2 4 1 4 2 4 0 3 5 4 1 1 3 4 5 3 4 0 5 5 5 2 1 4 0 5 2 5 4 2 6 1 0 4 2 5 4 4 5 1 3 5 5 5 
6 6 6 3 6 6 3 3 3 6 3 4 4 1 4 1 1 3 5 2 2 3 4 3 1 1 1 1 1 4 2 1 3 1 2 4 2 1 3 2 2 1 3 4 3 2 5 4 3 2 2 1 1 3 0 1 2 2 4 0 4 2 5 2 2 2 0 1 4 4 4 4 2 4 4 2 2 2 2 1 3 2 4 3 5 4 2 3 1 4 4 3 0 0 4 0 5 4 3 2 0 4 4 0 3 0 5 4 3 1 0 2 3 3 2 1 2 2 3 4 1 5 2 0 4 5 3 4 6 1 4 0 5 3 4 2 4 4 4 0 2 1 3 4 0 3 1 3 4 1 5 0 3 0 2 3 2 4 4 1 2 3 1 2 1 4 2 0 2 3 
3 3 3 5 3 3 5 5 5 3 0 3 2 1 3 2 3 1 4 1 2 4 1 4 3 2 3 1 2 2 1 2 0 3 2 4 4 3 2 2 2 3 1 1 3 2 4 2 0 1 3 3 3 2 2 1 1 3 3 2 2 1 3 3 0 1 3 3 3 3 1 1 2 1 2 0 3 3 1 3 1 2 2 0 1 1 0 2 3 1 3 1 3 3 1 3 3 2 2 4 3 1 1 3 1 3 3 3 3 3 2 3 4 3 3 1 3 0 0 2 1 3 3 3 1 2 2 2 4 2 3 2 3 4 2 3 3 1 2 2 2 1 1 2 3 2 3 3 3 1 2 3 0 2 3 2 3 1 2 1 0 4 1 3 3 1 0 2 2 2 
5 5 5 2 5 5 2 2 2 5 3 5 4 0 4 0 0 2 6 2 1 3 3 4 0 0 0 1 0 4 2 0 3 2 3 4 3 2 3 2 1 1 3 4 3 1 6 4 3 2 3 2 2 2 0 1 1 1 5 1 4 2 5 1 2 2 0 2 5 5 3 4 1 4 4 2 1 2 2 1 3 3 4 3 4 4 2 3 0 4 5 2 0 1 3 0 5 3 4 1 0 4 3 1 3 1 4 5 3 2 0 1 3 2 1 1 3 2 3 4 1 5 1 1 3 4 3 3 6 1 4 0 5 4 3 2 5 4 4 0 1 1 3 5 0 2 2 4 4 1 5 0 2 0 2 4 1 4 4 1 2 4 1 3 1 4 2 0 1 2 
7 7 7 5 7 7 5 5 5 7 3 2 2 2 2 3 3 4 3 3 4 1 3 1 3 3 3 2 3 3 3 3 2 1 0 1 1 0 1 0 3 3 2 4 0 4 3 5 3 1 0 0 0 4 2 2 3 4 2 1 3 2 3 4 2 1 2 1 3 3 3 4 3 4 2 2 4 4 3 3 2 1 3 3 4 3 2 2 3 3 2 4 2 1 4 2 3 5 1 4 2 3 4 2 2 2 5 2 1 0 1 4 1 4 4 2 0 2 3 2 2 3 4 2 4 5 1 5 4 1 2 2 4 1 5 0 3 4 5 1 3 2 4 3 2 4 1 1 2 2 4 2 3 2 0 2 4 3 3 2 2 1 3 0 1 3 2 2 4 5 
6 6 6 7 6 6 7 7 7 6 3 1 0 3 0 4 5 4 1 4 4 3 2 2 4 4 5 3 4 1 4 4 2 3 1 1 3 2 0 1 4 5 1 2 1 5 1 4 3 2 2 3 3 5 3 3 4 5 0 3 1 2 1 5 2 1 4 3 0 0 2 3 4 3 0 2 5 5 3 5 1 1 1 2 3 1 2 0 5 2 0 4 4 3 4 4 1 5 0 5 4 1 4 4 0 4 5 0 2 2 3 5 3 5 5 3 2 2 2 0 3 1 5 4 4 5 0 4 2 2 0 3 1 1 5 2 0 3 4 3 4 3 4 1 4 5 3 0 0 3 2 3 2 4 2 0 5 2 1 3 2 3 3 2 3 1 2 4 4 5 
4 4 4 2 4 4 2 2 2 4 3 6 5 2 5 1 1 1 7 1 1 5 4 6 1 1 1 2 1 5 1 1 4 3 4 6 5 3 5 4 1 0 4 5 5 0 7 3 3 3 5 4 4 1 2 2 1 1 6 2 5 3 6 0 3 4 2 3 6 6 4 5 1 4 5 3 0 0 2 2 4 4 5 4 4 5 3 5 2 4 6 2 2 3 3 2 6 2 5 1 2 5 3 2 4 3 3 6 5 4 2 0 5 0 0 1 5 3 3 5 2 7 1 3 3 3 5 3 7 3 6 2 6 6 2 4 6 5 4 2 0 2 2 5 2 1 4 5 6 2 6 2 3 1 4 5 0 5 5 2 3 6 2 5 3 5 3 1 0 1 
4 4 4 7 4 4 7 7 7 4 1 3 2 3 2 4 5 3 2 3 4 5 0 4 5 4 5 3 4 0 3 4 1 5 3 4 5 4 2 3 3 5 1 0 3 4 2 3 1 2 4 4 4 4 4 3 3 5 2 3 1 2 2 5 1 2 4 4 2 2 0 0 4 1 2 1 5 4 2 5 0 2 0 1 1 0 2 1 5 0 2 3 4 4 3 5 1 3 2 5 5 0 2 5 1 5 4 2 4 4 4 5 4 5 5 3 4 2 1 1 3 2 5 5 2 3 2 3 2 3 2 4 1 4 4 4 2 0 2 3 4 2 2 0 4 4 4 2 2 3 1 4 1 4 3 2 5 0 0 3 1 5 3 4 4 0 2 4 4 4 
5 5 5 7 5 5 7 7 7 5 2 2 1 4 1 4 5 4 1 3 4 4 1 3 5 5 5 3 4 0 4 5 1 5 2 3 4 4 1 2 4 5 1 1 3 5 1 4 2 2 4 4 4 5 4 3 4 6 2 4 0 2 1 5 2 2 5 4 1 1 1 1 4 2 1 2 5 5 3 6 1 2 0 1 2 0 2 1 5 0 2 3 5 4 3 5 1 4 2 6 5 0 3 5 1 5 4 2 3 4 4 5 4 5 5 3 4 2 1 1 3 1 6 5 3 4 2 4 1 3 2 4 1 3 5 4 1 1 3 4 5 3 3 0 5 5 4 2 1 3 0 4 2 4 3 1 5 0 0 3 2 4 3 4 4 0 2 5 4 5 
5 5 5 4 5 5 4 4 4 5 2 4 3 0 3 1 1 1 5 1 1 3 2 3 1 1 2 0 0 3 1 1 1 2 2 4 3 1 2 2 1 1 2 3 2 1 4 3 2 1 2 2 2 2 1 0 1 2 4 0 3 0 4 2 1 1 1 2 4 4 2 3 1 2 3 1 2 2 1 2 2 2 3 2 3 3 1 2 2 2 4 2 1 1 3 2 4 3 3 2 1 2 2 1 2 2 3 4 3 1 0 2 3 2 2 0 2 1 2 3 0 4 2 2 2 3 2 3 5 1 3 1 4 3 3 2 4 3 3 0 1 0 2 3 1 2 2 3 3 0 4 1 1 1 2 3 2 3 3 0 1 4 0 2 2 3 1 1 1 2 
4 4 4 5 4 4 5 5 5 4 1 3 2 1 2 2 3 2 3 1 2 4 1 3 3 2 3 1 2 1 2 2 0 3 2 3 3 2 1 2 2 3 1 1 2 2 3 2 1 0 3 3 2 3 2 1 2 3 3 2 2 0 3 3 0 0 3 3 3 2 1 2 2 1 2 0 3 3 1 3 1 2 1 0 2 1 0 1 3 1 3 2 2 2 2 3 2 3 2 4 3 1 2 3 1 3 3 3 3 2 2 3 3 3 3 1 3 0 0 1 1 3 3 3 2 3 1 2 3 1 3 2 3 3 3 3 2 2 2 2 2 1 2 2 3 3 3 2 2 1 2 2 0 2 2 2 3 1 2 1 0 4 1 3 3 1 0 2 2 3 
8 8 8 6 8 8 6 6 6 8 5 2 3 4 3 4 5 6 4 5 5 0 5 0 4 4 5 4 5 4 5 5 4 2 2 1 1 2 3 2 5 5 3 5 1 5 4 7 5 3 1 1 2 6 3 4 5 5 3 3 4 3 3 6 4 3 4 2 3 3 4 5 5 6 3 4 6 6 5 5 4 2 4 4 6 4 4 3 4 4 2 6 4 2 6 4 4 7 2 5 4 4 6 4 3 3 7 2 0 2 3 5 0 6 6 4 1 4 4 3 4 3 5 3 6 7 2 7 4 3 2 3 4 1 7 1 3 5 7 3 5 4 6 4 4 6 2 2 3 4 5 3 4 4 1 3 6 5 4 4 4 0 4 1 2 4 4 4 6 6 
4 4 4 3 4 4 3 3 3 4 1 4 3 0 3 1 1 1 5 0 1 4 2 4 2 1 2 0 0 3 0 1 2 3 3 4 4 2 3 2 0 1 2 3 3 1 5 2 1 1 3 3 2 1 1 0 0 2 4 1 3 1 4 2 1 2 2 2 4 4 2 3 0 2 3 1 2 1 0 2 2 3 3 2 3 3 1 3 2 3 4 1 1 2 2 2 4 2 3 2 2 3 2 2 2 2 3 4 4 2 1 1 4 2 1 0 3 1 2 3 0 5 2 2 2 3 3 2 5 1 4 1 4 4 2 3 4 3 3 1 1 0 1 3 1 1 3 4 4 0 4 1 1 1 3 3 2 3 3 0 1 4 0 3 2 3 1 1 1 2 
7 7 7 5 7 7 5 5 5 7 4 2 2 2 2 3 3 4 4 4 4 0 4 1 3 3 3 3 3 3 4 3 3 1 1 1 0 1 2 1 4 4 2 4 1 4 4 5 4 2 0 0 1 5 2 3 4 4 3 2 3 2 3 4 3 2 2 1 3 3 3 5 4 4 2 3 4 5 4 3 3 1 3 3 5 4 3 2 3 3 2 4 2 1 5 3 3 5 2 4 2 3 5 2 2 2 6 2 0 1 2 4 0 5 4 3 0 3 3 3 3 3 4 2 5 6 1 5 4 1 2 2 4 1 6 0 3 4 5 2 4 2 5 4 2 5 1 2 2 2 4 2 3 3 0 2 5 4 4 2 3 1 3 0 1 4 2 3 4 5 
7 7 7 4 7 7 4 4 4 7 4 4 3 1 3 2 2 3 5 3 3 2 4 2 2 2 2 2 2 4 3 2 3 0 2 3 1 0 3 1 3 3 3 5 2 3 5 5 4 2 1 0 0 4 1 2 3 3 4 1 4 2 4 3 3 2 1 0 4 4 4 5 3 4 3 3 3 4 3 2 3 2 4 3 5 4 3 3 2 4 4 4 1 0 5 1 4 5 3 3 1 4 4 1 3 0 5 4 2 0 1 3 2 4 3 2 1 3 3 3 2 5 3 0 5 6 2 5 5 1 3 1 5 2 5 1 4 5 5 1 3 2 4 4 1 4 0 3 4 2 5 1 3 1 1 3 3 4 4 2 3 2 2 1 0 4 2 1 3 4 
4 4 4 7 4 4 7 7 7 4 1 2 1 3 2 4 5 3 2 3 3 4 0 3 5 4 5 3 3 0 3 4 1 4 2 3 4 3 1 2 3 4 1 0 3 4 2 3 1 2 4 4 4 4 4 2 3 5 2 3 0 2 2 5 1 1 4 4 2 1 0 1 3 1 2 1 5 4 2 5 0 2 0 1 1 0 2 1 5 0 2 3 4 4 3 5 1 4 2 5 4 0 2 4 1 4 4 2 3 3 3 5 4 5 5 3 3 2 1 1 2 2 5 4 2 3 2 3 2 3 2 3 1 3 4 4 1 1 2 3 4 2 2 0 4 4 4 2 2 2 1 4 1 4 3 1 5 0 0 3 1 4 3 4 4 0 2 4 4 4 
4 4 4 5 4 4 5 5 5 4 1 3 2 1 2 2 2 2 4 1 2 3 1 3 2 2 3 0 1 2 1 2 0 2 2 3 3 2 1 1 2 2 1 2 2 2 4 3 1 0 2 2 2 2 2 0 1 3 3 1 2 0 3 3 0 0 2 2 3 3 1 2 2 2 2 0 3 3 1 3 1 1 2 1 2 2 0 1 3 1 3 2 2 2 2 3 3 3 2 3 2 1 2 2 1 3 3 3 3 2 1 3 3 3 3 1 2 0 1 2 0 3 3 2 2 3 1 2 4 1 3 1 3 3 3 2 3 2 2 1 2 0 2 2 2 2 2 2 3 0 3 2 0 2 2 2 3 2 2 1 0 4 1 2 2 2 0 2 2 3 
5 5 5 2 5 5 2 2 2 5 3 5 4 1 4 0 0 2 6 2 2 3 3 4 0 0 0 1 0 4 2 0 3 2 3 4 3 2 3 2 1 1 3 4 3 1 6 4 3 2 3 2 2 2 0 1 1 1 5 1 4 2 5 1 2 2 0 2 5 5 3 4 1 4 4 2 1 2 2 1 3 3 4 3 4 4 2 3 0 4 5 2 0 1 3 0 5 3 4 1 0 4 3 0 3 1 4 5 3 2 0 1 3 2 1 1 3 2 3 4 1 5 1 1 3 4 3 3 6 1 4 0 5 4 3 2 5 4 4 0 1 1 3 5 0 2 2 4 4 1 5 0 2 0 2 4 1 4 5 1 2 4 1 3 1 4 2 0 1 2 
4 4 4 3 4 4 3 3 3 4 2 6 5 1 5 1 1 0 6 1 0 5 3 5 2 1 1 1 0 4 0 0 3 3 4 5 5 3 4 3 0 1 3 4 4 0 6 2 2 2 4 4 3 0 2 1 0 1 5 2 5 2 5 1 2 3 2 3 5 5 3 4 0 3 5 2 1 0 1 2 3 4 4 3 3 4 2 4 2 4 5 1 2 3 2 2 5 2 5 1 2 4 2 2 4 3 2 5 5 3 2 1 5 0 0 1 4 2 3 4 1 6 1 3 2 3 4 2 6 2 5 2 6 5 1 4 5 4 3 2 0 1 2 5 2 0 4 5 5 1 5 2 2 1 4 4 0 4 4 1 2 6 1 4 3 4 2 1 0 0 
3 3 3 3 3 3 3 3 3 3 2 6 5 2 5 2 2 1 7 1 0 6 3 6 2 2 2 2 1 5 1 1 3 4 5 6 5 4 4 4 1 1 4 4 5 1 7 2 2 3 5 5 4 0 3 2 1 2 6 3 5 3 6 1 3 3 3 4 6 6 4 4 1 3 5 3 1 0 1 3 4 5 5 3 3 4 2 4 3 4 6 1 3 4 2 3 6 1 5 2 3 4 2 3 4 4 2 6 6 4 3 1 6 0 1 2 5 2 3 5 2 6 2 4 2 2 5 2 7 3 6 3 6 6 1 5 6 4 2 3 1 2 1 5 3 0 4 5 6 2 5 3 2 2 5 5 1 4 5 2 3 6 2 5 4 4 3 2 0 0 
