160 8319.8 0 1680 1 1680
7.46 58.11 72.57 8.97 25.8 47.93 68.14 59.78 92.95 41.0 37.32 69.73 36.66 81.83 85.33 69.38 47.52 68.46 15.97 2.28 70.06 97.95 65.5 76.16 69.49 24.83 93.42 52.89 79.75 27.76 1.67 2.25 2.47 97.65 6.96 94.79 73.84 9.03 40.24 90.5 9.93 29.17 42.89 60.4 51.81 27.59 58.65 27.21 83.66 58.07 42.33 74.69 59.22 1.41 35.02 96.16 96.4 24.2 75.52 79.94 64.17 14.88 2.81 15.8 72.67 50.62 68.4 50.87 92.89 53.18 46.39 53.16 57.93 4.63 42.44 9.1 57.97 46.77 65.52 64.01 26.27 20.67 64.58 70.01 73.24 26.33 28.37 16.48 65.35 57.97 24.52 34.73 79.34 47.66 15.87 4.77 81.37 96.49 47.79 58.75 58.23 95.64 79.09 24.44 39.22 98.78 97.86 40.93 36.05 30.53 84.48 37.48 40.28 31.19 61.9 48.87 96.78 26.97 59.09 6.19 14.49 48.29 28.02 36.69 36.08 39.14 82.4 65.27 38.08 69.58 27.21 60.11 95.96 62.42 2.09 29.69 92.32 79.55 5.23 6.78 48.21 14.7 42.82 96.85 80.74 29.04 43.07 90.57 87.21 41.97 81.63 35.99 62.57 93.09 83.04 24.29 16.9 95.42 75.71 53.63 
50.47 26.01 41.77 31.85 55.97 38.02 20.27 80.8 64.38 89.4 28.53 42.02 47.42 66.77 40.93 80.49 11.09 62.35 31.82 54.3 39.73 16.66 11.16 72.23 52.12 80.79 21.99 56.04 29.74 77.53 74.61 41.2 33.82 14.29 52.36 35.71 17.74 50.65 62.35 82.54 13.77 36.29 78.61 77.26 70.88 73.98 29.59 46.38 64.15 83.83 20.93 49.86 12.41 32.02 53.8 61.42 81.02 30.52 53.48 68.23 65.01 55.55 44.38 60.17 39.11 64.5 42.22 58.63 42.87 33.7 59.06 70.15 87.98 51.67 13.17 52.38 59.7 48.05 66.32 44.93 76.7 36.42 67.32 25.36 67.05 72.46 79.95 34.94 55.52 17.85 38.38 67.88 84.09 52.35 83.57 82.78 72.44 43.54 24.69 13.73 17.24 33.68 74.46 22.55 15.26 82.81 51.0 53.08 52.85 60.11 28.84 42.87 21.18 25.47 84.86 73.59 40.87 61.81 30.87 47.64 56.4 62.87 79.23 20.46 61.92 82.12 45.33 21.58 51.36 58.41 29.02 11.15 72.2 49.62 39.19 27.13 77.45 56.37 75.24 89.44 54.42 43.11 37.21 30.78 20.36 65.82 79.6 59.4 60.33 50.72 67.52 53.55 31.44 12.54 16.41 77.24 78.39 70.53 26.55 19.28 
1 6 7 1 3 5 7 6 9 4 4 7 4 8 8 7 5 7 2 1 7 9 6 7 7 3 9 5 8 3 1 1 1 9 1 9 7 1 4 9 1 3 4 6 5 3 6 3 8 6 4 7 6 1 4 9 9 3 7 8 6 2 1 2 7 5 7 5 9 5 5 5 6 1 4 1 6 5 6 6 3 2 6 7 7 3 3 2 6 6 3 4 8 5 2 1 8 9 5 6 6 9 8 3 4 9 9 4 4 3 8 4 4 3 6 5 9 3 6 1 2 5 3 4 4 4 8 6 4 7 3 6 9 6 1 3 9 8 1 1 5 2 4 9 8 3 4 9 8 4 8 4 6 9 8 3 2 9 7 5 
1 2 3 4 5 6 7 8 9 10 11 12 13 14 15 16 17 18 19 20 21 22 23 24 25 26 27 28 29 30 31 32 33 34 35 36 37 38 39 40 41 42 43 44 45 46 47 48 49 50 51 52 53 54 55 56 57 58 59 60 61 62 63 64 65 66 67 68 69 70 71 72 73 74 75 76 77 78 79 80 81 82 83 84 85 86 87 88 89 90 91 92 93 94 95 96 97 98 99 100 101 102 103 104 105 106 107 108 109 110 111 112 113 114 115 116 117 118 119 120 121 122 123 124 125 126 127 128 129 130 131 132 133 134 135 136 137 138 139 140 141 142 143 144 145 146 147 148 149 150 151 152 153 154 155 156 157 158 159 160 
2 1 1 2 1 3 1 1 1 1 1 1 1 3 3 1 3 1 3 2 1 1 1 1 1 1 1 3 3 1 2 2 2 1 2 1 1 2 1 1 2 1 1 1 3 1 1 1 3 1 1 1 1 2 1 1 1 1 1 3 1 3 2 3 1 3 1 3 1 3 3 3 1 2 1 2 1 3 1 1 1 3 1 1 1 1 1 3 1 1 1 1 3 3 3 2 3 1 3 1 1 1 3 1 1 1 1 1 1 1 3 1 1 1 1 3 1 1 1 2 3 3 1 1 1 1 3 1 1 1 1 1 1 1 2 1 1 3 2 2 3 3 1 1 3 1 1 1 3 1 3 1 1 1 3 1 3 1 1 3 
2 3 1 2 1 1 1 3 3 1 1 1 1 1 1 1 1 1 2 2 1 3 3 1 1 1 3 1 1 1 2 2 2 3 2 3 1 2 1 3 2 1 1 3 1 1 3 1 1 3 1 1 3 2 1 3 3 1 1 1 3 2 2 2 1 1 1 1 3 1 1 1 3 2 1 2 3 1 3 3 1 2 3 1 1 1 1 2 3 3 1 1 1 1 2 2 1 3 1 3 3 3 1 1 1 3 3 1 1 1 1 1 1 1 3 1 3 1 3 2 2 1 1 1 1 1 1 3 1 1 1 3 3 3 2 1 3 1 2 2 1 2 1 3 1 1 1 3 1 1 1 1 3 3 1 1 2 3 1 1 
9 8 9 7 3 8 5 10 6 5 3 7 4 1 4 2 2 10 5 6 10 2 4 6 5 6 2 6 4 9 5 2 1 1 10 5 10 3 3 3 7 1 9 7 2 1 7 8 5 2 10 2 6 3 8 5 7 4 2 10 3 9 7 2 2 5 8 7 10 4 3 9 1 8 2 10 7 4 10 3 4 3 7 6 10 5 4 1 2 10 6 9 2 2 9 9 7 9 6 8 2 4 3 5 10 6 4 5 4 10 1 2 7 5 2 8 5 1 8 1 3 4 9 5 2 3 7 3 9 7 4 10 7 10 3 1 6 7 8 5 7 5 6 9 1 8 3 6 8 10 9 1 3 3 4 8 2 4 9 4 
4183.27 3913.81 4042.61 4379.54 3509.51 3873.52 3403.56 3496.68 4577.75 3478.59 3221.33 4285.14 3887.24 4149.9 4208.92 3905.59 4219.34 3663.27 3592.5 4488.11 3852.04 3766.55 4799.24 4758.54 3556.72 4150.05 3930.74 4595.56 4067.68 3957.5 3755.62 4160.08 4162.91 4082.76 3737.0 3398.16 3509.45 3331.06 3387.32 3344.91 4302.81 4016.9 3812.89 4030.18 4307.96 4038.16 4099.43 4122.47 3420.88 4052.66 3493.85 4080.91 4183.65 3424.7 3919.67 3366.22 4126.2 4933.58 4360.31 3850.7 3539.66 4451.91 4145.61 4021.55 4356.97 3716.17 3794.89 4311.18 3384.71 4355.23 3506.53 4718.29 3836.45 4078.17 3789.84 4144.45 4048.2 4013.06 3208.68 3275.65 4146.63 3436.34 4483.98 4270.39 4011.49 3685.23 4720.93 3815.86 4240.76 3132.48 4500.08 4089.28 3715.48 4499.18 3841.76 4101.32 3979.33 4022.8 4235.08 3855.0 4511.05 3931.41 3260.13 3687.66 3511.92 4594.35 4409.53 3504.2 4112.06 3300.64 3909.41 4171.71 3898.48 3368.1 4193.82 3959.24 3417.76 3913.03 4102.92 3941.37 3338.59 4397.45 3963.56 3541.3 3686.66 3324.95 3837.34 3457.21 3941.54 3904.41 3840.67 3971.43 3972.88 4054.32 3382.47 4151.49 4310.48 4089.46 4112.61 3670.95 4431.11 3699.16 4398.56 4706.32 4201.2 4050.35 3571.37 4547.86 4090.11 4264.05 3961.14 3807.34 3400.91 3323.56 4969.16 3860.44 4311.55 4803.71 4065.95 4774.7 
0.4 0.8 0.29 0.22 0.47 0.69 0.65 0.88 0.37 0.6 0.51 0.38 0.09 0.65 0.11 0.46 0.51 0.9 0.61 0.32 0.82 0.68 0.06 0.41 0.69 0.43 0.55 0.4 0.11 0.33 0.53 0.64 0.29 0.65 0.85 0.75 0.89 0.51 0.49 0.5 0.31 0.68 0.45 0.38 0.53 0.35 0.17 0.7 0.84 0.77 0.76 0.62 0.31 0.5 0.83 0.58 0.42 0.12 0.69 0.9 0.51 0.51 0.43 0.67 0.78 0.58 0.71 0.18 0.9 0.1 0.51 0.31 0.38 0.68 0.75 0.84 0.37 0.13 0.79 0.5 0.06 0.47 0.42 0.27 0.76 0.82 0.1 0.42 0.69 0.7 0.34 0.27 0.53 0.48 0.51 0.31 0.26 0.5 0.31 0.68 0.59 0.12 0.48 0.84 0.87 0.38 0.09 0.76 0.06 0.9 0.5 0.58 0.29 0.67 0.47 0.83 0.72 0.4 0.79 0.62 0.48 0.07 0.32 0.64 0.47 0.47 0.17 0.5 0.25 0.47 0.1 0.89 0.3 0.84 0.51 0.72 0.39 0.2 0.69 0.59 0.36 0.84 0.35 0.41 0.71 0.79 0.49 0.24 0.75 0.73 0.27 0.31 0.49 0.49 0.1 0.79 0.67 0.08 0.49 0.08 
0.52 0.63 1.0 0.51 0.51 0.56 1.0 0.58 1.0 0.53 0.73 1.0 0.66 0.84 0.67 1.0 0.63 0.61 0.65 0.79 0.56 1.0 1.0 0.8 0.58 0.73 0.73 0.51 0.61 1.0 0.9 0.73 0.78 0.54 0.8 0.66 1.0 0.82 1.0 0.83 1.0 1.0 0.68 0.9 0.99 0.71 0.84 0.77 0.89 0.9 0.76 0.52 0.58 0.81 1.0 0.93 1.0 0.8 0.52 0.9 0.88 0.93 0.51 0.83 0.56 0.66 0.52 0.94 0.82 0.78 0.53 1.0 1.0 0.55 0.82 0.58 0.86 0.82 0.76 0.6 1.0 0.93 1.0 1.0 0.93 1.0 0.75 0.99 1.0 0.8 0.58 1.0 1.0 0.76 0.76 0.74 0.73 0.89 0.95 1.0 0.79 0.56 0.88 0.75 0.55 0.77 0.96 0.51 0.93 0.58 0.99 0.72 0.72 0.75 0.99 0.81 0.95 0.61 1.0 0.65 0.98 0.76 0.97 0.82 0.86 0.79 0.73 0.6 0.89 0.95 0.81 1.0 0.95 1.0 0.81 0.69 0.64 0.59 0.86 0.92 0.89 0.56 1.0 0.94 0.82 0.71 0.85 0.83 0.86 1.0 0.56 0.5 0.58 0.54 0.58 0.77 0.71 0.94 0.89 0.67 
0.96 0.58 0.97 0.97 0.6 1.0 1.0 0.51 0.51 0.53 0.9 0.87 0.81 0.88 0.73 1.0 0.82 1.0 0.84 0.71 1.0 0.9 0.99 0.61 0.8 0.55 0.85 0.55 0.88 0.59 1.0 1.0 1.0 1.0 0.91 0.51 0.71 0.54 0.67 0.56 0.94 0.85 0.76 1.0 0.98 1.0 0.79 0.88 0.83 0.67 0.57 0.78 0.73 0.72 0.77 0.57 1.0 0.55 0.75 0.58 1.0 1.0 0.72 0.63 1.0 0.68 0.68 0.57 0.52 1.0 1.0 0.56 0.55 0.55 0.83 1.0 0.77 0.83 0.59 0.53 1.0 0.62 0.91 0.51 0.52 1.0 1.0 0.81 0.94 0.71 0.7 0.58 1.0 0.97 0.97 0.65 1.0 0.7 0.81 1.0 1.0 0.68 0.68 0.86 0.51 0.93 0.63 0.53 0.91 0.52 0.87 0.94 0.65 0.91 0.83 1.0 0.7 0.6 0.96 1.0 0.86 0.53 0.71 0.76 0.83 0.69 0.59 1.0 1.0 0.88 0.62 1.0 0.59 0.51 0.6 1.0 0.98 0.53 0.95 0.91 0.6 0.8 0.76 0.71 0.85 0.64 1.0 0.64 0.97 0.58 1.0 0.84 0.53 0.89 1.0 0.98 0.75 0.77 0.58 1.0 
0.63 1.0 1.0 1.0 0.73 1.0 0.65 1.0 0.75 0.76 0.84 0.77 0.83 0.54 0.52 0.63 1.0 0.96 0.72 0.94 1.0 0.54 0.72 0.72 0.74 0.61 0.92 0.99 0.5 0.96 0.8 0.87 0.85 0.91 0.87 0.94 0.59 1.0 0.59 0.8 0.51 0.68 0.9 0.72 0.65 0.55 0.69 0.87 1.0 0.86 0.85 1.0 0.56 0.99 0.7 1.0 0.98 0.61 0.88 0.74 1.0 0.63 0.78 0.89 0.98 0.72 0.68 1.0 0.68 0.5 0.51 0.99 0.68 0.65 0.83 0.6 0.87 0.6 0.83 0.88 0.76 1.0 0.9 0.64 0.54 0.89 0.53 0.66 0.99 0.94 1.0 0.94 0.96 0.56 0.73 0.52 0.9 0.84 0.92 0.6 0.6 1.0 0.74 0.6 1.0 0.88 0.78 1.0 1.0 0.67 0.96 0.72 0.97 0.51 0.58 0.68 0.89 1.0 0.61 1.0 0.55 0.8 0.8 0.87 0.64 1.0 0.52 0.52 0.87 0.86 0.7 0.91 0.89 0.78 0.68 0.88 0.71 0.55 0.58 0.79 0.61 1.0 0.74 0.55 0.56 0.65 0.67 0.81 0.78 1.0 0.54 0.68 0.85 0.71 0.67 0.77 0.79 0.52 0.65 0.95 
0.88 1.0 0.81 0.83 0.75 0.88 1.0 0.71 0.55 0.81 1.0 0.59 0.65 0.92 0.88 0.79 1.0 0.71 0.72 0.91 1.0 0.89 1.0 0.74 0.89 0.54 1.0 0.69 0.71 1.0 0.74 0.86 0.85 0.98 0.78 0.54 0.74 0.75 1.0 0.88 1.0 0.91 0.65 0.95 0.73 1.0 0.89 0.66 0.7 0.85 0.78 0.62 0.85 1.0 0.76 0.73 0.54 0.68 0.52 0.55 0.65 0.51 0.52 0.56 0.64 0.88 1.0 1.0 0.51 1.0 0.98 0.7 0.96 0.56 0.68 0.9 0.61 0.53 0.68 1.0 0.76 0.87 1.0 0.84 0.66 0.76 0.73 0.58 0.64 1.0 0.54 0.71 0.86 0.94 1.0 0.67 0.64 0.94 0.92 0.59 0.65 1.0 0.93 0.57 0.96 0.78 0.83 0.62 0.65 0.92 0.93 0.52 0.5 0.98 0.71 0.85 0.66 1.0 0.53 1.0 0.86 0.62 0.64 0.78 0.83 0.59 0.53 0.93 0.68 0.91 0.85 0.57 0.93 0.88 0.89 0.68 0.98 0.59 0.7 0.69 0.66 0.54 1.0 1.0 0.6 0.72 0.51 0.78 0.89 0.75 0.5 0.58 0.7 1.0 0.91 0.87 0.7 0.56 1.0 0.96 
1.0 0.65 1.0 0.56 0.86 0.59 0.85 0.99 0.97 0.94 0.86 0.77 0.63 0.51 0.72 0.96 0.61 1.0 1.0 0.68 0.59 0.97 0.62 0.9 1.0 0.82 0.67 1.0 0.85 0.63 0.52 0.63 0.63 0.77 0.66 0.6 1.0 0.55 0.61 0.94 0.53 0.61 0.7 0.82 0.56 0.6 0.68 0.96 0.55 0.95 0.58 0.58 0.88 0.85 1.0 0.93 0.82 0.88 1.0 0.57 0.56 1.0 1.0 0.68 0.76 0.98 0.94 1.0 0.7 1.0 0.72 0.89 0.75 0.96 0.95 0.98 0.93 0.56 0.79 1.0 0.8 0.59 0.93 0.82 0.71 1.0 0.62 0.72 0.6 0.6 0.89 1.0 0.99 0.71 0.9 0.97 0.61 1.0 0.95 0.53 0.51 0.85 0.69 1.0 1.0 0.63 0.85 0.87 1.0 0.79 0.84 0.65 0.77 0.71 0.65 0.7 1.0 0.57 0.68 0.52 0.8 0.96 1.0 0.94 0.89 0.9 0.51 0.55 0.79 1.0 0.8 0.65 0.81 0.62 0.55 0.57 1.0 0.67 0.79 0.95 0.94 0.6 1.0 0.53 1.0 0.81 0.69 1.0 0.98 0.61 0.5 1.0 0.74 0.52 1.0 0.68 0.78 0.57 0.69 1.0 
0.28 0.24 0.79 0.23 0.14 0.29 0.55 0.21 0.2 0.16 0.48 0.3 0.18 0.18 0.16 0.48 0.32 0.41 0.28 0.33 0.33 0.42 0.44 0.23 0.3 0.11 0.38 0.19 0.16 0.36 0.28 0.35 0.35 0.37 0.32 0.1 0.31 0.18 0.24 0.31 0.25 0.32 0.21 0.51 0.26 0.24 0.28 0.38 0.28 0.42 0.16 0.15 0.18 0.49 0.4 0.36 0.44 0.16 0.18 0.12 0.32 0.3 0.15 0.18 0.26 0.28 0.23 0.54 0.1 0.39 0.19 0.34 0.27 0.11 0.37 0.31 0.32 0.12 0.2 0.28 0.47 0.29 0.76 0.22 0.12 0.67 0.18 0.22 0.36 0.32 0.2 0.39 0.81 0.27 0.49 0.16 0.26 0.49 0.62 0.19 0.16 0.32 0.29 0.22 0.27 0.31 0.33 0.14 0.55 0.15 0.63 0.17 0.18 0.24 0.22 0.32 0.38 0.21 0.21 0.34 0.32 0.19 0.35 0.39 0.34 0.29 0.06 0.16 0.42 0.66 0.24 0.34 0.37 0.22 0.16 0.23 0.44 0.07 0.26 0.44 0.2 0.15 0.56 0.2 0.23 0.17 0.2 0.33 0.57 0.27 0.08 0.17 0.14 0.18 0.35 0.34 0.23 0.12 0.23 0.61 
651.17 1353.27 627.56 895.28 1552.69 1586.65 1674.72 873.92 465.86 1577.32 1532.15 986.37 890.27 1381.29 589.51 2418.53 2094.84 1070.7 1384.18 479.12 805.35 2119.01 736.48 484.64 1571.44 346.55 2874.33 372.85 546.27 694.87 1500.98 2422.74 1278.35 1459.37 1027.56 1828.14 821.0 1643.25 1314.4 1464.74 1158.21 1427.3 736.6 1017.05 2076.55 1096.26 1042.34 1577.88 1799.97 2657.99 787.13 2409.49 409.86 1159.3 1506.99 1572.38 1339.05 721.06 2194.31 879.99 1095.18 803.8 1276.96 2388.41 2314.92 1557.43 1469.5 903.28 856.66 697.85 1072.94 747.6 1264.1 1144.23 2393.44 893.57 1058.34 796.63 1017.57 1448.81 845.34 1206.38 1101.38 503.96 654.07 1728.21 520.98 1264.9 3145.96 810.45 467.78 597.52 2079.97 2476.79 793.88 709.13 935.88 827.3 497.41 1592.66 1988.67 786.7 1280.32 1779.97 838.23 484.99 825.31 1440.6 562.65 936.94 1517.47 2577.05 908.88 1567.4 2019.26 1818.82 1309.39 1509.9 1943.93 1437.6 1242.92 605.06 675.2 1504.83 1785.19 1403.73 966.6 1729.74 637.56 1213.26 791.68 935.51 1050.99 823.92 1360.31 1576.25 403.76 937.27 1366.22 1265.74 977.83 1603.08 369.37 702.75 1470.35 1506.08 1503.39 356.51 1612.62 853.46 671.27 1157.23 1235.74 1374.25 688.78 1605.1 2462.52 703.89 856.76 936.99 
192.45 406.77 501.94 195.09 201.55 488.39 827.72 199.25 94.88 308.44 683.94 328.76 176.19 242.34 93.15 1179.69 570.34 427.54 395.04 149.18 253.88 907.1 310.98 102.63 482.23 30.81 1206.65 73.44 92.45 256.32 388.86 835.08 495.83 528.04 373.22 175.33 257.88 320.0 319.18 467.12 301.86 412.77 137.28 509.56 523.01 279.31 277.01 624.15 582.27 1089.39 147.66 277.59 69.09 486.76 588.47 549.96 533.35 101.58 366.53 94.46 354.8 204.57 243.16 441.15 569.98 445.27 215.89 483.57 59.3 262.57 214.25 242.65 325.32 99.48 870.58 279.8 371.64 96.18 194.81 440.0 372.31 379.64 881.7 112.99 62.83 1241.56 86.16 243.61 1037.0 283.7 83.77 216.65 1677.77 713.62 376.06 110.6 288.32 384.29 308.82 268.58 254.8 278.88 350.46 331.9 234.59 147.91 317.44 203.05 313.24 156.87 1013.12 403.74 138.82 369.31 513.51 660.95 501.18 306.33 474.73 521.58 366.32 141.46 271.44 681.64 575.72 417.24 53.68 227.75 302.61 755.74 184.75 326.52 498.57 149.13 229.84 380.65 182.35 34.16 355.07 597.61 201.46 203.52 210.91 124.7 368.66 246.16 300.21 129.83 984.89 181.62 58.49 187.34 222.83 277.43 242.49 588.26 760.62 92.47 178.21 626.54 
2755.86 6266.35 2637.78 3976.38 7263.46 7433.26 7873.59 3869.6 1829.28 7386.59 7160.73 4431.83 3951.37 6406.44 2447.57 11592.66 9974.2 4853.49 6420.9 1895.62 3526.73 10095.05 3182.39 1923.22 7357.19 1232.73 13871.67 1364.27 2231.36 2974.37 7004.91 11613.71 5891.73 6796.84 4637.8 8640.68 3605.02 7716.26 6072.0 6823.69 5291.07 6636.5 3182.98 4585.27 9882.74 4981.31 4711.72 7389.38 8499.84 12789.96 3435.67 11547.47 1549.32 5296.48 7034.95 7361.88 6195.26 3105.3 10471.57 3899.94 4975.92 3519.01 5884.79 11442.03 11074.58 7287.13 6847.5 4016.38 3783.29 2989.23 4864.7 3237.99 5820.49 5221.13 11467.22 3967.83 4791.7 3483.13 4587.85 6744.03 3726.71 5531.88 5006.89 2019.8 2770.35 8141.03 2104.89 5824.5 15229.81 3552.26 1838.91 2487.6 9899.86 11883.93 3469.39 3045.65 4179.38 3636.49 1987.04 7463.31 9443.33 3433.51 5901.59 8399.84 3691.14 1924.94 3626.55 6702.98 2313.23 4184.7 7087.37 12385.23 4044.39 7337.0 9596.29 8594.11 6046.95 7049.51 9219.63 6687.98 5714.58 2525.28 2875.98 7024.15 8425.96 6518.63 4332.99 8148.71 2687.81 5566.31 3458.38 4177.57 4754.94 3619.59 6301.55 7381.27 1518.79 4186.36 6331.1 5828.69 4389.15 7515.41 1346.86 3013.76 6851.75 7030.41 7016.96 1282.57 7563.08 3767.31 2856.37 5286.16 5678.7 6371.25 2943.88 7525.52 11812.6 3019.47 3783.8 4184.95 
462.23 1533.83 2009.69 475.46 507.77 1941.97 3638.58 496.23 -25.59 1042.18 2919.72 1143.78 380.95 711.72 -34.24 5398.44 2351.7 1637.69 1475.21 245.91 769.39 4035.52 1054.88 13.17 1911.16 -345.94 5533.27 -132.8 -37.77 781.62 1444.29 3675.41 1979.17 2140.2 1366.1 376.65 789.38 1100.01 1095.89 1835.58 1009.28 1563.85 186.41 2047.82 2115.05 896.54 885.03 2620.74 2411.35 4946.93 238.32 887.97 -154.56 1933.81 2442.33 2249.81 2166.77 7.89 1332.65 -27.68 1274.01 522.83 715.78 1705.77 2349.92 1726.36 579.44 1917.84 -203.51 812.85 571.23 713.26 1126.62 -2.59 3852.89 898.99 1358.18 -19.12 474.04 1699.98 1361.55 1398.22 3908.49 64.94 -185.83 5707.79 -69.19 718.06 4685.0 918.5 -81.14 583.25 7888.86 3068.12 1380.28 52.98 941.6 1421.47 1044.08 842.88 774.02 894.41 1252.28 1159.48 672.93 239.56 1087.21 515.27 1066.2 284.33 4565.58 1518.68 194.08 1346.56 2067.54 2804.73 2005.89 1031.63 1873.64 2107.9 1331.58 207.32 857.22 2908.18 2378.59 1586.22 -231.62 638.74 1013.05 3278.7 423.74 1132.58 1992.87 245.63 649.21 1403.25 411.77 -329.2 1275.36 2488.06 507.3 517.61 554.53 123.48 1343.29 730.79 1001.04 149.13 4424.44 408.09 -207.53 436.71 614.13 887.14 712.43 2441.28 3303.08 -37.67 391.04 2632.7 
125.5 78.28 80.85 131.39 70.19 154.94 68.07 69.93 91.55 69.57 64.43 85.7 77.74 166.0 168.36 78.11 168.77 73.27 143.7 134.64 77.04 75.33 95.98 95.17 71.13 83.0 78.61 183.82 162.71 79.15 112.67 124.8 124.89 81.66 112.11 67.96 70.19 99.93 67.75 66.9 129.08 80.34 76.26 80.6 172.32 80.76 81.99 82.45 136.84 81.05 69.88 81.62 83.67 102.74 78.39 67.32 82.52 98.67 87.21 154.03 70.79 178.08 124.37 160.86 87.14 148.65 75.9 172.45 67.69 174.21 140.26 188.73 76.73 122.35 75.8 124.33 80.96 160.52 64.17 65.51 82.93 137.45 89.68 85.41 80.23 73.7 94.42 152.63 84.82 62.65 90.0 81.79 148.62 179.97 153.67 123.04 159.17 80.46 169.4 77.1 90.22 78.63 130.41 73.75 70.24 91.89 88.19 70.08 82.24 66.01 156.38 83.43 77.97 67.36 83.88 158.37 68.36 78.26 82.06 118.24 133.54 175.9 79.27 70.83 73.73 66.5 153.49 69.14 78.83 78.09 76.81 79.43 79.46 81.09 101.47 83.03 86.21 163.58 123.38 110.13 177.24 147.97 87.97 94.13 168.05 81.01 71.43 90.96 163.6 85.28 158.45 76.15 68.02 66.47 198.77 77.21 172.46 96.07 81.32 190.99 
167 78 80 175 70 232 68 69 91 69 64 85 77 248 252 78 253 73 215 179 77 75 95 95 71 83 78 275 244 79 150 166 166 81 149 67 70 133 67 66 172 80 76 80 258 80 81 82 205 81 69 81 83 136 78 67 82 98 87 231 70 267 165 241 87 222 75 258 67 261 210 283 76 163 75 165 80 240 64 65 82 206 89 85 80 73 94 228 84 62 90 81 222 269 230 164 238 80 254 77 90 78 195 73 70 91 88 70 82 66 234 83 77 67 83 237 68 78 82 157 200 263 79 70 73 66 230 69 78 78 76 79 79 81 135 83 86 245 164 146 265 221 87 94 252 81 71 90 245 85 237 76 68 66 298 77 258 96 81 286 
435 1326 1078 179 1050 453 607 92 271 472 1233 1071 1318 769 424 611 1047 932 1564 1595 665 962 385 1176 563 649 1189 1452 1552 1439 661 1466 1152 515 1568 539 1537 1356 38 812 1396 1544 1308 1448 51 1395 8 1529 659 121 290 823 219 85 40 1046 332 1275 444 1632 1186 1606 1643 1553 1497 1266 129 696 67 1415 966 610 156 1271 1230 1453 709 42 1517 1404 1674 743 195 646 822 1006 409 419 1435 719 1573 202 1189 1564 1078 1113 959 8 307 1170 46 731 1596 1498 711 1592 338 1301 411 981 127 475 156 1376 1309 1594 1431 1417 1498 920 966 1069 982 122 829 394 1002 360 390 1043 1405 412 1360 1585 9 1594 1635 1202 1504 148 384 653 1189 152 157 1196 1418 1341 766 845 766 532 1649 1052 1262 1206 424 662 980 1167 
679 1551 1680 1648 1680 908 1636 815 1680 1558 1680 1545 1680 1511 1089 1680 1680 1680 1680 1680 1177 1680 1299 1669 1534 1680 1680 1680 1680 1680 1116 1680 1680 1680 1680 1680 1680 1680 837 1680 1680 1680 1680 1680 1156 1639 1400 1680 1680 518 630 1680 693 654 246 1481 1342 1680 1680 1680 1680 1680 1680 1680 1680 1680 1445 1680 1680 1680 1401 797 1529 1439 1680 1680 1680 1680 1680 1680 1680 1680 726 1656 1680 1680 1074 1199 1680 1269 1680 1460 1680 1680 1680 1680 1337 386 742 1680 424 1052 1680 1680 1680 1680 1022 1680 1669 1244 964 1255 1680 1680 1534 1680 1680 1642 1680 1680 1680 1680 1680 1208 1073 638 1303 1680 1680 1680 1680 1632 1680 1680 885 1680 1680 1680 1680 1502 1680 1012 1680 894 554 1680 1680 1680 1680 1568 1546 1044 1680 1411 1680 1680 1680 1680 1680 1660 
2
0.0 0.0 
100.0 100.0 
0 0 50 94 93 68 51 78 104 62 99 42 80 90 64 88 103 72 100 78 70 45 92 128 110 81 84 31 121 68 106 35 25 58 66 129 48 114 110 50 55 92 86 70 47 64 59 37 91 60 91 60 89 89 105 67 57 103 98 73 88 86 73 46 55 42 94 61 89 65 109 84 61 60 59 48 96 48 70 69 73 84 35 66 72 102 80 38 34 67 79 100 66 47 80 67 22 17 85 111 89 104 101 116 83 81 93 100 109 62 59 50 110 68 88 80 63 55 113 46 90 52 45 60 34 87 52 43 98 102 61 81 76 107 99 80 60 78 95 90 25 12 66 58 75 119 113 44 47 99 95 64 87 58 92 127 117 33 27 99 105 96 
0 0 50 94 93 68 51 78 104 62 99 42 80 90 64 88 103 72 100 78 70 45 92 128 110 81 84 31 121 68 106 35 25 58 66 129 48 114 110 50 55 92 86 70 47 64 59 37 91 60 91 60 89 89 105 67 57 103 98 73 88 86 73 46 55 42 94 61 89 65 109 84 61 60 59 48 96 48 70 69 73 84 35 66 72 102 80 38 34 67 79 100 66 47 80 67 22 17 85 111 89 104 101 116 83 81 93 100 109 62 59 50 110 68 88 80 63 55 113 46 90 52 45 60 34 87 52 43 98 102 61 81 76 107 99 80 60 78 95 90 25 12 66 58 75 119 113 44 47 99 95 64 87 58 92 127 117 33 27 99 105 96 
50 50 0 56 65 18 19 42 67 60 86 51 37 62 29 76 78 68 56 62 20 6 63 96 70 72 62 34 90 45 75 33 24 10 17 97 1 88 74 1 34 89 36 25 45 59 48 30 55 20 77 60 45 67 64 19 27 89 94 26 68 74 58 8 7 12 66 45 61 44 85 48 39 49 62 3 51 2 51 39 60 56 32 19 59 67 67 28 36 17 58 60 20 32 79 40 34 32 77 89 47 63 60 89 75 32 47 96 90 33 28 24 79 30 43 34 64 47 89 22 55 3 9 42 35 41 30 44 75 64 30 62 29 65 91 54 12 32 89 72 24 38 40 10 37 91 79 26 46 83 80 34 76 28 58 93 82 31 29 90 72 55 
94 94 56 0 21 49 44 15 11 54 51 65 20 19 30 47 31 55 18 37 42 62 18 40 16 49 28 64 35 30 21 59 74 57 56 41 57 37 17 54 40 65 49 30 54 51 45 56 3 37 45 57 16 29 13 57 36 51 67 34 32 47 39 52 58 54 19 39 19 33 38 9 35 44 61 59 20 55 33 24 40 19 59 38 41 11 43 56 61 42 30 8 35 47 61 28 71 77 51 42 10 12 8 38 52 33 21 69 46 32 34 43 26 26 18 26 58 48 41 47 4 56 53 38 61 22 42 59 31 8 32 34 31 14 59 23 57 28 61 37 72 81 30 46 18 39 23 49 55 46 44 29 47 35 7 37 26 61 66 58 17 8 
93 93 65 21 0 64 48 24 21 41 30 57 37 2 36 26 12 38 39 20 57 71 3 35 31 30 10 61 28 24 14 57 78 70 70 37 66 23 24 64 38 44 68 43 47 37 35 55 18 45 24 44 36 8 32 71 39 30 45 49 12 27 24 59 69 59 2 31 4 27 20 21 31 34 48 68 41 64 23 26 25 9 57 52 26 16 25 55 58 56 15 28 48 45 42 27 70 79 31 23 30 31 28 24 33 51 42 48 26 33 38 45 17 35 38 44 44 39 24 49 17 66 59 32 58 41 41 52 10 21 35 16 47 33 38 12 70 45 40 16 75 81 27 57 30 26 22 49 47 25 23 31 27 38 14 35 27 59 66 36 15 29 
68 68 18 49 64 0 29 39 60 70 90 65 28 61 31 80 76 77 43 66 7 23 61 90 60 78 63 51 85 50 70 49 43 11 6 90 20 85 66 18 43 96 18 20 57 68 57 46 49 23 81 71 35 68 53 7 34 92 100 15 69 79 64 24 13 29 64 52 60 49 84 44 46 58 74 20 38 20 56 41 66 56 48 12 65 61 73 44 51 8 61 50 16 44 87 43 52 51 83 88 39 52 51 86 82 18 34 103 90 38 34 35 75 30 33 23 74 57 88 34 50 16 25 50 51 29 40 58 74 57 35 66 18 55 95 56 10 21 95 74 43 57 45 12 34 87 72 39 58 86 83 38 80 34 53 86 75 47 47 94 66 46 
51 51 19 44 48 29 0 28 55 42 67 36 29 46 13 57 61 50 49 43 26 23 47 82 59 52 43 24 75 27 59 21 30 27 32 83 19 71 61 17 15 69 45 19 28 40 29 18 42 9 58 42 38 49 54 34 9 70 74 25 49 55 39 10 25 10 49 26 44 25 68 35 20 30 45 21 45 17 32 22 41 39 20 20 40 53 48 16 24 22 39 49 17 14 60 22 29 34 57 71 38 53 50 73 56 33 42 77 72 15 10 6 64 17 37 30 46 29 72 5 41 21 11 23 23 37 11 29 57 52 13 43 26 56 72 37 29 29 69 53 28 38 22 16 25 75 65 10 29 64 61 17 57 10 44 80 69 21 24 71 57 46 
78 78 42 15 24 39 28 0 26 44 52 51 14 22 14 44 37 47 26 31 32 48 22 54 32 44 25 48 48 18 32 44 58 45 45 55 43 46 32 40 25 61 45 18 40 41 33 41 13 22 44 46 17 29 27 46 20 53 64 24 31 44 31 37 45 39 24 26 20 20 45 6 21 32 50 45 25 41 23 10 33 17 44 27 33 25 38 40 46 31 24 22 23 32 55 14 55 62 47 48 13 26 23 47 47 28 24 67 51 16 19 28 37 11 18 20 48 35 48 31 13 42 38 24 45 20 26 44 35 23 16 29 22 29 58 18 45 21 59 36 56 65 16 33 5 49 37 33 41 47 45 14 44 19 16 51 41 45 50 57 30 19 
104 104 67 11 21 60 55 26 0 61 50 74 31 21 41 48 26 60 22 42 53 74 19 30 9 52 31 74 25 38 14 70 85 69 67 30 69 30 6 66 50 66 58 42 63 57 53 67 13 48 46 64 25 30 11 67 47 49 66 45 34 49 44 63 69 65 19 47 21 42 33 20 44 52 68 70 26 67 40 35 46 25 70 50 47 5 47 66 71 53 35 10 47 58 64 38 82 89 53 36 20 11 10 30 55 43 29 69 42 42 45 54 18 38 27 37 64 56 35 58 13 67 64 46 71 31 52 68 28 3 43 38 41 12 58 29 68 39 62 37 83 92 39 58 30 30 12 60 64 45 44 40 49 46 12 26 15 71 77 57 9 14 
62 62 60 54 41 70 42 44 61 0 37 20 56 40 40 26 47 9 70 20 65 63 42 74 69 18 30 34 67 25 54 32 58 69 74 76 59 57 64 59 26 30 83 54 17 3 12 32 51 47 29 3 62 34 68 76 36 41 36 61 31 23 16 51 67 48 43 18 39 23 50 47 25 12 7 62 69 58 21 35 15 36 33 59 14 56 19 34 31 63 25 62 55 28 19 30 44 55 23 52 57 67 63 59 20 68 68 39 48 33 36 35 57 43 62 62 4 13 54 37 49 63 51 21 31 64 30 20 42 59 36 24 61 69 37 31 71 61 32 31 54 53 28 58 46 62 63 34 16 37 34 34 25 36 49 75 68 35 42 37 56 61 
99 99 86 51 30 90 67 52 50 37 0 57 66 32 58 11 24 28 70 24 83 91 33 47 59 18 26 70 42 40 37 66 91 93 95 50 86 28 50 85 52 18 97 69 52 35 41 66 48 68 9 39 66 23 61 97 58 4 16 76 20 13 28 78 92 77 32 42 33 42 21 50 46 40 42 89 71 84 35 48 27 34 67 77 28 45 19 67 66 81 28 58 73 58 23 46 79 90 14 21 60 61 58 30 17 80 72 19 14 53 58 62 36 59 68 72 37 45 23 66 47 88 78 44 66 71 56 56 21 50 56 24 74 62 8 33 94 73 13 15 88 89 45 81 57 33 45 63 52 5 7 52 11 57 44 51 48 69 77 6 41 59 
42 42 51 65 57 65 36 51 74 20 57 0 60 55 42 46 65 29 78 38 62 52 57 92 81 39 46 18 85 35 71 17 42 61 67 94 50 75 78 50 27 49 81 54 10 22 21 20 62 45 49 17 68 51 79 69 36 61 56 61 49 44 33 42 59 38 59 26 54 32 69 57 30 22 16 52 76 48 34 41 33 50 19 56 32 70 39 22 15 59 41 73 53 22 38 37 25 36 43 71 65 77 74 78 40 68 74 58 68 36 36 31 74 46 68 64 21 17 73 30 61 54 42 27 16 69 27 7 60 72 38 42 61 80 57 45 63 63 52 50 38 34 35 53 52 80 79 26 10 57 54 38 46 36 61 92 84 20 26 57 71 71 
80 80 37 20 37 28 29 14 31 56 66 60 0 35 18 58 49 61 20 45 21 43 34 61 33 58 39 53 56 31 42 49 58 37 35 61 38 57 38 35 33 75 31 11 50 53 44 46 21 20 58 59 9 43 27 36 25 67 79 13 45 58 45 35 37 38 36 38 33 33 57 16 31 44 62 40 16 36 37 21 47 31 49 18 47 32 52 45 52 21 38 23 16 39 69 25 59 63 62 61 11 26 23 58 62 14 13 81 64 24 24 32 47 14 7 6 61 46 60 34 21 36 36 36 51 8 33 53 48 28 22 43 10 28 73 32 36 7 73 50 56 68 28 26 10 59 44 38 51 61 59 22 59 25 25 58 47 50 53 71 38 18 
90 90 62 19 2 61 46 22 21 40 32 55 35 0 33 27 15 38 38 20 54 68 2 37 31 30 10 59 31 21 15 54 75 67 67 39 63 25 24 61 35 45 66 40 45 36 33 52 16 42 26 43 34 9 31 69 36 32 47 46 12 28 23 56 66 56 4 29 1 25 23 18 28 32 47 65 39 61 21 23 24 6 55 49 25 16 25 53 56 53 14 26 45 43 43 24 68 76 32 26 27 30 27 27 33 49 40 50 29 30 35 43 19 32 36 41 43 37 27 47 15 63 57 29 55 39 39 50 13 20 33 16 44 32 39 10 67 42 42 17 72 78 24 55 27 29 24 47 46 27 25 29 28 35 12 37 28 57 64 38 16 27 
64 64 29 30 36 31 13 14 41 40 58 42 18 33 0 49 49 46 37 35 25 35 34 68 46 46 33 35 62 18 46 31 44 34 36 69 30 59 47 27 15 64 42 13 31 38 27 28 28 9 49 42 27 38 41 38 6 61 68 20 39 48 32 23 33 24 36 22 32 18 56 21 15 28 45 32 34 28 24 10 34 27 31 19 34 39 41 27 33 23 29 36 15 20 56 12 41 47 51 59 25 40 37 60 50 27 32 71 61 7 5 14 51 4 26 22 45 28 60 17 27 30 23 19 32 26 14 34 45 38 4 34 20 43 64 25 35 21 63 43 41 51 13 22 11 62 51 19 32 55 52 6 49 6 30 66 55 32 36 63 44 32 
88 88 76 47 26 80 57 44 48 26 11 46 58 27 49 0 26 18 65 14 74 80 29 52 57 7 19 58 46 30 37 55 80 83 85 54 76 33 49 74 41 17 89 60 40 23 30 54 43 58 3 29 60 18 58 87 48 15 20 68 14 2 17 67 82 66 29 31 27 32 26 43 36 28 31 78 66 74 24 39 16 28 56 68 17 43 8 55 55 72 19 54 63 47 17 37 68 78 5 27 54 57 54 35 8 72 66 23 22 43 47 51 38 50 61 65 26 33 29 55 42 78 68 33 55 64 46 45 21 48 46 14 66 59 15 25 84 65 14 10 77 78 35 71 48 38 46 52 40 11 8 42 0 47 40 55 50 58 65 14 40 55 
103 103 78 31 12 76 61 37 26 47 24 65 49 15 49 26 0 42 48 27 69 84 15 27 35 32 19 72 20 35 12 68 90 83 83 29 79 10 25 76 49 41 80 56 56 44 44 66 28 58 23 50 47 13 38 84 51 23 41 62 15 27 32 71 82 72 12 41 16 38 7 32 42 43 54 81 51 77 33 39 32 21 69 64 33 21 28 66 69 69 24 35 60 57 43 39 81 90 31 11 40 38 35 12 34 63 52 43 16 46 50 58 12 47 49 56 49 48 11 61 28 79 72 43 68 52 53 61 5 27 48 23 59 39 33 24 83 57 37 16 87 92 39 70 42 15 21 61 57 19 19 44 26 50 24 29 24 71 78 31 17 38 
72 72 68 55 38 77 50 47 60 9 28 29 61 38 46 18 42 0 72 18 72 72 40 69 69 10 28 44 63 29 51 41 67 77 81 71 68 51 62 67 34 21 89 59 26 9 20 42 52 54 21 11 65 31 68 83 43 32 27 67 27 16 16 59 75 57 41 24 38 28 44 49 31 19 13 70 72 66 23 39 14 35 43 65 14 55 13 43 41 69 25 63 61 36 10 35 53 64 14 45 59 67 64 53 11 73 71 29 41 39 43 43 53 49 66 66 8 21 48 46 50 71 59 27 41 68 38 30 37 59 42 22 66 69 27 31 78 66 23 26 64 63 33 66 50 56 61 42 26 29 26 40 17 42 49 71 65 45 52 27 54 63 
100 100 56 18 39 43 49 26 22 70 70 78 20 38 37 65 48 72 0 55 37 62 36 50 17 67 46 73 47 45 37 69 78 54 50 50 57 53 27 55 51 83 37 31 67 67 59 65 21 40 64 73 11 47 11 50 44 69 85 30 50 65 56 55 55 58 37 53 37 47 55 23 47 59 77 59 5 56 49 36 58 37 68 36 58 26 61 64 71 39 47 12 35 58 79 41 79 83 70 58 13 11 12 53 70 25 9 88 64 42 43 51 41 33 12 21 75 62 57 54 22 55 56 51 70 14 52 71 48 20 41 52 27 12 77 41 53 23 80 55 76 88 43 45 26 53 34 57 68 64 63 40 65 43 25 45 35 70 73 76 32 10 
78 78 62 37 20 66 43 31 42 20 24 38 45 20 35 14 27 18 55 0 60 66 22 54 51 12 10 47 47 16 34 43 67 69 71 56 62 37 44 60 28 29 76 47 30 16 18 42 34 44 15 23 48 13 50 73 34 27 33 54 11 12 5 54 68 52 23 17 20 17 31 32 22 17 27 64 55 60 10 25 4 17 44 54 6 37 6 43 43 58 7 45 50 34 24 23 56 66 16 33 42 49 46 39 16 59 55 36 31 29 33 38 37 36 49 52 23 22 35 41 32 63 54 20 43 52 32 35 21 40 32 4 53 51 29 14 70 52 28 12 64 67 21 57 35 42 43 39 30 22 18 28 14 33 31 55 48 46 53 28 36 45 
70 70 20 42 57 7 26 32 53 65 83 62 21 54 25 74 69 72 37 60 0 26 54 83 53 72 57 49 78 44 63 47 45 16 13 83 22 78 59 20 38 90 19 13 53 63 53 43 42 18 75 66 28 61 47 14 29 85 94 8 63 73 58 23 18 28 57 47 53 44 77 37 40 53 70 22 32 21 50 34 60 49 46 6 60 54 67 41 49 3 54 44 10 40 82 37 51 52 76 81 32 46 44 79 76 12 28 97 84 32 29 31 68 24 26 16 70 53 81 31 43 18 24 44 48 23 36 55 67 50 29 59 11 48 89 49 15 14 88 68 44 58 39 11 27 80 65 36 54 79 76 32 74 29 46 79 68 46 46 88 59 39 
45 45 6 62 71 23 23 48 74 63 91 52 43 68 35 80 84 72 62 66 26 0 69 102 76 76 67 34 96 50 81 34 20 13 20 103 5 94 80 7 38 92 41 32 47 62 52 32 61 26 81 63 52 72 70 22 32 94 97 32 73 78 62 12 9 14 72 49 67 48 91 54 44 53 65 3 57 7 55 44 64 62 32 25 63 73 72 30 36 24 63 66 27 35 82 45 32 28 81 94 54 69 67 95 79 38 53 100 95 38 33 28 86 37 50 40 66 50 95 25 61 7 12 46 35 48 34 46 80 70 35 67 35 72 95 60 15 38 92 77 21 35 45 16 43 97 85 29 47 88 85 39 80 33 64 99 89 31 28 94 78 62 
92 92 63 18 3 61 47 22 19 42 33 57 34 2 34 29 15 40 36 22 54 69 0 36 28 33 12 61 29 23 13 56 76 67 67 37 64 25 22 61 37 47 65 41 47 38 36 54 15 43 27 45 33 11 29 69 37 33 48 46 14 30 25 57 67 57 2 31 2 26 23 17 30 34 49 66 38 62 23 24 26 7 57 49 28 14 27 54 57 53 16 25 45 45 45 25 69 78 34 26 26 28 25 26 35 48 39 51 29 32 36 44 18 32 35 41 45 39 26 48 14 64 58 31 57 38 40 52 13 18 34 18 44 30 41 12 67 42 43 19 73 80 26 55 27 28 22 48 48 28 26 30 30 36 11 35 26 59 65 39 14 26 
128 128 96 40 35 90 82 54 30 74 47 92 61 37 68 52 27 69 50 54 83 102 36 0 32 59 45 97 6 59 22 92 112 98 97 2 97 19 24 95 73 66 88 71 82 71 71 90 41 76 49 78 55 40 38 97 73 44 64 75 43 54 58 91 99 92 33 67 39 63 26 47 66 69 81 99 55 95 58 60 59 44 93 79 60 29 56 90 94 83 50 39 76 81 69 61 105 114 58 26 50 39 39 17 60 73 58 66 34 67 71 80 18 65 57 67 77 75 24 84 41 96 92 67 93 61 76 87 32 33 69 50 71 38 55 48 98 69 61 43 109 116 62 87 58 14 17 84 83 43 44 65 53 72 38 6 14 95 101 53 24 44 
110 110 70 16 31 60 59 32 9 69 59 81 33 31 46 57 35 69 17 51 53 76 28 32 0 61 41 80 29 46 23 76 89 70 66 32 71 38 10 68 57 75 55 44 71 66 61 73 19 52 56 73 25 39 6 67 52 58 76 45 43 58 53 67 70 69 28 55 31 49 41 25 51 60 77 73 23 69 49 41 55 33 76 51 56 14 56 72 78 54 44 10 49 64 74 44 87 93 63 44 22 7 9 37 64 42 26 79 51 48 51 60 25 42 27 37 73 64 43 63 20 69 68 54 77 30 58 75 38 10 48 47 42 5 68 38 69 39 71 47 87 97 46 60 34 36 17 65 72 54 53 46 58 51 20 27 18 77 82 66 18 14 
81 81 72 49 30 78 52 44 52 18 18 39 58 30 46 7 32 10 67 12 72 76 33 59 61 0 21 52 53 28 42 48 74 80 83 61 72 40 54 70 37 17 88 59 33 16 24 48 46 55 11 21 61 22 62 84 45 22 22 66 18 5 13 63 78 61 33 26 30 28 33 44 32 23 24 74 68 69 22 38 12 29 50 66 12 47 5 49 48 70 19 57 61 41 12 34 61 72 5 35 55 61 57 43 3 71 67 24 30 40 44 47 44 48 62 64 19 27 37 50 44 74 63 29 48 65 41 38 27 51 43 15 65 63 19 26 81 64 16 16 70 71 33 68 48 46 52 47 33 19 16 40 7 44 42 62 56 52 59 19 45 57 
84 84 62 28 10 63 43 25 31 30 26 46 39 10 33 19 19 28 46 10 57 67 12 45 41 21 0 53 38 17 24 48 71 68 69 47 62 30 34 60 30 36 70 43 37 26 25 47 25 42 18 33 41 5 41 70 34 28 39 50 6 19 13 54 67 54 13 22 9 19 25 24 24 24 37 64 47 60 13 23 14 9 49 51 15 26 15 47 49 55 5 36 47 38 33 21 62 71 23 28 34 39 36 31 24 53 47 42 28 28 33 39 27 33 42 46 33 29 29 43 23 63 55 23 49 45 34 42 14 30 31 6 48 42 33 7 68 46 34 10 68 72 21 55 30 34 33 42 38 22 19 27 19 33 21 46 38 51 58 31 26 36 
31 31 34 64 61 51 24 48 74 34 70 18 53 59 35 58 72 44 73 47 49 34 61 97 80 52 53 0 90 37 74 4 23 45 52 98 33 83 79 34 24 65 68 44 18 35 28 7 61 34 61 33 62 58 76 54 28 73 71 50 57 56 42 27 42 22 63 30 58 34 77 54 30 30 33 35 69 32 39 39 43 53 4 44 41 71 50 8 3 46 47 71 42 16 54 36 9 20 57 80 60 75 71 85 54 58 67 73 78 32 30 21 79 39 61 55 37 25 82 19 60 38 26 29 3 61 21 14 67 71 32 50 51 78 71 48 47 53 67 59 20 20 35 39 47 87 82 15 18 69 65 34 58 29 62 96 86 3 8 71 74 67 
121 121 90 35 28 85 75 48 25 67 42 85 56 31 62 46 20 63 47 47 78 96 29 6 29 53 38 90 0 52 15 85 105 93 91 8 91 13 20 89 66 60 83 65 75 64 64 83 35 70 43 71 51 33 35 92 66 39 59 69 36 48 52 85 93 86 26 60 32 56 20 41 59 62 74 93 51 89 51 53 52 37 86 74 53 23 49 83 87 78 43 35 70 74 63 54 99 107 51 21 45 35 35 11 54 68 54 61 29 61 65 73 11 59 53 62 70 68 19 77 35 90 86 60 86 56 69 81 25 28 62 43 66 35 50 41 92 63 55 37 103 109 55 81 52 9 12 77 76 37 38 58 47 65 32 9 11 88 95 48 18 39 
68 68 45 30 24 50 27 18 38 25 40 35 31 21 18 30 35 29 45 16 44 50 23 59 46 28 17 37 52 0 37 33 54 52 55 61 46 46 43 44 14 46 60 30 24 22 14 31 27 27 31 28 36 22 44 56 18 43 50 38 22 29 14 38 51 37 26 8 20 3 42 22 7 14 32 48 44 43 6 10 16 15 33 37 16 35 23 31 34 42 12 38 33 21 38 6 46 55 32 45 31 42 39 48 32 43 43 53 45 12 17 22 41 20 37 37 30 18 46 26 25 47 38 8 34 39 17 29 31 36 15 16 37 45 46 11 53 37 44 26 51 56 4 40 21 50 45 25 25 37 34 12 30 17 26 59 49 35 42 44 37 36 
106 106 75 21 14 70 59 32 14 54 37 71 42 15 46 37 12 51 37 34 63 81 13 22 23 42 24 74 15 37 0 70 90 78 77 23 76 16 13 73 51 53 71 51 61 51 49 68 21 55 34 58 38 20 26 78 50 35 53 55 24 38 38 69 78 70 11 45 16 40 18 26 44 48 62 78 40 74 37 37 39 21 71 59 40 10 37 68 71 63 29 24 55 59 54 39 83 91 42 21 32 26 24 16 44 55 43 56 27 45 49 57 4 44 40 48 57 53 20 61 20 75 70 45 71 44 54 66 15 16 46 30 52 27 45 26 78 50 49 26 87 94 40 66 37 17 9 62 61 31 31 43 37 49 17 21 13 73 79 43 5 28 
35 35 33 59 57 49 21 44 70 32 66 17 49 54 31 55 68 41 69 43 47 34 56 92 76 48 48 4 85 33 70 0 26 44 50 94 32 78 75 32 19 62 66 41 15 32 24 3 57 31 57 30 58 54 72 52 24 70 68 47 53 53 38 25 41 21 59 26 53 29 73 50 26 26 31 34 66 31 35 35 39 48 1 41 38 67 46 5 2 44 43 66 39 11 51 32 13 23 53 76 56 70 67 80 51 55 63 71 74 27 26 17 74 35 57 52 34 21 78 15 56 36 24 25 1 57 17 12 63 67 28 45 48 73 68 44 46 50 64 55 22 24 30 36 43 83 77 11 15 65 61 30 54 25 57 92 82 3 10 68 69 63 
25 25 24 74 78 43 30 58 85 58 91 42 58 75 44 80 90 67 78 67 45 20 76 112 89 74 71 23 105 54 90 26 0 33 40 113 22 100 91 25 40 89 61 47 41 58 50 25 72 38 82 57 67 77 84 42 39 95 94 49 76 78 63 23 30 20 79 49 74 51 96 65 47 51 57 23 73 23 58 52 64 69 24 42 63 84 71 24 27 42 66 79 42 33 78 51 16 8 79 99 67 83 80 102 77 56 70 97 99 44 40 32 94 47 65 57 61 47 100 28 72 27 22 48 26 64 36 38 85 82 43 69 52 86 94 65 35 55 90 79 3 15 50 34 55 104 95 28 41 90 86 46 80 40 74 110 100 22 15 93 88 75 
58 58 10 57 70 11 27 45 69 69 93 61 37 67 34 83 83 77 54 69 16 13 67 98 70 80 68 45 93 52 78 44 33 0 7 99 12 92 75 11 43 97 28 27 55 68 57 41 57 25 84 70 44 72 63 9 35 96 102 24 74 82 66 19 3 23 70 53 66 51 90 51 47 58 72 10 49 13 58 45 68 61 42 19 67 69 75 39 46 15 64 60 22 42 88 46 44 41 85 94 48 62 60 93 83 28 45 105 96 40 35 34 83 35 42 32 73 56 94 32 57 7 19 50 45 40 39 55 80 66 37 69 27 65 98 60 2 30 97 78 34 48 47 12 40 95 81 36 56 90 87 40 83 35 61 95 84 42 39 97 74 55 
66 66 17 56 70 6 32 45 67 74 95 67 35 67 36 85 83 81 50 71 13 20 67 97 66 83 69 52 91 55 77 50 40 7 0 97 19 92 73 18 47 100 21 26 60 72 61 47 56 27 86 74 41 73 60 2 38 97 105 21 75 84 69 25 10 29 70 57 66 54 90 50 50 62 77 17 44 19 61 46 70 62 49 18 70 68 78 45 52 14 66 57 22 46 91 48 51 49 87 94 46 59 58 93 86 24 41 108 96 43 38 38 82 36 39 29 78 61 94 37 56 14 25 54 52 36 43 60 80 63 39 71 25 61 101 62 5 28 99 80 41 55 50 15 40 94 79 41 61 91 88 42 86 38 60 93 82 48 46 99 73 53 
129 129 97 41 37 90 83 55 30 76 50 94 61 39 69 54 29 71 50 56 83 103 37 2 32 61 47 98 8 61 23 94 113 99 97 0 98 21 24 95 74 68 87 71 84 73 72 92 41 77 51 80 55 42 38 97 74 47 66 75 45 56 60 92 99 93 35 68 40 64 28 48 68 71 83 100 55 96 60 61 61 45 94 80 62 29 58 92 95 83 52 39 76 82 72 62 107 115 60 29 50 38 39 19 62 73 58 68 36 68 72 81 19 66 57 67 79 76 26 85 41 97 93 69 95 61 77 89 34 33 70 52 71 37 57 49 98 69 63 45 110 117 63 87 59 16 17 85 85 45 47 66 55 73 39 4 14 96 103 56 25 44 
48 48 1 57 66 20 19 43 69 59 86 50 38 63 30 76 79 68 57 62 22 5 64 97 71 72 62 33 91 46 76 32 22 12 19 98 0 89 75 2 34 88 38 27 44 58 48 29 56 21 77 60 47 67 65 21 28 89 93 27 68 74 58 8 8 11 67 45 62 44 86 49 40 49 62 2 52 2 51 40 60 57 31 21 59 68 67 27 34 19 58 61 22 31 79 40 32 30 77 89 49 64 62 90 75 34 49 96 90 33 29 24 81 31 45 36 63 46 90 22 56 4 8 42 34 43 30 43 75 65 31 62 30 67 91 55 14 33 88 72 22 37 41 12 38 92 80 25 45 83 80 35 76 29 59 94 84 30 27 90 73 57 
114 114 88 37 23 85 71 46 30 57 28 75 57 25 59 33 10 51 53 37 78 94 25 19 38 40 30 83 13 46 16 78 100 92 92 21 89 0 27 87 60 47 87 65 67 53 55 77 36 68 30 60 54 24 42 93 62 25 45 70 26 35 42 82 92 82 22 52 27 49 7 41 53 54 63 91 56 87 43 49 42 32 79 74 43 26 38 77 79 78 35 40 70 68 50 49 92 101 39 8 48 42 40 2 41 71 59 47 15 56 61 68 12 57 56 64 59 59 5 72 36 89 82 53 79 60 64 72 15 32 58 33 67 42 36 35 92 65 41 25 97 103 50 80 51 5 20 72 67 24 25 54 34 61 32 23 22 81 88 34 21 44 
110 110 74 17 24 66 61 32 6 64 50 78 38 24 47 49 25 62 27 44 59 80 22 24 10 54 34 79 20 43 13 75 91 75 73 24 75 27 0 72 55 66 64 48 68 61 57 72 19 54 47 67 31 32 15 73 52 49 67 51 35 50 48 70 75 71 21 52 25 46 31 26 49 56 72 77 31 73 44 40 49 28 75 56 50 8 49 72 77 59 38 15 53 63 66 43 87 94 55 34 26 15 15 27 56 49 34 69 41 48 51 60 15 44 33 43 68 61 32 64 19 73 70 51 76 37 58 73 28 9 49 40 47 15 58 33 74 45 62 39 89 98 44 64 36 26 7 65 69 44 44 45 50 52 17 19 9 77 83 57 9 20 
50 50 1 54 64 18 17 40 66 59 85 50 35 61 27 74 76 67 55 60 20 7 61 95 68 70 60 34 89 44 73 32 25 11 18 95 2 87 72 0 33 87 36 24 43 57 47 29 53 18 75 59 44 65 63 20 26 87 92 25 66 73 56 7 8 11 64 43 59 42 84 47 38 48 61 4 50 1 49 37 58 55 31 18 57 66 66 27 35 17 56 58 19 30 77 38 33 32 75 87 46 61 59 88 73 32 46 95 88 31 27 23 78 29 42 33 62 45 88 21 53 4 7 41 34 40 29 43 73 63 29 61 28 64 89 53 13 31 87 70 24 38 39 9 36 90 77 25 44 82 78 32 74 27 56 92 81 30 28 88 70 54 
55 55 34 40 38 43 15 25 50 26 52 27 33 35 15 41 49 34 51 28 38 38 37 73 57 37 30 24 66 14 51 19 40 43 47 74 34 60 55 33 0 54 57 28 16 25 14 17 37 20 43 27 41 36 53 49 10 55 59 35 36 40 24 26 41 24 39 10 34 11 56 31 6 15 31 37 49 32 17 15 25 29 20 32 24 47 33 17 21 36 26 47 28 7 44 12 32 40 42 59 38 52 48 62 40 42 47 62 58 9 10 9 55 19 41 37 31 14 60 13 36 37 26 8 20 42 4 19 45 47 11 29 35 54 56 25 44 36 54 39 37 43 11 31 25 64 58 11 17 50 47 11 41 9 38 72 62 21 28 55 50 45 
92 92 89 65 44 96 69 61 66 30 18 49 75 45 64 17 41 21 83 29 90 92 47 66 75 17 36 65 60 46 53 62 89 97 100 68 88 47 66 87 54 0 105 76 47 30 40 63 61 72 19 32 78 36 76 102 62 21 6 84 32 17 31 80 95 77 46 43 45 46 39 61 49 39 33 91 84 86 39 55 29 46 64 83 30 60 23 64 62 88 36 72 79 57 11 52 74 85 13 39 71 75 72 49 13 89 84 8 32 57 62 64 54 66 79 82 28 42 42 66 60 91 80 46 62 82 58 51 38 65 60 31 82 77 11 43 98 82 5 28 85 84 50 85 65 52 62 63 47 23 22 58 17 61 58 70 66 66 73 12 57 73 
86 86 36 49 68 18 45 45 58 83 97 81 31 66 42 89 80 89 37 76 19 41 65 88 55 88 70 68 83 60 71 66 61 28 21 87 38 87 64 36 57 105 0 29 72 81 70 62 51 36 89 85 33 74 49 20 47 98 109 22 76 88 74 42 31 46 67 65 65 60 87 47 58 71 88 38 32 38 66 50 76 62 65 25 76 61 82 60 68 22 69 48 28 59 98 53 70 69 92 91 39 48 48 87 92 16 29 112 95 50 47 50 76 40 31 24 88 71 90 50 52 34 42 62 67 27 54 74 79 55 46 74 23 50 103 63 26 23 104 81 61 75 55 29 40 88 71 55 73 92 90 48 89 47 55 83 73 65 64 102 67 44 
70 70 25 30 43 20 19 18 42 54 69 54 11 40 13 60 56 59 31 47 13 32 41 71 44 59 43 44 65 30 51 41 47 27 26 71 27 65 48 24 28 76 29 0 44 51 41 37 30 10 61 55 20 47 38 28 18 71 80 7 49 59 45 23 27 27 43 35 39 31 64 24 28 41 59 28 26 25 37 21 47 35 40 8 47 42 53 36 43 12 40 34 5 32 69 24 49 52 63 67 21 37 34 66 62 14 23 83 70 20 17 23 55 10 18 11 58 42 67 25 30 25 24 32 42 17 26 46 53 38 17 46 7 39 75 35 27 9 75 54 45 57 26 15 13 67 53 29 45 65 62 19 61 18 33 68 57 41 43 74 47 29 
47 47 45 54 47 57 28 40 63 17 52 10 50 45 31 40 56 26 67 30 53 47 47 82 71 33 37 18 75 24 61 15 41 55 60 84 44 67 68 43 16 47 72 44 0 17 11 15 51 35 43 16 57 42 68 62 26 55 53 51 41 38 25 36 52 32 49 16 44 21 61 46 19 13 17 46 65 42 24 30 25 39 16 47 24 59 32 17 14 51 32 62 44 13 36 26 27 38 38 64 54 66 63 69 36 59 63 56 61 25 26 22 64 36 57 54 20 7 65 23 50 48 36 16 14 58 18 5 51 61 27 33 52 69 53 34 56 53 49 42 37 37 24 45 41 72 69 18 1 51 47 27 40 25 51 82 74 18 25 53 61 60 
64 64 59 51 37 68 40 41 57 3 35 22 53 36 38 23 44 9 67 16 63 62 38 71 66 16 26 35 64 22 51 32 58 68 72 73 58 53 61 57 25 30 81 51 17 0 10 32 47 45 26 6 59 30 64 74 34 39 36 59 28 21 12 50 66 47 40 16 35 20 47 44 22 10 11 61 66 57 17 32 12 32 34 56 10 52 16 34 32 60 22 59 52 27 20 27 44 55 21 49 54 63 60 56 18 65 65 38 45 31 34 34 54 41 59 59 7 12 51 36 46 61 50 18 32 61 28 21 38 55 34 20 58 66 35 27 69 58 31 28 55 54 25 57 43 59 60 33 17 35 31 32 23 34 45 72 64 36 43 35 52 58 
59 59 48 45 35 57 29 33 53 12 41 21 44 33 27 30 44 20 59 18 53 52 36 71 61 24 25 28 64 14 49 24 50 57 61 72 48 55 57 47 14 40 70 41 11 10 0 24 41 34 32 14 50 31 58 63 23 45 45 48 29 28 13 39 55 37 38 6 33 12 49 37 13 1 18 50 58 46 12 23 14 28 26 46 13 49 21 25 25 50 20 53 42 17 30 18 38 48 29 52 46 57 54 57 27 55 57 48 50 20 23 23 53 31 51 49 17 3 54 26 40 51 40 8 25 52 18 16 39 51 23 21 48 60 44 23 58 49 41 31 46 48 16 46 34 60 58 23 12 40 36 22 30 23 40 71 62 28 35 43 50 51 
37 37 30 56 55 46 18 41 67 32 66 20 46 52 28 54 66 42 65 42 43 32 54 90 73 48 47 7 83 31 68 3 25 41 47 92 29 77 72 29 17 63 62 37 15 32 24 0 54 27 56 32 55 52 69 49 21 69 69 43 52 52 37 22 38 18 56 24 51 27 72 47 24 25 33 32 62 28 33 32 38 46 3 38 37 64 46 1 6 40 42 63 35 9 52 29 15 24 53 75 53 67 64 79 51 51 59 71 73 24 22 14 72 32 54 48 35 21 76 12 53 33 21 23 5 54 14 14 61 64 24 44 44 70 68 42 43 46 64 54 22 25 28 33 39 81 75 8 16 64 61 27 54 22 55 89 79 4 11 67 67 60 
91 91 55 3 18 49 42 13 13 51 48 62 21 16 28 43 28 52 21 34 42 61 15 41 19 46 25 61 35 27 21 57 72 57 56 41 56 36 19 53 37 61 51 30 51 47 41 54 0 35 42 54 18 25 17 57 33 49 63 34 29 44 35 50 57 52 16 35 15 30 36 6 31 40 58 58 23 54 30 21 37 16 57 38 38 12 40 53 58 42 26 11 35 45 58 25 68 75 48 40 11 15 12 37 49 34 24 66 44 29 32 41 25 24 20 27 55 45 39 45 1 55 51 34 58 23 39 56 28 10 29 30 31 18 56 20 57 29 58 33 70 79 26 45 17 38 23 46 52 43 41 26 44 32 4 38 27 58 64 55 17 11 
60 60 20 37 45 23 9 22 48 47 68 45 20 42 9 58 58 54 40 44 18 26 43 76 52 55 42 34 70 27 55 31 38 25 27 77 21 68 54 18 20 72 36 10 35 45 34 27 35 0 59 48 29 47 46 29 10 70 77 16 48 57 41 15 24 17 46 29 41 26 65 28 22 35 51 23 36 19 33 19 43 36 30 11 42 47 50 26 33 15 39 41 8 22 64 21 38 42 60 69 29 45 42 69 58 23 33 80 70 15 10 14 59 10 28 21 51 34 69 15 35 21 16 26 32 27 17 37 55 45 11 44 17 48 73 35 26 19 72 53 36 47 22 12 18 71 59 19 36 64 61 15 58 11 38 74 63 31 33 72 52 37 
91 91 77 45 24 81 58 44 46 29 9 49 58 26 49 3 23 21 64 15 75 81 27 49 56 11 18 61 43 31 34 57 82 84 86 51 77 30 47 75 43 19 89 61 43 26 32 56 42 59 0 32 59 16 57 88 49 12 21 68 13 5 19 69 83 67 27 33 26 33 23 43 37 31 35 80 65 75 26 40 18 27 58 68 19 41 10 57 57 73 20 52 64 49 20 37 70 81 8 24 53 56 53 32 11 72 66 24 19 44 48 53 35 50 61 65 30 36 26 56 41 79 69 35 57 64 47 48 18 46 47 15 66 57 14 25 85 65 15 8 79 80 36 72 48 35 43 54 43 8 5 43 3 48 38 52 47 60 68 13 38 53 
60 60 60 57 44 71 42 46 64 3 39 17 59 43 42 29 50 11 73 23 66 63 45 78 73 21 33 33 71 28 58 30 57 70 74 80 60 60 67 59 27 32 85 55 16 6 14 32 54 48 32 0 64 37 71 76 37 44 38 63 35 26 19 51 67 48 47 20 42 26 53 50 27 14 4 62 72 58 24 37 19 39 32 60 17 59 22 33 29 64 29 65 56 28 21 33 42 53 25 55 60 70 66 62 23 69 71 40 51 35 38 36 61 45 65 64 3 13 57 38 52 63 51 23 30 66 31 19 45 62 38 27 62 72 39 34 71 63 34 34 53 51 31 59 49 65 67 34 15 40 37 36 28 37 52 79 71 34 41 39 59 64 
89 89 45 16 36 35 38 17 25 62 66 68 9 34 27 60 47 65 11 48 28 52 33 55 25 61 41 62 51 36 38 58 67 44 41 55 47 54 31 44 41 78 33 20 57 59 50 55 18 29 59 64 0 43 18 42 33 67 80 20 46 60 49 44 45 47 35 44 33 38 55 16 38 50 68 48 7 45 41 27 50 32 58 26 51 28 55 53 60 29 41 15 24 47 73 31 67 72 64 58 6 17 16 54 64 17 6 83 63 32 32 40 42 22 2 12 66 53 57 43 19 44 45 42 60 5 41 61 46 22 30 46 17 20 74 35 44 14 75 51 65 77 34 35 16 55 38 46 58 61 59 29 60 33 22 51 40 59 62 72 33 11 
89 89 67 29 8 68 49 29 30 34 23 51 43 9 38 18 13 31 47 13 61 72 11 40 39 22 5 58 33 22 20 54 77 72 73 42 67 24 32 65 36 36 74 47 42 30 31 52 25 47 16 37 43 0 40 75 39 24 37 54 3 19 18 60 72 59 10 28 9 25 19 26 29 29 41 70 48 65 19 27 18 11 55 55 20 24 17 53 55 60 10 36 51 43 34 27 67 77 23 22 36 39 36 26 24 57 49 40 23 33 38 45 23 37 44 49 37 35 23 49 24 68 60 29 55 48 40 48 8 29 36 9 51 41 30 12 73 50 32 8 73 78 26 60 34 29 30 48 43 18 16 32 18 38 22 41 34 57 64 29 23 37 
105 105 64 13 32 53 54 27 11 68 61 79 27 31 41 58 38 68 11 50 47 70 29 38 6 62 41 76 35 44 26 72 84 63 60 38 65 42 15 63 53 76 49 38 68 64 58 69 17 46 57 71 18 40 0 61 47 61 78 39 44 59 52 61 64 64 29 52 31 46 45 22 48 58 75 67 16 64 47 37 54 32 72 45 55 16 56 68 74 48 43 5 43 60 74 41 83 88 63 48 16 1 4 42 65 36 20 80 54 44 46 55 30 37 20 30 72 62 47 58 18 63 62 51 73 23 54 72 40 10 44 47 36 1 70 37 63 32 72 48 82 93 43 54 29 41 22 61 69 56 55 42 59 47 19 33 24 73 78 68 21 8 
67 67 19 57 71 7 34 46 67 76 97 69 36 69 38 87 84 83 50 73 14 22 69 97 67 84 70 54 92 56 78 52 42 9 2 97 21 93 73 20 49 102 20 28 62 74 63 49 57 29 88 76 42 75 61 0 40 99 106 22 77 86 70 27 12 31 71 58 67 56 92 51 52 64 79 19 45 21 62 48 72 63 51 19 72 68 79 47 54 15 68 58 23 48 93 50 53 50 89 95 46 60 58 94 88 24 41 109 98 44 40 40 83 37 40 30 80 63 95 39 57 16 27 56 54 37 45 62 82 64 41 73 25 62 102 63 7 28 101 81 43 57 51 17 41 95 80 43 63 93 90 44 87 40 61 93 83 50 48 101 74 53 
57 57 27 36 39 34 9 20 47 36 58 36 25 36 6 48 51 43 44 34 29 32 37 73 52 45 34 28 66 18 50 24 39 35 38 74 28 62 52 26 10 62 47 18 26 34 23 21 33 10 49 37 33 39 47 40 0 61 67 25 40 47 31 20 33 20 40 18 35 16 58 27 12 24 41 30 41 25 23 13 32 30 24 22 32 45 40 20 26 26 30 42 18 14 53 12 35 41 49 62 31 46 43 63 48 32 38 70 62 5 1 7 55 11 33 28 41 24 63 11 33 29 20 16 26 33 8 28 48 44 3 34 25 49 63 27 36 27 61 44 36 45 13 22 18 65 56 13 27 55 52 7 48 1 35 71 60 25 30 62 48 39 
103 103 89 51 30 92 70 53 49 41 4 61 67 32 61 15 23 32 69 27 85 94 33 44 58 22 28 73 39 43 35 70 95 96 97 47 89 25 49 87 55 21 98 71 55 39 45 69 49 70 12 44 67 24 61 99 61 0 19 78 22 17 32 81 94 80 32 45 33 45 18 51 49 43 46 92 72 87 38 51 31 36 71 79 32 44 23 70 70 83 31 57 75 61 28 49 83 93 18 17 60 60 58 27 21 81 73 21 10 55 60 65 34 61 68 74 41 48 20 69 48 91 81 47 70 72 60 60 21 50 58 26 76 61 10 35 96 74 16 17 91 93 48 83 58 30 43 67 56 5 9 55 15 60 45 48 46 73 81 9 40 59 
98 98 94 67 45 100 74 64 66 36 16 56 79 47 68 20 41 27 85 33 94 97 48 64 76 22 39 71 59 50 53 68 94 102 105 66 93 45 67 92 59 6 109 80 53 36 45 69 63 77 21 38 80 37 78 106 67 19 0 88 34 20 35 85 100 83 48 48 47 50 38 64 54 44 39 96 86 91 43 59 34 48 70 87 34 61 27 70 68 92 40 73 83 63 17 56 80 91 17 37 74 77 74 47 18 92 87 2 30 62 66 69 53 70 82 85 34 48 40 72 62 96 85 51 68 85 63 57 38 67 65 35 86 78 8 46 103 85 5 29 91 90 55 90 69 50 62 69 53 22 22 62 20 66 60 68 65 72 79 10 58 75 
73 73 26 34 49 15 25 24 45 61 76 61 13 46 20 68 62 67 30 54 8 32 46 75 45 66 50 50 69 38 55 47 49 24 21 75 27 70 51 25 35 84 22 7 51 59 48 43 34 16 68 63 20 54 39 22 25 78 88 0 56 67 52 26 25 30 49 43 45 38 69 29 36 49 66 28 25 26 44 28 54 42 46 6 54 46 61 41 49 8 48 36 7 38 76 32 53 55 70 73 24 38 36 71 70 7 21 91 76 28 25 30 60 18 18 8 66 49 73 31 34 24 27 40 48 16 33 53 60 42 25 53 3 40 82 42 23 6 82 61 48 61 33 15 19 72 57 35 52 72 69 26 68 25 38 71 60 46 48 81 51 31 
88 88 68 32 12 69 49 31 34 31 20 49 45 12 39 14 15 27 50 11 63 73 14 43 43 18 6 57 36 22 24 53 76 74 75 45 68 26 35 66 36 32 76 49 41 28 29 52 29 48 13 35 46 3 44 77 40 22 34 56 0 15 16 60 73 60 14 27 13 25 20 29 29 27 38 70 52 66 18 29 16 14 54 57 17 28 13 52 54 61 10 39 53 43 30 27 66 76 19 23 39 43 40 28 21 59 52 37 22 34 39 45 26 39 47 52 34 33 24 49 27 69 61 28 54 50 40 46 10 33 37 7 54 45 27 13 74 52 29 4 73 77 27 61 36 31 33 48 41 16 13 33 15 39 25 44 37 56 63 26 26 40 
86 86 74 47 27 79 55 44 49 23 13 44 58 28 48 2 27 16 65 12 73 78 30 54 58 5 19 56 48 29 38 53 78 82 84 56 74 35 50 73 40 17 88 59 38 21 28 52 44 57 5 26 60 19 59 86 47 17 20 67 15 0 16 66 80 64 30 29 28 30 28 43 34 26 29 77 66 72 23 38 14 28 54 67 15 44 6 53 52 71 19 54 62 45 15 35 65 76 4 29 54 58 55 37 6 71 66 23 24 41 46 50 39 49 61 64 24 31 32 53 42 76 66 32 53 64 44 43 23 48 45 14 65 60 16 25 83 64 15 11 75 76 34 69 48 41 47 50 38 13 10 41 1 46 40 57 51 56 63 15 41 55 
73 73 58 39 24 64 39 31 44 16 28 33 45 23 32 17 32 16 56 5 58 62 25 58 53 13 13 42 52 14 38 38 63 66 69 60 58 42 48 56 24 31 74 45 25 12 13 37 35 41 19 19 49 18 52 70 31 32 35 52 16 16 0 50 64 48 27 13 23 14 36 33 18 12 23 61 56 56 8 24 1 20 39 52 2 40 9 38 38 56 9 47 47 29 24 20 51 62 18 38 43 51 48 44 17 58 55 38 36 26 30 34 41 34 49 51 19 17 40 37 34 60 50 16 38 52 28 30 26 43 29 8 51 54 32 15 67 51 30 17 59 62 19 54 35 47 47 35 25 26 23 26 17 30 33 59 52 41 49 31 40 46 
46 46 8 52 59 24 10 37 63 51 78 42 35 56 23 67 71 59 55 54 23 12 57 91 67 63 54 27 85 38 69 25 23 19 25 92 8 82 70 7 26 80 42 23 36 50 39 22 50 15 69 51 44 60 61 27 20 81 85 26 60 66 50 0 16 4 60 36 55 36 79 44 31 40 53 10 50 6 43 32 51 50 24 19 51 62 59 20 27 20 50 57 19 23 70 32 28 29 68 82 45 60 57 83 66 34 47 88 83 26 21 16 74 25 42 34 55 38 83 13 50 11 0 34 27 41 22 35 68 60 23 54 29 63 82 47 20 32 80 64 21 34 33 12 33 85 74 17 37 75 72 27 67 21 53 89 78 23 22 81 67 53 
55 55 7 58 69 13 25 45 69 67 92 59 37 66 33 82 82 75 55 68 18 9 67 99 70 78 67 42 93 51 78 41 30 3 10 99 8 92 75 8 41 95 31 27 52 66 55 38 57 24 83 67 45 72 64 12 33 94 100 25 73 80 64 16 0 20 70 51 65 50 90 51 45 56 70 7 50 10 57 44 66 61 39 19 65 69 73 36 43 16 63 61 22 39 86 45 41 38 83 93 49 63 61 93 82 30 46 103 95 39 34 31 83 34 44 34 71 54 94 29 57 4 16 49 43 41 37 52 79 66 35 68 28 66 97 59 5 31 95 77 30 45 46 11 40 95 81 33 53 89 85 39 82 34 61 95 84 39 36 96 75 56 
42 42 12 54 59 29 10 39 65 48 77 38 38 56 24 66 72 57 58 52 28 14 57 92 69 61 54 22 86 37 70 21 20 23 29 93 11 82 71 11 24 77 46 27 32 47 37 18 52 17 67 48 47 59 64 31 20 80 83 30 60 64 48 4 20 0 60 35 55 35 79 45 30 38 50 14 54 10 42 33 50 50 19 24 49 64 57 16 23 25 49 59 23 20 67 32 23 25 66 82 47 63 60 84 64 38 50 86 82 26 21 14 75 27 46 37 52 35 83 11 52 15 3 32 22 44 20 32 68 62 23 53 33 66 81 47 25 35 78 63 18 30 32 17 35 86 76 14 33 74 71 27 66 21 54 90 80 19 18 80 68 55 
94 94 66 19 2 64 49 24 19 43 32 59 36 4 36 29 12 41 37 23 57 72 2 33 28 33 13 63 26 26 11 59 79 70 70 35 67 22 21 64 39 46 67 43 49 40 38 56 16 46 27 47 35 10 29 71 40 32 48 49 14 30 27 60 70 60 0 33 5 29 20 20 32 36 51 69 39 64 25 27 28 10 59 52 29 14 27 57 60 56 17 25 48 47 45 28 72 80 34 24 28 28 26 23 35 50 41 50 27 34 39 47 15 35 37 43 46 41 24 51 15 67 60 34 60 40 43 54 11 19 36 19 46 30 40 14 70 44 43 18 76 82 28 58 29 25 20 51 50 27 25 32 29 39 12 33 24 61 68 38 12 27 
61 61 45 39 31 52 26 26 47 18 42 26 38 29 22 31 41 24 53 17 47 49 31 67 55 26 22 30 60 8 45 26 49 53 57 68 45 52 52 43 10 43 65 35 16 16 6 24 35 29 33 20 44 28 52 58 18 45 48 43 27 29 13 36 51 35 33 0 28 5 47 30 6 6 24 47 51 43 8 16 15 23 27 41 14 43 22 25 27 45 17 47 36 16 34 12 39 49 31 50 39 51 47 54 30 49 50 51 49 14 18 20 49 25 44 43 23 9 51 23 34 47 37 2 26 46 14 21 37 45 18 19 42 54 45 18 54 42 43 30 46 50 10 41 28 57 53 21 16 40 36 16 31 18 35 67 58 29 36 45 45 45 
89 89 61 19 4 60 44 20 21 39 33 54 33 1 32 27 16 38 37 20 53 67 2 39 31 30 9 58 32 20 16 53 74 66 66 40 62 27 25 59 34 45 65 39 44 35 33 51 15 41 26 42 33 9 31 67 35 33 47 45 13 28 23 55 65 55 5 28 0 24 24 17 27 31 46 64 38 60 20 22 24 5 54 48 25 16 25 51 55 52 13 26 44 42 43 23 66 75 32 28 27 30 26 28 33 48 39 50 30 29 34 41 20 30 35 40 43 36 28 45 14 62 55 28 54 38 37 49 14 20 31 16 43 32 40 9 66 41 42 18 71 77 23 53 26 30 25 45 45 28 26 27 28 34 12 38 29 56 62 39 17 27 
65 65 44 33 27 49 25 20 42 23 42 32 33 25 18 32 38 28 47 17 44 48 26 63 49 28 19 34 56 3 40 29 51 51 54 64 44 49 46 42 11 46 60 31 21 20 12 27 30 26 33 26 38 25 46 56 16 45 50 38 25 30 14 36 50 35 29 5 24 0 44 25 4 11 30 46 46 42 7 11 16 18 30 37 16 38 23 28 30 41 14 41 33 18 38 7 42 52 33 48 34 45 42 51 32 44 44 53 47 11 15 20 44 20 38 38 28 15 49 24 28 46 36 4 30 40 15 26 34 39 14 18 37 48 47 14 52 37 45 28 48 53 4 39 22 53 48 22 22 39 36 11 32 15 29 62 53 32 39 46 40 39 
109 109 85 38 20 84 68 45 33 50 21 69 57 23 56 26 7 44 55 31 77 91 23 26 41 33 25 77 20 42 18 73 96 90 90 28 86 7 31 84 56 39 87 64 61 47 49 72 36 65 23 53 55 19 45 92 58 18 38 69 20 28 36 79 90 79 20 47 24 44 0 40 49 48 57 88 58 84 38 46 36 28 74 72 37 28 31 72 74 76 30 42 68 63 43 46 87 96 31 3 48 44 43 9 34 71 60 40 9 52 57 64 16 55 56 64 52 53 4 68 35 86 79 48 74 60 59 66 10 34 55 28 67 45 29 31 90 65 34 18 93 97 46 78 50 12 25 67 61 16 18 51 27 57 32 30 28 76 83 27 23 45 
84 84 48 9 21 44 35 6 20 47 50 57 16 18 21 43 32 49 23 32 37 54 17 47 25 44 24 54 41 22 26 50 65 51 50 48 49 41 26 47 31 61 47 24 46 44 37 47 6 28 43 50 16 26 22 51 27 51 64 29 29 43 33 44 51 45 20 30 17 25 40 0 26 36 54 51 23 47 26 15 34 15 50 32 35 18 38 47 52 36 24 16 29 38 56 19 62 68 47 44 10 20 17 42 48 30 23 67 47 22 25 34 31 18 17 23 51 40 44 38 6 49 44 29 52 21 32 50 31 17 23 29 26 23 57 18 51 24 58 34 63 72 21 39 10 43 30 40 46 45 43 20 44 26 9 45 34 52 57 56 23 14 
61 61 39 35 31 46 20 21 44 25 46 30 31 28 15 36 42 31 47 22 40 44 30 66 51 32 24 30 59 7 44 26 47 47 50 68 40 53 49 38 6 49 58 28 19 22 13 24 31 22 37 27 38 29 48 52 12 49 54 36 29 34 18 31 45 30 32 6 27 4 49 26 0 12 31 42 46 37 11 11 20 22 26 34 19 41 28 24 27 38 19 42 30 14 41 6 39 47 37 52 34 46 43 55 36 42 44 57 52 8 12 15 48 18 38 36 30 14 53 19 30 41 32 4 27 39 10 24 38 41 11 23 35 49 51 18 48 36 49 33 44 49 4 35 22 57 51 18 20 44 40 9 36 11 32 65 56 28 35 50 43 40 
60 60 49 44 34 58 30 32 52 12 40 22 44 32 28 28 43 19 59 17 53 53 34 69 60 23 24 30 62 14 48 26 51 58 62 71 49 54 56 48 15 39 71 41 13 10 1 25 40 35 31 14 50 29 58 64 24 43 44 49 27 26 12 40 56 38 36 6 31 11 48 36 12 0 18 51 57 47 11 23 12 27 27 46 11 47 20 26 26 50 19 52 42 18 29 18 39 50 28 50 45 56 53 55 26 55 56 47 48 21 24 24 51 31 50 49 17 5 52 27 39 52 41 8 26 52 18 18 38 50 24 20 48 59 42 22 59 49 39 29 48 50 16 47 34 58 56 24 13 38 35 22 28 23 39 70 61 29 37 42 49 50 
59 59 62 61 48 74 45 50 68 7 42 16 62 47 45 31 54 13 77 27 70 65 49 81 77 24 37 33 74 32 62 31 57 72 77 83 62 63 72 61 31 33 88 59 17 11 18 33 58 51 35 4 68 41 75 79 41 46 39 66 38 29 23 53 70 50 51 24 46 30 57 54 31 18 0 64 76 60 28 41 22 43 33 63 21 63 25 35 30 67 33 70 59 30 21 37 42 53 28 58 64 74 70 66 25 73 75 41 54 38 41 39 64 49 69 67 5 17 61 40 57 65 53 26 31 70 34 19 49 66 41 31 66 76 41 38 74 67 35 38 54 51 34 62 52 69 71 36 17 43 40 40 31 40 56 83 75 35 42 41 63 68 
48 48 3 59 68 20 21 45 70 62 89 52 40 65 32 78 81 70 59 64 22 3 66 99 73 74 64 35 93 48 78 34 23 10 17 100 2 91 77 4 37 91 38 28 46 61 50 32 58 23 80 62 48 70 67 19 30 92 96 28 70 77 61 10 7 14 69 47 64 46 88 51 42 51 64 0 53 4 53 42 62 59 33 22 61 70 70 30 36 20 60 63 23 34 81 43 33 31 79 92 50 66 63 92 77 35 50 99 93 36 31 27 83 34 46 37 66 49 92 24 58 4 10 45 36 44 33 46 78 67 33 65 31 68 93 57 12 35 91 75 23 37 43 13 40 94 82 28 47 86 83 37 78 31 61 96 85 32 29 92 75 58 
96 96 51 20 41 38 45 25 26 69 71 76 16 39 34 66 51 72 5 55 32 57 38 55 23 68 47 69 51 44 40 66 73 49 44 55 52 56 31 50 49 84 32 26 65 66 58 62 23 36 65 72 7 48 16 45 41 72 86 25 52 66 56 50 50 54 39 51 38 46 58 23 46 57 76 53 0 51 49 35 57 38 65 31 58 30 62 61 68 33 48 16 30 55 79 39 75 79 70 61 12 16 16 57 71 20 3 89 67 39 40 48 44 30 8 16 74 60 60 51 24 50 51 50 67 9 49 69 51 24 38 52 21 17 79 41 48 18 81 56 72 84 41 40 24 57 38 54 66 66 65 37 66 40 27 50 40 66 70 78 35 12 
48 48 2 55 64 20 17 41 67 58 84 48 36 61 28 74 77 66 56 60 21 7 62 95 69 69 60 32 89 43 74 31 23 13 19 96 2 87 73 1 32 86 38 25 42 57 46 28 54 19 75 58 45 65 64 21 25 87 91 26 66 72 56 6 10 10 64 43 60 42 84 47 37 47 60 4 51 0 49 37 58 55 29 19 57 66 65 26 33 18 56 59 20 29 77 38 31 30 75 87 47 62 60 88 73 33 47 94 88 31 26 22 78 29 44 34 61 45 88 20 54 5 6 40 32 42 28 42 73 64 28 60 29 65 89 53 14 32 86 70 23 37 39 10 36 90 78 24 43 81 78 32 74 26 57 92 82 29 27 88 71 55 
70 70 51 33 23 56 32 23 40 21 35 34 37 21 24 24 33 23 49 10 50 55 23 58 49 22 13 39 51 6 37 35 58 58 61 60 51 43 44 49 17 39 66 37 24 17 12 33 30 33 26 24 41 19 47 62 23 38 43 44 18 23 8 43 57 42 25 8 20 7 38 26 11 11 28 53 49 49 0 16 10 15 35 43 10 36 16 34 35 48 8 41 39 24 32 12 48 57 26 41 36 45 42 45 25 50 48 46 40 18 22 27 40 26 42 43 25 16 43 31 28 53 43 10 35 44 21 29 28 38 21 11 43 48 39 11 59 43 38 21 54 59 11 46 27 48 45 29 24 32 29 18 24 22 28 58 50 37 45 38 37 40 
69 69 39 24 26 41 22 10 35 35 48 41 21 23 10 39 39 39 36 25 34 44 24 60 41 38 23 39 53 10 37 35 52 45 46 61 40 49 40 37 15 55 50 21 30 32 23 32 21 19 40 37 27 27 37 48 13 51 59 28 29 38 24 32 44 33 27 16 22 11 46 15 11 23 41 42 35 37 16 0 26 17 35 28 26 32 32 31 36 33 20 32 24 23 48 4 47 54 42 49 23 36 32 50 41 33 33 62 51 7 11 20 42 10 27 27 39 25 50 24 21 40 33 14 36 29 17 34 35 32 9 25 27 39 54 15 45 26 54 33 49 57 6 32 11 52 43 25 31 45 42 5 39 12 22 58 48 36 42 53 36 29 
73 73 60 40 25 66 41 33 46 15 27 33 47 24 34 16 32 14 58 4 60 64 26 59 55 12 14 43 52 16 39 39 64 68 70 61 60 42 49 58 25 29 76 47 25 12 14 38 37 43 18 19 50 18 54 72 32 31 34 54 16 14 1 51 66 50 28 15 24 16 36 34 20 12 22 62 57 58 10 26 0 21 40 53 1 41 7 39 39 58 10 49 49 30 22 22 52 62 16 38 45 53 49 44 15 60 57 37 35 27 32 35 42 36 51 53 18 18 40 38 36 62 51 17 39 54 29 30 26 44 31 8 53 55 30 16 68 53 29 17 60 63 21 55 36 47 48 36 26 25 22 28 16 32 35 60 52 42 50 30 41 48 
84 84 56 19 9 56 39 17 25 36 34 50 31 6 27 28 21 35 37 17 49 62 7 44 33 29 9 53 37 15 21 48 69 61 62 45 57 32 28 55 29 46 62 35 39 32 28 46 16 36 27 39 32 11 32 63 30 36 48 42 14 28 20 50 61 50 10 23 5 18 28 15 22 27 43 59 38 55 15 17 21 0 49 44 22 20 23 46 49 48 10 27 40 37 42 17 61 70 32 32 25 31 28 33 33 45 38 51 34 24 29 36 26 26 33 38 39 32 33 40 14 57 50 23 49 36 32 44 18 23 26 14 40 34 42 4 62 38 43 19 66 72 18 49 22 35 29 40 40 30 27 22 28 29 13 43 34 51 57 40 21 27 
35 35 32 59 57 48 20 44 70 33 67 19 49 55 31 56 69 43 68 44 46 32 57 93 76 50 49 4 86 33 71 1 24 42 49 94 31 79 75 31 20 64 65 40 16 34 26 3 57 30 58 32 58 55 72 51 24 71 70 46 54 54 39 24 39 19 59 27 54 30 74 50 26 27 33 33 65 29 35 35 40 49 0 40 39 67 47 4 3 42 44 66 38 12 53 32 12 22 55 77 56 70 67 81 52 54 62 72 76 27 25 17 75 35 57 51 36 22 79 14 56 35 23 26 3 57 17 13 64 67 27 47 47 73 69 45 44 49 66 57 21 23 31 35 42 84 78 11 17 66 63 30 56 25 58 92 82 2 9 69 70 63 
66 66 19 38 52 12 20 27 50 59 77 56 18 49 19 68 64 65 36 54 6 25 49 79 51 66 51 44 74 37 59 41 42 19 18 80 21 74 56 18 32 83 25 8 47 56 46 38 38 11 68 60 26 55 45 19 22 79 87 6 57 67 52 19 19 24 52 41 48 37 72 32 34 46 63 22 31 19 43 28 53 44 40 0 53 50 60 36 44 4 48 41 4 34 75 31 47 49 70 76 29 44 42 75 69 14 28 90 78 26 22 25 64 18 24 15 63 46 76 26 38 18 20 38 43 22 29 49 62 47 22 53 9 46 83 43 18 12 82 62 41 54 32 8 22 76 62 30 48 73 70 25 68 22 42 76 65 40 42 82 55 37 
72 72 59 41 26 65 40 33 47 14 28 32 47 25 34 17 33 14 58 6 60 63 28 60 56 12 15 41 53 16 40 38 63 67 70 62 59 43 50 57 24 30 76 47 24 10 13 37 38 42 19 17 51 20 55 72 32 32 34 54 17 15 2 51 65 49 29 14 25 16 37 35 19 11 21 61 58 57 10 26 1 22 39 53 0 42 8 38 38 57 11 49 49 29 22 22 51 61 17 39 45 53 50 45 16 60 57 37 37 27 31 34 43 36 52 53 17 16 41 38 36 61 51 16 38 54 29 29 28 45 30 10 53 56 31 17 68 53 29 18 59 61 20 55 37 48 49 35 24 27 23 28 17 31 35 61 54 41 48 31 42 49 
102 102 67 11 16 61 53 25 5 56 45 70 32 16 39 43 21 55 26 37 54 73 14 29 14 47 26 71 23 35 10 67 84 69 68 29 68 26 8 66 47 60 61 42 59 52 49 64 12 47 41 59 28 24 16 68 45 44 61 46 28 44 40 62 69 64 14 43 16 38 28 18 41 47 63 70 30 66 36 32 41 20 67 50 42 0 41 64 68 54 30 14 47 55 59 35 79 86 48 32 22 16 14 26 49 45 32 64 37 40 43 52 14 36 30 38 60 52 30 56 12 67 63 43 68 33 49 64 23 6 41 33 42 17 53 25 69 40 56 32 81 90 36 58 29 27 11 57 60 39 38 37 43 44 9 26 15 69 75 51 5 17 
80 80 67 43 25 73 48 38 47 19 19 39 52 25 41 8 28 13 61 6 67 72 27 56 56 5 15 50 49 23 37 46 71 75 78 58 67 38 49 66 33 23 82 53 32 16 21 46 40 50 10 22 55 17 56 79 40 23 27 61 13 6 9 59 73 57 27 22 25 23 31 38 28 20 25 70 62 65 16 32 7 23 47 60 8 41 0 47 46 65 13 51 56 38 18 29 59 70 9 33 49 55 52 40 9 66 61 30 29 35 39 43 39 43 56 59 21 25 35 46 38 69 59 25 46 59 37 37 23 46 38 9 59 57 23 20 76 59 21 12 68 70 28 63 42 43 47 44 32 18 15 35 8 39 37 58 51 49 57 22 40 51 
38 38 28 56 55 44 16 40 66 34 67 22 45 53 27 55 66 43 64 43 41 30 54 90 72 49 47 8 83 31 68 5 24 39 45 92 27 77 72 27 17 64 60 36 17 34 25 1 53 26 57 33 53 53 68 47 20 70 70 41 52 53 38 20 36 16 57 25 51 28 72 47 24 26 35 30 61 26 34 31 39 46 4 36 38 64 47 0 7 38 42 63 34 9 54 29 15 23 55 75 52 67 63 79 52 49 58 73 74 24 21 13 72 31 53 47 37 22 77 10 52 31 19 23 6 53 14 16 62 64 24 45 43 70 69 42 41 45 66 55 21 25 28 31 38 81 75 7 18 65 62 26 55 21 54 89 79 5 11 69 67 59 
34 34 36 61 58 51 24 46 71 31 66 15 52 56 33 55 69 41 71 43 49 36 57 94 78 48 49 3 87 34 71 2 27 46 52 95 34 79 77 35 21 62 68 43 14 32 25 6 58 33 57 29 60 55 74 54 26 70 68 49 54 52 38 27 43 23 60 27 55 30 74 52 27 26 30 36 68 33 35 36 39 49 3 44 38 68 46 7 0 46 44 68 41 13 51 33 13 23 53 77 58 72 69 81 51 57 65 70 75 29 28 19 75 38 59 54 33 21 78 18 57 39 27 26 0 60 19 10 64 69 30 46 50 75 68 45 48 52 63 56 23 23 32 39 45 84 79 14 14 65 62 32 54 27 59 93 83 4 11 67 71 65 
67 67 17 42 56 8 22 31 53 63 81 59 21 53 23 72 69 69 39 58 3 24 53 83 54 70 55 46 78 42 63 44 42 15 14 83 19 78 59 17 36 88 22 12 51 60 50 40 42 15 73 64 29 60 48 15 26 83 92 8 61 71 56 20 16 25 56 45 52 41 76 36 38 50 67 20 33 18 48 33 58 48 42 4 57 54 65 38 46 0 53 44 8 37 79 35 48 49 74 80 32 47 45 79 74 14 30 95 82 30 26 28 68 22 27 17 67 50 80 28 42 16 21 42 45 24 33 52 66 50 27 58 12 49 87 48 15 15 86 66 41 55 37 8 26 80 65 33 51 78 75 29 72 26 46 79 69 43 43 86 59 40 
79 79 58 30 15 61 39 24 35 25 28 41 38 14 29 19 24 25 47 7 54 63 16 50 44 19 5 47 43 12 29 43 66 64 66 52 58 35 38 56 26 36 69 40 32 22 20 42 26 39 20 29 41 10 43 68 30 31 40 48 10 19 9 50 63 49 17 17 13 14 30 24 19 19 33 60 48 56 8 20 10 10 44 48 11 30 13 42 44 53 0 38 44 33 31 17 56 66 23 33 35 42 38 37 23 52 47 43 32 24 29 35 32 30 42 45 29 24 34 38 25 59 50 18 44 45 29 37 19 33 27 5 46 44 34 6 65 45 34 14 63 67 17 52 29 40 38 37 32 25 22 23 20 29 24 51 42 46 53 33 30 38 
100 100 60 8 28 50 49 22 10 62 58 73 23 26 36 54 35 63 12 45 44 66 25 39 10 57 36 71 35 38 24 66 79 60 57 39 61 40 15 58 47 72 48 34 62 59 53 63 11 41 52 65 15 36 5 58 42 57 73 36 39 54 47 57 61 59 25 47 26 41 42 16 42 52 70 63 16 59 41 32 49 27 66 41 49 14 51 63 68 44 38 0 39 55 69 36 78 83 59 46 12 4 0 40 60 33 18 76 51 39 41 50 28 32 17 27 67 56 45 53 13 59 58 46 68 21 49 66 36 8 38 42 32 7 66 32 59 29 68 44 77 88 37 50 24 40 22 56 63 52 51 36 55 41 14 35 25 68 73 64 19 4 
66 66 20 35 48 16 17 23 47 55 73 53 16 45 15 63 60 61 35 50 10 27 45 76 49 61 47 42 70 33 55 39 42 22 22 76 22 70 53 19 28 79 28 5 44 52 42 35 35 8 64 56 24 51 43 23 18 75 83 7 53 62 47 19 22 23 48 36 44 33 68 29 30 42 59 23 30 20 39 24 49 40 38 4 49 47 56 34 41 8 44 39 0 31 71 27 46 48 66 72 26 42 39 71 65 15 27 86 74 22 18 22 60 13 23 14 59 42 72 23 35 20 20 34 41 21 26 46 58 44 18 49 9 44 79 39 22 12 78 57 41 54 28 10 18 72 59 27 45 69 66 21 64 19 38 73 62 38 40 77 52 34 
47 47 32 47 45 44 14 32 58 28 58 22 39 43 20 47 57 36 58 34 40 35 45 81 64 41 38 16 74 21 59 11 33 42 46 82 31 68 63 30 7 57 59 32 13 27 17 9 45 22 49 28 47 43 60 48 14 61 63 38 43 45 29 23 39 20 47 16 42 18 63 38 14 18 30 34 55 29 24 23 30 37 12 34 29 55 38 9 13 37 33 55 31 0 47 20 24 33 46 66 45 59 55 69 44 46 52 65 65 16 15 8 63 25 47 42 32 15 67 9 44 34 23 14 13 47 6 14 52 55 16 36 39 62 61 33 43 41 58 46 30 35 19 31 31 72 66 6 14 56 53 18 46 14 45 80 70 14 20 60 58 52 
80 80 79 61 42 87 60 55 64 19 23 38 69 43 56 17 43 10 79 24 82 82 45 69 74 12 33 54 63 38 54 51 78 88 91 72 79 50 66 77 44 11 98 69 36 20 30 52 58 64 20 21 73 34 74 93 53 28 17 76 30 15 24 70 86 67 45 34 43 38 43 56 41 29 21 81 79 77 32 48 22 42 53 75 22 59 18 54 51 79 31 69 71 47 0 44 63 74 11 44 67 73 70 52 9 82 79 19 37 49 53 54 55 58 74 75 17 32 46 56 56 81 70 37 51 76 48 40 38 64 52 27 75 75 20 38 89 75 14 27 74 72 43 76 59 56 63 53 36 27 25 50 16 53 55 72 67 55 62 21 57 69 
67 67 40 28 27 43 22 14 38 30 46 37 25 24 12 37 39 35 41 23 37 45 25 61 44 34 21 36 54 6 39 32 51 46 48 62 40 49 43 38 12 52 53 24 26 27 18 29 25 21 37 33 31 27 41 50 12 49 56 32 27 35 20 32 45 32 28 12 23 7 46 19 6 18 37 43 39 38 12 4 22 17 32 31 22 35 29 29 33 35 17 36 27 20 44 0 44 52 39 49 27 40 36 51 38 37 38 59 50 6 11 18 43 13 32 31 35 21 50 22 24 41 33 10 33 33 15 30 35 35 9 22 31 43 52 15 47 30 51 32 48 55 2 34 15 53 46 22 27 43 40 5 37 11 25 60 50 34 40 51 38 33 
22 22 34 71 70 52 29 55 82 44 79 25 59 68 41 68 81 53 79 56 51 32 69 105 87 61 62 9 99 46 83 13 16 44 51 107 32 92 87 33 32 74 70 49 27 44 38 15 68 38 70 42 67 67 83 53 35 83 80 53 66 65 51 28 41 23 72 39 66 42 87 62 39 39 42 33 75 31 48 47 52 61 12 47 51 79 59 15 13 48 56 78 46 24 63 44 0 11 66 90 66 81 78 94 63 61 72 82 88 39 36 27 87 46 66 60 46 34 91 24 68 37 27 38 12 66 29 23 76 79 39 59 55 84 80 57 46 58 76 69 13 10 43 40 53 96 90 22 27 78 75 41 67 36 69 104 94 10 5 80 82 74 
17 17 32 77 79 51 34 62 89 55 90 36 63 76 47 78 90 64 83 66 52 28 78 114 93 72 71 20 107 55 91 23 8 41 49 115 30 101 94 32 40 85 69 52 38 55 48 24 75 42 81 53 72 77 88 50 41 93 91 55 76 76 62 29 38 25 80 49 75 52 96 68 47 50 53 31 79 30 57 54 62 70 22 49 61 86 70 23 23 49 66 83 48 33 74 52 11 0 77 99 72 87 84 103 74 63 75 94 98 46 43 34 96 51 71 63 57 45 101 30 75 35 28 47 23 70 37 34 86 86 45 69 58 90 91 66 43 60 87 79 7 6 51 40 59 105 98 29 38 88 85 49 78 42 77 112 102 20 12 91 90 80 
85 85 77 51 31 83 57 47 53 23 14 43 62 32 51 5 31 14 70 16 76 81 34 58 63 5 23 57 51 32 42 53 79 85 87 60 77 39 55 75 42 13 92 63 38 21 29 53 48 60 8 25 64 23 63 89 49 18 17 70 19 4 18 68 83 66 34 31 32 33 31 47 37 28 28 79 70 75 26 42 16 32 55 70 17 48 9 55 53 74 23 59 66 46 11 39 66 77 0 32 58 62 59 41 3 75 71 20 27 44 49 52 43 52 65 68 23 32 35 55 47 79 68 34 53 68 46 43 27 53 48 18 69 64 14 29 85 68 12 16 76 76 37 72 52 44 52 52 38 15 13 44 4 49 45 61 56 57 64 14 46 59 
111 111 89 42 23 88 71 48 36 52 21 71 61 26 59 27 11 45 58 33 81 94 26 26 44 35 28 80 21 45 21 76 99 94 94 29 89 8 34 87 59 39 91 67 64 49 52 75 40 69 24 55 58 22 48 95 62 17 37 73 23 29 38 82 93 82 24 50 28 48 3 44 52 50 58 92 61 87 41 49 38 32 77 76 39 32 33 75 77 80 33 46 72 66 44 49 90 99 32 0 52 48 46 9 35 75 63 39 7 56 61 68 18 59 60 67 53 56 2 71 39 90 83 51 77 64 63 69 14 38 58 30 70 48 28 34 94 68 34 21 96 100 49 81 54 12 28 71 64 16 19 54 28 61 36 31 30 79 86 27 26 49 
89 89 47 10 30 39 38 13 20 57 60 65 11 27 25 54 40 59 13 42 32 54 26 50 22 55 34 60 45 31 32 56 67 48 46 50 49 48 26 46 38 71 39 21 54 54 46 53 11 29 53 60 6 36 16 46 31 60 74 24 39 54 43 45 49 47 28 39 27 34 48 10 34 45 64 50 12 47 36 23 45 25 56 29 45 22 49 52 58 32 35 12 26 45 67 27 66 72 58 52 0 15 12 48 58 23 12 77 56 29 30 39 36 20 8 16 61 48 51 42 12 47 45 38 58 11 39 58 40 17 28 40 21 18 67 28 47 18 69 44 66 76 29 37 13 49 33 45 55 55 53 26 54 31 16 46 36 57 61 66 27 7 
104 104 63 12 31 52 53 26 11 67 61 77 26 30 40 57 38 67 11 49 46 69 28 39 7 61 39 75 35 42 26 70 83 62 59 38 64 42 15 61 52 75 48 37 66 63 57 67 15 45 56 70 17 39 1 60 46 60 77 38 43 58 51 60 63 63 28 51 30 45 44 20 46 56 74 66 16 62 45 36 53 31 70 44 53 16 55 67 72 47 42 4 42 59 73 40 81 87 62 48 15 0 3 41 64 35 19 79 54 43 45 54 29 36 19 29 71 60 46 57 17 62 61 50 72 23 53 71 39 10 42 45 35 2 69 36 62 32 72 47 81 91 42 52 28 41 22 59 67 55 54 40 58 45 18 34 24 72 77 67 21 7 
101 101 60 8 28 51 50 23 10 63 58 74 23 27 37 54 35 64 12 46 44 67 25 39 9 57 36 71 35 39 24 67 80 60 58 39 62 40 15 59 48 72 48 34 63 60 54 64 12 42 53 66 16 36 4 58 43 58 74 36 40 55 48 57 61 60 26 47 26 42 43 17 43 53 70 63 16 60 42 32 49 28 67 42 50 14 52 63 69 45 38 0 39 55 70 36 78 84 59 46 12 3 0 40 60 34 19 77 52 39 41 51 28 32 18 28 67 57 45 54 13 60 58 46 68 21 49 67 37 8 39 42 33 6 66 32 60 30 69 44 78 88 38 50 25 40 22 56 64 53 51 37 55 42 14 35 24 68 73 64 19 5 
116 116 89 38 24 86 73 47 30 59 30 78 58 27 60 35 12 53 53 39 79 95 26 17 37 43 31 85 11 48 16 80 102 93 93 19 90 2 27 88 62 49 87 66 69 56 57 79 37 69 32 62 54 26 42 94 63 27 47 71 28 37 44 83 93 84 23 54 28 51 9 42 55 55 66 92 57 88 45 50 44 33 81 75 45 26 40 79 81 79 37 40 71 69 52 51 94 103 41 9 48 41 40 0 44 72 59 49 17 58 62 70 12 58 56 64 61 61 7 74 36 90 84 55 81 60 65 74 17 32 60 35 68 42 38 36 93 66 43 27 99 104 51 81 52 3 19 73 69 26 27 56 36 62 33 21 21 83 90 36 21 44 
83 83 75 52 33 82 56 47 55 20 17 40 62 33 50 8 34 11 70 16 76 79 35 60 64 3 24 54 54 32 44 51 77 83 86 62 75 41 56 73 40 13 92 62 36 18 27 51 49 58 11 23 64 24 65 88 48 21 18 70 21 6 17 66 82 64 35 30 33 32 34 48 36 26 25 77 71 73 25 41 15 33 52 69 16 49 9 52 51 74 23 60 65 44 9 38 63 74 3 35 58 64 60 44 0 75 71 21 30 43 48 50 45 52 65 68 20 30 37 53 47 77 67 32 51 68 44 40 29 54 47 18 68 66 17 29 84 68 13 18 73 73 36 71 51 47 54 50 36 18 16 44 7 47 46 63 58 54 62 16 48 60 
81 81 32 33 51 18 33 28 43 68 80 68 14 49 27 72 63 73 25 59 12 38 48 73 42 71 53 58 68 43 55 55 56 28 24 73 34 71 49 32 42 89 16 14 59 65 55 51 34 23 72 69 17 57 36 24 32 81 92 7 59 71 58 34 30 38 50 49 48 44 71 30 42 55 73 35 20 33 50 33 60 45 54 14 60 45 66 49 57 14 52 33 15 46 82 37 61 63 75 75 23 35 34 72 75 0 16 95 78 34 32 38 60 24 15 7 72 56 74 39 35 31 35 46 56 12 41 61 62 40 31 57 7 37 87 46 27 6 87 64 56 69 39 22 23 72 56 43 60 75 73 33 72 33 39 69 58 54 56 85 51 29 
93 93 47 21 42 34 42 24 29 68 72 74 13 40 32 66 52 71 9 55 28 53 39 58 26 67 47 67 54 43 43 63 70 45 41 58 49 59 34 46 47 84 29 23 63 65 57 59 24 33 66 71 6 49 20 41 38 73 87 21 52 66 55 47 46 50 41 50 39 44 60 23 44 56 75 50 3 47 48 33 57 38 62 28 57 32 61 58 65 30 47 18 27 52 79 38 72 75 71 63 12 19 19 59 71 16 0 90 68 37 37 45 47 27 6 12 73 59 62 48 25 46 48 48 64 5 46 66 52 26 36 52 18 21 80 41 44 15 81 57 68 80 40 37 22 59 41 51 64 67 65 35 67 38 28 53 43 63 66 78 38 14 
100 100 96 69 48 103 77 67 69 39 19 58 81 50 71 23 43 29 88 36 97 100 51 66 79 24 42 73 61 53 56 71 97 105 108 68 96 47 69 95 62 8 112 83 56 38 48 71 66 80 24 40 83 40 80 109 70 21 2 91 37 23 38 88 103 86 50 51 50 53 40 67 57 47 41 99 89 94 46 62 37 51 72 90 37 64 30 73 70 95 43 76 86 65 19 59 82 94 20 39 77 79 77 49 21 95 90 0 31 65 69 71 55 73 84 88 36 50 41 74 65 99 88 54 70 87 66 59 40 69 68 38 89 81 10 49 106 88 8 32 93 92 57 92 72 52 65 71 55 24 25 65 22 69 62 70 68 74 81 12 60 77 
109 109 90 46 26 90 72 51 42 48 14 68 64 29 61 22 16 41 64 31 84 95 29 34 51 30 28 78 29 45 27 74 99 96 96 36 90 15 41 88 58 32 95 70 61 45 50 73 44 70 19 51 63 23 54 98 62 10 30 76 22 24 36 83 95 82 27 49 30 47 9 47 52 48 54 93 67 88 40 51 35 34 76 78 37 37 29 74 75 82 32 51 74 65 37 50 88 98 27 7 56 54 52 17 30 78 68 31 0 56 61 67 25 60 64 71 49 53 10 71 43 91 83 50 75 68 62 66 16 43 59 29 73 54 21 35 96 72 27 19 95 98 49 83 56 20 35 70 61 11 14 55 23 61 40 38 37 78 85 19 32 54 
62 62 33 32 33 38 15 16 42 33 53 36 24 30 7 43 46 39 42 29 32 38 32 67 48 40 28 32 61 12 45 27 44 40 43 68 33 56 48 31 9 57 50 20 25 31 20 24 29 15 44 35 32 33 44 44 5 55 62 28 34 41 26 26 39 26 34 14 29 11 52 22 8 21 38 36 39 31 18 7 27 24 27 26 27 40 35 24 29 30 24 39 22 16 49 6 39 46 44 56 29 43 39 58 43 34 37 65 56 0 4 12 49 10 31 29 38 21 57 16 28 35 26 12 29 32 10 29 42 39 3 29 27 46 58 21 41 28 56 38 42 49 7 28 15 60 51 17 26 50 46 2 43 4 30 66 55 29 34 57 43 36 
59 59 28 34 38 34 10 19 45 36 58 36 24 35 5 47 50 43 43 33 29 33 36 71 51 44 33 30 65 17 49 26 40 35 38 72 29 61 51 27 10 62 47 17 26 34 23 22 32 10 48 38 32 38 46 40 1 60 66 25 39 46 30 21 34 21 39 18 34 15 57 25 12 24 41 31 40 26 22 11 32 29 25 22 31 43 39 21 28 26 29 41 18 15 53 11 36 43 49 61 30 45 41 62 48 32 37 69 61 4 0 9 54 10 31 27 41 24 61 12 31 30 21 15 27 32 9 29 46 42 2 33 25 48 62 26 36 26 61 43 38 46 12 23 17 64 55 14 27 54 51 6 47 0 34 69 59 27 31 61 47 37 
50 50 24 43 45 35 6 28 54 35 62 31 32 43 14 51 58 43 51 38 31 28 44 80 60 47 39 21 73 22 57 17 32 34 38 81 24 68 60 23 9 64 50 23 22 34 23 14 41 14 53 36 40 45 55 40 7 65 69 30 45 50 34 16 31 14 47 20 41 20 64 34 15 24 39 27 48 22 27 20 35 36 17 25 34 52 43 13 19 28 35 50 22 8 54 18 27 34 52 68 39 54 51 70 50 38 45 71 67 12 9 0 62 18 40 34 39 22 68 3 40 27 16 17 19 40 5 23 53 51 11 39 31 57 66 33 35 32 64 49 29 37 18 23 25 72 64 5 23 60 56 14 51 8 42 78 68 18 22 65 56 46 
110 110 79 26 17 75 64 37 18 57 36 74 47 19 51 38 12 53 41 37 68 86 18 18 25 44 27 79 11 41 4 74 94 83 82 19 81 12 15 78 55 54 76 55 64 54 53 72 25 59 35 61 42 23 30 83 55 34 53 60 26 39 41 74 83 75 15 49 20 44 16 31 48 51 64 83 44 78 40 42 42 26 75 64 43 14 39 72 75 68 32 28 60 63 55 43 87 96 43 18 36 29 28 12 45 60 47 55 25 49 54 62 0 49 44 53 60 57 17 66 25 80 75 49 75 48 58 69 16 20 51 33 57 30 44 30 83 54 49 27 91 98 44 71 42 12 9 66 65 31 31 47 38 54 22 18 12 77 83 43 9 32 
68 68 30 26 35 30 17 11 38 43 59 46 14 32 4 50 47 49 33 36 24 37 32 65 42 48 33 39 59 20 44 35 47 35 36 66 31 57 44 29 19 66 40 10 36 41 31 32 24 10 50 45 22 37 37 37 11 61 70 18 39 49 34 25 34 27 35 25 30 20 55 18 18 31 49 34 30 29 26 10 36 26 35 18 36 36 43 31 38 22 30 32 13 25 58 13 46 51 52 59 20 36 32 58 52 24 27 73 60 10 10 18 49 0 21 18 48 32 59 21 24 31 26 22 37 22 19 39 44 35 8 35 17 38 65 25 35 17 64 44 45 55 15 22 7 60 48 24 37 55 52 9 50 10 27 63 52 36 41 64 41 28 
88 88 43 18 38 33 37 18 27 62 68 68 7 36 26 61 49 66 12 49 26 50 35 57 27 62 42 61 53 37 40 57 65 42 39 57 45 56 33 42 41 79 31 18 57 59 51 54 20 28 61 65 2 44 20 40 33 68 82 18 47 61 49 42 44 46 37 44 35 38 56 17 38 50 69 46 8 44 42 27 51 33 57 24 52 30 56 53 59 27 42 17 23 47 74 32 66 71 65 60 8 19 18 56 65 15 6 84 64 31 31 40 44 21 0 10 67 53 59 42 21 43 43 42 59 3 40 60 48 24 30 47 15 22 75 36 42 12 76 52 64 76 34 33 16 57 40 46 58 63 61 29 62 32 24 53 43 58 61 74 35 13 
80 80 34 26 44 23 30 20 37 62 72 64 6 41 22 65 56 66 21 52 16 40 41 67 37 64 46 55 62 37 48 52 57 32 29 67 36 64 43 33 37 82 24 11 54 59 49 48 27 21 65 64 12 49 30 30 28 74 85 8 52 64 51 34 34 37 43 43 40 38 64 23 36 49 67 37 16 34 43 27 53 38 51 15 53 38 59 47 54 17 45 27 14 42 75 31 60 63 68 67 16 29 28 64 68 7 12 88 71 29 27 34 53 18 10 0 66 51 67 36 28 33 35 41 53 7 36 57 54 34 26 50 5 32 79 39 32 2 80 57 56 68 33 24 16 65 49 40 55 68 65 27 65 28 31 63 52 52 54 78 44 23 
63 63 64 58 44 74 46 48 64 4 37 21 61 43 45 26 49 8 75 23 70 66 45 77 73 19 33 37 70 30 57 34 61 73 78 79 63 59 68 62 31 28 88 58 20 7 17 35 55 51 30 3 66 37 72 80 41 41 34 66 34 24 19 55 71 52 46 23 43 28 52 51 30 17 5 66 74 61 25 39 18 39 36 63 17 60 21 37 33 67 29 67 59 32 17 35 46 57 23 53 61 71 67 61 20 72 73 36 49 38 41 39 60 48 67 66 0 17 56 41 54 66 55 25 34 69 34 22 44 63 41 27 65 73 36 35 75 66 31 33 57 55 33 63 51 64 67 37 19 38 35 39 26 40 53 78 71 38 45 36 59 66 
55 55 47 48 39 57 29 35 56 13 45 17 46 37 28 33 48 21 62 22 53 50 39 75 64 27 29 25 68 18 53 21 47 56 61 76 46 59 61 45 14 42 71 42 7 12 3 21 45 34 36 13 53 35 62 63 24 48 48 49 33 31 17 38 54 35 41 9 36 15 53 40 14 5 17 49 60 45 16 25 18 32 22 46 16 52 25 22 21 50 24 56 42 15 32 21 34 45 32 56 48 60 57 61 30 56 59 50 53 21 24 22 57 32 53 51 17 0 58 24 43 49 38 10 21 54 17 12 43 54 24 25 49 63 47 27 58 50 43 35 43 44 19 45 36 64 62 21 8 44 40 23 33 23 44 75 66 24 32 46 54 54 
113 113 89 41 24 88 72 48 35 54 23 73 60 27 60 29 11 48 57 35 81 95 26 24 43 37 29 82 19 46 20 78 100 94 94 26 90 5 32 88 60 42 90 67 65 51 54 76 39 69 26 57 57 23 47 95 63 20 40 73 24 32 40 83 94 83 24 51 28 49 4 44 53 52 61 92 60 88 43 50 40 33 79 76 41 30 35 77 78 80 34 45 72 67 46 50 91 101 35 2 51 46 45 7 37 74 62 41 10 57 61 68 17 59 59 67 56 58 0 72 38 90 83 53 78 63 64 70 15 36 59 32 70 47 31 35 94 68 36 23 97 102 50 82 54 10 26 72 66 19 21 55 30 62 35 28 28 81 88 29 25 48 
46 46 22 47 49 34 5 31 58 37 66 30 34 47 17 55 61 46 54 41 31 25 48 84 63 50 43 19 77 26 61 15 28 32 37 85 22 72 64 21 13 66 50 25 23 36 26 12 45 15 56 38 43 49 58 39 11 69 72 31 49 53 37 13 29 11 51 23 45 24 68 38 19 27 40 24 51 20 31 24 38 40 14 26 38 56 46 10 18 28 38 53 23 9 56 22 24 30 55 71 42 57 54 74 53 39 48 74 71 16 12 3 66 21 42 36 41 24 72 0 44 25 13 21 17 42 9 23 57 55 15 42 32 60 69 37 33 34 67 52 25 34 22 22 29 76 67 4 23 63 60 18 54 12 46 82 72 15 19 69 60 50 
90 90 55 4 17 50 41 13 13 49 47 61 21 15 27 42 28 50 22 32 43 61 14 41 20 44 23 60 35 25 20 56 72 57 56 41 56 36 19 53 36 60 52 30 50 46 40 53 1 35 41 52 19 24 18 57 33 48 62 34 27 42 34 50 57 52 15 34 14 28 35 6 30 39 57 58 24 54 28 21 36 14 56 38 36 12 38 52 57 42 25 13 35 44 56 24 68 75 47 39 12 17 13 36 47 35 25 65 43 28 31 40 25 24 21 28 54 43 38 44 0 55 51 33 57 24 38 54 27 11 29 29 31 19 55 19 57 29 57 32 69 78 25 46 17 37 24 46 51 42 40 26 43 32 3 38 27 57 63 53 17 12 
52 52 3 56 66 16 21 42 67 63 88 54 36 63 30 78 79 71 55 63 18 7 64 96 69 74 63 38 90 47 75 36 27 7 14 97 4 89 73 4 37 91 34 25 48 61 51 33 55 21 79 63 44 68 63 16 29 91 96 24 69 76 60 11 4 15 67 47 62 46 86 49 41 52 65 4 50 5 53 40 62 57 35 18 61 67 69 31 39 16 59 59 20 34 81 41 37 35 79 90 47 62 60 90 77 31 46 99 91 35 30 27 80 31 43 33 66 49 90 25 55 0 12 44 38 40 33 47 76 64 32 64 28 65 93 56 9 31 91 73 27 41 42 9 38 92 79 29 48 85 82 35 78 30 58 93 82 34 32 92 72 55 
45 45 9 53 59 25 11 38 64 51 78 42 36 57 23 68 72 59 56 54 24 12 58 92 68 63 55 26 86 38 70 24 22 19 25 93 8 82 70 7 26 80 42 24 36 50 40 21 51 16 69 51 45 60 62 27 20 81 85 27 61 66 50 0 16 3 60 37 55 36 79 44 32 41 53 10 51 6 43 33 51 50 23 20 51 63 59 19 27 21 50 58 20 23 70 33 27 28 68 83 45 61 58 84 67 35 48 88 83 26 21 16 75 26 43 35 55 38 83 13 51 12 0 34 26 42 22 35 68 61 24 55 30 64 82 48 21 32 80 65 20 33 33 13 34 86 75 17 36 76 72 28 68 21 54 90 79 23 22 82 68 53 
60 60 42 38 32 50 23 24 46 21 44 27 36 29 19 33 43 27 51 20 44 46 31 67 54 29 23 29 60 8 45 25 48 50 54 69 42 53 51 41 8 46 62 32 16 18 8 23 34 26 35 23 42 29 51 56 16 47 51 40 28 32 16 34 49 32 34 2 28 4 48 29 4 8 26 45 50 40 10 14 17 23 26 38 16 43 25 23 26 42 18 46 34 14 37 10 38 47 34 51 38 50 46 55 32 46 48 54 50 12 15 17 49 22 42 41 25 10 53 21 33 44 34 0 26 43 12 21 38 44 15 21 39 53 48 19 51 40 46 31 44 49 8 38 26 58 53 19 17 42 39 13 33 15 34 67 58 27 35 47 45 43 
34 34 35 61 58 51 23 45 71 31 66 16 51 55 32 55 68 41 70 43 48 35 57 93 77 48 49 3 86 34 71 1 26 45 52 95 34 79 76 34 20 62 67 42 14 32 25 5 58 32 57 30 60 55 73 54 26 70 68 48 54 53 38 27 43 22 60 26 54 30 74 52 27 26 31 36 67 32 35 36 39 49 3 43 38 68 46 6 0 45 44 68 41 13 51 33 12 23 53 77 58 72 68 81 51 56 64 70 75 29 27 19 75 37 59 53 34 21 78 17 57 38 26 26 0 59 19 11 64 68 29 46 50 75 68 45 47 52 64 56 23 23 31 38 44 84 79 13 15 65 62 31 54 26 58 93 83 4 11 67 71 65 
87 87 41 22 41 29 37 20 31 64 71 69 8 39 26 64 52 68 14 52 23 48 38 61 30 65 45 61 56 39 44 57 64 40 36 61 43 60 37 40 42 82 27 17 58 61 52 54 23 27 64 66 5 48 23 37 33 72 85 16 50 64 52 41 41 44 40 46 38 40 60 21 39 52 70 44 9 42 44 29 54 36 57 22 54 33 59 53 60 24 45 21 21 47 76 33 66 70 68 64 11 23 21 60 68 12 5 87 68 32 32 40 48 22 3 7 69 54 63 42 24 40 42 43 59 0 41 61 52 28 30 50 12 25 78 38 39 9 79 55 63 75 35 31 17 61 44 46 59 66 64 30 65 33 28 56 46 58 61 77 39 16 
52 52 30 42 41 40 11 26 52 30 56 27 33 39 14 46 53 38 52 32 36 34 40 76 58 41 34 21 69 17 54 17 36 39 43 77 30 64 58 29 4 58 54 26 18 28 18 14 39 17 47 31 41 40 54 45 8 60 63 33 40 44 28 22 37 20 43 14 37 15 59 32 10 18 34 33 49 28 21 17 29 32 17 29 29 49 37 14 19 33 29 49 26 6 48 15 29 37 46 63 39 53 49 65 44 41 46 66 62 10 9 5 58 19 40 36 34 17 64 9 38 33 22 12 19 41 0 20 49 49 10 33 34 56 60 29 40 35 58 43 33 40 14 28 25 68 61 8 19 54 51 12 45 8 40 75 65 19 25 59 53 46 
43 43 44 59 52 58 29 44 68 20 56 7 53 50 34 45 61 30 71 35 55 46 52 87 75 38 42 14 81 29 66 12 38 55 60 89 43 72 73 43 19 51 74 46 5 21 16 14 56 37 48 19 61 48 72 62 28 60 57 53 46 43 30 35 52 32 54 21 49 26 66 50 24 18 19 46 69 42 29 34 30 44 13 49 29 64 37 16 10 52 37 66 46 14 40 30 23 34 43 69 58 71 67 74 40 61 66 59 66 29 29 23 69 39 60 57 22 12 70 23 54 47 35 21 11 61 20 0 56 65 30 38 54 74 57 39 56 55 53 47 34 33 29 46 45 77 74 19 4 56 52 31 44 28 55 88 79 15 22 57 66 64 
98 98 75 31 10 74 57 35 28 42 21 60 48 13 45 21 5 37 48 21 67 80 13 32 38 27 14 67 25 31 15 63 85 80 80 34 75 15 28 73 45 38 79 53 51 38 39 61 28 55 18 45 46 8 40 82 48 21 38 60 10 23 26 68 79 68 11 37 14 34 10 31 38 38 49 78 51 73 28 35 26 18 64 62 28 23 23 62 64 66 19 36 58 52 38 35 76 86 27 14 40 39 37 17 29 62 52 40 16 42 46 53 16 44 48 54 44 43 15 57 27 76 68 38 64 52 49 56 0 29 44 18 57 40 30 20 80 55 33 11 82 87 35 67 40 20 25 57 52 16 15 40 22 47 24 34 28 66 73 28 19 38 
102 102 64 8 21 57 52 23 3 59 50 72 28 20 38 48 27 59 20 40 50 70 18 33 10 51 30 71 28 36 16 67 82 66 63 33 65 32 9 63 47 65 55 38 61 55 51 64 10 45 46 62 22 29 10 64 44 50 67 42 33 48 43 60 66 62 19 45 20 39 34 17 41 50 66 67 24 64 38 32 44 23 67 47 45 6 46 64 69 50 33 8 44 55 64 35 79 86 53 38 17 10 8 32 54 40 26 69 43 39 42 51 20 35 24 34 63 54 36 55 11 64 61 44 68 28 49 65 29 0 40 37 38 11 59 28 65 36 62 37 80 89 37 54 27 32 15 57 62 45 44 37 48 43 10 29 18 69 74 57 11 11 
61 61 30 32 35 35 13 16 43 36 56 38 22 33 4 46 48 42 41 32 29 35 34 69 48 43 31 32 62 15 46 28 43 37 39 70 31 58 49 29 11 60 46 17 27 34 23 24 29 11 47 38 30 36 44 41 3 58 65 25 37 45 29 23 35 23 36 18 31 14 55 23 11 24 41 33 38 28 21 9 31 26 27 22 30 41 38 24 30 27 27 38 18 16 52 9 39 45 48 58 28 42 39 60 47 31 36 68 59 3 2 11 51 8 30 26 41 24 59 15 29 32 24 15 29 30 10 30 44 40 0 32 24 45 61 24 37 25 60 41 40 49 10 24 14 62 52 17 28 53 49 3 46 3 31 67 56 29 34 60 45 35 
81 81 62 34 16 66 43 29 38 24 24 42 43 16 34 14 23 22 52 4 59 67 18 50 47 15 6 50 43 16 30 45 69 69 71 52 62 33 40 61 29 31 74 46 33 20 21 44 30 44 15 27 46 9 47 73 34 26 35 53 7 14 8 54 68 53 19 19 16 18 28 29 23 20 31 65 52 60 11 25 8 14 47 53 10 33 9 45 46 58 5 42 49 36 27 22 59 69 18 30 40 45 42 35 18 57 52 38 29 29 33 39 33 35 47 50 27 25 32 42 29 64 55 21 46 50 33 38 18 37 32 0 51 48 29 11 70 50 29 10 66 70 21 56 34 38 39 41 33 21 17 28 15 33 27 51 44 49 56 28 32 42 
76 76 29 31 47 18 26 22 41 61 74 61 10 44 20 66 59 66 27 53 11 35 44 71 42 65 48 51 66 37 52 48 52 27 25 71 30 67 47 28 35 82 23 7 52 58 48 44 31 17 66 62 17 51 36 25 25 76 86 3 54 65 51 29 28 33 46 42 43 37 67 26 35 48 66 31 21 29 43 27 53 40 47 9 53 42 59 43 50 12 46 32 9 39 75 31 55 58 69 70 21 35 33 68 68 7 18 89 73 27 25 31 57 17 15 5 65 49 70 32 31 28 30 39 50 12 34 54 57 38 24 51 0 37 81 40 27 3 81 59 51 63 32 18 17 69 54 36 53 70 67 26 66 26 35 67 57 48 50 79 48 28 
107 107 65 14 33 55 56 29 12 69 62 80 28 32 43 59 39 69 12 51 48 72 30 38 5 63 42 78 35 45 27 73 86 65 61 37 67 42 15 64 54 77 50 39 69 66 60 70 18 48 57 72 20 41 1 62 49 61 78 40 45 60 54 63 66 66 30 54 32 48 45 23 49 59 76 68 17 65 48 39 55 34 73 46 56 17 57 70 75 49 44 7 44 62 75 43 84 90 64 48 18 2 6 42 66 37 21 81 54 46 48 57 30 38 22 32 73 63 47 60 19 65 64 53 75 25 56 74 40 11 45 48 37 0 70 38 64 34 73 49 84 94 44 55 31 41 22 62 70 57 56 43 60 48 20 33 23 75 79 69 21 10 
99 99 91 59 38 95 72 58 58 37 8 57 73 39 64 15 33 27 77 29 89 95 41 55 68 19 33 71 50 46 45 68 94 98 101 57 91 36 58 89 56 11 103 75 53 35 44 68 56 73 14 39 74 30 70 102 63 10 8 82 27 16 32 82 97 81 40 45 40 47 29 57 51 42 41 93 79 89 39 54 30 42 69 83 31 53 23 69 68 87 34 66 79 61 20 52 80 91 14 28 67 69 66 38 17 87 80 10 21 58 62 66 44 65 75 79 36 47 31 69 55 93 82 48 68 78 60 57 30 59 61 29 81 70 0 40 99 80 6 22 90 90 50 86 63 41 54 67 53 13 14 58 15 62 52 59 57 71 79 1 49 67 
80 80 54 23 12 56 37 18 29 31 33 45 32 10 25 25 24 31 41 14 49 60 12 48 38 26 7 48 41 11 26 44 65 60 62 49 55 35 33 53 25 43 63 35 34 27 23 42 20 35 25 34 35 12 37 63 27 35 46 42 13 25 15 47 59 47 14 18 9 14 31 18 18 22 38 57 41 53 11 15 16 4 45 43 17 25 20 42 45 48 6 32 39 33 38 15 57 66 29 34 28 36 32 36 29 46 41 49 35 21 26 33 30 25 36 39 35 27 35 37 19 56 48 19 45 38 29 39 20 28 24 11 40 38 40 0 61 39 40 18 62 68 15 48 23 39 34 37 35 29 27 20 26 26 18 48 39 47 53 39 26 31 
60 60 12 57 70 10 29 45 68 71 94 63 36 67 35 84 83 78 53 70 15 15 67 98 69 81 68 47 92 53 78 46 35 2 5 98 14 92 74 13 44 98 26 27 56 69 58 43 57 26 85 71 44 73 63 7 36 96 103 23 74 83 67 20 5 25 70 54 66 52 90 51 48 59 74 12 48 14 59 45 68 62 44 18 68 69 76 41 48 15 65 59 22 43 89 47 46 43 85 94 47 62 60 93 84 27 44 106 96 41 36 35 83 35 42 32 75 58 94 33 57 9 21 51 47 39 40 56 80 65 37 70 27 64 99 61 0 30 98 79 36 50 48 13 40 95 80 37 57 90 87 41 84 36 60 94 84 44 41 98 74 55 
78 78 32 28 45 21 29 21 39 61 73 63 7 42 21 65 57 66 23 52 14 38 42 69 39 64 46 53 63 37 50 50 55 30 28 69 33 65 45 31 36 82 23 9 53 58 49 46 29 19 65 63 14 50 32 28 27 74 85 6 52 64 51 32 31 35 44 42 41 37 65 24 36 49 67 35 18 32 43 26 53 38 49 12 53 40 59 45 52 15 45 29 12 41 75 30 58 60 68 68 18 32 30 66 68 6 15 88 72 28 26 32 54 17 12 2 66 50 68 34 29 31 32 40 52 9 35 55 55 36 25 50 3 34 80 39 30 0 80 57 53 66 32 21 16 67 51 38 54 68 66 26 65 27 33 65 54 50 52 78 46 25 
95 95 89 61 40 95 69 59 62 32 13 52 73 42 63 14 37 23 80 28 88 92 43 61 71 16 34 67 55 44 49 64 90 97 99 63 88 41 62 87 54 5 104 75 49 31 41 64 58 72 15 34 75 32 72 101 61 16 5 82 29 15 30 80 95 78 43 43 42 45 34 58 49 39 35 91 81 86 38 54 29 43 66 82 29 56 21 66 63 86 34 68 78 58 14 51 76 87 12 34 69 72 69 43 13 87 81 8 27 56 61 64 49 64 76 80 31 43 36 67 57 91 80 46 64 79 58 53 33 62 60 29 81 73 6 40 98 80 0 24 87 86 49 84 63 46 58 64 49 18 17 57 14 61 54 64 61 68 75 7 53 69 
90 90 72 37 16 74 53 36 37 31 15 50 50 17 43 10 16 26 55 12 68 77 19 43 47 16 10 59 37 26 26 55 79 78 80 45 72 25 39 70 39 28 81 54 42 28 31 54 33 53 8 34 51 8 48 81 44 17 29 61 4 11 17 64 77 63 18 30 18 28 18 34 33 29 38 75 56 70 21 33 17 19 57 62 18 32 12 55 56 66 14 44 57 46 27 32 69 79 16 21 44 47 44 27 18 64 57 32 19 38 43 49 27 44 52 57 33 35 23 52 32 73 65 31 56 55 43 47 11 37 41 10 59 49 22 18 79 57 24 0 76 79 31 66 41 30 36 51 43 11 8 38 11 43 30 45 40 59 66 21 30 45 
25 25 24 72 75 43 28 56 83 54 88 38 56 72 41 77 87 64 76 64 44 21 73 109 87 70 68 20 103 51 87 22 3 34 41 110 22 97 89 24 37 85 61 45 37 55 46 22 70 36 79 53 65 73 82 43 36 91 91 48 73 75 59 21 30 18 76 46 71 48 93 63 44 48 54 23 72 23 54 49 60 66 21 41 59 81 68 21 23 41 63 77 41 30 74 48 13 7 76 96 66 81 78 99 73 56 68 93 95 42 38 29 91 45 64 56 57 43 97 25 69 27 20 44 23 63 33 34 82 80 40 66 51 84 90 62 36 53 87 76 0 14 47 33 53 101 93 25 38 86 83 44 76 37 72 107 97 19 12 90 85 73 
12 12 38 81 81 57 38 65 92 53 89 34 68 78 51 78 92 63 88 67 58 35 80 116 97 71 72 20 109 56 94 24 15 48 55 117 37 103 98 38 43 84 75 57 37 54 48 25 79 47 80 51 77 78 93 57 45 93 90 61 77 76 62 34 45 30 82 50 77 53 97 72 49 50 51 37 84 37 59 57 63 72 23 54 61 90 70 25 23 55 67 88 54 35 72 55 10 6 76 100 76 91 88 104 73 69 80 92 98 49 46 37 98 55 76 68 55 44 102 34 78 41 33 49 23 75 40 33 87 89 49 70 63 94 90 68 50 66 86 79 14 0 54 47 63 107 101 32 37 89 85 52 77 46 80 115 105 21 14 90 93 84 
66 66 40 30 27 45 22 16 39 28 45 35 28 24 13 35 39 33 43 21 39 45 26 62 46 33 21 35 55 4 40 30 50 47 50 63 41 50 44 39 11 50 55 26 24 25 16 28 26 22 36 31 34 26 43 51 13 48 55 33 27 34 19 33 46 32 28 10 23 4 46 21 4 16 34 43 41 39 11 6 21 18 31 32 20 36 28 28 32 37 17 37 28 19 43 2 43 51 37 49 29 42 38 51 36 39 40 57 49 7 12 18 44 15 34 33 33 19 50 22 25 42 33 8 31 35 14 29 35 37 10 21 32 44 50 15 48 32 49 31 47 54 0 35 18 54 47 22 25 42 39 7 35 12 27 61 51 33 39 49 39 35 
58 58 10 46 57 12 16 33 58 58 81 53 26 55 22 71 70 66 45 57 11 16 55 87 60 68 55 39 81 40 66 36 34 12 15 87 12 80 64 9 31 85 29 15 45 57 46 33 45 12 72 59 35 60 54 17 22 83 90 15 61 69 54 12 11 17 58 41 53 39 78 39 35 47 62 13 40 10 46 32 55 49 35 8 55 58 63 31 39 8 52 50 10 31 76 34 40 40 72 81 37 52 50 81 71 22 37 92 83 28 23 23 71 22 33 24 63 45 82 22 46 9 13 38 38 31 28 46 67 54 24 56 18 55 86 48 13 21 84 66 33 47 35 0 28 83 69 26 46 77 74 28 71 23 49 84 73 35 35 85 63 45 
75 75 37 18 30 34 25 5 30 46 57 52 10 27 11 48 42 50 26 35 27 43 27 58 34 48 30 47 52 21 37 43 55 40 40 59 38 51 36 36 25 65 40 13 41 43 34 39 17 18 48 49 16 34 29 41 18 58 69 19 36 48 35 33 40 35 29 28 26 22 50 10 22 34 52 40 24 36 27 11 36 22 42 22 37 29 42 38 45 26 29 24 18 31 59 15 53 59 52 54 13 28 25 52 51 23 22 72 56 15 17 25 42 7 16 16 51 36 54 29 17 38 34 26 44 17 25 45 40 27 14 34 17 31 63 23 40 16 63 41 53 63 18 28 0 54 41 31 42 52 50 13 49 17 20 55 45 44 48 62 34 20 
119 119 91 39 26 87 75 49 30 62 33 80 59 29 62 38 15 56 53 42 80 97 28 14 36 46 34 87 9 50 17 83 104 95 94 16 92 5 26 90 64 52 88 67 72 59 60 81 38 71 35 65 55 29 41 95 65 30 50 72 31 41 47 85 95 86 25 57 30 53 12 43 57 58 69 94 57 90 48 52 47 35 84 76 48 27 43 81 84 80 40 40 72 72 56 53 96 105 44 12 49 41 40 3 47 72 59 52 20 60 64 72 12 60 57 65 64 64 10 76 37 92 86 58 84 61 68 77 20 32 62 38 69 41 41 39 95 67 46 30 101 107 54 83 54 0 19 76 72 29 31 58 39 64 34 18 19 86 93 39 21 44 
113 113 79 23 22 72 65 37 12 63 45 79 44 24 51 46 21 61 34 43 65 85 22 17 17 52 33 82 12 45 9 77 95 81 79 17 80 20 7 77 58 62 71 53 69 60 58 75 23 59 43 67 38 30 22 80 56 43 62 57 33 47 47 74 81 76 20 53 25 48 25 30 51 56 71 82 38 78 45 43 48 29 78 62 49 11 47 75 79 65 38 22 59 66 63 46 90 98 52 28 33 22 22 19 54 56 41 65 35 51 55 64 9 48 40 49 67 62 26 67 24 79 75 53 79 44 61 74 25 15 52 39 54 22 54 34 80 51 58 36 93 101 47 69 41 19 0 68 70 40 40 49 47 55 21 14 4 80 86 52 7 27 
44 44 26 49 49 39 10 33 60 34 63 26 38 47 19 52 61 42 57 39 36 29 48 84 65 47 42 15 77 25 62 11 28 36 41 85 25 72 65 25 11 63 55 29 18 33 23 8 46 19 54 34 46 48 61 43 13 67 69 35 48 50 35 17 33 14 51 21 45 22 67 40 18 24 36 28 54 24 29 25 36 40 11 30 35 57 44 7 14 33 37 56 27 6 53 22 22 29 52 71 45 59 56 73 50 43 51 71 70 17 14 5 66 24 46 40 37 21 72 4 46 29 17 19 13 46 8 19 57 57 17 41 36 62 67 37 37 38 64 51 25 32 22 26 31 76 68 0 19 61 58 19 52 14 48 83 73 12 17 66 60 52 
47 47 46 55 47 58 29 41 64 16 52 10 51 46 32 40 57 26 68 30 54 47 48 83 72 33 38 18 76 25 61 15 41 56 61 85 45 67 69 44 17 47 73 45 1 17 12 16 52 36 43 15 58 43 69 63 27 56 53 52 41 38 25 37 53 33 50 16 45 22 61 46 20 13 17 47 66 43 24 31 26 40 17 48 24 60 32 18 14 51 32 63 45 14 36 27 27 38 38 64 55 67 64 69 36 60 64 55 61 26 27 23 65 37 58 55 19 8 66 23 51 48 36 17 15 59 19 4 52 62 28 33 53 70 53 35 57 54 49 43 38 37 25 46 42 72 70 19 0 51 48 28 40 26 51 83 74 18 26 53 62 61 
99 99 83 46 25 86 64 47 45 37 5 57 61 27 55 11 19 29 64 22 79 88 28 43 54 19 22 69 37 37 31 65 90 90 91 45 83 24 44 82 50 23 92 65 51 35 40 64 43 64 8 40 61 18 56 93 55 5 22 72 16 13 26 75 89 74 27 40 28 39 16 45 44 38 43 86 66 81 32 45 25 30 66 73 27 39 18 65 65 78 25 52 69 56 27 43 78 88 15 16 55 55 53 26 18 75 67 24 11 50 54 60 31 55 63 68 38 44 19 63 42 85 76 42 65 66 54 56 16 45 53 21 70 57 13 29 90 68 18 11 86 89 42 77 52 29 40 61 51 0 3 49 12 54 39 46 43 68 76 12 36 54 
95 95 80 44 23 83 61 45 44 34 7 54 59 25 52 8 19 26 63 18 76 85 26 44 53 16 19 65 38 34 31 61 86 87 88 47 80 25 44 78 47 22 90 62 47 31 36 61 41 61 5 37 59 16 55 90 52 9 22 69 13 10 23 72 85 71 25 36 26 36 18 43 40 35 40 83 65 78 29 42 22 27 63 70 23 38 15 62 62 75 22 51 66 53 25 40 75 85 13 19 53 54 51 27 16 73 65 25 14 46 51 56 31 52 61 65 35 40 21 60 40 82 72 39 62 64 51 52 15 44 49 17 67 56 14 27 87 66 17 8 83 85 39 74 50 31 40 58 48 3 0 46 9 51 37 48 44 65 72 13 35 53 
64 64 34 29 31 38 17 14 40 34 52 38 22 29 6 42 44 40 40 28 32 39 30 65 46 40 27 34 58 12 43 30 46 40 42 66 35 54 45 32 11 58 48 19 27 32 22 27 26 15 43 36 29 32 42 44 7 55 62 26 33 41 26 27 39 27 32 16 27 11 51 20 9 22 40 37 37 32 18 5 28 22 30 25 28 37 35 26 32 29 23 36 21 18 50 5 41 49 44 54 26 40 37 56 44 33 35 65 55 2 6 14 47 9 29 27 39 23 55 18 26 35 28 13 31 30 12 31 40 37 3 28 26 43 58 20 41 26 57 38 44 52 7 28 13 58 49 19 28 49 46 0 43 6 28 63 53 31 37 57 41 33 
87 87 76 47 27 80 57 44 49 25 11 46 59 28 49 0 26 17 65 14 74 80 30 53 58 7 19 58 47 30 37 54 80 83 86 55 76 34 50 74 41 17 89 61 40 23 30 54 44 58 3 28 60 18 59 87 48 15 20 68 15 1 17 67 82 66 29 31 28 32 27 44 36 28 31 78 66 74 24 39 16 28 56 68 17 43 8 55 54 72 20 55 64 46 16 37 67 78 4 28 54 58 55 36 7 72 67 22 23 43 47 51 38 50 62 65 26 33 30 54 43 78 68 33 54 65 45 44 22 48 46 15 66 60 15 26 84 65 14 11 76 77 35 71 49 39 47 52 40 12 9 43 0 47 40 56 51 58 65 14 41 55 
58 58 28 35 38 34 10 19 46 36 57 36 25 35 6 47 50 42 43 33 29 33 36 72 51 44 33 29 65 17 49 25 40 35 38 73 29 61 52 27 9 61 47 18 25 34 23 22 32 11 48 37 33 38 47 40 1 60 66 25 39 46 30 21 34 21 39 18 34 15 57 26 11 23 40 31 40 26 22 12 32 29 25 22 31 44 39 21 27 26 29 41 19 14 53 11 36 42 49 61 31 45 42 62 47 33 38 69 61 4 0 8 54 10 32 28 40 23 62 12 32 30 21 15 26 33 8 28 47 43 3 33 26 48 62 26 36 27 61 43 37 46 12 23 17 64 55 14 26 54 51 6 47 0 34 70 59 26 31 61 48 38 
92 92 58 7 14 53 44 16 12 49 44 61 25 12 30 40 24 49 25 31 46 64 11 38 20 42 21 62 32 26 17 57 74 61 60 39 59 32 17 56 38 58 55 33 51 45 40 55 4 38 38 52 22 22 19 61 35 45 60 38 25 40 33 53 61 54 12 35 12 29 32 9 32 39 56 61 27 57 28 22 35 13 58 42 35 9 37 54 59 46 24 14 38 45 55 25 69 77 45 36 16 18 14 33 46 39 28 62 40 30 34 42 22 27 24 31 53 44 35 46 3 58 54 34 58 28 40 55 24 10 31 27 35 20 52 18 60 33 54 30 72 80 27 49 20 34 21 48 51 39 37 28 40 34 0 35 25 59 65 51 14 15 
127 127 93 37 35 86 80 51 26 75 51 92 58 37 66 55 29 71 45 55 79 99 35 6 27 62 46 96 9 59 21 92 110 95 93 4 94 23 19 92 72 70 83 68 82 72 71 89 38 74 52 79 51 41 33 93 71 48 68 71 44 57 59 89 95 90 33 67 38 62 30 45 65 70 83 96 50 92 58 58 60 43 92 76 61 26 58 89 93 79 51 35 73 80 72 60 104 112 61 31 46 34 35 21 63 69 53 70 38 66 69 78 18 63 53 63 78 75 28 82 38 93 90 67 93 56 75 88 34 29 67 51 67 33 59 48 94 65 64 45 107 115 61 84 55 18 14 83 83 46 48 63 56 70 35 0 10 94 100 58 22 40 
117 117 82 26 27 75 69 41 15 68 48 84 47 28 55 50 24 65 35 48 68 89 26 14 18 56 38 86 11 49 13 82 100 84 82 14 84 22 9 81 62 66 73 57 74 64 62 79 27 63 47 71 40 34 24 83 60 46 65 60 37 51 52 78 84 80 24 58 29 53 28 34 56 61 75 85 40 82 50 48 52 34 82 65 54 15 51 79 83 69 42 25 62 70 67 50 94 102 56 30 36 24 24 21 58 58 43 68 37 55 59 68 12 52 43 52 71 66 28 72 27 82 79 58 83 46 65 79 28 18 56 44 57 23 57 39 84 54 61 40 97 105 51 73 45 19 4 73 74 43 44 53 51 59 25 10 0 84 90 55 12 29 
33 33 31 61 59 47 21 45 71 35 69 20 50 57 32 58 71 45 70 46 46 31 59 95 77 52 51 3 88 35 73 3 22 42 48 96 30 81 77 30 21 66 65 41 18 36 28 4 58 31 60 34 59 57 73 50 25 73 72 46 56 56 41 23 39 19 61 29 56 32 76 52 28 29 35 32 66 29 37 36 42 51 2 40 41 69 49 5 4 43 46 68 38 14 55 34 10 20 57 79 57 72 68 83 54 54 63 74 78 29 27 18 77 36 58 52 38 24 81 15 57 34 23 27 4 58 19 15 66 69 29 49 48 75 71 47 44 50 68 59 19 21 33 35 44 86 80 12 18 68 65 31 58 26 59 94 84 0 7 71 72 64 
27 27 29 66 66 47 24 50 77 42 77 26 53 64 36 65 78 52 73 53 46 28 65 101 82 59 58 8 95 42 79 10 15 39 46 103 27 88 83 28 28 73 64 43 25 43 35 11 64 33 68 41 62 64 78 48 30 81 79 48 63 63 49 22 36 18 68 36 62 39 83 57 35 37 42 29 70 27 45 42 50 57 9 42 48 75 57 11 11 43 53 73 40 20 62 40 5 12 64 86 61 77 73 90 62 56 66 81 85 34 31 22 83 41 61 54 45 32 88 19 63 32 22 35 11 61 25 22 73 74 34 56 50 79 79 53 41 52 75 66 12 14 39 35 48 93 86 17 26 76 72 37 65 31 65 100 90 7 0 78 78 69 
99 99 90 58 36 94 71 57 57 37 6 57 71 38 63 14 31 27 76 28 88 94 39 53 66 19 31 71 48 44 43 68 93 97 99 56 90 34 57 88 55 12 102 74 53 35 43 67 55 72 13 39 72 29 68 101 62 9 10 81 26 15 31 81 96 80 38 45 39 46 27 56 50 42 41 92 78 88 38 53 30 40 69 82 31 51 22 69 67 86 33 64 77 60 21 51 80 91 14 27 66 67 64 36 16 85 78 12 19 57 61 65 43 64 74 78 36 46 29 69 53 92 82 47 67 77 59 57 28 57 60 28 79 69 1 39 98 78 7 21 90 90 49 85 62 39 52 66 53 12 13 57 14 61 51 58 55 71 78 0 48 66 
105 105 72 17 15 66 57 30 9 56 41 71 38 16 44 40 17 54 32 36 59 78 14 24 18 45 26 74 18 37 5 69 88 74 73 25 73 21 9 70 50 57 67 47 61 52 50 67 17 52 38 59 33 23 21 74 48 40 58 51 26 41 40 67 75 68 12 45 17 40 23 23 43 49 63 75 35 71 37 36 41 21 70 55 42 5 40 67 71 59 30 19 52 58 57 38 82 90 46 26 27 21 19 21 48 51 38 60 32 43 47 56 9 41 35 44 59 54 25 60 17 72 68 45 71 39 53 66 19 11 45 32 48 21 49 26 74 46 53 30 85 93 39 63 34 21 7 60 62 36 35 41 41 48 14 22 12 72 78 48 0 23 
96 96 55 8 29 46 46 19 14 61 59 71 18 27 32 55 38 63 10 45 39 62 26 44 14 57 36 67 39 36 28 63 75 55 53 44 57 44 20 54 45 73 44 29 60 58 51 60 11 37 53 64 11 37 8 53 39 59 75 31 40 55 46 53 56 55 27 45 27 39 45 14 40 50 68 58 12 55 40 29 48 27 63 37 49 17 51 59 65 40 38 4 34 52 69 33 74 80 59 49 7 7 5 44 60 29 14 77 54 36 37 46 32 28 13 23 66 54 48 50 12 55 53 43 65 16 46 64 38 11 35 42 28 10 67 31 55 25 69 45 73 84 35 45 20 44 27 52 61 54 53 33 55 38 15 40 29 64 69 66 23 0 
