160 9786.48 0 1680 7 240
60.2 49.72 91.31 82.96 63.47 79.61 5.58 19.23 81.08 38.49 57.46 8.83 48.63 57.85 76.49 20.56 15.5 35.53 71.04 83.86 19.08 59.77 83.28 37.93 79.57 95.04 14.37 9.12 20.26 58.95 35.85 49.42 53.66 51.73 17.39 86.59 8.43 92.87 62.41 14.58 85.9 63.21 80.02 23.43 57.99 4.47 42.78 90.52 62.15 39.2 39.66 27.84 96.63 49.57 21.09 30.34 37.11 69.35 68.85 24.28 90.26 29.24 71.52 43.16 79.22 45.74 12.74 36.73 53.27 71.82 39.98 9.1 25.92 69.16 5.74 83.41 47.51 35.47 39.32 24.37 50.45 59.62 27.72 75.6 76.07 38.98 94.65 83.69 45.76 62.84 27.55 42.56 70.05 85.07 95.0 9.48 42.97 15.32 42.8 7.94 68.41 53.87 29.6 2.09 25.57 74.14 17.75 64.83 83.89 97.41 7.2 63.2 87.77 85.09 25.33 93.89 34.98 92.03 18.97 35.66 38.67 59.93 92.96 92.0 51.83 62.57 7.79 19.01 75.25 13.58 63.82 29.99 57.07 83.7 8.49 86.2 86.02 16.07 25.3 75.9 2.99 76.08 39.85 60.19 3.59 60.44 72.42 15.56 15.08 25.06 53.85 34.95 20.7 24.61 41.9 31.68 28.97 91.33 68.91 12.74 
47.56 67.12 52.71 26.46 81.77 30.57 65.76 36.09 42.11 41.32 10.13 85.11 61.15 33.59 25.2 13.98 11.79 78.01 39.37 39.68 53.79 78.47 24.76 85.81 53.53 64.61 78.23 11.66 41.13 38.57 78.52 61.04 79.76 36.72 82.96 52.11 67.94 54.51 11.16 36.6 67.18 65.37 71.29 78.15 32.52 60.99 48.0 89.08 88.73 44.24 38.83 18.82 74.12 84.34 37.4 63.73 64.82 78.84 62.34 73.06 36.78 74.8 89.06 64.49 61.18 29.2 49.14 35.53 27.41 59.13 14.68 65.66 62.51 77.91 77.52 46.76 16.53 73.49 32.78 34.97 13.43 18.25 80.34 60.24 24.76 66.03 18.69 41.17 55.35 27.11 11.7 74.84 19.8 89.35 14.55 84.54 78.61 70.81 68.14 71.3 50.12 10.04 81.12 15.12 25.12 28.4 29.16 27.08 43.27 57.07 18.26 78.57 12.88 32.71 83.08 56.71 32.06 11.81 59.21 42.58 69.66 41.95 69.91 52.34 83.42 63.48 83.44 80.2 60.27 60.56 29.36 39.1 80.26 85.19 31.97 46.7 27.5 13.75 36.8 23.37 16.98 25.18 12.65 50.05 16.36 44.12 42.89 39.93 62.95 19.96 13.41 77.2 71.13 55.96 73.56 40.17 48.13 51.5 59.85 63.89 
6 5 9 8 6 8 1 2 8 4 6 1 5 6 7 2 2 4 7 8 2 6 8 4 8 9 2 1 2 6 4 5 5 5 2 8 1 9 6 2 8 6 8 3 6 1 4 9 6 4 4 3 9 5 2 3 4 7 7 3 9 3 7 4 8 5 2 4 5 7 4 1 3 7 1 8 5 4 4 3 5 6 3 7 7 4 9 8 5 6 3 4 7 8 9 1 4 2 4 1 7 5 3 1 3 7 2 6 8 9 1 6 8 8 3 9 4 9 2 4 4 6 9 9 5 6 1 2 7 2 6 3 6 8 1 8 8 2 3 7 1 7 4 6 1 6 7 2 2 3 5 4 2 3 4 3 3 9 7 2 
1 2 3 4 5 6 7 8 9 10 11 12 13 14 15 16 17 18 19 20 21 22 23 24 25 26 27 28 29 30 31 32 33 34 35 36 37 38 39 40 41 42 43 44 45 46 47 48 49 50 51 52 53 54 55 56 57 58 59 60 61 62 63 64 65 66 67 68 69 70 71 72 73 74 75 76 77 78 79 80 81 82 83 84 85 86 87 88 89 90 91 92 93 94 95 96 97 98 99 100 101 102 103 104 105 106 107 108 109 110 111 112 113 114 115 116 117 118 119 120 121 122 123 124 125 126 127 128 129 130 131 132 133 134 135 136 137 138 139 140 141 142 143 144 145 146 147 148 149 150 151 152 153 154 155 156 157 158 159 160 
2 2 2 2 2 2 3 2 2 1 2 3 2 2 2 2 2 1 2 2 2 2 2 1 2 2 2 3 2 2 1 2 2 2 2 2 3 2 2 2 2 2 2 3 2 3 1 2 2 1 1 3 2 2 2 3 1 2 2 3 2 3 2 1 2 2 2 1 2 2 1 3 3 2 3 2 2 1 1 3 2 2 3 2 2 1 2 2 2 2 3 1 2 2 2 3 1 2 1 3 2 2 3 3 3 2 2 2 2 2 3 2 2 2 3 2 1 2 2 1 1 2 2 2 2 2 3 2 2 2 2 3 2 2 3 2 2 2 3 2 3 2 1 2 3 2 2 2 2 3 2 1 2 3 1 3 3 2 2 2 
3 3 3 1 3 1 3 1 1 1 3 3 3 3 1 1 1 1 1 1 1 3 1 1 1 3 1 3 1 3 1 3 3 3 1 1 3 3 3 1 1 3 1 1 3 3 1 3 3 1 1 1 3 3 1 1 1 1 1 1 3 1 1 1 1 3 1 1 3 1 1 3 1 1 3 1 3 1 1 1 3 3 1 1 1 1 3 1 3 3 1 1 1 1 3 3 1 1 1 3 1 3 1 3 1 1 1 3 1 3 3 3 1 1 1 3 1 3 1 1 1 3 3 3 3 3 3 1 1 1 3 1 3 1 3 1 1 1 1 1 3 1 1 3 3 3 1 1 1 1 3 1 1 1 1 1 1 3 1 1 
4 10 4 6 9 8 2 2 7 9 2 1 9 9 5 10 3 6 7 8 7 8 6 7 7 1 9 2 6 7 7 6 10 1 10 8 2 4 6 9 3 5 2 9 10 4 9 5 9 7 6 1 1 8 7 6 5 3 4 10 7 6 7 6 2 6 4 8 5 9 5 4 1 8 1 9 4 8 8 9 2 10 3 7 5 2 3 2 3 10 7 5 6 2 3 8 7 9 2 2 5 2 3 1 4 6 8 10 1 8 10 2 10 10 4 9 3 6 2 7 3 6 4 3 2 2 1 10 7 9 8 10 2 3 8 3 6 2 2 3 3 5 2 5 3 1 1 9 4 9 2 9 1 6 8 1 9 4 8 8 
3597.68 4040.29 3544.92 3316.36 3285.06 4599.05 4746.17 4846.35 3558.68 4446.94 3777.93 4231.28 3142.47 4014.68 4148.03 3249.37 4904.2 3313.8 3642.32 4767.94 3557.22 4527.12 3267.5 3692.3 3864.49 4432.48 3684.72 4515.27 3357.77 3749.89 3878.3 3297.55 3454.61 4393.44 3669.43 4762.37 4166.33 3476.81 3188.26 4404.9 4089.89 4231.11 4874.9 3534.67 4050.69 3552.03 3020.64 4160.11 4320.95 3574.12 3297.14 3937.06 4114.56 4650.16 4008.9 3149.56 4157.93 4446.63 3550.41 3106.31 3634.19 3269.82 3857.56 3299.1 4032.2 3364.7 3551.38 4843.36 4185.46 4204.08 4077.61 3536.09 4517.78 4442.22 3827.75 3448.61 3461.97 4851.38 4755.85 3589.88 4446.31 3559.59 4209.21 3686.63 4038.62 3826.02 4154.84 4122.77 4654.1 3226.75 3904.25 4338.05 3274.09 3847.61 4323.41 4458.57 3811.27 3940.25 4869.41 3901.42 4423.12 4970.14 4570.34 4573.24 3486.15 3386.7 4643.94 3584.04 3957.9 4474.73 3692.77 4074.82 3846.47 4423.63 3519.08 4074.36 4265.91 3258.28 3896.83 3541.13 4328.91 3239.4 3465.13 4110.36 4640.08 3686.01 4400.68 3359.55 3448.81 4646.91 4552.86 3219.55 4816.26 4566.51 4817.36 4511.55 3364.42 4542.4 3879.0 4681.31 4645.55 3947.75 4442.36 4163.65 4652.94 4267.62 3858.07 3946.71 3609.5 3736.47 4787.55 3588.96 4283.0 3157.65 4786.33 3773.09 4695.7 3550.44 4540.08 4716.68 
0.38 0.73 0.4 0.64 0.78 0.82 0.9 0.93 0.27 0.77 0.94 0.91 0.77 0.77 0.58 0.69 0.36 0.65 0.5 0.45 0.14 0.69 0.64 0.33 0.42 0.93 0.77 0.54 0.65 0.47 0.2 0.64 0.27 0.95 0.49 0.65 0.88 0.57 0.64 0.8 0.23 0.59 0.55 0.8 0.43 0.37 0.78 0.67 0.79 0.5 0.64 0.94 0.93 0.24 0.29 0.65 0.57 0.32 0.55 0.32 0.36 0.64 0.43 0.65 0.71 0.65 0.36 0.25 0.61 0.79 0.61 0.48 0.9 0.26 0.92 0.79 0.45 0.31 0.48 0.8 0.61 0.73 0.19 0.47 0.67 0.82 0.16 0.63 0.39 0.62 0.15 0.72 0.64 0.54 0.16 0.55 0.47 0.76 0.74 0.82 0.68 0.65 0.43 0.95 0.28 0.65 0.86 0.19 0.94 0.38 0.23 0.58 0.43 0.41 0.67 0.77 0.24 0.65 0.62 0.2 0.17 0.65 0.6 0.37 0.57 0.82 0.92 0.49 0.19 0.82 0.61 0.3 0.94 0.36 0.46 0.17 0.65 0.7 0.8 0.21 0.34 0.58 0.8 0.59 0.18 0.92 0.9 0.78 0.16 0.77 0.85 0.76 0.9 0.65 0.84 0.91 0.77 0.14 0.51 0.31 
1.0 0.96 0.87 0.62 0.78 0.8 0.74 0.89 0.73 1.0 1.0 0.57 0.72 0.87 0.91 0.95 0.98 0.74 1.0 0.58 0.71 1.0 0.67 0.69 0.58 0.68 1.0 0.54 0.83 0.84 0.94 0.9 0.87 0.94 0.62 1.0 1.0 0.98 0.86 0.78 1.0 0.51 0.55 0.71 0.66 0.85 0.54 0.69 1.0 0.69 0.64 0.59 0.56 0.59 0.96 0.88 0.6 0.63 0.51 0.53 0.56 0.88 0.54 1.0 1.0 0.74 0.81 0.56 0.94 0.55 0.51 0.87 0.92 0.65 0.95 0.53 1.0 1.0 0.53 0.64 1.0 1.0 1.0 0.84 0.92 0.7 0.8 0.86 0.83 1.0 0.82 0.82 0.87 1.0 1.0 0.67 0.6 0.95 1.0 1.0 1.0 0.65 1.0 0.7 0.63 0.84 0.64 0.94 0.63 1.0 0.68 0.71 1.0 1.0 0.68 0.71 0.75 0.95 0.9 0.72 1.0 0.87 0.56 0.54 1.0 0.95 0.58 0.88 0.91 1.0 0.98 1.0 1.0 0.69 0.72 0.8 1.0 0.65 0.56 0.51 0.97 0.82 1.0 0.82 0.76 0.89 1.0 1.0 0.62 0.76 0.83 0.52 0.79 0.53 0.8 0.78 0.88 0.94 0.68 0.52 
1.0 0.75 0.84 0.98 0.69 0.64 0.86 0.79 0.98 1.0 0.68 0.65 0.56 0.73 0.81 0.85 0.62 0.84 0.92 0.95 0.87 0.61 1.0 0.61 0.53 0.64 0.84 0.62 0.88 0.81 0.65 0.56 0.67 0.8 0.51 0.55 0.68 0.82 0.59 0.6 0.5 0.83 0.99 0.64 0.83 0.88 0.8 0.59 1.0 0.91 0.7 0.69 0.86 0.96 1.0 1.0 0.98 0.51 0.92 1.0 1.0 0.8 0.77 0.69 0.61 0.76 0.97 1.0 0.84 0.81 0.67 1.0 0.72 0.72 0.92 0.5 1.0 0.73 0.57 0.87 1.0 0.95 0.66 0.56 0.57 0.76 1.0 0.81 1.0 0.57 0.73 0.78 1.0 0.81 0.68 0.64 0.54 0.99 1.0 0.88 0.6 0.81 0.58 0.74 0.88 0.89 0.73 0.55 1.0 0.98 0.52 0.57 0.9 0.8 0.91 0.75 0.95 0.84 0.76 0.95 1.0 1.0 0.92 0.82 0.58 0.75 0.83 0.85 0.76 0.78 0.83 1.0 0.83 0.61 0.6 0.84 0.71 0.95 0.6 0.55 0.81 0.61 0.57 0.68 0.93 0.99 1.0 0.55 0.76 1.0 1.0 0.73 0.54 0.69 0.72 0.88 0.61 0.97 1.0 0.88 
0.59 0.79 1.0 0.59 0.75 0.61 0.53 0.92 0.75 0.64 0.96 0.97 0.79 1.0 0.95 0.93 0.8 0.79 0.95 0.91 0.96 0.99 0.67 0.88 1.0 0.66 0.76 0.53 0.53 0.87 1.0 1.0 0.6 0.92 0.58 0.54 0.72 0.83 0.68 0.92 0.92 0.75 0.87 0.93 0.64 0.94 0.77 0.85 0.76 0.95 1.0 0.99 0.62 0.56 0.8 0.58 1.0 1.0 1.0 0.59 0.58 0.7 0.84 0.9 0.53 0.78 1.0 1.0 0.76 0.52 0.81 0.53 1.0 0.95 0.55 0.75 0.51 0.98 1.0 0.88 0.72 1.0 0.9 1.0 0.68 0.92 0.82 0.91 1.0 0.62 0.88 0.87 0.58 0.52 1.0 0.87 1.0 0.69 0.83 0.73 0.67 0.76 0.88 0.91 0.95 1.0 0.93 0.54 0.98 0.86 0.55 0.69 0.84 1.0 1.0 0.77 1.0 0.64 0.92 0.95 0.67 0.55 1.0 0.83 0.55 0.57 0.53 0.64 0.7 0.75 0.66 0.52 0.69 0.71 0.76 0.94 0.79 1.0 0.8 0.59 0.69 0.8 0.57 0.92 0.8 1.0 0.91 0.61 0.9 0.74 0.58 0.51 1.0 1.0 0.8 0.51 0.76 0.68 1.0 0.72 
0.68 0.76 0.81 1.0 0.81 0.87 0.73 1.0 0.73 0.98 0.92 0.95 0.81 0.97 1.0 1.0 0.67 0.63 0.63 1.0 0.73 0.67 0.81 0.67 0.88 0.94 0.99 0.6 0.9 0.91 0.8 0.88 0.91 1.0 0.87 0.61 0.7 0.51 0.66 0.57 0.95 0.9 0.74 0.93 0.51 0.66 0.54 0.8 0.68 0.93 0.93 0.76 1.0 0.6 0.55 0.88 1.0 0.6 0.82 0.5 0.92 0.78 0.86 0.93 0.72 0.62 0.63 0.58 1.0 1.0 0.54 0.75 0.82 0.99 0.69 0.82 0.69 0.55 0.53 0.86 0.92 0.77 0.56 1.0 0.6 0.93 0.85 0.93 0.79 0.88 1.0 0.66 0.72 1.0 0.85 0.67 0.97 1.0 0.87 0.99 0.88 0.85 0.69 0.94 0.74 0.64 0.72 1.0 0.62 0.66 0.94 0.93 0.58 0.68 0.55 0.61 0.7 0.71 0.54 1.0 1.0 1.0 0.94 0.58 0.7 0.71 0.64 1.0 0.66 0.95 0.89 0.74 0.89 0.51 0.85 0.69 0.53 0.91 0.78 1.0 0.54 0.68 0.6 1.0 0.61 0.53 1.0 0.86 0.64 0.77 0.67 0.61 0.73 0.99 0.72 0.93 0.73 0.74 0.89 1.0 
0.6 0.75 0.74 0.65 0.65 0.94 1.0 1.0 1.0 0.57 0.93 0.9 0.65 0.58 0.6 0.73 0.68 0.59 0.77 0.98 0.63 1.0 1.0 0.53 0.98 0.53 0.98 0.81 1.0 0.62 0.9 0.82 0.74 0.52 0.89 0.9 0.53 0.74 1.0 0.54 0.55 0.51 0.78 0.56 0.86 0.84 1.0 1.0 0.85 0.96 0.71 0.79 1.0 0.53 0.67 0.63 0.88 0.9 0.93 0.78 0.98 1.0 0.99 0.99 0.7 0.78 1.0 0.91 0.96 0.96 0.53 0.71 0.91 0.71 0.86 0.71 0.68 1.0 0.93 0.61 1.0 0.97 0.69 0.86 0.82 0.55 1.0 0.6 0.59 0.77 0.89 0.65 0.6 0.85 0.75 0.72 0.73 0.81 0.55 0.98 0.55 0.92 0.76 0.92 0.85 0.73 0.67 1.0 0.82 0.72 0.96 0.66 0.81 0.61 0.71 0.82 1.0 1.0 0.73 0.62 0.79 0.99 0.77 0.57 0.73 0.62 0.99 0.93 1.0 0.98 0.73 0.67 0.85 0.72 0.53 0.66 0.8 0.75 0.89 1.0 0.75 0.58 0.67 0.81 0.82 0.78 0.64 0.75 0.53 0.8 1.0 0.95 0.64 0.9 0.63 0.55 0.75 0.55 0.99 1.0 
0.24 0.32 0.44 0.23 0.21 0.25 0.25 0.64 0.39 0.36 0.56 0.3 0.17 0.35 0.42 0.55 0.22 0.18 0.42 0.49 0.27 0.4 0.37 0.13 0.26 0.15 0.63 0.09 0.35 0.33 0.44 0.37 0.24 0.36 0.14 0.16 0.18 0.25 0.23 0.13 0.24 0.14 0.27 0.22 0.16 0.39 0.18 0.28 0.44 0.53 0.3 0.24 0.3 0.1 0.29 0.28 0.52 0.17 0.36 0.12 0.29 0.39 0.29 0.57 0.16 0.21 0.5 0.3 0.58 0.22 0.08 0.24 0.49 0.31 0.28 0.12 0.24 0.39 0.15 0.26 0.66 0.71 0.23 0.4 0.18 0.25 0.55 0.35 0.38 0.24 0.47 0.24 0.22 0.36 0.43 0.18 0.23 0.52 0.4 0.62 0.2 0.31 0.27 0.41 0.33 0.35 0.21 0.28 0.31 0.4 0.18 0.17 0.35 0.33 0.25 0.2 0.5 0.36 0.25 0.4 0.53 0.47 0.37 0.12 0.16 0.18 0.16 0.44 0.32 0.54 0.35 0.26 0.43 0.11 0.15 0.29 0.24 0.42 0.19 0.17 0.22 0.16 0.13 0.42 0.29 0.36 0.58 0.22 0.14 0.34 0.32 0.11 0.2 0.32 0.21 0.18 0.22 0.25 0.6 0.33 
1670.03 2439.32 1769.2 1025.19 1390.16 2005.25 2103.03 2099.62 456.96 1433.71 2434.94 938.08 1410.65 1365.02 404.67 2524.62 852.36 1024.11 494.26 1253.11 444.54 1617.69 1297.05 477.27 516.62 1046.0 1420.78 1757.62 1080.02 571.42 446.12 828.77 1555.08 1218.61 1897.49 1746.16 1913.75 2137.87 940.49 1435.92 788.77 815.4 1871.07 1436.46 2263.45 1820.92 1346.41 472.18 1429.34 528.43 1085.46 1202.49 1053.32 1275.61 447.44 1121.7 607.75 618.64 2287.84 1744.52 538.6 877.12 549.67 1431.56 1708.91 830.4 2022.7 1197.58 588.7 1314.83 602.34 2154.58 923.31 1246.09 867.49 1371.43 1864.78 1068.66 1356.12 1384.77 1817.42 2581.5 728.2 583.74 640.57 2105.14 782.8 1838.9 547.86 2244.56 516.28 530.45 1067.39 1678.1 701.99 1704.28 514.68 1422.26 1862.6 1968.7 642.79 1802.95 784.86 1020.86 2580.88 1091.49 1946.92 1745.6 955.21 1401.25 1818.62 1704.76 2162.2 1783.82 2409.53 1376.68 699.14 1083.4 1758.94 387.9 855.06 921.16 2282.24 952.91 1996.48 1966.77 874.99 2127.97 443.98 1416.15 1554.98 1825.24 2141.0 1047.13 1446.93 743.02 1147.25 1897.71 2327.0 828.26 728.57 607.99 2060.25 645.83 728.7 981.96 1146.83 1348.06 1763.99 1430.55 2018.72 1389.07 1007.73 1057.81 1875.51 1109.87 1350.88 1915.9 1261.46 1193.68 
396.91 837.72 798.25 208.74 271.8 531.16 532.82 1190.64 170.68 573.84 1432.2 279.65 168.49 462.09 179.55 1459.79 212.24 176.16 207.48 581.37 116.92 656.3 454.39 63.38 121.35 130.71 881.21 190.68 400.92 193.58 196.08 296.46 347.22 413.96 274.37 252.64 316.11 597.23 260.24 135.46 202.4 120.03 568.69 334.92 282.4 657.72 248.94 150.44 616.6 273.11 382.96 265.11 333.22 119.47 155.21 363.22 257.68 103.42 847.24 242.9 152.88 345.25 154.62 878.49 269.7 210.85 1025.31 416.28 364.87 298.49 48.24 481.51 473.65 425.23 220.66 163.58 472.95 409.31 194.9 316.71 1208.43 1861.46 183.79 219.7 129.69 484.1 449.15 656.35 225.18 425.82 236.6 132.54 205.45 641.31 330.56 288.98 114.98 727.34 775.92 1198.58 142.97 543.89 172.41 424.02 828.64 372.23 478.42 528.64 293.02 502.15 298.82 179.54 817.7 563.98 573.83 208.55 309.94 400.35 393.39 155.62 518.09 424.38 809.25 117.16 387.69 280.89 120.18 1070.5 140.47 727.08 571.93 475.98 970.07 95.22 165.38 219.59 251.66 828.13 388.02 115.61 178.13 100.85 309.73 291.1 213.39 384.47 714.76 320.27 264.08 425.4 669.71 172.3 221.27 319.36 377.93 186.09 343.61 501.77 770.2 427.1 
7850.14 11696.59 8346.0 4625.94 6450.82 9526.25 10015.13 9998.11 1784.82 6668.55 11674.68 4190.4 6553.27 6325.11 1523.33 12123.1 3761.8 4620.53 1971.29 5765.57 1722.71 7588.47 5985.26 1886.35 2083.1 4729.98 6603.9 8288.1 4900.12 2357.09 1730.62 3643.86 7275.42 5593.05 8987.43 8230.78 9068.73 10189.37 4202.47 6679.62 3443.86 3577.02 8855.36 6682.3 10817.26 8604.62 6232.05 1860.89 6646.72 2142.16 4927.29 5512.45 4766.62 5878.03 1737.22 5108.48 2538.73 2593.19 10939.21 8222.59 2193.0 3885.59 2248.35 6657.8 8044.57 3652.02 9613.52 5487.92 2443.48 6074.14 2511.71 10272.92 4116.56 5730.46 3837.45 6357.15 8823.9 4843.31 6280.58 6423.84 8587.08 12407.49 3141.0 2418.7 2702.86 10025.68 3413.98 8694.49 2239.3 10722.8 2081.38 2152.25 4836.94 7890.52 3009.96 8021.38 2073.41 6611.29 8813.0 9343.48 2713.94 8514.77 3424.32 4604.31 12404.42 4957.46 9234.6 8228.0 4276.03 6506.26 8593.1 8023.8 10310.99 8419.1 11547.66 6383.4 2995.72 4916.99 8294.7 1439.49 3775.3 4105.82 10911.18 4264.53 9482.4 9333.87 3874.95 10139.84 1719.9 6580.74 7274.91 8626.18 10204.98 4735.64 6734.63 3215.11 5236.27 8988.55 11135.0 3641.29 3142.83 2539.94 9801.23 2729.13 3143.49 4409.78 5234.16 6240.28 8319.95 6652.77 9593.58 6445.36 4538.67 4789.06 8877.54 5049.33 6254.39 9079.5 5807.29 5468.39 
1484.54 3688.6 3491.23 543.72 859.0 2155.78 2164.1 5453.19 353.38 2369.21 6661.0 898.24 342.45 1810.44 397.74 6798.95 561.22 380.81 537.4 2406.86 84.61 2781.5 1771.93 -183.08 106.76 153.56 3906.05 453.4 1504.61 467.92 480.4 982.32 1236.12 1569.8 871.83 763.22 1080.56 2486.13 801.18 177.3 511.98 100.17 2343.45 1174.58 912.01 2788.6 744.68 252.18 2583.0 865.57 1414.8 825.55 1166.09 97.33 276.04 1316.11 788.39 17.08 3736.19 714.5 264.39 1226.25 273.12 3892.47 848.48 554.23 4626.57 1581.4 1324.35 992.44 -258.8 1907.54 1868.23 1626.17 603.31 317.92 1864.76 1546.57 474.49 1083.55 5542.14 8807.29 418.95 598.48 148.43 1920.5 1745.74 2781.77 625.9 1629.09 683.02 162.72 527.26 2706.56 1152.79 944.92 74.89 3136.7 3379.61 5492.9 214.87 2219.44 362.03 1620.09 3643.22 1361.13 1892.12 2143.21 965.1 2010.74 994.1 397.7 3588.51 2319.9 2369.16 542.75 1049.72 1501.77 1466.96 278.11 2090.45 1621.91 3546.26 85.79 1438.45 904.44 100.88 4852.49 202.34 3135.41 2359.67 1879.89 4350.34 -23.88 326.89 597.96 758.32 3640.63 1440.08 78.03 390.65 4.26 1048.64 955.52 566.95 1422.34 3073.78 1101.34 820.4 1626.99 2848.55 361.52 606.36 1096.78 1389.64 430.45 1218.07 2008.87 3351.01 1635.51 
107.93 121.21 106.35 99.49 98.55 137.97 189.85 145.39 106.76 88.94 113.34 169.25 94.27 120.44 124.44 97.48 147.13 66.28 109.27 143.04 106.72 135.81 98.03 73.85 115.93 132.97 110.54 180.61 100.73 112.5 77.57 98.93 103.64 131.8 110.08 142.87 166.65 104.3 95.65 132.15 122.7 126.93 146.25 141.39 121.52 142.08 60.41 124.8 129.63 71.48 65.94 157.48 123.44 139.5 120.27 125.98 83.16 133.4 106.51 124.25 109.03 130.79 115.73 65.98 120.97 100.94 106.54 96.87 125.56 126.12 81.55 141.44 180.71 133.27 153.11 103.46 103.86 97.03 95.12 143.6 133.39 106.79 168.37 110.6 121.16 76.52 124.65 123.68 139.62 96.8 156.17 86.76 98.22 115.43 129.7 178.34 76.23 118.21 97.39 156.06 132.69 149.1 182.81 182.93 139.45 101.6 139.32 107.52 118.74 134.24 147.71 122.24 115.39 132.71 140.76 122.23 85.32 97.75 116.9 70.82 86.58 97.18 103.95 123.31 139.2 110.58 176.03 100.79 103.46 139.41 136.59 128.78 144.49 137.0 192.69 135.35 100.93 136.27 155.16 140.44 185.82 118.43 88.85 124.91 186.12 128.03 115.74 118.4 108.28 149.46 143.63 71.78 128.49 126.31 95.73 150.92 187.83 106.51 136.2 141.5 
20 23 20 18 18 26 40 27 20 12 21 36 17 22 23 18 28 9 20 27 20 25 18 10 22 25 21 38 19 21 11 18 19 25 20 27 35 19 18 25 23 24 27 30 23 30 8 23 24 10 9 33 23 26 22 26 11 25 20 26 20 28 22 9 23 19 20 13 23 24 11 30 38 25 32 19 19 13 13 30 25 20 36 21 23 10 23 23 26 18 33 12 18 21 24 38 10 22 13 33 25 28 39 39 29 19 26 20 22 25 31 23 21 25 30 23 12 18 22 10 12 18 19 23 26 21 37 19 19 26 26 27 27 26 41 25 19 25 33 26 39 22 12 23 39 24 22 22 20 32 27 10 24 27 13 32 40 20 25 26 
123 3 126 101 163 113 170 19 2 132 35 122 62 106 214 238 14 71 239 15 223 132 39 126 22 189 105 236 126 109 223 224 73 102 213 15 129 77 189 119 146 1 171 45 225 230 131 29 11 216 46 114 31 21 94 159 103 30 145 36 185 225 77 83 178 225 59 212 12 139 78 231 144 177 81 54 4 214 58 225 63 103 111 38 157 16 174 108 114 110 80 179 104 57 209 94 184 135 96 114 146 138 19 177 62 90 66 133 46 191 38 146 233 91 130 170 114 145 6 65 77 5 226 140 8 72 188 188 198 52 33 228 156 29 148 226 36 145 9 237 181 168 185 72 120 214 109 94 165 2 169 238 104 109 132 226 232 110 75 218 
240 89 178 240 209 240 240 139 187 216 138 228 203 240 240 240 65 174 240 132 240 240 132 205 139 240 240 240 183 240 240 240 240 211 240 167 227 240 240 159 240 116 240 209 240 240 240 211 43 240 198 240 240 198 235 240 240 92 178 219 240 240 103 183 240 240 140 240 55 240 197 240 174 240 116 141 230 240 208 240 240 171 233 240 240 174 240 227 231 240 240 240 180 209 240 186 240 240 207 215 240 240 62 240 240 240 235 240 92 240 240 240 240 240 173 240 187 240 139 234 202 100 240 191 117 216 212 240 240 185 223 240 240 176 180 240 76 240 208 240 240 240 240 208 240 240 240 153 240 236 240 240 240 215 240 240 240 150 220 240 
5
0.0 0.0 0.0 0.0 0.0 
100.0 100.0 100.0 100.0 0.0 
0 0 0 0 14 11 8 14 15 9 15 4 9 14 10 15 2 8 12 15 12 12 5 13 14 7 9 16 5 13 14 3 12 8 12 5 8 8 11 3 14 4 14 15 9 13 10 12 4 12 5 9 13 9 9 10 12 14 7 9 6 7 10 11 5 15 5 10 7 12 12 7 10 12 11 13 5 6 10 3 14 13 6 11 9 14 14 4 12 15 7 17 14 9 13 13 7 15 12 18 2 6 4 7 4 12 14 5 12 11 14 10 13 14 15 11 9 17 15 4 14 10 18 6 9 7 11 13 14 7 10 2 3 12 5 13 9 8 12 9 14 16 12 9 15 11 15 13 11 11 11 13 8 5 11 14 5 5 7 7 9 8 14 11 5 
0 0 0 0 14 11 8 14 15 9 15 4 9 14 10 15 2 8 12 15 12 12 5 13 14 7 9 16 5 13 14 3 12 8 12 5 8 8 11 3 14 4 14 15 9 13 10 12 4 12 5 9 13 9 9 10 12 14 7 9 6 7 10 11 5 15 5 10 7 12 12 7 10 12 11 13 5 6 10 3 14 13 6 11 9 14 14 4 12 15 7 17 14 9 13 13 7 15 12 18 2 6 4 7 4 12 14 5 12 11 14 10 13 14 15 11 9 17 15 4 14 10 18 6 9 7 11 13 14 7 10 2 3 12 5 13 9 8 12 9 14 16 12 9 15 11 15 13 11 11 11 13 8 5 11 14 5 5 7 7 9 8 14 11 5 
0 0 0 0 14 11 8 14 15 9 15 4 9 14 10 15 2 8 12 15 12 12 5 13 14 7 9 16 5 13 14 3 12 8 12 5 8 8 11 3 14 4 14 15 9 13 10 12 4 12 5 9 13 9 9 10 12 14 7 9 6 7 10 11 5 15 5 10 7 12 12 7 10 12 11 13 5 6 10 3 14 13 6 11 9 14 14 4 12 15 7 17 14 9 13 13 7 15 12 18 2 6 4 7 4 12 14 5 12 11 14 10 13 14 15 11 9 17 15 4 14 10 18 6 9 7 11 13 14 7 10 2 3 12 5 13 9 8 12 9 14 16 12 9 15 11 15 13 11 11 11 13 8 5 11 14 5 5 7 7 9 8 14 11 5 
0 0 0 0 14 11 8 14 15 9 15 4 9 14 10 15 2 8 12 15 12 12 5 13 14 7 9 16 5 13 14 3 12 8 12 5 8 8 11 3 14 4 14 15 9 13 10 12 4 12 5 9 13 9 9 10 12 14 7 9 6 7 10 11 5 15 5 10 7 12 12 7 10 12 11 13 5 6 10 3 14 13 6 11 9 14 14 4 12 15 7 17 14 9 13 13 7 15 12 18 2 6 4 7 4 12 14 5 12 11 14 10 13 14 15 11 9 17 15 4 14 10 18 6 9 7 11 13 14 7 10 2 3 12 5 13 9 8 12 9 14 16 12 9 15 11 15 13 11 11 11 13 8 5 11 14 5 5 7 7 9 8 14 11 5 
14 14 14 14 0 10 11 15 12 14 12 9 5 13 8 8 12 11 9 11 3 2 12 11 13 8 14 12 13 13 16 11 2 6 10 12 11 13 9 12 14 9 15 9 5 15 12 15 11 9 8 9 18 15 8 7 4 17 13 6 10 10 15 13 10 13 11 16 11 14 7 7 7 8 13 6 9 9 14 11 13 7 11 7 6 7 8 12 13 11 10 13 13 10 9 4 12 10 17 13 12 12 10 11 10 12 7 12 2 5 11 4 10 13 16 2 14 12 13 12 15 6 13 8 7 11 10 16 15 14 12 11 11 13 8 10 7 14 17 4 14 12 3 6 11 2 11 5 11 2 10 12 6 9 4 7 12 10 8 12 7 8 14 13 9 
11 11 11 11 10 0 3 4 4 4 3 8 6 3 3 5 9 2 2 3 7 8 5 1 3 5 4 4 6 2 5 7 8 5 1 5 2 4 1 7 3 7 4 5 6 4 2 4 6 2 8 2 7 5 3 3 6 6 5 5 4 4 4 2 6 4 5 6 3 3 3 6 3 3 2 5 7 5 4 8 3 4 5 3 5 5 4 6 2 3 4 6 3 2 2 6 4 4 6 6 8 5 7 3 8 1 5 6 9 5 3 6 2 3 5 8 4 6 4 7 4 4 6 6 3 4 0 5 4 5 2 9 7 2 6 2 4 4 6 7 3 4 7 5 4 9 3 5 0 9 0 1 6 6 6 4 5 6 5 4 4 4 4 2 7 
8 8 8 8 11 3 0 6 7 2 6 6 6 5 4 8 6 0 4 7 8 9 2 4 6 4 2 7 3 4 6 5 9 5 4 2 0 1 4 5 5 5 6 8 6 5 1 4 4 5 6 2 6 3 3 4 7 6 2 5 2 1 3 2 3 7 3 4 1 4 5 5 4 5 3 7 5 3 3 6 5 7 2 5 5 7 7 3 3 7 1 9 6 1 6 8 1 7 5 9 6 1 4 0 5 3 8 3 10 6 6 7 6 5 6 9 2 9 7 4 6 5 9 4 4 1 3 6 6 2 1 6 4 3 5 5 4 2 5 7 5 7 9 5 7 9 7 7 2 9 3 4 6 4 7 7 2 4 3 1 4 4 6 2 5 
14 14 14 14 15 4 6 0 3 5 3 12 10 2 7 7 12 6 5 4 11 12 8 3 2 10 5 4 8 1 1 11 13 10 5 8 6 6 6 11 0 12 0 7 11 2 4 3 10 5 12 6 5 6 7 7 10 3 7 10 8 7 4 3 10 2 9 5 7 2 7 11 8 6 2 9 11 9 4 12 1 8 8 7 9 8 6 9 2 4 7 4 1 6 5 10 7 5 5 5 12 7 11 7 12 3 8 9 13 10 4 11 5 1 1 12 5 5 2 10 0 8 5 10 8 7 4 2 0 7 4 12 11 2 11 5 8 6 4 12 1 3 12 9 4 13 4 9 4 13 4 3 10 10 10 7 8 10 9 7 8 8 0 3 11 
15 15 15 15 12 4 7 3 0 8 0 12 9 2 6 4 13 6 3 0 9 9 10 2 1 9 8 0 10 3 5 12 10 9 3 10 6 8 4 12 3 12 4 3 9 5 6 6 11 3 12 6 9 9 6 6 7 7 9 8 9 8 7 5 10 1 10 9 7 4 5 10 6 4 4 6 11 9 7 13 2 5 9 6 8 5 3 11 4 1 8 2 2 6 2 8 9 2 8 2 13 9 11 8 12 3 4 10 11 8 1 9 2 2 4 10 7 2 0 11 4 6 2 10 7 8 3 6 3 9 6 13 11 4 11 2 7 8 8 10 2 0 9 8 1 11 0 6 4 11 4 2 9 11 8 4 9 10 9 8 7 8 3 5 11 
9 9 9 9 14 4 2 5 8 0 7 8 9 6 6 10 7 3 6 8 11 12 4 6 6 7 0 8 3 4 5 7 12 8 6 3 3 1 6 6 5 8 5 10 9 3 2 2 5 7 8 5 4 1 6 7 10 4 2 8 5 4 0 2 5 7 4 1 3 3 7 8 7 7 3 10 8 6 0 8 5 9 4 7 8 9 9 5 3 8 4 10 6 4 7 11 3 8 3 10 7 2 7 3 8 4 10 4 12 9 7 9 7 6 5 12 0 10 7 5 5 8 10 7 6 3 5 4 5 1 2 7 6 3 7 7 7 0 2 10 5 8 11 8 8 12 8 10 4 12 5 5 9 7 10 9 4 6 6 3 7 6 5 3 7 
15 15 15 15 12 3 6 3 0 7 0 11 8 1 6 4 12 6 3 0 8 9 9 1 1 9 7 0 9 3 5 11 10 8 3 9 6 7 4 11 3 11 3 3 9 5 5 5 10 3 11 5 8 8 6 5 7 6 8 8 8 7 7 4 9 1 9 8 7 4 4 9 6 3 4 6 11 8 6 12 2 5 8 5 7 4 3 10 4 0 7 2 1 5 2 7 8 2 8 3 12 8 10 7 11 3 4 10 11 7 0 8 2 1 4 10 7 2 0 10 4 6 3 9 6 8 3 5 3 8 5 12 11 4 10 2 7 7 7 10 2 1 9 7 1 11 0 6 3 11 3 2 9 10 7 4 9 10 8 8 6 7 3 4 10 
4 4 4 4 9 8 6 12 12 8 11 0 4 11 5 10 2 6 8 11 7 7 4 10 11 2 7 12 5 10 12 2 7 4 8 4 6 7 7 2 11 0 12 11 4 11 8 10 3 8 0 5 12 8 5 6 7 13 6 4 3 4 9 9 2 12 3 9 5 10 7 2 6 8 9 8 0 2 9 1 11 9 4 6 5 9 10 3 10 11 4 14 11 5 9 8 5 11 11 14 2 5 1 5 0 9 10 4 7 6 11 5 10 11 13 6 8 13 12 3 12 6 14 2 5 4 8 12 12 7 8 2 2 9 1 9 5 7 11 4 11 12 7 5 11 6 11 9 8 7 8 10 3 1 7 10 4 2 3 5 5 4 12 9 1 
9 9 9 9 5 6 6 10 9 9 8 4 0 8 2 6 7 5 5 8 3 3 6 7 9 2 8 9 7 8 11 6 3 0 5 6 5 7 4 6 9 4 10 7 0 10 7 10 6 5 4 3 12 9 3 2 2 12 8 0 4 4 9 8 5 10 5 10 5 9 3 2 2 5 8 4 4 3 9 6 9 4 5 2 0 5 6 6 8 8 5 11 9 4 6 3 6 7 12 11 7 6 4 5 5 7 6 6 3 1 7 1 6 9 11 3 8 10 9 6 11 2 10 3 2 5 5 11 10 8 7 6 6 8 3 6 1 8 11 1 9 9 3 0 8 3 8 4 6 3 5 7 0 3 2 5 6 5 2 6 1 2 10 7 4 
14 14 14 14 13 3 5 2 2 6 1 11 8 0 6 5 12 5 3 2 9 10 8 1 0 9 6 2 8 1 3 10 11 8 3 8 5 6 4 10 1 11 2 5 9 3 4 4 9 3 11 5 6 7 5 5 8 5 7 8 7 7 5 3 9 1 8 6 6 2 5 9 6 4 2 7 10 8 5 11 0 6 7 6 8 5 4 9 2 2 6 3 0 5 3 8 7 3 6 4 11 7 10 6 11 2 6 9 11 8 2 9 3 0 3 11 5 4 1 9 2 6 4 9 6 7 3 4 2 7 4 12 10 2 9 3 7 6 6 10 0 2 10 8 2 11 2 7 3 11 2 1 9 9 8 5 8 9 8 7 7 7 1 3 10 
10 10 10 10 8 3 4 7 6 6 6 5 2 6 0 5 7 3 2 5 4 5 5 4 6 3 6 6 6 6 8 6 5 2 2 5 3 5 2 6 7 5 7 5 3 7 4 7 5 3 5 1 10 7 0 0 3 9 6 2 3 3 6 5 4 7 4 8 3 6 2 3 0 2 5 3 5 3 6 6 6 3 4 1 2 4 4 5 5 5 3 8 6 2 4 4 4 5 9 8 7 5 5 3 6 4 4 5 6 2 5 3 4 6 8 5 6 8 6 6 8 1 8 3 0 4 3 8 7 6 4 7 6 5 4 4 1 6 8 4 6 7 5 1 5 6 5 4 3 6 3 4 3 4 3 4 5 4 2 4 0 1 7 5 4 
15 15 15 15 8 5 8 7 4 10 4 10 6 5 5 0 12 7 3 3 5 5 10 4 5 8 9 4 11 6 9 11 6 6 4 10 7 9 3 11 7 10 8 0 7 9 7 9 10 3 10 5 12 11 5 4 4 10 10 6 8 8 9 7 10 6 10 11 8 7 3 8 4 2 7 2 10 8 9 12 6 1 9 4 5 1 1 10 7 3 8 5 5 6 2 4 9 2 11 5 12 9 10 8 11 5 0 10 7 5 3 6 2 6 8 7 9 4 5 11 8 4 4 8 5 8 4 9 7 10 7 12 11 7 9 2 5 10 11 7 6 4 5 5 3 7 3 2 5 7 4 5 7 9 4 0 10 10 8 9 5 6 7 7 9 
2 2 2 2 12 9 6 12 13 7 12 2 7 12 7 12 0 6 10 12 10 10 3 11 12 4 7 13 4 11 12 1 10 6 9 3 6 6 9 1 12 2 12 13 6 11 8 10 2 10 3 7 11 7 7 7 9 12 5 7 4 4 8 9 2 13 3 8 5 10 9 5 8 10 9 11 2 4 8 1 11 11 4 8 7 11 11 2 10 12 5 15 12 6 11 10 5 12 10 15 0 4 2 5 1 9 12 3 10 8 12 8 11 12 13 9 7 15 13 2 12 8 15 3 7 4 9 12 12 6 8 0 1 10 3 11 7 6 10 7 12 13 10 7 13 9 12 11 8 9 9 10 6 3 9 12 3 2 4 5 7 6 12 9 3 
8 8 8 8 11 2 0 6 6 3 6 6 5 5 3 7 6 0 4 6 7 8 3 4 5 4 2 7 3 4 6 5 9 4 3 3 0 2 3 5 5 5 6 7 5 5 2 4 4 4 6 2 7 4 2 3 6 7 3 5 2 1 3 2 3 6 3 5 0 4 4 5 4 4 3 6 5 3 3 6 5 6 2 4 5 6 6 4 3 6 1 8 5 0 5 7 2 6 6 9 6 2 4 1 5 3 7 3 9 6 5 6 5 5 6 8 3 8 6 4 6 4 9 4 3 1 3 6 6 3 2 6 5 3 5 5 4 2 6 7 5 7 8 4 6 9 6 7 2 9 2 4 5 4 6 6 3 4 3 2 3 3 6 2 5 
12 12 12 12 9 2 4 5 3 6 3 8 5 3 2 3 10 4 0 2 6 6 7 2 3 6 6 3 7 4 6 8 7 5 0 7 4 6 0 9 4 8 5 3 6 6 4 6 8 0 8 2 9 7 3 2 4 8 7 5 5 5 6 4 7 4 7 8 4 4 1 6 3 1 4 3 8 6 6 9 4 2 6 2 4 3 2 7 4 2 5 5 3 3 1 5 6 2 8 5 10 6 8 5 8 2 3 7 8 4 2 5 1 3 6 7 6 5 3 8 6 3 5 6 3 5 1 7 5 7 4 10 8 4 7 1 4 6 8 7 4 4 6 4 2 8 2 3 2 8 1 2 6 7 5 2 7 7 5 6 3 4 5 4 7 
15 15 15 15 11 3 7 4 0 8 0 11 8 2 5 3 12 6 2 0 8 8 9 2 2 9 7 0 10 4 6 11 9 8 3 9 6 8 3 11 4 11 4 2 8 6 6 6 10 2 11 5 9 9 5 5 7 7 9 8 8 7 7 5 10 2 9 9 7 5 4 9 5 3 4 5 11 8 7 12 3 4 9 5 7 4 2 10 5 0 7 2 2 6 1 7 8 1 9 3 12 9 10 7 11 3 3 10 10 7 0 8 1 2 5 9 7 2 1 11 5 6 2 9 6 8 3 6 4 9 5 12 11 5 10 1 6 8 8 9 3 1 8 7 0 10 0 5 4 10 3 2 8 10 7 3 9 10 8 8 6 7 4 5 10 
12 12 12 12 3 7 8 11 9 11 8 7 3 9 4 5 10 7 6 8 0 0 9 8 9 5 10 9 10 10 12 9 1 3 6 9 7 10 5 9 10 7 11 5 3 12 9 11 9 5 7 5 14 12 5 4 1 13 10 3 7 7 11 9 8 10 8 12 7 10 4 5 3 5 9 2 7 6 11 9 10 3 8 3 3 4 5 9 10 8 7 10 9 6 6 1 9 7 14 10 10 9 8 8 8 8 4 9 2 1 7 2 6 9 12 2 11 9 9 9 12 3 10 6 4 8 6 13 11 10 9 10 9 10 6 6 3 10 13 3 10 9 0 3 8 2 8 2 7 2 7 8 3 7 1 4 9 8 6 9 4 5 11 9 7 
12 12 12 12 2 8 9 12 9 12 9 7 3 10 5 5 10 8 6 8 0 0 9 8 10 6 11 9 11 10 13 9 0 4 7 9 8 11 6 10 11 8 12 6 3 12 10 12 9 6 7 6 15 12 5 5 2 14 11 3 7 8 12 10 8 11 9 13 8 11 4 5 4 5 10 3 7 7 12 9 10 4 9 4 3 4 6 9 11 8 8 11 10 7 7 1 9 7 14 11 10 10 8 8 8 9 5 10 1 2 8 2 7 10 13 1 11 10 10 10 12 4 10 6 5 8 7 13 12 11 9 10 9 10 6 7 4 11 14 3 11 10 0 3 8 1 8 3 8 1 7 9 4 7 1 5 9 8 6 9 4 5 12 10 7 
5 5 5 5 12 5 2 8 10 4 9 4 6 8 5 10 3 3 7 9 9 9 0 7 8 4 3 10 1 7 8 3 10 5 6 0 3 2 6 2 8 4 8 10 6 7 4 6 1 7 5 4 8 4 4 5 8 8 2 6 2 1 4 5 1 9 1 5 2 6 7 5 6 7 5 9 4 2 4 4 8 8 0 6 6 9 9 1 6 9 1 11 8 3 8 9 1 9 7 12 3 1 3 1 4 6 10 0 10 7 8 7 8 8 9 9 3 11 9 1 8 6 12 3 5 1 6 8 8 2 4 4 2 6 4 8 5 3 6 7 8 10 9 6 9 9 9 9 5 9 6 7 6 3 8 9 0 2 3 1 5 4 8 5 3 
13 13 13 13 11 1 4 3 2 6 1 10 7 1 4 4 11 4 2 2 8 8 7 0 1 7 5 2 8 2 4 9 9 7 1 7 4 6 2 9 2 9 3 4 8 4 3 4 8 2 9 4 7 7 4 4 6 6 7 7 6 6 5 3 8 2 7 7 5 3 3 8 4 3 2 5 9 7 5 10 2 4 7 4 6 4 3 8 3 2 5 4 1 4 2 7 6 2 7 4 10 6 9 5 10 1 4 8 10 6 1 7 1 1 4 9 5 4 2 9 4 5 4 7 5 6 1 5 3 6 3 11 9 3 8 1 5 6 6 8 2 2 8 6 2 10 2 5 2 10 1 0 7 8 7 4 7 8 7 6 5 6 3 2 9 
14 14 14 14 13 3 6 2 1 6 1 11 9 0 6 5 12 5 3 2 9 10 8 1 0 9 6 2 9 2 3 11 11 9 3 8 5 7 4 11 1 11 2 5 9 3 4 4 10 3 11 5 7 7 6 6 8 5 8 8 8 7 5 3 9 1 9 7 6 3 5 10 6 4 3 7 11 8 5 12 1 6 8 6 8 6 4 9 3 2 7 3 0 5 3 8 7 3 7 3 12 8 10 7 11 2 6 9 12 8 2 9 3 0 3 11 6 3 1 10 2 7 4 9 6 7 3 4 2 7 4 12 10 3 10 3 7 6 6 10 1 1 10 8 2 11 2 7 3 11 3 1 9 10 8 5 8 10 8 7 7 7 1 3 10 
7 7 7 7 8 5 4 10 9 7 9 2 2 9 3 8 4 4 6 9 5 6 4 7 9 0 6 10 5 8 10 3 6 1 6 4 4 6 5 4 9 2 10 8 2 9 6 9 3 6 2 3 11 7 3 3 5 11 6 2 2 3 8 7 2 10 3 9 3 8 5 1 3 6 7 6 2 1 7 3 9 6 3 4 2 7 7 3 8 9 3 11 9 3 7 6 4 8 10 12 4 4 2 3 2 7 7 4 6 4 8 3 7 9 11 5 7 11 9 4 10 3 12 0 2 3 6 10 10 6 6 4 3 8 1 7 2 6 10 3 9 10 5 2 9 5 9 6 5 5 6 7 2 1 4 7 4 2 0 4 2 1 10 7 1 
9 9 9 9 14 4 2 5 8 0 7 7 8 6 6 9 7 2 6 7 10 11 3 5 6 6 0 8 3 4 5 6 11 7 5 3 2 0 6 6 5 7 5 9 8 4 1 3 5 6 8 4 4 1 5 6 9 5 1 8 4 3 1 2 5 7 4 2 3 3 7 7 6 7 3 9 7 5 1 7 5 9 3 7 8 9 8 4 3 8 3 9 6 3 7 10 2 8 3 10 7 2 6 2 7 4 9 4 12 9 7 9 7 6 6 11 0 10 7 4 5 7 10 6 6 3 5 4 5 1 2 7 5 3 7 7 7 0 3 9 5 8 11 7 8 11 7 9 4 11 4 5 8 6 9 9 3 5 5 2 6 6 5 2 7 
16 16 16 16 12 4 7 4 0 8 0 12 9 2 6 4 13 7 3 0 9 9 10 2 2 10 8 0 10 4 5 12 10 9 3 10 7 8 4 12 3 12 4 3 9 6 6 6 11 3 12 6 9 9 6 6 7 7 9 9 9 8 7 5 10 1 10 9 8 5 5 10 6 4 5 6 12 9 7 13 3 5 9 6 8 4 3 11 5 1 8 1 2 6 2 8 9 2 9 2 13 9 11 8 12 4 4 11 11 8 1 9 2 2 5 10 8 1 1 11 4 6 2 10 7 9 4 6 4 9 6 13 12 5 11 2 7 8 8 10 3 0 9 8 1 11 1 6 4 11 4 3 9 11 8 4 10 11 9 9 7 8 3 5 11 
5 5 5 5 13 6 3 8 10 3 9 5 7 8 6 11 4 3 7 10 10 11 1 8 9 5 3 10 0 7 8 3 11 6 7 1 3 2 7 2 8 4 9 11 7 7 4 6 2 8 5 5 7 3 5 6 9 8 1 7 3 3 4 5 2 10 2 4 3 6 8 6 7 8 6 10 5 3 4 4 8 9 1 7 7 10 10 1 6 10 2 12 9 4 9 10 1 10 6 13 4 1 3 2 4 6 11 1 11 8 9 8 9 8 9 10 3 12 10 1 9 7 13 4 6 2 7 8 9 2 4 4 2 6 5 8 6 2 6 8 8 10 10 7 10 11 10 10 6 11 6 7 7 4 9 10 1 3 4 1 6 5 9 5 4 
13 13 13 13 13 2 4 1 3 4 3 10 8 1 6 6 11 4 4 4 10 10 7 2 2 8 4 4 7 0 2 9 11 8 3 7 4 5 4 9 1 10 1 6 9 2 2 2 8 4 10 5 5 5 5 6 8 3 6 8 7 6 3 1 8 2 7 5 5 1 5 9 6 5 1 7 10 7 3 11 1 6 6 6 8 7 5 8 1 4 6 5 1 4 4 9 6 5 5 5 10 6 9 5 10 1 7 8 12 8 3 9 4 1 2 11 4 5 3 8 2 7 6 8 6 6 3 3 1 5 2 11 9 1 9 4 7 4 4 10 1 3 10 8 4 12 4 8 2 12 3 1 9 9 9 6 7 8 7 6 7 7 1 1 9 
14 14 14 14 16 5 6 1 5 5 5 12 11 3 8 9 12 6 6 6 12 13 8 4 3 10 5 5 8 2 0 11 14 11 6 8 6 6 7 11 2 12 1 8 12 1 4 2 10 7 12 7 3 5 8 8 11 1 7 11 9 8 4 3 10 4 9 4 7 2 8 11 9 7 3 10 12 9 4 12 3 9 8 9 10 9 8 9 2 6 8 6 3 7 7 12 7 7 3 7 12 7 11 7 12 4 9 9 15 11 5 12 6 3 1 14 4 7 4 10 1 9 7 10 9 8 5 0 1 6 4 12 11 2 11 6 9 5 3 13 2 5 13 10 6 14 6 10 5 14 5 4 11 11 11 9 8 10 10 7 9 9 1 3 11 
3 3 3 3 11 7 5 11 12 7 11 2 6 10 6 11 1 5 8 11 9 9 3 9 11 3 6 12 3 9 11 0 9 5 8 3 5 5 7 0 10 1 11 11 5 10 7 9 1 9 2 5 10 6 6 6 8 11 5 5 3 3 7 8 1 12 2 8 4 9 8 4 6 9 8 9 1 2 7 1 10 10 3 7 6 10 10 1 9 11 3 14 11 5 10 9 4 11 10 14 1 4 1 4 1 8 11 2 9 7 11 7 10 11 12 8 6 14 12 1 11 7 14 2 5 3 8 11 11 5 7 1 0 9 2 9 6 6 9 6 11 12 9 6 11 8 11 10 7 8 8 9 5 2 8 10 2 1 3 3 5 4 11 8 2 
12 12 12 12 2 8 9 13 10 12 10 7 3 11 5 6 10 9 7 9 1 0 10 9 11 6 11 10 11 11 14 9 0 4 8 10 9 11 7 10 12 8 13 7 3 13 10 13 9 7 7 7 16 13 6 5 2 15 11 4 8 8 12 11 9 12 9 14 8 12 5 5 5 6 11 4 7 7 12 9 11 5 9 5 3 5 7 10 11 9 8 12 11 8 7 2 10 8 15 12 10 10 8 9 8 10 6 10 1 3 9 2 8 11 14 0 12 11 11 10 13 4 11 6 5 9 8 14 13 11 10 10 9 11 7 8 4 11 14 2 12 11 1 4 9 1 9 4 9 1 8 10 4 7 2 6 10 8 6 10 5 5 13 10 7 
8 8 8 8 6 5 5 10 9 8 8 4 0 8 2 6 6 4 5 8 3 4 5 7 9 1 7 9 6 8 11 5 4 0 5 5 5 7 4 5 9 4 10 7 1 10 7 9 5 5 3 3 12 9 2 2 3 11 7 0 3 4 8 7 4 10 4 10 4 8 4 1 2 5 7 4 3 3 8 5 9 5 5 2 1 5 6 5 8 8 4 11 9 4 6 4 5 7 11 11 6 6 4 5 4 6 6 5 4 2 7 1 6 9 11 3 8 10 9 6 10 2 11 2 2 4 5 11 10 7 6 6 5 8 2 6 1 7 11 2 9 9 3 0 8 4 8 4 5 4 5 7 0 3 3 6 5 4 2 5 1 1 10 7 3 
12 12 12 12 10 1 4 5 3 6 3 8 5 3 2 4 9 3 0 3 6 7 6 1 3 6 5 3 7 3 6 8 8 5 0 6 3 5 1 8 4 8 5 3 6 5 3 5 7 0 8 2 8 7 2 2 5 7 6 5 5 4 5 3 6 4 6 7 4 4 2 6 3 1 3 4 8 5 5 9 3 3 6 2 4 3 2 7 3 3 4 5 3 3 1 5 5 3 8 6 9 6 7 4 8 2 4 7 8 5 2 6 1 3 6 7 5 5 3 7 5 3 6 6 3 5 0 6 5 6 3 9 8 3 7 1 4 5 7 7 4 4 7 4 3 8 3 4 1 8 0 2 6 7 5 3 6 7 5 5 3 4 4 3 7 
5 5 5 5 12 5 2 8 10 3 9 4 6 8 5 10 3 3 7 9 9 9 0 7 8 4 3 10 1 7 8 3 10 5 6 0 3 2 6 2 8 4 8 10 6 7 4 6 1 7 5 4 7 4 4 5 8 8 2 6 2 1 4 5 1 9 1 5 2 6 7 5 6 7 5 9 4 2 4 4 8 9 0 6 6 9 9 1 6 9 1 11 8 3 8 9 1 9 7 12 3 1 3 1 4 6 10 0 10 7 9 7 8 8 9 9 3 11 9 1 8 6 12 3 5 1 6 8 8 2 4 4 2 6 4 8 5 3 6 7 8 10 9 6 9 9 9 9 5 10 6 7 6 3 8 9 0 2 3 1 5 4 8 5 3 
8 8 8 8 11 2 0 6 6 3 6 6 5 5 3 7 6 0 4 6 7 8 3 4 5 4 2 7 3 4 6 5 9 5 3 3 0 2 3 5 5 5 6 7 6 5 2 4 4 4 6 2 7 4 2 3 6 6 3 5 2 1 3 2 3 6 3 5 1 4 4 5 4 4 3 6 5 3 3 6 5 6 2 4 5 6 6 4 3 6 1 8 5 0 5 7 2 6 6 9 6 2 5 1 6 3 7 4 9 6 5 6 5 5 6 8 3 8 6 4 6 4 9 4 3 1 3 6 6 3 1 6 5 3 5 4 4 2 5 7 5 7 8 4 6 9 6 7 2 9 2 4 5 4 6 6 3 4 3 2 3 3 6 2 5 
8 8 8 8 13 4 1 6 8 1 7 7 7 6 5 9 6 2 6 8 10 11 2 6 7 6 0 8 2 5 6 5 11 7 5 2 2 0 6 5 6 6 6 9 8 4 2 3 4 6 7 4 5 1 5 6 9 6 0 7 4 3 2 3 4 8 3 2 2 4 7 7 6 7 3 9 6 4 2 6 6 9 2 7 7 9 8 3 4 8 2 10 6 3 7 10 1 8 4 11 6 1 5 2 6 4 9 3 11 8 7 8 7 6 7 11 1 10 8 4 6 7 11 5 5 2 5 5 6 0 2 6 4 4 6 7 6 0 4 9 6 8 10 7 8 11 8 9 4 11 5 5 7 6 9 9 2 4 5 1 6 5 6 3 6 
11 11 11 11 9 1 4 6 4 6 4 7 4 4 2 3 9 3 0 3 5 6 6 2 4 5 6 4 7 4 7 7 7 4 1 6 3 6 0 8 5 7 6 3 5 6 4 6 7 1 7 2 9 7 2 1 4 8 6 4 4 4 6 4 6 5 6 7 4 5 1 5 2 1 4 3 7 5 6 8 4 2 5 1 3 3 2 7 4 3 4 6 4 2 2 4 5 3 8 6 9 6 7 4 7 3 3 7 7 4 3 4 2 4 7 6 6 6 4 7 6 2 6 5 2 5 1 7 6 6 4 9 7 4 6 2 3 6 8 6 5 5 6 3 3 7 3 3 2 7 1 3 5 6 4 3 6 6 4 5 2 3 6 4 6 
3 3 3 3 12 7 5 11 12 6 11 2 6 10 6 11 1 5 9 11 9 10 2 9 11 4 6 12 2 9 11 0 10 5 8 2 5 5 8 0 10 2 11 12 6 10 7 9 1 9 3 6 10 6 6 7 9 11 4 6 3 3 7 7 1 12 2 7 4 9 8 4 7 9 8 10 2 3 7 1 10 10 2 7 6 10 11 1 8 11 3 14 11 5 10 10 3 11 9 14 1 3 1 4 2 8 11 1 9 8 11 7 10 11 12 9 6 14 12 1 11 7 14 3 6 3 8 10 11 4 7 1 0 8 3 10 6 5 9 7 11 12 9 6 11 9 11 10 7 9 8 9 6 2 9 11 2 1 3 3 6 5 11 8 2 
14 14 14 14 14 3 5 0 3 5 3 11 9 1 7 7 12 5 4 4 10 11 8 2 1 9 5 3 8 1 2 10 12 9 4 8 5 6 5 10 0 11 0 6 10 2 3 2 9 4 11 6 5 6 6 6 9 3 7 9 8 7 4 2 9 2 8 5 6 1 6 10 7 5 2 8 11 8 4 12 0 7 7 7 9 7 6 9 1 4 7 4 1 5 4 10 7 5 5 5 11 7 10 6 11 2 7 9 13 9 3 10 4 1 1 12 5 5 2 9 1 7 5 9 7 7 4 2 0 6 3 12 10 1 10 4 8 5 4 11 0 3 11 9 4 12 4 8 3 12 3 2 10 10 9 7 8 9 8 7 8 8 0 2 10 
4 4 4 4 9 7 5 12 12 8 11 0 4 11 5 10 2 5 8 11 7 8 4 9 11 2 7 12 4 10 12 1 8 4 8 4 5 6 7 2 11 0 12 11 4 11 7 10 2 8 1 5 12 8 5 6 7 12 6 4 3 4 8 8 2 12 3 9 4 10 7 2 6 8 9 8 0 2 8 1 11 9 3 6 5 9 10 3 9 11 4 14 11 5 9 8 4 11 11 14 2 5 1 4 0 8 10 3 7 6 10 5 9 11 12 7 7 13 12 3 12 6 14 1 5 4 8 12 12 6 7 2 2 9 1 9 5 7 11 5 11 12 7 5 11 7 11 9 7 7 8 9 4 1 7 10 4 1 2 4 5 4 12 8 0 
14 14 14 14 15 4 6 0 4 5 3 12 10 2 7 8 12 6 5 4 11 12 8 3 2 10 5 4 9 1 1 11 13 10 5 8 6 6 6 11 0 12 0 7 11 2 4 3 10 5 12 7 4 6 7 7 10 2 7 10 9 8 4 3 10 2 9 5 7 2 7 11 8 6 3 9 12 9 4 12 1 8 8 8 10 8 7 10 2 4 7 5 2 6 5 11 7 5 5 5 12 7 11 7 12 3 8 9 14 10 4 11 5 2 0 13 5 5 3 10 0 8 6 10 8 8 5 2 0 7 4 12 11 2 11 5 9 6 4 12 1 3 12 9 5 13 4 9 4 13 4 3 11 11 10 8 8 10 9 7 8 9 0 3 11 
15 15 15 15 9 5 8 7 3 10 3 11 7 5 5 0 13 7 3 2 5 6 10 4 5 8 9 3 11 6 8 11 7 7 3 10 7 9 3 12 6 11 7 0 7 8 7 8 11 3 10 5 11 11 5 5 5 10 10 6 8 8 9 7 10 5 10 11 8 7 3 8 5 2 6 3 10 8 9 12 5 2 9 4 6 1 1 11 7 2 8 4 5 6 2 4 9 1 11 4 12 10 10 8 11 5 1 11 8 5 2 6 2 5 8 7 9 3 4 11 7 4 4 9 5 9 4 9 7 10 7 12 11 7 9 2 6 9 11 8 6 4 6 6 2 8 2 3 5 8 4 4 7 10 5 1 10 10 8 9 6 7 7 7 10 
9 9 9 9 5 6 6 11 9 9 9 4 0 9 3 7 6 5 6 8 3 3 6 8 9 2 8 9 7 9 12 5 3 1 6 6 6 8 5 6 10 4 11 7 0 11 8 10 6 6 3 4 13 10 3 3 3 12 8 0 4 5 9 8 5 10 5 11 5 9 4 1 3 5 8 4 4 4 9 5 9 5 6 3 1 6 6 6 9 8 5 11 9 5 7 4 6 8 12 11 6 7 4 6 5 7 6 6 3 2 8 1 7 9 12 2 9 10 10 6 11 2 11 3 3 5 6 12 11 8 7 6 6 9 3 7 2 8 12 1 10 10 3 1 8 3 8 4 6 3 6 8 0 3 2 6 6 5 3 6 2 2 11 8 3 
13 13 13 13 15 4 5 2 5 3 5 11 10 3 7 9 11 5 6 6 12 12 7 4 3 9 4 6 7 2 1 10 13 10 5 7 5 4 6 10 2 11 2 8 11 0 3 1 9 6 11 6 3 4 7 7 10 1 5 10 7 6 2 2 8 4 8 3 6 1 7 10 8 7 2 9 10 8 2 11 2 9 7 8 9 9 7 8 1 6 6 7 3 5 6 11 6 7 3 7 11 6 10 6 11 3 9 8 14 10 5 11 6 3 2 13 3 7 4 8 1 8 7 9 7 6 5 1 2 5 3 11 9 1 10 6 8 4 2 12 2 5 12 9 6 13 6 10 4 13 4 3 10 10 11 8 7 9 8 6 8 8 2 2 10 
10 10 10 10 12 2 1 4 6 2 5 8 7 4 4 7 8 2 4 6 9 10 4 3 4 6 1 6 4 2 4 7 10 7 3 4 2 2 4 7 3 7 4 7 8 3 0 2 5 4 8 3 5 3 4 5 8 4 3 7 4 3 2 0 5 5 5 3 2 2 5 7 5 5 1 7 7 5 1 8 3 7 4 5 7 7 6 5 1 6 3 8 4 2 5 9 3 6 4 8 8 3 6 2 7 2 8 5 11 7 5 8 5 4 5 10 1 8 5 5 4 6 8 6 5 3 3 4 4 3 0 8 6 1 7 5 6 2 4 9 4 6 9 6 6 11 6 8 2 11 3 3 7 6 8 7 4 6 5 3 5 5 4 1 7 
12 12 12 12 15 4 4 3 6 2 5 10 10 4 7 9 10 4 6 6 11 12 6 4 4 9 3 6 6 2 2 9 13 9 5 6 4 3 6 9 2 10 3 8 10 1 2 0 8 6 10 6 2 3 6 7 10 2 4 9 7 6 1 2 7 5 7 2 5 1 7 10 8 7 2 9 10 7 1 10 3 9 6 8 9 9 8 7 1 6 5 7 4 5 6 11 5 7 2 8 10 5 9 5 10 3 9 7 13 10 6 10 6 4 3 12 2 8 5 7 2 8 8 8 7 5 5 1 3 4 2 10 8 1 9 6 8 3 2 11 3 6 12 9 6 13 6 10 4 13 4 4 10 9 10 9 6 8 8 5 8 8 3 2 9 
4 4 4 4 11 6 4 10 11 5 10 3 6 9 5 10 2 4 8 10 9 9 1 8 10 3 5 11 2 8 10 1 9 5 7 1 4 4 7 1 9 2 10 11 6 9 5 8 0 8 3 5 9 5 5 6 8 10 3 5 2 2 6 6 0 11 0 7 3 8 7 4 6 8 7 9 2 2 6 2 9 9 1 6 6 10 9 0 7 10 2 13 10 4 9 9 2 10 8 13 2 2 1 3 2 7 10 0 9 7 10 7 9 9 10 8 5 13 10 0 10 6 13 2 5 2 7 10 10 4 5 2 0 7 2 9 5 4 8 6 10 11 9 5 10 9 10 9 6 9 7 8 5 2 8 10 1 1 3 2 5 4 10 7 2 
12 12 12 12 9 2 5 5 3 7 3 8 5 3 3 3 10 4 0 2 5 6 7 2 3 6 6 3 8 4 7 9 7 5 0 7 4 6 1 9 4 8 5 3 6 6 4 6 8 0 8 3 9 8 3 2 4 8 7 5 5 5 6 4 7 4 7 8 5 5 1 6 3 0 4 3 8 6 6 9 4 2 6 2 4 2 2 8 4 2 5 5 3 3 1 5 6 2 8 5 10 6 8 5 9 2 3 8 8 4 2 5 1 4 6 7 6 5 3 8 6 3 5 6 3 5 1 7 5 7 4 10 8 4 7 0 4 6 8 7 4 4 6 4 2 8 2 3 2 8 1 2 6 7 5 2 7 7 5 6 3 4 5 4 7 
5 5 5 5 8 8 6 12 12 8 11 0 4 11 5 10 3 6 8 11 7 7 5 9 11 2 8 12 5 10 12 2 7 3 8 5 6 7 7 3 11 1 12 10 3 11 8 10 3 8 0 5 12 9 5 5 6 13 7 4 3 4 9 9 3 12 4 10 5 10 7 2 5 8 9 8 0 3 9 2 11 8 4 6 4 9 9 4 10 11 4 14 11 5 9 7 5 11 12 14 3 6 2 5 1 9 10 4 6 5 10 4 9 11 13 6 8 13 12 4 12 6 14 2 5 5 8 12 12 7 8 3 3 10 1 9 4 8 11 4 11 12 6 4 11 6 11 8 8 6 8 10 3 1 6 9 4 2 2 5 4 3 12 9 1 
9 9 9 9 9 2 2 6 6 5 5 5 3 5 1 5 7 2 2 5 5 6 4 4 5 3 4 6 5 5 7 5 7 3 2 4 2 4 2 6 6 5 7 5 4 6 3 6 5 3 5 0 8 6 0 1 4 8 5 3 2 2 5 4 4 6 4 7 2 5 2 4 1 3 4 4 5 3 5 6 5 4 3 2 3 5 4 5 5 5 2 8 5 1 4 5 3 5 8 8 7 4 5 2 5 3 5 5 7 4 5 4 4 5 7 6 5 8 6 5 7 2 8 3 1 3 2 7 7 5 3 7 5 4 4 4 2 5 7 5 6 6 6 2 5 7 5 5 2 7 2 4 4 4 4 5 4 4 2 3 1 1 6 4 4 
13 13 13 13 18 7 6 5 9 4 8 12 12 6 10 12 11 7 9 9 14 15 8 7 7 11 4 9 7 5 3 10 16 12 8 7 7 5 9 10 5 12 4 11 13 3 5 2 9 9 12 8 0 4 9 10 13 2 5 12 9 8 3 4 9 7 8 2 7 4 10 12 10 10 5 12 12 9 3 12 6 12 8 10 12 12 11 9 4 9 8 10 6 8 9 14 7 10 0 10 11 6 11 7 12 6 12 8 16 13 8 13 9 6 4 15 4 10 8 9 4 11 11 11 10 7 8 2 5 5 5 11 10 4 11 9 11 4 1 14 6 8 15 11 9 16 9 13 7 16 7 7 12 11 13 12 8 10 10 7 10 10 5 5 11 
9 9 9 9 15 5 3 6 9 1 8 8 9 7 7 11 7 4 7 9 12 12 4 7 7 7 1 9 3 5 5 6 13 9 7 4 4 1 7 6 6 8 6 11 10 4 3 3 5 8 9 6 4 0 7 7 11 5 1 9 5 4 1 3 5 8 5 1 4 4 8 9 8 8 4 11 8 6 1 8 6 10 4 8 9 10 10 5 4 9 4 11 7 5 8 12 3 9 3 11 7 3 7 4 8 5 11 4 13 10 8 10 8 7 6 12 1 11 8 5 6 8 11 7 7 4 6 5 6 1 3 7 6 4 8 8 8 1 3 11 6 9 12 9 9 13 9 11 5 13 6 6 9 7 11 10 4 6 7 3 8 7 6 4 7 
9 9 9 9 8 3 3 7 6 6 6 5 3 5 0 5 7 2 3 5 5 5 4 4 6 3 5 6 5 5 8 6 6 2 2 4 2 5 2 6 6 5 7 5 3 7 4 6 5 3 5 0 9 7 0 0 3 9 5 2 3 2 6 4 4 7 4 7 2 6 2 3 1 3 5 4 5 3 6 6 6 4 4 1 2 4 4 5 5 5 3 8 6 1 4 4 4 5 9 9 7 4 5 3 5 4 5 5 6 3 5 3 4 6 8 5 5 8 6 5 8 1 8 3 0 3 2 8 7 5 4 7 5 5 4 4 1 5 8 4 6 7 5 2 6 6 5 4 3 6 3 4 3 4 4 4 4 4 2 4 1 1 7 4 4 
10 10 10 10 7 3 4 7 6 7 5 6 2 5 0 4 7 3 2 5 4 5 5 4 6 3 6 6 6 6 8 6 5 2 2 5 3 6 1 7 6 6 7 5 3 7 5 7 6 2 5 1 10 7 0 0 3 9 6 2 3 3 7 5 5 7 5 8 3 6 1 4 0 2 5 3 5 3 6 7 6 3 4 0 2 3 4 6 5 5 3 8 6 2 3 4 5 5 9 8 7 5 5 4 6 4 4 6 6 2 5 3 3 6 8 5 6 7 6 6 8 1 8 4 0 4 2 8 7 6 4 7 6 5 4 3 1 6 9 4 6 6 4 2 5 6 5 3 3 6 3 4 3 4 3 4 5 5 3 4 1 2 7 5 5 
12 12 12 12 4 6 7 10 7 10 7 7 2 8 3 4 9 6 4 7 1 2 8 6 8 5 9 7 9 8 11 8 2 3 5 8 6 9 4 9 9 7 10 5 3 10 8 10 8 4 6 4 13 11 3 3 0 12 9 2 6 6 10 8 7 9 7 11 6 9 2 4 2 3 8 1 7 6 10 8 8 2 7 2 2 3 4 8 9 6 6 9 8 5 5 1 8 6 12 9 9 8 7 7 8 7 3 8 3 0 6 2 5 8 11 2 9 8 8 9 10 2 9 5 3 7 5 11 10 9 8 9 8 8 6 5 2 9 12 3 9 8 1 2 6 3 6 1 6 3 5 7 3 6 0 3 8 7 5 8 3 4 10 8 6 
14 14 14 14 17 6 6 3 7 4 6 13 12 5 9 10 12 7 8 7 13 14 8 6 5 11 5 7 8 3 1 11 15 11 7 8 6 6 8 11 3 12 2 10 12 1 4 2 10 8 13 8 2 5 9 9 12 0 6 11 9 8 3 4 10 5 9 4 7 3 9 12 10 9 4 11 12 10 3 12 4 10 8 10 11 10 9 9 3 7 8 7 5 7 8 13 7 8 2 8 12 7 11 7 12 5 11 9 15 12 7 12 8 4 2 15 4 8 6 10 2 10 8 11 9 8 6 0 3 6 5 12 11 3 12 7 10 5 2 13 4 6 14 11 7 15 7 11 6 15 6 5 12 11 12 10 8 10 10 7 10 10 3 4 12 
7 7 7 7 13 5 2 7 9 2 8 6 8 7 6 10 5 3 7 9 10 11 2 7 8 6 1 9 1 6 7 5 11 7 6 2 3 0 6 4 7 6 7 10 8 5 3 4 3 7 7 5 5 1 5 6 9 6 0 7 4 3 2 4 3 8 3 3 2 5 7 7 7 8 4 10 6 4 2 6 7 9 2 7 7 10 9 3 5 9 3 11 7 4 8 10 1 9 5 11 5 1 5 2 6 5 10 2 11 9 8 9 8 7 7 11 2 11 8 3 7 7 12 5 6 2 6 6 7 0 3 5 4 5 6 8 7 1 4 9 7 9 11 7 9 11 9 10 5 11 5 6 7 5 9 10 2 4 5 1 6 5 7 4 6 
9 9 9 9 6 5 5 10 8 8 8 4 0 8 2 6 7 5 5 8 3 3 6 7 8 2 8 9 7 8 11 5 4 0 5 6 5 7 4 6 9 4 10 6 0 10 7 9 5 5 4 3 12 9 2 2 2 11 7 0 3 4 9 7 5 9 5 10 4 8 3 2 2 4 7 4 4 3 8 6 9 4 5 2 0 5 6 6 8 8 4 10 8 4 6 3 6 7 11 11 6 6 4 5 5 7 6 6 4 1 7 1 6 9 11 3 8 10 9 6 10 2 10 3 2 5 5 11 10 7 7 6 6 8 3 6 1 7 11 1 9 9 3 0 8 3 8 4 5 3 5 7 0 3 2 5 6 4 2 5 1 1 10 7 3 
6 6 6 6 10 4 2 8 9 5 8 3 4 7 3 8 4 2 5 8 7 7 2 6 8 2 4 9 3 7 9 3 8 3 5 2 2 4 4 3 8 3 9 8 4 7 4 7 2 5 3 2 9 5 3 3 6 9 4 3 0 0 5 5 1 9 1 6 1 6 5 3 4 6 5 7 3 0 5 4 7 7 1 4 4 7 7 2 6 8 1 11 8 2 6 7 2 8 8 11 4 2 2 1 3 5 8 2 8 5 8 5 7 8 9 7 5 10 8 2 9 4 11 1 3 1 5 8 8 4 4 4 2 6 2 6 3 4 8 5 8 9 7 3 8 7 8 7 4 7 5 6 4 2 6 7 2 1 1 2 3 2 8 5 2 
7 7 7 7 10 4 1 7 8 4 7 4 4 7 3 8 4 1 5 7 7 8 1 6 7 3 3 8 3 6 8 3 8 4 4 1 1 3 4 3 7 4 8 8 5 6 3 6 2 5 4 2 8 4 2 3 6 8 3 4 0 0 5 4 2 8 1 6 0 6 5 4 4 5 5 7 4 1 4 4 7 7 1 4 4 7 7 2 5 7 0 10 7 1 6 7 1 7 7 10 4 2 3 0 4 4 8 2 8 5 7 5 6 7 8 7 4 10 8 3 8 4 10 2 3 0 4 8 8 3 3 4 3 5 3 6 3 3 7 6 7 8 7 4 8 8 7 7 3 8 4 5 4 3 6 7 1 2 2 1 3 2 7 4 3 
10 10 10 10 15 4 3 4 7 0 7 9 9 5 6 9 8 3 6 7 11 12 4 5 5 8 1 7 4 3 4 7 12 8 5 4 3 2 6 7 4 8 4 9 9 2 2 1 6 6 9 5 3 1 6 7 10 3 2 9 5 5 0 2 6 6 5 1 4 2 7 9 7 7 2 10 8 6 0 9 5 9 4 7 8 9 8 5 2 7 4 9 5 4 7 11 3 8 2 9 8 3 7 4 8 4 10 5 13 9 7 10 7 5 5 12 0 9 6 6 4 8 10 7 7 4 5 3 4 2 2 8 7 2 8 7 7 1 2 10 5 7 12 8 7 12 7 10 4 12 5 5 9 8 10 9 4 7 7 3 7 7 5 2 8 
11 11 11 11 13 2 2 3 5 2 4 9 8 3 5 7 9 2 4 5 9 10 5 3 3 7 2 5 5 1 3 8 11 7 3 5 2 3 4 7 2 8 3 7 8 2 0 2 6 4 9 4 4 3 4 5 8 4 4 7 5 4 2 0 6 4 5 3 3 1 5 8 5 5 0 7 8 6 2 9 3 7 5 5 7 7 6 6 1 5 4 7 3 3 5 9 4 6 4 7 9 4 7 3 8 1 7 6 11 8 4 8 5 3 4 10 2 7 4 6 3 6 7 7 5 4 3 3 3 3 0 9 7 0 7 4 6 3 3 9 3 5 10 7 5 11 5 8 2 11 2 2 8 7 8 7 5 6 6 4 6 6 3 0 8 
5 5 5 5 10 6 3 10 10 5 9 2 5 9 4 10 2 3 7 10 8 8 1 8 9 2 5 10 2 8 10 1 9 4 6 1 3 4 6 1 9 2 10 10 5 8 5 7 0 7 3 4 9 5 4 5 7 10 3 5 1 2 6 6 0 10 0 7 2 8 6 3 5 7 7 8 2 1 6 2 9 8 1 6 5 9 9 1 7 10 2 12 9 3 8 8 2 10 8 13 2 2 1 2 2 7 9 1 8 6 9 6 8 9 10 8 5 12 10 1 10 6 13 2 4 2 6 9 10 4 5 2 1 7 2 8 4 4 8 6 9 10 8 5 10 8 10 8 6 8 6 8 4 1 7 9 1 0 2 2 4 3 10 6 2 
15 15 15 15 13 4 7 2 1 7 1 12 10 1 7 6 13 6 4 2 10 11 9 2 1 10 7 1 10 2 4 12 12 10 4 9 6 8 5 12 2 12 2 5 10 4 5 5 11 4 12 6 7 8 7 7 9 5 8 9 9 8 6 4 10 0 10 7 7 3 6 11 7 5 4 7 12 9 6 13 1 6 9 7 9 6 5 10 3 2 8 2 1 6 4 9 8 3 7 3 13 9 11 8 12 3 6 10 12 9 2 10 3 1 3 12 7 3 0 11 2 7 3 10 7 8 4 4 2 8 5 13 11 3 11 3 8 7 6 11 1 1 11 9 2 12 2 7 4 12 4 2 10 11 9 6 9 11 9 8 8 8 2 4 11 
5 5 5 5 11 5 3 9 10 4 9 3 5 8 4 10 3 3 7 9 8 9 1 7 9 3 4 10 2 7 9 2 9 4 6 1 3 3 6 2 8 3 9 10 5 8 5 7 0 7 4 4 8 5 4 5 7 9 3 5 1 1 5 5 0 10 0 6 2 7 6 4 5 7 6 8 3 1 5 3 8 8 0 6 5 9 9 0 6 9 1 12 9 3 8 9 1 9 8 12 3 2 2 2 3 6 9 0 9 7 9 6 8 9 10 8 4 12 9 1 9 6 12 2 4 1 6 9 9 3 5 3 1 6 3 8 5 4 7 6 9 10 8 5 9 9 9 9 5 9 6 7 5 2 7 9 0 1 2 1 4 3 9 6 2 
10 10 10 10 16 6 4 5 9 1 8 9 10 6 8 11 8 5 8 9 12 13 5 7 7 9 2 9 4 5 4 8 14 10 7 5 5 2 7 7 5 9 5 11 11 3 3 2 7 8 10 7 2 1 7 8 11 4 3 10 6 6 1 3 7 7 6 0 5 4 9 10 9 9 4 11 9 7 1 9 6 10 5 9 10 11 10 6 4 9 5 10 7 6 8 12 4 9 1 11 8 4 8 5 9 5 11 6 14 11 8 11 8 6 5 13 1 11 8 6 5 9 11 8 8 5 6 4 6 2 3 9 7 4 9 8 9 2 1 12 6 9 13 9 9 14 9 11 5 14 6 6 10 8 11 11 5 7 8 4 9 8 6 4 9 
7 7 7 7 11 3 1 7 7 3 7 5 5 6 3 8 5 0 4 7 7 8 2 5 6 3 3 8 3 5 7 4 8 4 4 2 1 2 4 4 6 4 7 8 5 6 2 5 3 5 5 2 7 4 2 3 6 7 2 4 1 0 4 3 2 7 2 5 0 5 5 4 4 5 4 7 4 2 4 5 6 6 1 4 4 7 7 3 4 7 0 9 6 1 6 7 1 7 6 10 5 2 4 0 5 4 7 3 9 6 6 6 6 6 7 8 3 9 7 3 7 4 10 3 3 0 4 7 7 2 2 5 4 4 4 5 4 3 6 6 6 8 8 4 7 8 7 7 3 8 3 5 5 4 6 7 2 3 2 1 3 3 7 3 4 
12 12 12 12 14 3 4 2 4 3 4 10 9 2 6 7 10 4 4 5 10 11 6 3 3 8 3 5 6 1 2 9 12 8 4 6 4 4 5 9 1 10 2 7 9 1 2 1 8 5 10 5 4 4 6 6 9 3 5 8 6 6 2 1 8 3 7 4 5 0 6 9 7 6 1 8 10 7 2 10 2 7 6 6 8 7 6 7 0 5 5 6 2 4 5 10 5 6 4 7 10 5 9 5 10 2 8 7 12 9 4 9 5 2 2 11 3 7 4 8 2 7 7 8 6 5 3 2 2 5 2 10 9 0 9 5 7 4 3 10 2 4 11 8 5 12 5 8 3 12 3 2 9 9 9 7 6 8 7 5 7 7 2 1 9 
12 12 12 12 7 3 5 7 5 7 4 7 3 5 2 3 9 4 1 4 4 4 7 3 5 5 7 5 8 5 8 8 5 4 2 7 4 7 1 8 6 7 7 3 4 7 5 7 7 1 7 2 10 8 2 1 2 9 7 3 5 5 7 5 6 6 6 9 5 6 0 5 1 1 5 2 7 5 7 8 5 1 6 1 3 2 2 7 6 4 5 7 5 3 2 3 6 3 10 7 9 7 7 5 8 4 2 7 6 2 4 3 2 5 8 5 7 6 5 8 7 1 7 5 2 5 2 8 7 7 5 9 8 6 6 2 2 7 9 5 6 5 4 3 4 6 4 2 3 6 2 4 4 6 3 2 7 6 4 6 2 3 7 5 6 
7 7 7 7 7 6 5 11 10 8 9 2 2 9 3 8 5 5 6 9 5 5 5 8 10 1 7 10 6 9 11 4 5 1 6 5 5 7 5 4 10 2 11 8 1 10 7 10 4 6 2 4 12 9 3 4 4 12 7 2 3 4 9 8 3 11 4 10 4 9 5 0 3 6 8 6 2 2 9 4 10 6 4 4 2 7 8 4 9 9 4 12 10 4 7 5 5 9 11 12 5 6 3 5 3 7 8 5 5 3 9 2 8 10 12 4 8 11 10 5 11 4 12 1 3 4 6 11 11 7 7 4 4 9 1 7 2 7 11 2 10 10 5 2 9 4 9 6 6 4 6 8 1 1 4 7 5 3 1 5 2 2 11 8 2 
10 10 10 10 7 3 4 8 6 7 6 6 2 6 0 4 8 4 3 5 3 4 6 4 6 3 6 6 7 6 9 6 5 2 3 6 4 6 2 7 7 6 8 5 3 8 5 8 6 3 5 1 10 8 1 0 2 10 7 2 4 4 7 5 5 7 5 9 4 7 1 3 0 2 6 3 5 4 7 7 6 3 5 0 1 3 4 6 6 5 4 8 6 3 3 3 5 5 10 8 8 6 5 4 6 4 4 6 5 2 5 2 4 6 9 4 7 7 6 6 8 0 8 4 1 4 3 9 8 7 5 7 6 6 4 3 1 7 9 4 7 7 4 1 5 5 5 3 3 5 3 5 3 4 2 3 5 5 3 5 0 2 8 5 5 
12 12 12 12 8 3 5 6 4 7 3 8 5 4 2 2 10 4 1 3 5 5 7 3 4 6 7 4 8 5 7 9 6 5 1 7 4 7 1 9 5 8 6 2 5 7 5 7 8 0 8 3 10 8 3 2 3 9 8 4 6 5 7 5 7 5 7 9 5 6 1 6 2 0 5 2 8 6 7 9 5 1 7 2 4 2 1 8 5 3 5 6 4 4 1 4 6 2 9 6 10 7 8 6 9 3 2 8 7 3 2 5 1 4 7 6 7 5 4 8 7 2 5 6 3 6 2 8 6 8 5 10 8 5 7 1 3 7 9 6 5 4 5 4 3 7 3 2 3 7 2 3 5 7 4 2 7 7 5 6 3 4 6 5 7 
11 11 11 11 13 2 3 2 4 3 4 9 8 2 5 7 9 3 4 4 9 10 5 2 3 7 3 5 6 1 3 8 11 7 3 5 3 3 4 8 2 9 3 6 8 2 1 2 7 4 9 4 5 4 5 5 8 4 4 7 5 5 2 0 7 4 6 4 4 1 5 8 6 5 0 7 9 6 2 9 2 7 5 5 7 7 6 6 0 4 4 6 3 3 4 9 4 5 4 7 9 4 8 4 9 1 7 6 11 8 4 8 4 2 3 10 3 6 4 7 3 6 7 7 5 4 2 3 3 4 1 9 8 0 8 4 6 3 4 9 2 4 10 7 5 11 4 8 2 11 2 2 8 8 8 7 5 7 6 4 6 6 2 0 8 
13 13 13 13 6 5 7 9 6 10 6 8 4 7 3 2 11 6 3 5 2 3 9 5 7 6 9 6 10 7 10 9 4 4 4 9 6 9 3 10 8 8 9 3 4 9 7 9 9 3 8 4 12 11 4 3 1 11 10 4 7 7 10 7 8 7 8 11 7 8 2 6 3 2 7 0 8 7 9 10 7 1 8 2 3 1 2 9 8 5 7 7 7 5 3 1 8 4 12 7 10 9 8 7 9 6 2 9 5 2 5 3 3 7 10 4 9 6 6 9 9 2 7 7 4 7 4 10 9 9 7 10 9 8 7 3 3 9 11 5 8 6 3 3 5 5 5 0 5 5 5 6 5 7 2 1 8 8 6 8 3 5 9 7 8 
5 5 5 5 9 7 5 11 11 8 11 0 4 10 5 10 2 5 8 11 7 7 4 9 11 2 7 12 5 10 12 1 7 3 8 4 5 6 7 2 11 0 12 10 4 10 7 10 2 8 0 5 12 8 5 5 7 12 6 4 3 4 8 8 2 12 3 9 4 10 7 2 5 8 9 8 0 2 8 1 10 8 3 6 4 9 9 3 9 11 4 13 11 5 9 8 4 10 11 14 2 5 1 4 0 8 10 3 7 6 10 5 9 11 12 6 7 13 11 3 12 6 14 1 5 4 8 11 11 6 7 2 2 9 0 9 4 7 11 4 11 12 7 4 11 7 11 8 7 7 7 9 3 0 6 9 4 1 2 4 4 3 11 8 0 
6 6 6 6 9 5 3 9 9 6 8 2 3 8 3 8 4 3 6 8 6 7 2 7 8 1 5 9 3 7 9 2 7 3 5 2 3 4 5 3 8 2 9 8 4 8 5 7 2 6 3 3 9 6 3 3 6 10 4 3 0 1 6 6 1 9 1 7 2 7 5 2 4 6 6 7 2 0 6 3 8 7 2 4 3 7 7 2 7 8 1 11 8 3 7 7 2 8 9 12 3 3 1 2 2 6 8 2 7 5 8 4 7 8 10 6 5 11 9 2 9 4 11 1 3 2 5 9 9 4 5 3 2 7 1 7 3 5 8 5 8 9 7 3 9 7 8 7 5 7 5 7 3 1 6 8 2 1 0 2 3 2 9 6 1 
10 10 10 10 14 4 3 4 7 0 6 9 9 5 6 9 8 3 6 7 11 12 4 5 5 7 1 7 4 3 4 7 12 8 5 4 3 2 6 7 4 8 4 9 9 2 1 1 6 6 9 5 3 1 6 6 10 3 2 8 5 4 0 2 6 6 5 1 4 2 7 9 7 7 2 9 8 6 0 9 4 9 4 7 8 9 8 5 2 7 4 9 5 4 7 11 3 8 2 9 8 3 7 4 8 3 9 5 13 9 7 10 7 5 5 12 0 9 6 6 4 8 9 7 6 4 5 3 4 2 2 8 7 2 8 6 7 1 2 10 5 7 11 8 7 12 7 10 4 12 4 5 9 8 10 9 4 6 7 3 7 7 4 2 8 
3 3 3 3 11 8 6 12 13 8 12 1 6 11 6 12 1 6 9 12 9 9 4 10 12 3 7 13 4 11 12 1 9 5 9 4 6 6 8 1 12 1 12 12 5 11 8 10 2 9 2 6 12 8 6 7 8 12 6 6 4 4 9 9 2 13 3 9 5 10 8 4 7 9 9 10 1 3 9 0 11 10 4 7 6 11 11 3 10 12 5 15 12 6 10 9 5 12 11 15 1 5 1 5 0 9 11 3 8 8 12 7 11 12 13 8 8 14 13 2 12 7 15 3 6 4 9 12 12 6 8 0 1 10 2 10 6 7 11 6 12 13 9 6 12 8 12 10 8 8 9 10 5 2 8 11 4 2 4 5 6 5 12 9 2 
14 14 14 14 13 3 5 1 2 5 2 11 9 0 6 6 11 5 4 3 10 10 8 2 1 9 5 3 8 1 3 10 11 9 3 8 5 6 4 10 0 11 1 5 9 2 3 3 9 4 11 5 6 6 6 6 8 4 7 9 7 7 5 3 9 1 8 6 6 2 5 10 6 5 2 7 10 8 4 11 0 6 7 6 8 6 5 9 2 3 6 4 0 5 4 9 7 4 6 4 11 7 10 6 11 2 6 9 12 8 2 9 3 0 2 11 5 4 2 9 2 7 5 9 6 7 3 3 1 6 3 12 10 2 10 3 7 6 5 10 0 2 10 8 3 12 3 7 3 12 3 1 9 10 9 6 8 9 8 7 7 7 1 2 10 
13 13 13 13 7 4 7 8 5 9 5 9 4 6 3 1 11 6 2 4 3 4 8 4 6 6 9 5 9 6 9 10 5 5 3 9 6 9 2 10 7 9 8 2 5 9 7 9 9 2 8 4 12 10 4 3 2 10 9 4 7 7 9 7 8 6 8 10 6 7 1 6 3 1 7 1 8 7 9 10 6 0 8 2 4 0 1 9 7 4 7 6 6 5 2 2 8 3 11 6 11 8 9 7 9 5 1 9 6 3 4 4 2 6 9 5 9 5 5 10 8 2 6 7 4 7 4 10 8 9 7 11 9 7 7 2 4 9 11 5 7 5 4 4 4 6 4 1 5 6 4 5 5 8 3 1 8 8 6 8 4 5 8 6 8 
6 6 6 6 11 5 2 8 9 4 8 4 5 7 4 9 4 2 6 9 8 9 0 7 8 3 3 9 1 6 8 3 9 5 6 0 2 2 5 2 7 3 8 9 6 7 4 6 1 6 4 3 8 4 4 4 7 8 2 5 1 1 4 5 1 9 0 5 1 6 6 4 5 7 5 8 3 2 4 4 7 8 0 5 5 8 8 1 6 9 1 11 8 2 7 8 1 9 7 11 4 1 2 1 3 5 9 1 9 7 8 6 7 8 9 8 4 11 9 1 8 5 11 3 4 0 5 8 8 2 4 4 2 5 3 7 4 3 7 7 8 9 8 5 9 9 9 8 4 9 5 6 5 3 7 8 0 2 2 0 4 3 8 5 3 
11 11 11 11 7 3 5 7 6 7 5 6 2 6 1 4 8 4 2 5 3 4 6 4 6 4 7 6 7 6 9 7 5 2 2 6 4 7 1 7 7 6 8 4 3 8 5 8 6 2 6 2 10 8 1 0 2 10 7 2 4 4 7 5 6 7 6 9 4 6 1 4 0 2 5 2 6 4 7 7 6 2 5 0 2 3 3 6 6 5 4 8 6 3 3 3 6 4 10 8 8 6 6 5 7 4 3 7 5 2 5 3 3 6 8 5 7 7 6 7 8 0 8 4 1 5 3 9 8 7 5 8 7 6 5 3 1 7 9 4 6 6 4 2 5 5 5 2 3 5 3 4 3 5 2 3 6 6 3 5 1 2 7 5 5 
9 9 9 9 6 5 5 9 8 8 7 5 0 8 2 5 7 5 4 7 3 3 6 6 8 2 8 8 7 8 10 6 3 1 4 6 5 7 3 6 9 5 10 6 1 9 7 9 6 4 4 3 12 9 2 2 2 11 7 0 4 4 8 7 5 9 5 10 4 8 3 2 1 4 7 3 4 3 8 6 8 4 5 2 0 4 5 6 8 7 4 10 8 4 5 3 6 6 11 10 7 6 5 5 5 6 5 6 4 1 7 1 5 8 10 3 8 9 8 6 10 1 10 3 1 5 5 10 9 7 6 7 6 8 3 5 0 7 11 2 8 8 3 0 7 3 7 3 5 3 5 6 1 4 2 5 6 5 2 6 1 1 9 7 4 
14 14 14 14 7 5 7 8 5 9 4 9 5 5 4 1 11 6 3 4 4 4 9 4 6 7 9 4 10 7 9 10 5 5 3 9 6 9 3 10 7 9 8 1 6 9 7 9 10 2 9 5 12 10 4 3 3 10 10 5 7 7 9 7 9 6 9 11 7 7 2 7 3 2 7 1 9 7 9 11 6 0 8 3 4 0 1 10 7 4 7 6 6 6 2 3 8 2 11 6 11 9 9 7 10 5 0 10 6 3 4 5 2 6 9 6 9 5 5 10 8 3 5 7 4 8 4 10 8 10 7 11 10 7 8 2 4 9 11 6 6 5 4 4 3 6 4 1 5 6 4 5 6 8 3 0 9 9 7 8 4 5 7 7 8 
14 14 14 14 8 4 7 6 3 9 3 10 6 4 4 1 11 6 2 2 5 6 9 3 4 7 8 3 10 5 8 10 7 6 2 9 6 8 2 11 6 10 7 1 6 7 6 8 9 2 9 4 11 10 4 4 4 9 9 6 7 7 8 6 9 5 9 10 7 6 2 8 4 1 6 2 9 7 8 11 5 1 8 3 5 1 0 9 6 2 7 5 4 5 1 4 8 1 10 5 11 8 9 7 10 4 1 9 8 4 2 6 1 4 7 7 8 4 4 10 7 4 4 8 4 7 3 8 6 9 6 11 10 6 8 1 5 8 10 7 5 3 6 5 2 8 2 2 4 8 3 3 7 9 4 1 9 9 7 8 5 6 6 6 9 
4 4 4 4 12 6 3 9 11 5 10 3 6 9 5 10 2 4 7 10 9 9 1 8 9 3 4 11 1 8 9 1 10 5 7 1 4 3 7 1 9 3 10 11 6 8 5 7 0 8 4 5 9 5 5 6 8 9 3 6 2 2 5 6 1 10 0 6 3 7 7 4 6 8 6 9 3 2 5 3 9 9 1 6 6 10 9 0 7 10 2 12 9 4 9 9 2 10 8 13 2 2 2 2 3 7 10 0 10 7 9 7 9 9 10 9 5 12 10 0 10 6 13 3 5 2 7 9 10 3 5 2 1 7 3 8 5 4 8 7 9 11 9 6 10 9 10 9 6 9 6 8 6 3 8 10 1 1 3 2 5 4 9 6 3 
12 12 12 12 13 2 3 2 4 3 4 10 8 2 5 7 10 3 4 5 10 11 6 3 3 8 3 5 6 1 2 9 11 8 3 6 3 4 4 8 1 9 2 7 9 1 1 1 7 4 10 5 4 4 5 5 9 3 5 8 6 5 2 1 7 3 6 4 4 0 6 9 6 5 0 8 9 7 2 10 2 7 6 6 8 7 6 7 0 5 5 6 2 4 5 9 5 5 4 7 10 5 8 4 9 1 7 7 12 8 4 9 4 2 3 11 3 6 4 7 2 7 7 8 6 5 3 2 2 4 1 10 8 0 8 4 7 3 3 10 2 4 10 7 5 12 5 8 2 12 3 2 9 8 9 7 6 7 7 5 6 6 2 0 8 
15 15 15 15 11 3 7 4 1 8 0 11 8 2 5 3 12 6 2 0 8 8 9 2 2 9 8 1 10 4 6 11 9 8 3 9 6 8 3 11 4 11 4 2 8 6 6 6 10 2 11 5 9 9 5 5 6 7 9 8 8 7 7 5 10 2 9 9 7 5 4 9 5 3 4 5 11 8 7 12 3 4 9 5 7 4 2 10 5 0 7 2 2 6 1 7 8 1 9 3 12 9 10 7 11 3 3 10 10 7 0 8 1 2 5 9 7 2 1 11 5 5 2 9 6 8 3 6 4 9 5 12 11 5 10 1 6 8 8 9 3 1 8 7 0 10 0 5 4 10 3 2 8 10 7 3 9 10 8 8 6 7 4 5 10 
7 7 7 7 10 4 1 7 8 4 7 4 5 6 3 8 5 1 5 7 7 8 1 5 7 3 3 8 2 6 8 3 8 4 4 1 1 2 4 3 7 4 7 8 5 6 3 5 2 5 4 2 8 4 3 3 6 8 3 4 1 0 4 4 2 8 1 5 0 5 5 4 4 5 4 7 4 1 4 5 6 7 1 4 4 7 7 2 5 7 0 10 7 1 6 7 1 7 7 10 4 1 3 0 4 4 8 2 8 6 7 6 6 7 8 8 3 10 8 3 7 4 10 3 3 0 4 7 7 3 3 5 3 5 3 6 4 3 6 6 7 8 8 4 8 8 7 7 3 8 4 5 5 3 6 7 1 2 2 1 3 2 7 4 3 
17 17 17 17 13 6 9 4 2 10 2 14 11 3 8 5 15 8 5 2 10 11 11 4 3 11 9 1 12 5 6 14 12 11 5 11 8 10 6 14 4 14 5 4 11 7 8 7 13 5 14 8 10 11 8 8 9 7 11 10 11 10 9 7 12 2 12 10 9 6 7 12 8 6 6 7 13 11 9 15 4 6 11 8 10 6 5 12 6 2 10 0 3 8 4 9 10 3 10 0 15 11 13 10 14 5 5 12 13 9 3 11 4 3 5 12 9 1 2 13 5 8 1 12 9 10 5 7 4 11 7 15 13 6 13 4 9 10 9 12 4 1 11 10 2 13 2 7 6 13 6 4 11 13 9 5 11 12 11 10 9 10 4 6 13 
14 14 14 14 13 3 6 1 2 6 1 11 9 0 6 5 12 5 3 2 9 10 8 1 0 9 6 2 9 1 3 11 11 9 3 8 5 6 4 11 1 11 2 5 9 3 4 4 10 3 11 5 6 7 6 6 8 5 7 8 8 7 5 3 9 1 9 7 6 2 5 10 6 4 3 7 11 8 5 12 0 6 8 6 8 6 4 9 2 2 7 3 0 5 3 9 7 3 6 4 12 7 10 6 11 2 6 9 12 8 2 9 3 0 2 11 6 4 1 10 2 7 4 9 6 7 3 4 1 7 4 12 10 2 10 3 7 6 6 10 0 1 10 8 2 12 2 7 3 11 3 1 9 10 8 5 8 9 8 7 7 7 1 3 10 
9 9 9 9 10 2 1 6 6 4 5 5 4 5 2 6 6 0 3 6 6 7 3 4 5 3 3 6 4 4 7 5 8 4 3 3 0 3 2 5 5 5 6 6 5 5 2 5 4 3 5 1 8 5 1 2 5 7 4 4 2 1 4 3 3 6 3 6 1 4 3 4 3 4 3 5 5 3 4 6 5 5 2 3 4 6 5 4 4 6 1 8 5 0 4 6 2 6 7 9 6 3 4 1 5 3 6 4 8 5 5 5 4 5 7 7 4 8 6 4 6 3 9 3 2 2 2 7 6 4 2 6 5 4 4 4 3 3 6 6 5 6 7 3 6 8 6 6 2 8 2 4 4 4 5 6 3 4 3 2 2 2 6 3 4 
13 13 13 13 9 2 6 5 2 7 2 9 6 3 4 2 11 5 1 1 6 7 8 2 3 7 7 2 9 4 7 10 7 6 1 8 5 7 2 10 4 9 5 2 7 6 5 6 9 1 9 4 9 8 4 3 5 8 8 6 6 6 7 5 8 4 8 8 6 5 2 7 3 1 4 3 9 7 7 10 4 2 7 3 5 2 1 9 5 1 6 4 3 4 0 5 7 1 9 4 11 7 9 6 10 3 2 9 8 5 1 6 0 3 6 8 7 4 3 9 6 4 4 7 4 6 2 7 5 8 5 11 9 5 8 0 4 7 8 7 4 3 6 5 1 8 1 3 3 8 2 2 6 8 5 2 8 8 6 7 4 5 5 4 8 
13 13 13 13 4 6 8 10 8 11 7 8 3 8 4 4 10 7 5 7 1 1 9 7 8 6 10 8 10 9 12 9 2 4 5 9 7 10 4 10 10 8 11 4 4 11 9 11 9 5 7 5 14 12 4 4 1 13 10 3 7 7 11 9 8 9 9 12 7 10 3 5 3 4 9 1 8 7 11 9 9 2 8 3 3 3 4 9 9 7 7 9 9 6 5 0 9 6 13 9 10 9 8 8 8 8 3 9 3 1 7 2 5 9 11 3 10 8 8 10 11 3 9 6 4 8 6 12 10 10 8 10 9 9 7 5 3 10 13 3 9 8 1 3 7 3 7 1 7 3 6 7 4 7 1 3 9 8 6 9 4 5 10 9 7 
7 7 7 7 12 4 1 7 9 3 8 5 6 7 4 9 5 2 6 8 9 9 1 6 7 4 2 9 1 6 7 4 10 5 5 1 2 1 5 3 7 4 7 9 6 6 3 5 2 6 5 3 7 3 4 5 8 7 1 6 2 1 3 4 2 8 1 4 1 5 6 5 5 6 4 8 4 2 3 5 7 8 1 6 6 8 8 2 5 8 1 10 7 2 7 9 0 8 6 11 4 0 3 0 4 5 9 2 10 7 8 7 7 7 8 9 2 10 8 2 7 6 11 4 4 0 5 7 7 1 3 5 3 5 4 7 5 2 6 7 7 9 9 5 8 10 8 8 4 10 5 6 6 4 8 8 1 3 3 0 5 4 7 4 4 
15 15 15 15 10 4 7 5 2 8 2 11 7 3 5 2 12 6 2 1 7 7 9 2 3 8 8 2 10 5 7 11 8 7 3 9 6 8 3 11 5 11 5 1 8 7 6 7 10 2 11 5 10 9 5 5 6 8 9 7 8 7 8 6 10 3 9 9 7 6 3 9 5 2 5 4 10 8 8 12 4 3 9 4 6 2 1 10 5 1 7 3 3 6 1 6 8 0 10 3 12 9 10 7 11 4 2 10 9 6 1 7 1 3 6 8 8 2 2 11 6 5 3 9 5 8 3 7 5 9 6 12 11 5 9 1 6 8 9 8 4 2 7 6 0 9 1 4 4 9 3 3 8 9 6 2 9 10 8 8 6 7 5 5 10 
12 12 12 12 17 6 5 5 8 3 8 11 12 6 9 11 10 6 8 9 14 14 7 7 7 10 3 9 6 5 3 10 15 11 8 7 6 4 8 9 5 11 5 11 12 3 4 2 8 8 12 8 0 3 9 9 12 2 5 11 8 7 2 4 8 7 8 1 6 4 10 11 10 9 4 12 11 9 2 11 6 11 7 10 11 11 10 8 4 9 7 10 6 7 9 13 6 10 0 10 10 6 10 6 11 6 12 8 15 12 8 12 9 6 4 15 3 10 8 8 4 10 11 10 9 7 7 2 5 4 4 11 9 4 11 9 10 4 0 13 6 8 14 11 9 15 9 12 6 15 7 6 12 10 13 11 7 9 9 6 10 9 5 4 10 
18 18 18 18 13 6 9 5 2 10 3 14 11 4 8 5 15 9 5 3 10 11 12 4 3 12 10 2 13 5 7 14 12 11 6 12 9 11 6 14 5 14 5 4 11 7 8 8 13 5 14 8 10 11 9 8 9 8 11 11 11 10 9 7 13 3 12 11 10 7 7 12 8 6 7 7 14 12 9 15 4 6 11 8 10 6 5 13 7 3 10 0 4 9 4 9 11 3 10 0 15 11 13 10 14 6 5 13 13 10 3 11 4 4 6 12 10 1 2 13 6 8 0 12 9 11 6 7 5 11 8 15 14 7 13 4 9 10 10 12 4 2 11 10 3 13 3 7 7 13 6 5 11 13 10 5 12 13 11 11 9 10 5 7 13 
2 2 2 2 12 8 6 12 13 7 12 2 7 11 7 12 0 6 10 12 10 10 3 10 12 4 7 13 4 10 12 1 10 6 9 3 6 6 9 1 11 2 12 12 6 11 8 10 2 10 3 7 11 7 7 7 9 12 5 6 4 4 8 9 2 13 3 8 5 10 9 5 8 10 9 10 2 3 8 1 11 11 4 8 7 11 11 2 10 12 4 15 12 6 11 10 4 12 10 15 0 4 2 5 1 9 12 2 9 8 12 7 11 12 13 9 7 15 13 2 12 8 15 3 7 4 9 12 12 6 8 0 1 10 3 11 7 6 10 7 12 13 10 7 12 9 12 11 8 9 9 10 6 3 9 11 3 2 4 4 7 5 12 9 2 
6 6 6 6 12 5 1 7 9 2 8 5 6 7 5 9 4 2 6 9 9 10 1 6 8 4 2 9 1 6 7 4 10 6 6 1 2 1 6 3 7 5 7 10 7 6 3 5 2 6 6 4 6 3 4 5 8 7 1 6 2 2 3 4 2 9 2 4 2 5 7 6 6 7 4 9 5 3 3 5 7 8 1 6 6 9 8 2 5 9 1 11 7 3 7 9 0 9 6 11 4 0 4 1 5 5 9 1 10 8 8 7 7 7 8 10 2 11 8 2 7 6 11 4 5 1 5 7 7 1 3 5 3 5 4 7 5 2 5 8 7 9 10 6 9 10 8 9 4 10 5 6 6 4 8 9 1 3 4 0 5 4 7 4 4 
4 4 4 4 10 7 4 11 11 7 10 1 4 10 5 10 2 4 8 10 8 8 3 9 10 2 6 11 3 9 11 1 8 4 7 3 5 5 7 1 10 1 11 10 4 10 6 9 1 8 2 5 11 7 5 5 7 11 5 4 2 3 7 7 1 11 2 8 4 9 7 3 5 8 8 8 1 1 7 1 10 9 2 6 5 9 9 2 8 10 3 13 10 4 9 8 3 10 10 13 2 4 0 3 1 8 10 2 8 6 10 5 9 10 11 7 6 13 11 2 11 6 13 1 4 3 7 11 11 5 6 2 1 8 1 9 4 6 9 5 10 11 8 5 10 7 10 9 7 7 7 9 4 1 7 9 2 0 2 3 4 3 11 7 1 
7 7 7 7 11 3 0 7 8 3 7 5 5 6 3 8 5 1 5 7 8 8 1 5 7 3 2 8 2 5 7 4 9 5 4 1 1 2 4 4 6 4 7 8 6 6 2 5 3 5 5 2 7 4 3 4 7 7 2 5 1 0 4 3 2 8 2 5 0 5 5 5 4 6 4 7 4 2 4 5 6 7 1 5 5 7 7 2 4 7 0 10 6 1 6 8 0 7 6 10 5 1 3 0 4 4 8 2 9 6 7 6 6 6 7 8 3 10 7 3 7 5 10 3 3 0 4 7 7 2 2 5 3 4 4 6 4 2 6 7 6 8 8 5 7 9 7 7 3 9 4 5 5 4 7 7 1 3 3 0 4 3 7 3 4 
4 4 4 4 10 8 5 12 12 8 11 0 5 11 6 11 1 5 8 11 8 8 4 10 11 2 7 12 4 10 12 1 8 4 8 4 6 6 7 2 11 0 12 11 5 11 7 10 2 9 1 5 12 8 5 6 8 12 6 5 3 4 8 8 2 12 3 9 5 10 8 3 6 9 9 9 0 2 8 0 11 9 3 7 5 10 10 3 9 11 4 14 11 5 10 8 4 11 11 14 1 5 1 4 0 9 10 3 8 7 11 6 10 11 12 7 7 14 12 3 12 6 14 2 5 4 8 12 12 6 7 1 2 9 1 9 5 7 11 5 11 12 8 5 11 7 11 9 8 7 8 10 4 1 7 10 3 1 3 4 5 4 12 8 1 
12 12 12 12 12 1 3 3 3 4 3 9 7 2 4 5 9 3 2 3 8 9 6 1 2 7 4 4 6 1 4 8 10 6 2 6 3 4 3 8 2 8 3 5 7 3 2 3 7 2 9 3 6 5 4 4 7 5 5 7 5 4 4 1 7 3 6 5 4 2 4 7 4 3 1 6 8 6 3 9 2 5 5 4 6 5 4 7 1 3 4 5 2 3 3 8 5 4 6 6 9 5 8 4 9 0 6 7 10 7 3 7 3 2 4 9 4 5 3 7 3 5 6 7 4 5 1 4 3 5 2 9 8 1 7 3 5 4 5 8 2 4 9 6 3 10 3 6 1 10 1 1 7 7 7 5 6 7 6 5 5 5 3 1 8 
14 14 14 14 7 5 8 8 4 10 4 10 6 6 4 0 12 7 3 3 4 5 10 4 6 7 9 4 11 7 9 11 6 6 4 10 7 9 3 11 7 10 8 1 6 9 8 9 10 3 10 5 12 11 5 4 3 11 10 6 8 8 10 7 9 6 9 11 7 8 2 8 4 2 7 2 10 8 9 11 6 1 9 3 5 0 1 10 7 3 8 5 6 6 2 3 9 2 12 5 12 9 10 8 10 6 0 10 7 4 3 5 2 6 9 6 9 4 5 11 8 4 5 8 5 8 4 10 8 10 7 12 11 7 9 3 5 10 11 7 6 5 5 5 3 7 3 2 5 7 4 5 6 9 4 0 9 9 7 9 5 6 7 7 9 
5 5 5 5 12 6 3 9 10 4 10 4 6 9 5 10 3 3 7 10 9 10 0 8 9 4 4 11 1 8 9 2 10 5 7 0 4 3 7 1 9 3 9 11 6 8 5 7 0 8 4 5 8 4 5 6 8 9 2 6 2 2 5 6 1 10 0 6 3 7 7 5 6 8 6 9 3 2 5 3 9 9 1 7 6 10 9 0 7 10 2 12 9 4 9 9 2 10 8 13 2 1 2 2 3 7 10 0 10 8 9 7 9 9 10 9 4 12 10 0 9 7 13 3 5 2 7 9 9 3 5 3 1 7 3 8 6 3 7 7 9 11 9 6 10 9 10 9 6 9 6 8 6 3 8 10 0 1 3 2 5 4 9 6 3 
12 12 12 12 2 9 10 13 11 12 11 7 3 11 6 7 10 9 8 10 2 1 10 10 12 6 12 11 11 12 15 9 1 4 8 10 9 11 7 9 13 7 14 8 3 14 11 13 9 8 6 7 16 13 6 6 3 15 11 4 8 8 13 11 8 12 9 14 9 12 6 5 5 7 11 5 7 7 13 8 12 6 9 5 4 6 8 10 12 10 8 13 12 8 8 3 10 9 15 13 9 10 8 9 8 10 7 10 0 3 10 3 9 12 14 0 12 12 12 10 14 5 12 6 6 9 9 15 13 12 11 9 9 12 6 9 5 12 15 2 12 12 2 4 10 0 10 5 9 0 9 10 4 7 3 7 10 8 6 10 5 6 13 11 7 
11 11 11 11 5 5 6 10 8 9 7 6 1 8 2 5 8 6 4 7 1 2 7 6 8 4 9 8 8 8 11 7 3 2 5 7 6 8 4 8 9 6 10 5 2 10 7 10 7 4 5 4 13 10 3 2 0 12 9 1 5 5 9 8 6 9 7 11 6 9 2 3 2 3 8 2 6 5 9 8 8 3 7 2 1 3 4 7 8 7 6 9 8 5 5 1 7 6 12 10 8 8 6 6 7 7 4 8 3 0 6 1 5 8 11 2 9 9 8 8 10 1 9 4 2 6 5 11 10 9 7 8 7 8 5 5 2 9 11 2 9 8 2 1 7 3 7 2 6 3 5 7 2 5 0 4 7 6 4 7 2 3 10 7 5 
14 14 14 14 11 3 6 4 1 7 0 11 7 2 5 3 12 5 2 0 7 8 8 1 2 8 7 1 9 3 5 11 9 7 2 9 5 7 3 11 3 10 4 2 8 5 5 6 10 2 10 5 8 8 5 5 6 7 8 7 8 7 7 4 9 2 9 8 6 4 4 9 5 2 4 5 10 8 7 12 2 4 8 5 7 4 2 9 4 0 7 3 2 5 1 7 8 1 8 3 12 8 10 7 11 3 3 9 10 6 0 8 1 2 5 9 7 2 1 10 4 5 3 9 5 7 2 6 4 8 5 12 10 4 9 1 6 7 8 9 3 1 8 7 0 10 0 5 3 10 2 2 8 9 7 3 8 9 8 7 6 7 4 4 10 
10 10 10 10 4 6 7 11 9 9 8 5 1 9 3 6 8 6 5 8 2 2 7 7 9 3 9 9 8 9 12 7 2 1 6 7 6 8 4 7 10 5 11 6 1 11 8 10 7 5 4 4 13 10 3 3 2 12 9 1 5 5 10 8 6 10 6 11 6 9 3 2 2 5 8 3 5 4 10 7 9 4 6 3 1 5 6 7 9 8 6 11 9 5 6 2 7 7 12 11 7 7 5 6 6 7 5 7 3 1 8 0 6 9 12 2 9 10 9 7 11 2 10 4 3 6 6 12 11 9 8 7 7 9 4 6 2 9 12 1 10 9 2 1 8 2 8 3 6 2 6 8 1 4 1 5 7 6 3 7 2 3 10 8 5 
13 13 13 13 10 2 6 5 2 7 2 10 6 3 4 2 11 5 1 1 6 7 8 1 3 7 7 2 9 4 6 10 8 6 1 8 5 7 2 10 4 9 5 2 7 6 5 6 9 1 9 4 9 8 4 3 5 8 8 6 7 6 7 5 8 3 8 8 6 5 2 8 4 1 4 3 9 7 7 11 3 2 7 3 5 2 1 9 4 1 6 4 3 4 0 5 7 1 9 4 11 7 9 6 10 3 2 9 9 5 1 6 0 3 6 8 7 3 3 9 5 4 4 7 4 7 2 7 5 8 5 11 10 4 8 0 5 7 8 8 4 3 7 5 1 8 1 4 3 8 2 2 7 8 5 2 8 8 7 7 5 5 5 4 9 
14 14 14 14 13 3 5 1 2 6 1 11 9 0 6 6 12 5 3 2 9 10 8 1 0 9 6 2 8 1 3 11 11 9 3 8 5 6 4 11 1 11 2 5 9 3 4 4 9 4 11 5 6 7 6 6 8 4 7 9 8 7 5 3 9 1 9 6 6 2 5 10 6 4 2 7 11 8 5 12 0 6 8 6 8 6 4 9 2 2 7 3 0 5 3 9 7 3 6 4 12 7 10 6 11 2 6 9 12 8 2 9 3 0 2 11 5 4 1 10 2 7 4 9 6 7 3 4 1 7 4 12 10 2 10 3 7 6 5 10 0 2 10 8 3 12 2 7 3 12 3 1 9 10 9 6 8 9 8 7 7 7 1 3 10 
15 15 15 15 16 5 6 1 4 5 4 13 11 3 8 8 13 6 6 5 12 13 9 4 3 11 6 5 9 2 1 12 14 11 6 9 6 7 7 12 1 12 0 8 12 2 5 3 10 6 13 7 4 6 8 8 11 2 7 11 9 8 5 4 10 3 10 5 7 2 8 12 9 7 3 10 12 10 5 13 2 9 9 8 10 9 7 10 3 5 8 5 2 7 6 11 8 6 4 6 13 8 11 7 12 4 9 10 14 11 5 12 6 2 0 14 5 6 3 10 0 9 6 11 9 8 5 1 1 7 5 13 11 3 11 6 9 6 4 13 2 4 13 10 5 14 5 10 5 14 5 4 11 11 11 8 9 11 10 8 9 9 1 4 12 
11 11 11 11 2 8 9 12 10 12 10 6 3 11 5 7 9 8 7 9 2 1 9 9 11 5 11 10 10 11 14 8 0 3 7 9 8 11 6 9 12 7 13 7 2 13 10 12 8 7 6 6 15 12 5 5 2 15 11 3 7 7 12 10 8 12 8 13 8 11 5 4 4 6 10 4 6 6 12 8 11 5 8 5 3 6 7 9 11 9 8 12 11 7 8 3 9 8 15 12 9 10 7 8 7 9 6 9 0 2 9 2 8 11 14 0 11 11 11 9 13 4 12 6 5 8 8 14 13 11 10 9 9 11 6 8 4 11 14 1 11 11 1 3 9 0 9 4 8 0 8 9 3 6 2 6 9 7 5 9 4 5 12 10 6 
9 9 9 9 14 4 2 5 7 0 7 8 8 5 6 9 7 3 6 7 11 11 3 5 6 7 0 8 3 4 4 6 12 8 5 3 3 1 6 6 5 7 5 9 9 3 1 2 5 6 8 5 4 1 5 6 9 4 2 8 5 4 0 2 5 7 4 1 3 3 7 8 7 7 3 9 7 5 0 8 5 9 4 7 8 9 8 5 3 7 3 9 6 4 7 10 2 8 3 10 7 2 6 3 7 4 9 4 12 9 7 9 7 5 5 11 0 10 7 5 5 7 10 6 6 3 5 4 5 1 2 7 6 3 7 7 7 0 3 10 5 7 11 8 8 12 7 9 4 12 4 5 8 7 9 9 4 6 6 3 7 6 5 2 7 
17 17 17 17 12 6 9 5 2 10 2 13 10 4 8 4 15 8 5 2 9 10 11 4 3 11 10 1 12 5 7 14 11 10 5 11 8 10 6 14 5 13 5 3 10 7 8 8 13 5 13 8 10 11 8 7 8 8 11 10 10 10 9 7 12 3 12 11 9 7 6 11 7 5 6 6 13 11 9 14 4 5 11 7 9 5 4 12 6 2 10 1 4 8 4 8 10 2 10 1 15 11 13 10 14 5 4 12 12 9 2 10 3 4 6 11 10 0 2 13 6 8 0 11 8 10 5 8 5 11 8 15 13 7 12 4 9 10 10 11 4 2 10 9 2 12 2 6 6 12 5 4 11 12 9 4 11 12 10 10 8 9 5 7 12 
15 15 15 15 13 4 7 2 0 7 0 12 9 1 6 5 13 6 3 1 9 10 9 2 1 9 7 1 10 3 4 12 11 9 3 9 6 8 4 12 2 12 3 4 10 4 5 5 10 3 12 6 8 8 6 6 8 6 8 9 8 8 6 4 10 0 9 8 7 4 5 10 6 4 4 6 11 9 6 13 2 5 9 6 8 5 4 10 4 1 8 2 1 6 3 8 8 2 8 2 13 8 11 7 12 3 5 10 12 8 1 9 3 1 3 11 7 2 0 11 3 7 3 10 7 8 3 5 2 8 5 13 11 4 10 3 7 7 7 10 2 0 10 8 1 11 1 7 4 11 3 2 9 10 8 5 9 10 9 8 7 8 2 4 11 
4 4 4 4 12 7 4 10 11 5 10 3 6 9 6 11 2 4 8 11 9 10 1 9 10 4 4 11 1 8 10 1 10 6 7 1 4 4 7 1 9 3 10 11 6 8 5 7 0 8 4 5 9 5 5 6 9 10 3 6 2 3 6 6 1 11 1 6 3 8 8 5 6 8 7 9 3 2 6 2 9 10 1 7 6 10 10 0 7 11 3 13 10 4 9 10 2 11 8 13 2 2 2 3 3 7 11 0 10 8 10 7 9 10 10 9 5 13 11 0 10 7 13 3 5 2 7 9 10 3 6 2 0 7 3 9 6 4 8 7 10 11 9 6 11 9 10 10 6 10 7 8 6 3 9 10 1 1 3 2 6 5 10 7 3 
14 14 14 14 15 4 6 0 4 5 4 12 11 2 8 8 12 6 6 5 12 12 8 4 2 10 5 4 9 2 1 11 13 10 5 8 6 6 6 11 1 12 0 7 11 1 4 2 10 6 12 7 4 6 8 8 10 2 7 10 9 8 4 3 10 2 9 5 7 2 7 11 8 7 3 9 12 9 4 12 2 8 8 8 10 8 7 10 2 5 7 5 2 6 6 11 7 6 4 6 12 7 11 7 12 3 8 9 14 10 4 11 5 2 0 13 5 6 3 10 0 9 6 10 8 8 5 1 0 7 4 12 11 2 11 5 9 6 4 12 1 4 12 10 5 14 5 9 4 14 5 3 11 11 11 8 8 10 9 7 9 9 0 3 11 
10 10 10 10 6 4 5 8 6 8 6 6 2 6 1 4 8 4 3 6 3 4 6 5 7 3 7 6 7 7 9 7 4 2 3 6 4 7 2 7 7 6 8 4 2 8 6 8 6 3 6 2 11 8 1 1 2 10 7 2 4 4 8 6 6 7 6 9 4 7 1 4 0 2 6 2 6 4 8 7 7 2 5 0 1 3 4 6 7 5 4 8 7 3 4 3 6 5 10 8 8 6 6 5 6 5 4 7 5 1 5 2 4 7 9 4 7 8 7 7 9 0 8 4 1 5 3 9 8 7 5 8 7 7 5 4 1 7 10 3 7 7 3 1 5 5 5 2 4 5 4 5 2 5 2 3 6 5 3 6 1 2 8 6 5 
18 18 18 18 13 6 9 5 2 10 3 14 10 4 8 4 15 9 5 2 10 10 12 4 4 12 10 2 13 6 7 14 11 11 6 12 9 11 6 14 5 14 6 4 11 7 8 8 13 5 14 8 11 11 8 8 9 8 12 10 11 10 10 7 13 3 12 11 10 7 7 12 8 5 7 7 14 11 9 15 5 6 11 8 10 5 4 13 7 2 10 1 4 9 4 9 11 3 11 0 15 11 13 10 14 6 5 13 12 9 3 10 4 4 6 12 10 0 3 13 6 8 0 12 9 11 6 8 5 11 8 15 14 7 13 4 9 10 10 12 5 2 10 10 2 12 2 7 7 12 6 5 11 13 9 5 12 13 11 11 9 10 5 7 13 
6 6 6 6 8 6 4 10 10 7 9 2 3 9 3 8 3 4 6 9 6 6 3 7 9 0 6 10 4 8 10 2 6 2 6 3 4 5 5 3 9 1 10 9 3 9 6 8 2 6 2 3 11 7 3 4 5 11 5 3 1 2 7 7 2 10 2 8 3 8 5 1 4 6 7 7 1 1 7 3 9 7 3 4 3 7 8 3 8 9 3 12 9 3 7 6 4 9 10 12 3 4 1 3 2 7 8 3 6 4 9 4 7 9 11 6 6 11 10 3 10 4 12 0 3 3 6 10 10 5 6 3 2 8 0 7 3 6 9 4 9 10 6 3 9 6 9 7 6 6 6 7 2 0 5 8 3 1 0 3 3 2 10 7 1 
9 9 9 9 7 3 4 8 7 6 6 5 2 6 0 5 7 3 3 6 4 5 5 5 6 2 6 7 6 6 9 5 5 2 3 5 3 5 2 6 7 5 8 5 3 7 5 7 5 3 5 1 10 7 0 0 3 9 6 2 3 3 7 5 4 7 4 8 3 6 2 3 1 3 5 4 5 3 6 6 6 4 4 1 1 4 4 5 6 6 3 9 6 2 4 4 4 5 9 9 7 5 4 3 5 4 5 5 6 2 5 3 4 6 9 5 6 8 7 5 8 1 9 3 0 3 3 9 8 6 4 7 5 6 4 4 0 6 9 4 7 7 4 1 6 5 6 4 3 5 3 5 2 4 3 4 4 4 2 4 0 1 8 5 4 
7 7 7 7 11 4 1 7 8 3 8 4 5 7 4 8 4 1 5 8 8 8 1 6 7 3 3 9 2 6 8 3 9 4 5 1 1 2 5 3 7 4 8 9 5 6 3 5 2 5 5 3 7 4 3 4 7 8 2 5 1 0 4 4 2 8 1 5 0 5 5 4 4 6 4 7 4 2 4 4 7 7 0 5 5 8 7 2 5 8 0 10 7 2 6 8 0 8 7 11 4 1 3 0 4 5 8 2 9 6 7 6 7 7 8 8 3 10 8 2 8 5 11 3 3 0 4 7 8 2 3 4 3 5 3 6 4 3 6 6 7 9 8 5 8 9 8 8 4 9 4 6 5 3 7 8 1 2 2 0 4 3 7 4 3 
11 11 11 11 10 0 3 4 3 5 3 8 5 3 3 4 9 3 1 3 6 7 6 1 3 6 5 4 7 3 5 8 8 5 0 6 3 5 1 8 4 8 5 4 6 5 3 5 7 1 8 2 8 6 2 2 5 6 6 5 5 4 5 3 6 4 6 6 4 3 2 6 3 2 2 4 8 5 5 9 3 4 5 3 5 4 3 7 3 3 4 5 3 2 2 6 5 3 7 6 9 5 7 4 8 1 4 7 9 5 2 6 2 3 5 8 5 5 3 7 5 3 6 6 3 4 0 6 4 6 3 9 8 3 7 1 4 5 7 7 3 4 7 5 3 8 3 5 1 8 0 1 6 7 5 4 6 6 5 5 4 4 4 2 7 
13 13 13 13 16 5 6 2 6 4 5 12 11 4 8 9 12 6 7 6 13 13 8 5 4 10 4 6 8 3 0 11 14 11 6 8 6 5 7 10 2 12 2 9 12 1 4 1 10 7 12 7 2 5 8 8 11 0 6 11 8 8 3 3 9 4 9 4 7 2 8 11 9 8 3 10 11 9 3 12 3 10 8 9 10 10 8 9 2 6 7 7 4 7 7 12 7 7 2 7 12 7 11 7 12 4 10 9 15 11 6 12 7 4 1 14 4 8 5 9 1 9 8 10 9 7 6 0 2 6 4 12 10 2 11 7 10 5 2 13 3 6 13 10 7 14 6 11 5 14 5 4 11 11 12 9 8 10 9 7 9 9 2 3 11 
14 14 14 14 15 4 6 0 3 5 3 12 10 2 7 7 12 6 5 4 11 12 8 3 2 10 5 4 9 1 1 11 13 10 5 8 6 6 6 11 0 12 0 7 11 2 4 3 10 5 12 7 5 6 7 7 10 3 7 10 8 8 4 3 10 2 9 6 7 2 7 11 8 6 3 9 11 9 4 12 1 8 8 8 9 8 6 10 2 4 7 4 1 6 5 10 7 5 5 5 12 7 11 7 12 3 8 9 13 10 4 11 5 1 1 13 5 5 2 10 0 8 5 10 8 8 4 2 0 7 4 12 11 2 11 5 9 6 4 12 1 3 12 9 4 13 4 9 4 13 4 3 11 11 10 7 8 10 9 7 8 9 0 3 11 
7 7 7 7 14 5 2 7 9 1 8 7 8 7 6 10 6 3 7 9 10 11 2 6 7 6 1 9 2 5 6 5 11 7 6 2 3 0 6 4 6 6 7 10 8 5 3 4 4 7 7 5 5 1 5 6 9 6 0 7 4 3 2 3 4 8 3 2 2 5 7 7 7 8 4 9 6 4 2 6 6 9 2 7 7 10 9 3 4 9 3 11 7 4 8 10 1 9 4 11 6 1 5 2 6 5 10 3 12 9 8 9 8 7 7 11 1 11 8 3 7 7 11 5 6 2 6 6 7 0 3 6 4 4 6 7 7 0 4 9 7 9 11 7 9 11 9 10 4 11 5 6 8 6 9 10 2 4 5 1 6 6 7 4 6 
10 10 10 10 12 2 1 4 6 2 5 8 7 4 4 7 8 2 4 5 9 9 4 3 4 6 2 6 4 2 4 7 10 6 3 4 1 2 4 7 3 7 4 7 7 3 0 2 5 4 8 3 5 3 4 4 8 5 3 7 4 3 2 0 5 5 5 3 2 2 5 7 5 5 1 7 7 5 2 8 3 7 4 5 6 7 6 5 1 5 3 7 4 2 5 8 3 6 4 8 8 3 6 2 7 2 7 5 11 7 5 8 5 4 5 10 2 8 5 6 4 5 8 6 4 3 3 4 4 3 0 8 6 1 7 4 5 2 4 8 4 6 9 6 6 10 5 7 1 10 2 3 7 6 8 7 4 6 5 3 5 5 4 1 7 
2 2 2 2 11 9 6 12 13 7 12 2 6 12 7 12 0 6 10 12 10 10 4 11 12 4 7 13 4 11 12 1 10 6 9 4 6 6 9 1 12 2 12 12 6 11 8 10 2 10 3 7 11 7 7 7 9 12 5 6 4 4 8 9 2 13 3 9 5 10 9 4 7 10 9 10 2 3 8 0 12 11 4 8 7 11 11 2 10 12 5 15 12 6 11 10 5 12 11 15 0 5 2 5 1 9 12 3 9 8 12 7 11 12 13 9 7 15 13 2 12 8 15 3 7 4 9 12 12 6 8 0 1 10 3 11 7 7 10 7 12 13 10 7 12 9 12 11 8 9 9 10 6 3 9 11 3 2 4 5 7 5 12 9 2 
3 3 3 3 11 7 4 11 11 6 11 2 6 10 6 11 1 5 8 11 9 9 2 9 10 3 5 12 2 9 11 0 9 5 8 2 5 4 7 0 10 2 11 11 6 9 6 8 0 8 3 5 10 6 5 6 8 11 4 6 2 3 7 7 1 11 1 7 4 9 8 4 6 8 8 9 2 2 7 1 10 9 2 7 6 10 10 1 8 11 3 13 10 5 9 9 3 11 9 14 1 3 1 3 2 8 11 1 9 7 10 7 10 10 11 9 6 13 11 0 11 7 14 2 5 3 8 10 11 4 6 1 0 8 2 9 6 5 9 7 10 12 9 6 11 9 11 10 7 9 7 9 5 2 8 10 2 1 3 3 5 4 11 7 2 
12 12 12 12 13 2 3 2 4 3 4 9 8 2 5 7 10 3 4 5 10 10 6 3 3 8 3 5 6 1 2 9 11 8 3 6 3 4 4 8 1 9 2 7 9 1 1 1 7 4 10 4 4 4 5 5 8 3 5 8 6 5 2 0 7 3 6 4 4 0 6 9 6 5 0 8 9 7 2 10 2 7 5 6 8 7 6 7 0 5 5 6 2 4 5 9 5 5 4 7 10 5 8 4 9 1 7 7 12 8 4 9 4 2 3 11 3 7 4 7 2 7 7 8 6 5 3 2 2 4 1 10 8 0 8 4 7 3 3 10 2 4 10 7 5 12 5 8 2 12 3 2 9 8 9 7 6 7 7 5 6 6 2 0 8 
5 5 5 5 8 6 5 11 11 7 10 1 3 9 4 9 3 5 7 10 6 6 4 8 10 1 7 11 5 9 11 2 7 2 7 4 5 6 6 3 10 1 11 9 3 10 7 9 2 7 1 4 11 8 4 4 6 12 6 3 2 3 8 7 2 11 3 9 4 9 6 1 4 7 8 7 0 1 8 2 10 7 3 5 3 8 8 3 8 10 3 13 10 4 8 7 4 9 11 13 3 4 1 4 1 7 9 3 6 5 9 4 8 10 11 6 7 12 10 3 11 5 13 0 4 3 7 11 11 6 7 3 2 8 0 8 3 6 10 4 10 11 6 3 10 6 10 7 6 6 7 8 2 0 6 8 3 1 1 4 3 2 11 7 0 
13 13 13 13 10 2 5 5 2 7 2 9 6 3 4 2 11 5 1 1 6 7 8 1 3 7 7 2 8 4 6 9 8 6 1 8 4 7 2 10 4 9 5 2 7 6 5 6 9 0 9 4 9 8 4 3 5 7 8 6 6 6 7 4 8 3 8 8 5 5 2 7 3 1 4 3 9 7 6 10 3 2 7 3 5 2 1 8 4 1 6 4 3 4 0 5 7 1 9 4 11 7 9 6 9 3 3 8 9 5 1 6 0 3 6 8 7 4 3 9 5 4 4 7 4 6 1 7 5 7 4 11 9 4 8 0 5 7 8 7 4 3 7 5 1 8 1 4 3 8 2 2 7 8 5 2 7 8 6 7 4 5 5 4 8 
9 9 9 9 7 4 4 8 7 7 7 5 1 7 1 5 7 4 4 6 3 4 5 5 7 2 7 7 6 7 9 6 4 1 4 5 4 6 3 6 8 5 9 6 2 8 6 8 5 4 4 2 11 8 1 1 2 10 7 1 3 3 7 6 4 8 5 9 4 7 2 2 1 3 6 3 4 3 7 6 7 4 4 1 0 4 5 5 7 6 4 9 7 3 4 3 5 6 10 9 7 5 4 4 5 5 5 6 5 2 6 2 5 7 9 4 7 9 7 6 9 1 9 3 0 4 4 10 9 7 5 7 6 7 3 5 0 7 10 3 8 8 4 0 6 4 6 4 4 4 4 6 2 4 2 5 5 4 2 5 0 1 8 6 4 
8 8 8 8 14 4 2 6 8 0 7 7 8 6 6 10 6 2 6 8 10 11 3 6 6 6 0 8 2 4 5 6 11 7 5 3 2 0 6 5 5 7 6 9 8 4 2 3 4 6 8 5 4 1 5 6 9 5 1 7 4 3 1 3 4 7 4 2 3 4 7 7 7 7 3 9 7 5 1 7 6 9 3 7 7 9 8 4 3 8 3 10 6 3 7 10 2 8 4 10 6 2 6 2 7 4 10 3 12 9 7 9 7 6 6 11 0 10 7 4 6 7 10 6 6 3 5 5 6 0 2 7 5 3 6 7 7 0 3 9 6 8 11 7 8 11 8 9 4 11 5 5 8 6 9 9 3 5 5 2 6 6 6 3 6 
12 12 12 12 17 6 5 4 8 2 7 11 11 6 8 11 10 6 8 8 13 14 6 6 6 10 3 8 6 4 3 9 14 11 7 6 5 4 8 9 4 11 4 11 12 2 4 2 8 8 11 7 1 3 8 9 12 2 4 11 8 7 2 3 8 6 7 1 6 3 9 11 9 9 4 11 11 8 2 11 5 11 7 9 11 11 10 8 3 8 6 9 6 6 8 13 6 9 0 10 10 5 9 6 11 5 11 7 15 11 8 12 8 5 4 14 3 10 7 8 4 10 10 9 9 6 7 2 4 4 4 10 9 3 10 8 10 3 0 13 5 8 14 10 8 15 8 12 6 15 6 6 11 10 12 11 7 9 9 6 9 9 4 4 10 
9 9 9 9 4 7 7 12 10 10 10 4 1 10 4 7 7 7 7 9 3 3 7 8 10 3 9 10 8 10 13 6 2 2 7 7 7 9 6 7 11 5 12 8 1 12 9 11 6 7 4 5 14 11 4 4 3 13 9 1 5 6 10 9 6 11 6 12 6 10 5 2 4 6 9 5 4 5 10 6 10 5 7 4 2 6 7 7 10 9 6 12 10 6 7 3 7 8 13 12 7 8 5 7 5 8 7 7 2 2 9 1 8 10 13 1 10 11 10 7 12 3 12 4 4 6 7 13 12 9 8 7 7 10 4 7 3 9 13 0 11 11 2 2 9 2 9 5 7 2 7 9 1 4 2 7 7 5 4 7 3 3 12 9 4 
14 14 14 14 14 3 5 1 2 5 2 11 9 0 6 6 12 5 4 3 10 11 8 2 1 9 5 3 8 1 2 11 12 9 4 8 5 6 5 11 0 11 1 6 10 2 4 3 10 4 11 6 6 6 6 6 9 4 7 9 8 7 5 3 9 1 9 6 6 2 6 10 7 5 2 8 11 8 5 12 0 7 8 6 8 6 5 9 2 3 7 4 0 5 4 9 7 4 6 4 12 7 10 6 11 2 6 9 12 9 3 10 4 0 2 11 5 4 2 10 1 7 5 9 7 7 3 3 1 7 4 12 10 2 10 4 8 6 5 11 0 2 11 8 3 12 3 8 3 12 3 2 10 10 9 6 8 9 8 7 7 8 1 3 10 
16 16 16 16 12 4 7 3 0 8 1 12 9 2 7 4 13 7 4 1 9 10 10 2 1 10 8 0 10 3 5 12 11 9 4 10 7 8 5 12 3 12 3 4 10 5 6 6 11 4 12 6 8 9 7 6 8 6 9 9 9 8 7 5 10 1 10 9 8 4 5 10 7 4 4 6 12 9 7 13 2 5 9 6 8 5 3 11 4 1 8 1 1 6 3 8 9 2 8 2 13 9 11 8 12 4 5 11 12 8 1 9 3 2 4 11 7 2 0 11 4 7 2 10 7 9 4 6 3 9 6 13 12 4 11 3 8 8 8 11 2 0 10 8 1 11 1 6 4 11 4 2 10 11 8 5 10 11 9 9 7 8 3 5 11 
12 12 12 12 3 7 9 12 9 11 9 7 3 10 5 5 10 8 6 8 0 0 9 8 10 5 11 9 10 10 13 9 1 3 7 9 8 10 6 9 11 7 12 6 3 12 9 12 9 6 6 6 15 12 5 4 1 14 11 3 7 7 12 10 8 11 8 13 8 11 4 5 4 5 10 3 7 7 11 9 10 4 8 4 3 4 6 9 10 8 8 11 10 7 6 1 9 7 14 11 10 10 8 8 8 9 5 9 2 2 8 2 7 10 13 1 11 10 10 9 12 3 10 6 4 8 7 13 12 11 9 10 9 10 6 7 4 11 14 2 11 10 0 3 8 1 8 3 8 1 7 9 3 7 1 5 9 8 6 9 4 5 12 10 7 
9 9 9 9 6 5 5 9 8 8 7 5 0 8 1 5 7 4 4 7 3 3 6 6 8 2 7 8 7 8 10 6 4 0 4 6 4 7 3 6 9 5 9 6 1 9 6 9 5 4 4 2 11 9 2 2 2 11 7 0 3 4 8 7 5 9 5 9 4 8 3 2 1 4 7 3 4 3 8 6 8 4 5 2 0 4 5 6 7 7 4 10 8 3 5 3 5 6 11 10 7 6 5 5 5 6 5 6 4 1 7 1 5 8 10 3 8 9 8 6 10 1 10 3 1 5 5 10 9 7 6 7 6 7 3 5 0 7 10 2 8 8 3 0 7 4 7 4 5 4 5 6 1 4 2 5 5 4 2 5 1 1 9 7 4 
15 15 15 15 11 4 7 4 1 8 1 11 8 2 5 3 13 6 2 0 8 8 9 2 2 9 8 1 10 4 6 11 9 8 3 9 6 8 3 11 4 11 5 2 8 6 6 6 10 2 11 5 9 9 6 5 6 7 9 8 8 8 7 5 10 2 9 9 7 5 4 9 5 3 5 5 11 9 7 12 3 4 9 5 7 3 2 10 5 0 8 2 2 6 1 7 8 0 9 3 12 9 10 7 11 3 3 10 10 7 0 8 1 3 5 9 8 2 1 11 5 5 2 9 6 8 3 7 4 9 6 12 11 5 10 1 6 8 8 9 3 1 8 7 0 10 0 5 4 10 3 2 8 10 7 3 9 10 8 8 6 7 4 5 10 
11 11 11 11 2 9 9 13 11 12 11 6 3 11 6 7 9 9 8 10 2 1 9 10 11 5 11 11 11 12 14 8 1 4 8 9 9 11 7 9 12 7 13 8 3 13 11 13 9 8 6 7 16 13 6 6 3 15 11 3 7 8 12 11 8 12 9 14 8 12 6 4 5 7 11 5 7 7 12 8 12 6 9 5 3 6 8 9 12 10 8 13 12 8 8 3 10 9 15 13 9 10 7 9 7 10 7 9 0 3 10 2 8 12 14 0 12 12 11 9 14 5 12 6 5 9 8 14 13 11 10 9 9 12 6 8 4 11 15 2 12 11 1 4 10 0 10 5 9 0 9 10 3 6 3 7 9 8 6 9 5 5 13 11 6 
15 15 15 15 11 3 7 4 0 8 0 11 8 2 5 3 12 6 2 0 8 8 9 2 2 9 7 1 10 4 6 11 9 8 3 9 6 8 3 11 4 11 4 2 8 6 6 6 10 2 11 5 9 9 5 5 6 7 9 8 8 7 7 5 10 2 9 9 7 5 4 9 5 3 4 5 11 8 7 12 3 4 9 5 7 4 2 10 5 0 7 2 2 6 1 7 8 1 9 3 12 8 10 7 11 3 3 10 10 7 0 8 1 2 5 9 7 2 1 10 5 5 2 9 6 8 3 6 4 9 5 12 11 5 10 1 6 8 8 9 3 1 8 7 0 10 0 5 4 10 3 2 8 10 7 3 9 10 8 8 6 7 4 5 10 
13 13 13 13 5 5 7 9 6 10 6 9 4 7 4 2 11 7 3 5 2 3 9 5 7 6 9 6 10 8 10 10 4 4 4 9 7 9 3 10 8 9 9 3 4 10 8 10 9 3 8 5 13 11 4 3 1 11 10 4 7 7 10 8 8 7 9 11 7 8 2 6 3 2 8 0 8 7 10 10 7 1 8 2 3 1 2 9 8 5 7 7 7 6 3 1 8 4 12 7 11 9 9 7 9 6 2 9 5 2 5 3 4 7 10 4 9 6 7 10 9 2 7 7 4 8 5 11 9 10 7 11 10 8 7 4 4 9 12 5 8 6 3 4 5 5 5 0 6 5 5 6 5 8 2 2 9 8 6 8 4 5 9 7 8 
11 11 11 11 11 0 2 4 4 4 3 8 6 3 3 5 8 2 2 4 7 8 5 2 3 5 4 4 6 2 5 7 9 5 1 5 2 4 2 7 3 7 4 5 6 4 2 4 6 2 8 2 7 5 3 3 6 6 5 5 4 3 4 2 6 4 5 5 3 3 3 6 3 3 2 5 7 5 4 8 3 5 4 3 5 5 4 6 2 4 3 6 3 2 3 7 4 4 6 7 8 4 7 3 8 1 5 6 9 6 3 6 3 3 5 8 4 6 4 6 4 4 7 6 3 4 1 5 4 4 1 8 7 2 6 3 4 4 6 7 3 4 8 5 4 9 4 6 0 9 0 2 6 6 6 5 5 6 5 4 4 4 4 1 7 
11 11 11 11 2 9 9 13 11 12 11 7 3 11 6 7 9 9 8 10 2 1 9 10 11 5 11 11 11 12 14 8 1 4 8 10 9 11 7 9 12 7 13 8 3 13 11 13 9 8 6 7 16 13 6 6 3 15 11 3 7 8 12 11 8 12 9 14 8 12 6 4 5 7 11 5 7 7 12 8 12 6 9 5 3 6 8 9 12 10 8 13 11 8 8 3 10 9 15 13 9 10 7 9 7 10 7 9 0 3 10 2 8 12 14 0 12 12 11 10 14 5 12 6 5 9 8 14 13 11 10 9 9 12 6 8 4 11 15 2 12 11 1 4 10 0 10 5 9 0 9 10 3 6 3 7 9 8 6 9 5 5 13 11 6 
11 11 11 11 10 0 3 4 4 5 3 8 5 2 3 4 9 2 1 3 7 7 6 1 3 6 4 4 6 3 5 8 8 5 0 6 2 5 1 8 3 8 4 4 6 4 3 4 7 1 8 2 7 6 3 3 5 6 5 5 5 4 5 2 6 4 6 6 3 3 2 6 3 2 2 5 7 5 4 9 3 4 5 3 5 4 3 6 3 3 4 6 3 2 2 6 5 3 7 6 9 5 7 4 8 1 4 6 9 5 2 6 2 3 5 8 4 5 3 7 5 4 6 6 3 4 0 5 4 5 2 9 7 3 7 2 4 5 6 7 3 4 7 5 3 9 3 5 0 9 0 1 6 7 6 4 5 6 5 4 4 4 4 2 7 
13 13 13 13 12 1 4 3 2 5 2 10 7 1 4 5 10 4 2 2 8 9 7 0 1 7 5 3 7 1 4 9 10 7 2 7 4 5 3 9 2 9 3 4 8 3 3 4 8 2 10 4 7 6 4 4 7 5 6 7 6 5 5 2 8 2 7 6 5 2 4 8 5 3 2 6 9 7 5 10 1 5 6 4 6 5 3 8 2 2 5 4 1 4 2 7 6 3 6 5 10 6 9 5 10 1 5 8 10 7 2 8 2 1 4 9 5 4 2 8 3 5 5 7 5 6 1 4 3 6 3 10 9 2 8 2 6 5 6 9 2 2 9 6 2 10 2 6 2 10 1 0 8 8 7 4 7 8 7 6 5 6 2 2 9 
8 8 8 8 6 6 6 10 9 9 9 3 0 9 3 7 6 5 6 8 3 4 6 7 9 2 8 9 7 9 11 5 4 0 6 6 5 7 5 6 10 4 11 7 0 10 7 10 5 6 3 4 12 9 3 3 3 12 7 0 4 4 9 8 4 10 5 10 5 9 4 1 3 5 8 5 3 3 9 5 9 5 5 3 1 6 7 6 9 8 5 11 9 4 6 4 6 8 12 11 6 6 4 5 4 7 6 6 4 2 8 1 7 9 11 3 8 11 9 6 11 2 11 2 2 5 6 11 11 8 7 6 5 9 2 7 2 8 11 1 10 10 3 1 8 3 8 5 6 3 6 8 0 3 3 6 6 4 2 6 2 2 10 8 3 
5 5 5 5 9 6 4 10 11 7 10 1 3 9 4 9 3 4 7 10 7 7 3 8 10 1 6 11 4 9 11 2 7 3 7 3 4 6 6 2 10 1 11 10 3 10 6 9 2 7 1 4 11 7 4 4 6 11 5 3 2 3 8 7 1 11 2 8 4 9 6 1 4 7 8 7 0 1 8 2 10 8 3 5 4 8 9 3 8 10 3 13 10 4 8 7 4 9 10 13 3 4 1 4 1 7 9 3 7 5 9 4 8 10 11 6 7 12 10 3 11 5 13 0 4 3 7 11 11 6 6 3 2 8 0 8 4 6 10 4 10 11 7 4 10 6 10 8 6 6 7 8 3 0 6 8 3 1 1 4 4 2 11 7 0 
11 11 11 11 4 6 7 10 8 10 7 7 2 8 3 4 9 6 5 7 1 1 8 7 8 4 9 8 9 9 11 8 2 3 5 8 6 9 4 9 9 7 10 5 2 11 8 10 8 5 6 4 13 11 4 3 0 12 9 2 6 6 10 8 7 9 7 11 6 9 3 4 2 4 8 2 6 6 10 8 9 3 7 2 2 3 4 8 9 7 6 9 8 5 5 1 8 6 13 10 9 8 7 7 7 7 4 8 3 0 7 1 5 9 11 2 9 9 8 9 11 2 9 5 3 7 5 12 10 9 8 9 8 9 6 5 2 9 12 2 9 8 1 2 7 3 7 2 6 3 6 7 3 6 0 4 8 7 5 8 3 4 10 8 6 
14 14 14 14 7 4 7 7 4 9 4 10 5 5 4 0 12 6 2 3 4 5 9 4 5 7 9 4 10 6 9 10 6 6 3 9 6 9 3 11 7 10 8 1 6 8 7 9 10 2 9 5 12 10 4 4 3 10 10 5 7 7 9 7 9 6 9 11 7 7 2 7 3 2 7 1 9 8 9 11 6 1 8 3 5 0 1 10 7 3 7 5 5 6 2 3 8 2 11 5 11 9 9 7 10 5 0 10 7 4 3 5 2 6 8 6 9 4 5 10 8 3 5 8 4 8 4 9 7 10 7 11 10 7 8 2 5 9 11 7 6 5 5 5 3 7 3 2 5 7 4 4 6 8 4 0 9 9 7 8 4 6 7 6 9 
5 5 5 5 12 5 2 8 9 4 9 4 6 8 5 10 3 3 7 9 9 9 0 7 8 4 3 10 1 7 8 2 10 5 6 0 3 2 6 2 8 4 8 10 6 7 4 6 1 7 4 4 8 4 4 5 8 8 2 6 2 1 4 5 1 9 0 5 2 6 7 5 5 7 5 8 4 2 4 4 8 8 0 6 6 9 9 1 6 9 1 11 8 3 8 9 1 9 7 12 3 1 2 1 3 6 9 0 10 7 8 7 8 8 9 9 4 11 9 1 8 6 12 3 4 1 6 8 8 2 4 3 2 6 3 7 5 3 7 7 8 10 9 5 9 9 9 9 5 9 5 7 6 3 8 9 0 2 3 1 5 4 8 5 3 
5 5 5 5 10 6 4 10 10 6 10 2 5 9 4 10 2 4 7 10 8 8 2 8 10 2 5 11 3 8 10 1 8 4 7 2 4 4 6 1 9 1 10 10 5 9 6 8 1 7 2 4 10 6 4 5 7 10 4 4 1 2 7 6 0 11 1 7 3 8 6 3 5 7 7 8 1 1 6 2 9 8 2 6 5 9 9 1 7 10 2 12 9 4 8 8 3 10 9 13 2 3 0 3 1 7 9 1 8 6 9 6 8 9 11 7 6 12 10 1 10 5 13 1 4 2 6 10 10 4 6 2 1 7 1 8 4 5 9 5 9 11 8 4 10 8 10 8 6 8 6 8 4 1 7 9 2 0 2 3 4 3 10 7 1 
7 7 7 7 8 5 3 9 9 6 8 3 2 8 2 8 4 3 5 8 6 6 3 7 8 0 5 9 4 7 10 3 6 2 5 3 3 5 4 3 8 2 9 8 3 8 5 8 3 5 2 2 10 7 2 3 5 10 5 2 1 2 7 6 2 9 2 8 2 7 4 1 3 5 6 6 2 0 7 4 8 6 2 3 2 7 7 3 7 8 2 11 8 3 6 6 3 8 9 11 4 4 2 3 3 6 7 3 6 4 8 3 7 8 10 5 6 10 9 3 9 3 11 0 2 2 5 9 9 5 5 4 3 7 1 6 2 5 9 4 8 9 6 2 8 6 8 6 5 6 5 7 2 1 5 7 3 2 0 3 2 1 9 6 2 
7 7 7 7 12 4 1 7 8 3 8 5 6 7 4 9 5 2 6 8 9 9 1 6 7 4 2 9 1 6 7 3 10 5 5 1 2 1 5 3 7 4 7 9 6 6 3 5 2 6 5 3 7 3 4 4 8 7 1 5 2 1 3 4 2 8 1 4 1 5 6 5 5 6 4 8 4 2 3 5 7 8 0 5 6 8 8 2 5 8 1 10 7 2 7 9 0 8 6 11 4 0 3 0 4 5 9 2 10 7 7 7 7 7 8 9 3 10 8 2 7 6 11 3 4 0 5 7 7 1 3 5 3 5 4 7 5 2 6 7 7 9 9 5 8 9 8 8 4 9 4 6 6 4 8 8 1 3 3 0 4 4 7 4 4 
9 9 9 9 7 4 4 8 7 7 6 5 1 7 0 5 7 3 3 6 4 4 5 5 7 2 6 7 6 7 9 5 5 1 3 5 3 6 2 6 8 5 8 6 2 8 5 8 5 3 4 1 10 8 1 1 3 10 6 1 3 3 7 6 4 8 4 9 3 7 2 2 0 3 6 3 4 3 7 6 7 4 4 1 1 4 5 5 6 6 3 9 7 2 4 4 5 6 10 9 7 5 4 4 5 5 5 5 5 2 6 2 5 7 9 4 7 8 7 6 9 1 9 3 0 4 4 9 8 6 5 7 5 6 3 4 0 6 9 3 7 7 4 1 6 5 6 4 4 5 4 5 2 4 3 4 5 4 2 4 0 1 8 6 4 
8 8 8 8 8 4 4 8 8 6 7 4 2 7 1 6 6 3 4 7 5 5 4 6 7 1 6 8 5 7 9 4 5 1 4 4 3 5 3 5 8 4 9 7 2 8 5 8 4 4 3 1 10 7 1 2 4 10 5 1 2 2 7 6 3 8 3 8 3 7 3 2 2 4 6 5 3 2 7 5 7 5 3 2 1 5 6 4 6 7 2 10 7 2 5 5 4 7 9 10 5 4 3 3 4 5 6 4 6 3 7 3 5 7 9 5 6 9 8 5 9 2 10 2 1 3 4 9 9 6 5 5 4 6 2 5 1 6 9 3 8 8 5 1 7 5 7 5 4 5 4 6 2 2 4 6 4 3 1 4 1 0 8 5 3 
14 14 14 14 14 4 6 0 3 5 3 12 10 1 7 7 12 6 5 4 11 12 8 3 1 10 5 3 9 1 1 11 13 10 4 8 6 6 6 11 0 12 0 7 11 2 4 3 10 5 12 6 5 6 7 7 10 3 7 10 8 7 5 3 10 2 9 6 7 2 7 11 8 6 2 9 11 9 4 12 1 8 8 7 9 7 6 9 2 4 7 4 1 6 5 10 7 5 5 5 12 7 11 7 12 3 7 9 13 10 4 10 5 1 1 12 5 5 2 10 0 8 5 10 8 7 4 2 0 7 4 12 11 2 11 5 8 6 4 12 1 3 12 9 4 13 4 9 4 13 4 2 10 11 10 7 8 10 9 7 8 8 0 3 11 
11 11 11 11 13 2 2 3 5 3 4 9 7 3 5 7 9 2 4 5 9 10 5 2 3 7 2 5 5 1 3 8 10 7 3 5 2 3 4 8 2 8 3 7 8 2 1 2 7 4 9 4 5 4 4 5 8 4 4 7 5 4 2 0 6 4 6 4 3 1 5 8 5 5 0 7 8 6 2 9 2 6 5 5 7 7 6 6 0 5 4 6 3 3 4 9 4 5 4 7 9 4 7 3 8 1 7 6 11 7 4 8 4 3 4 10 2 7 4 7 3 6 7 7 5 4 2 3 3 4 1 9 7 0 7 4 6 3 4 9 3 5 10 7 5 11 5 7 1 11 2 2 8 7 8 6 5 7 6 4 6 5 3 0 8 
5 5 5 5 9 7 5 11 11 7 10 1 4 10 4 9 3 5 7 10 7 7 3 9 10 1 7 11 4 9 11 2 7 3 7 3 5 6 6 2 10 0 11 10 3 10 7 9 2 7 1 4 11 7 4 5 6 12 6 3 2 3 8 8 2 11 2 9 4 9 6 2 5 7 8 8 0 1 8 2 10 8 3 5 4 8 9 3 8 10 3 13 10 4 8 7 4 10 10 13 2 4 1 4 1 8 9 3 7 5 10 5 9 10 12 6 7 12 11 3 11 5 13 1 4 3 7 11 11 6 7 2 2 8 0 8 4 6 10 4 10 11 7 4 10 6 10 8 7 6 7 9 3 0 6 9 3 1 2 4 4 3 11 8 0 
