160 12255.77 0 1680 14 120
42.84 74.6 96.76 4.42 28.96 62.64 26.48 1.87 23.37 2.38 47.98 38.49 64.98 31.38 2.07 79.64 72.19 48.94 30.13 25.2 86.8 42.53 63.93 92.29 35.29 53.43 80.41 35.08 97.58 18.27 51.97 92.12 84.23 70.62 5.13 84.72 4.02 75.9 69.71 79.56 40.93 42.35 64.98 97.68 28.06 95.03 29.0 31.35 2.2 47.43 40.13 79.36 50.09 90.41 59.06 65.44 50.41 18.3 8.37 95.18 25.06 62.78 31.5 60.03 5.76 84.12 60.24 61.25 25.77 16.79 3.38 73.8 43.05 5.6 18.62 37.04 27.48 64.25 68.02 20.05 25.6 73.83 82.17 97.62 1.6 3.28 42.65 53.51 4.51 16.5 95.18 86.03 19.02 16.12 61.2 76.46 72.39 28.81 41.38 53.21 95.31 47.38 39.49 96.57 93.5 38.29 53.67 74.66 93.71 27.36 61.68 64.51 5.6 8.54 7.53 23.88 30.68 42.28 92.86 97.67 3.88 52.79 35.84 35.03 50.21 9.93 13.2 65.04 25.93 13.81 13.71 31.97 39.41 95.37 8.98 58.62 6.6 50.15 70.14 80.59 49.46 39.56 92.04 36.66 59.43 7.06 50.89 79.98 25.2 83.99 72.13 79.68 72.06 3.26 64.23 80.12 84.69 6.52 65.37 47.5 
34.05 66.14 39.29 10.42 85.35 21.99 56.41 71.18 49.91 18.72 16.53 78.56 27.49 80.37 74.09 74.78 81.17 44.33 78.27 37.7 53.9 37.16 22.19 60.89 10.65 49.96 85.81 50.45 20.4 47.43 35.82 49.29 50.91 81.76 76.87 53.05 51.73 27.42 11.51 48.51 59.08 55.82 31.28 36.11 14.84 80.12 62.87 15.68 61.54 42.75 83.04 41.24 34.66 64.98 56.09 35.09 73.67 85.45 40.73 49.95 69.26 19.75 79.68 19.77 10.65 38.77 82.1 26.01 61.59 69.53 46.2 40.36 35.78 51.68 33.19 24.92 33.44 30.02 30.05 20.72 37.08 35.06 51.53 68.49 79.68 71.82 61.19 88.64 17.38 87.6 61.78 78.57 31.22 24.27 88.46 81.92 40.21 68.8 63.92 57.23 22.99 34.96 25.49 60.7 32.59 71.81 73.74 43.1 59.2 76.85 31.38 43.11 63.97 49.88 28.24 19.63 54.85 47.01 76.52 88.11 15.68 40.22 52.71 83.52 15.24 77.67 32.79 36.93 28.28 66.51 21.18 23.92 47.37 30.09 25.11 47.82 25.63 34.14 37.13 85.43 66.29 58.85 79.01 62.41 71.1 13.33 57.24 76.03 61.13 76.13 21.91 31.78 13.74 34.15 47.63 12.95 23.32 26.16 80.3 73.67 
4 7 9 1 3 6 3 1 3 1 5 4 6 3 1 8 7 5 3 3 8 4 6 9 4 5 8 4 9 2 5 9 8 7 1 8 1 7 7 8 4 4 6 9 3 9 3 3 1 5 4 8 5 9 6 6 5 2 1 9 3 6 3 6 1 8 6 6 3 2 1 7 4 1 2 4 3 6 7 2 3 7 8 9 1 1 4 5 1 2 9 8 2 2 6 7 7 3 4 5 9 5 4 9 9 4 5 7 9 3 6 6 1 1 1 3 3 4 9 9 1 5 4 4 5 1 2 6 3 2 2 3 4 9 1 6 1 5 7 8 5 4 9 4 6 1 5 8 3 8 7 8 7 1 6 8 8 1 6 5 
1 2 3 4 5 6 7 8 9 10 11 12 13 14 15 16 17 18 19 20 21 22 23 24 25 26 27 28 29 30 31 32 33 34 35 36 37 38 39 40 41 42 43 44 45 46 47 48 49 50 51 52 53 54 55 56 57 58 59 60 61 62 63 64 65 66 67 68 69 70 71 72 73 74 75 76 77 78 79 80 81 82 83 84 85 86 87 88 89 90 91 92 93 94 95 96 97 98 99 100 101 102 103 104 105 106 107 108 109 110 111 112 113 114 115 116 117 118 119 120 121 122 123 124 125 126 127 128 129 130 131 132 133 134 135 136 137 138 139 140 141 142 143 144 145 146 147 148 149 150 151 152 153 154 155 156 157 158 159 160 
1 1 1 3 2 1 2 3 2 3 3 1 1 2 3 3 1 3 2 2 3 1 1 1 1 3 3 1 1 1 3 1 3 1 3 3 3 1 1 3 1 1 1 1 2 1 2 2 3 3 1 3 3 1 1 1 3 1 3 1 2 1 2 1 3 3 1 1 2 1 3 1 1 3 1 1 2 1 1 1 2 1 3 1 3 3 1 3 3 1 1 3 1 1 1 1 1 2 1 3 1 3 1 1 1 1 3 1 1 2 1 1 3 3 3 2 2 1 1 1 3 3 1 1 3 3 1 1 2 1 1 2 1 1 3 1 3 3 1 3 3 1 1 1 1 3 3 3 2 3 1 3 1 3 1 3 3 3 1 3 
1 2 1 2 1 1 1 2 1 2 2 1 1 1 2 2 2 2 1 1 2 1 1 1 1 2 2 1 1 2 2 1 2 2 2 2 2 2 2 2 1 1 1 1 1 1 1 1 2 2 1 2 2 1 1 1 2 2 2 1 1 1 1 1 2 2 1 1 1 2 2 2 1 2 2 1 1 1 2 2 1 2 2 1 2 2 1 2 2 2 1 2 2 2 1 2 2 1 1 2 1 2 1 1 1 1 2 2 1 1 1 1 2 2 2 1 1 1 1 1 2 2 1 1 2 2 2 1 1 2 2 1 1 1 2 1 2 2 2 2 2 1 1 1 1 2 2 2 1 2 2 2 2 2 1 2 2 2 1 2 
1 10 8 2 6 7 10 4 10 4 6 5 6 9 8 1 7 1 2 9 6 9 8 1 6 4 5 4 5 2 7 3 2 3 5 10 3 5 8 2 1 3 7 6 9 9 1 2 1 2 2 2 8 7 1 8 9 1 6 10 3 4 4 6 7 3 9 10 3 4 3 7 4 10 4 8 9 10 7 10 8 3 6 6 5 5 2 2 10 9 10 5 5 2 4 1 9 5 5 8 3 1 8 8 6 8 10 5 6 5 4 6 5 9 9 2 8 2 3 10 5 1 7 9 3 9 10 10 6 10 10 5 4 3 1 6 4 6 4 7 6 5 1 7 1 1 7 5 1 5 9 1 2 9 3 2 1 9 2 9 
3693.47 3636.75 4186.61 4661.96 3910.08 3864.97 3615.04 3459.6 3638.02 3608.9 3715.52 4443.1 3861.8 4855.37 4375.88 3563.15 3814.51 3654.81 4713.7 4850.69 3928.21 4786.26 4130.3 3496.8 3508.85 4272.96 4223.77 4267.34 4464.16 4672.49 3657.29 3155.2 4723.35 3245.51 4320.77 3625.8 3119.19 4983.67 4275.89 4685.7 3291.18 3223.26 3832.03 3862.65 4777.26 4863.72 3310.64 4692.5 3644.4 4681.71 4665.57 4671.84 4146.56 3816.56 3321.1 4324.36 4785.01 3459.23 3439.12 3620.41 3207.8 4239.86 3457.94 4023.89 3692.51 3233.44 4789.57 3621.46 3142.11 3202.93 3141.26 3671.69 3300.37 3629.12 3279.13 4366.92 4858.8 3637.62 3858.78 3625.32 4221.12 3183.54 3902.1 3815.14 4494.78 4983.8 4680.82 4705.72 3636.06 4807.77 3615.35 4860.54 4938.54 4700.34 3466.02 3199.9 4788.7 4729.24 4648.74 4344.49 3234.56 3694.73 4116.27 4282.34 3679.96 4117.33 3635.84 4279.75 3790.19 4291.8 4153.04 3895.16 4849.37 4818.64 4779.66 4680.61 4135.26 4675.19 3229.63 3625.11 4346.17 3498.41 3706.66 4862.83 3143.31 4795.67 3630.34 3627.14 3839.64 3644.32 3624.73 4161.3 4117.89 3109.89 3613.02 4133.61 3901.25 3503.22 4200.25 3873.06 4102.36 4681.52 3239.15 3669.27 3539.27 3518.43 3748.25 4771.79 3568.45 4526.21 4867.63 3236.85 4666.34 4854.73 3151.03 4693.97 3176.32 4811.8 4717.05 4867.62 
0.51 0.46 0.47 0.52 0.45 0.92 0.48 0.25 0.52 0.52 0.34 0.49 0.34 0.73 0.4 0.38 0.75 0.5 0.47 0.77 0.37 0.78 0.29 0.48 0.34 0.23 0.4 0.46 0.35 0.5 0.75 0.42 0.5 0.43 0.39 0.44 0.42 0.73 0.48 0.5 0.43 0.42 0.78 0.27 0.74 0.8 0.5 0.56 0.5 0.5 0.49 0.55 0.34 0.92 0.33 0.33 0.73 0.42 0.27 0.45 0.42 0.35 0.38 0.43 0.8 0.42 0.75 0.49 0.41 0.16 0.41 0.78 0.21 0.45 0.42 0.46 0.76 0.49 0.56 0.52 0.3 0.37 0.41 0.31 0.58 0.5 0.49 0.54 0.51 0.8 0.51 0.47 0.46 0.55 0.36 0.41 0.79 0.53 0.35 0.41 0.38 0.33 0.47 0.37 0.33 0.4 0.52 0.47 0.32 0.66 0.23 0.38 0.35 0.75 0.76 0.49 0.39 0.56 0.42 0.48 0.64 0.51 0.73 0.8 0.38 0.74 0.49 0.46 0.37 0.52 0.44 0.54 0.51 0.41 0.46 0.34 0.49 0.32 0.32 0.69 0.3 0.6 0.34 0.62 0.31 0.37 0.63 0.63 0.41 0.43 0.74 0.46 0.55 0.74 0.38 0.48 0.38 0.73 0.53 0.76 
1.0 0.94 0.81 0.84 0.54 0.58 1.0 0.59 1.0 0.68 1.0 0.65 0.83 0.61 0.67 0.52 1.0 0.56 1.0 0.75 1.0 0.94 0.71 1.0 0.7 1.0 0.69 0.71 1.0 1.0 0.87 0.69 0.68 0.5 0.54 0.89 1.0 0.97 0.97 1.0 0.92 0.64 1.0 0.6 1.0 0.77 0.68 0.87 0.56 0.72 0.87 0.81 0.98 0.77 0.63 1.0 0.74 1.0 0.77 1.0 0.89 0.94 0.84 0.74 0.93 1.0 0.5 0.91 1.0 0.6 1.0 0.97 1.0 0.7 1.0 1.0 1.0 0.87 0.55 0.82 0.75 0.57 0.75 0.58 0.95 0.54 0.88 0.74 0.6 0.96 0.54 1.0 0.76 0.61 1.0 0.67 0.82 1.0 0.64 0.63 0.59 1.0 1.0 0.86 0.86 0.88 0.81 1.0 1.0 0.7 0.99 0.57 0.87 0.59 0.61 0.87 0.62 1.0 0.72 0.81 0.75 0.86 0.59 1.0 0.94 0.76 1.0 1.0 1.0 1.0 0.55 0.66 0.85 0.96 0.75 0.59 0.53 0.74 0.76 0.73 0.8 0.53 0.78 0.85 0.65 1.0 0.73 1.0 0.62 0.86 0.71 0.91 1.0 0.71 0.51 1.0 0.92 0.61 0.55 1.0 
0.66 0.74 1.0 0.53 0.75 0.63 0.51 1.0 0.79 0.87 1.0 0.69 1.0 0.73 0.97 0.52 0.73 0.96 0.81 0.83 1.0 0.96 0.92 0.9 1.0 0.87 0.74 0.76 1.0 1.0 1.0 0.5 0.86 1.0 0.63 1.0 0.51 0.76 0.55 0.86 0.86 0.89 1.0 0.69 0.91 1.0 0.92 0.73 0.83 0.88 0.61 1.0 0.79 0.89 0.73 0.71 0.93 0.67 0.94 0.8 0.84 0.85 0.73 0.88 1.0 0.96 0.73 1.0 0.9 0.96 0.61 0.62 0.7 1.0 0.64 1.0 0.84 0.8 0.79 0.75 1.0 0.75 0.86 0.59 0.75 0.79 0.62 0.99 1.0 0.69 0.72 0.82 0.67 1.0 1.0 0.94 0.89 1.0 0.66 0.98 0.64 0.54 0.69 0.98 0.65 0.97 1.0 0.98 0.64 0.88 0.71 0.69 0.53 0.91 0.82 0.83 1.0 1.0 0.87 0.86 0.8 0.86 0.98 0.96 0.86 0.54 0.66 0.94 0.9 0.92 0.97 0.51 1.0 1.0 0.69 0.95 0.94 0.88 0.53 0.66 0.57 1.0 0.71 1.0 0.56 1.0 0.9 0.69 0.86 0.89 1.0 0.9 0.59 0.55 0.71 0.74 0.87 0.78 0.66 0.81 
0.75 0.96 0.55 0.94 1.0 0.71 1.0 0.81 0.98 0.56 0.59 0.81 1.0 0.9 1.0 0.6 0.69 0.9 0.73 0.97 0.62 0.71 0.79 0.7 0.78 0.65 0.59 0.88 0.92 0.71 0.6 1.0 0.73 1.0 0.94 0.76 1.0 1.0 1.0 0.65 1.0 0.83 0.64 0.9 0.7 1.0 1.0 1.0 0.93 0.51 0.68 0.98 0.53 0.66 1.0 0.92 1.0 0.82 0.53 0.7 0.67 0.88 0.81 0.76 0.93 0.58 0.71 0.83 0.73 0.69 0.77 0.59 0.97 0.74 0.95 0.51 0.76 0.67 0.72 1.0 0.83 0.83 0.74 0.59 0.92 0.92 1.0 0.74 0.84 0.68 0.76 0.59 0.53 0.52 0.61 0.51 0.92 1.0 0.95 0.68 0.81 0.76 0.89 0.69 0.89 0.85 0.72 1.0 0.87 0.53 0.78 0.76 0.96 0.78 1.0 0.98 0.66 0.84 0.87 1.0 0.93 0.65 0.88 0.76 0.75 0.88 0.99 0.79 0.75 0.99 0.62 0.57 0.76 0.98 0.99 0.68 0.56 0.58 0.67 0.61 0.93 0.53 0.52 0.8 0.94 0.64 0.82 0.99 0.51 0.68 0.55 0.65 0.68 0.64 0.88 0.97 0.8 0.98 1.0 1.0 
0.85 0.54 0.54 1.0 1.0 0.77 0.54 0.53 0.62 0.66 0.68 0.75 0.61 0.5 1.0 1.0 0.83 0.76 0.82 0.85 0.65 0.76 0.61 0.74 0.81 0.87 0.51 0.94 0.63 1.0 0.98 0.93 1.0 0.7 0.66 0.75 0.56 0.78 0.91 0.78 0.73 0.89 1.0 0.66 0.57 0.77 0.65 0.63 0.57 0.61 0.59 0.59 0.76 0.54 0.76 0.53 1.0 0.54 0.5 1.0 0.98 0.75 0.8 0.92 0.72 0.65 0.81 0.67 0.67 0.53 0.97 0.88 0.68 0.8 0.57 0.73 0.97 0.97 0.76 0.56 0.97 0.79 0.89 1.0 0.99 0.98 0.75 0.63 0.9 0.62 0.57 0.55 0.55 1.0 0.9 0.76 1.0 0.69 0.63 1.0 0.76 0.84 1.0 0.57 0.8 0.69 0.55 0.67 0.59 0.91 0.91 0.72 0.97 0.77 0.81 0.94 0.89 0.87 0.78 0.65 0.84 0.78 0.52 0.79 0.51 1.0 0.53 0.65 1.0 0.97 0.98 0.97 1.0 0.82 1.0 0.8 0.71 0.52 0.71 0.84 1.0 1.0 0.92 0.85 0.99 0.72 0.84 0.52 1.0 0.75 1.0 0.92 0.78 0.88 0.51 0.96 0.86 1.0 0.65 0.6 
0.78 0.58 0.89 0.82 0.62 0.56 0.55 0.68 0.86 0.7 0.56 0.76 0.67 0.6 0.96 0.65 1.0 0.71 0.98 0.82 1.0 1.0 0.55 0.84 0.51 0.58 1.0 1.0 0.67 0.68 0.52 0.96 1.0 0.9 0.85 0.53 0.85 0.59 0.52 0.63 0.51 0.8 0.53 0.74 0.64 0.7 0.83 0.66 1.0 0.95 0.68 1.0 1.0 0.58 1.0 0.87 0.6 1.0 0.71 0.68 0.64 1.0 0.55 0.92 0.75 0.63 0.99 0.52 0.7 0.51 0.94 0.9 0.58 0.95 0.88 0.88 1.0 0.85 0.77 1.0 0.53 0.95 0.93 0.55 0.76 1.0 0.79 1.0 0.88 0.64 0.68 0.95 0.64 0.59 0.76 0.93 0.96 1.0 1.0 1.0 0.52 1.0 0.97 0.88 0.83 0.89 0.91 0.69 0.89 1.0 0.82 0.77 0.65 0.91 0.88 0.65 0.84 0.55 0.63 0.93 1.0 1.0 1.0 0.86 0.83 0.64 0.59 0.71 1.0 0.56 1.0 0.8 0.99 1.0 0.79 0.64 0.81 0.86 0.81 0.8 0.88 0.75 0.63 0.58 0.88 0.95 0.88 0.91 0.54 1.0 0.63 0.68 0.59 0.56 0.87 0.78 0.62 1.0 0.66 1.0 
0.33 0.21 0.22 0.34 0.25 0.11 0.15 0.17 0.41 0.16 0.22 0.21 0.34 0.12 0.62 0.11 0.42 0.26 0.48 0.42 0.4 0.48 0.17 0.4 0.23 0.28 0.15 0.45 0.39 0.48 0.26 0.31 0.43 0.32 0.18 0.27 0.24 0.34 0.25 0.27 0.29 0.33 0.34 0.18 0.23 0.41 0.33 0.27 0.24 0.19 0.14 0.48 0.32 0.14 0.35 0.3 0.41 0.3 0.13 0.38 0.31 0.53 0.22 0.42 0.46 0.23 0.21 0.26 0.31 0.11 0.42 0.28 0.26 0.39 0.3 0.33 0.62 0.39 0.18 0.35 0.32 0.27 0.4 0.11 0.5 0.38 0.32 0.34 0.4 0.18 0.12 0.25 0.09 0.19 0.42 0.23 0.64 0.69 0.26 0.42 0.12 0.34 0.6 0.29 0.33 0.45 0.29 0.46 0.29 0.3 0.41 0.16 0.28 0.29 0.36 0.44 0.31 0.4 0.27 0.42 0.47 0.37 0.26 0.49 0.25 0.23 0.21 0.34 0.68 0.49 0.32 0.15 0.64 0.78 0.4 0.19 0.16 0.17 0.16 0.2 0.37 0.21 0.17 0.34 0.3 0.43 0.4 0.33 0.15 0.39 0.25 0.34 0.18 0.12 0.14 0.54 0.34 0.46 0.16 0.49 
1137.48 944.97 1808.67 829.14 935.92 1337.23 902.82 456.05 1051.73 827.51 796.96 1738.05 869.08 1002.23 1700.98 1017.43 1173.09 962.69 986.56 1060.45 1044.6 942.21 1598.34 1087.78 1103.36 518.44 1469.75 884.25 1082.85 999.54 1437.64 666.76 951.35 705.52 1507.08 976.53 474.18 1708.23 1576.4 826.8 920.64 668.38 1370.13 925.96 1042.09 910.57 1104.62 873.59 1016.8 904.23 766.05 817.88 1720.57 1299.58 960.72 1635.62 1047.8 1065.83 1006.94 916.35 605.29 650.01 767.4 1093.91 1457.13 637.53 670.11 873.3 710.33 604.17 561.52 1563.75 709.63 1035.63 746.94 1655.37 1004.22 1022.8 1212.0 953.64 1575.99 724.09 874.44 990.71 1087.48 1418.89 838.47 784.04 1034.61 899.03 1002.32 1363.89 1423.12 1172.09 720.32 929.9 1034.7 1523.82 1356.05 1573.7 637.26 987.43 1696.46 1580.03 879.06 1760.06 999.89 1258.83 905.37 1946.23 938.73 939.3 1760.57 843.1 821.46 983.17 1673.82 1068.44 594.21 848.2 1426.17 984.44 1288.35 845.37 600.53 982.39 940.1 858.34 926.88 935.76 964.5 1365.22 807.39 638.32 1141.65 805.73 781.81 772.28 580.4 1535.42 909.05 1984.45 1170.44 1291.1 943.06 945.97 1620.15 1342.12 900.45 1336.18 919.19 1020.46 935.38 816.77 612.34 1105.98 1091.69 792.03 1144.61 1002.73 
451.44 179.37 346.41 277.83 236.46 147.35 137.63 83.9 389.51 128.28 178.41 372.54 320.27 143.04 1031.65 132.25 463.68 195.9 445.31 483.68 466.43 438.25 297.18 462.83 269.43 152.54 224.3 387.64 406.53 473.39 366.35 173.57 397.49 226.05 259.7 277.76 119.91 585.25 386.83 296.13 302.95 218.44 530.16 166.64 216.56 352.31 394.31 228.13 225.94 229.4 95.08 346.26 618.86 174.46 320.5 436.83 407.96 371.79 93.52 321.5 186.19 332.59 140.14 480.35 743.87 152.48 102.56 231.63 204.54 57.38 235.56 335.43 197.48 434.84 246.23 533.78 653.74 420.34 205.05 283.28 440.37 172.31 366.19 119.59 446.26 537.79 239.61 288.26 457.42 170.65 119.64 373.46 109.51 210.29 307.18 235.07 677.22 1080.4 275.62 681.18 66.63 339.04 1028.66 445.82 257.7 703.16 288.36 555.47 253.19 693.3 345.75 162.9 490.58 244.43 271.19 464.34 563.18 510.88 155.5 354.66 729.89 377.14 414.38 463.5 148.85 226.37 179.08 298.81 597.6 475.63 333.96 180.52 524.68 496.3 458.98 149.56 118.58 115.72 87.31 305.79 337.59 353.16 231.37 385.7 236.65 420.42 682.04 517.82 161.54 448.36 256.47 317.0 194.51 114.32 90.65 632.72 286.17 336.86 172.79 494.55 
5187.4 4224.85 8543.35 3645.7 4179.6 6186.14 4014.12 1780.24 4758.64 3637.55 3484.78 8190.27 3845.41 4511.14 8004.9 4587.16 5365.45 4313.47 4432.8 4802.26 4723.02 4211.05 7491.69 4938.88 5016.8 2092.21 6848.74 3921.23 4914.23 4497.71 6688.21 2833.79 4256.75 3027.58 7035.41 4382.66 1870.9 8041.17 7382.01 3634.02 4103.2 2841.88 6350.65 4129.8 4710.45 4052.83 5023.12 3867.97 4583.98 4021.17 3330.23 3589.42 8102.83 5997.89 4303.58 7678.12 4739.0 4829.14 4534.71 4081.77 2526.44 2750.03 3336.99 4969.57 6785.65 2687.67 2850.56 3866.5 3051.63 2520.85 2307.61 7318.73 3048.14 4678.16 3234.69 7776.86 4521.09 4614.0 5560.01 4268.19 7379.97 3120.45 3872.22 4453.55 4937.42 6594.43 3692.36 3420.19 4673.07 3995.14 4511.59 6319.43 6615.58 5360.46 3101.59 4149.49 4673.5 7119.08 6280.26 7368.51 2686.32 4437.17 7982.31 7400.15 3895.3 8300.3 4499.47 5794.13 4026.85 9231.16 4193.65 4196.5 8302.86 3715.51 3607.28 4415.85 7869.1 4842.19 2471.06 3740.99 6630.86 4422.21 5941.77 3726.83 2502.64 4411.95 4200.51 3791.68 4134.42 4178.82 4322.49 6326.12 3536.96 2691.62 5208.24 3528.66 3409.06 3361.42 2402.02 7177.08 4045.24 9422.27 5352.2 5955.52 4215.28 4229.86 7600.77 6210.59 4002.26 6180.88 4095.94 4602.28 4176.9 3583.85 2561.71 5029.92 4958.43 3460.15 5223.06 4513.65 
1757.2 396.83 1232.03 889.15 682.31 236.77 188.14 -80.51 1447.54 141.42 392.06 1362.71 1101.37 215.18 4658.24 161.26 1818.42 479.5 1726.57 1918.4 1832.16 1691.26 985.89 1814.15 847.17 262.71 621.51 1438.21 1532.65 1866.96 1331.74 367.87 1487.47 630.23 798.49 888.81 99.54 2426.23 1434.13 980.64 1014.73 592.2 2150.82 333.21 582.82 1261.57 1471.54 640.63 629.68 647.02 -24.6 1231.32 2594.3 372.3 1102.5 1684.17 1539.82 1358.97 -32.41 1107.48 430.97 1162.96 200.72 1901.77 3219.33 262.39 12.78 658.16 522.69 -213.12 677.8 1177.16 487.42 1674.19 731.15 2168.92 2768.68 1601.7 525.27 916.41 1701.87 361.54 1330.93 97.96 1731.29 2188.93 698.03 941.32 1787.09 353.27 98.22 1367.31 47.56 551.43 1035.88 675.34 2886.12 4901.99 878.09 2905.91 -166.87 1195.2 4643.32 1729.12 788.48 3015.78 941.81 2277.35 765.94 2966.49 1228.75 314.52 1952.89 722.16 855.96 1821.72 2315.92 2054.41 277.51 1273.31 3149.47 1385.72 1571.91 1817.49 244.27 631.83 395.38 994.06 2487.98 1878.14 1169.79 402.59 2123.39 1981.49 1794.92 247.8 92.9 78.6 -63.47 1028.95 1187.95 1265.79 656.83 1428.51 683.24 1602.1 2910.18 2089.09 307.69 1741.8 782.34 1085.01 472.53 71.58 -46.75 2663.6 930.87 1184.31 363.95 1972.73 
73.87 72.73 83.73 186.48 117.3 77.3 108.45 138.38 109.14 144.36 148.62 88.86 77.24 145.66 175.04 142.53 76.29 146.19 141.41 145.52 157.13 95.73 82.61 69.94 70.18 170.92 168.95 85.35 89.28 93.45 146.29 63.1 188.93 64.91 172.83 145.03 124.77 99.67 85.52 187.43 65.82 64.47 76.64 77.25 143.32 97.27 99.32 140.77 145.78 187.27 93.31 186.87 165.86 76.33 66.42 86.49 191.4 69.18 137.56 72.41 96.23 84.8 103.74 80.48 147.7 129.34 95.79 72.43 94.26 64.06 125.65 73.43 66.01 145.16 65.58 87.34 145.76 72.75 77.18 72.51 126.63 63.67 156.08 76.3 179.79 199.35 93.62 188.23 145.44 96.16 72.31 194.42 98.77 94.01 69.32 64.0 95.77 141.88 92.97 173.78 64.69 147.79 82.33 85.65 73.6 82.35 145.43 85.6 75.8 128.75 83.06 77.9 193.97 192.75 191.19 140.42 124.06 93.5 64.59 72.5 173.85 139.94 74.13 97.26 125.73 191.83 72.61 72.54 115.19 72.89 72.49 124.84 82.36 62.2 144.52 82.67 156.05 140.13 84.01 154.92 164.09 93.63 64.78 73.39 70.79 140.74 149.93 190.87 107.05 181.05 97.35 129.47 93.33 194.19 63.02 187.76 127.05 192.47 94.34 194.7 
5 5 5 19 11 5 10 14 10 15 15 6 5 13 18 15 5 15 13 13 16 6 5 4 5 18 18 6 6 6 15 4 20 4 18 15 13 7 6 20 4 4 5 5 13 6 9 13 15 20 6 20 17 5 4 6 20 4 14 5 9 6 9 5 15 13 6 5 8 4 13 5 4 15 4 6 13 5 5 5 12 4 16 5 19 21 6 20 15 6 5 20 7 6 4 4 6 13 6 18 4 15 5 6 5 5 15 6 5 12 5 5 20 20 20 13 11 6 4 5 18 14 5 6 13 20 5 5 10 5 5 11 5 4 15 5 16 15 6 16 17 6 4 5 5 15 16 20 10 19 6 13 6 20 4 20 13 20 6 20 
67 83 62 110 57 113 20 49 45 80 106 43 87 109 94 103 59 63 79 40 59 118 104 66 30 99 107 85 18 104 26 28 104 33 88 67 99 1 116 42 96 78 84 73 59 82 118 50 56 50 24 90 82 101 115 77 75 119 41 80 103 35 27 113 106 11 30 10 111 85 17 81 34 8 2 52 78 19 110 99 96 19 110 47 28 12 60 93 53 108 103 25 91 54 44 76 11 45 116 35 67 30 48 17 90 21 21 104 102 109 103 96 71 44 11 6 102 117 15 60 57 90 97 91 114 7 22 93 33 33 12 72 42 49 89 85 106 50 70 43 35 10 54 53 83 43 89 80 73 17 78 87 1 38 97 82 45 6 46 22 
120 120 120 120 115 120 60 69 117 120 120 120 116 120 120 120 120 120 108 119 120 120 120 120 74 120 120 120 117 120 105 104 120 120 120 120 120 53 120 114 120 120 120 120 120 120 120 117 119 120 113 120 120 120 120 120 120 120 76 120 120 81 120 120 120 120 65 104 120 120 107 120 55 76 50 113 120 42 120 120 120 40 120 96 45 105 120 120 72 120 120 89 120 79 101 120 73 110 120 120 120 90 120 40 120 71 78 120 120 120 120 120 120 120 120 47 120 120 57 82 120 120 120 114 120 120 75 120 120 48 76 109 84 105 120 120 120 79 120 120 120 46 105 120 120 114 119 120 120 99 93 120 96 106 120 120 88 78 58 120 
2
0.0 0.0 
100.0 0.0 
0 7 5 5 8 6 2 7 3 2 3 5 6 3 6 2 1 5 5 5 2 4 7 5 7 7 6 5 5 4 8 3 5 7 6 5 1 6 3 7 8 6 4 4 6 8 6 6 3 6 2 5 3 7 5 6 5 6 4 1 4 7 2 7 2 7 6 7 4 6 3 2 3 6 5 3 4 5 5 6 6 5 4 7 6 7 1 2 4 3 5 1 7 6 5 5 4 5 6 3 3 4 8 5 6 7 8 3 4 6 7 2 6 6 2 3 5 5 3 4 6 7 6 5 4 2 7 1 4 6 5 2 5 5 4 8 5 5 5 5 6 5 4 4 6 3 4 6 4 5 3 6 7 7 8 4 5 8 8 5 4 3 
7 0 3 7 7 0 6 4 4 5 3 1 3 6 5 6 5 7 7 4 5 3 7 4 4 7 2 5 8 4 7 3 4 7 7 7 5 7 3 5 5 6 5 5 5 7 2 8 4 2 4 4 6 6 4 7 5 5 6 6 2 7 5 4 6 4 0 6 7 4 4 5 3 6 3 3 2 3 3 5 5 2 3 5 6 8 5 5 5 7 1 6 8 8 2 2 7 8 5 5 5 5 7 4 3 8 7 5 6 6 7 5 4 5 4 3 2 2 4 4 8 9 1 4 4 6 3 5 2 5 2 4 1 2 4 7 1 5 1 4 5 8 5 5 8 5 6 1 5 7 4 8 5 6 5 2 5 5 6 1 7 6 
5 3 0 3 3 3 3 1 1 3 1 3 1 3 1 3 4 3 3 0 3 1 3 0 1 4 1 1 4 1 4 1 0 3 3 3 4 3 3 2 2 2 1 1 1 3 1 4 2 1 3 0 3 2 0 4 1 1 2 4 2 3 2 1 3 1 3 2 3 1 2 3 2 2 0 2 1 0 1 1 1 1 1 2 3 4 4 3 1 3 2 4 4 4 1 2 4 4 2 2 2 1 3 0 0 4 3 2 2 2 4 3 1 1 3 2 2 1 1 0 4 5 3 0 1 3 1 3 2 1 1 3 2 1 0 3 2 1 2 0 1 4 2 1 4 2 2 2 1 4 2 4 2 2 2 2 1 3 3 2 3 2 
5 7 3 0 2 6 3 3 3 5 3 6 4 2 2 3 5 0 1 2 3 4 1 3 3 1 4 1 1 3 3 4 2 1 1 1 5 1 5 2 3 1 2 2 2 2 4 1 3 4 5 2 2 1 2 1 1 2 1 4 5 1 3 3 3 3 6 2 1 3 3 4 5 1 3 5 4 3 4 2 2 5 4 2 1 1 5 5 2 2 6 4 1 1 4 5 1 1 1 3 2 1 3 2 3 1 2 2 1 1 1 3 2 1 4 4 5 4 3 2 1 2 6 2 2 3 4 4 4 2 4 4 5 4 2 2 5 1 5 2 2 1 1 2 1 2 1 6 1 0 3 0 3 2 3 5 1 3 3 5 1 2 
8 7 3 2 0 6 5 2 5 7 5 6 3 5 2 5 7 2 3 3 5 5 1 3 2 1 4 3 3 4 1 5 3 0 1 3 7 1 6 1 2 1 4 4 2 0 5 2 5 4 6 3 5 1 3 1 2 2 4 6 6 0 5 2 5 2 6 0 4 2 5 6 6 1 3 6 5 4 4 2 2 5 5 1 1 2 7 7 4 4 6 6 1 2 5 5 4 3 1 5 4 3 1 3 4 1 0 4 3 1 1 5 2 2 6 6 6 5 4 3 2 3 6 3 4 5 3 6 5 2 5 6 6 4 4 0 6 2 6 3 1 3 3 4 2 4 3 6 3 2 5 2 2 1 2 6 2 2 1 6 3 4 
6 0 3 6 6 0 5 4 3 4 3 0 3 5 4 5 4 7 6 3 5 2 6 3 4 7 2 4 7 3 6 2 3 6 6 6 4 6 2 5 4 6 4 4 4 6 1 8 4 1 3 3 5 5 3 7 5 4 5 5 2 7 4 4 5 4 0 6 6 4 3 4 2 5 3 2 1 2 2 4 4 1 2 5 6 7 4 4 4 6 0 5 7 7 1 1 6 7 5 4 4 4 6 3 2 7 6 5 5 5 7 5 4 4 3 2 1 1 3 3 7 8 0 4 3 5 3 4 1 4 1 4 1 2 3 6 1 4 1 3 5 7 5 4 7 4 5 0 4 7 3 7 4 5 4 1 5 5 5 1 6 5 
2 6 3 3 5 5 0 5 2 2 2 5 5 0 4 0 2 3 3 3 0 3 4 3 5 4 5 3 3 2 6 2 3 5 4 2 1 4 2 5 6 4 2 2 4 6 5 4 1 4 2 3 0 4 3 4 2 4 1 0 3 5 1 5 0 5 5 5 2 4 1 1 3 4 3 2 3 4 3 4 4 4 3 4 4 5 1 2 1 1 5 0 5 4 3 4 2 3 4 1 1 2 6 3 4 5 5 1 1 4 4 0 4 3 2 2 4 4 2 2 4 4 5 3 2 0 5 1 3 4 4 1 4 4 2 6 4 3 4 3 4 3 1 2 4 1 2 5 2 3 1 3 5 5 5 4 3 6 5 4 2 1 
7 4 1 3 2 4 5 0 3 5 3 4 1 4 0 4 5 3 4 1 4 2 2 1 0 3 2 2 4 2 2 3 1 2 2 4 5 2 4 1 0 2 3 2 0 2 2 4 3 2 5 1 4 1 1 3 2 0 3 5 4 3 4 0 4 0 4 1 4 0 3 4 4 1 1 4 3 1 2 0 0 3 2 1 2 4 5 5 3 4 4 5 3 4 3 3 4 4 1 4 3 2 2 1 1 3 2 3 3 1 3 4 0 1 5 4 3 2 3 2 4 5 4 1 2 4 1 5 3 1 2 4 3 2 2 2 3 1 4 1 1 4 3 3 4 3 3 4 2 4 3 4 0 1 0 4 1 1 1 4 4 3 
3 4 1 3 5 3 2 3 0 2 0 3 3 1 3 1 2 4 3 1 1 1 4 1 3 4 3 1 4 0 5 0 2 4 4 3 2 4 1 4 4 3 1 1 3 5 2 5 0 2 1 1 2 3 2 4 2 3 2 2 1 4 0 3 1 3 3 4 3 3 0 1 1 3 1 1 1 2 1 3 3 2 1 3 3 5 2 1 1 3 3 2 4 4 1 2 3 4 3 0 1 1 5 2 2 5 5 1 2 3 4 1 3 2 1 1 2 2 0 1 4 5 3 2 0 2 3 1 1 3 2 1 2 2 1 5 2 2 2 2 3 4 1 0 4 0 2 3 1 4 0 4 4 4 4 2 2 4 4 2 3 1 
2 5 3 5 7 4 2 5 2 0 2 3 5 2 5 2 0 5 5 3 2 2 6 3 5 6 4 3 5 2 7 2 4 6 6 4 0 6 1 6 6 5 2 3 5 7 4 6 2 4 0 3 2 5 4 6 4 5 3 1 2 6 1 5 2 5 4 6 4 5 1 1 1 5 3 1 2 4 3 5 5 3 2 5 5 6 0 0 2 3 3 1 6 6 3 3 4 5 5 1 2 3 7 4 4 6 7 2 3 5 6 1 5 4 0 1 3 4 2 3 6 6 3 4 2 2 5 0 2 5 3 0 3 4 3 7 3 4 3 4 5 5 3 2 6 2 4 4 3 5 1 5 6 6 6 2 4 6 6 3 4 3 
3 3 1 3 5 3 2 3 0 2 0 2 2 2 3 2 2 4 4 1 2 0 4 1 3 4 2 2 4 0 5 0 2 4 4 4 2 4 1 4 4 4 1 1 3 5 2 5 1 2 1 1 2 4 2 4 2 3 2 2 1 5 1 3 2 3 3 4 3 3 0 1 1 3 1 1 1 2 1 3 3 2 0 3 4 5 2 2 1 3 2 2 5 4 1 1 3 4 3 1 1 2 5 2 2 5 5 1 2 3 5 1 3 2 1 1 1 2 0 1 5 5 2 2 0 2 3 2 1 3 1 1 2 1 1 5 2 2 2 2 3 4 2 1 5 1 2 2 2 4 0 4 4 4 4 1 2 4 4 2 3 2 
5 1 3 6 6 0 5 4 3 3 2 0 3 4 4 4 3 6 6 3 4 2 6 3 4 7 2 4 7 3 6 2 3 6 6 6 4 6 2 5 4 5 3 3 4 6 1 7 3 2 3 3 5 5 3 7 4 4 5 4 1 6 3 4 4 4 0 6 6 4 3 3 1 5 3 2 1 2 2 4 4 1 2 5 6 7 4 3 4 6 0 5 7 7 1 1 6 6 5 4 4 4 6 3 2 7 6 4 5 5 7 4 4 4 3 2 0 1 3 3 7 8 0 3 3 5 3 4 1 4 1 3 0 2 3 6 0 4 0 3 5 7 4 3 7 3 5 0 4 6 3 7 4 5 4 1 4 5 5 0 6 5 
6 3 1 4 3 3 5 1 3 5 2 3 0 4 1 4 5 4 4 1 4 2 3 1 1 4 0 2 5 2 3 3 1 3 3 4 5 3 4 2 1 3 3 2 1 3 1 5 3 1 4 1 4 2 1 4 2 1 4 5 3 4 4 1 4 0 3 3 4 1 3 4 3 2 1 3 2 0 1 1 1 2 2 2 3 5 5 5 3 5 3 5 4 5 2 2 5 5 2 3 3 2 3 1 0 4 3 4 4 2 4 4 1 2 4 3 3 1 3 2 5 6 3 1 2 4 0 5 2 1 1 4 2 1 2 3 2 2 3 1 2 5 3 3 5 3 3 2 2 4 3 4 1 2 1 3 2 2 2 3 4 4 
3 6 3 2 5 5 0 4 1 2 2 4 4 0 4 0 2 2 2 2 0 3 3 2 4 4 4 2 3 2 5 2 3 4 3 2 2 3 3 4 5 3 1 1 3 5 4 4 1 4 2 2 0 3 3 3 2 3 0 1 3 4 1 4 0 4 5 4 1 4 1 1 3 3 3 3 3 3 3 3 4 4 3 4 3 4 2 2 1 1 4 1 4 3 3 4 1 2 3 0 1 1 5 3 3 4 5 0 1 3 4 0 3 3 2 2 4 4 1 2 3 4 5 2 1 0 4 2 3 3 3 1 4 3 2 5 4 2 4 3 3 3 1 1 3 1 1 5 1 2 1 3 4 4 5 4 2 5 5 4 1 0 
6 5 1 2 2 4 4 0 3 5 3 4 1 4 0 4 5 3 3 1 4 2 2 1 0 3 2 1 4 2 2 3 1 2 2 3 5 2 4 0 1 1 2 2 0 2 2 4 3 2 5 1 4 1 1 3 2 0 3 5 4 2 4 0 4 0 4 1 3 0 3 4 4 1 1 4 3 2 2 0 0 3 2 0 2 3 5 5 2 4 4 5 3 3 3 3 4 3 1 3 3 2 2 1 1 3 2 3 3 1 3 4 0 1 4 4 4 2 3 2 4 4 4 1 2 4 1 5 3 0 2 4 3 2 2 2 4 1 4 1 0 4 2 2 4 3 3 4 2 3 3 3 0 1 1 4 1 1 1 4 3 3 
2 6 3 3 5 5 0 4 1 2 2 4 4 0 4 0 2 3 2 2 0 3 4 3 4 4 4 2 3 2 6 2 3 4 4 2 1 4 2 4 5 4 1 1 4 5 4 4 1 4 2 2 0 4 3 4 2 4 1 1 3 5 0 4 0 4 5 4 2 4 1 1 3 4 3 2 3 3 3 4 4 4 3 4 4 4 2 2 1 1 4 1 4 3 3 4 2 3 4 0 1 2 6 3 3 4 5 0 1 4 4 0 4 3 2 2 4 4 1 2 4 4 5 3 2 0 4 1 3 3 3 1 4 4 2 5 4 3 4 3 4 3 1 1 4 1 2 5 2 3 1 3 5 4 5 3 3 5 5 4 2 1 
1 5 4 5 7 4 2 5 2 0 2 3 5 2 5 2 0 5 5 3 2 3 6 3 5 6 5 4 5 2 7 2 4 6 6 4 0 6 1 6 6 5 2 3 5 7 4 6 2 4 0 3 2 5 4 6 4 5 3 1 2 6 1 5 2 5 4 6 4 5 1 1 1 5 4 1 3 4 3 5 5 4 3 5 5 6 0 0 3 3 4 1 6 6 3 3 4 5 5 1 2 3 7 4 4 6 7 2 3 5 6 1 5 4 0 1 3 4 2 3 6 6 4 4 2 2 5 0 3 5 3 0 3 4 3 7 3 4 3 4 5 5 3 2 6 2 4 4 3 5 1 5 6 6 6 2 4 7 6 3 4 3 
5 7 3 0 2 7 3 3 4 5 4 6 4 2 3 3 5 0 0 3 3 4 1 3 3 1 5 2 0 3 4 4 3 2 1 0 5 1 5 3 4 1 2 2 3 3 5 1 3 5 5 3 2 2 3 1 1 3 2 4 5 2 3 4 3 4 6 2 1 3 3 4 5 2 3 5 5 4 4 3 3 5 4 2 1 1 5 5 2 2 6 4 1 0 5 5 1 0 2 3 2 2 3 3 4 1 3 2 1 2 1 3 3 2 5 5 6 5 3 3 0 1 6 3 3 3 4 4 5 2 5 4 6 4 3 3 6 2 6 3 2 0 2 3 0 3 1 6 2 0 4 0 3 3 4 6 2 4 3 6 1 2 
5 7 3 1 3 6 3 4 3 5 4 6 4 2 3 2 5 0 0 3 3 4 2 3 4 2 5 2 0 3 4 4 3 2 2 0 4 2 5 3 4 2 2 2 3 3 5 1 3 5 5 3 2 2 3 1 2 3 1 3 5 2 3 4 2 4 6 3 0 4 3 4 5 2 3 5 5 4 4 3 3 5 4 3 2 2 5 4 2 1 6 4 2 1 5 5 0 0 2 3 2 2 4 3 4 2 3 2 1 2 2 3 3 2 4 5 5 5 3 3 1 1 6 3 3 2 4 4 5 3 5 4 5 4 3 4 6 2 6 3 3 0 1 2 1 2 1 6 2 0 3 0 4 3 4 5 2 4 4 6 0 1 
5 4 0 2 3 3 3 1 1 3 1 3 1 2 1 2 3 3 3 0 2 1 2 0 1 3 2 0 3 1 3 2 0 3 2 3 3 2 3 2 2 2 1 0 1 3 2 4 1 2 3 0 2 2 0 3 1 1 2 3 2 3 2 2 2 1 3 2 2 1 2 2 3 1 0 3 2 1 1 1 1 2 1 1 2 3 4 3 1 3 3 3 3 3 2 2 3 3 1 2 1 0 3 0 1 3 3 2 2 1 3 2 1 1 3 2 3 2 1 0 3 4 3 0 1 2 2 3 2 1 2 2 3 1 0 3 3 0 3 0 1 3 1 1 3 1 2 3 0 3 2 3 2 2 2 3 1 3 2 3 2 2 
2 5 3 3 5 5 0 4 1 2 2 4 4 0 4 0 2 3 3 2 0 2 4 3 4 4 4 2 3 2 6 2 3 4 4 2 1 4 2 4 5 4 1 1 4 5 4 4 1 4 2 2 0 4 3 4 2 3 1 0 3 5 0 4 0 4 5 4 2 4 1 1 2 4 3 2 3 3 3 4 4 4 2 4 4 4 2 1 1 1 4 1 4 3 3 3 2 3 4 0 1 2 6 3 3 4 5 0 1 4 4 0 4 3 2 2 3 4 1 2 4 4 4 3 1 0 4 1 3 3 3 1 4 3 2 5 4 2 4 3 4 3 1 1 4 1 2 4 2 3 1 3 5 4 5 3 3 5 5 4 2 1 
4 3 1 4 5 2 3 2 1 2 0 2 2 3 2 3 3 4 4 1 2 0 4 1 2 5 2 2 5 1 5 0 1 4 4 4 3 4 1 3 3 3 1 1 2 5 1 5 1 1 2 1 3 3 1 5 2 2 3 3 1 5 2 2 3 2 2 4 4 2 1 2 1 3 1 1 0 1 0 2 3 1 0 3 4 5 3 2 2 4 2 3 5 5 0 1 4 4 3 2 2 2 5 1 1 5 4 2 3 3 5 2 2 2 2 1 1 1 1 1 5 6 2 1 1 3 2 3 0 2 0 2 1 1 1 5 1 2 1 1 3 5 2 1 5 1 3 2 2 4 1 5 3 3 3 1 2 4 4 1 4 3 
7 7 3 1 1 6 4 2 4 6 4 6 3 3 2 4 6 1 2 2 4 4 0 3 2 0 4 2 2 3 2 4 2 0 0 2 6 0 5 2 3 0 3 3 2 1 5 1 4 4 6 2 3 1 2 0 1 2 2 5 5 0 4 2 4 3 6 1 2 2 4 5 5 1 3 5 5 4 4 2 2 5 4 1 0 1 6 6 3 3 6 5 0 1 5 5 3 2 1 4 3 2 2 3 3 0 1 3 2 1 0 4 2 1 5 5 5 5 4 3 1 2 6 2 3 4 3 5 5 1 4 5 5 4 3 1 5 2 6 2 1 2 2 3 1 3 2 6 2 1 4 1 2 1 3 6 1 2 2 6 2 3 
5 4 0 3 3 3 3 1 1 3 1 3 1 2 1 3 3 3 3 0 3 1 3 0 1 3 1 1 4 1 4 1 0 3 3 3 3 3 2 2 2 2 1 1 1 3 1 4 2 1 3 0 3 2 0 3 1 1 2 3 2 3 2 1 3 1 3 2 3 1 2 2 2 2 0 2 1 0 1 1 1 1 1 2 3 4 4 3 1 3 3 4 4 4 1 2 3 4 2 2 1 1 3 0 0 4 3 2 2 2 3 3 1 1 3 2 2 1 1 0 4 5 3 0 1 3 1 3 2 1 1 2 2 1 0 3 2 1 2 0 1 4 2 1 4 1 2 3 1 3 2 4 2 2 2 2 1 3 3 2 3 2 
7 4 1 3 2 4 5 0 3 5 3 4 1 4 0 4 5 3 4 1 4 2 2 1 0 3 2 2 4 2 2 3 1 2 2 4 5 2 4 0 0 2 3 2 0 2 2 4 3 2 5 1 4 1 1 3 2 0 3 5 4 2 4 0 4 0 4 1 4 0 3 4 4 1 1 4 3 1 2 0 0 3 2 1 2 4 6 5 3 4 4 5 3 4 3 3 4 4 1 4 3 2 2 1 1 3 2 3 3 1 3 4 0 1 5 4 4 2 3 2 4 5 4 1 2 4 1 5 3 1 2 4 3 2 2 2 3 1 4 1 1 4 3 3 4 3 3 4 2 4 3 4 0 1 0 4 1 1 1 4 4 3 
7 7 4 1 1 7 4 3 4 6 4 7 4 4 3 4 6 1 2 3 4 5 0 3 3 0 5 2 1 4 2 5 3 0 0 2 6 0 6 2 3 1 3 3 2 1 5 1 4 5 6 3 4 1 3 0 2 2 3 5 6 0 4 3 4 3 7 1 2 3 4 5 6 1 3 6 5 4 5 2 2 5 5 2 0 0 6 6 3 3 6 5 0 1 5 6 2 1 2 4 3 2 2 3 4 0 2 3 2 1 0 4 3 2 6 6 6 5 4 3 1 1 7 3 4 4 4 6 5 2 5 5 6 5 3 2 6 2 6 3 2 1 3 3 1 3 2 6 2 1 4 1 3 2 3 6 2 3 2 6 2 3 
6 2 1 4 4 2 5 2 3 4 2 2 0 4 2 4 5 5 5 2 4 2 4 1 2 5 0 3 6 2 4 2 2 4 4 5 5 4 3 3 2 4 3 3 2 4 0 6 3 0 4 2 5 3 2 5 3 2 4 5 2 5 4 2 4 1 2 4 5 2 3 4 3 3 1 3 2 1 1 2 2 1 2 3 4 6 5 4 3 5 2 5 5 6 1 1 5 5 3 4 3 3 4 1 1 5 4 4 4 3 5 4 2 3 4 3 2 1 3 2 6 7 2 2 3 5 1 5 2 2 1 4 1 0 2 4 2 3 2 1 3 6 4 3 6 3 4 2 3 5 3 5 2 3 2 2 3 3 3 2 5 4 
5 5 1 1 3 4 3 2 1 3 2 4 2 2 1 2 4 2 2 0 2 2 2 1 2 2 3 0 3 1 3 2 1 2 2 2 3 2 3 2 2 1 1 0 1 3 3 3 1 2 3 0 2 1 1 2 0 1 1 3 3 2 2 2 2 2 4 2 2 1 2 2 3 1 1 3 2 2 2 1 1 3 2 1 2 3 4 3 1 2 4 3 3 3 2 3 2 2 1 2 1 0 3 1 2 3 3 1 1 1 2 2 1 0 3 3 3 3 1 0 3 4 4 0 1 2 2 3 3 1 2 3 3 2 1 3 3 0 3 1 1 3 1 1 3 1 1 4 0 2 2 2 2 2 2 3 0 3 2 3 2 1 
5 8 4 1 3 7 3 4 4 5 4 7 5 3 4 3 5 0 0 3 3 5 2 4 4 1 6 3 0 4 4 5 4 2 2 0 5 2 5 4 5 2 3 3 4 3 6 1 4 6 5 3 2 3 4 1 2 3 2 4 6 2 4 4 3 4 7 3 1 4 4 4 6 3 4 5 5 5 5 4 4 6 5 3 2 1 5 5 3 1 7 4 2 0 5 6 1 0 3 3 3 2 4 4 5 2 3 3 2 3 2 3 4 3 5 5 6 6 4 3 1 1 7 3 3 3 5 5 6 3 5 4 6 5 4 4 6 3 6 4 3 0 2 3 0 3 1 7 2 0 4 0 4 3 5 6 2 5 4 6 1 2 
4 4 1 3 4 3 2 2 0 2 0 3 2 2 2 2 2 3 3 1 2 1 3 1 2 4 2 1 4 0 4 1 1 4 3 3 2 3 2 3 3 3 0 0 2 4 2 4 0 2 2 1 2 3 1 4 1 2 1 2 2 4 1 2 2 2 3 3 2 2 1 1 2 2 1 2 1 1 1 2 2 2 1 2 3 4 3 2 0 3 3 2 4 4 1 2 3 3 2 1 1 1 4 1 1 4 4 1 2 2 4 1 2 2 2 1 2 2 0 0 4 5 3 1 0 2 2 2 2 2 1 1 2 1 0 4 2 1 2 1 2 4 1 0 4 0 2 3 1 3 1 3 3 3 3 2 2 4 4 2 3 1 
8 7 4 3 1 6 6 2 5 7 5 6 3 5 2 6 7 4 4 3 6 5 2 4 2 2 4 3 4 4 0 5 3 2 2 4 7 2 7 1 2 2 4 4 2 1 4 4 5 4 7 3 6 1 3 3 3 2 5 7 6 2 6 2 6 2 6 1 5 2 5 6 6 2 4 6 5 4 5 2 2 5 5 1 2 3 8 7 4 5 6 7 2 4 5 5 5 4 2 6 5 4 0 3 4 2 0 5 4 2 2 6 2 2 7 6 6 5 5 4 4 4 6 3 4 6 3 7 6 2 5 6 5 4 4 0 6 3 6 3 2 4 4 4 4 5 4 6 4 4 5 4 1 1 1 6 3 1 0 6 4 5 
3 3 1 4 5 2 2 3 0 2 0 2 3 2 3 2 2 4 4 2 2 0 4 1 3 5 2 2 5 1 5 0 2 5 4 4 2 4 1 4 4 4 1 1 3 5 2 5 1 2 1 2 2 4 2 5 2 3 2 2 0 5 1 3 2 3 2 4 3 3 1 1 1 3 1 0 1 2 1 3 3 1 0 4 4 5 2 2 1 3 2 2 5 5 1 1 4 4 3 1 2 2 5 2 2 5 5 2 3 4 5 2 3 3 1 0 1 2 1 1 5 6 2 2 1 2 3 2 1 3 1 1 1 1 1 5 1 2 1 2 3 5 2 1 5 1 3 2 2 4 1 5 4 4 4 1 3 5 5 1 4 2 
5 4 0 2 3 3 3 1 2 4 2 3 1 3 1 3 4 3 3 0 3 1 2 0 1 3 2 1 4 1 3 2 0 3 2 3 4 2 3 1 2 2 1 1 0 3 2 4 2 2 4 0 3 1 0 3 1 0 2 4 3 3 3 1 3 1 3 2 3 0 2 3 3 1 0 3 2 1 1 0 1 2 1 1 2 4 4 4 1 3 3 4 3 3 2 2 3 3 1 2 2 1 3 0 1 3 2 2 2 1 3 3 0 1 3 3 3 2 2 1 4 4 3 0 1 3 1 4 2 0 1 3 2 1 1 3 3 0 3 0 1 4 2 1 4 2 2 3 1 3 2 3 1 2 2 3 1 2 2 3 3 2 
7 7 3 1 0 6 5 2 4 6 4 6 3 4 2 4 6 2 2 3 4 4 0 3 2 0 4 2 2 4 2 5 3 0 0 2 6 0 6 1 3 0 3 3 2 1 5 2 4 4 6 3 4 1 3 1 2 2 3 5 6 0 4 2 4 3 6 0 3 2 4 5 6 1 3 6 5 4 4 2 2 5 4 1 0 1 6 6 3 3 6 6 0 2 5 5 3 2 1 4 3 2 1 3 4 0 1 4 3 1 0 5 2 2 6 5 6 5 4 3 1 2 6 2 4 4 3 6 5 2 4 5 5 4 3 1 6 2 6 3 1 2 3 3 2 4 2 6 2 2 4 2 2 1 2 6 1 2 1 6 2 3 
6 7 3 1 1 6 4 2 4 6 4 6 3 3 2 4 6 1 2 2 4 4 0 3 2 0 4 2 2 3 2 4 2 0 0 2 5 0 5 1 2 0 3 3 1 1 4 2 4 4 5 2 3 0 2 1 1 1 2 5 5 0 4 2 4 2 6 0 2 2 4 4 5 1 3 5 4 3 4 2 1 5 4 1 0 1 6 5 3 3 6 5 1 1 4 5 3 2 1 4 3 2 2 2 3 1 1 3 2 0 0 4 2 1 5 5 5 4 3 3 1 2 6 2 3 4 3 5 5 1 4 5 5 4 3 1 5 1 5 2 1 2 2 3 2 3 2 6 2 1 4 1 2 1 2 5 1 2 1 5 2 3 
5 7 3 1 3 6 2 4 3 4 4 6 4 2 3 2 4 0 0 3 2 4 2 3 4 2 5 2 0 3 4 4 3 2 2 0 4 2 5 3 5 2 2 2 3 3 5 1 3 5 5 3 2 2 3 1 2 3 1 3 5 2 3 4 2 4 6 3 0 4 3 3 5 2 3 5 5 4 4 3 3 5 4 3 2 2 4 4 2 1 6 3 2 1 5 5 0 0 2 3 2 2 4 3 4 2 3 2 1 2 2 3 3 2 4 4 5 5 3 3 1 1 6 3 3 2 4 4 5 3 4 4 5 4 3 4 5 2 6 3 3 0 1 2 1 2 1 6 2 0 3 1 4 3 4 5 2 4 4 6 0 1 
1 5 4 5 7 4 1 5 2 0 2 4 5 2 5 1 0 5 4 3 1 3 6 3 5 6 5 3 5 2 7 2 4 6 5 4 0 5 1 6 6 5 2 3 5 7 4 6 1 4 1 3 2 5 4 6 4 5 3 1 2 6 1 5 1 5 4 6 3 5 1 0 2 5 3 1 3 4 3 5 5 4 3 5 5 6 0 0 2 3 4 1 6 5 3 3 4 5 5 1 2 3 7 4 4 6 7 2 3 5 6 1 5 4 0 1 3 4 2 3 6 6 4 4 2 2 5 0 3 5 3 0 4 4 3 7 3 4 3 4 5 5 3 2 6 2 3 4 3 5 1 5 6 6 6 3 4 7 6 3 4 3 
6 7 3 1 1 6 4 2 4 6 4 6 3 3 2 4 6 1 2 2 4 4 0 3 2 0 4 2 2 3 2 4 2 0 0 2 5 0 5 1 3 0 3 3 2 1 4 2 4 4 5 2 3 0 2 0 1 1 2 5 5 0 4 2 4 2 6 1 2 2 4 4 5 1 3 5 4 3 4 2 2 5 4 1 0 1 6 5 3 3 6 5 0 1 4 5 3 2 1 4 3 2 2 2 3 1 1 3 2 1 0 4 2 1 5 5 5 4 3 3 1 2 6 2 3 4 3 5 5 1 4 5 5 4 3 1 5 1 5 2 1 2 2 3 1 3 2 6 2 1 4 1 2 1 2 5 1 2 2 5 2 3 
3 3 3 5 6 2 2 4 1 1 1 2 4 3 4 2 1 5 5 3 2 1 5 2 4 6 3 3 5 2 7 1 3 6 5 5 1 5 0 5 5 5 2 2 4 6 3 6 1 3 0 3 3 5 3 6 3 4 3 2 0 6 1 4 2 4 2 5 4 4 1 1 0 5 3 0 1 3 2 4 4 2 1 5 5 6 2 1 2 4 2 2 6 6 1 2 4 5 4 2 2 3 6 3 3 6 6 2 3 5 6 2 4 4 0 0 1 2 1 2 6 7 2 3 2 3 4 1 1 4 2 1 2 2 2 6 1 3 1 3 4 5 3 2 6 2 4 2 3 5 1 5 5 5 5 1 4 6 6 1 4 3 
7 5 2 2 1 5 5 1 4 6 4 5 2 4 0 4 6 3 3 2 4 3 2 2 0 2 3 2 4 3 1 4 1 1 1 3 6 1 5 0 1 1 3 3 0 1 3 4 4 3 5 2 4 1 1 2 2 0 3 5 4 2 4 1 4 1 5 1 4 1 4 5 5 0 2 5 4 2 3 0 0 4 3 0 1 3 6 6 3 4 5 6 2 3 4 4 4 3 0 4 3 2 1 2 2 2 1 4 3 1 2 4 1 1 5 5 4 3 3 2 3 4 5 1 3 4 2 5 4 1 3 5 4 3 2 1 4 1 4 1 0 4 3 3 3 3 3 5 2 3 4 3 0 0 1 5 1 1 0 4 3 3 
8 5 2 3 2 4 6 0 4 6 4 4 1 5 1 5 6 4 4 2 5 3 3 2 0 3 2 2 5 3 2 4 2 3 2 5 6 3 5 1 0 2 3 3 1 2 2 5 4 2 6 2 5 2 2 4 3 1 4 6 4 3 5 0 5 0 4 2 5 1 4 5 5 2 2 5 3 2 3 1 1 3 3 1 2 4 6 6 4 5 4 6 4 4 3 3 5 5 2 5 4 3 2 2 2 4 2 4 4 2 3 5 1 2 5 5 4 3 4 3 4 5 4 2 3 5 1 6 4 1 3 5 4 2 3 2 4 2 4 2 1 5 4 4 5 4 4 4 3 4 4 4 0 1 0 5 2 0 1 4 4 4 
6 6 2 1 1 6 4 2 3 5 4 5 3 3 1 4 5 1 2 2 4 3 0 2 2 1 4 1 2 3 2 4 2 0 0 2 5 0 5 1 2 0 2 2 1 1 4 2 3 4 5 2 3 0 2 1 1 1 2 5 5 1 4 2 4 2 5 0 2 2 3 4 5 0 2 5 4 3 3 1 1 4 3 1 0 1 5 5 2 3 5 5 1 2 4 4 3 2 0 3 2 1 2 2 3 1 1 3 2 0 1 4 1 1 5 5 5 4 3 2 2 3 5 2 3 4 3 5 4 1 4 4 5 3 2 1 5 1 5 2 1 2 2 2 2 3 2 5 2 1 3 1 1 1 2 5 1 2 1 5 2 2 
4 5 1 2 4 4 2 3 1 2 1 3 3 1 2 1 2 2 2 1 1 1 3 1 3 3 3 1 3 0 4 1 1 3 3 2 2 3 2 3 3 2 0 0 2 4 3 4 0 3 2 1 1 3 1 3 1 2 1 2 2 3 1 3 1 3 4 3 2 2 1 1 2 2 1 2 2 2 2 2 2 3 1 2 2 4 3 2 0 2 3 2 3 3 2 3 2 3 2 1 0 0 4 1 2 3 4 0 1 2 3 1 2 2 2 2 3 3 0 0 3 4 4 1 0 1 3 2 2 2 2 2 3 2 0 4 3 1 3 1 2 3 0 0 3 0 1 4 0 3 1 3 3 3 3 3 1 4 4 3 2 1 
4 5 1 2 4 4 2 2 1 3 1 3 2 1 2 1 3 2 2 0 1 1 3 1 2 3 3 0 3 0 4 1 1 3 3 2 3 3 2 3 3 2 0 0 2 4 3 4 1 2 2 1 1 2 1 3 1 2 1 2 2 3 1 2 1 2 4 3 2 2 1 2 2 2 1 2 2 2 1 2 2 2 1 2 2 4 3 3 0 2 3 2 3 3 2 2 2 3 2 1 0 0 4 1 2 3 4 1 1 2 3 1 2 1 2 2 3 2 0 0 3 4 3 1 0 2 2 2 2 2 2 2 3 2 0 4 3 1 3 1 2 3 0 0 3 0 1 3 0 3 1 3 3 3 3 3 1 4 3 3 2 1 
6 5 1 2 2 4 4 0 3 5 3 4 1 3 0 4 5 3 3 1 4 2 2 1 0 2 2 1 4 2 2 3 0 2 1 3 5 2 4 0 1 1 2 2 0 2 2 4 3 2 4 1 4 1 1 3 1 0 3 5 4 2 3 0 4 0 4 1 3 0 3 4 4 0 1 4 3 2 2 0 0 3 2 0 1 3 5 5 2 4 4 5 3 3 3 3 4 3 0 3 2 2 2 1 1 3 2 3 3 1 2 4 0 0 4 4 4 3 2 1 3 4 4 1 2 4 1 5 3 0 2 4 3 2 2 2 4 1 4 1 0 4 2 2 3 3 2 4 2 3 3 3 0 1 1 4 1 1 1 4 3 3 
8 7 3 2 0 6 6 2 5 7 5 6 3 5 2 5 7 3 3 3 5 5 1 3 2 1 4 3 3 4 1 5 3 1 1 3 7 1 6 1 2 1 4 4 2 0 5 3 5 4 7 3 5 1 3 2 3 2 4 6 6 1 5 2 5 2 6 0 4 2 5 6 6 1 3 6 5 4 5 2 2 5 5 1 1 2 7 7 4 4 6 6 1 3 5 5 4 3 1 5 4 3 0 3 4 1 0 4 4 1 1 5 2 2 6 6 6 5 4 4 2 3 6 3 4 5 3 6 6 2 5 6 6 4 4 0 6 2 6 3 1 3 4 4 3 4 3 6 3 3 5 3 2 1 2 6 2 2 1 6 3 4 
6 2 1 4 5 1 5 2 2 4 2 1 1 4 2 4 4 5 5 2 4 1 5 1 2 5 0 3 6 2 4 2 2 5 4 5 4 4 3 3 2 4 3 3 2 5 0 6 3 0 3 2 4 4 2 5 3 3 4 5 2 5 3 2 4 2 1 4 5 2 3 3 2 3 1 3 1 0 1 2 3 0 1 3 4 6 5 4 3 5 1 5 5 6 1 1 5 5 3 3 3 3 4 1 1 5 4 4 4 3 5 4 2 3 3 2 1 0 2 2 6 7 1 2 2 4 1 4 1 3 0 3 1 0 2 4 1 3 1 2 3 6 3 3 6 3 4 1 3 5 3 5 3 3 3 2 3 3 4 1 5 4 
6 8 4 1 2 8 4 4 5 6 5 7 5 4 4 4 6 1 1 4 4 5 1 4 4 1 6 3 1 4 4 5 4 2 2 1 6 2 6 4 5 2 4 4 4 3 6 0 4 6 6 4 3 2 4 1 3 3 3 5 6 2 5 4 4 4 8 3 2 4 5 5 6 3 4 6 6 5 5 4 4 6 5 3 2 0 6 6 3 3 7 5 1 0 6 6 2 1 3 4 4 3 4 4 5 1 3 4 2 3 1 4 4 3 6 6 7 6 4 4 0 0 7 4 4 4 5 6 6 3 6 5 7 6 4 3 7 3 7 4 3 1 3 4 0 4 2 7 3 1 5 0 4 3 5 7 3 4 4 7 2 3 
3 4 2 3 5 4 1 3 0 2 1 3 3 1 3 1 2 3 3 1 1 1 4 2 3 4 3 1 4 0 5 1 2 4 4 3 1 4 1 4 4 3 0 1 3 5 3 4 0 3 1 1 1 3 2 4 2 3 1 1 2 4 0 3 1 3 4 4 2 3 0 0 2 3 2 1 2 2 2 3 3 3 1 3 3 4 2 1 0 2 3 1 4 4 2 2 2 3 3 0 0 1 5 2 2 4 5 0 1 3 4 1 3 2 1 1 2 3 0 1 4 5 3 2 0 1 3 1 2 3 2 1 3 2 1 5 3 2 3 2 3 4 1 0 4 0 2 3 1 3 0 4 4 4 4 2 2 5 4 3 2 1 
6 2 1 4 4 1 4 2 2 4 2 2 1 4 2 4 4 5 5 2 4 1 4 1 2 5 0 2 6 2 4 2 2 4 4 5 4 4 3 3 2 4 3 2 2 4 0 6 3 0 3 2 4 3 1 5 3 2 4 5 2 5 3 2 4 2 1 4 5 2 3 3 2 3 1 3 1 0 1 2 2 0 1 3 4 6 5 4 3 5 1 5 5 5 1 1 5 5 3 3 3 3 4 1 0 5 4 4 4 3 5 4 2 3 3 2 1 0 2 2 6 7 1 2 2 4 1 4 1 2 0 3 1 0 2 4 1 3 1 1 3 6 3 3 6 3 4 1 3 5 3 5 2 3 2 2 3 3 3 1 5 4 
2 4 3 5 6 3 2 5 1 0 1 3 4 2 5 2 0 5 5 3 2 2 6 3 5 6 4 3 5 2 7 1 4 6 5 5 1 5 0 5 6 5 2 2 4 7 3 6 1 3 0 3 3 5 3 6 4 4 3 2 1 6 1 5 2 5 3 6 4 4 1 1 1 5 3 0 2 3 2 4 5 3 2 5 5 6 1 0 2 4 3 2 6 6 2 2 4 5 5 1 2 3 7 3 3 6 6 2 3 5 6 2 4 4 0 0 2 3 2 3 6 7 3 3 2 2 4 1 2 4 2 0 2 3 2 7 2 4 2 3 5 5 3 2 6 2 4 3 3 5 1 5 5 5 6 1 4 6 6 2 4 3 
5 4 0 2 3 3 3 1 1 3 1 3 1 2 1 2 3 3 3 0 2 1 2 0 1 3 2 0 3 1 3 2 0 3 2 3 3 2 3 2 2 2 1 1 1 3 2 4 1 2 3 0 2 2 0 3 1 1 2 3 2 3 2 1 2 1 3 2 2 1 2 2 3 1 0 3 2 1 1 1 1 2 1 1 2 4 4 3 1 3 3 3 3 3 2 2 3 3 1 2 1 1 3 0 1 3 3 2 2 1 3 2 1 1 3 2 3 2 1 0 4 4 3 0 1 3 1 3 2 1 1 2 2 1 0 3 3 0 3 0 1 3 1 1 4 1 2 3 1 3 2 3 2 2 2 3 1 3 3 3 2 2 
3 6 3 2 5 5 0 4 2 2 2 5 4 0 4 0 2 2 2 2 0 3 3 3 4 4 5 2 2 2 6 2 3 4 3 2 2 3 3 4 5 3 1 1 4 5 4 3 1 4 3 2 0 4 3 3 2 3 0 1 3 4 1 4 0 4 5 4 1 4 1 1 3 3 3 3 3 4 3 4 4 4 3 4 3 4 2 2 1 1 5 1 4 3 3 4 1 2 3 1 1 2 5 3 4 4 5 0 1 3 4 1 3 3 2 3 4 4 2 2 3 4 5 3 2 0 4 2 4 3 4 2 4 4 2 5 4 2 4 3 3 2 1 1 3 1 1 5 1 2 1 3 4 4 5 4 3 5 5 4 1 0 
7 6 2 1 1 5 4 1 3 5 4 5 2 3 1 4 5 2 2 2 4 3 1 2 1 1 3 1 3 3 1 4 1 1 0 2 5 0 5 1 2 0 3 2 1 1 4 2 3 3 5 2 4 0 2 1 1 1 3 5 5 1 4 1 4 2 5 0 3 1 4 4 5 0 2 5 4 3 3 1 1 4 3 0 0 2 6 5 2 3 5 5 1 2 4 4 3 2 0 4 3 2 1 2 3 1 1 3 2 0 1 4 1 1 5 5 5 4 3 2 2 3 5 1 3 4 2 5 4 1 3 5 4 3 2 1 5 1 5 2 0 3 2 3 2 3 2 5 2 2 4 2 1 0 2 5 1 2 1 5 2 3 
5 4 0 2 3 3 3 1 2 4 2 3 1 3 1 3 4 3 3 0 3 1 2 0 1 3 2 1 4 1 3 2 0 3 2 3 4 2 3 1 2 2 1 1 1 3 2 4 2 1 3 0 3 2 0 3 1 1 2 4 3 3 3 1 3 1 3 2 3 1 2 3 3 1 0 3 2 1 1 1 1 2 1 1 2 4 4 4 1 3 3 4 3 4 2 2 3 3 1 2 2 1 3 0 1 3 3 2 2 1 3 3 0 1 3 3 3 2 2 1 4 5 3 0 1 3 1 4 2 1 1 3 2 1 1 3 3 1 3 0 1 4 2 1 4 2 2 3 1 3 2 3 1 2 2 3 1 2 2 3 3 2 
6 7 4 1 1 7 4 3 4 6 4 7 4 3 3 4 6 1 1 3 4 5 0 3 3 0 5 2 1 4 3 5 3 1 1 1 6 0 6 2 4 1 3 3 3 2 5 1 4 5 6 3 3 1 3 0 2 2 2 5 6 1 4 3 4 3 7 1 2 3 4 5 6 2 3 6 5 4 5 3 2 5 5 2 1 0 6 6 3 3 7 5 0 1 5 6 2 1 2 4 3 2 3 3 4 0 2 3 2 1 0 4 3 2 6 5 6 5 4 3 0 1 7 3 3 4 4 5 5 2 5 5 6 5 3 2 6 2 6 3 2 1 2 3 1 3 2 7 2 1 4 0 3 2 3 6 2 3 3 6 2 3 
5 5 1 1 2 5 2 2 2 4 2 4 2 2 2 2 4 1 2 1 2 2 1 1 2 2 3 0 2 1 3 2 1 2 1 2 4 1 3 2 3 1 1 1 1 3 3 3 2 3 4 1 2 1 1 2 0 1 1 3 3 2 2 2 2 2 5 2 1 2 2 3 4 1 1 3 3 2 2 1 1 3 2 1 1 2 4 4 1 2 4 3 2 2 3 3 2 2 1 2 1 0 3 1 2 2 2 1 1 1 2 2 1 1 3 3 4 3 2 1 2 3 4 1 1 2 2 3 3 1 3 3 4 3 1 3 4 0 4 1 1 2 1 1 2 1 1 4 0 2 2 2 2 2 3 4 0 3 2 4 1 1 
6 5 1 2 2 4 4 0 3 5 3 4 1 3 0 4 5 3 3 1 3 2 2 1 0 2 2 1 3 2 2 3 0 2 1 3 5 1 4 0 1 1 2 2 0 2 3 3 3 2 4 1 3 1 1 2 1 0 2 4 4 2 3 1 4 1 4 1 3 0 3 4 4 0 1 4 3 2 2 0 0 3 2 0 1 3 5 5 2 3 4 5 2 3 3 3 3 3 0 3 2 1 2 1 1 2 2 3 2 0 2 4 0 0 4 4 4 3 2 1 3 4 4 0 2 4 1 4 3 0 2 4 3 2 2 2 4 1 4 1 0 3 2 2 3 2 2 4 1 3 3 3 1 1 1 4 0 1 1 4 3 3 
4 6 2 1 4 5 1 3 2 3 2 5 4 0 3 1 3 2 1 2 1 3 2 2 3 3 4 1 2 1 5 2 2 3 2 1 3 2 3 3 4 2 1 1 3 4 4 3 1 4 3 2 0 3 2 2 1 2 0 2 3 3 1 3 1 3 5 3 0 3 1 2 3 2 2 3 3 3 3 3 3 4 3 3 2 3 3 3 1 1 5 2 3 2 3 4 1 1 2 1 0 1 4 2 3 3 4 0 0 2 3 1 3 2 3 3 4 4 1 1 3 3 5 2 1 1 4 2 3 2 3 2 4 3 2 4 4 1 4 2 2 2 0 1 2 1 0 5 1 2 2 2 4 3 4 4 2 4 4 4 1 0 
1 6 4 4 6 5 0 5 2 1 2 4 5 1 5 1 1 4 3 3 0 3 5 3 5 5 5 3 4 2 7 2 4 5 5 3 1 5 2 5 6 5 2 2 5 6 5 5 1 5 2 3 1 5 4 5 3 4 2 0 3 6 1 5 1 5 5 5 3 5 1 1 2 5 3 2 3 4 3 5 5 4 3 5 5 5 1 1 2 2 4 0 5 4 3 4 3 4 5 1 2 3 7 4 4 5 6 1 2 5 5 0 4 4 1 2 4 4 2 3 5 5 5 4 2 1 5 0 3 4 4 1 4 4 3 6 4 3 4 4 5 4 2 2 5 2 3 5 3 4 1 4 5 5 6 3 4 6 6 4 3 2 
4 2 2 5 6 2 3 4 1 2 1 1 3 3 4 3 2 5 5 2 3 1 5 2 4 6 2 3 6 2 6 0 3 6 5 5 2 5 0 4 4 5 2 2 4 6 2 6 2 2 1 2 3 5 3 6 3 4 3 3 0 6 2 4 3 3 2 5 4 3 1 2 0 4 2 0 0 2 1 4 4 1 1 4 5 6 2 2 2 4 1 3 6 6 1 1 5 5 4 2 2 3 6 2 2 6 6 3 4 4 6 2 3 4 1 0 0 1 1 2 6 7 1 3 2 3 3 2 0 4 1 1 1 2 2 6 1 3 1 3 4 6 3 2 6 2 4 1 3 5 1 5 4 5 4 0 4 5 5 1 4 3 
7 7 3 1 0 7 5 3 4 6 5 6 4 4 2 5 6 2 2 3 5 5 0 3 2 0 5 2 2 4 2 5 3 0 0 2 6 0 6 2 3 1 3 3 2 1 5 2 4 5 6 3 4 1 3 1 2 2 3 6 6 0 5 3 5 3 6 1 3 2 5 5 6 1 3 6 5 4 4 2 2 5 5 1 0 1 7 6 3 4 6 6 0 2 5 5 3 2 1 4 3 3 1 3 4 0 1 4 3 1 0 5 2 2 6 6 6 5 4 3 1 2 6 3 4 4 4 6 5 2 5 5 6 4 3 1 6 2 6 3 2 2 3 4 2 4 2 6 3 2 5 2 2 1 3 6 2 2 2 6 3 3 
2 5 2 3 5 4 1 4 0 1 1 3 4 1 4 0 1 3 3 2 0 2 4 2 4 4 4 2 4 1 6 1 3 4 4 3 1 4 1 4 5 4 1 1 3 5 3 5 0 3 1 2 1 4 3 4 2 3 1 1 2 5 0 4 0 4 4 4 2 4 0 0 2 4 2 1 2 3 2 3 4 3 2 4 4 5 1 1 1 2 3 1 5 4 2 3 2 3 3 0 1 2 6 2 3 5 5 0 2 4 4 0 3 3 1 1 3 3 1 2 4 5 4 2 1 1 4 1 2 3 2 0 3 3 1 5 3 2 3 3 3 4 1 1 4 0 2 4 2 3 0 4 4 4 5 2 3 5 5 3 2 1 
7 4 1 3 2 4 5 0 3 5 3 4 1 4 0 4 5 4 4 2 4 2 2 1 0 3 2 2 4 2 2 3 1 2 2 4 5 2 4 1 0 2 3 2 0 2 2 4 3 2 5 1 4 1 1 3 2 1 3 5 4 3 4 0 4 0 4 2 4 0 3 4 4 1 1 4 3 1 2 0 0 3 2 1 2 4 6 5 3 4 4 5 3 4 3 3 4 4 1 4 3 2 2 1 1 3 2 4 3 1 3 4 0 1 5 4 3 2 3 2 4 5 4 1 3 4 0 5 3 1 2 4 3 2 2 2 3 2 4 1 1 4 3 3 4 3 3 4 2 4 3 4 0 1 0 4 1 1 1 4 4 4 
2 6 3 3 5 5 0 4 1 2 2 4 4 0 4 0 2 3 2 2 0 3 4 3 4 4 4 2 3 2 6 2 3 4 4 2 1 4 2 4 5 4 1 1 4 5 4 4 1 4 2 2 0 4 3 4 2 4 1 1 3 5 0 4 0 4 5 4 2 4 1 1 3 4 3 2 3 3 3 4 4 4 3 4 4 4 2 2 1 1 4 1 4 3 3 4 2 3 4 0 1 2 6 3 3 4 5 0 1 4 4 0 4 3 2 2 4 4 1 2 4 4 4 3 1 0 4 1 3 3 3 1 4 3 2 5 4 2 4 3 4 3 1 1 4 1 2 5 2 3 1 3 5 4 5 3 3 5 5 4 2 1 
7 4 1 3 2 4 5 0 3 5 3 4 0 4 0 4 5 4 4 1 4 2 3 1 0 3 1 2 4 2 2 3 1 3 2 4 5 2 4 1 0 2 3 2 0 2 2 4 3 2 5 1 4 2 1 3 2 1 3 5 3 3 4 0 4 0 3 2 4 0 3 4 4 1 1 4 3 1 2 0 0 2 2 1 2 4 5 5 3 4 3 5 3 4 3 3 4 4 1 4 3 2 2 1 1 3 2 4 3 1 3 4 0 1 5 4 3 2 3 2 4 5 4 1 2 4 0 5 3 1 2 4 3 2 2 2 3 2 3 1 1 4 3 3 4 3 3 3 2 4 3 4 0 1 0 4 2 1 1 3 4 3 
6 0 3 6 6 0 5 4 3 4 3 0 3 5 4 5 4 6 6 3 5 2 6 3 4 7 2 4 7 3 6 2 3 6 6 6 4 6 2 5 4 5 4 4 4 6 1 8 4 1 3 3 5 5 3 7 5 4 5 5 2 6 4 4 5 3 0 5 6 4 3 4 2 5 3 2 1 2 2 4 4 1 2 5 6 7 4 4 4 6 0 5 7 7 1 1 6 7 5 4 4 4 6 3 2 7 6 4 5 5 7 4 4 4 3 2 1 1 3 3 7 8 0 3 3 5 3 4 1 4 1 4 0 2 3 6 1 4 1 3 4 7 5 4 7 4 5 0 4 7 3 7 4 5 4 1 4 5 5 1 6 5 
7 6 2 2 0 6 5 1 4 6 4 6 3 4 1 4 6 2 3 2 4 4 1 2 1 1 4 2 3 3 1 4 2 0 0 3 6 1 5 1 2 0 3 3 1 0 4 3 4 4 6 2 4 0 2 1 2 1 3 5 5 1 4 2 4 2 5 0 3 1 4 5 5 0 2 5 4 3 4 1 1 4 4 0 0 2 6 6 3 4 5 5 1 2 4 4 3 3 0 4 3 2 1 2 3 1 0 4 3 0 1 4 1 1 5 5 5 4 3 3 2 3 5 2 3 4 2 5 5 1 4 5 5 3 3 1 5 1 5 2 1 3 3 3 2 3 2 5 2 2 4 2 1 0 1 5 1 1 1 5 3 3 
4 7 3 1 4 6 2 4 3 4 3 6 4 1 3 2 4 1 0 2 2 4 2 3 4 2 5 2 1 2 5 3 3 3 2 0 3 2 4 4 5 2 2 2 3 4 5 2 2 5 4 2 1 3 3 2 1 3 0 3 4 3 2 4 2 4 6 3 0 4 2 3 4 3 3 4 4 4 4 3 3 5 4 3 2 2 4 4 1 0 6 3 2 1 4 5 0 1 3 2 1 1 4 3 4 3 4 1 0 2 2 2 3 2 4 4 5 5 2 2 2 2 6 3 2 1 4 3 4 3 4 3 5 4 2 4 5 2 5 3 3 1 1 2 2 2 0 6 1 1 2 1 4 3 4 5 2 5 4 5 0 1 
6 4 1 3 2 4 4 0 3 5 3 4 1 4 0 4 5 3 4 1 4 2 2 1 0 3 2 1 4 2 2 3 0 2 2 4 5 2 4 1 1 2 2 2 0 2 2 4 3 2 4 1 4 1 1 3 2 0 3 5 3 2 4 0 4 0 4 1 4 0 3 4 4 1 1 4 3 1 2 0 0 2 2 1 2 3 5 5 2 4 4 5 3 4 3 3 4 4 1 3 3 2 2 1 1 3 2 3 3 1 3 4 0 1 4 4 3 2 3 2 4 5 4 1 2 4 1 5 3 0 2 4 3 2 2 2 3 1 3 0 1 4 2 2 4 3 3 3 2 3 3 3 0 1 1 4 1 1 1 3 3 3 
3 4 2 3 5 3 1 3 0 1 0 3 3 1 3 1 1 3 3 2 1 1 4 2 3 4 3 2 4 1 5 1 2 4 4 3 1 4 1 4 4 3 1 1 3 5 3 5 0 3 1 2 1 4 2 4 2 3 1 1 1 5 0 3 1 3 3 4 2 3 0 0 1 3 2 1 2 2 2 3 3 2 1 3 4 5 2 1 1 2 3 1 4 4 2 2 3 3 3 0 1 1 5 2 2 5 5 1 2 3 4 1 3 3 1 1 2 3 0 1 4 5 3 2 0 1 3 1 2 3 2 0 3 2 1 5 2 2 2 2 3 4 1 1 4 0 2 3 1 4 0 4 4 4 4 2 2 5 5 2 3 1 
2 5 3 4 6 4 1 4 1 1 1 3 4 1 4 1 1 4 4 2 1 2 5 2 4 5 4 2 4 1 6 1 3 5 4 3 0 4 1 5 5 4 1 2 4 6 3 5 0 3 1 2 1 4 3 5 3 4 2 1 2 5 0 4 1 4 4 5 3 4 0 0 1 4 3 1 2 3 2 4 4 3 2 4 4 5 1 0 1 2 3 1 5 4 2 3 3 4 4 0 1 2 6 3 3 5 6 1 2 4 5 0 4 3 0 1 3 3 1 2 5 5 3 3 1 1 4 0 2 4 3 0 3 3 2 6 3 3 3 3 4 4 2 1 5 1 3 4 2 4 0 4 5 5 5 2 3 6 5 3 3 2 
3 3 2 5 6 2 3 4 1 1 1 1 3 3 4 3 1 5 5 3 2 1 5 2 4 6 3 3 6 2 6 1 3 6 5 5 2 5 0 5 5 5 2 2 4 6 2 6 2 2 1 3 3 5 3 6 4 4 3 2 0 6 2 4 3 4 2 5 4 4 1 1 0 5 2 0 1 2 1 4 4 2 1 5 5 6 2 1 3 4 2 3 6 6 1 1 5 5 4 2 2 3 6 3 2 6 6 3 4 5 6 2 4 4 1 0 1 2 2 2 6 7 2 3 2 3 4 2 1 4 2 1 1 2 2 6 1 3 1 3 4 6 3 2 6 2 4 2 3 5 1 6 5 5 5 0 4 5 6 1 5 3 
6 6 2 1 1 5 4 1 3 5 3 5 2 3 1 4 5 2 2 1 4 3 1 2 1 1 3 1 3 2 2 3 1 1 1 2 5 1 5 0 2 0 2 2 0 1 3 3 3 3 5 1 3 0 1 2 1 0 2 5 4 1 4 1 4 1 5 0 3 1 3 4 5 0 2 4 3 2 3 1 0 4 3 0 0 2 5 5 2 3 5 5 2 2 3 4 3 2 0 3 2 1 1 1 2 2 1 3 2 0 1 4 1 0 5 4 4 3 3 2 2 3 5 1 2 4 2 5 4 0 3 4 4 3 2 1 4 1 4 1 0 3 2 2 3 3 2 5 2 2 3 2 1 0 1 5 0 2 1 4 2 3 
5 3 0 3 3 3 3 1 1 3 1 3 1 3 1 3 4 3 3 0 3 1 3 0 1 3 1 1 4 1 4 1 0 3 3 3 3 3 3 2 2 2 1 1 1 3 1 4 2 1 3 0 3 2 0 3 1 1 2 3 2 3 2 1 3 1 3 2 3 1 2 3 2 2 0 2 1 0 1 1 1 1 1 2 3 4 4 3 1 3 3 4 4 4 1 2 3 4 2 2 2 1 3 0 0 4 3 2 2 2 3 3 1 1 3 2 2 1 1 0 4 5 3 0 1 3 1 3 2 1 1 3 2 1 0 3 2 1 2 0 1 4 2 1 4 1 2 3 1 3 2 4 2 2 2 2 1 3 3 2 3 2 
3 3 2 5 6 2 2 4 1 1 1 2 3 3 4 2 1 5 5 3 2 1 5 2 4 6 3 3 5 2 6 0 3 6 5 5 1 5 0 5 5 5 2 2 4 6 3 6 1 3 0 3 3 5 3 6 3 4 3 2 0 6 1 4 2 4 2 5 4 4 1 1 0 4 2 0 1 2 2 4 4 2 1 5 5 6 2 1 2 4 2 2 6 6 1 2 4 5 4 2 2 3 6 3 3 6 6 2 3 4 6 2 4 4 0 0 1 2 1 2 6 7 2 3 2 3 4 1 1 4 2 1 2 2 2 6 1 3 1 3 4 5 3 2 6 2 4 2 3 5 1 5 5 5 5 1 4 5 6 1 4 3 
4 2 1 4 5 1 3 3 1 2 1 1 2 3 3 3 3 5 5 2 3 0 5 1 3 5 2 2 5 1 5 1 2 5 4 5 3 4 1 4 3 4 2 2 3 5 1 6 2 1 2 2 3 4 2 5 3 3 3 3 0 5 2 3 3 3 1 4 4 3 2 2 1 3 1 1 0 1 0 3 3 0 0 3 4 6 3 2 2 4 1 3 5 5 0 0 4 5 3 2 2 3 5 2 1 5 5 3 3 4 5 3 3 3 2 1 0 1 1 1 6 6 1 2 1 3 2 3 0 3 0 2 0 1 1 5 0 3 1 2 3 5 3 2 6 2 3 1 2 5 2 5 3 4 4 1 3 4 4 0 4 3 
5 3 0 3 4 2 4 1 2 4 2 2 0 3 2 3 4 4 4 1 3 1 4 0 1 4 1 2 5 1 4 2 1 4 3 4 4 3 3 2 2 3 2 2 2 4 0 5 2 0 3 1 4 3 1 4 2 2 3 4 2 4 3 1 3 1 2 3 4 1 2 3 2 2 0 2 1 0 0 1 2 1 1 2 3 5 4 4 2 4 2 4 4 5 1 1 4 4 2 3 2 2 4 1 0 4 4 3 3 2 4 3 1 2 3 2 2 1 2 1 5 6 2 1 1 4 1 4 1 2 0 3 1 0 1 4 2 2 2 1 2 5 3 2 5 2 3 2 2 4 2 4 2 3 2 2 2 3 3 2 4 3 
5 3 1 4 4 2 3 2 1 3 1 2 1 3 2 3 3 4 4 1 3 0 4 1 2 5 1 2 5 1 5 1 1 4 4 4 3 4 2 3 3 3 2 1 2 5 1 5 2 1 2 1 3 3 1 5 2 2 3 3 1 4 2 2 3 2 2 4 4 2 2 2 1 3 1 2 0 0 0 2 2 1 0 3 4 5 3 3 2 4 2 3 5 5 0 1 4 4 3 2 2 2 4 1 1 5 4 2 3 3 5 3 2 2 2 1 1 1 1 1 5 6 2 1 1 3 2 3 1 2 0 2 1 0 1 4 1 2 1 1 3 5 2 2 5 2 3 2 2 4 1 5 3 3 3 1 2 4 4 1 4 3 
6 5 1 2 2 4 4 0 3 5 3 4 1 3 0 4 5 3 3 1 4 2 2 1 0 2 2 1 4 2 2 3 0 2 2 3 5 2 4 0 1 1 2 2 0 2 2 4 3 2 4 1 4 1 1 3 1 0 3 5 4 2 3 0 4 0 4 1 3 0 3 4 4 1 1 4 3 1 2 0 0 3 2 0 1 3 5 5 2 4 4 5 3 3 3 3 4 3 0 3 2 2 2 1 1 3 2 3 3 1 2 4 0 0 4 4 4 2 2 1 3 4 4 1 2 4 1 5 3 0 2 4 3 2 2 2 3 1 4 1 0 4 2 2 4 3 2 4 2 3 3 3 0 1 1 4 1 1 1 4 3 3 
6 5 1 2 2 4 4 0 3 5 3 4 1 4 0 4 5 3 3 1 4 3 2 1 0 2 2 1 4 2 2 3 1 2 1 3 5 2 4 0 1 1 2 2 0 2 3 4 3 2 5 1 4 1 1 2 1 0 3 5 4 2 4 0 4 0 4 1 3 0 3 4 4 0 1 4 3 2 2 0 0 3 3 0 1 3 5 5 2 4 4 5 2 3 3 3 4 3 0 3 3 2 2 1 2 2 1 3 3 1 2 4 0 0 5 4 4 3 3 2 3 4 4 1 2 4 1 5 3 0 3 4 3 2 2 1 4 1 4 1 0 4 2 2 3 3 2 4 2 3 3 3 0 0 1 4 1 1 1 4 3 3 
5 2 1 5 5 1 4 3 2 3 2 1 2 4 3 4 4 5 5 2 4 1 5 1 3 5 1 3 6 2 5 1 2 5 5 5 4 5 2 4 3 4 3 2 3 5 0 6 3 0 3 2 4 4 2 5 3 3 4 4 1 5 3 3 4 2 1 4 5 2 2 3 2 4 1 2 0 1 1 3 3 0 1 3 4 6 4 3 3 5 1 4 6 6 0 0 5 5 3 3 3 3 5 2 1 6 5 3 4 4 5 4 3 3 3 2 1 0 2 2 6 7 1 2 2 4 2 4 0 3 0 3 0 0 2 5 0 3 1 2 3 6 3 3 6 3 4 1 3 5 2 6 3 4 3 1 3 4 4 1 5 4 
4 3 1 4 5 2 3 2 1 2 0 2 2 3 2 3 3 4 4 1 2 0 4 1 2 5 2 2 5 1 5 0 1 4 4 4 3 4 1 3 3 3 1 1 2 5 1 5 1 1 2 1 3 3 1 5 2 2 3 3 1 5 2 2 3 2 2 4 4 2 1 2 1 3 1 1 0 1 0 2 3 1 0 3 4 5 3 2 2 4 2 3 5 5 0 1 4 4 3 2 2 2 5 1 1 5 4 2 3 3 5 2 2 2 2 1 1 1 1 1 5 6 2 1 1 3 2 3 0 2 0 2 1 1 1 5 1 2 1 1 3 5 2 1 5 1 3 2 2 4 1 5 3 3 3 1 2 4 4 1 4 3 
7 5 2 2 1 5 4 1 3 5 3 5 2 4 0 4 5 2 3 1 4 3 1 2 1 2 3 1 3 2 1 4 1 1 1 3 5 1 5 0 1 1 2 2 0 1 3 3 3 3 5 1 4 0 1 2 1 0 3 5 4 1 4 1 4 1 5 0 3 1 3 4 5 0 2 5 3 2 3 0 0 3 3 0 1 2 6 5 2 4 5 5 2 3 3 4 3 3 0 4 3 2 1 1 2 2 1 3 3 0 2 4 0 0 5 4 4 3 3 2 3 4 5 1 2 4 2 5 4 0 3 4 4 3 2 1 4 1 4 1 0 3 2 2 3 3 2 5 2 2 3 3 0 0 1 5 1 1 1 4 3 3 
6 6 3 1 1 6 4 2 3 5 4 6 3 3 2 4 5 1 2 2 4 4 0 3 2 0 4 2 2 3 2 4 2 0 0 2 5 0 5 1 2 0 2 2 1 1 4 2 3 4 5 2 3 0 2 1 1 1 2 5 5 0 4 2 4 2 6 0 2 2 4 4 5 0 3 5 4 3 4 1 1 4 4 1 0 1 6 5 2 3 6 5 1 1 4 5 3 2 1 4 3 2 2 2 3 1 1 3 2 0 0 4 2 1 5 5 5 4 3 2 1 2 6 2 3 4 3 5 5 1 4 4 5 4 3 1 5 1 5 2 1 2 2 3 2 3 2 6 2 1 4 1 2 1 2 5 1 2 2 5 2 2 
7 8 4 1 2 7 5 4 5 6 5 7 5 4 3 4 6 1 2 3 4 5 1 4 4 0 6 3 1 4 3 5 4 1 1 2 6 1 6 3 4 1 4 4 3 2 6 0 4 6 6 4 4 2 4 0 2 3 3 5 6 1 5 4 4 4 7 2 2 3 5 5 6 2 4 6 6 5 5 3 3 6 5 2 1 0 6 6 3 3 7 5 0 1 6 6 2 1 2 4 4 3 3 4 5 0 2 4 3 2 0 5 3 2 6 6 7 6 4 4 0 1 7 3 4 4 5 6 6 3 5 5 6 5 4 2 7 3 7 4 2 1 3 4 0 4 2 7 3 1 5 1 3 2 4 7 2 4 3 7 2 3 
1 5 4 5 7 4 1 5 2 0 2 4 5 2 5 2 0 5 5 4 2 3 6 4 6 6 5 4 5 3 8 2 4 6 6 4 0 6 2 6 6 5 3 3 5 7 5 6 2 5 1 4 2 6 4 6 4 5 3 1 2 7 1 6 2 5 4 6 4 5 2 1 2 5 4 2 3 4 3 5 5 4 3 6 6 6 0 0 3 3 4 1 6 6 3 4 4 5 5 2 3 4 7 4 4 6 7 2 3 5 6 1 5 5 1 2 3 4 2 3 6 6 4 4 3 2 5 0 3 5 4 1 4 4 3 7 3 4 3 4 5 5 3 3 6 2 4 4 3 5 2 5 6 6 6 3 5 7 7 3 4 3 
2 5 3 5 7 4 2 5 1 0 2 3 5 2 5 2 0 5 4 3 1 2 6 3 5 6 4 3 5 2 7 2 4 6 5 4 0 5 1 6 6 5 2 3 5 7 4 6 1 4 0 3 2 5 4 6 4 5 3 1 2 6 1 5 2 5 4 6 4 5 1 0 1 5 3 1 2 4 3 5 5 3 2 5 5 6 0 0 2 3 3 1 6 5 3 3 4 5 5 1 2 3 7 4 4 6 7 2 3 5 6 1 5 4 0 1 3 4 2 3 6 6 4 4 2 2 5 0 2 5 3 0 3 3 3 7 3 4 3 4 5 5 3 2 6 2 4 4 3 5 1 5 6 6 6 2 4 6 6 3 4 3 
4 5 1 2 4 4 1 3 1 2 1 4 3 1 2 1 3 2 2 1 1 2 3 1 3 3 3 1 3 0 4 1 1 3 3 2 2 3 2 3 4 2 0 0 2 4 3 3 0 3 2 1 1 2 1 3 1 2 1 2 2 3 1 3 1 3 4 3 1 2 1 1 3 2 1 2 2 2 2 2 2 3 2 2 2 3 3 2 0 2 4 2 3 3 2 3 2 2 2 1 0 0 4 1 2 3 4 0 1 2 3 1 2 2 2 2 3 3 0 1 3 4 4 1 0 1 3 2 2 2 2 2 3 2 1 4 3 1 3 2 2 3 0 0 3 0 1 4 0 2 1 3 3 3 3 3 1 4 4 3 2 0 
3 7 3 2 4 6 1 4 3 3 3 6 5 1 4 1 3 2 1 3 1 4 3 3 4 3 5 2 1 3 5 3 3 3 3 1 3 3 4 4 5 3 2 2 4 4 5 3 2 5 4 3 1 3 3 3 2 3 1 2 4 4 2 4 1 4 6 4 0 4 2 2 4 3 3 4 4 4 4 4 4 5 4 4 3 3 3 3 2 0 6 2 3 2 4 5 0 1 3 2 1 2 5 3 4 3 4 1 1 3 3 2 4 3 3 4 5 5 2 3 2 3 6 3 2 1 5 3 4 3 4 3 5 4 3 5 5 2 5 3 3 1 1 2 2 2 1 6 2 2 2 2 4 4 5 5 3 5 5 5 1 1 
5 1 2 6 6 0 5 4 3 3 2 0 3 4 4 4 4 6 6 3 4 2 6 3 4 6 2 4 7 3 6 2 3 6 6 6 4 6 2 5 4 5 3 3 4 6 1 7 3 1 3 3 5 5 3 7 4 4 5 4 1 6 3 4 4 3 0 5 6 4 3 3 2 5 3 2 1 2 2 4 4 1 2 5 6 7 4 3 4 6 0 5 7 7 1 0 6 6 5 4 4 4 6 3 2 7 6 4 5 5 7 4 4 4 3 2 0 1 3 3 7 8 0 3 3 5 3 4 1 4 1 3 0 2 3 6 0 4 0 3 4 7 4 3 7 3 5 0 4 6 3 7 4 5 4 1 4 5 5 0 6 5 
1 6 4 4 6 5 0 5 2 1 2 5 5 1 5 1 1 4 4 3 1 3 5 4 5 5 5 3 4 2 7 2 4 6 5 3 1 5 2 6 6 5 2 2 5 6 5 5 1 5 2 3 1 5 4 5 3 5 2 0 3 6 1 5 1 5 5 5 3 5 1 1 3 5 4 2 3 4 3 5 5 4 3 5 5 5 1 1 2 2 5 0 5 5 4 4 3 4 5 1 2 3 7 4 4 6 6 1 2 5 5 1 5 4 1 2 4 4 2 3 5 5 5 4 2 1 5 0 3 5 4 1 4 4 3 6 4 4 4 4 5 4 2 2 5 2 3 5 3 4 1 4 6 6 6 3 4 7 6 4 3 2 
7 8 4 1 1 7 5 3 4 6 5 7 4 4 3 4 6 1 2 3 4 5 0 4 3 0 5 3 2 4 2 5 3 0 1 2 6 0 6 2 4 1 3 3 3 1 5 1 4 5 6 3 4 1 3 0 2 2 3 5 6 0 5 3 4 3 7 1 2 3 4 5 6 2 4 6 5 4 5 3 2 6 5 2 1 0 6 6 3 3 7 5 0 1 5 6 3 1 2 4 3 3 2 3 4 0 2 4 3 1 0 4 3 2 6 6 6 5 4 3 1 1 7 3 4 4 4 6 6 2 5 5 6 5 4 2 6 2 6 3 2 1 3 3 1 4 2 7 3 1 4 1 3 2 3 6 2 3 2 6 2 3 
6 8 4 1 2 7 4 4 4 6 4 7 5 3 3 3 6 0 1 3 3 5 1 4 4 1 6 3 0 4 4 5 3 2 1 1 5 1 6 3 4 2 3 3 3 3 6 0 4 5 6 3 3 2 4 1 2 3 2 4 6 2 4 4 3 4 7 2 1 4 4 4 6 2 4 6 5 5 5 3 3 6 5 3 1 1 6 5 3 2 7 5 1 0 5 6 1 0 2 4 3 2 4 4 5 1 3 3 2 2 1 4 3 2 5 5 6 6 4 3 0 1 7 3 4 3 5 5 6 3 5 5 6 5 4 3 6 2 6 4 3 0 2 3 0 3 1 7 2 0 4 0 4 3 4 6 2 4 3 6 1 2 
5 2 1 4 5 1 3 3 1 3 1 1 2 3 3 3 3 5 5 2 3 0 5 1 3 5 1 2 5 1 5 1 2 5 4 5 3 4 1 4 3 4 2 2 3 5 1 6 2 1 2 2 3 4 2 5 3 3 3 3 1 5 2 3 3 3 1 4 4 3 2 2 1 3 1 1 0 1 0 3 3 0 0 3 4 6 3 3 2 4 1 4 5 5 0 0 5 5 3 2 2 3 5 2 1 5 5 3 3 4 5 3 3 3 2 1 0 0 1 2 6 6 1 2 1 3 2 3 0 3 0 2 0 1 1 5 0 3 0 2 3 5 3 2 6 2 4 1 2 5 2 5 3 4 3 1 3 4 4 0 4 3 
5 2 2 5 5 1 4 3 2 3 1 1 2 4 3 4 3 5 5 2 3 1 5 2 3 6 1 3 6 2 5 1 2 5 5 5 3 5 2 4 3 4 3 2 3 5 1 6 2 1 2 2 4 4 2 6 3 3 4 4 1 5 3 3 4 3 1 4 5 3 2 3 1 4 2 2 0 1 1 3 3 0 1 4 5 6 4 3 3 5 0 4 6 6 0 0 5 5 4 3 3 3 5 2 1 6 5 3 4 4 6 3 3 3 2 1 0 0 2 2 6 7 1 2 2 4 2 3 0 3 0 3 0 1 2 5 0 3 0 2 3 6 3 2 6 3 4 1 3 5 2 6 4 4 4 1 3 4 4 0 5 4 
4 7 4 1 4 6 2 4 3 4 3 6 5 1 4 2 4 1 0 3 2 4 3 3 4 2 5 2 1 3 5 4 3 3 3 0 4 3 4 4 5 3 2 2 4 4 5 2 2 5 4 3 1 3 3 2 2 3 1 3 5 3 2 4 2 4 6 3 0 4 3 3 5 3 3 4 4 4 4 4 4 5 4 3 3 2 4 4 2 0 6 3 3 1 5 5 0 1 3 2 2 2 5 3 4 3 4 2 1 3 3 2 4 3 4 4 5 5 3 3 2 2 6 3 3 1 5 3 5 3 4 3 5 5 3 4 5 2 5 3 3 1 1 2 2 2 1 6 2 1 3 1 4 4 5 5 2 5 4 5 0 1 
5 8 4 1 3 7 3 4 4 5 4 6 5 2 3 3 5 0 0 3 3 4 2 4 4 1 5 2 0 3 4 4 3 2 2 0 5 2 5 3 5 2 3 3 3 3 5 1 3 5 5 3 2 2 3 1 2 3 1 4 5 2 3 4 3 4 7 3 1 4 3 4 5 2 4 5 5 4 4 3 3 5 4 3 2 1 5 5 2 1 6 4 1 0 5 5 1 0 2 3 2 2 4 3 4 2 3 2 1 2 2 3 3 2 5 5 6 5 3 3 1 1 7 3 3 2 5 4 5 3 5 4 6 5 3 3 6 2 6 3 3 0 2 3 1 3 1 6 2 0 3 0 4 3 4 6 2 4 4 6 0 2 
6 5 2 1 1 5 4 1 3 5 3 5 2 3 1 4 5 2 2 1 4 3 1 2 1 2 3 1 3 2 2 3 1 1 1 2 5 1 4 0 2 0 2 2 0 1 3 3 3 3 5 1 3 0 1 2 1 0 2 5 4 1 3 1 4 1 5 0 3 1 3 4 4 0 2 4 3 2 3 0 0 3 3 0 1 2 5 5 2 3 5 5 2 2 3 4 3 2 0 3 2 1 2 1 2 2 1 3 2 0 2 4 0 0 5 4 4 3 3 2 2 3 5 1 2 4 2 5 4 0 3 4 4 3 2 1 4 1 4 1 0 3 2 2 3 3 2 5 1 2 3 2 1 0 1 4 0 2 1 4 2 2 
3 5 2 3 5 4 1 4 0 1 1 4 3 0 3 0 1 3 3 2 0 2 4 2 4 4 4 2 3 1 6 1 2 4 4 3 1 4 2 4 5 3 1 1 3 5 3 4 0 3 1 2 1 4 2 4 2 3 1 1 2 4 0 4 0 4 4 4 2 3 0 0 2 3 2 2 2 3 2 3 3 3 2 4 4 4 2 1 1 2 4 1 4 4 2 3 2 3 3 0 0 1 5 2 3 4 5 0 1 3 4 0 3 3 1 1 3 3 1 1 4 5 4 2 1 1 4 1 2 3 2 1 3 3 1 5 3 2 3 2 3 3 1 1 4 0 2 4 1 3 0 3 4 4 5 3 2 5 5 3 2 1 
3 5 2 2 4 4 1 3 1 2 1 4 3 1 3 1 2 2 2 1 1 2 3 1 3 3 3 1 3 1 5 2 2 3 3 2 2 3 2 3 4 2 0 0 2 4 3 4 0 3 2 1 1 3 2 3 1 2 0 2 2 3 1 3 1 3 4 3 1 3 1 1 2 2 2 2 2 2 2 2 3 3 2 3 3 4 3 2 0 1 4 2 3 3 2 3 2 2 2 0 0 0 4 2 2 3 4 0 1 2 3 1 2 2 2 2 3 3 1 1 3 4 4 1 0 1 3 2 2 2 2 1 3 2 1 4 3 1 3 2 2 3 0 0 3 0 1 4 0 2 1 3 3 3 4 3 2 4 4 3 2 0 
4 5 1 1 3 4 2 2 1 3 2 4 2 1 2 2 3 2 2 0 2 2 2 1 2 2 3 0 2 1 4 2 1 2 2 2 3 2 3 2 3 1 0 0 2 3 3 3 1 3 3 1 2 2 1 2 0 1 1 3 3 3 2 2 2 2 4 2 1 2 1 2 3 1 1 3 3 2 2 2 2 3 2 2 2 3 4 3 0 2 4 3 3 2 3 3 2 2 1 1 0 0 3 1 2 3 3 1 1 1 2 2 1 1 3 3 3 3 1 1 3 3 4 1 1 2 3 3 3 1 2 2 3 2 1 3 3 0 4 1 1 2 0 0 3 1 1 4 0 2 2 2 2 2 3 3 1 3 3 4 1 1 
8 7 3 3 1 6 6 2 5 7 5 6 3 5 2 6 7 3 4 3 6 5 2 3 2 2 4 3 4 4 0 5 3 1 2 4 7 2 6 1 2 2 4 4 2 0 4 4 5 4 7 3 5 1 3 3 3 2 4 7 6 1 6 2 6 2 6 1 4 2 5 6 6 1 3 6 5 4 4 2 2 5 5 1 2 3 7 7 4 5 6 7 2 4 5 5 5 4 2 5 4 3 0 3 3 2 0 5 4 2 2 6 2 2 7 6 6 5 5 4 3 4 6 3 4 6 3 7 5 2 4 6 5 4 4 0 6 3 6 3 2 4 4 4 4 5 4 6 4 3 5 3 1 1 1 6 2 1 0 6 4 4 
5 4 0 2 3 3 3 1 2 4 2 3 1 3 1 3 4 3 3 0 3 1 3 0 1 3 1 1 4 1 3 2 0 3 2 3 4 2 3 2 2 2 1 1 1 3 1 4 2 1 3 0 3 2 0 3 1 1 2 4 2 3 2 1 3 1 3 2 3 1 2 3 3 1 0 3 2 1 1 1 1 2 1 1 2 4 4 4 1 3 3 4 3 4 2 2 3 3 1 2 2 1 3 0 0 3 3 2 2 2 3 3 1 1 3 2 2 2 1 0 4 5 3 0 1 3 1 4 2 1 1 3 2 1 1 3 2 1 2 0 1 4 2 1 4 2 2 3 1 3 2 3 1 2 2 3 1 2 2 2 3 2 
6 3 0 3 4 2 4 1 2 4 2 2 0 3 1 3 4 4 4 1 3 1 3 0 1 4 1 2 5 1 4 2 1 4 3 4 4 3 3 2 2 3 2 2 1 4 1 5 2 0 3 1 4 3 1 4 2 1 3 4 2 4 3 1 3 1 2 3 4 1 2 3 2 2 0 3 1 0 1 1 2 1 1 2 3 5 4 4 2 4 2 4 4 5 1 1 4 4 2 3 2 2 3 0 0 4 3 3 3 2 4 3 1 2 3 2 2 1 2 1 5 6 2 1 1 4 1 4 1 1 0 3 1 0 1 4 2 2 2 0 2 5 3 2 5 2 3 2 2 4 2 4 2 2 2 2 2 3 3 2 4 3 
7 8 4 1 1 7 5 3 5 6 5 7 4 4 3 4 6 1 2 3 4 5 0 4 3 0 5 3 2 4 2 5 3 0 1 2 6 1 6 2 4 1 3 3 3 1 5 1 4 5 6 3 4 1 3 0 2 2 3 5 6 0 5 3 4 3 7 1 3 3 5 5 6 2 4 6 5 4 5 3 2 6 5 2 1 0 6 6 3 3 7 6 0 1 5 6 3 2 2 4 3 3 2 3 4 0 2 4 3 2 0 5 3 2 6 6 6 5 4 3 1 1 7 3 4 4 4 6 6 2 5 5 6 5 4 2 6 2 6 3 2 2 3 4 1 4 2 7 3 1 5 1 3 2 3 6 2 3 2 6 2 3 
8 7 3 2 0 6 5 2 5 7 5 6 3 5 2 5 7 3 3 3 5 4 1 3 2 2 4 3 3 4 0 5 2 1 1 3 7 1 6 1 2 1 4 4 2 0 4 3 5 4 6 3 5 1 3 2 2 2 4 6 6 1 5 2 5 2 6 0 4 2 5 6 6 1 3 6 5 4 4 2 1 5 4 1 1 2 7 7 4 4 6 6 2 3 5 5 4 3 1 5 4 3 0 3 3 2 0 4 4 1 1 5 2 2 6 6 6 5 4 3 3 3 6 2 4 5 3 6 5 2 4 6 5 4 4 0 6 2 6 3 1 3 3 4 3 4 3 6 3 3 5 3 1 0 2 6 2 1 0 6 3 4 
3 5 2 2 4 5 1 3 1 2 1 4 4 0 3 0 2 2 2 2 0 2 3 2 3 3 4 1 3 1 5 2 2 4 3 2 2 3 2 4 4 3 0 1 3 4 4 4 0 4 2 2 0 3 2 3 1 3 0 1 3 4 0 4 0 4 4 4 1 3 1 1 3 3 2 2 3 3 2 3 3 3 2 3 3 4 2 2 0 1 4 1 4 3 3 3 2 2 3 0 0 1 5 2 3 4 4 0 1 3 4 0 3 2 2 2 3 3 1 1 3 4 4 2 1 0 4 2 3 3 3 1 4 3 1 5 3 2 4 2 3 3 0 0 3 0 1 4 1 2 1 3 4 4 4 3 2 5 4 3 2 0 
4 6 2 1 3 5 1 3 2 3 2 5 4 1 3 1 3 1 1 2 1 3 2 2 3 2 4 1 2 2 4 3 2 3 2 1 3 2 3 3 4 2 1 1 3 4 4 2 1 4 3 2 1 2 2 2 1 2 0 2 4 3 2 3 1 3 5 3 0 3 2 2 4 2 2 3 3 3 3 3 3 4 3 3 2 3 3 3 1 1 5 2 3 2 3 4 1 1 2 1 1 1 4 2 3 3 4 1 0 2 3 1 3 2 3 3 4 4 2 2 2 3 5 2 1 1 4 3 4 2 3 2 4 3 2 4 4 1 4 2 2 2 0 1 2 1 0 5 1 1 2 2 3 3 4 4 2 4 4 4 0 0 
6 6 2 1 1 5 4 1 3 5 3 5 2 3 1 4 5 2 2 1 4 3 1 2 1 1 3 1 3 2 2 4 1 1 0 2 5 1 5 1 2 0 2 2 1 1 3 3 3 3 5 1 3 0 1 1 1 0 2 5 4 1 4 1 4 1 5 0 2 1 3 4 5 0 2 4 4 2 3 1 1 4 3 0 0 2 5 5 2 3 5 5 1 2 4 4 3 2 0 3 2 1 2 2 2 2 1 3 2 0 1 4 1 0 5 4 4 3 3 2 2 3 5 1 2 4 2 5 4 0 3 4 4 3 2 1 4 1 5 1 0 3 2 2 2 3 2 5 1 2 3 2 1 0 2 5 0 2 1 5 2 2 
7 7 4 1 1 7 4 3 4 6 5 7 4 4 3 4 6 1 2 3 4 5 0 3 3 0 5 2 2 4 2 5 3 0 0 2 6 0 6 2 3 1 3 3 2 1 5 1 4 5 6 3 4 1 3 0 2 2 3 5 6 0 4 3 4 3 7 1 2 3 4 5 6 1 3 6 5 4 5 2 2 5 5 2 0 0 6 6 3 3 7 5 0 1 5 6 3 2 2 4 3 2 2 3 4 0 1 4 3 1 0 4 3 2 6 6 6 5 4 3 1 2 7 3 4 4 4 6 6 2 5 5 6 5 3 2 6 2 6 3 2 2 3 3 1 4 2 7 3 1 4 1 3 2 3 6 2 3 2 6 2 3 
2 5 3 3 5 5 0 4 1 1 1 4 4 0 4 0 1 3 3 2 0 2 4 3 4 4 4 2 3 1 6 2 3 5 4 3 1 4 2 4 5 4 1 1 4 5 4 4 1 4 2 2 1 4 3 4 2 4 1 0 2 5 0 4 0 4 4 4 2 4 1 0 2 4 3 2 3 3 3 4 4 4 2 4 4 5 1 1 1 2 4 1 4 4 3 3 2 3 4 0 1 2 6 3 3 5 5 0 1 4 4 0 4 3 1 2 3 4 1 2 4 5 4 3 1 0 4 1 3 3 3 1 4 3 2 5 3 3 3 3 4 3 1 1 4 1 2 4 2 3 1 4 5 4 5 3 3 5 5 3 2 1 
6 4 1 2 2 4 4 0 3 5 3 4 1 3 0 4 5 3 3 1 4 2 2 1 0 3 2 1 4 2 2 3 0 2 2 3 5 2 4 1 1 1 2 2 0 2 2 4 3 2 4 1 3 1 0 3 1 0 3 4 3 2 3 0 4 0 4 1 3 0 3 4 4 1 1 4 3 1 2 0 0 3 2 0 2 3 5 5 2 4 4 5 3 3 3 3 4 3 0 3 2 1 2 1 1 3 2 3 3 1 3 4 0 0 4 4 3 2 2 1 3 4 4 0 2 4 1 4 3 0 2 4 3 2 1 2 3 1 3 0 0 4 2 2 4 2 2 4 2 3 3 3 1 1 1 4 1 1 1 3 3 3 
6 5 1 1 2 4 3 1 2 4 2 4 2 3 1 3 4 2 2 1 3 2 1 1 1 2 3 0 3 2 2 3 1 2 1 2 4 1 4 1 2 1 2 1 0 2 3 3 2 3 4 1 3 1 1 2 1 0 2 4 4 2 3 1 3 1 4 1 2 1 3 3 4 0 1 4 3 2 2 0 0 3 2 0 1 2 5 4 2 3 4 4 2 2 3 3 3 2 0 3 2 1 2 1 2 2 2 2 2 0 2 3 0 0 4 4 4 3 2 1 3 3 4 0 2 3 2 4 3 0 2 3 3 2 1 2 4 0 4 1 0 3 1 2 3 2 2 4 1 2 3 2 1 1 2 4 0 2 2 4 2 2 
2 4 3 4 6 3 2 5 1 0 1 3 4 2 4 2 0 5 4 3 2 2 5 3 5 6 4 3 5 2 7 1 3 6 5 4 0 5 0 5 5 5 2 2 4 6 3 6 1 3 0 3 2 5 3 6 3 4 3 1 1 6 1 5 2 5 3 5 4 4 1 0 1 5 3 0 2 3 2 4 5 3 2 5 5 6 1 0 2 3 3 1 6 5 2 2 4 5 5 1 2 3 7 3 3 6 6 2 3 5 6 1 4 4 0 1 2 3 1 2 6 6 3 3 2 2 4 1 2 4 2 0 3 3 2 6 2 3 2 3 4 5 3 2 6 2 3 3 3 5 1 5 5 5 5 2 4 6 6 2 4 3 
3 3 2 4 6 2 2 4 1 1 1 2 3 2 4 2 1 5 5 2 2 1 5 2 4 6 3 3 5 1 6 0 3 5 5 4 1 5 0 5 5 5 2 2 4 6 2 6 1 2 0 2 3 5 3 5 3 4 3 2 0 6 1 4 2 4 2 5 4 4 1 1 0 4 2 0 1 2 1 4 4 2 1 4 5 6 2 1 2 4 2 2 6 5 1 1 4 5 4 1 2 3 6 2 2 6 6 2 3 4 6 2 4 4 1 0 1 2 1 2 6 6 2 3 1 3 3 1 1 4 1 1 2 2 2 6 1 3 1 3 4 5 3 2 6 2 3 2 3 5 1 5 4 5 5 1 3 5 5 1 4 3 
5 2 2 5 6 1 4 3 2 3 1 0 3 4 4 4 3 6 5 3 3 1 5 2 4 6 2 3 6 2 6 1 3 6 5 5 3 5 1 4 4 5 3 3 4 6 1 7 2 1 2 3 4 5 3 6 4 4 4 4 0 6 3 3 4 3 1 5 5 3 2 3 1 4 2 1 0 2 1 4 4 1 1 4 5 7 3 3 3 5 0 4 6 6 0 0 5 6 4 3 3 3 6 2 2 6 6 3 4 4 6 3 3 4 2 1 0 1 2 2 7 7 0 3 2 4 3 3 0 4 1 2 0 1 2 6 0 3 0 3 4 6 4 3 7 3 4 1 3 6 2 6 4 5 4 0 4 5 5 0 5 4 
5 2 1 4 5 1 4 2 2 4 2 1 1 4 2 4 4 5 5 2 4 1 5 1 2 5 1 3 6 2 5 2 2 5 4 5 4 4 2 3 3 4 3 2 3 5 0 6 3 0 3 2 4 4 2 5 3 3 4 4 1 5 3 2 4 2 1 4 5 2 3 3 2 3 1 2 1 1 1 2 3 0 1 3 4 6 4 4 3 5 1 4 5 6 0 0 5 5 3 3 3 3 5 2 1 5 5 3 4 3 5 4 2 3 3 2 1 0 2 2 6 7 1 2 2 4 1 4 1 3 0 3 0 0 2 5 1 3 1 2 3 6 3 3 6 3 4 1 3 5 2 5 3 4 3 1 3 4 4 1 5 4 
3 4 1 3 4 3 2 3 0 2 0 3 3 1 3 1 2 3 3 1 1 1 4 1 3 4 3 1 4 0 5 1 2 4 3 3 2 3 1 3 4 3 0 0 2 4 2 4 0 2 2 1 2 3 2 4 2 2 1 2 1 4 1 3 1 3 3 3 2 3 0 1 2 3 1 1 1 2 1 2 3 2 1 3 3 4 2 2 0 2 3 2 4 4 1 2 3 3 3 1 1 1 5 1 2 4 4 1 2 3 4 1 2 2 1 1 2 2 0 1 4 5 3 1 0 2 3 2 2 2 1 1 2 2 0 4 2 2 2 2 3 4 1 0 4 0 2 3 1 3 0 4 3 3 4 2 2 4 4 2 3 1 
4 4 0 2 3 3 2 2 1 3 1 3 2 2 2 2 3 3 3 0 2 1 3 0 2 3 2 0 3 0 4 1 1 3 3 3 3 3 2 2 3 2 0 0 1 4 2 4 1 2 3 0 2 2 1 3 1 1 1 3 2 3 2 2 2 2 3 3 2 2 1 2 2 2 0 2 1 1 1 1 2 2 1 2 2 4 3 3 1 3 3 3 3 3 2 2 3 3 2 1 1 1 4 0 1 3 3 1 2 2 3 2 1 1 2 2 2 2 1 0 4 4 3 0 0 2 2 3 2 1 1 2 2 1 0 3 2 1 2 1 2 3 1 0 4 1 2 3 0 3 1 3 2 2 3 2 1 3 3 2 2 1 
6 8 4 1 2 7 4 4 4 6 5 7 5 3 4 4 6 0 1 3 4 5 1 4 4 1 6 3 1 4 4 5 4 1 1 1 6 1 6 3 4 2 3 3 3 2 6 0 4 6 6 4 3 2 4 0 2 3 3 5 6 1 4 4 4 4 7 2 2 4 4 5 6 2 4 6 6 5 5 3 3 6 5 3 1 0 6 6 3 2 7 5 1 0 6 6 2 1 2 4 3 3 3 4 5 1 3 3 2 2 1 4 3 3 6 6 7 6 4 4 0 0 7 3 4 4 5 5 6 3 5 5 6 5 4 3 7 3 7 4 3 1 3 4 0 4 2 7 3 0 4 0 4 3 4 7 2 4 3 7 1 3 
7 9 5 2 3 8 4 5 5 6 5 8 6 4 4 4 6 1 1 4 4 6 2 5 5 1 7 4 1 5 4 6 4 2 2 1 6 2 7 4 5 3 4 4 4 3 7 0 5 7 7 4 4 3 5 1 3 4 3 5 7 2 5 5 4 5 8 3 2 5 5 5 7 3 5 7 6 6 6 4 4 7 6 4 2 1 6 6 4 3 8 5 1 1 6 7 2 1 3 5 4 3 4 5 6 1 3 4 3 3 2 5 4 3 6 6 7 7 5 4 0 0 8 4 5 4 6 6 7 4 6 6 7 6 5 4 7 4 7 5 4 1 3 4 0 4 2 8 4 1 5 1 5 4 5 7 3 5 4 7 2 3 
6 1 3 6 6 0 5 4 3 3 2 0 3 5 4 5 4 6 6 3 4 2 6 3 4 7 2 4 7 3 6 2 3 6 6 6 4 6 2 5 4 5 4 3 4 6 1 7 3 1 3 3 5 5 3 7 4 4 5 5 1 6 4 4 4 4 0 5 6 4 3 3 2 5 3 2 1 2 2 4 4 1 2 5 6 7 4 4 4 6 0 5 7 7 1 1 6 7 5 4 4 4 6 3 2 7 6 4 5 5 7 4 4 4 3 2 0 1 3 3 7 8 0 3 3 5 3 4 1 4 1 3 0 2 3 6 0 4 0 3 4 7 4 4 7 4 5 0 4 6 3 7 4 5 4 1 4 5 5 0 6 5 
5 4 0 2 3 4 3 1 2 4 2 3 1 2 1 3 4 3 3 0 3 1 2 0 1 3 2 0 3 1 3 2 0 2 2 3 4 2 3 1 2 2 1 1 1 3 2 4 2 2 3 0 3 1 0 3 1 0 2 4 3 3 2 1 3 1 3 2 3 1 2 3 3 1 0 3 2 1 1 1 1 2 1 1 2 3 4 4 1 3 3 4 3 3 2 2 3 3 1 2 1 1 3 0 1 3 2 2 2 1 3 3 0 0 3 3 3 2 1 0 3 4 3 0 1 3 1 4 2 0 2 3 3 1 1 3 3 0 3 0 1 3 1 1 3 1 2 3 1 3 2 3 1 2 2 3 0 2 2 3 3 2 
4 4 1 2 4 3 2 2 0 2 0 3 2 1 2 2 2 3 3 1 1 1 3 1 2 4 3 1 3 0 4 1 1 4 3 3 2 3 2 3 3 3 0 0 2 4 2 4 0 2 2 1 2 3 1 3 1 2 1 2 2 4 1 3 1 2 3 3 2 2 0 1 2 2 1 2 1 1 1 2 2 2 1 2 3 4 3 2 0 2 3 2 4 4 1 2 3 3 2 1 0 1 4 1 1 4 4 1 1 2 4 1 2 2 2 1 2 2 0 0 4 5 3 1 0 2 2 2 2 2 1 1 2 2 0 4 2 1 2 1 2 3 1 0 4 0 2 3 1 3 0 3 3 3 3 2 2 4 4 2 2 1 
2 6 3 3 5 5 0 4 2 2 2 5 4 0 4 0 2 3 2 2 0 3 4 3 4 4 5 2 3 2 6 2 3 4 4 2 2 4 3 4 5 4 1 2 4 5 4 4 1 4 2 3 0 4 3 4 2 4 1 1 3 4 1 4 0 4 5 4 1 4 1 1 3 4 3 3 3 4 3 4 4 4 3 4 4 4 2 2 1 1 5 1 4 3 3 4 1 2 4 1 1 2 6 3 4 4 5 0 1 4 4 0 4 3 2 3 4 4 2 2 4 4 5 3 2 0 4 1 3 3 3 1 4 4 2 5 4 3 4 3 4 3 1 1 4 1 1 5 2 3 1 3 5 4 5 4 3 5 5 4 2 1 
7 3 1 4 3 3 5 1 3 5 3 3 0 4 1 4 5 4 4 2 4 2 3 1 1 4 1 2 5 2 3 3 1 3 3 4 5 3 4 2 1 3 3 2 1 3 1 5 3 1 4 1 4 2 1 4 2 1 4 5 3 4 4 0 4 0 3 2 4 1 3 4 4 2 1 4 2 1 2 1 1 2 2 2 3 5 5 5 3 5 3 5 4 5 2 2 5 5 2 4 3 3 3 1 1 4 3 4 4 2 4 4 1 2 4 3 3 1 3 2 5 6 3 1 2 4 0 5 2 1 1 4 2 1 2 3 3 2 3 1 2 5 3 3 5 3 4 3 3 4 3 4 1 2 1 3 2 2 2 3 4 4 
1 5 3 4 6 4 1 5 1 0 2 4 5 2 5 1 0 4 4 3 1 3 5 3 5 6 5 3 5 2 7 2 4 6 5 4 0 5 1 5 6 5 2 2 5 6 4 6 1 4 1 3 2 5 4 5 3 4 2 0 2 6 1 5 1 5 4 5 3 5 1 0 2 5 3 1 3 4 3 5 5 4 3 5 5 6 0 0 2 3 4 0 6 5 3 3 3 4 5 1 2 3 7 4 4 6 6 2 3 5 6 1 4 4 1 1 3 4 2 3 5 6 4 4 2 1 5 0 3 4 3 0 4 4 3 6 3 4 3 4 5 5 2 2 5 2 3 4 3 5 1 5 5 5 6 3 4 6 6 3 3 2 
4 2 2 4 5 1 3 3 1 2 1 1 2 3 3 3 3 5 5 2 3 0 5 2 3 5 2 3 6 2 6 1 2 5 5 5 3 5 1 4 4 4 2 2 3 6 1 6 2 1 2 2 4 4 2 5 3 3 3 3 0 5 2 3 3 3 1 5 4 3 2 2 1 4 2 1 0 1 1 3 3 0 0 4 5 6 3 2 2 4 1 3 6 6 0 0 5 5 4 2 2 3 5 2 1 6 5 3 4 4 6 3 3 3 2 1 0 1 2 2 6 7 1 2 2 3 2 3 0 3 0 2 0 1 2 5 0 3 0 2 4 6 3 2 6 2 4 1 3 5 2 5 4 4 4 0 3 4 5 0 5 3 
6 5 1 2 2 4 4 1 3 5 3 4 1 3 0 3 5 2 3 1 3 2 1 1 1 2 2 1 3 2 2 3 0 2 1 3 5 1 4 1 1 1 2 2 0 2 3 3 3 2 4 1 3 1 1 2 1 0 2 4 4 2 3 1 3 1 4 1 3 0 3 4 4 0 1 4 3 2 2 0 0 3 2 0 1 3 5 5 2 3 4 5 2 3 3 3 3 3 0 3 2 1 2 1 1 2 2 3 2 0 2 3 0 0 4 4 4 3 2 1 3 4 4 0 2 3 1 4 3 0 2 4 3 2 1 2 4 0 4 1 0 3 2 2 3 2 2 4 1 2 3 3 1 1 1 4 0 2 1 4 3 2 
5 2 1 4 5 1 4 2 2 3 1 1 1 3 2 3 3 5 5 2 3 0 4 1 2 5 1 2 5 1 5 1 1 4 4 4 3 4 2 3 3 4 2 2 2 5 0 6 2 0 2 1 4 3 1 5 3 2 3 4 1 5 2 2 3 2 1 4 4 2 2 3 2 3 1 2 0 0 0 2 3 0 0 3 4 5 4 3 2 4 1 4 5 5 0 0 4 5 3 2 2 2 4 1 0 5 4 3 3 3 5 3 2 2 2 1 1 0 1 1 5 6 1 2 1 3 1 3 0 2 0 2 1 0 1 4 1 2 1 1 3 5 3 2 5 2 3 1 2 5 2 5 3 3 3 1 3 4 4 1 4 3 
2 4 3 4 6 4 1 4 1 0 1 3 4 1 4 1 0 4 4 2 1 2 5 2 4 5 4 3 4 1 6 1 3 5 5 4 0 5 1 5 5 4 2 2 4 6 3 5 1 3 0 2 2 5 3 5 3 4 2 1 1 5 0 4 1 4 4 5 3 4 0 0 1 4 3 1 2 3 2 4 4 3 2 4 4 5 1 0 2 3 3 1 5 5 2 3 3 4 4 1 1 2 6 3 3 5 6 1 2 4 5 1 4 3 0 1 2 3 1 2 5 6 3 3 1 1 4 0 2 4 2 0 3 3 2 6 2 3 2 3 4 4 2 1 5 1 3 3 2 4 0 5 5 5 5 2 3 6 5 2 3 2 
5 1 2 5 6 1 4 3 2 3 2 0 2 4 3 4 3 6 5 3 4 1 5 2 3 6 1 3 6 2 5 1 2 5 5 5 4 5 2 4 4 5 3 3 3 6 1 7 3 1 2 2 4 4 2 6 4 3 4 4 1 6 3 3 4 3 0 5 5 3 3 3 1 4 2 2 0 1 1 3 3 0 1 4 5 6 4 3 3 5 0 4 6 6 0 0 5 6 4 3 3 3 5 2 1 6 5 4 4 4 6 4 3 3 3 2 0 0 2 2 6 7 0 3 2 4 2 4 0 3 1 3 0 1 2 5 0 3 0 2 4 6 4 3 6 3 4 0 3 6 2 6 4 4 4 1 4 4 5 0 5 4 
5 2 1 4 4 2 4 2 2 4 1 2 1 3 2 4 4 4 4 1 3 1 4 1 2 5 0 2 5 1 4 1 1 4 4 4 4 4 2 3 2 3 2 2 2 4 0 6 2 0 3 1 4 3 1 5 3 2 3 4 2 4 3 2 3 2 2 3 4 2 2 3 2 3 1 2 1 0 0 2 2 0 1 3 4 5 4 3 2 4 2 4 5 5 1 1 5 5 3 3 2 2 4 1 0 5 4 3 3 3 5 3 2 2 3 2 1 0 2 1 5 6 2 1 2 4 1 4 1 2 0 3 1 0 1 4 1 2 1 1 2 5 3 2 5 2 3 1 2 5 2 5 2 3 2 2 2 3 3 1 4 3 
4 4 0 2 4 3 2 2 1 3 1 3 2 2 2 2 3 3 3 0 2 1 3 0 2 3 2 1 4 0 4 1 1 3 3 3 3 3 2 2 3 2 0 0 2 4 2 4 1 2 2 0 2 2 1 3 1 2 2 3 2 3 1 2 2 2 3 3 2 2 1 2 2 2 0 2 1 1 1 2 2 2 1 2 3 4 3 3 1 3 3 3 4 4 1 2 3 3 2 1 1 1 4 1 1 4 4 1 2 2 3 2 1 1 2 2 2 2 0 0 4 5 3 1 0 2 2 3 2 1 1 2 2 1 0 4 2 1 2 1 2 4 1 0 4 1 2 3 1 3 1 3 2 3 3 2 1 3 3 2 2 1 
8 7 3 2 0 6 6 2 5 7 5 6 3 5 2 5 7 3 4 3 5 5 1 3 2 2 4 3 4 4 0 5 3 1 1 4 7 1 6 1 2 1 4 4 2 0 4 3 5 4 7 3 5 1 3 2 3 2 4 6 6 1 5 2 5 2 6 1 4 2 5 6 6 1 3 6 5 4 4 2 1 5 5 1 1 2 7 7 4 5 6 6 2 3 5 5 4 3 1 5 4 3 0 3 4 2 0 5 4 1 2 5 2 2 6 6 6 5 4 3 3 4 6 3 4 5 3 6 5 2 4 6 5 4 4 0 6 2 6 3 1 4 4 4 3 4 3 6 3 3 5 3 1 1 2 6 2 1 0 6 4 4 
5 1 2 5 6 1 4 3 2 3 2 0 2 4 4 4 3 6 6 3 4 1 5 2 3 6 2 3 6 2 6 1 3 6 5 5 3 5 1 4 4 5 3 3 4 6 1 7 3 1 2 3 4 5 3 6 4 4 4 4 1 6 3 3 4 3 1 5 5 3 2 3 1 4 2 1 0 2 1 3 4 0 1 4 5 7 3 3 3 5 0 4 6 6 0 0 5 6 4 3 3 3 6 2 2 6 6 3 4 4 6 3 3 4 2 1 0 1 2 2 7 7 0 3 2 4 3 3 0 4 1 2 0 1 2 6 0 3 0 3 4 6 4 3 7 3 4 0 3 6 2 6 4 5 4 0 4 5 5 0 5 4 
5 5 1 1 2 4 3 1 2 4 2 4 2 2 1 3 4 2 2 0 2 2 2 1 1 2 3 0 3 1 3 2 0 2 1 2 4 1 3 1 2 1 1 1 1 2 3 3 2 3 4 0 2 1 1 2 0 1 1 3 3 2 2 2 2 2 4 1 2 1 2 3 3 1 1 3 3 2 2 1 1 3 2 1 1 3 4 4 1 2 4 4 2 2 3 3 2 2 1 2 1 0 3 1 2 2 2 2 1 1 2 3 1 0 3 3 3 3 2 1 3 4 4 0 1 3 2 4 3 0 2 3 3 2 1 2 3 0 4 1 1 3 1 1 3 1 1 4 0 2 2 2 2 1 2 4 0 2 2 4 2 2 
5 1 2 5 6 1 4 4 2 3 2 0 3 4 4 4 3 6 6 3 4 1 6 2 4 6 2 3 6 2 6 1 3 6 5 6 3 5 1 4 4 5 3 3 4 6 1 7 3 1 2 3 4 5 3 6 4 4 4 4 1 6 3 4 4 3 1 5 5 3 2 3 1 4 2 1 1 2 1 4 4 1 1 4 5 7 3 3 3 5 0 4 6 6 0 0 5 6 4 3 3 4 6 2 2 6 6 4 4 5 6 3 3 4 2 1 0 1 2 2 7 7 0 3 2 4 3 3 0 4 1 2 0 1 2 6 0 4 0 3 4 6 4 3 7 3 4 0 3 6 2 6 4 5 4 0 4 5 5 0 5 4 
5 4 0 2 3 3 3 1 2 4 2 3 1 3 1 3 4 3 3 0 3 1 2 0 1 3 1 1 4 1 3 2 0 3 2 3 4 2 3 1 2 2 1 1 1 3 2 4 2 1 3 0 3 2 0 3 1 1 2 4 3 3 3 1 3 1 3 2 3 0 2 3 3 1 0 3 2 1 1 1 1 2 1 1 2 4 4 4 2 3 3 4 3 4 2 2 3 3 1 2 2 1 3 0 0 3 3 2 2 1 3 3 0 1 3 3 3 2 2 1 4 5 3 0 1 3 1 4 2 1 1 3 2 1 1 3 3 1 3 0 1 4 2 1 4 2 2 3 1 3 2 3 1 2 2 3 1 2 2 3 3 2 
6 5 1 2 1 5 4 1 3 5 3 5 2 3 0 4 5 2 3 1 4 3 1 1 1 2 3 1 3 2 2 3 1 1 1 3 5 1 4 0 1 1 2 2 0 1 3 3 3 3 5 1 3 0 1 2 1 0 2 5 4 2 3 1 4 1 4 1 3 1 3 4 4 0 1 4 3 2 3 0 0 3 3 0 1 2 5 5 2 3 4 5 2 3 3 3 3 3 0 3 2 1 2 1 2 2 1 3 2 0 2 4 0 0 4 4 4 3 3 2 3 4 4 1 2 4 2 5 4 0 3 4 4 2 2 1 4 1 4 1 0 3 2 2 3 2 2 4 1 2 3 2 1 0 1 4 0 1 1 4 3 3 
5 8 4 1 3 7 3 4 4 5 4 7 5 3 4 3 5 0 0 3 3 5 2 4 4 1 6 3 0 4 4 5 4 2 2 0 5 2 5 4 5 2 3 3 4 3 6 1 4 6 5 3 2 3 4 1 2 3 2 4 6 2 4 4 3 4 7 3 1 4 4 4 6 3 4 5 5 5 5 4 4 6 5 3 2 1 5 5 3 1 7 4 1 0 5 6 1 0 3 3 3 2 4 4 5 2 3 3 2 3 2 3 4 3 5 5 6 6 4 3 1 1 7 3 3 3 5 5 6 3 5 4 6 5 4 4 6 3 6 4 3 0 2 3 0 3 1 7 2 0 4 0 4 3 5 6 2 5 4 6 1 2 
4 5 2 1 3 5 1 3 1 3 2 4 3 1 2 1 3 2 1 1 1 2 2 2 3 3 4 1 2 1 4 2 2 3 2 1 3 2 3 3 4 2 0 0 2 4 3 3 1 3 3 1 1 2 2 2 1 2 0 2 3 3 1 3 1 3 5 3 1 2 1 2 3 2 2 3 3 3 2 2 2 3 2 2 2 3 3 3 0 1 4 2 3 2 3 3 1 2 2 1 0 0 4 2 3 3 3 0 0 2 3 1 2 1 3 3 4 3 1 1 3 3 4 1 1 1 3 2 3 2 3 2 4 3 1 4 4 1 4 2 2 2 0 0 3 0 0 4 0 2 1 2 3 3 4 4 1 4 3 4 1 0 
4 5 1 2 4 4 2 3 0 2 1 3 3 1 2 1 2 3 2 1 1 1 3 1 3 3 3 1 3 0 4 1 1 3 3 2 2 3 2 3 4 2 0 0 2 4 3 4 0 3 2 1 1 3 1 3 1 2 1 2 2 4 1 3 1 3 4 3 2 2 1 1 2 2 1 2 2 2 2 2 2 3 1 2 3 4 3 2 0 2 3 2 3 3 2 2 2 3 2 1 0 0 4 1 2 4 4 0 1 2 3 1 2 2 2 2 3 3 0 0 4 4 4 1 0 1 3 2 2 2 2 1 3 2 0 4 3 1 3 1 2 3 0 0 4 0 1 3 0 3 1 3 3 3 3 3 1 4 4 3 2 1 
6 8 4 1 2 7 4 4 4 6 5 7 5 3 4 4 6 0 1 3 4 5 1 4 4 1 6 3 0 4 4 5 4 2 2 1 6 1 6 3 5 2 3 3 3 3 6 0 4 6 6 4 3 2 4 1 2 3 2 5 6 2 4 4 4 4 7 2 2 4 4 5 6 3 4 6 6 5 5 4 3 6 5 3 2 0 6 6 3 2 7 5 1 0 6 6 2 1 3 4 3 3 4 4 5 1 3 3 2 2 1 4 4 3 6 6 7 6 4 4 0 0 7 3 4 4 5 5 6 3 5 5 6 5 4 3 7 3 7 4 3 0 3 4 0 4 2 7 3 0 4 0 4 3 4 7 2 4 4 7 1 3 
3 5 2 2 4 4 1 3 0 2 1 3 3 1 3 1 2 3 2 1 1 1 3 1 3 3 3 1 3 0 5 1 2 4 3 2 2 3 2 3 4 3 0 0 3 4 3 4 0 3 2 1 1 3 2 3 1 2 1 2 2 4 0 3 1 3 4 3 2 3 0 1 2 3 1 2 2 2 2 3 3 3 1 3 3 4 2 2 0 2 3 2 4 3 2 3 2 3 3 0 0 1 5 2 2 4 4 0 1 3 4 1 2 2 2 2 3 3 0 1 4 4 4 1 0 1 3 2 2 2 2 1 3 2 1 4 3 1 3 2 2 3 0 0 4 0 1 4 1 3 0 3 3 3 4 3 2 4 4 3 2 1 
4 6 2 1 3 5 2 3 2 4 2 5 3 1 3 2 4 1 1 2 2 3 2 2 3 2 4 1 1 2 4 3 2 2 2 1 3 2 4 3 4 2 1 1 2 3 4 2 2 4 4 2 1 2 2 2 1 2 0 3 4 2 2 3 2 3 5 2 0 3 2 3 4 2 2 4 3 3 3 2 2 4 3 2 2 2 4 4 1 1 5 3 2 1 4 4 1 1 2 2 1 1 4 2 3 2 3 1 0 2 2 2 2 2 3 3 4 4 2 2 2 2 5 2 2 1 4 3 4 2 3 3 4 3 2 3 4 1 4 2 2 1 0 1 2 1 0 5 1 1 2 1 3 3 4 4 1 4 3 4 0 0 
6 1 2 6 6 0 5 4 3 4 2 0 2 5 4 5 4 6 6 3 4 2 6 3 4 6 2 4 7 3 6 2 3 6 6 6 4 6 2 5 4 5 4 3 4 6 1 7 3 1 3 3 5 5 3 7 4 4 5 5 1 6 4 4 5 3 0 5 6 3 3 4 2 5 3 2 1 2 2 4 4 1 2 5 6 7 4 4 4 6 0 5 7 7 1 1 6 6 5 4 4 4 6 3 2 7 6 4 5 5 7 4 4 4 3 2 1 1 3 3 7 8 0 3 3 5 3 4 1 4 1 3 0 1 3 6 0 4 0 3 4 7 4 3 7 4 5 0 4 6 3 7 4 5 4 1 4 5 5 0 6 5 
4 5 1 1 3 4 2 2 1 3 2 4 2 1 2 2 3 2 2 0 2 2 2 1 2 2 3 0 2 1 4 2 1 2 2 2 3 2 3 2 3 2 0 0 2 3 3 3 1 3 3 1 1 2 1 2 0 1 1 3 3 3 2 2 2 2 4 2 1 2 1 2 3 2 1 3 2 2 2 2 2 3 2 2 2 3 3 3 0 2 4 3 3 2 2 3 2 2 1 1 0 0 4 1 2 3 3 1 1 1 3 2 2 1 3 3 3 3 1 0 3 4 4 1 1 2 3 3 3 1 2 2 3 2 1 3 3 0 3 1 1 2 0 0 3 1 1 4 0 2 1 2 2 2 3 3 1 3 3 3 1 1 
5 7 4 0 2 7 3 4 4 5 4 6 4 2 3 3 5 0 0 3 3 4 1 3 4 1 5 2 0 3 4 4 3 2 1 0 5 1 5 3 4 1 3 3 3 3 5 1 3 5 5 3 2 2 3 1 2 3 2 4 5 2 3 4 3 4 7 2 1 3 4 4 5 2 3 5 5 4 4 3 3 5 4 2 1 1 5 5 2 2 6 4 1 0 5 5 1 0 2 3 2 2 3 3 4 1 3 2 1 2 1 3 3 2 5 5 6 5 3 3 0 1 6 3 3 3 4 5 5 2 5 4 6 5 3 3 6 2 6 3 2 0 2 3 0 3 1 6 2 0 4 0 3 3 4 6 2 4 3 6 1 2 
3 4 2 3 5 3 1 3 0 1 0 3 3 1 3 1 1 4 3 2 1 1 4 2 3 4 3 2 4 1 5 1 2 4 4 3 1 4 1 4 4 3 1 1 3 5 3 5 0 3 1 2 1 4 2 4 2 3 2 1 1 5 0 3 1 3 3 4 2 3 0 0 1 3 2 1 2 2 1 3 3 2 1 3 4 5 2 1 1 2 3 1 4 4 2 2 3 3 3 0 1 2 5 2 2 5 5 1 2 3 4 1 3 3 1 1 2 2 0 1 4 5 3 2 0 1 3 1 2 3 2 0 2 2 1 5 2 2 2 2 3 4 1 1 4 0 2 3 1 4 0 4 4 4 4 2 2 5 5 2 3 1 
6 8 4 0 2 7 3 4 4 5 4 7 4 3 3 3 5 0 0 3 3 5 1 4 4 1 5 2 0 3 4 5 3 2 1 1 5 1 5 3 4 1 3 3 3 3 5 0 4 5 5 3 3 2 3 0 2 3 2 4 5 2 4 4 3 4 7 2 1 3 4 4 6 2 4 5 5 4 5 3 3 6 5 3 1 1 5 5 3 2 7 4 1 0 5 6 1 0 2 3 3 2 3 3 4 1 3 3 2 2 1 4 3 2 5 5 6 5 4 3 0 1 7 3 3 3 4 5 5 3 5 5 6 5 3 3 6 2 6 3 2 0 2 3 0 3 1 7 2 0 4 0 3 3 4 6 2 4 3 6 1 2 
7 5 2 3 2 4 5 0 4 6 4 4 1 4 0 5 6 3 4 2 5 3 2 2 0 3 2 2 4 3 1 4 1 2 2 4 6 2 5 0 0 1 3 3 0 2 3 4 4 2 5 2 4 1 1 3 2 1 4 5 4 2 4 0 5 0 4 1 4 0 4 5 5 1 2 5 3 2 3 0 0 3 3 0 2 3 6 6 3 4 4 6 3 4 3 4 4 4 1 4 3 2 1 1 2 3 1 4 3 1 3 5 1 1 5 4 4 3 3 2 4 5 4 1 3 5 1 5 4 1 3 5 4 2 2 1 4 2 4 1 1 4 3 3 4 3 3 4 2 3 4 3 0 0 0 4 1 0 0 4 4 4 
7 6 2 2 1 5 5 1 4 6 4 5 2 4 1 4 6 3 3 2 4 3 1 2 1 2 3 2 3 3 1 4 2 1 1 3 6 1 5 0 1 1 3 3 1 1 3 3 4 3 5 2 4 0 2 2 2 1 3 5 5 1 4 1 4 1 5 0 3 1 4 5 5 0 2 5 4 3 3 1 0 4 3 0 1 2 6 6 3 4 5 6 2 3 4 4 4 3 0 4 3 2 1 2 2 2 0 4 3 0 2 4 1 1 5 5 5 4 3 2 3 4 5 2 3 4 2 5 4 1 3 5 4 3 3 1 5 1 5 2 0 3 3 3 3 3 3 5 2 3 4 3 0 0 1 5 1 1 0 5 3 3 
8 5 2 3 2 4 5 0 4 6 4 4 1 5 1 5 6 4 4 2 5 3 3 2 0 3 2 2 5 3 1 4 2 2 2 4 6 2 5 1 0 2 3 3 1 2 3 5 4 2 6 2 5 2 2 3 3 1 4 6 4 3 5 0 5 0 4 1 4 1 4 5 5 1 2 5 4 2 3 1 1 3 3 1 2 4 6 6 3 5 4 6 3 4 3 4 5 4 1 5 4 3 1 2 2 3 2 4 4 2 3 5 1 2 5 5 4 3 4 3 4 5 4 2 3 5 1 6 4 1 3 5 4 2 3 2 4 2 4 2 1 5 4 3 4 4 4 4 3 4 4 4 0 1 0 5 2 0 1 4 4 4 
4 2 2 5 6 1 4 4 2 2 1 1 3 4 4 3 2 6 5 3 3 1 6 2 4 6 2 3 6 2 6 1 3 6 5 5 3 5 1 5 5 5 3 3 4 6 2 7 2 2 1 3 4 5 3 6 4 4 4 3 0 6 2 4 3 4 1 5 5 4 2 2 0 5 2 1 1 2 1 4 4 1 1 5 5 7 3 2 3 5 1 3 6 6 1 1 5 6 4 3 3 3 6 3 2 6 6 3 4 5 6 3 4 4 2 1 0 1 2 2 7 7 1 3 2 4 3 3 0 4 1 2 1 2 2 6 0 4 0 3 4 6 4 3 7 3 4 1 3 6 2 6 4 5 5 0 4 5 5 0 5 4 
5 5 1 1 2 5 3 1 2 4 2 4 2 2 1 3 4 2 2 1 3 2 1 1 1 2 3 0 2 2 3 3 1 1 1 2 4 1 4 1 2 1 1 1 1 2 3 3 2 3 4 1 3 1 1 2 0 0 2 4 4 2 3 1 3 2 4 1 2 1 2 3 4 0 1 4 3 2 2 1 1 3 2 1 1 2 5 4 1 3 4 4 2 2 3 3 2 2 0 2 2 1 2 1 2 2 2 2 2 0 2 3 1 0 4 3 4 3 2 1 2 3 4 0 2 3 2 4 3 0 3 3 4 2 1 2 4 0 4 1 0 2 1 1 2 2 1 4 1 2 2 2 1 1 2 4 0 2 2 4 2 2 
8 5 3 3 2 5 6 1 4 6 4 5 2 5 1 5 7 4 4 3 5 4 2 3 1 3 3 3 5 4 1 5 2 2 2 4 7 2 6 1 0 2 4 4 1 2 3 4 5 3 6 3 5 2 2 3 3 1 4 6 5 2 5 1 5 1 5 1 5 1 5 6 5 2 3 5 4 3 4 1 1 4 4 1 2 4 7 6 4 5 5 7 3 4 4 4 5 4 2 5 4 3 1 2 3 3 1 5 4 2 3 5 1 2 6 5 5 4 4 3 4 5 5 2 4 5 2 6 4 2 4 6 4 3 3 1 5 2 5 2 1 5 4 4 4 4 4 5 3 4 5 4 0 1 0 5 2 0 0 5 4 4 
8 6 3 3 1 5 5 1 4 6 4 5 2 5 1 5 6 3 4 2 5 4 2 3 1 2 3 2 4 4 0 5 2 1 1 4 6 2 6 0 1 1 4 3 1 1 4 4 4 3 6 3 5 1 2 3 2 1 4 6 5 2 5 1 5 1 5 1 4 1 5 5 6 1 3 6 4 3 4 1 1 4 4 1 2 3 7 6 4 5 5 6 2 3 4 4 4 4 1 5 4 3 0 2 3 2 0 4 4 1 2 5 1 2 6 5 5 4 4 3 3 4 5 2 4 5 2 6 5 1 4 5 5 3 3 0 5 2 5 2 1 4 3 4 4 4 3 5 3 3 5 3 0 0 1 5 2 0 0 5 4 4 
5 1 2 5 6 1 4 4 2 3 2 0 3 4 4 4 3 6 6 3 4 1 6 2 4 6 2 3 6 2 6 1 3 6 5 6 3 5 1 4 4 5 3 3 4 6 1 7 3 1 2 3 4 5 3 6 4 4 4 4 1 6 3 4 4 3 1 5 5 3 2 3 1 4 2 1 0 2 1 4 4 1 1 4 5 7 3 3 3 5 0 4 6 6 0 0 5 6 4 3 3 4 6 2 2 6 6 3 4 5 6 3 3 4 2 1 0 1 2 2 7 7 0 3 2 4 3 3 0 4 1 2 0 1 2 6 0 4 0 3 4 6 4 3 7 3 4 0 3 6 2 6 4 5 4 0 4 5 5 0 5 4 
4 7 3 1 3 6 2 4 3 4 3 6 4 1 3 2 4 1 0 2 2 4 2 3 4 2 5 2 1 3 4 4 3 2 2 0 4 2 4 3 4 2 2 2 3 3 5 2 2 5 4 2 1 2 3 2 1 3 1 3 4 3 2 4 2 4 6 3 0 3 3 3 5 2 3 4 4 4 4 3 3 5 4 3 2 2 4 4 2 1 6 3 2 1 4 5 0 0 2 2 2 1 4 3 4 2 3 2 0 2 2 2 3 2 4 4 5 5 3 2 1 2 6 3 2 2 4 3 5 3 4 3 5 4 2 4 5 2 5 3 3 1 1 2 1 2 0 6 1 1 3 1 4 3 4 5 2 4 4 5 0 1 
3 6 2 2 4 5 1 3 1 3 2 5 4 0 3 1 3 2 1 2 1 3 3 2 3 3 4 1 2 1 5 2 2 3 3 1 3 3 3 3 4 2 1 1 3 4 4 3 1 4 3 2 0 3 2 3 1 3 0 2 3 3 1 4 1 3 5 3 1 3 1 2 3 3 2 3 3 3 3 3 3 4 3 3 2 3 3 3 0 1 5 2 3 2 3 4 1 2 2 1 0 1 4 2 3 3 4 0 0 2 3 1 3 2 3 3 4 4 1 1 3 3 5 2 1 1 4 2 3 2 3 2 4 3 1 4 4 2 4 2 3 2 0 1 3 1 0 5 1 2 1 2 4 3 4 4 2 4 4 4 1 0 
