160 8640.01 0 1680 7 240
52.05 19.31 5.05 17.7 80.3 80.16 86.57 9.09 86.22 90.2 67.82 12.56 96.88 72.41 42.77 19.72 75.62 5.87 81.98 90.51 50.01 16.44 49.15 26.96 69.33 68.68 62.57 51.17 6.59 81.12 63.93 4.66 47.65 72.5 23.53 21.04 80.79 84.55 86.53 72.5 53.1 69.25 27.96 23.61 94.28 49.74 36.96 87.73 86.86 97.16 5.66 16.66 72.05 17.44 56.73 4.18 95.33 63.44 92.52 63.31 74.1 59.69 82.33 58.6 70.6 9.25 60.87 64.92 20.59 63.39 59.47 18.06 67.79 76.07 12.95 82.51 71.14 4.28 57.49 68.08 60.15 24.88 16.62 6.37 42.43 63.89 86.83 51.5 90.2 93.19 48.24 38.49 31.05 96.59 4.81 30.77 34.47 51.79 20.5 81.74 79.24 41.51 73.4 71.75 35.49 57.61 17.9 97.98 9.85 54.39 57.81 20.18 38.97 50.88 18.3 60.61 71.39 49.65 40.43 68.75 30.27 51.51 52.32 94.68 8.71 83.67 84.45 91.45 82.74 43.03 19.48 43.06 62.54 15.09 41.87 98.46 16.46 62.1 15.3 46.5 24.08 85.36 47.38 23.73 79.95 26.41 95.81 4.19 73.84 69.32 14.75 67.93 17.02 75.53 64.33 12.72 70.12 82.31 70.57 95.51 
20.6 85.49 63.85 44.52 38.97 64.83 30.23 73.93 37.73 25.59 59.64 37.1 26.23 41.37 48.1 56.52 10.67 26.77 24.99 59.8 73.6 42.07 16.58 76.61 52.08 77.41 51.41 69.25 40.06 43.86 60.97 59.8 51.82 31.23 63.05 20.92 29.95 81.71 21.25 12.02 54.53 65.54 41.15 17.26 57.07 60.45 51.8 71.95 85.14 65.03 29.22 81.85 61.71 85.32 79.31 51.97 74.49 20.19 57.36 80.05 19.01 42.42 11.17 37.34 71.02 25.38 69.92 59.38 51.31 15.84 56.23 18.86 76.95 40.81 26.41 17.67 77.43 40.27 28.55 17.49 10.56 23.07 60.15 38.29 61.45 10.04 33.51 14.93 57.16 53.45 32.68 24.06 28.46 74.09 33.74 69.7 14.16 38.41 69.18 55.81 46.87 22.56 34.37 37.3 59.12 59.93 81.37 21.58 10.39 58.85 21.05 86.49 33.93 33.5 74.89 73.34 28.45 46.36 43.84 31.86 11.55 71.45 53.23 53.37 49.12 10.42 53.16 71.81 73.48 11.49 31.38 31.07 56.07 35.09 31.63 49.98 87.92 82.22 25.57 79.33 20.44 72.36 71.3 36.71 17.56 83.16 52.7 25.74 30.49 34.14 50.03 50.91 77.32 56.88 21.56 66.78 27.96 83.47 83.53 86.45 
5 2 1 2 8 8 8 1 8 9 7 2 9 7 4 2 7 1 8 9 5 2 5 3 7 7 6 5 1 8 6 1 5 7 3 2 8 8 8 7 5 7 3 3 9 5 4 8 8 9 1 2 7 2 6 1 9 6 9 6 7 6 8 6 7 1 6 6 2 6 6 2 7 7 2 8 7 1 6 7 6 3 2 1 4 6 8 5 9 9 5 4 3 9 1 3 4 5 2 8 8 4 7 7 4 6 2 9 1 5 6 2 4 5 2 6 7 5 4 7 3 5 5 9 1 8 8 9 8 4 2 4 6 2 4 9 2 6 2 5 3 8 5 3 8 3 9 1 7 7 2 7 2 7 6 2 7 8 7 9 
1 2 3 4 5 6 7 8 9 10 11 12 13 14 15 16 17 18 19 20 21 22 23 24 25 26 27 28 29 30 31 32 33 34 35 36 37 38 39 40 41 42 43 44 45 46 47 48 49 50 51 52 53 54 55 56 57 58 59 60 61 62 63 64 65 66 67 68 69 70 71 72 73 74 75 76 77 78 79 80 81 82 83 84 85 86 87 88 89 90 91 92 93 94 95 96 97 98 99 100 101 102 103 104 105 106 107 108 109 110 111 112 113 114 115 116 117 118 119 120 121 122 123 124 125 126 127 128 129 130 131 132 133 134 135 136 137 138 139 140 141 142 143 144 145 146 147 148 149 150 151 152 153 154 155 156 157 158 159 160 
1 3 3 3 1 1 1 3 1 3 3 3 3 3 3 3 3 3 1 3 1 3 1 3 3 3 1 1 3 1 1 3 1 3 3 3 1 1 1 3 1 3 3 3 3 1 3 1 1 3 3 3 3 3 1 3 3 1 3 1 3 1 1 1 3 3 1 1 3 1 1 3 3 3 3 1 3 3 1 3 1 3 3 3 3 1 1 1 3 3 1 3 3 3 3 3 3 1 3 1 1 3 3 3 3 1 3 3 3 1 1 3 3 1 3 1 3 1 3 3 3 1 1 3 3 1 1 3 1 3 3 3 1 3 3 3 3 1 3 1 3 1 1 3 1 3 3 3 3 3 3 3 3 3 1 3 3 1 3 3 
3 2 3 2 3 3 3 3 3 2 2 2 2 2 3 2 2 3 3 2 3 2 3 2 2 2 2 3 3 3 2 3 3 2 2 2 3 3 3 2 3 2 2 2 2 3 3 3 3 2 3 2 2 2 2 3 2 2 2 2 2 2 3 2 2 3 2 2 2 2 2 2 2 2 2 3 2 3 2 2 2 2 2 3 3 2 3 3 2 2 3 3 2 2 3 2 3 3 2 3 3 3 2 2 3 2 2 2 3 3 2 2 3 3 2 2 2 3 3 2 2 3 3 2 3 3 3 2 3 3 2 3 2 2 3 2 2 2 2 3 2 3 3 2 3 2 2 3 2 2 2 2 2 2 2 2 2 3 2 2 
2 1 9 7 7 2 4 9 8 1 8 4 9 4 1 2 3 2 9 10 5 1 6 9 10 2 7 4 1 5 3 6 8 1 8 6 3 9 10 2 7 3 9 5 7 2 6 5 4 7 6 8 9 3 10 3 5 3 3 6 8 6 10 8 5 2 3 6 9 4 5 9 6 4 2 6 2 2 1 4 6 9 2 1 4 2 3 6 8 4 6 9 5 7 2 8 9 1 8 5 10 6 6 10 10 7 6 2 3 9 1 10 9 2 1 5 8 6 2 8 2 2 10 8 1 3 7 5 2 1 1 8 6 3 9 8 2 8 5 10 4 5 4 1 9 6 7 7 3 9 4 10 2 9 1 2 8 5 5 9 
3497.5 4471.16 4978.18 4435.39 4094.93 3565.88 4811.75 4806.53 3510.46 4305.15 3745.53 4820.98 4937.25 4813.02 4454.14 3526.72 4019.93 3380.13 4923.4 4014.88 3615.59 4031.01 4012.87 4952.02 4158.87 3333.87 4399.91 4767.31 3947.74 3799.17 4439.89 4063.63 3608.13 4056.86 3906.28 4051.85 3240.01 4920.61 4322.88 3415.37 4423.25 4052.36 4948.61 3563.01 4162.26 3471.25 4114.23 4131.11 4790.66 4441.44 4039.16 3671.06 4961.87 3393.05 4359.14 4484.82 4102.37 4537.17 4252.12 4054.53 3961.34 4072.26 3845.6 3831.68 3687.88 3442.99 3496.42 4126.05 4921.84 4791.4 3555.95 4924.14 4017.68 4818.99 3547.86 4069.42 3353.86 3763.19 4570.47 4865.44 4043.19 4880.39 3658.34 3951.21 4750.8 3600.9 4555.04 4095.93 3993.3 4832.63 4078.76 4946.13 3569.35 4283.91 3364.37 3596.63 4885.8 4345.56 3513.92 4169.58 4092.22 4097.42 4084.88 4008.88 4016.31 4306.48 4104.12 3476.91 3647.37 4833.36 4608.0 4451.35 4989.25 3598.37 4363.37 3796.28 3508.62 4077.77 3464.67 3780.72 3785.39 3589.23 4238.46 3749.13 4178.45 4119.82 4065.53 4081.87 3697.37 3989.85 3939.73 3795.09 4106.26 3906.46 4989.88 3604.08 3591.45 3762.41 4026.93 4367.23 4818.02 3507.72 4868.15 4525.76 4890.16 4121.9 4086.35 4163.3 3505.93 4843.83 4759.87 4399.21 3694.17 4986.59 4277.88 3504.78 3967.27 3948.07 4091.88 4906.17 
0.22 0.73 0.19 0.39 0.44 0.21 0.31 0.22 0.47 0.6 0.47 0.13 0.09 0.29 0.55 0.22 0.66 0.22 0.17 0.42 0.76 0.69 0.52 0.18 0.27 0.24 0.42 0.48 0.42 0.39 0.67 0.49 0.46 0.8 0.48 0.46 0.47 0.11 0.25 0.28 0.4 0.5 0.11 0.52 0.45 0.27 0.43 0.75 0.42 0.43 0.34 0.45 0.18 0.52 0.26 0.57 0.69 0.65 0.54 0.3 0.48 0.32 0.14 0.46 0.45 0.18 0.68 0.38 0.15 0.12 0.54 0.2 0.51 0.37 0.25 0.24 0.24 0.2 0.8 0.14 0.19 0.19 0.17 0.49 0.21 0.18 0.63 0.31 0.45 0.25 0.34 0.16 0.44 0.46 0.26 0.46 0.26 0.45 0.46 0.71 0.15 0.27 0.77 0.3 0.41 0.3 0.6 0.27 0.69 0.25 0.47 0.31 0.18 0.26 0.77 0.42 0.45 0.22 0.2 0.46 0.2 0.19 0.42 0.46 0.52 0.59 0.39 0.31 0.24 0.66 0.57 0.48 0.77 0.43 0.23 0.46 0.24 0.48 0.53 0.34 0.34 0.33 0.28 0.52 0.09 0.59 0.35 0.43 0.51 0.18 0.18 0.19 0.22 0.09 0.72 0.24 0.46 0.48 0.53 0.17 
0.73 0.96 0.5 0.69 1.0 0.6 0.5 0.58 0.71 0.5 0.7 0.74 0.82 0.8 0.52 0.55 0.61 1.0 1.0 1.0 1.0 0.87 0.73 0.77 0.99 0.78 0.92 1.0 0.7 1.0 1.0 0.55 1.0 0.82 0.81 0.91 0.57 0.82 1.0 1.0 0.6 0.56 0.53 0.65 0.86 0.52 0.6 0.71 0.73 0.88 0.53 0.72 0.81 0.95 0.52 0.68 1.0 1.0 0.52 1.0 1.0 0.54 1.0 1.0 0.75 0.9 0.65 0.57 0.62 0.72 1.0 0.88 0.53 0.84 1.0 0.87 1.0 1.0 0.86 1.0 0.76 1.0 0.84 0.74 0.81 0.53 1.0 0.61 1.0 1.0 1.0 0.5 1.0 0.69 0.85 0.8 0.72 0.62 0.61 0.55 0.65 0.52 0.98 0.67 0.55 0.69 1.0 0.69 0.73 0.6 1.0 0.72 0.85 1.0 0.86 0.82 0.72 0.76 0.52 0.97 0.84 0.97 0.72 0.6 0.79 0.64 0.66 1.0 1.0 0.69 0.82 1.0 0.51 0.76 0.68 0.56 0.55 0.66 1.0 0.84 0.95 0.83 1.0 1.0 0.61 1.0 0.56 0.94 0.89 1.0 0.58 0.78 0.56 0.53 1.0 1.0 0.81 0.67 0.6 1.0 
0.78 0.81 0.62 0.88 0.6 0.51 0.8 0.74 0.65 0.84 0.71 0.87 0.6 0.94 1.0 0.95 0.54 0.68 0.81 1.0 1.0 0.95 0.86 1.0 0.84 0.91 0.66 0.88 0.62 0.73 0.98 1.0 0.55 0.69 0.59 0.61 0.73 0.9 0.86 0.91 0.67 1.0 0.76 0.99 1.0 0.68 0.51 0.95 0.68 0.87 0.93 0.74 1.0 0.58 0.98 0.63 1.0 0.86 1.0 0.63 0.53 0.96 1.0 0.74 1.0 0.58 0.5 0.66 0.95 0.81 0.54 0.74 0.76 0.87 0.67 0.51 0.98 1.0 1.0 0.92 0.99 0.83 0.92 0.76 0.68 0.93 0.55 0.52 0.63 0.56 0.87 0.97 0.97 1.0 0.7 0.97 0.55 0.63 1.0 0.72 0.53 0.93 0.99 0.68 0.72 1.0 0.96 0.98 0.97 0.98 0.97 0.76 0.65 0.64 0.92 1.0 0.98 0.91 0.83 1.0 1.0 0.88 0.87 0.82 0.91 0.6 0.85 0.91 0.64 0.54 1.0 0.95 0.9 0.75 0.61 0.89 0.79 0.74 0.79 0.67 0.85 0.7 0.61 0.61 0.7 0.55 0.57 1.0 0.74 0.57 0.84 0.53 0.79 0.97 0.65 0.99 0.86 0.55 0.65 0.68 
0.81 0.72 0.54 0.66 0.76 0.94 0.72 0.59 0.68 0.92 0.71 0.8 0.66 1.0 1.0 1.0 0.87 0.89 0.61 1.0 0.56 0.95 0.56 0.95 0.6 0.63 0.75 0.71 0.62 1.0 0.86 0.74 0.91 0.53 0.88 0.78 0.57 1.0 0.55 0.81 0.97 0.98 0.59 0.68 0.76 0.77 0.8 0.68 0.67 1.0 0.61 0.56 0.67 0.61 0.95 0.95 0.56 0.93 1.0 0.52 0.59 1.0 0.93 0.8 0.83 1.0 0.64 0.52 0.66 0.53 0.72 0.63 0.84 0.56 0.92 0.93 0.92 0.6 0.81 0.65 0.94 0.94 0.8 0.93 0.87 0.93 1.0 0.79 0.8 0.91 1.0 0.69 1.0 0.53 0.9 0.85 1.0 0.76 1.0 0.78 0.84 0.88 0.86 0.6 0.55 0.64 0.55 1.0 0.9 0.69 0.52 0.87 0.71 0.8 0.99 0.93 0.99 0.88 0.65 0.58 0.63 0.66 0.65 0.98 0.66 0.56 0.54 0.75 1.0 0.86 0.86 0.92 0.57 0.74 0.97 0.79 1.0 0.53 0.56 0.67 0.62 0.98 0.98 0.94 1.0 0.65 0.94 0.7 1.0 0.95 0.74 0.54 0.52 0.85 1.0 0.99 0.7 1.0 0.6 0.51 
0.74 0.74 0.91 0.56 1.0 0.78 0.66 0.84 0.89 1.0 0.83 0.62 1.0 0.5 0.89 0.56 0.68 0.7 0.56 0.65 0.99 0.64 0.63 0.85 0.96 0.96 0.9 1.0 0.83 0.54 0.52 1.0 0.52 0.54 0.96 0.97 0.83 0.89 0.82 0.65 0.81 0.6 1.0 0.94 1.0 1.0 0.81 0.65 0.81 0.69 0.84 0.83 1.0 0.57 0.88 0.8 0.5 0.51 0.95 1.0 0.59 0.67 1.0 0.59 0.89 0.66 0.7 0.73 0.64 0.67 0.79 0.71 0.53 0.8 0.73 0.79 0.77 0.56 0.56 1.0 0.6 1.0 0.77 0.72 0.54 0.58 0.94 0.99 0.53 0.54 1.0 0.89 0.71 0.95 1.0 0.73 0.7 1.0 0.81 0.98 0.76 0.91 1.0 0.77 0.77 0.57 0.64 0.7 0.98 0.87 0.65 0.79 0.8 1.0 0.92 1.0 1.0 0.94 0.77 0.69 0.88 0.78 0.66 0.69 0.75 0.54 1.0 1.0 0.7 0.65 0.52 0.7 0.76 0.94 0.57 0.57 1.0 0.78 0.78 0.5 0.68 0.6 0.55 0.76 0.91 0.97 0.85 0.59 0.89 1.0 0.74 0.87 0.94 0.81 0.87 0.74 0.56 0.85 0.72 0.82 
1.0 1.0 0.63 0.78 0.58 0.88 0.85 0.67 0.86 0.77 0.83 0.59 0.56 0.72 1.0 0.69 0.54 0.92 0.6 0.94 1.0 0.53 0.63 1.0 0.97 1.0 0.97 1.0 0.96 0.99 0.9 1.0 0.65 0.86 0.75 0.76 0.98 0.77 0.82 1.0 0.58 0.9 0.82 0.99 1.0 0.55 0.97 0.73 0.92 1.0 0.88 1.0 0.91 0.57 0.78 0.92 0.56 0.83 1.0 0.94 0.69 0.6 0.57 0.58 0.82 1.0 0.65 0.56 0.93 0.65 0.54 0.97 1.0 0.74 0.9 0.75 0.63 1.0 0.67 0.78 0.89 0.55 0.58 0.83 0.98 0.59 0.61 0.71 0.69 1.0 0.95 0.55 1.0 0.92 0.74 0.88 0.82 1.0 0.62 0.76 0.98 0.71 0.69 0.75 1.0 0.83 0.59 0.77 0.97 1.0 0.7 0.95 1.0 0.95 0.93 0.64 0.59 0.7 0.65 0.8 0.59 0.62 0.72 0.71 0.57 0.65 0.74 0.97 1.0 0.58 0.91 0.81 0.7 0.85 1.0 0.8 0.74 0.8 0.85 0.62 0.74 1.0 0.88 0.51 1.0 0.58 0.82 0.79 0.96 0.67 0.82 0.88 0.97 0.77 1.0 0.72 0.92 1.0 0.96 0.75 
0.34 0.41 0.1 0.17 0.26 0.2 0.16 0.14 0.24 0.3 0.24 0.19 0.18 0.27 0.46 0.2 0.11 0.39 0.16 0.6 0.56 0.27 0.14 0.62 0.46 0.43 0.39 0.62 0.22 0.39 0.39 0.4 0.17 0.14 0.3 0.32 0.2 0.51 0.32 0.48 0.18 0.3 0.19 0.41 0.65 0.15 0.19 0.22 0.25 0.53 0.22 0.25 0.49 0.11 0.33 0.3 0.16 0.33 0.5 0.31 0.13 0.21 0.53 0.2 0.45 0.35 0.1 0.08 0.23 0.14 0.17 0.28 0.18 0.24 0.4 0.25 0.44 0.33 0.26 0.46 0.38 0.43 0.28 0.31 0.25 0.16 0.32 0.18 0.18 0.28 0.83 0.16 0.68 0.32 0.4 0.42 0.23 0.3 0.31 0.23 0.21 0.27 0.57 0.16 0.17 0.21 0.2 0.36 0.6 0.35 0.23 0.35 0.31 0.49 0.67 0.49 0.41 0.4 0.14 0.31 0.27 0.27 0.19 0.24 0.2 0.07 0.22 0.66 0.45 0.12 0.33 0.49 0.14 0.34 0.23 0.18 0.32 0.16 0.29 0.12 0.25 0.34 0.29 0.22 0.39 0.2 0.21 0.3 0.56 0.36 0.22 0.17 0.21 0.27 0.56 0.52 0.25 0.31 0.16 0.21 
1508.9 869.13 684.16 909.67 982.52 1660.33 1281.62 928.38 948.33 1014.19 763.77 1188.02 772.76 1410.27 855.53 1171.89 972.38 1092.81 794.98 1515.33 916.36 951.74 1669.76 863.87 1608.28 1172.93 1129.51 1140.07 986.3 628.55 991.79 1658.2 1065.04 1381.57 946.36 1201.36 752.33 799.42 1536.02 1465.71 873.1 1069.37 902.75 780.22 883.97 1499.39 1845.23 887.86 1254.83 1140.01 1623.75 1016.61 844.49 960.37 1566.99 765.91 794.08 1014.3 983.49 1281.31 1040.54 1398.17 1401.02 990.46 579.72 1068.25 1269.65 1706.9 738.29 755.51 605.09 837.52 1515.07 1332.31 1139.2 1224.73 1279.84 1480.61 1058.59 1178.73 1276.64 796.5 1295.17 756.07 1105.4 1376.04 1014.45 890.04 849.77 1242.82 1002.02 964.73 693.12 1044.81 1562.37 849.78 760.15 694.14 735.29 985.99 1445.19 1372.81 1309.03 1630.85 1644.08 981.75 1821.38 1483.66 1025.17 908.05 1346.48 1614.12 869.64 1231.28 943.42 475.0 902.51 1599.8 1376.64 771.13 1291.48 1134.78 1530.37 890.04 1154.77 822.06 841.73 659.0 1330.18 1074.45 838.87 819.26 2047.02 751.19 825.01 866.69 1333.17 803.05 680.12 1564.17 1219.71 500.07 1205.16 1044.76 840.61 1279.0 899.43 997.6 719.2 766.73 801.09 1507.97 1285.1 754.99 883.97 1286.18 959.06 590.77 755.69 848.31 
629.94 372.76 70.56 171.75 322.71 379.04 229.39 120.89 201.03 294.77 158.69 219.84 125.45 384.04 388.85 214.01 91.68 443.2 129.68 939.4 532.33 208.3 270.98 507.78 716.86 527.83 373.24 740.65 254.95 245.09 377.98 598.39 157.71 189.19 276.97 421.67 165.26 423.88 538.07 712.65 192.43 328.99 186.57 313.14 637.51 236.0 287.81 222.58 329.7 634.23 296.21 253.25 437.64 118.76 560.14 213.95 128.97 332.09 419.65 437.89 136.19 281.23 664.69 163.03 272.42 422.3 156.55 141.2 185.88 86.95 99.11 197.46 285.43 348.72 430.25 322.08 480.06 506.52 272.48 554.93 450.48 360.05 379.01 215.77 241.87 167.75 334.52 153.38 158.14 386.37 870.96 183.98 503.8 368.86 630.36 369.96 182.91 207.71 262.04 252.99 270.96 425.91 797.83 275.23 343.38 247.25 337.75 459.05 631.38 302.63 321.37 561.45 266.65 669.95 629.95 249.46 347.32 660.97 229.83 248.7 311.4 317.0 254.29 217.79 240.89 52.13 173.02 474.53 621.91 147.01 257.01 411.2 288.51 261.18 177.9 135.86 478.7 120.92 187.5 193.09 335.97 164.25 343.84 241.99 280.57 254.91 192.54 329.65 391.74 259.85 180.46 239.24 281.74 179.8 522.74 652.13 238.27 168.54 121.1 203.31 
7044.52 3845.63 2920.79 4048.35 4412.62 7801.67 5908.1 4141.9 4241.67 4570.93 3318.84 5440.11 3363.78 6551.34 3777.63 5359.44 4361.92 4964.06 3474.88 7076.65 4081.81 4258.68 7848.78 3819.34 7541.41 5364.65 5147.54 5200.36 4431.5 2642.74 4458.96 7791.0 4825.18 6407.87 4231.8 5506.79 3261.63 3497.09 7180.12 6828.57 3865.51 4846.84 4013.74 3401.1 3919.86 6996.97 8726.16 3939.32 5774.17 5200.04 7618.74 4583.06 3722.47 4301.84 7334.97 3329.54 3470.38 4571.49 4417.45 5906.53 4702.72 6490.84 6505.1 4452.28 2398.59 4841.27 5848.23 8034.48 3191.46 3277.57 2525.45 3687.59 7075.33 6161.54 5196.0 5623.67 5899.19 6903.05 4792.97 5393.63 5883.21 3482.5 5975.84 3280.35 5027.0 6380.22 4572.25 3950.22 3748.83 5714.08 4510.12 4323.63 2965.62 4724.04 7311.83 3748.92 3300.76 2970.68 3176.46 4429.97 6725.94 6364.03 6045.16 7654.23 7720.4 4408.77 8606.89 6918.28 4625.83 4040.27 6232.42 7570.59 3848.19 5656.38 4217.1 1874.99 4012.54 7499.01 6383.22 3355.65 5957.42 5173.9 7151.83 3950.22 5273.85 3610.28 3708.64 2795.01 6150.92 4872.25 3694.33 3596.31 9735.09 3255.97 3625.03 3833.46 6165.86 3515.24 2900.6 7320.85 5598.54 2000.37 5525.81 4723.79 3703.05 5895.02 3997.16 4487.99 3095.99 3333.65 3505.45 7039.85 5925.5 3274.96 3919.85 5930.9 4295.31 2453.84 3278.43 3741.56 
2649.68 1363.78 -147.21 358.76 1113.55 1395.22 646.97 104.45 505.15 973.83 293.47 599.2 127.27 1420.22 1444.25 570.07 -41.6 1716.02 148.38 4196.98 2161.65 541.51 854.88 2038.92 3084.32 2139.16 1366.2 3203.27 774.74 725.44 1389.92 2491.96 288.56 445.97 884.87 1608.36 326.29 1619.42 2190.33 3063.27 462.17 1144.93 432.86 1065.71 2687.54 679.99 939.05 612.91 1148.5 2671.15 981.04 766.25 1688.22 93.82 2300.72 569.74 144.87 1160.44 1598.26 1689.43 180.95 906.17 2823.43 315.17 862.1 1611.48 282.77 206.02 429.38 -65.25 -4.43 487.3 927.15 1243.62 1651.24 1110.42 1900.3 2032.6 862.41 2274.67 1752.41 1300.24 1395.04 578.84 709.36 338.73 1172.61 266.89 290.69 1431.87 3854.78 419.88 2018.98 1344.29 2651.82 1349.81 414.53 538.55 810.21 764.95 854.78 1629.56 3489.13 876.14 1216.91 736.23 1188.73 1795.27 2656.91 1013.17 1106.85 2307.26 833.23 2849.76 2649.77 747.29 1236.61 2804.87 649.13 743.51 1057.01 1084.98 771.43 588.94 704.44 -239.34 365.09 1872.66 2609.57 235.03 785.07 1556.0 942.55 805.91 389.52 179.32 1893.52 104.58 437.51 465.43 1179.84 321.26 1219.18 709.96 902.84 774.53 462.68 1148.23 1458.71 799.27 402.29 696.18 908.68 398.99 2113.71 2760.63 691.37 342.69 105.5 516.53 
69.95 178.85 199.13 177.42 81.9 71.32 96.23 192.26 70.21 172.21 149.82 192.84 197.49 192.52 178.17 141.07 160.8 135.21 98.47 160.6 72.31 161.24 80.26 198.08 166.35 133.35 88.0 95.35 157.91 75.98 88.8 162.55 72.16 162.27 156.25 162.07 64.8 98.41 86.46 136.61 88.47 162.09 197.94 142.52 166.49 69.43 164.57 82.62 95.81 177.66 161.57 146.84 198.47 135.72 87.18 179.39 164.09 90.74 170.08 81.09 158.45 81.45 76.91 76.63 147.52 137.72 69.93 82.52 196.87 95.83 71.12 196.97 160.71 192.76 141.91 81.39 134.15 150.53 91.41 194.62 80.86 195.22 146.33 158.05 190.03 72.02 91.1 81.92 159.73 193.31 81.58 197.85 142.77 171.36 134.57 143.87 195.43 86.91 140.56 83.39 81.84 163.9 163.4 160.36 160.65 86.13 164.16 139.08 145.89 96.67 92.16 178.05 199.57 71.97 174.53 75.93 140.34 81.56 138.59 151.23 151.42 71.78 84.77 149.97 167.14 82.4 81.31 163.27 73.95 159.59 157.59 151.8 82.13 156.26 199.6 144.16 143.66 75.25 161.08 87.34 192.72 70.15 97.36 181.03 97.8 164.88 163.45 166.53 140.24 193.75 190.39 175.97 147.77 199.46 85.56 140.19 158.69 78.96 163.68 196.25 
9 38 42 38 11 10 13 41 10 36 32 41 42 41 38 30 34 28 14 34 10 34 11 42 35 28 12 13 33 10 12 34 10 34 33 34 9 14 12 29 12 34 42 30 35 9 35 11 13 38 34 31 42 29 12 38 35 12 36 11 33 11 10 10 31 29 9 11 42 13 10 42 34 41 30 11 28 32 13 41 11 41 31 33 40 10 13 11 34 41 11 42 30 36 28 30 41 12 30 11 11 35 35 34 34 12 35 29 31 13 13 38 42 10 37 10 30 11 29 32 32 10 12 32 35 11 11 34 10 34 33 32 11 33 42 30 30 10 34 12 41 10 13 38 13 35 35 35 30 41 40 37 31 42 12 30 34 11 35 42 
49 66 145 75 174 83 174 223 158 124 211 40 153 109 137 1 92 194 11 59 112 50 110 18 125 200 146 94 109 64 239 97 93 189 228 24 180 36 134 28 197 28 49 24 34 186 116 43 41 35 108 87 18 45 95 103 27 45 55 38 17 79 197 79 23 207 216 142 211 104 81 97 175 82 104 82 199 147 7 233 96 120 136 81 11 2 61 217 202 204 46 26 214 192 14 42 186 236 178 92 82 177 88 195 5 51 62 57 51 100 4 147 157 114 77 92 226 122 126 143 203 51 213 42 131 193 219 2 81 52 199 72 175 18 208 132 78 135 102 25 7 52 108 167 128 198 217 0 69 135 170 103 33 195 233 85 126 171 181 208 
127 180 234 142 240 211 239 240 240 240 240 91 240 218 240 222 195 240 175 223 240 181 158 190 209 240 213 118 240 240 240 240 226 240 240 209 215 164 240 101 240 58 90 195 143 240 200 240 188 97 240 217 159 159 204 184 138 240 147 207 235 136 240 103 165 240 240 193 240 240 240 240 240 240 240 169 223 240 69 240 240 152 217 225 68 108 110 240 240 240 152 132 240 240 164 206 240 240 240 240 193 240 200 219 204 240 116 240 198 240 189 190 240 240 221 159 240 240 240 240 240 86 240 96 204 225 240 141 240 240 240 129 240 212 240 240 233 240 240 57 135 164 240 240 204 240 240 164 131 240 240 231 178 240 240 240 240 240 240 240 
10
0.0 0.0 0.0 0.0 0.0 0.0 0.0 0.0 0.0 0.0 
100.0 100.0 100.0 0.0 100.0 0.0 0.0 100.0 100.0 100.0 
0 0 0 14 0 14 14 0 0 0 13 3 5 8 14 12 15 3 15 16 11 9 17 13 9 6 16 10 15 14 8 8 13 5 12 10 11 8 8 14 10 5 9 14 6 11 15 12 16 16 9 11 9 12 14 9 8 13 12 14 10 3 11 3 8 6 14 14 14 9 15 11 17 12 10 10 9 10 7 15 10 11 10 13 10 16 10 8 13 15 15 11 6 8 8 15 15 14 14 14 11 12 11 14 9 6 13 11 5 13 13 12 14 13 7 10 3 17 12 9 13 3 10 11 4 9 14 10 9 13 13 8 10 15 7 17 13 13 12 14 10 11 10 9 11 15 2 9 10 7 11 12 7 9 16 4 15 10 14 13 7 11 4 12 14 5 14 11 10 13 
0 0 0 14 0 14 14 0 0 0 13 3 5 8 14 12 15 3 15 16 11 9 17 13 9 6 16 10 15 14 8 8 13 5 12 10 11 8 8 14 10 5 9 14 6 11 15 12 16 16 9 11 9 12 14 9 8 13 12 14 10 3 11 3 8 6 14 14 14 9 15 11 17 12 10 10 9 10 7 15 10 11 10 13 10 16 10 8 13 15 15 11 6 8 8 15 15 14 14 14 11 12 11 14 9 6 13 11 5 13 13 12 14 13 7 10 3 17 12 9 13 3 10 11 4 9 14 10 9 13 13 8 10 15 7 17 13 13 12 14 10 11 10 9 11 15 2 9 10 7 11 12 7 9 16 4 15 10 14 13 7 11 4 12 14 5 14 11 10 13 
0 0 0 14 0 14 14 0 0 0 13 3 5 8 14 12 15 3 15 16 11 9 17 13 9 6 16 10 15 14 8 8 13 5 12 10 11 8 8 14 10 5 9 14 6 11 15 12 16 16 9 11 9 12 14 9 8 13 12 14 10 3 11 3 8 6 14 14 14 9 15 11 17 12 10 10 9 10 7 15 10 11 10 13 10 16 10 8 13 15 15 11 6 8 8 15 15 14 14 14 11 12 11 14 9 6 13 11 5 13 13 12 14 13 7 10 3 17 12 9 13 3 10 11 4 9 14 10 9 13 13 8 10 15 7 17 13 13 12 14 10 11 10 9 11 15 2 9 10 7 11 12 7 9 16 4 15 10 14 13 7 11 4 12 14 5 14 11 10 13 
14 14 14 0 14 0 0 14 14 14 7 12 9 6 12 14 13 10 13 13 12 5 14 11 9 8 10 3 12 15 12 6 7 11 12 14 11 12 5 13 12 8 10 11 9 4 12 16 12 10 10 13 7 4 15 11 9 16 17 16 4 11 13 12 13 7 17 9 15 14 10 10 11 9 14 3 13 12 7 9 11 3 14 12 4 12 15 5 9 10 8 4 8 5 10 9 13 7 15 15 8 6 6 17 4 10 5 9 10 14 13 6 11 11 9 11 11 14 2 11 8 12 7 8 11 13 10 9 8 10 4 12 10 15 7 12 14 16 15 6 5 7 11 5 7 15 12 14 4 13 4 15 12 6 11 12 15 3 11 11 7 12 11 13 9 9 10 16 15 18 
0 0 0 14 0 14 14 0 0 0 13 3 5 8 14 12 15 3 15 16 11 9 17 13 9 6 16 10 15 14 8 8 13 5 12 10 11 8 8 14 10 5 9 14 6 11 15 12 16 16 9 11 9 12 14 9 8 13 12 14 10 3 11 3 8 6 14 14 14 9 15 11 17 12 10 10 9 10 7 15 10 11 10 13 10 16 10 8 13 15 15 11 6 8 8 15 15 14 14 14 11 12 11 14 9 6 13 11 5 13 13 12 14 13 7 10 3 17 12 9 13 3 10 11 4 9 14 10 9 13 13 8 10 15 7 17 13 13 12 14 10 11 10 9 11 15 2 9 10 7 11 12 7 9 16 4 15 10 14 13 7 11 4 12 14 5 14 11 10 13 
14 14 14 0 14 0 0 14 14 14 7 12 9 6 12 14 13 10 13 13 12 5 14 11 9 8 10 3 12 15 12 6 7 11 12 14 11 12 5 13 12 8 10 11 9 4 12 16 12 10 10 13 7 4 15 11 9 16 17 16 4 11 13 12 13 7 17 9 15 14 10 10 11 9 14 3 13 12 7 9 11 3 14 12 4 12 15 5 9 10 8 4 8 5 10 9 13 7 15 15 8 6 6 17 4 10 5 9 10 14 13 6 11 11 9 11 11 14 2 11 8 12 7 8 11 13 10 9 8 10 4 12 10 15 7 12 14 16 15 6 5 7 11 5 7 15 12 14 4 13 4 15 12 6 11 12 15 3 11 11 7 12 11 13 9 9 10 16 15 18 
14 14 14 0 14 0 0 14 14 14 7 12 9 6 12 14 13 10 13 13 12 5 14 11 9 8 10 3 12 15 12 6 7 11 12 14 11 12 5 13 12 8 10 11 9 4 12 16 12 10 10 13 7 4 15 11 9 16 17 16 4 11 13 12 13 7 17 9 15 14 10 10 11 9 14 3 13 12 7 9 11 3 14 12 4 12 15 5 9 10 8 4 8 5 10 9 13 7 15 15 8 6 6 17 4 10 5 9 10 14 13 6 11 11 9 11 11 14 2 11 8 12 7 8 11 13 10 9 8 10 4 12 10 15 7 12 14 16 15 6 5 7 11 5 7 15 12 14 4 13 4 15 12 6 11 12 15 3 11 11 7 12 11 13 9 9 10 16 15 18 
0 0 0 14 0 14 14 0 0 0 13 3 5 8 14 12 15 3 15 16 11 9 17 13 9 6 16 10 15 14 8 8 13 5 12 10 11 8 8 14 10 5 9 14 6 11 15 12 16 16 9 11 9 12 14 9 8 13 12 14 10 3 11 3 8 6 14 14 14 9 15 11 17 12 10 10 9 10 7 15 10 11 10 13 10 16 10 8 13 15 15 11 6 8 8 15 15 14 14 14 11 12 11 14 9 6 13 11 5 13 13 12 14 13 7 10 3 17 12 9 13 3 10 11 4 9 14 10 9 13 13 8 10 15 7 17 13 13 12 14 10 11 10 9 11 15 2 9 10 7 11 12 7 9 16 4 15 10 14 13 7 11 4 12 14 5 14 11 10 13 
0 0 0 14 0 14 14 0 0 0 13 3 5 8 14 12 15 3 15 16 11 9 17 13 9 6 16 10 15 14 8 8 13 5 12 10 11 8 8 14 10 5 9 14 6 11 15 12 16 16 9 11 9 12 14 9 8 13 12 14 10 3 11 3 8 6 14 14 14 9 15 11 17 12 10 10 9 10 7 15 10 11 10 13 10 16 10 8 13 15 15 11 6 8 8 15 15 14 14 14 11 12 11 14 9 6 13 11 5 13 13 12 14 13 7 10 3 17 12 9 13 3 10 11 4 9 14 10 9 13 13 8 10 15 7 17 13 13 12 14 10 11 10 9 11 15 2 9 10 7 11 12 7 9 16 4 15 10 14 13 7 11 4 12 14 5 14 11 10 13 
0 0 0 14 0 14 14 0 0 0 13 3 5 8 14 12 15 3 15 16 11 9 17 13 9 6 16 10 15 14 8 8 13 5 12 10 11 8 8 14 10 5 9 14 6 11 15 12 16 16 9 11 9 12 14 9 8 13 12 14 10 3 11 3 8 6 14 14 14 9 15 11 17 12 10 10 9 10 7 15 10 11 10 13 10 16 10 8 13 15 15 11 6 8 8 15 15 14 14 14 11 12 11 14 9 6 13 11 5 13 13 12 14 13 7 10 3 17 12 9 13 3 10 11 4 9 14 10 9 13 13 8 10 15 7 17 13 13 12 14 10 11 10 9 11 15 2 9 10 7 11 12 7 9 16 4 15 10 14 13 7 11 4 12 14 5 14 11 10 13 
13 13 13 7 13 7 7 13 13 13 0 10 9 5 4 7 5 9 5 5 6 6 6 4 4 6 3 6 4 7 7 5 0 8 5 8 4 6 7 5 6 8 4 3 7 4 4 9 4 3 4 6 4 4 7 5 4 8 10 9 6 10 6 10 8 8 9 1 7 8 3 3 4 2 7 6 7 5 6 1 5 4 8 4 5 4 8 7 1 2 1 3 7 6 5 2 5 0 7 7 1 1 3 9 7 7 2 2 8 6 5 1 3 3 5 5 9 6 6 5 0 10 2 1 9 7 2 3 3 2 3 7 4 7 7 4 6 9 8 1 4 1 5 5 2 7 10 8 5 8 3 8 7 4 4 9 7 6 3 3 6 4 9 6 1 8 2 9 9 11 
3 3 3 12 3 12 12 3 3 3 10 0 3 5 10 9 12 2 11 13 7 6 13 9 6 4 13 8 12 10 4 6 10 1 8 7 7 5 6 10 7 4 6 10 3 9 11 9 13 12 6 7 6 9 11 5 5 9 9 11 8 0 8 0 5 5 10 11 11 6 12 8 13 8 7 8 6 7 4 11 7 9 7 10 8 13 7 6 9 11 12 8 3 6 4 12 12 11 10 11 8 9 8 11 7 2 10 8 2 9 10 9 10 10 4 6 0 14 10 6 10 0 7 8 1 6 11 7 6 10 10 5 6 11 5 14 10 10 9 11 7 8 7 7 8 12 0 6 8 3 9 9 4 6 13 1 11 8 11 10 5 8 1 9 11 2 10 9 7 10 
5 5 5 9 5 9 9 5 5 5 9 3 0 3 11 10 12 1 12 13 8 3 14 10 5 2 12 5 12 12 6 3 9 3 9 9 8 6 3 11 8 0 6 10 2 6 11 11 13 12 6 9 4 7 12 6 4 11 12 13 4 3 9 3 7 1 12 10 12 8 11 8 13 8 9 5 8 8 2 10 7 6 9 10 5 12 9 3 9 11 10 6 1 3 5 11 12 9 12 12 7 7 6 13 4 3 8 7 2 11 10 7 10 10 4 7 3 14 7 7 9 3 6 7 2 8 10 6 5 10 8 6 6 12 2 13 11 12 11 9 5 7 8 4 6 13 3 8 5 6 6 11 6 4 12 4 13 5 10 10 2 9 2 10 10 1 10 11 9 13 
8 8 8 6 8 6 6 8 8 8 5 5 3 0 8 9 10 4 9 10 7 1 11 7 3 1 9 3 9 10 6 0 6 4 7 8 6 5 1 9 7 2 4 8 2 3 9 10 10 9 5 7 1 3 11 5 2 10 11 11 2 5 8 5 7 2 11 7 10 8 8 6 10 5 8 2 7 7 1 7 6 3 8 8 2 10 8 2 6 8 7 3 2 1 4 8 10 6 10 10 4 4 2 12 2 4 4 4 3 9 8 4 8 7 3 6 5 11 5 5 6 6 3 4 4 7 8 4 3 7 5 6 5 11 1 10 9 11 10 5 1 4 6 1 3 11 6 8 2 6 3 10 5 1 9 5 11 3 8 7 0 7 4 8 7 3 7 10 9 12 
14 14 14 12 14 12 12 14 14 14 4 10 11 8 0 3 1 11 0 2 3 9 2 1 5 9 4 10 2 3 6 9 5 9 2 5 3 6 10 0 3 11 5 1 8 8 1 6 2 4 4 4 7 8 3 5 6 4 6 4 10 10 3 11 6 11 5 3 3 6 2 2 3 3 4 10 5 3 8 4 3 9 5 0 9 3 5 10 3 3 4 8 9 10 6 4 1 5 2 2 4 6 7 5 10 8 7 4 9 2 1 6 1 1 7 4 10 3 10 4 4 10 5 4 10 5 1 4 5 1 8 6 4 2 10 4 2 4 4 6 8 5 3 9 5 3 11 6 9 7 8 4 6 8 3 9 2 11 1 1 9 2 10 2 3 10 2 6 6 7 
12 12 12 14 12 14 14 12 12 12 7 9 10 9 3 0 5 10 3 5 1 10 6 3 5 8 7 11 5 1 4 9 8 7 2 2 3 4 11 2 2 10 5 4 8 10 4 2 6 7 4 1 8 10 2 4 6 1 3 2 11 9 1 9 3 11 2 6 2 3 6 4 7 4 1 11 2 2 8 7 3 11 2 3 11 6 2 11 6 6 8 9 9 11 5 8 4 8 1 2 6 8 8 2 11 7 9 5 8 1 2 8 4 4 6 3 9 6 12 3 7 9 7 6 8 3 5 5 6 4 10 4 4 2 10 7 1 1 1 9 9 7 2 10 7 3 9 3 10 5 10 1 4 9 6 8 2 12 4 4 9 2 9 1 6 9 5 2 3 3 
15 15 15 13 15 13 13 15 15 15 5 12 12 10 1 5 0 12 1 0 4 10 1 2 6 10 3 11 0 4 8 10 5 10 3 7 4 7 11 2 5 12 6 2 10 9 0 7 1 3 5 5 8 9 3 6 7 5 7 5 11 12 4 12 8 12 6 3 3 7 2 4 2 4 6 11 6 5 9 3 5 9 7 2 10 1 7 11 4 3 4 8 10 11 7 4 0 5 3 3 5 6 7 6 11 9 7 5 10 3 2 6 1 2 8 5 12 2 11 6 4 12 6 5 11 7 2 5 6 2 8 7 5 3 11 2 3 5 6 6 9 6 5 10 6 3 12 8 10 9 9 6 8 9 2 11 3 11 1 2 10 3 11 4 3 11 2 7 7 8 
3 3 3 10 3 10 10 3 3 3 9 2 1 4 11 10 12 0 12 13 8 5 14 10 6 2 13 6 12 11 5 4 9 2 9 8 8 6 4 11 8 2 6 10 2 7 12 10 13 12 6 8 5 8 12 6 5 11 11 12 6 1 9 2 6 3 12 10 12 7 12 8 13 8 8 6 7 8 3 11 7 7 8 10 6 13 8 4 9 11 11 7 2 5 5 12 12 10 11 12 8 8 7 12 5 3 9 7 1 10 10 8 10 10 4 7 1 14 9 6 10 2 7 8 1 7 11 7 6 10 9 6 6 12 3 13 11 11 10 10 6 7 8 5 7 13 2 7 6 5 7 10 5 5 12 2 12 6 11 10 3 9 1 9 10 1 10 10 8 12 
15 15 15 13 15 13 13 15 15 15 5 11 12 9 0 3 1 12 0 1 4 10 2 2 6 9 4 11 1 3 7 9 6 10 3 6 3 6 11 1 4 12 5 2 9 9 1 6 2 4 5 4 8 9 2 6 7 4 6 4 11 11 3 11 7 11 5 4 2 6 3 3 3 3 5 11 5 4 9 4 4 10 6 1 10 2 6 11 4 3 5 9 10 11 7 5 0 5 2 2 5 7 7 5 11 9 8 4 10 2 1 6 1 2 7 5 11 2 11 5 4 11 6 5 11 6 2 5 6 2 8 6 5 2 11 3 2 4 5 7 9 6 4 10 6 2 12 7 10 8 9 4 7 8 3 10 2 11 2 2 10 3 11 3 3 11 2 6 6 7 
16 16 16 13 16 13 13 16 16 16 5 13 13 10 2 5 0 13 1 0 5 11 0 3 7 10 2 12 1 4 8 10 6 11 4 8 5 8 12 2 6 13 7 2 10 9 1 8 0 3 6 6 9 9 4 7 8 6 8 5 12 13 5 13 9 12 7 3 4 8 2 4 2 4 7 11 7 6 10 4 6 10 8 2 11 1 7 12 4 3 4 9 11 12 8 4 1 5 4 4 6 7 8 6 12 10 8 5 11 4 3 6 2 3 9 6 13 1 11 6 4 13 7 5 12 8 2 6 7 3 8 8 6 4 12 2 4 6 6 7 10 6 5 10 6 3 13 9 10 9 9 6 8 9 1 12 3 12 2 3 11 4 12 4 3 12 2 8 8 8 
11 11 11 12 11 12 12 11 11 11 6 7 8 7 3 1 4 8 4 5 0 8 6 2 3 6 7 10 5 3 3 7 6 6 1 2 1 2 9 2 0 9 3 4 6 8 4 3 6 6 2 0 6 8 3 2 4 3 4 4 9 7 0 8 3 9 4 5 3 2 5 2 7 3 1 9 1 0 6 6 1 9 2 2 9 6 2 9 4 6 7 8 7 9 3 7 4 6 3 3 4 6 6 4 9 5 8 3 6 2 2 6 3 3 4 1 7 6 10 1 5 7 5 4 7 2 4 3 4 3 8 2 2 3 8 7 2 3 2 7 7 5 0 8 5 4 8 3 8 4 8 3 3 7 6 6 4 10 4 3 7 1 7 1 5 7 4 3 3 5 
9 9 9 5 9 5 5 9 9 9 6 6 3 1 9 10 10 5 10 11 8 0 12 8 4 2 9 1 10 11 7 0 5 6 8 9 7 7 0 9 8 3 5 8 4 2 9 12 10 9 6 9 2 3 12 6 4 11 12 12 1 6 9 6 8 2 12 7 11 9 9 6 10 6 9 1 8 8 2 7 7 2 9 9 1 10 10 1 6 8 7 2 3 0 5 8 10 6 11 11 5 4 2 13 1 5 4 5 4 10 9 4 8 8 4 7 6 12 3 6 6 7 3 5 5 8 8 5 4 8 4 7 6 11 1 10 10 12 11 5 1 4 7 0 4 12 7 9 1 7 2 11 6 1 10 6 12 2 8 8 1 8 5 9 7 4 8 11 10 13 
17 17 17 14 17 14 14 17 17 17 6 13 14 11 2 6 1 14 2 0 6 12 0 4 8 11 3 13 2 4 9 11 6 12 5 8 6 8 13 3 6 14 7 3 11 10 2 8 1 4 7 6 10 10 4 8 9 6 8 5 13 13 6 14 9 13 6 4 4 9 3 5 2 5 7 12 8 6 11 5 6 11 8 3 11 2 8 13 5 4 5 10 12 13 9 5 1 6 4 3 7 8 9 6 13 11 9 6 12 4 3 7 3 3 9 7 13 0 12 7 5 13 8 6 13 8 3 7 8 4 9 9 7 3 13 2 4 6 7 7 11 7 6 11 7 3 14 9 11 10 10 6 9 10 2 12 3 13 3 4 12 5 13 5 4 13 3 8 9 8 
13 13 13 11 13 11 11 13 13 13 4 9 10 7 1 3 2 10 2 3 2 8 4 0 4 7 4 9 2 3 5 7 4 8 1 5 2 5 9 1 3 10 3 1 7 7 2 6 3 4 3 3 6 7 3 4 5 4 6 4 9 9 2 10 5 9 5 3 3 5 3 1 4 2 4 9 4 2 7 3 2 8 5 0 8 3 5 9 2 3 4 7 8 9 5 4 2 4 3 3 3 5 6 5 9 7 6 2 8 2 1 5 1 0 5 3 9 4 9 3 3 9 4 3 9 4 1 3 4 1 7 5 3 3 9 4 2 5 4 5 7 4 2 8 4 3 10 6 8 6 7 4 5 6 3 8 3 9 1 1 8 1 9 2 3 9 1 6 6 7 
9 9 9 9 9 9 9 9 9 9 4 6 5 3 5 5 6 6 6 7 3 4 8 4 0 3 7 6 6 7 3 3 4 4 3 5 2 3 5 5 3 5 0 4 3 4 6 7 7 6 1 4 2 5 7 2 0 7 8 8 5 6 4 6 4 5 8 4 7 5 6 2 7 2 5 5 4 3 3 5 2 5 5 4 5 7 5 5 3 5 5 4 4 5 1 6 6 4 6 7 2 3 3 8 5 3 4 1 4 5 5 3 4 4 1 2 5 8 7 2 4 6 2 2 5 4 4 1 0 4 5 3 1 7 4 7 5 7 6 5 4 2 3 4 2 7 6 5 5 4 4 7 3 3 6 5 7 6 5 4 4 3 5 4 4 5 4 7 6 9 
6 6 6 8 6 8 8 6 6 6 6 4 2 1 9 8 10 2 9 10 6 2 11 7 3 0 10 4 9 10 4 2 7 3 7 7 6 4 3 8 6 2 4 8 1 5 9 9 10 9 4 7 2 5 10 4 2 9 10 11 4 3 7 4 6 2 11 8 10 7 9 6 11 6 7 4 6 6 0 8 5 5 7 8 4 10 7 3 6 8 8 4 0 3 3 9 10 7 10 10 5 5 4 11 3 2 6 5 1 8 8 5 8 7 2 5 3 12 6 4 7 4 4 5 2 6 8 4 3 7 6 5 4 10 1 11 9 10 9 7 3 4 6 3 4 11 4 7 4 5 5 9 4 2 10 3 10 4 8 7 1 6 2 7 8 1 8 9 8 11 
16 16 16 10 16 10 10 16 16 16 3 13 12 9 4 7 3 13 4 2 7 9 3 4 7 10 0 10 2 7 9 9 3 11 5 9 6 9 10 4 7 12 7 2 10 7 2 10 2 0 7 7 8 7 7 8 8 8 10 8 10 13 7 13 10 11 9 2 7 10 1 5 0 4 8 9 8 7 9 1 6 8 9 4 9 1 9 11 3 1 2 7 11 10 8 1 3 3 6 6 5 5 6 9 10 10 5 5 11 6 5 5 3 3 8 7 13 3 9 7 2 13 6 4 12 9 2 6 6 3 6 9 6 6 11 1 6 9 9 4 8 5 6 9 5 6 13 10 8 10 7 8 9 8 1 12 6 10 2 3 10 5 12 6 2 12 2 10 10 11 
10 10 10 3 10 3 3 10 10 10 6 8 5 3 10 11 11 6 11 12 10 1 13 9 6 4 10 0 10 12 9 2 6 7 9 11 8 8 1 11 9 4 6 9 5 2 10 13 11 9 7 10 3 2 13 7 5 13 14 14 0 8 10 8 10 3 14 8 13 11 9 8 11 7 11 0 9 9 4 8 8 2 11 10 1 11 11 1 7 8 8 2 5 1 7 8 11 6 12 13 6 4 3 14 1 7 4 6 6 11 10 5 9 9 6 8 7 13 2 8 7 8 4 6 7 10 9 6 5 9 4 9 7 13 3 11 11 13 12 5 2 5 9 1 5 13 8 11 1 9 2 13 8 2 10 8 13 0 9 9 3 9 7 10 8 5 9 13 12 15 
15 15 15 12 15 12 12 15 15 15 4 12 12 9 2 5 0 12 1 1 5 10 2 2 6 9 2 10 0 5 8 9 4 10 4 7 4 7 10 2 5 12 6 1 9 8 0 8 0 2 5 6 8 8 4 6 7 6 8 6 10 12 5 12 8 11 7 2 4 8 1 4 1 3 6 10 7 5 9 2 5 9 7 2 9 1 7 11 3 2 3 8 10 10 7 3 1 4 4 4 4 6 7 7 11 9 6 4 10 4 3 5 1 2 8 6 12 2 10 6 3 12 6 4 11 7 1 5 6 2 7 7 5 4 11 2 4 6 6 5 8 5 5 9 5 4 12 8 9 9 8 6 8 8 1 11 4 11 1 2 10 4 11 4 2 11 1 8 8 8 
14 14 14 15 14 15 15 14 14 14 7 10 12 10 3 1 4 11 3 4 3 11 4 3 7 10 7 12 5 0 6 10 8 9 3 4 4 5 12 2 3 12 6 4 9 11 4 3 5 7 5 3 9 11 0 5 7 1 3 1 12 11 2 11 5 12 2 6 0 4 6 5 7 5 3 12 4 3 10 7 4 11 4 3 12 6 3 12 6 6 8 10 10 12 6 8 3 8 0 0 7 9 9 2 12 8 10 6 10 1 2 8 4 4 7 4 10 5 13 5 7 10 8 6 10 4 5 6 7 5 11 5 5 1 11 7 1 1 2 9 10 7 4 11 8 1 11 5 11 6 11 1 6 10 6 9 1 13 4 4 10 3 10 2 6 11 5 3 4 3 
8 8 8 12 8 12 12 8 8 8 7 4 6 6 6 4 8 5 7 8 3 7 9 5 3 4 9 9 8 6 0 6 8 3 4 2 3 0 7 6 2 6 3 6 4 8 7 5 9 9 2 2 5 8 6 1 3 5 5 6 8 4 3 4 1 7 6 7 6 2 8 4 10 5 2 9 1 2 5 8 2 9 2 5 8 9 3 8 6 8 9 8 5 8 2 9 7 8 6 6 5 7 6 6 8 2 8 5 4 5 5 7 6 6 2 2 4 10 10 2 7 4 5 5 4 1 7 3 4 6 9 0 2 7 6 10 5 5 4 8 7 6 3 7 6 7 5 2 8 0 8 5 0 6 9 3 7 9 7 6 6 4 4 4 7 5 7 4 3 6 
8 8 8 6 8 6 6 8 8 8 5 6 3 0 9 9 10 4 9 10 7 0 11 7 3 2 9 2 9 10 6 0 5 5 7 9 6 6 1 9 7 3 4 8 3 3 9 11 10 9 5 8 1 3 11 5 3 11 11 11 2 5 8 6 7 2 12 7 11 8 8 6 10 6 8 2 7 7 1 7 6 3 8 8 2 10 9 1 6 8 7 2 2 1 4 8 10 6 10 11 4 4 2 12 2 4 4 5 3 9 8 4 8 7 3 6 5 12 4 5 6 6 3 5 4 7 8 4 3 7 4 6 5 11 1 10 9 11 10 5 1 4 6 1 3 11 6 8 2 6 3 10 6 1 9 6 11 2 8 7 1 7 5 8 7 3 7 11 9 12 
13 13 13 7 13 7 7 13 13 13 0 10 9 6 5 8 5 9 6 6 6 5 6 4 4 7 3 6 4 8 8 5 0 9 5 9 5 7 6 6 6 8 5 3 7 4 4 10 5 3 5 7 4 3 8 6 5 9 11 9 6 10 7 10 9 8 10 2 8 9 3 3 4 3 8 5 7 6 6 2 5 4 9 5 5 4 9 7 2 2 1 3 7 6 6 2 5 0 8 8 2 1 3 10 6 8 2 3 8 7 6 1 4 4 6 6 10 7 5 6 1 10 2 2 9 8 3 4 4 3 2 7 5 8 7 5 7 9 9 1 4 2 5 5 2 8 11 9 5 8 3 9 7 4 4 10 8 6 4 3 6 5 9 6 2 8 3 10 10 11 
5 5 5 11 5 11 11 5 5 5 8 1 3 4 9 7 10 2 10 11 6 6 12 8 4 3 11 7 10 9 3 5 9 0 6 5 6 3 5 9 5 3 4 9 1 8 10 8 11 11 4 6 5 8 10 3 3 8 8 10 7 1 6 1 4 4 9 9 9 5 10 6 12 7 6 7 4 5 3 10 5 8 5 8 7 11 6 6 8 10 10 7 2 6 3 10 10 9 9 10 6 7 6 9 6 1 8 6 1 8 8 7 8 8 2 4 1 12 9 4 9 1 6 7 1 4 9 5 5 8 9 3 4 10 4 12 8 9 7 9 6 6 5 6 6 10 2 5 7 2 8 8 3 5 11 0 10 7 9 8 4 6 1 7 9 2 9 7 6 9 
12 12 12 12 12 12 12 12 12 12 5 8 9 7 2 2 3 9 3 4 1 8 5 1 3 7 5 9 4 3 4 7 5 6 0 3 0 3 9 2 1 9 3 3 6 8 3 4 5 5 2 1 6 8 3 3 4 3 5 4 9 8 1 8 4 9 4 4 3 4 4 1 6 2 2 9 2 1 6 5 1 8 3 1 8 5 3 9 3 4 6 7 7 9 4 6 3 5 3 3 4 5 6 5 9 6 7 3 7 1 1 5 2 2 4 2 8 5 10 2 4 8 5 3 7 3 3 2 4 2 8 3 2 3 8 6 2 4 3 6 7 4 1 8 4 4 9 4 8 5 7 3 4 6 5 7 3 10 3 2 7 0 8 1 4 8 3 4 4 6 
10 10 10 14 10 14 14 10 10 10 8 7 9 8 5 2 7 8 6 8 2 9 8 5 5 7 9 11 7 4 2 9 9 5 3 0 3 2 10 5 2 9 4 6 6 10 6 2 8 9 3 1 7 10 4 3 5 2 2 4 11 7 2 7 1 9 3 8 4 0 8 5 9 5 0 11 1 2 7 8 3 11 0 5 10 8 0 10 7 8 9 9 7 10 4 9 6 9 4 4 7 8 8 4 11 5 10 6 6 3 4 8 6 5 5 2 7 9 12 3 8 7 7 6 7 1 7 5 6 6 10 2 4 5 9 9 4 3 2 10 9 7 3 9 7 5 7 1 10 3 10 2 3 8 8 6 5 11 6 6 8 3 7 3 8 8 7 2 0 4 
11 11 11 11 11 11 11 11 11 11 4 7 8 6 3 3 4 8 3 5 1 7 6 2 2 6 6 8 4 4 3 6 5 6 0 3 0 3 8 2 1 8 2 3 5 7 4 5 5 5 1 2 5 7 4 2 3 4 5 5 8 7 2 8 4 8 5 4 4 4 4 1 6 2 3 8 2 1 5 5 0 7 3 2 7 5 3 8 3 4 5 6 6 8 3 5 4 5 4 4 3 5 5 5 8 5 6 2 6 2 2 5 2 2 4 1 7 6 9 1 4 7 4 3 7 3 3 1 3 2 7 3 1 4 7 6 3 5 4 6 6 4 0 7 4 5 8 4 7 4 7 4 3 5 5 6 4 9 3 2 6 0 7 2 4 7 3 5 4 6 
8 8 8 12 8 12 12 8 8 8 6 5 6 5 6 4 7 6 6 8 2 7 8 5 3 4 9 8 7 5 0 6 7 3 3 2 3 0 7 5 2 6 2 6 4 8 7 5 8 8 2 2 5 8 6 1 3 5 5 6 8 5 3 5 1 7 6 7 6 2 7 4 9 4 2 8 1 2 5 7 2 8 2 5 8 8 3 7 5 7 8 7 5 7 1 8 7 7 5 6 5 6 6 6 8 2 8 4 4 4 5 6 5 5 2 1 5 9 10 1 6 5 5 5 4 1 6 3 3 5 8 0 2 6 6 9 5 5 4 8 7 5 2 7 5 7 5 2 8 1 7 4 0 6 8 4 6 9 6 5 5 3 5 3 7 5 6 4 3 6 
8 8 8 5 8 5 5 8 8 8 7 6 3 1 10 11 11 4 11 12 9 0 13 9 5 3 10 1 10 12 7 1 6 5 9 10 8 7 0 10 8 2 6 9 4 3 10 12 11 10 6 9 3 4 12 6 4 12 13 13 1 6 9 6 9 1 13 8 12 9 10 7 11 7 10 2 8 8 2 8 7 3 10 9 2 11 10 0 7 9 8 3 3 0 5 9 11 7 12 12 6 5 3 13 0 5 5 6 4 10 10 5 9 9 4 7 6 13 4 7 7 6 4 6 5 9 9 6 4 8 5 7 6 12 1 11 11 12 11 6 2 5 8 1 5 13 6 9 2 7 3 12 7 2 10 6 12 2 9 9 1 8 5 10 8 3 9 12 11 14 
14 14 14 13 14 13 13 14 14 14 5 10 11 9 0 2 2 11 1 2 2 9 3 1 5 8 4 11 2 2 6 9 6 9 2 5 2 5 10 0 3 11 4 2 8 9 1 5 3 4 4 3 7 9 2 5 6 4 5 3 10 10 2 10 6 11 4 4 2 5 3 3 4 3 4 10 4 3 8 4 3 9 5 0 10 3 5 10 4 4 5 8 9 10 6 5 1 5 2 2 4 6 7 4 10 8 7 4 9 1 0 6 1 1 6 4 10 3 11 4 4 10 6 4 10 5 2 4 5 2 8 5 4 2 10 4 1 4 4 7 8 5 3 9 5 2 11 6 9 7 8 4 6 8 3 9 2 11 2 2 9 2 10 2 3 10 2 5 5 6 
10 10 10 12 10 12 12 10 10 10 6 7 8 7 3 2 5 8 4 6 0 8 6 3 3 6 7 9 5 3 2 7 6 5 1 2 1 2 8 3 0 8 2 4 5 8 5 4 6 7 1 1 5 8 4 2 4 3 4 4 9 7 1 7 2 8 4 5 4 2 6 2 7 3 1 9 1 0 6 6 0 8 2 3 8 6 2 9 4 6 7 7 6 8 3 7 5 6 3 4 4 6 6 5 9 4 7 3 6 2 2 6 4 3 4 0 7 7 10 1 5 7 5 4 6 1 4 2 4 4 8 2 1 4 8 7 3 4 3 7 7 5 0 7 5 5 7 3 8 3 8 3 2 6 6 6 4 9 4 3 7 1 7 1 5 7 4 4 3 5 
5 5 5 8 5 8 8 5 5 5 8 4 0 2 11 10 12 2 12 13 9 3 14 10 5 2 12 4 12 12 6 3 8 3 9 9 8 6 2 11 8 0 6 10 2 6 11 11 12 11 6 9 4 6 12 6 4 11 12 13 4 3 9 4 7 1 13 10 12 8 11 8 13 8 9 4 8 8 2 10 7 6 9 10 4 12 9 2 8 10 10 5 1 3 5 11 12 9 12 12 7 7 5 13 3 3 7 7 2 11 10 7 10 10 4 7 3 14 7 7 9 4 6 7 2 8 10 6 5 9 7 6 6 12 1 13 11 12 11 8 4 6 8 3 6 13 4 8 5 6 6 11 6 4 12 4 13 4 10 9 2 9 3 10 10 1 10 11 10 13 
9 9 9 10 9 10 10 9 9 9 4 6 6 4 5 5 6 6 5 7 3 5 7 3 0 4 7 6 6 6 3 4 5 4 3 4 2 2 6 4 2 6 0 4 3 5 5 6 7 6 0 3 3 6 6 1 1 6 7 7 6 6 3 6 4 6 7 5 6 4 6 2 7 2 4 6 3 2 3 5 1 6 4 4 6 6 4 6 3 5 6 5 4 6 1 6 6 5 6 6 2 4 4 7 6 3 5 2 4 4 4 4 4 4 2 1 5 8 8 1 4 6 2 2 5 3 4 0 1 4 6 2 0 6 5 7 5 6 5 5 4 3 2 5 2 7 6 4 5 3 5 6 2 4 6 5 6 7 4 3 4 2 5 4 4 5 4 6 5 8 
14 14 14 11 14 11 11 14 14 14 3 10 10 8 1 4 2 10 2 2 4 8 3 1 4 8 2 9 1 4 6 8 3 9 3 6 3 6 9 2 4 10 4 0 8 7 1 7 2 2 4 4 6 7 4 5 5 6 7 5 9 10 4 11 7 10 6 2 4 7 1 2 3 2 5 9 5 4 7 2 4 7 6 1 8 2 6 9 2 2 3 6 8 9 6 3 2 3 4 4 3 4 5 7 9 8 5 3 9 3 2 4 0 0 6 4 10 3 9 4 2 10 4 3 9 6 0 3 4 0 6 6 4 4 9 3 3 6 6 5 7 4 3 8 4 4 11 7 8 7 7 6 6 7 2 9 4 9 0 0 8 2 10 3 1 9 0 7 7 8 
6 6 6 9 6 9 9 6 6 6 7 3 2 2 8 8 10 2 9 10 6 4 11 7 3 1 10 5 9 9 4 3 7 1 6 6 5 4 4 8 5 2 3 8 0 6 9 9 10 10 4 6 3 6 10 3 2 9 9 10 5 2 6 3 5 3 10 8 9 6 9 5 11 6 6 5 5 5 1 8 5 6 6 8 5 10 7 4 6 9 9 5 1 4 2 9 9 7 9 10 5 5 5 10 4 1 7 5 0 8 8 6 8 7 1 4 2 12 7 4 7 3 4 5 1 5 8 4 3 7 7 4 4 10 2 11 8 9 8 7 4 5 5 4 5 10 3 6 5 4 6 8 3 3 10 2 10 6 8 7 2 6 2 7 8 1 8 8 7 10 
11 11 11 4 11 4 4 11 11 11 4 9 6 3 8 10 9 7 9 9 8 2 10 7 4 5 7 2 8 11 8 3 4 8 8 10 7 8 3 9 8 6 5 7 6 0 8 12 9 7 6 9 3 0 11 6 4 11 13 12 2 8 9 9 9 5 13 6 11 10 7 6 8 5 10 1 9 8 4 6 7 0 10 8 1 8 10 3 5 6 5 0 5 3 6 6 9 4 11 11 4 2 1 13 2 7 2 5 6 10 9 2 7 7 5 7 8 10 2 7 5 9 3 4 7 9 7 5 4 6 1 8 6 11 4 9 10 12 11 3 1 3 7 2 3 11 9 10 1 9 0 11 8 2 8 8 11 2 7 7 4 7 8 9 6 6 7 12 11 14 
15 15 15 12 15 12 12 15 15 15 4 11 11 9 1 4 0 12 1 1 4 9 2 2 6 9 2 10 0 4 7 9 4 10 3 6 4 7 10 1 5 11 5 1 9 8 0 7 1 2 5 5 7 8 4 6 6 6 7 5 10 11 4 12 7 11 6 2 4 7 1 3 2 3 6 10 6 4 9 3 4 9 6 1 9 1 6 11 3 2 4 8 10 10 7 3 1 4 4 3 4 6 7 6 10 9 6 4 10 3 2 5 1 1 7 5 11 2 10 5 3 11 6 4 10 6 1 5 6 1 7 7 5 3 10 2 3 6 6 6 8 5 4 9 5 3 12 7 9 8 8 6 7 8 1 10 3 10 0 1 9 3 11 3 2 11 1 7 7 8 
12 12 12 16 12 16 16 12 12 12 9 9 11 10 6 2 7 10 6 8 3 12 8 6 7 9 10 13 8 3 5 11 10 8 4 2 5 5 12 5 4 11 6 7 9 12 7 0 8 10 5 3 9 12 3 5 8 1 0 2 13 9 3 9 3 12 1 9 3 3 9 6 10 7 2 13 3 4 10 9 5 13 2 5 12 9 2 12 8 9 10 11 10 12 6 10 6 10 3 4 8 10 10 2 13 7 12 7 9 3 5 10 6 6 7 4 9 8 14 5 9 9 9 8 9 3 7 7 8 7 12 4 6 4 11 10 4 1 1 11 11 9 4 11 9 4 9 3 12 5 12 1 5 10 9 8 4 13 7 7 10 5 9 3 9 10 7 0 2 1 
16 16 16 12 16 12 12 16 16 16 4 13 13 10 2 6 1 13 2 0 6 10 1 3 7 10 2 11 0 5 9 10 5 11 5 8 5 8 11 3 6 12 7 2 10 9 1 8 0 2 6 6 8 9 5 7 8 7 9 6 11 13 6 13 9 12 7 3 5 9 1 4 1 4 7 11 7 6 10 3 6 9 8 3 10 0 8 12 4 2 4 8 11 11 8 3 1 5 5 4 5 6 7 7 11 10 7 5 11 4 3 6 2 3 9 6 13 1 11 7 4 13 7 5 12 8 2 6 7 2 8 8 6 4 11 1 4 7 7 6 9 6 6 10 6 4 13 9 10 10 8 7 9 9 1 12 4 11 2 3 11 5 12 5 3 12 2 8 9 9 
16 16 16 10 16 10 10 16 16 16 3 12 12 9 4 7 3 12 4 3 6 9 4 4 6 9 0 9 2 7 9 9 3 11 5 9 5 8 10 4 7 11 6 2 10 7 2 10 2 0 6 7 7 7 7 7 7 8 10 8 9 12 7 13 9 11 9 1 7 9 1 4 1 4 8 9 8 6 9 1 6 7 9 4 8 1 9 10 3 1 1 6 10 10 8 1 3 3 6 6 4 5 6 9 10 10 5 4 11 6 5 4 3 3 8 7 12 3 8 7 2 13 5 4 11 8 2 5 6 2 6 9 6 6 10 1 6 8 8 4 8 5 6 8 5 6 13 10 8 10 7 8 9 7 1 12 6 9 2 3 9 5 12 6 1 11 2 10 10 11 
9 9 9 10 9 10 10 9 9 9 4 6 6 5 4 4 5 6 5 6 2 6 7 3 1 4 7 7 5 5 2 5 5 4 2 3 1 2 6 4 1 6 0 4 4 6 5 5 6 6 0 2 4 6 5 0 2 5 6 6 7 6 2 6 3 6 6 5 5 3 5 1 7 2 3 7 2 1 4 5 0 7 3 3 7 6 4 7 3 5 6 6 5 7 1 6 5 5 5 5 3 4 4 6 7 3 6 2 5 4 3 4 4 3 2 1 6 7 8 0 4 6 3 3 5 2 4 1 2 3 6 2 0 5 6 7 4 6 5 6 5 3 1 6 3 6 7 4 6 3 6 5 2 4 6 5 6 8 4 3 5 2 6 3 4 6 4 5 4 7 
11 11 11 13 11 13 13 11 11 11 6 7 9 7 4 1 5 8 4 6 0 9 6 3 4 7 7 10 6 3 2 8 7 6 1 1 2 2 9 3 1 9 3 4 6 9 5 3 6 7 2 0 6 9 3 2 5 2 3 3 10 7 0 7 2 9 3 6 3 2 6 3 7 4 0 10 1 1 7 7 1 9 1 3 9 7 1 9 5 6 7 8 7 9 3 7 5 7 3 3 5 7 7 4 10 5 8 4 6 2 3 7 4 4 4 1 7 7 11 2 6 7 6 5 7 1 5 3 5 4 9 2 2 4 8 8 2 3 2 8 8 6 1 8 6 4 8 2 9 3 9 2 3 7 7 6 4 10 5 4 8 2 7 1 6 8 5 3 2 4 
9 9 9 7 9 7 7 9 9 9 4 6 4 1 7 8 8 5 8 9 6 2 10 6 2 2 8 3 8 9 5 1 4 5 6 7 5 5 3 7 5 4 3 6 3 3 7 9 8 7 4 6 0 3 9 4 1 9 10 10 3 6 6 6 6 3 10 5 9 7 7 4 8 4 7 3 6 5 1 6 4 3 7 6 3 8 8 3 4 6 6 2 3 3 3 6 8 5 9 9 3 2 1 10 3 4 3 3 4 7 7 3 6 6 2 5 5 10 5 4 5 6 1 3 5 6 6 3 1 5 4 5 3 9 2 9 8 10 9 4 1 2 5 2 2 10 6 7 2 6 3 9 5 0 8 6 9 4 6 5 2 5 5 7 5 4 6 9 8 11 
12 12 12 4 12 4 4 12 12 12 4 9 7 3 8 10 9 8 9 9 8 3 10 7 5 5 7 2 8 11 8 3 3 8 8 10 7 8 4 9 8 6 6 7 6 0 8 12 9 7 6 9 3 0 11 7 5 12 13 12 3 9 9 9 10 5 13 5 11 10 7 6 8 5 10 2 9 8 4 5 7 0 10 8 2 8 10 4 5 6 5 0 6 3 6 5 9 3 11 11 4 2 1 13 3 7 1 5 7 9 9 2 7 7 6 7 9 10 2 7 4 9 3 4 8 9 7 5 4 6 1 8 6 11 5 8 10 12 11 2 2 3 7 2 3 11 10 10 1 9 0 11 8 2 8 9 11 3 7 6 4 7 8 9 5 7 6 12 11 14 
14 14 14 15 14 15 15 14 14 14 7 11 12 11 3 2 3 12 2 4 3 12 4 3 7 10 7 13 4 0 6 11 8 10 3 4 4 6 12 2 4 12 6 4 10 11 4 3 5 7 5 3 9 11 0 6 8 2 4 1 13 11 3 11 6 12 2 6 0 5 6 5 6 5 3 12 5 4 10 7 4 12 4 3 12 5 4 13 6 6 8 11 11 12 7 7 3 8 0 0 7 9 9 2 13 9 10 6 10 1 2 9 4 4 8 5 11 5 13 5 7 11 8 7 11 5 5 6 7 5 11 6 6 0 12 6 1 2 2 9 11 8 4 11 8 1 11 5 12 7 11 2 7 10 6 10 0 13 4 4 11 3 11 2 6 11 5 4 5 4 
9 9 9 11 9 11 11 9 9 9 5 5 6 5 5 4 6 6 6 7 2 6 8 4 2 4 8 7 6 5 1 5 6 3 3 3 2 1 6 5 2 6 1 5 3 6 6 5 7 7 0 2 4 7 6 0 2 5 6 6 7 5 3 5 2 6 6 6 6 3 6 2 8 3 3 7 2 2 4 6 1 7 3 4 7 7 3 7 4 6 7 6 4 6 1 7 6 6 5 6 3 5 5 6 7 3 6 3 4 4 4 5 5 4 2 1 5 8 9 0 5 5 4 3 4 2 5 2 2 4 7 1 1 6 6 8 5 6 5 7 5 4 1 6 4 7 6 3 7 2 6 5 1 5 7 4 6 8 5 4 5 2 5 3 5 5 5 5 4 7 
8 8 8 9 8 9 9 8 8 8 4 5 4 2 6 6 7 5 7 8 4 4 9 5 0 2 8 5 7 7 3 3 5 3 4 5 3 3 4 6 4 4 1 5 2 4 6 8 8 7 2 5 1 5 8 2 0 7 8 8 5 5 5 5 4 4 8 5 7 5 7 3 8 3 5 5 4 4 2 6 3 5 5 5 4 8 6 4 4 6 6 4 3 4 1 7 7 5 7 8 3 3 3 9 5 2 5 2 3 6 6 4 5 5 1 3 5 9 7 2 5 5 2 3 4 4 5 1 1 5 5 3 2 8 4 8 6 8 7 5 3 3 3 3 2 8 5 5 4 4 4 7 3 2 7 4 8 5 6 5 3 4 4 5 5 4 5 7 6 9 
13 13 13 16 13 16 16 13 13 13 8 9 11 10 4 1 5 11 4 6 3 11 6 4 7 9 8 13 6 1 5 11 9 8 3 2 4 5 12 4 3 11 6 6 9 11 6 1 7 8 5 2 9 12 2 5 7 0 1 1 13 10 2 10 4 12 1 8 2 3 7 5 8 6 2 13 3 3 10 8 4 12 2 4 12 7 2 12 7 8 9 11 10 12 6 9 5 9 2 2 7 9 10 1 13 8 11 7 9 2 3 9 5 5 7 4 10 7 14 5 8 9 8 7 9 3 6 6 7 6 11 5 5 2 11 8 2 0 0 10 11 8 4 11 8 3 10 3 12 5 11 0 5 10 7 8 2 13 6 6 10 4 10 2 7 10 6 1 2 2 
12 12 12 17 12 17 17 12 12 12 10 9 12 11 6 3 7 11 6 8 4 12 8 6 8 10 10 14 8 3 5 11 11 8 5 2 5 5 13 5 4 12 7 7 9 13 7 0 9 10 6 3 10 13 4 6 8 1 0 3 14 10 3 9 4 12 1 9 4 3 9 7 10 7 3 13 4 4 10 10 5 13 2 6 13 9 2 13 9 10 11 12 10 13 7 11 7 11 4 4 9 11 11 2 13 8 12 8 9 4 5 11 7 7 8 5 9 9 15 5 10 9 10 8 9 4 8 7 8 8 13 5 6 4 12 10 4 2 1 12 12 9 5 12 9 5 10 3 13 5 12 1 5 11 9 8 4 14 8 7 11 5 10 4 9 10 8 0 2 1 
14 14 14 16 14 16 16 14 14 14 9 11 13 11 4 2 5 12 4 5 4 12 5 4 8 11 8 14 6 1 6 11 9 10 4 4 5 6 13 3 4 13 7 5 10 12 5 2 6 8 6 3 10 12 1 6 8 1 3 0 14 11 3 11 6 13 1 8 1 5 7 6 7 6 3 13 5 4 11 8 5 13 4 4 13 7 4 13 7 7 9 11 11 13 7 9 4 9 1 1 8 10 10 1 13 9 11 7 10 2 3 10 5 5 8 5 11 6 14 6 8 11 9 8 11 5 6 7 8 6 12 6 6 1 12 8 2 1 2 10 12 9 5 12 9 2 11 5 12 7 12 1 7 11 7 10 1 14 5 5 11 4 11 3 7 12 6 3 4 3 
10 10 10 4 10 4 4 10 10 10 6 8 4 2 10 11 11 6 11 12 9 1 13 9 5 4 10 0 10 12 8 2 6 7 9 11 8 8 1 10 9 4 6 9 5 2 10 13 11 9 7 10 3 3 13 7 5 13 14 14 0 7 10 8 10 3 14 8 13 10 9 7 11 7 11 0 9 9 3 8 8 2 11 10 1 11 11 1 7 9 8 2 4 1 6 8 11 6 12 12 6 4 3 14 0 6 4 6 6 11 10 5 9 9 6 8 7 13 2 8 7 8 4 6 6 10 9 6 5 9 4 8 7 13 2 11 11 13 12 5 1 5 8 1 5 13 8 11 1 9 2 12 8 2 10 8 13 0 9 9 3 9 7 10 8 5 9 13 12 15 
3 3 3 11 3 11 11 3 3 3 10 0 3 5 10 9 12 1 11 13 7 6 13 9 6 3 13 8 12 11 4 5 10 1 8 7 7 5 6 10 7 3 6 10 2 8 11 9 13 12 6 7 6 9 11 5 5 10 10 11 7 0 8 0 5 4 11 11 11 6 12 8 13 8 7 8 6 7 4 11 7 9 7 10 7 13 7 6 9 11 11 8 3 6 4 12 12 10 11 11 8 8 7 11 7 2 9 7 1 10 10 9 10 10 4 6 0 14 10 6 10 0 7 8 1 6 10 6 6 10 10 5 6 11 4 13 10 10 9 10 7 8 7 6 8 12 0 6 8 4 8 9 4 6 12 1 12 8 10 10 4 8 0 9 10 2 10 9 7 11 
11 11 11 13 11 13 13 11 11 11 6 8 9 8 3 1 4 9 3 5 0 9 6 2 4 7 7 10 5 2 3 8 7 6 1 2 2 3 9 2 1 9 3 4 6 9 4 3 6 7 2 0 6 9 3 3 5 2 3 3 10 8 0 8 3 9 3 6 2 2 6 3 7 3 1 10 1 1 7 6 1 9 2 3 9 6 2 10 5 6 7 8 7 9 4 7 4 7 2 3 5 7 7 3 10 6 8 4 7 1 2 7 3 3 5 2 8 6 11 2 6 8 6 5 7 2 4 3 5 4 9 3 3 3 9 7 2 3 2 8 8 6 1 8 6 4 8 3 9 4 9 2 3 7 6 7 3 10 4 3 8 1 8 0 5 8 4 3 3 4 
3 3 3 12 3 12 12 3 3 3 10 0 3 5 11 9 12 2 11 13 8 6 14 10 6 4 13 8 12 11 4 6 10 1 8 7 8 5 6 10 7 4 6 11 3 9 12 9 13 13 6 7 6 9 11 5 5 10 9 11 8 0 8 0 5 5 11 11 11 6 12 8 14 9 7 8 6 7 4 11 7 9 7 10 8 13 7 6 9 12 12 8 3 6 4 12 12 11 11 11 8 9 8 11 7 2 10 8 2 10 10 9 10 10 4 6 0 14 10 6 10 0 7 8 1 6 11 7 6 10 10 5 6 11 5 14 10 10 9 11 7 8 7 7 8 12 0 6 8 4 9 9 4 7 13 1 12 8 11 10 5 8 1 9 11 2 11 9 7 11 
8 8 8 13 8 13 13 8 8 8 8 5 7 7 6 3 8 6 7 9 3 8 9 5 4 6 10 10 8 5 1 7 9 4 4 1 4 1 9 6 2 7 4 7 5 9 7 3 9 9 3 2 6 10 6 2 4 4 4 6 10 5 3 5 0 8 5 8 5 0 8 5 10 6 2 10 1 3 6 9 3 10 1 6 9 9 2 9 7 8 9 9 6 9 3 9 7 9 5 6 6 8 8 5 9 3 9 5 5 4 5 8 6 6 4 2 5 10 11 2 8 5 6 6 5 1 7 4 5 6 10 1 3 6 8 10 5 5 3 9 8 7 3 8 7 7 5 0 9 1 9 4 1 7 9 4 6 10 7 6 7 4 5 4 8 6 7 3 2 5 
6 6 6 7 6 7 7 6 6 6 8 5 1 2 11 11 12 3 11 12 9 2 13 9 5 2 11 3 11 12 7 2 8 4 9 9 8 7 1 11 8 1 6 10 3 5 11 12 12 11 6 9 3 5 12 6 4 12 12 13 3 4 9 5 8 0 13 9 12 9 11 8 12 8 9 3 8 8 2 9 7 5 9 10 3 12 10 1 8 10 9 5 2 1 5 10 12 8 12 12 6 6 5 13 2 4 6 7 3 11 10 6 10 9 4 7 4 14 5 7 8 5 5 7 3 8 10 6 5 9 6 7 6 12 0 12 11 12 11 8 3 6 8 2 6 13 5 9 4 7 5 11 6 3 11 5 13 3 10 9 1 9 4 10 9 2 10 12 10 13 
14 14 14 17 14 17 17 14 14 14 9 10 12 11 5 2 6 12 5 7 4 12 6 5 8 11 9 14 7 2 6 12 10 9 4 3 5 6 13 4 4 13 7 6 10 13 6 1 7 9 6 3 10 13 2 6 8 1 1 1 14 11 3 11 5 13 0 8 2 4 8 6 9 7 3 14 4 4 11 9 5 13 3 5 13 8 3 13 8 9 10 12 11 13 7 10 5 10 2 3 8 10 11 0 14 9 12 8 10 3 4 10 6 6 8 5 11 7 15 6 9 10 9 8 11 4 7 7 8 7 12 6 6 3 12 9 3 0 1 11 12 9 5 12 9 3 11 4 13 7 12 1 6 11 8 9 3 14 6 6 12 5 11 3 8 11 7 2 3 1 
14 14 14 9 14 9 9 14 14 14 1 11 10 7 3 6 3 10 4 3 5 7 4 3 4 8 2 8 2 6 7 7 2 9 4 8 4 7 8 4 5 10 5 2 8 6 2 9 3 1 5 6 5 5 6 6 5 8 9 8 8 11 6 11 8 9 8 0 6 8 1 3 2 2 7 7 7 5 7 0 5 6 8 3 7 2 8 8 1 0 1 5 8 8 6 1 3 1 6 6 2 3 4 9 8 8 4 3 9 5 4 3 2 2 6 5 10 4 7 5 0 11 4 2 10 7 1 4 4 1 4 7 4 6 8 3 5 8 8 3 6 3 5 7 3 6 11 8 6 8 5 8 7 6 2 10 6 8 2 2 8 4 10 5 0 9 1 9 9 10 
14 14 14 15 14 15 15 14 14 14 7 11 12 10 3 2 3 12 2 4 3 11 4 3 7 10 7 13 4 0 6 11 8 9 3 4 4 6 12 2 4 12 6 4 9 11 4 3 5 7 5 3 9 11 0 6 7 2 4 1 13 11 2 11 5 12 2 6 0 5 6 5 6 5 3 12 4 3 10 7 4 11 4 3 12 5 4 12 6 6 8 10 10 12 7 7 3 8 0 0 7 9 9 2 12 8 10 6 10 1 2 8 4 4 8 4 11 5 13 5 7 11 8 6 10 5 5 6 7 4 11 6 5 0 12 6 1 2 2 9 11 8 4 11 8 1 11 5 11 7 11 2 6 10 5 10 0 13 4 4 11 3 11 2 6 11 5 4 4 4 
9 9 9 14 9 14 14 9 9 9 8 6 8 8 6 3 7 7 6 8 2 9 9 5 5 7 10 11 8 4 2 8 9 5 4 0 4 2 9 5 2 8 4 7 6 10 7 3 9 9 3 2 7 10 5 3 5 3 3 5 10 6 2 6 0 9 4 8 5 0 8 5 10 6 1 10 1 2 7 9 3 10 0 5 10 9 1 10 7 8 9 9 7 10 3 10 7 9 5 5 7 8 8 4 10 4 10 6 6 4 5 8 6 6 4 2 6 9 12 3 8 6 7 6 6 1 7 5 6 6 10 2 4 5 8 10 4 4 2 10 9 7 3 9 7 6 6 0 10 2 10 3 2 8 9 5 6 11 7 6 8 4 6 3 8 7 7 2 1 4 
15 15 15 10 15 10 10 15 15 15 3 12 11 8 2 6 2 12 3 2 5 9 3 3 6 9 1 9 1 6 8 8 3 10 4 8 4 7 10 3 6 11 6 1 9 7 1 9 1 1 5 6 7 7 6 6 7 7 9 7 9 12 6 12 8 11 8 1 6 8 0 3 1 3 7 9 7 5 8 1 5 8 8 3 8 1 8 10 2 0 2 7 10 10 7 1 2 3 5 5 4 5 6 8 10 9 5 4 10 5 4 4 2 2 7 6 11 3 9 6 2 12 5 3 11 7 1 5 5 1 6 8 5 5 10 1 5 7 7 4 8 4 5 8 4 5 12 9 8 9 7 7 8 7 0 11 5 10 1 2 9 4 11 5 1 11 1 9 9 10 
11 11 11 10 11 10 10 11 11 11 3 8 8 6 2 4 4 8 3 4 2 6 5 1 2 6 5 8 4 5 4 6 3 6 1 5 1 4 7 3 2 8 2 2 5 6 3 6 4 4 1 3 4 6 5 2 3 5 7 6 7 8 3 8 5 8 6 3 5 5 3 0 5 0 4 7 3 2 5 3 1 6 5 2 7 4 5 7 2 3 4 5 6 7 3 4 4 4 4 5 2 4 4 6 7 5 5 1 6 3 2 3 2 1 4 2 8 6 8 2 3 8 3 1 7 4 2 1 2 1 6 4 1 5 7 5 3 6 5 5 5 2 1 6 2 5 8 5 6 5 5 5 4 5 4 7 5 8 2 1 6 1 7 3 3 7 2 6 6 8 
17 17 17 11 17 11 11 17 17 17 4 13 13 10 3 7 2 13 3 2 7 10 2 4 7 11 0 11 1 7 10 10 4 12 6 9 6 9 11 4 7 13 7 3 11 8 2 10 1 1 7 7 8 8 6 8 8 8 10 7 11 13 7 14 10 12 9 2 6 10 1 5 0 5 8 10 8 7 10 2 7 9 9 4 10 0 9 11 4 2 3 8 11 11 9 2 3 4 6 6 5 6 7 9 11 11 6 5 12 6 5 6 3 4 9 7 13 2 10 7 3 13 6 5 12 9 2 6 7 3 7 9 7 6 11 0 6 8 8 5 9 6 7 10 6 6 14 10 9 11 8 8 9 9 0 13 6 11 3 3 11 6 13 6 2 12 2 10 10 10 
12 12 12 9 12 9 9 12 12 12 2 8 8 5 3 4 4 8 3 4 3 6 5 2 2 6 4 7 3 5 5 6 3 7 2 5 2 4 7 3 3 8 2 2 6 5 3 7 4 4 2 4 4 5 5 3 3 6 7 6 7 8 3 9 6 8 7 2 5 6 3 0 5 0 5 7 4 3 5 3 2 6 5 2 6 4 6 7 1 3 3 5 6 7 4 3 4 3 5 5 1 3 4 7 7 6 4 0 7 4 3 3 2 1 4 3 8 6 7 3 2 8 2 1 7 5 2 1 2 1 5 4 2 5 7 5 4 6 6 4 5 2 2 6 2 5 9 6 6 6 5 6 5 4 4 7 5 7 2 1 6 2 8 3 2 7 2 7 6 8 
10 10 10 14 10 14 14 10 10 10 7 7 9 8 4 1 6 8 5 7 1 9 7 4 5 7 8 11 6 3 2 8 8 6 2 0 3 2 10 4 1 9 4 5 6 10 6 2 7 8 3 0 7 10 3 3 5 2 3 3 11 7 1 7 2 9 3 7 3 1 7 4 8 5 0 10 1 1 7 7 2 10 0 4 10 7 0 10 6 7 8 9 7 10 4 8 5 8 3 4 6 8 8 3 10 5 9 5 7 2 3 8 5 4 5 2 7 8 12 2 7 7 6 6 7 1 6 4 5 5 10 2 3 4 9 8 3 2 1 9 9 6 2 9 6 4 8 2 10 3 9 2 3 8 7 6 4 11 5 5 8 2 7 2 7 8 6 2 1 4 
10 10 10 3 10 3 3 10 10 10 6 8 5 2 10 11 11 6 11 11 9 1 12 9 5 4 9 0 10 12 9 2 5 7 9 11 8 8 2 10 9 4 6 9 5 1 10 13 11 9 7 10 3 2 12 7 5 13 13 13 0 8 10 8 10 3 14 7 12 10 9 7 10 7 10 0 9 9 4 7 8 1 11 9 0 10 11 2 6 8 7 2 5 1 7 8 11 6 12 12 5 4 3 14 1 7 3 6 6 11 10 4 9 9 6 8 8 12 2 8 6 8 4 6 7 10 8 6 5 8 3 8 7 12 3 10 11 13 12 5 1 4 8 1 4 13 8 11 0 9 2 12 8 2 10 8 12 0 9 8 3 9 7 10 7 5 8 13 12 15 
9 9 9 13 9 13 13 9 9 9 7 6 8 7 5 2 6 7 5 7 1 8 8 4 4 6 8 9 7 4 1 7 7 4 2 1 2 1 8 4 1 8 3 5 5 9 6 3 7 8 2 1 6 9 5 2 4 3 4 5 9 6 1 6 1 8 4 7 4 1 7 3 8 4 1 9 0 1 6 7 1 9 1 4 9 8 1 9 5 7 8 8 6 9 2 8 6 7 4 5 5 7 7 5 9 4 8 4 5 3 4 7 5 4 3 1 6 8 11 1 6 6 6 5 6 0 6 3 4 5 9 1 2 5 8 9 4 4 3 8 8 6 1 8 6 6 6 1 9 2 8 3 1 7 7 5 5 10 5 5 7 2 6 2 6 6 6 3 2 5 
10 10 10 12 10 12 12 10 10 10 5 7 8 7 3 2 5 8 4 6 0 8 6 2 3 6 7 9 5 3 2 7 6 5 1 2 1 2 8 3 0 8 2 4 5 8 4 4 6 6 1 1 5 8 4 2 4 3 4 4 9 7 1 7 3 8 4 5 3 2 5 2 7 3 1 9 1 0 6 6 0 8 2 3 8 6 2 9 4 6 7 7 6 8 3 7 4 6 3 4 4 6 6 4 9 5 7 3 6 2 2 6 3 3 4 1 7 7 10 1 5 7 5 4 7 2 4 2 4 3 8 2 2 4 8 7 2 4 3 7 7 5 0 7 5 4 8 3 8 3 8 3 3 6 6 6 4 9 4 3 7 1 7 1 5 7 4 4 3 5 
7 7 7 7 7 7 7 7 7 7 6 4 2 1 8 8 9 3 9 10 6 2 11 7 3 0 9 4 9 10 5 1 6 3 6 7 5 5 2 8 6 2 3 7 1 4 9 10 10 9 4 7 1 4 10 4 2 10 10 11 3 4 7 4 6 2 11 7 10 7 8 5 10 5 7 4 6 6 0 7 5 4 7 8 3 10 8 2 6 8 8 4 1 2 3 8 9 6 9 10 4 4 3 11 3 3 5 4 2 8 8 5 7 7 2 5 4 11 6 4 6 5 3 5 3 6 7 4 3 7 5 5 4 10 1 10 9 10 9 6 2 4 6 2 4 11 5 7 3 5 4 9 4 2 9 4 10 4 8 7 0 6 3 7 7 2 7 9 8 11 
15 15 15 9 15 9 9 15 15 15 1 11 10 7 4 7 3 11 4 4 6 7 5 3 5 8 1 8 2 7 8 7 2 10 5 8 5 7 8 4 6 10 5 2 8 6 3 9 3 1 5 7 6 5 7 6 6 8 10 8 8 11 6 11 9 9 9 0 7 9 1 3 2 3 7 7 7 6 7 0 5 6 8 4 7 2 8 9 2 0 0 5 9 8 7 0 4 1 7 6 3 3 4 9 8 8 4 3 9 6 4 3 3 3 7 6 11 5 7 6 1 11 4 3 10 8 2 4 5 2 4 8 5 6 9 2 6 8 8 2 6 3 5 7 3 6 12 9 7 9 5 8 8 6 2 10 7 8 2 2 8 5 11 6 0 10 1 10 9 11 
10 10 10 11 10 11 11 10 10 10 5 7 7 6 3 3 5 7 4 6 1 7 6 2 2 5 6 8 5 4 2 6 5 5 1 3 0 2 7 3 0 7 1 4 5 7 4 5 6 6 0 1 4 7 4 1 3 4 5 5 8 7 1 7 3 7 5 5 4 3 5 1 7 2 2 8 1 0 5 5 0 7 3 3 7 6 3 8 3 5 6 6 6 8 2 6 5 6 4 4 3 5 5 5 8 4 6 2 5 3 3 5 3 3 3 0 6 7 9 0 5 7 4 3 6 2 4 1 3 3 7 2 1 5 7 7 3 5 4 6 6 4 0 7 4 5 7 3 7 3 7 4 2 5 6 6 5 9 4 3 6 1 6 2 5 6 4 5 4 6 
11 11 11 3 11 3 3 11 11 11 4 9 6 3 9 11 9 7 10 10 9 2 11 8 5 5 8 2 9 11 9 3 4 8 8 11 7 8 3 9 8 6 6 7 6 0 9 13 9 7 7 9 3 0 12 7 5 12 13 13 2 9 9 9 10 5 13 6 11 10 8 6 9 6 10 1 9 8 4 6 7 0 10 8 1 9 11 3 5 7 6 1 5 3 7 6 10 4 11 11 4 3 2 13 2 7 2 5 7 10 9 3 8 8 6 8 8 11 1 7 5 9 3 5 8 9 7 5 4 7 2 8 6 12 4 9 10 12 12 3 1 3 8 2 3 12 9 11 1 9 0 12 8 2 8 9 12 2 8 7 4 8 8 9 6 6 7 13 11 14 
10 10 10 14 10 14 14 10 10 10 8 7 9 8 5 2 7 8 6 8 2 9 8 5 5 7 9 11 7 4 2 8 9 5 3 0 3 2 10 5 2 9 4 6 6 10 6 2 8 9 3 1 7 10 4 3 5 2 2 4 11 7 2 7 1 9 3 8 4 0 8 5 9 5 0 11 1 2 7 8 3 10 0 5 10 8 0 10 7 8 9 9 7 10 4 9 6 9 4 4 6 8 8 4 10 5 10 5 6 3 4 8 6 5 5 2 7 9 12 3 8 6 7 6 7 1 6 5 6 6 10 2 4 5 9 9 4 3 2 9 9 7 3 9 7 5 7 1 10 3 10 2 3 8 8 5 5 11 6 6 8 3 7 3 7 8 7 2 1 4 
13 13 13 12 13 12 12 13 13 13 4 10 10 8 0 3 2 10 1 2 2 9 3 0 4 8 4 10 2 3 5 8 5 8 1 5 2 5 9 0 3 10 4 1 8 8 1 5 3 4 3 3 6 8 3 4 5 4 6 4 10 10 3 10 6 10 5 3 3 5 3 2 4 2 4 9 4 3 8 4 3 8 5 0 9 3 5 10 3 3 4 7 8 9 5 4 1 5 3 3 4 5 6 5 10 7 7 3 8 2 0 5 0 0 6 3 10 4 10 4 3 10 5 3 9 5 1 3 5 1 7 5 3 3 9 4 2 4 4 6 8 4 2 8 5 3 10 6 8 6 7 4 5 7 3 9 3 10 1 1 8 1 9 2 3 9 2 6 6 7 
10 10 10 4 10 4 4 10 10 10 5 8 5 2 9 11 10 6 10 11 9 1 11 8 5 4 9 1 9 12 8 2 5 7 8 10 7 8 2 10 8 4 6 8 5 1 9 12 10 8 7 9 3 2 12 7 4 12 13 13 1 7 9 8 9 3 13 7 12 10 8 7 10 6 10 0 9 8 3 7 7 1 10 9 0 10 11 2 6 7 7 1 4 1 6 7 10 5 11 12 5 3 2 13 1 6 3 5 6 10 9 4 8 8 5 7 7 12 2 7 6 8 3 5 6 9 8 5 4 8 3 8 6 12 3 10 10 12 12 4 1 4 8 1 4 12 8 10 0 8 1 12 8 2 9 8 12 1 8 8 3 8 7 9 7 5 8 12 11 14 
16 16 16 12 16 12 12 16 16 16 4 13 12 10 3 6 1 13 2 1 6 10 2 3 7 10 1 11 1 6 9 10 4 11 5 8 5 8 11 3 6 12 6 2 10 8 1 9 0 1 6 7 8 8 5 7 8 7 9 7 11 13 6 13 9 12 8 2 5 9 1 4 0 4 7 10 8 6 10 2 6 9 8 3 10 0 8 11 3 2 3 8 11 11 8 2 2 4 5 5 5 6 7 8 11 10 6 5 11 5 4 5 2 3 8 7 12 2 10 7 3 13 6 5 12 8 2 6 7 2 7 8 6 5 11 1 5 7 7 5 9 5 6 9 6 5 13 9 9 10 8 7 9 8 0 12 5 11 2 3 10 5 12 5 2 12 2 9 9 9 
10 10 10 15 10 15 15 10 10 10 8 7 9 8 5 2 7 8 6 7 2 10 8 5 5 7 9 11 7 3 3 9 9 6 3 0 3 3 10 5 2 9 4 6 7 10 6 2 8 9 4 1 8 10 4 3 6 2 2 4 11 7 2 7 2 10 3 8 4 1 8 5 9 6 0 11 1 2 8 8 3 11 0 5 11 8 0 10 7 8 9 10 8 10 4 9 6 9 3 4 7 8 9 3 11 5 10 6 7 3 4 8 6 5 5 3 7 8 12 3 8 7 7 6 7 1 6 5 6 6 11 2 4 4 9 9 3 3 1 10 9 7 3 10 7 5 7 1 10 3 10 2 3 8 8 6 4 12 6 6 8 3 7 3 8 8 7 1 0 3 
8 8 8 5 8 5 5 8 8 8 7 6 3 2 10 11 11 4 11 12 9 1 13 9 5 3 11 1 11 12 8 1 7 6 9 10 8 7 0 10 9 2 6 9 4 3 11 12 12 10 7 9 3 4 13 7 4 12 13 13 1 6 10 6 9 1 13 8 12 10 10 7 11 7 10 2 9 9 2 9 8 3 10 10 2 11 10 0 7 9 9 3 3 0 6 9 11 7 12 12 6 5 4 14 0 5 5 6 4 11 10 5 9 9 5 8 6 13 4 7 8 6 5 6 5 9 9 6 5 9 5 8 7 13 1 12 11 13 12 6 2 5 8 1 5 13 7 10 2 8 4 12 7 2 11 6 13 2 10 9 2 9 5 10 8 3 9 12 11 14 
13 13 13 9 13 9 9 13 13 13 1 9 9 6 3 6 4 9 4 4 4 6 5 2 3 6 3 7 3 6 6 6 2 8 3 7 3 5 7 4 4 8 3 2 6 5 3 8 4 3 3 5 4 5 6 4 4 7 9 7 7 9 5 9 7 8 8 1 6 7 2 2 4 1 6 6 5 4 6 2 3 5 7 3 6 3 7 7 0 2 2 4 7 7 5 2 4 2 6 6 1 2 3 8 7 7 3 1 7 5 4 2 2 2 5 4 9 5 7 4 1 9 2 1 8 6 1 2 3 1 4 6 3 6 7 4 5 7 7 3 5 2 3 6 2 6 10 7 6 7 4 7 6 4 3 8 6 7 2 1 6 3 9 4 1 8 1 8 8 9 
15 15 15 10 15 10 10 15 15 15 2 11 11 8 3 6 3 11 3 3 6 8 4 3 5 8 1 8 2 6 8 8 2 10 4 8 4 7 9 4 6 10 5 2 9 6 2 9 2 1 5 6 6 6 6 6 6 8 10 7 9 11 6 12 8 10 9 0 6 8 0 3 2 3 7 8 7 6 8 0 5 7 8 3 7 2 8 9 2 0 1 6 9 9 7 1 3 2 6 6 3 4 5 9 9 9 4 3 10 5 4 3 2 2 7 6 11 4 8 6 1 11 4 3 10 8 1 4 5 2 5 8 5 6 9 2 5 8 8 3 7 4 5 7 4 6 12 9 7 9 6 8 8 6 1 11 6 9 2 2 8 4 11 5 0 10 1 9 9 10 
15 15 15 8 15 8 8 15 15 15 1 12 10 7 4 8 4 11 5 4 7 7 5 4 5 8 2 8 3 8 9 7 1 10 6 9 5 8 8 5 7 10 6 3 9 5 4 10 4 1 6 7 6 5 8 7 6 9 11 9 8 11 7 12 9 9 10 1 8 9 2 4 3 3 8 7 8 7 8 0 6 6 9 4 7 3 9 9 2 1 0 5 9 8 7 0 5 1 7 7 3 3 4 10 8 9 3 4 10 7 5 3 3 4 7 7 11 5 7 6 1 12 4 3 10 8 3 5 5 3 4 8 6 7 9 3 7 9 9 2 6 3 6 7 3 7 12 10 6 10 5 9 8 6 2 11 7 8 3 3 8 5 11 6 1 10 2 10 10 11 
11 11 11 4 11 4 4 11 11 11 3 8 6 3 8 9 8 7 9 9 8 2 10 7 4 4 7 2 8 10 8 2 3 7 7 9 6 7 3 8 7 5 5 6 5 0 8 11 8 6 6 8 2 0 11 6 4 11 12 11 2 8 8 8 9 5 12 5 10 9 7 5 8 5 9 2 8 7 4 5 6 1 9 7 1 8 10 3 4 6 5 0 5 3 6 5 8 3 10 10 3 1 1 12 3 6 1 4 6 9 8 2 7 6 5 7 8 10 2 6 4 9 2 4 7 8 6 4 3 6 1 7 5 10 4 8 9 11 10 3 1 2 7 2 2 11 9 9 1 8 0 11 7 1 7 8 10 2 7 6 4 7 7 8 5 6 6 11 10 13 
6 6 6 8 6 8 8 6 6 6 7 3 1 2 9 9 10 2 10 11 7 3 12 8 4 0 11 5 10 10 5 2 7 2 7 7 6 5 3 9 6 1 4 8 1 5 10 10 11 10 5 7 3 6 11 4 3 10 10 11 4 3 7 3 6 2 11 8 10 7 10 6 11 6 7 5 6 6 1 9 6 5 7 8 4 11 8 3 7 9 9 5 0 3 3 9 10 8 10 10 5 6 4 11 4 2 7 5 1 9 9 6 8 8 2 5 3 12 7 5 8 3 4 6 2 6 9 5 4 8 7 5 5 11 1 11 9 10 9 7 4 5 6 3 5 11 3 7 4 5 5 9 4 3 10 3 11 5 9 8 1 7 2 8 8 1 8 9 8 11 
8 8 8 5 8 5 5 8 8 8 6 6 3 1 10 11 11 5 11 12 9 0 13 9 5 3 10 1 10 12 8 1 6 6 9 10 8 7 0 10 8 3 6 9 4 3 10 12 11 10 7 9 3 3 12 6 4 12 13 13 1 6 9 6 9 1 13 8 12 10 10 7 11 7 10 1 9 8 2 8 8 3 10 9 1 11 10 0 7 9 8 3 3 0 6 9 11 7 12 12 6 5 3 13 0 5 5 6 4 11 10 5 9 9 5 7 6 13 4 7 7 7 4 6 5 9 9 6 4 8 5 8 6 12 1 11 11 13 12 6 2 5 8 1 5 13 7 10 2 8 3 12 7 2 10 7 12 1 9 9 2 8 5 10 8 4 9 12 11 14 
8 8 8 10 8 10 10 8 8 8 5 4 5 4 6 5 7 5 7 8 3 5 9 5 1 3 8 7 7 6 2 4 6 3 4 4 3 1 5 6 3 5 1 6 2 6 7 6 8 8 1 3 3 6 7 1 1 6 7 7 6 4 4 4 3 5 7 6 7 3 7 3 9 4 4 7 2 3 3 7 2 7 4 5 6 8 4 6 5 7 7 6 3 6 0 7 7 6 6 7 4 5 4 7 6 2 6 3 3 5 5 5 5 5 1 2 4 9 8 1 6 4 3 4 3 3 6 2 2 5 7 1 1 7 5 9 6 7 6 7 5 4 2 5 4 8 5 4 6 2 6 6 1 4 8 3 7 7 6 5 4 3 4 4 6 4 6 6 5 8 
15 15 15 9 15 9 9 15 15 15 2 12 11 8 4 8 4 12 5 4 7 8 5 4 6 9 1 8 3 8 9 8 2 10 6 9 5 8 9 5 7 11 6 3 9 6 3 10 3 1 6 7 6 5 7 7 7 9 11 9 8 12 7 12 9 10 10 1 7 10 1 4 2 3 8 8 8 7 8 0 6 6 9 4 7 2 9 9 2 1 0 5 9 9 7 0 4 1 7 7 3 4 5 10 9 9 4 4 10 7 5 3 3 4 8 7 12 5 7 7 1 12 4 3 11 9 2 5 5 3 4 8 6 7 9 2 6 9 9 2 7 4 6 7 4 7 13 10 7 10 5 9 9 6 2 11 7 8 3 3 9 5 11 6 1 10 2 10 10 11 
15 15 15 13 15 13 13 15 15 15 5 12 12 10 1 4 0 12 0 1 4 10 1 2 6 10 3 11 1 3 7 10 5 10 3 6 4 7 11 1 5 12 6 2 9 9 1 6 1 3 5 5 8 9 3 6 7 5 7 4 11 12 4 12 7 12 5 3 3 7 2 4 3 4 5 11 6 4 9 4 5 10 6 1 10 2 6 11 4 3 5 8 10 11 7 4 0 5 3 2 5 7 8 5 11 9 7 5 10 3 2 6 1 2 8 5 11 2 11 5 4 12 6 5 11 6 2 5 6 2 8 7 5 3 11 3 2 5 5 7 9 6 4 10 6 2 12 7 10 8 9 5 7 9 2 11 3 11 1 2 10 3 11 3 3 11 2 7 7 7 
14 14 14 7 14 7 7 14 14 14 0 11 9 6 5 8 5 10 5 5 6 6 6 4 4 7 3 6 4 8 8 6 0 9 5 9 5 7 7 5 6 9 5 3 7 4 4 10 5 3 5 7 5 3 8 6 5 9 11 9 6 10 7 11 9 8 10 1 8 9 3 4 4 3 8 6 7 6 6 1 6 4 9 5 5 4 9 7 2 2 1 3 8 7 6 1 5 0 8 8 2 2 3 10 7 8 2 3 8 7 6 1 4 4 6 6 10 6 5 6 1 11 3 2 9 8 3 4 4 3 3 8 5 8 7 4 7 9 9 1 5 2 6 5 2 8 11 9 5 9 3 9 8 5 4 10 8 6 3 3 7 5 10 6 2 9 3 10 10 11 
14 14 14 15 14 15 15 14 14 14 7 10 12 10 2 1 3 11 2 4 3 11 4 3 6 10 6 12 4 0 6 10 8 9 3 4 4 5 12 2 3 12 6 4 9 11 4 3 5 6 5 3 9 11 0 5 7 2 4 1 12 11 2 11 5 12 2 6 0 5 5 4 6 5 3 12 4 3 9 7 4 11 4 3 11 5 3 12 6 6 7 10 10 12 6 7 3 8 0 0 6 8 9 2 12 8 10 6 10 1 2 8 4 3 7 4 10 5 13 5 6 10 8 6 10 4 4 5 7 4 10 5 5 0 11 6 1 2 2 9 10 7 3 11 7 1 11 5 11 7 10 2 6 9 5 9 1 13 4 4 10 3 10 2 6 11 5 3 4 4 
14 14 14 15 14 15 15 14 14 14 7 11 12 10 2 2 3 12 2 4 3 11 3 3 7 10 6 13 4 0 6 11 8 10 3 4 4 6 12 2 4 12 6 4 10 11 3 4 4 6 5 3 9 11 0 6 8 2 4 1 12 11 3 11 6 12 3 6 0 5 5 5 6 5 4 12 5 4 10 6 4 11 4 3 12 5 4 12 6 6 7 10 10 12 7 7 2 8 0 0 7 8 9 2 12 9 10 6 10 1 2 8 3 3 8 5 11 4 13 5 6 11 8 6 11 5 4 6 7 4 10 6 5 0 12 6 1 2 3 9 10 7 4 11 7 0 12 6 11 7 10 2 7 10 5 10 0 13 4 4 11 3 11 2 6 11 4 4 5 4 
11 11 11 8 11 8 8 11 11 11 1 8 7 4 4 6 5 8 5 6 4 5 7 3 2 5 5 6 4 7 5 4 2 6 4 7 3 5 6 4 4 7 2 3 5 4 4 8 5 4 3 5 3 4 7 3 3 7 9 8 6 8 5 8 6 6 8 2 7 7 4 2 5 1 6 5 5 4 4 3 3 4 6 4 5 5 7 6 1 3 3 3 5 6 4 3 5 2 6 7 0 1 2 9 6 5 3 0 6 5 4 1 3 3 4 4 8 7 6 3 2 8 1 0 7 6 3 1 1 2 3 5 2 7 6 5 5 8 7 3 4 0 3 4 0 7 9 7 4 6 3 7 5 3 5 7 7 6 3 3 5 3 7 5 2 7 3 8 7 10 
12 12 12 6 12 6 6 12 12 12 1 9 7 4 6 8 6 8 7 7 6 4 8 5 3 5 5 4 6 9 7 4 1 7 5 8 5 6 5 6 6 7 4 4 5 2 6 10 6 5 4 7 2 2 9 5 3 9 11 10 4 8 7 9 8 6 10 3 9 8 5 4 6 3 8 4 7 6 4 3 5 3 8 5 3 6 8 5 2 4 3 1 6 5 5 4 7 2 8 8 1 0 1 10 5 6 1 2 6 7 6 0 5 5 5 5 8 8 4 5 2 9 1 2 7 7 4 3 2 4 2 7 4 9 5 6 7 10 9 1 2 1 5 3 1 9 9 8 3 7 2 9 6 2 5 8 9 4 5 4 5 5 8 7 3 7 4 10 9 12 
11 11 11 6 11 6 6 11 11 11 3 8 6 2 7 8 7 7 7 8 6 2 9 6 3 4 6 3 7 9 6 2 3 6 6 8 5 6 3 7 6 5 4 5 5 1 7 10 7 6 4 7 1 1 9 5 3 10 11 10 3 7 7 8 8 5 11 4 9 8 6 4 7 4 8 3 7 6 3 4 5 2 8 6 2 7 9 4 3 5 4 1 4 3 4 5 8 3 9 9 2 1 0 11 3 5 2 3 6 8 7 1 6 5 4 5 7 9 3 5 3 8 1 2 6 7 5 3 2 5 2 6 4 9 4 7 8 10 9 2 1 1 5 2 1 10 8 8 2 7 1 9 6 1 7 7 9 3 6 5 3 6 7 7 4 6 5 10 9 12 
14 14 14 17 14 17 17 14 14 14 9 11 13 12 5 2 6 12 5 6 4 13 6 5 8 11 9 14 7 2 6 12 10 9 5 4 5 6 13 4 5 13 7 7 10 13 6 2 7 9 6 4 10 13 2 6 9 1 2 1 14 11 3 11 5 13 0 9 2 4 8 6 9 7 3 14 5 4 11 9 5 13 4 5 13 8 3 14 8 9 10 12 11 13 7 10 5 10 2 2 9 10 11 0 14 9 12 8 10 3 4 10 6 6 8 5 11 7 15 6 9 11 10 8 11 5 7 7 9 7 13 6 6 2 13 9 3 0 1 11 12 9 5 12 9 3 11 5 13 7 12 1 7 11 8 10 3 14 7 6 12 5 11 3 8 12 7 2 3 1 
9 9 9 4 9 4 4 9 9 9 7 7 4 2 10 11 11 5 11 12 9 1 13 9 5 3 10 1 11 12 8 2 6 6 9 11 8 8 0 10 9 3 6 9 4 2 10 13 11 10 7 10 3 3 13 7 5 13 13 13 0 7 10 7 9 2 14 8 12 10 10 7 11 7 10 1 9 9 3 8 8 2 10 10 1 11 11 0 7 9 8 3 4 0 6 9 11 7 12 12 6 5 3 14 0 6 5 6 5 11 10 5 9 9 5 8 7 13 3 7 7 7 4 6 6 9 9 6 5 9 4 8 7 13 2 11 11 13 12 6 2 5 8 1 5 13 7 10 1 8 3 12 8 2 10 7 13 1 9 9 2 9 6 10 8 4 9 13 11 14 
6 6 6 10 6 10 10 6 6 6 7 2 3 4 8 7 9 3 9 10 5 5 11 7 3 2 10 7 9 8 2 4 8 1 6 5 5 2 5 8 4 3 3 8 1 7 9 7 10 10 3 5 4 7 9 3 2 8 8 9 6 2 6 2 3 4 9 8 8 4 9 5 11 6 5 7 4 5 3 8 4 7 5 7 6 10 5 5 7 9 9 6 2 5 2 9 9 8 8 9 5 6 5 9 6 0 7 5 1 7 7 6 7 7 1 4 2 11 8 3 7 2 5 5 1 4 8 4 3 7 8 2 3 9 4 11 8 8 7 8 5 5 4 5 5 10 3 4 6 2 7 7 2 4 10 2 9 7 8 7 3 5 2 6 8 2 8 7 6 9 
13 13 13 5 13 5 5 13 13 13 2 10 8 4 7 9 7 9 8 8 8 4 9 6 4 6 5 4 6 10 8 4 2 8 7 10 6 8 5 7 7 7 5 5 7 2 6 12 7 5 6 8 3 1 10 6 5 11 12 11 4 9 8 10 9 6 12 4 10 10 5 5 6 4 9 3 8 7 5 4 6 2 10 7 3 6 10 5 3 4 3 1 7 5 6 4 7 2 10 10 3 1 2 12 5 7 0 4 8 9 7 1 6 6 6 7 9 9 3 6 3 10 2 3 8 9 5 5 4 5 0 8 6 10 6 7 9 11 10 1 3 2 7 4 2 10 10 10 3 9 1 11 8 3 6 9 10 4 6 5 5 7 9 8 4 8 5 12 11 13 
11 11 11 9 11 9 9 11 11 11 2 8 7 4 4 5 5 7 4 5 3 5 6 2 1 5 5 6 4 6 5 5 3 6 3 6 2 4 6 4 3 7 2 3 5 5 4 7 5 4 2 4 3 5 6 3 2 7 8 7 6 7 4 8 5 7 8 3 6 6 4 1 5 0 5 6 4 3 4 3 2 5 5 3 5 5 6 6 1 3 4 4 5 6 3 4 5 3 6 6 0 2 3 8 6 5 4 0 6 4 4 2 3 2 3 3 7 7 7 2 2 8 1 0 7 5 3 1 1 2 4 4 2 6 6 6 5 7 6 4 4 1 2 5 1 6 8 6 5 5 4 6 4 4 5 7 6 7 3 2 5 2 7 4 2 6 3 7 6 9 
5 5 5 10 5 10 10 5 5 5 8 2 2 3 9 8 10 1 10 11 6 4 12 8 4 1 11 6 10 10 4 3 8 1 7 6 6 4 4 9 6 2 4 9 0 6 10 9 11 11 5 6 4 7 10 4 3 9 9 10 6 1 7 2 5 3 10 9 10 6 10 6 12 7 7 6 5 6 2 9 5 7 6 8 6 11 7 4 7 10 10 6 1 4 3 10 10 8 10 10 6 6 6 10 5 1 8 6 0 8 8 7 9 8 2 5 1 12 8 5 8 2 5 6 0 5 9 5 4 8 8 4 5 10 3 12 9 10 8 8 5 6 6 4 6 11 2 6 6 3 6 9 3 4 11 2 11 6 9 8 2 7 1 8 9 1 9 9 7 10 
13 13 13 14 13 14 14 13 13 13 6 9 11 9 2 1 3 10 2 4 2 10 4 2 5 8 6 11 4 1 5 9 7 8 1 3 2 4 10 1 2 11 4 3 8 10 3 3 4 6 4 2 7 9 1 4 6 2 4 2 11 10 1 10 4 11 3 5 1 4 5 3 6 4 2 11 3 2 8 6 3 10 3 2 10 5 3 11 5 5 7 9 9 11 5 7 3 7 1 1 5 7 8 3 11 7 9 4 8 0 1 7 3 3 6 3 9 5 12 3 6 9 6 5 9 3 4 4 6 3 9 4 4 1 10 6 0 2 2 8 9 6 2 9 6 2 10 4 10 6 9 2 5 8 5 8 2 11 3 3 9 2 9 0 5 9 4 3 4 4 
13 13 13 13 13 13 13 13 13 13 5 10 10 8 1 2 2 10 1 3 2 9 3 1 5 8 5 10 3 2 5 8 6 8 1 4 2 5 10 0 2 10 4 2 8 9 2 5 3 5 3 3 7 9 2 4 6 3 5 3 10 10 2 10 5 10 4 4 2 5 4 2 5 3 3 10 4 2 8 4 3 9 4 0 9 4 4 10 4 4 5 8 9 10 5 5 2 6 2 2 4 6 7 4 10 7 7 4 8 1 0 6 1 1 6 3 10 4 11 3 4 10 6 4 9 4 2 4 5 2 8 5 3 2 10 5 1 3 3 7 8 5 2 9 5 2 10 5 9 6 8 3 5 8 4 9 2 11 2 2 9 1 9 1 4 9 2 5 5 6 
12 12 12 6 12 6 6 12 12 12 1 9 7 4 6 8 6 8 6 6 6 4 7 5 3 5 5 5 5 8 7 4 1 7 5 8 5 6 5 6 6 7 4 4 6 2 5 10 6 4 4 7 3 2 9 5 4 9 11 10 5 9 7 9 8 6 10 3 8 8 4 3 6 3 8 4 7 6 5 3 5 3 8 5 4 5 8 5 2 3 3 2 6 5 5 3 6 1 8 8 1 0 1 10 5 6 1 2 7 7 6 0 4 4 5 5 9 8 4 5 2 9 1 2 8 7 4 3 3 4 2 7 4 8 6 6 7 10 9 1 3 1 5 4 1 9 9 9 3 8 2 9 7 3 5 8 8 5 4 4 5 5 8 6 3 7 4 10 9 11 
14 14 14 11 14 11 11 14 14 14 3 10 10 8 1 4 1 10 1 2 3 8 3 1 4 8 3 9 1 4 6 8 4 8 2 6 2 5 9 1 4 10 4 0 8 7 1 6 2 3 4 4 6 7 4 5 5 5 7 5 9 10 3 10 6 10 6 2 4 6 2 2 3 2 5 9 5 3 7 3 3 8 6 0 8 2 6 9 2 2 3 7 8 9 5 3 1 4 4 3 3 5 6 6 9 7 6 3 9 3 1 4 0 0 6 4 10 3 9 4 2 10 4 3 9 5 0 3 4 0 6 6 4 4 9 3 3 5 5 5 7 4 3 8 4 4 11 7 8 7 7 5 6 7 2 9 4 9 0 0 8 2 10 3 2 9 1 7 7 8 
13 13 13 11 13 11 11 13 13 13 3 10 10 7 1 4 2 10 2 3 3 8 3 0 4 7 3 9 2 4 6 7 4 8 2 5 2 5 9 1 3 10 4 0 7 7 1 6 3 3 3 4 6 7 4 4 5 5 7 5 9 10 3 10 6 9 6 2 4 6 2 1 4 1 4 9 4 3 7 3 3 8 5 0 8 3 5 9 2 2 4 6 8 9 5 4 2 4 3 3 3 5 5 6 9 7 6 2 8 3 1 4 0 0 6 3 9 4 9 3 3 10 4 3 9 5 1 3 4 0 6 5 3 4 9 4 2 5 5 5 7 4 2 8 4 4 10 6 8 7 7 5 5 6 3 9 4 9 1 0 8 2 9 2 2 9 1 6 6 7 
7 7 7 9 7 9 9 7 7 7 5 4 4 3 7 6 8 4 7 9 4 4 9 5 1 2 8 6 8 7 2 3 6 2 4 5 4 2 4 6 4 4 2 6 1 5 7 7 9 8 2 4 2 6 8 2 1 7 8 8 6 4 5 4 4 4 8 6 8 4 7 4 9 4 5 6 3 4 2 7 3 6 5 6 5 8 5 5 5 7 7 5 2 5 1 8 8 6 7 8 4 5 4 8 5 1 6 3 2 6 6 5 6 6 0 3 4 10 7 2 6 4 3 4 3 4 6 2 2 6 6 2 2 8 4 9 7 8 7 6 4 4 3 4 4 9 4 5 5 3 5 7 2 3 8 3 8 6 6 6 3 4 3 5 6 3 6 7 6 9 
10 10 10 11 10 11 11 10 10 10 5 6 7 6 4 3 5 7 5 6 1 7 7 3 2 5 7 8 6 4 2 6 6 4 2 2 1 1 7 4 0 7 1 4 4 7 5 4 6 7 1 1 5 7 5 1 3 4 5 5 8 6 2 6 2 7 5 5 4 2 6 2 7 3 2 8 1 1 5 6 0 8 2 3 7 7 3 8 4 6 7 7 5 7 2 7 5 6 4 5 4 5 5 5 8 4 7 3 5 3 3 5 4 3 3 0 6 7 9 0 5 6 4 3 6 1 4 2 3 4 7 1 1 5 7 7 3 5 4 7 6 4 0 7 4 6 7 3 7 3 7 4 2 5 6 5 5 9 4 4 6 1 6 2 5 6 4 4 3 6 
3 3 3 11 3 11 11 3 3 3 9 0 3 5 10 9 12 1 11 13 7 6 13 9 5 3 13 7 12 10 4 5 10 1 8 7 7 5 6 10 7 3 5 10 2 8 11 9 13 12 6 7 5 9 11 5 5 10 9 11 7 0 8 0 5 4 11 10 11 6 11 8 13 8 7 8 6 7 4 11 6 8 7 10 7 12 7 6 9 11 11 8 3 6 4 12 11 10 10 11 8 8 7 11 7 2 9 7 1 9 10 9 10 9 4 6 0 14 10 6 10 0 7 8 0 6 10 6 6 10 10 5 6 11 4 13 10 10 9 10 7 8 7 6 7 12 0 6 7 4 8 9 4 6 12 1 11 8 10 9 4 8 0 8 10 2 10 9 7 11 
17 17 17 14 17 14 14 17 17 17 6 14 14 11 3 6 2 14 2 1 6 12 0 4 8 12 3 13 2 5 10 12 7 12 5 9 6 9 13 3 7 14 8 3 12 10 2 8 1 3 7 7 10 10 5 8 9 7 9 6 13 14 6 14 10 14 7 4 5 9 3 6 2 6 8 12 8 7 11 5 7 11 9 4 12 2 8 13 5 4 5 10 12 13 9 5 2 6 5 4 7 8 9 7 13 11 9 7 12 5 4 8 3 4 10 7 14 0 12 8 5 14 8 6 13 9 3 7 8 4 9 9 7 4 13 2 4 7 7 7 11 7 7 11 8 4 15 10 11 11 10 7 10 10 2 13 4 13 3 4 12 5 14 5 4 13 4 9 9 9 
12 12 12 2 12 2 2 12 12 12 6 10 7 5 10 12 11 9 11 11 10 3 12 9 7 6 9 2 10 13 10 4 5 9 10 12 9 10 4 11 10 7 8 9 7 2 10 14 11 8 8 11 5 2 13 9 7 14 15 14 2 10 11 10 11 5 15 7 13 12 9 8 10 7 12 2 11 10 6 7 9 1 12 10 2 10 12 4 7 8 7 2 7 4 8 7 11 5 13 13 6 4 3 15 3 8 3 7 8 12 11 4 9 9 7 9 10 12 0 9 7 10 5 6 9 11 9 7 6 8 2 10 8 13 5 10 12 14 13 4 3 5 9 3 5 13 11 12 2 11 2 13 10 4 10 10 13 2 9 9 5 10 9 11 7 8 8 14 13 16 
9 9 9 11 9 11 11 9 9 9 5 6 7 5 4 3 6 6 5 6 1 6 7 3 2 4 7 8 6 5 2 5 6 4 2 3 1 1 7 4 1 7 1 4 4 7 5 5 7 7 0 2 4 7 5 0 2 5 5 6 8 6 2 6 2 7 6 5 5 3 6 2 7 3 2 8 1 1 4 6 0 7 3 4 7 7 3 7 4 6 6 6 5 7 1 7 5 6 5 5 3 5 5 6 7 3 6 2 5 3 3 5 4 3 2 0 6 8 9 0 5 6 4 3 5 2 4 1 2 4 7 1 0 5 6 8 4 5 4 6 6 4 1 6 4 6 6 3 7 3 6 4 2 5 6 5 5 8 4 4 5 2 5 3 5 6 4 5 4 7 
13 13 13 8 13 8 8 13 13 13 0 10 9 6 4 7 4 10 4 4 5 6 5 3 4 7 2 7 3 7 7 6 1 9 4 8 4 6 7 4 5 9 4 2 7 5 3 9 4 2 4 6 5 4 7 5 5 8 10 8 7 10 6 10 8 8 9 0 7 8 2 3 3 2 7 6 6 5 6 1 5 5 8 3 6 3 8 8 1 1 1 4 8 7 6 1 4 1 6 6 2 2 3 9 7 7 3 2 8 6 4 2 2 3 6 5 10 5 7 5 0 10 3 2 9 7 2 3 4 2 4 7 4 7 8 3 5 8 8 2 5 2 5 6 2 7 11 8 6 8 4 8 7 5 3 9 7 7 2 2 7 4 9 5 0 9 2 9 9 10 
3 3 3 12 3 12 12 3 3 3 10 0 3 6 10 9 12 2 11 13 7 7 13 9 6 4 13 8 12 10 4 6 10 1 8 7 7 5 6 10 7 4 6 10 3 9 11 9 13 13 6 7 6 9 11 5 5 9 9 11 8 0 8 0 5 5 10 11 11 6 12 8 13 8 7 8 6 7 5 11 7 9 6 10 8 13 7 6 9 11 12 9 3 7 4 12 12 11 10 11 8 9 8 11 7 2 10 8 2 9 10 9 10 10 4 6 0 14 10 6 10 0 7 8 1 6 11 7 6 10 10 4 6 11 5 14 10 10 9 11 7 8 7 7 8 12 0 6 8 3 9 9 4 7 13 1 11 8 11 10 5 8 1 8 11 3 10 8 7 10 
10 10 10 7 10 7 7 10 10 10 2 7 6 3 5 7 6 7 6 7 5 3 8 4 2 4 6 4 6 8 5 3 2 6 5 7 4 5 4 6 5 6 2 4 4 3 6 9 7 5 3 6 1 3 8 4 2 8 10 9 4 7 6 7 6 5 9 4 8 7 5 3 6 2 6 4 6 5 3 4 4 3 7 5 3 6 7 5 2 4 4 2 4 4 3 4 6 3 8 8 1 1 1 10 4 5 2 1 5 6 6 1 4 4 3 4 7 8 5 4 3 7 0 1 6 6 4 2 1 4 3 5 3 8 4 7 7 9 8 3 2 0 4 3 0 8 8 7 3 6 2 8 5 2 6 7 8 5 5 4 4 4 6 6 4 6 4 9 8 11 
11 11 11 8 11 8 8 11 11 11 1 8 7 4 4 6 5 8 5 5 4 5 6 3 2 5 4 6 4 6 5 5 2 7 3 6 3 5 6 4 4 7 2 3 5 4 4 8 5 4 3 5 3 4 7 3 3 7 8 8 6 8 5 8 6 7 8 2 6 6 3 1 5 1 6 6 5 4 5 3 3 5 6 3 5 5 6 6 1 3 3 4 6 6 4 3 5 2 6 6 0 2 2 8 6 5 3 0 6 5 4 2 3 3 4 3 8 6 6 3 2 8 1 0 7 5 3 1 2 2 4 5 2 6 6 5 5 7 7 3 4 1 3 5 1 7 9 7 5 6 4 7 5 3 4 7 6 6 3 2 5 3 7 4 2 7 2 8 7 9 
4 4 4 11 4 11 11 4 4 4 9 1 2 4 10 8 11 1 11 12 7 5 13 9 5 2 12 7 11 10 4 4 9 1 7 7 7 4 5 10 6 2 5 9 1 7 10 9 12 11 5 7 5 8 11 4 4 9 9 11 6 1 7 1 5 3 11 10 10 6 11 7 12 7 7 7 6 7 3 10 6 8 7 9 6 12 7 5 8 10 10 7 2 5 3 11 11 9 10 11 7 7 6 11 6 1 8 7 0 9 9 8 9 9 3 6 0 13 9 5 9 1 6 7 0 6 10 6 5 9 9 4 5 11 3 13 9 10 9 9 6 7 6 5 7 11 1 6 7 4 7 9 4 5 12 1 11 7 10 9 3 7 0 8 10 1 9 9 7 11 
9 9 9 13 9 13 13 9 9 9 7 6 8 7 5 3 7 7 6 8 2 8 8 4 4 6 9 10 7 4 1 7 8 4 3 1 3 1 9 5 1 8 3 6 5 9 6 3 8 8 2 1 6 9 5 2 4 3 4 5 10 6 2 6 1 8 4 7 5 1 7 4 9 5 1 10 0 2 6 8 2 9 1 5 9 8 1 9 6 8 8 8 6 9 3 9 6 8 4 5 6 7 7 5 9 4 9 5 5 3 4 7 5 5 4 1 6 9 11 2 7 6 6 5 6 0 6 4 5 6 9 1 3 5 8 9 4 4 3 9 8 6 2 8 6 6 6 1 9 2 9 3 1 7 8 5 5 10 6 5 7 3 6 3 7 6 6 3 2 5 
14 14 14 10 14 10 10 14 14 14 2 11 10 8 1 5 2 11 2 2 4 8 3 1 4 8 2 9 1 5 7 8 3 9 3 7 3 6 9 2 4 10 4 0 8 7 1 7 2 2 4 5 6 7 5 5 5 6 8 6 9 10 4 11 7 10 7 1 5 7 1 2 2 2 6 8 6 4 7 2 4 7 6 1 8 2 6 9 1 1 3 6 9 9 6 2 2 3 4 4 3 4 5 7 9 8 5 3 9 4 2 4 0 1 6 4 10 3 9 4 2 11 4 3 10 6 0 4 4 0 6 6 4 4 9 3 3 6 6 4 7 4 4 8 4 4 11 7 8 8 6 6 7 6 1 10 4 9 0 0 8 3 10 4 1 10 0 8 7 8 
10 10 10 9 10 9 9 10 10 10 3 7 6 4 4 5 5 7 5 6 3 5 7 3 1 4 6 6 5 6 3 4 4 5 2 5 1 3 6 4 2 6 0 3 4 5 5 7 6 5 1 3 3 5 6 2 1 6 7 7 6 6 3 7 4 6 7 4 6 5 5 1 6 1 4 6 3 2 4 4 1 5 5 3 5 6 5 6 2 4 5 4 5 6 2 5 5 4 5 6 1 3 3 7 6 4 5 1 5 4 4 3 3 3 2 2 6 7 7 1 3 7 2 1 6 4 4 0 1 3 5 3 1 6 5 7 5 6 6 5 4 2 2 5 2 6 7 5 5 4 5 6 3 3 5 6 6 7 4 3 5 2 6 3 4 6 3 7 6 8 
9 9 9 8 9 8 8 9 9 9 3 6 5 3 5 6 6 6 6 7 4 4 8 4 0 3 6 5 6 7 4 3 4 5 4 6 3 3 4 5 4 5 1 4 3 4 6 8 7 6 2 5 1 4 7 2 1 7 8 8 5 6 5 6 5 5 8 4 7 6 5 2 7 2 5 5 4 4 3 5 3 4 6 5 4 7 6 5 3 5 5 3 4 4 2 5 6 4 7 7 1 2 2 9 5 3 4 1 4 6 5 3 4 4 2 3 6 8 6 2 4 6 1 2 5 5 4 1 0 4 4 4 2 7 4 7 6 8 7 4 3 1 3 3 1 8 7 6 4 5 4 7 4 2 6 5 8 5 5 4 3 4 5 5 4 5 4 8 7 9 
13 13 13 10 13 10 10 13 13 13 2 10 10 7 1 4 2 10 2 3 3 8 4 1 4 7 3 9 2 5 6 7 3 8 2 6 2 5 8 2 4 9 4 0 7 6 1 7 2 2 3 4 5 6 5 4 5 6 8 6 9 10 4 10 6 9 7 1 4 6 1 1 3 1 5 8 5 3 7 2 3 7 6 1 8 2 6 9 1 2 3 6 8 8 5 3 2 3 4 4 2 4 5 7 9 7 5 2 8 3 2 4 0 0 6 4 10 4 8 4 2 10 4 2 9 6 0 3 4 0 6 6 3 4 8 3 3 6 6 4 7 3 3 7 3 4 10 7 7 7 6 6 6 6 2 9 4 9 0 0 8 2 9 3 1 9 0 7 7 8 
13 13 13 4 13 4 4 13 13 13 3 10 8 5 8 10 8 9 8 8 8 4 9 7 5 6 6 4 7 11 9 4 2 9 8 10 7 8 5 8 8 7 6 6 7 1 7 12 8 6 6 9 4 1 11 7 5 11 13 12 4 10 9 10 10 6 12 4 11 10 6 6 7 5 10 3 9 8 5 4 7 2 10 7 3 7 11 5 4 5 4 1 7 5 7 4 8 3 10 10 3 2 2 13 4 8 0 4 8 9 8 2 6 6 6 7 10 9 2 7 4 10 3 4 9 9 6 5 4 6 0 9 6 10 6 7 9 12 11 1 3 3 7 4 3 11 11 11 2 9 1 11 8 3 7 10 11 4 6 6 5 7 9 9 5 8 6 12 11 14 
8 8 8 12 8 12 12 8 8 8 7 5 6 6 6 4 7 6 6 8 2 7 9 5 3 5 9 9 7 5 0 6 7 3 3 2 3 0 7 5 2 6 2 6 4 8 7 4 8 9 2 2 5 8 6 1 3 5 5 6 8 5 3 5 1 7 6 7 6 2 8 4 9 4 2 8 1 2 5 8 2 8 2 5 8 8 2 8 6 8 8 7 5 8 1 8 7 8 5 6 5 7 6 6 8 2 8 4 4 4 5 7 6 5 2 1 5 9 10 1 7 4 5 5 4 1 6 3 4 6 9 0 2 6 6 9 5 5 4 8 7 5 2 7 5 7 5 2 8 1 8 4 0 6 8 3 6 9 6 5 6 3 4 4 7 5 6 4 3 6 
10 10 10 10 10 10 10 10 10 10 4 6 6 5 4 4 5 6 5 6 2 6 7 3 1 4 6 7 5 5 2 5 5 4 2 4 1 2 6 4 1 6 0 4 4 6 5 6 6 6 0 2 3 6 6 1 2 5 6 6 7 6 3 6 3 6 6 4 5 4 5 1 7 2 3 7 2 2 4 5 1 6 4 3 6 6 4 7 3 5 6 5 5 6 1 6 5 5 5 5 2 4 4 6 7 3 6 2 5 4 3 4 4 3 2 1 6 7 8 0 4 6 3 2 5 3 4 1 2 3 6 2 0 6 6 7 4 6 5 6 5 3 1 5 3 6 7 4 6 3 6 5 2 4 6 5 6 7 4 3 5 2 6 3 4 5 4 6 5 7 
15 15 15 15 15 15 15 15 15 15 7 11 12 11 2 2 3 12 2 4 3 11 3 3 7 10 6 13 4 1 7 11 8 10 3 5 4 6 12 2 4 12 6 4 10 11 3 4 4 6 5 4 9 11 0 6 8 2 4 1 13 11 3 11 6 12 3 6 0 5 5 5 6 5 4 12 5 4 10 6 5 12 5 3 12 5 4 13 6 6 7 10 11 12 7 7 3 8 0 0 7 9 9 2 13 9 10 6 10 1 2 8 4 4 8 5 11 4 13 5 7 11 8 6 11 5 4 6 7 4 10 6 6 0 12 6 1 2 3 9 11 8 4 11 8 0 12 6 12 7 11 3 7 10 5 10 0 13 4 4 11 3 11 2 6 11 5 4 5 4 
7 7 7 7 7 7 7 7 7 7 7 5 2 1 10 10 11 3 11 12 8 1 13 9 4 1 11 3 11 11 6 1 7 4 8 9 7 6 1 10 8 1 5 9 2 4 10 11 11 10 6 8 2 5 12 6 4 11 12 12 2 4 9 5 8 0 12 8 12 8 10 7 11 7 9 3 8 8 1 9 7 4 9 9 3 11 9 1 7 9 9 4 1 1 5 9 11 7 11 12 6 5 4 13 2 4 6 6 3 10 10 6 9 9 4 7 4 13 5 6 8 5 4 6 3 8 9 5 4 8 6 6 6 12 0 12 10 12 11 7 2 5 7 2 5 12 5 8 3 6 4 11 6 2 11 5 12 3 9 8 0 8 4 9 8 2 9 11 10 13 
17 17 17 12 17 12 12 17 17 17 4 14 13 10 4 7 2 13 3 2 7 10 2 4 7 11 1 11 2 7 10 10 5 12 6 9 6 9 11 4 7 13 7 3 11 9 2 10 1 1 7 8 9 8 6 8 8 8 10 8 11 13 7 14 10 12 9 3 6 10 1 5 0 5 8 10 9 7 10 2 7 9 9 4 10 1 9 12 4 2 3 8 11 11 9 2 3 4 6 6 5 6 7 9 11 11 7 6 12 6 5 6 3 4 9 7 13 2 10 8 3 14 7 5 13 9 3 7 7 3 7 9 7 6 12 0 6 8 9 5 9 6 7 10 6 6 14 10 10 11 8 8 10 9 1 13 6 11 3 3 11 6 13 6 3 12 3 10 10 10 
13 13 13 14 13 14 14 13 13 13 6 10 11 9 2 1 3 11 2 4 2 10 4 2 5 9 6 11 4 1 5 9 7 8 2 4 3 5 11 1 3 11 5 3 8 10 3 4 4 6 4 2 8 10 1 5 6 2 4 2 11 10 2 10 5 11 3 5 1 4 5 3 6 4 3 11 4 2 9 6 3 10 4 2 10 5 3 11 5 5 7 9 9 11 6 6 2 7 1 1 5 7 8 3 11 8 9 5 9 0 1 7 3 2 7 3 10 4 12 4 5 10 7 5 9 4 3 5 6 3 9 5 4 1 10 6 0 2 2 8 9 6 3 10 6 2 10 5 10 6 9 2 5 8 5 9 1 12 3 3 9 2 10 1 5 10 4 4 4 5 
13 13 13 16 13 16 16 13 13 13 9 10 12 11 4 1 5 11 4 6 3 12 6 5 7 10 9 13 6 1 5 11 9 9 4 3 5 5 12 4 4 12 6 6 9 12 6 1 7 8 6 3 10 12 2 6 8 0 2 1 13 10 3 10 5 12 0 8 2 4 7 6 8 6 2 13 4 4 10 8 5 12 3 4 12 7 3 13 7 8 9 11 10 13 7 9 5 9 2 2 8 10 10 0 13 8 11 7 10 2 3 10 5 5 8 5 10 7 14 5 8 10 9 7 10 4 6 6 8 6 12 5 6 2 12 8 2 0 1 11 11 9 4 12 9 3 10 4 12 6 12 0 6 10 7 9 2 14 6 6 11 4 10 3 8 11 6 2 3 2 
12 12 12 15 12 15 15 12 12 12 8 9 11 10 4 1 6 10 5 6 2 11 7 4 6 9 9 12 6 2 4 10 9 7 3 2 4 4 11 4 3 11 5 6 8 11 6 1 7 8 5 2 9 11 2 5 7 0 1 2 12 9 2 9 3 11 1 8 2 2 7 5 8 6 1 12 3 3 9 8 4 12 2 4 12 7 1 12 7 8 9 10 9 12 6 9 5 9 2 3 7 9 9 1 12 7 10 6 8 2 3 9 5 5 7 4 9 7 13 4 8 9 8 7 9 3 6 6 7 6 11 4 5 3 11 9 2 1 0 10 10 8 3 11 8 4 9 3 11 5 11 0 5 9 7 8 3 13 6 5 10 3 9 2 7 10 6 1 2 2 
14 14 14 6 14 6 6 14 14 14 1 11 9 5 6 9 6 10 7 7 7 5 7 5 5 7 4 5 5 9 8 5 1 9 6 10 6 8 6 7 7 8 5 5 7 3 6 11 6 4 6 8 4 2 9 7 5 10 12 10 5 10 8 11 9 8 11 3 9 10 4 5 5 4 9 5 8 7 6 2 6 3 9 6 4 5 10 6 3 3 2 3 7 6 7 2 7 1 9 9 3 1 2 11 6 8 1 4 8 8 7 1 5 5 6 7 10 7 4 6 2 11 3 3 9 9 4 5 4 4 1 8 6 9 7 5 8 11 10 0 4 2 6 5 2 9 11 10 4 9 2 10 8 4 5 10 9 5 5 4 6 6 10 7 3 9 4 11 11 13 
10 10 10 5 10 5 5 10 10 10 4 7 5 1 8 9 9 6 9 10 7 1 11 7 4 3 8 2 8 10 7 1 4 6 7 9 6 7 2 8 7 4 4 7 4 1 8 11 9 8 5 8 1 2 11 5 3 11 12 12 1 7 8 7 8 3 12 6 11 9 8 5 9 5 9 1 8 7 2 6 6 1 9 8 1 9 9 2 5 7 6 1 4 2 5 7 9 5 10 10 4 2 1 12 2 5 3 4 5 9 8 3 7 7 4 6 7 11 3 6 5 7 2 4 6 8 7 4 3 7 3 7 5 11 2 9 9 11 10 4 0 3 7 0 3 11 8 9 1 7 1 11 6 0 8 7 11 2 7 7 2 7 6 8 6 5 7 11 10 13 
11 11 11 7 11 7 7 11 11 11 1 8 7 4 5 7 6 7 6 6 5 4 7 4 2 4 5 5 5 7 6 4 2 6 4 7 4 5 5 5 5 6 3 4 5 3 5 9 6 5 3 6 2 3 8 4 3 8 9 9 5 8 6 8 7 6 9 3 8 7 4 2 6 2 6 4 6 5 4 3 4 3 7 4 4 5 7 5 2 4 3 2 5 5 4 4 6 2 7 7 0 1 1 9 5 5 2 1 6 6 5 1 4 4 4 4 8 7 5 4 2 8 0 1 7 6 4 2 1 3 3 5 3 8 5 6 6 9 8 2 3 0 4 4 0 8 8 7 4 6 3 8 5 2 5 7 8 5 4 3 4 4 7 5 3 6 3 9 8 10 
10 10 10 11 10 11 11 10 10 10 5 7 8 6 3 2 5 8 4 5 0 7 6 2 3 6 6 9 5 4 3 6 5 5 1 3 0 2 8 3 0 8 2 3 5 7 4 4 6 6 1 1 5 7 4 1 3 4 5 5 8 7 1 7 3 8 5 5 4 3 5 1 7 2 2 8 1 0 6 5 0 8 3 2 8 6 3 8 3 5 6 7 6 8 2 6 4 6 3 4 3 5 5 5 8 4 7 2 6 2 2 5 3 2 3 0 7 7 9 1 5 7 4 3 6 2 4 2 3 3 7 2 1 4 7 7 3 4 3 6 7 4 0 7 4 5 8 3 8 4 7 4 3 6 6 6 4 9 3 3 6 1 7 1 4 7 4 4 4 6 
9 9 9 5 9 5 5 9 9 9 5 7 4 1 9 10 10 5 10 10 8 0 11 8 4 3 9 1 9 11 7 1 5 6 8 9 7 7 1 9 7 3 5 8 4 2 9 11 10 8 6 8 2 2 11 6 3 11 12 12 1 6 8 7 8 2 12 7 11 9 8 6 10 6 9 1 8 7 2 7 7 2 9 8 1 9 10 1 6 7 7 2 3 1 5 7 10 5 11 11 4 3 2 12 1 5 4 5 4 9 9 4 8 8 4 7 6 11 3 6 6 7 3 5 5 8 8 5 3 7 4 7 5 11 2 10 10 12 11 5 0 4 7 0 3 12 7 9 1 7 2 11 6 1 9 7 11 2 8 7 2 7 6 9 7 4 7 11 10 13 
11 11 11 7 11 7 7 11 11 11 2 8 6 3 5 7 6 7 6 6 5 4 7 4 2 4 5 5 5 8 6 3 2 6 4 7 4 5 5 5 5 6 2 4 5 3 5 9 6 5 3 6 2 3 8 4 2 8 9 9 5 8 6 8 7 6 9 3 8 7 4 2 6 2 6 4 6 5 4 3 4 3 7 5 4 6 7 5 2 4 3 2 5 5 4 4 6 2 7 7 0 1 1 9 5 5 2 1 6 6 5 1 4 4 4 4 7 8 5 4 2 8 0 1 7 6 4 2 1 3 3 5 3 8 5 6 6 9 8 2 3 0 4 3 0 8 8 7 3 6 3 8 5 2 5 7 8 5 4 3 4 4 7 6 3 6 4 9 8 10 
15 15 15 15 15 15 15 15 15 15 7 12 13 11 3 3 3 13 2 3 4 12 3 3 7 11 6 13 4 1 7 11 8 10 4 5 5 7 13 2 5 13 7 4 10 11 3 4 4 6 6 4 10 11 1 7 8 3 5 2 13 12 4 12 7 13 3 6 1 6 5 5 6 5 4 13 6 4 11 6 5 12 5 3 12 5 5 13 6 6 7 11 11 13 8 7 2 8 1 0 7 9 10 3 13 10 10 6 11 2 2 9 4 4 9 6 12 4 13 6 7 12 8 7 11 6 4 6 8 4 11 7 6 0 12 6 2 3 4 9 11 8 5 12 8 0 12 6 12 8 11 3 7 10 5 11 0 13 4 4 11 4 12 3 6 12 5 5 6 5 
2 2 2 12 2 12 12 2 2 2 10 0 3 6 11 9 12 2 12 13 8 7 14 10 6 4 13 8 12 11 5 6 11 2 9 7 8 5 6 11 7 4 6 11 3 9 12 9 13 13 7 8 6 10 11 6 5 10 10 11 8 0 8 0 5 5 11 11 11 6 12 8 14 9 8 8 6 8 5 12 7 9 7 10 8 13 7 7 10 12 12 9 3 7 5 13 12 11 11 12 9 9 8 11 7 3 10 8 2 10 10 9 11 10 4 7 0 15 11 6 11 0 8 9 1 6 11 7 7 10 11 5 7 12 5 14 10 10 9 11 8 8 8 7 8 12 0 6 8 4 9 10 5 7 13 1 12 9 11 10 5 9 1 9 11 3 11 9 7 11 
9 9 9 14 9 14 14 9 9 9 8 6 8 8 6 3 8 7 7 9 3 9 9 6 5 7 10 11 8 5 2 8 9 5 4 1 4 2 9 6 3 8 4 7 6 10 7 3 9 10 4 2 7 10 5 3 5 3 3 5 11 6 3 6 0 9 4 8 5 0 9 5 10 6 2 11 1 3 7 9 3 11 1 6 10 9 1 10 7 9 10 9 7 10 4 10 7 9 5 6 7 8 8 5 10 4 10 6 6 4 5 9 7 6 5 3 6 10 12 3 8 6 7 7 6 1 7 5 6 7 11 2 4 6 8 10 5 4 3 10 9 7 3 9 7 6 6 0 10 2 10 3 2 8 9 5 6 11 7 6 8 4 6 4 8 7 7 2 1 4 
10 10 10 4 10 4 4 10 10 10 5 8 5 2 9 10 10 6 10 10 8 1 11 8 5 4 8 1 9 11 8 2 5 7 8 10 7 8 2 9 8 5 5 8 5 1 9 12 10 8 6 9 2 1 12 7 4 12 13 12 1 8 9 8 9 4 13 6 11 10 8 6 9 6 10 0 9 8 3 7 7 1 10 8 0 9 10 2 6 7 6 1 4 2 6 7 10 5 11 11 4 3 2 13 1 6 3 5 6 10 9 3 8 8 5 7 7 11 2 7 6 8 3 5 7 9 8 5 4 7 2 8 6 12 3 10 10 12 11 4 1 4 8 1 3 12 8 10 0 8 1 12 7 1 9 8 12 1 8 7 3 8 7 9 7 5 7 12 11 14 
7 7 7 13 7 13 13 7 7 7 8 3 6 6 7 5 9 5 8 9 4 7 10 6 4 5 10 9 9 6 0 6 8 2 5 3 4 1 7 7 3 6 3 7 4 9 8 5 10 10 3 3 6 9 7 2 4 5 5 7 9 4 4 4 1 7 7 8 7 2 9 5 11 6 3 9 2 3 5 9 3 9 3 6 8 10 3 8 7 9 10 8 5 8 2 10 8 9 7 7 6 7 7 7 8 2 9 5 3 6 6 8 7 7 3 3 4 11 11 3 8 3 6 6 4 2 8 4 5 7 9 1 3 7 6 11 6 6 5 9 7 6 4 7 6 8 4 2 8 0 9 5 1 6 10 2 8 9 7 7 6 5 4 5 8 5 8 5 3 7 
11 11 11 4 11 4 4 11 11 11 3 9 6 3 8 10 9 7 9 9 8 2 10 7 4 5 7 2 8 11 8 3 3 8 7 10 7 7 3 8 8 6 5 7 6 0 8 12 8 7 6 9 3 0 11 6 4 11 12 12 2 8 9 9 9 5 12 5 11 10 7 5 8 5 9 2 8 8 4 5 7 0 10 7 1 8 10 4 4 6 5 0 5 3 6 5 9 3 10 10 3 2 1 12 3 7 1 4 6 9 8 2 7 7 5 7 8 10 2 6 4 9 2 4 7 9 6 5 4 6 1 8 6 11 4 8 9 12 11 2 1 3 7 2 3 11 9 10 1 9 0 11 7 2 7 8 11 2 7 6 4 7 8 9 5 6 6 12 11 13 
12 12 12 15 12 15 15 12 12 12 8 9 11 10 4 1 6 10 4 6 3 11 6 4 7 9 8 13 6 1 5 10 9 8 3 2 4 4 12 4 3 11 6 6 8 11 6 1 7 8 5 2 9 11 2 5 7 0 1 1 12 9 2 9 4 11 1 8 2 3 7 5 8 6 2 12 3 3 9 8 4 12 2 4 12 7 2 12 7 8 9 11 9 12 6 9 5 9 2 2 7 9 9 1 12 7 11 6 9 2 3 9 5 5 7 4 9 7 13 4 8 9 8 7 9 3 6 6 7 6 11 4 5 3 11 8 2 0 0 10 11 8 4 11 8 3 10 3 12 5 11 0 5 10 7 8 3 13 6 5 10 3 9 2 7 10 6 1 2 2 
7 7 7 12 7 12 12 7 7 7 7 4 6 5 6 4 8 5 7 8 3 6 9 5 3 4 9 8 8 6 0 6 7 3 4 3 3 0 7 6 2 6 2 6 3 8 7 5 9 9 2 3 5 8 7 1 3 5 5 7 8 4 3 4 1 6 6 7 6 2 8 4 9 5 3 8 1 3 4 8 2 8 3 5 8 9 3 7 6 8 8 7 4 7 1 9 7 8 6 7 5 6 6 7 8 2 8 4 3 5 5 7 6 5 2 2 4 10 10 2 7 4 5 5 4 1 7 3 4 6 8 0 2 7 6 10 5 6 5 8 6 5 3 6 5 7 5 2 7 1 7 5 0 5 8 3 7 8 6 6 5 4 4 4 7 4 6 5 3 7 
9 9 9 6 9 6 6 9 9 9 4 6 4 1 8 9 9 5 8 9 7 1 10 6 3 2 8 2 8 10 6 1 4 5 6 8 5 6 2 8 6 4 4 7 3 2 8 10 9 7 4 7 0 2 10 5 2 10 11 11 2 6 7 7 7 3 11 6 10 8 7 5 9 4 8 2 7 6 2 6 5 2 8 7 2 8 8 2 4 6 6 1 3 2 4 6 9 5 9 10 3 2 1 11 2 4 3 4 4 8 8 3 7 6 3 5 6 10 4 5 5 7 2 3 5 7 6 3 2 6 3 6 4 10 2 9 8 10 9 4 0 2 6 1 2 10 7 8 1 6 2 10 5 0 8 6 10 3 7 6 2 6 5 7 6 4 6 10 9 12 
16 16 16 11 16 11 11 16 16 16 4 13 12 9 3 6 2 12 3 1 6 10 2 3 6 10 1 10 1 6 9 9 4 11 5 8 5 8 10 3 6 12 6 2 10 8 1 9 1 1 6 7 8 8 6 7 7 7 9 7 10 12 6 13 9 11 8 2 5 9 0 4 0 4 7 10 7 6 9 2 6 8 8 3 9 0 8 11 3 1 2 7 10 10 8 2 2 4 5 5 5 5 7 8 10 10 6 5 11 5 4 5 2 3 8 6 12 2 10 6 3 13 6 4 12 8 1 5 6 2 7 8 6 5 11 1 5 7 7 5 8 5 6 9 5 5 13 9 9 10 7 7 8 8 0 12 5 10 2 2 10 5 12 5 2 11 2 9 9 10 
4 4 4 12 4 12 12 4 4 4 9 1 4 5 9 8 11 2 10 12 6 6 12 8 5 3 12 8 11 9 3 6 10 0 7 6 6 4 6 9 6 4 5 9 2 8 10 8 12 12 5 6 6 9 10 4 4 8 8 10 8 1 7 1 4 5 9 10 10 5 11 7 13 7 6 8 5 6 4 10 6 9 5 9 8 12 6 6 8 11 11 8 3 7 3 11 11 10 9 10 7 8 7 10 7 2 9 7 2 8 9 8 9 9 3 5 1 13 10 5 9 1 7 7 1 5 10 6 5 9 10 3 5 10 5 13 9 9 8 10 7 7 6 7 7 11 1 5 8 2 8 8 3 6 12 0 10 8 10 9 5 7 1 7 10 3 10 7 6 9 
15 15 15 15 15 15 15 15 15 15 7 11 13 11 2 2 3 12 2 3 4 12 3 3 7 10 6 13 4 1 7 11 8 10 3 5 4 6 12 2 4 13 6 4 10 11 3 4 4 6 6 4 9 11 0 6 8 2 4 1 13 12 3 12 6 13 3 6 0 6 5 5 6 5 4 12 5 4 10 7 5 12 5 3 12 5 4 13 6 6 7 10 11 12 7 7 3 8 1 0 7 9 9 3 13 9 10 6 11 2 2 8 4 4 8 5 11 4 13 5 7 11 8 6 11 5 4 6 8 4 11 6 6 0 12 6 1 2 3 9 11 8 4 11 8 0 12 6 12 8 11 3 7 10 5 10 0 13 4 4 11 3 11 2 6 12 5 4 5 4 
10 10 10 3 10 3 3 10 10 10 6 8 5 3 11 12 11 6 11 12 10 2 13 9 6 4 10 0 11 13 9 2 6 7 10 11 9 9 2 11 9 4 7 9 6 2 10 13 11 9 8 10 4 3 13 8 5 13 14 14 0 8 10 8 10 3 14 8 13 11 10 8 11 7 11 0 10 9 4 8 9 2 11 10 1 11 12 2 7 9 8 2 5 1 7 8 11 6 13 13 6 4 3 14 1 7 4 7 6 11 11 5 9 9 6 9 8 13 2 8 7 8 5 6 7 10 9 7 5 9 4 9 7 13 3 11 12 14 13 5 2 5 9 2 5 13 9 11 1 9 2 13 8 3 10 8 13 0 9 9 3 9 7 11 8 5 9 13 12 15 
14 14 14 11 14 11 11 14 14 14 3 11 10 8 1 4 1 11 2 2 4 8 3 1 5 8 2 9 1 4 7 8 4 9 3 6 3 6 9 2 4 10 4 0 8 7 0 7 2 2 4 5 6 7 4 5 6 6 8 5 9 10 4 11 7 10 6 2 4 7 1 2 3 2 5 9 5 4 8 2 4 8 6 1 8 2 6 10 2 2 3 7 9 9 6 3 1 3 4 4 3 5 6 7 9 8 6 3 9 3 2 4 0 1 6 4 10 3 9 4 2 11 5 3 10 6 0 4 5 0 6 6 4 4 9 3 3 6 6 5 7 4 3 8 4 4 11 7 8 7 7 6 6 7 2 10 4 9 0 0 8 3 10 3 1 10 0 7 7 8 
13 13 13 11 13 11 11 13 13 13 3 10 10 7 1 4 2 10 2 3 3 8 4 1 4 7 3 9 2 4 6 7 3 8 2 6 2 5 9 2 3 9 3 0 7 7 1 7 3 3 3 4 5 6 4 4 5 6 7 5 9 10 3 10 6 9 6 2 4 6 2 1 3 1 5 8 5 3 7 2 3 7 6 1 8 3 6 9 1 2 3 6 8 9 5 3 2 3 4 4 3 4 5 6 9 7 5 2 8 3 2 4 0 0 6 4 9 4 9 4 2 10 4 2 9 5 0 3 4 0 6 5 3 4 8 3 3 6 5 4 7 3 3 7 3 4 10 6 7 7 6 5 6 6 2 9 4 9 0 0 8 2 9 3 1 9 0 7 7 8 
7 7 7 7 7 7 7 7 7 7 6 5 2 0 9 9 10 3 10 11 7 1 12 8 4 1 10 3 10 10 6 1 6 4 7 8 6 5 1 9 7 2 4 8 2 4 9 10 11 9 5 8 2 4 11 5 3 10 11 11 3 4 8 5 7 1 12 8 11 8 9 6 11 6 8 3 7 7 0 8 6 4 8 8 3 10 8 2 6 8 8 4 1 2 4 9 10 7 10 11 5 5 3 12 2 3 5 5 2 9 9 5 8 8 3 6 4 12 5 5 7 5 4 5 3 7 8 5 3 8 5 6 5 11 0 11 9 11 10 6 2 4 6 2 4 11 5 8 3 6 4 10 5 2 10 5 11 3 8 8 0 7 3 8 8 2 8 10 9 12 
11 11 11 12 11 12 12 11 11 11 4 8 9 7 2 2 3 9 3 4 1 8 5 1 3 6 5 9 4 3 4 7 5 6 0 3 0 3 8 2 1 9 2 2 6 7 3 5 5 5 2 2 5 7 3 2 4 4 5 4 9 8 1 8 4 9 5 4 3 4 4 1 6 2 2 9 2 1 6 5 1 8 3 1 8 5 3 9 3 4 5 7 7 8 3 5 3 5 3 3 3 5 6 5 9 5 7 2 7 2 1 5 2 2 4 1 8 5 10 2 4 8 4 3 7 3 3 2 4 2 7 3 2 3 8 6 2 4 3 6 7 4 1 7 4 4 9 4 8 5 7 3 4 6 5 7 3 9 3 2 7 0 8 1 4 8 3 5 4 6 
4 4 4 11 4 11 11 4 4 4 9 1 2 4 10 9 11 1 11 12 7 5 13 9 5 2 12 7 11 10 4 5 9 1 8 7 7 5 5 10 7 3 5 10 2 8 11 9 12 12 6 7 5 8 11 5 4 10 10 11 7 0 8 1 5 4 11 10 11 6 11 7 13 8 7 7 6 7 3 11 6 8 7 9 7 12 7 5 9 11 11 7 2 5 4 11 11 10 10 11 7 8 7 11 6 2 9 7 1 9 9 8 10 9 3 6 0 14 9 5 9 1 6 7 0 6 10 6 5 9 9 4 6 11 4 13 10 10 9 10 6 7 7 6 7 12 1 6 7 4 8 9 4 5 12 1 11 7 10 9 3 8 0 8 10 1 10 9 7 11 
12 12 12 13 12 13 13 12 12 12 6 9 10 8 2 1 4 9 3 4 1 9 5 2 4 7 6 10 4 2 4 8 6 7 1 3 2 3 10 2 1 10 4 3 7 9 3 3 5 6 3 1 7 9 2 3 5 2 4 3 10 9 0 9 4 10 3 5 2 3 5 3 6 3 2 10 2 1 7 6 2 9 3 2 9 5 3 10 4 5 6 8 8 10 4 6 3 6 2 2 5 7 7 3 10 6 8 4 8 0 1 6 3 2 5 2 8 5 11 3 5 8 6 4 8 3 4 3 5 3 9 4 3 2 9 6 1 3 2 7 8 5 1 9 6 3 9 4 9 5 9 2 4 7 5 7 2 11 3 3 8 1 8 0 5 9 4 3 3 5 
14 14 14 9 14 9 9 14 14 14 1 11 10 7 3 6 3 10 3 3 5 7 4 3 4 8 2 8 2 6 7 7 2 9 4 8 4 7 8 3 5 10 4 1 8 6 2 9 3 1 4 6 5 5 6 5 5 7 9 7 8 10 5 11 8 9 8 0 6 8 1 3 2 2 7 7 6 5 7 0 5 6 7 3 7 2 8 8 1 0 1 5 8 8 6 1 3 2 6 6 2 3 4 8 8 8 4 2 9 5 4 3 2 2 6 5 10 4 7 5 0 11 4 2 10 7 1 4 4 1 5 7 4 6 8 3 5 8 7 3 6 3 4 7 3 6 11 8 7 8 5 7 7 6 2 10 6 8 1 1 8 4 10 5 0 9 1 9 8 10 
5 5 5 9 5 9 9 5 5 5 8 2 1 3 10 9 11 1 11 12 7 4 13 9 5 1 12 5 11 11 5 3 8 2 8 8 7 5 3 10 7 1 5 9 1 6 11 10 12 11 6 8 4 7 11 5 4 10 10 12 5 2 8 2 6 2 11 9 11 7 11 7 12 7 8 5 6 7 2 10 6 6 8 9 5 12 8 3 8 10 10 6 1 4 4 10 11 9 11 11 7 7 6 12 4 2 8 6 1 9 9 7 9 9 3 6 2 13 8 6 9 3 6 7 1 6 10 6 5 9 8 5 5 11 2 12 10 11 10 9 5 6 7 4 6 12 3 7 5 5 6 10 4 4 11 3 12 5 10 9 2 8 1 9 9 0 9 10 8 12 
14 14 14 10 14 10 10 14 14 14 2 10 10 7 2 5 2 10 2 2 4 8 3 1 4 8 2 9 1 5 7 7 3 9 3 7 3 6 9 2 4 10 4 0 8 7 1 7 2 2 4 5 6 6 5 5 5 6 8 6 9 10 4 11 7 10 7 1 5 7 1 2 2 2 6 8 6 4 7 1 4 7 7 2 8 2 7 9 1 1 2 6 8 9 6 2 2 3 5 4 3 4 5 7 9 8 5 3 9 4 2 4 1 1 6 4 10 4 8 4 2 10 4 2 9 6 0 3 4 0 6 6 4 5 9 3 4 6 6 4 7 3 4 7 4 5 11 7 7 8 6 6 6 6 2 10 5 9 0 0 8 3 10 4 1 9 0 8 7 9 
11 11 11 16 11 16 16 11 11 11 9 9 11 10 6 2 7 10 6 8 3 11 8 6 7 9 10 13 8 3 4 11 10 7 4 2 5 4 12 5 4 11 6 7 8 12 7 0 8 10 5 3 9 12 4 5 7 1 0 3 13 9 3 9 3 12 2 9 4 2 9 6 10 7 2 13 3 4 9 10 5 13 2 6 12 9 1 12 8 9 10 11 9 12 6 10 7 10 3 4 8 10 10 2 13 7 12 7 9 3 5 10 7 6 7 4 9 9 14 5 9 8 9 8 9 3 8 7 8 7 12 4 6 4 11 10 4 2 1 11 11 9 4 11 9 5 9 2 12 5 12 1 5 10 9 7 4 13 7 7 10 5 9 3 9 10 8 0 1 1 
10 10 10 15 10 15 15 10 10 10 9 7 9 9 6 3 7 8 6 8 3 10 9 6 6 8 10 12 8 4 3 9 10 6 4 0 4 3 11 5 3 10 5 7 7 11 7 2 9 10 4 2 8 11 5 4 6 2 2 4 12 7 3 7 2 10 3 9 4 1 9 6 10 6 1 12 2 3 8 9 4 11 1 6 11 9 0 11 8 9 10 10 8 11 5 10 7 10 4 5 7 9 9 3 11 6 11 6 7 4 5 9 7 6 6 3 7 9 13 4 9 7 8 7 7 2 7 6 7 7 11 3 5 5 10 10 4 3 2 11 10 8 4 10 8 6 7 1 11 3 11 2 3 9 9 6 5 12 7 7 9 4 7 3 8 8 7 1 0 3 
13 13 13 18 13 18 18 13 13 13 11 10 13 12 7 3 8 12 7 8 5 13 8 7 9 11 11 15 8 3 6 12 11 9 6 4 6 6 14 6 5 13 8 8 10 14 8 1 9 11 7 4 11 14 4 7 9 2 1 3 15 11 4 11 5 13 1 10 4 4 10 8 10 8 4 15 5 5 11 11 6 14 4 7 14 9 3 14 9 10 11 13 11 14 8 11 7 11 4 4 10 12 12 1 14 9 13 9 10 4 6 11 8 7 9 6 11 9 16 7 10 10 11 9 11 5 8 8 9 8 14 6 7 4 13 10 5 2 2 13 13 10 6 13 10 5 11 4 14 7 13 2 7 12 10 9 4 15 8 8 12 6 11 5 10 12 9 1 3 0 
