70 3382.26 0 1680 1 1680
71.23 12.5 85.65 98.72 64.23 40.52 74.84 63.11 69.05 52.1 18.41 8.03 84.17 42.01 71.42 64.26 23.65 28.71 40.46 85.7 8.21 3.6 60.75 39.8 36.78 69.78 71.22 75.65 60.4 81.89 37.65 69.74 60.54 46.1 20.95 50.97 58.13 79.8 3.13 15.51 98.28 79.67 80.68 16.45 41.92 62.16 63.25 82.46 13.27 71.17 29.15 13.27 62.27 97.45 15.87 86.65 36.35 68.11 73.66 12.47 18.9 48.73 6.21 20.17 17.05 37.15 48.33 82.25 19.07 40.34 
32.56 76.15 61.84 59.28 67.85 39.6 68.96 70.62 85.73 25.54 19.82 41.98 75.82 46.19 33.23 44.13 78.39 51.16 83.86 19.36 17.27 28.44 39.63 71.91 57.43 54.83 89.7 60.55 66.78 10.27 35.78 84.72 11.52 61.1 31.97 60.23 38.9 49.23 82.72 57.31 77.59 77.13 69.88 48.84 69.55 48.95 86.03 32.81 65.9 32.58 34.36 26.6 12.3 25.46 63.01 17.58 53.88 65.93 80.25 46.08 51.08 35.79 43.9 21.61 11.45 43.19 69.02 17.83 27.67 37.79 
7 2 8 9 6 4 7 6 7 5 2 1 8 4 7 6 3 3 4 8 1 1 6 4 4 7 7 7 6 8 4 7 6 5 2 5 6 8 1 2 9 8 8 2 4 6 6 8 2 7 3 2 6 9 2 8 4 7 7 2 2 5 1 2 2 4 5 8 2 4 
1 2 3 4 5 6 7 8 9 10 11 12 13 14 15 16 17 18 19 20 21 22 23 24 25 26 27 28 29 30 31 32 33 34 35 36 37 38 39 40 41 42 43 44 45 46 47 48 49 50 51 52 53 54 55 56 57 58 59 60 61 62 63 64 65 66 67 68 69 70 
1 1 2 3 2 3 1 2 1 2 1 2 2 3 1 2 3 3 3 2 2 2 2 3 3 1 1 1 2 2 3 1 2 2 1 2 2 2 2 1 3 2 2 1 3 2 2 2 1 1 3 1 2 3 1 2 3 1 1 1 1 2 2 1 1 3 2 2 1 3 
3 1 1 2 1 3 3 1 3 3 1 2 1 3 3 1 3 3 3 1 2 2 1 3 3 3 3 3 1 1 3 3 1 3 1 3 1 1 2 1 2 1 1 1 3 1 1 1 1 3 3 1 1 2 1 1 3 3 3 1 1 3 2 1 1 3 3 1 1 3 
4 6 7 5 8 8 8 1 3 10 1 8 2 3 7 1 10 8 5 10 10 9 8 8 10 9 8 3 7 2 10 8 3 5 3 2 5 10 7 5 10 1 8 4 1 8 7 1 7 10 6 6 3 1 6 10 3 5 4 3 3 1 3 4 2 8 5 3 3 9 
3338.03 3607.37 3860.04 4733.98 3566.29 3997.93 3635.21 4852.04 4452.21 4146.95 4793.13 3749.64 3888.17 4279.76 4627.62 4779.81 3867.98 3813.29 4731.47 3947.13 4085.47 4554.82 3650.48 3564.38 4191.73 4469.49 3810.21 4490.32 3933.48 4604.63 4232.33 3699.74 4423.78 4413.29 4328.05 4049.6 4443.16 4026.29 3941.74 4219.15 4046.33 4834.93 3557.56 3315.5 4840.04 3987.09 4590.49 4800.91 4875.4 3779.56 3591.51 4593.75 4249.76 4798.55 3298.16 3817.08 4441.57 4628.84 3326.11 4291.84 4355.72 4855.79 4471.8 3386.35 3758.91 3811.39 4339.51 4339.27 4331.24 4673.72 
0.55 0.34 0.49 0.5 0.54 0.74 0.51 0.2 0.83 0.82 0.23 0.64 0.46 0.7 0.5 0.21 0.79 0.54 0.63 0.79 0.69 0.28 0.65 0.6 0.52 0.1 0.73 0.89 0.57 0.39 0.57 0.49 0.79 0.22 0.71 0.56 0.66 0.66 0.68 0.5 0.57 0.22 0.71 0.53 0.35 0.5 0.64 0.26 0.56 0.61 0.36 0.35 0.8 0.28 0.36 0.49 0.78 0.3 0.31 0.77 0.9 0.3 0.8 0.69 0.66 0.63 0.56 0.82 0.8 0.44 
0.82 0.68 1.0 0.68 0.92 1.0 0.77 0.78 1.0 0.53 0.57 0.79 0.87 1.0 0.95 1.0 0.72 1.0 0.74 0.62 0.98 0.59 0.92 1.0 0.98 0.51 0.91 1.0 0.9 1.0 0.63 0.62 0.82 0.62 1.0 1.0 1.0 0.56 0.73 0.97 0.94 0.61 0.75 0.69 0.96 0.55 0.73 1.0 0.87 0.82 0.92 0.53 0.57 0.94 1.0 0.5 0.76 0.76 0.53 0.93 0.73 0.83 0.53 0.64 1.0 1.0 0.86 1.0 1.0 0.51 
0.55 1.0 0.93 0.92 1.0 0.96 0.88 0.97 0.96 1.0 0.82 0.75 0.81 0.84 0.98 0.52 1.0 0.87 0.87 0.94 0.84 1.0 0.81 0.92 1.0 1.0 0.78 0.62 0.71 0.96 0.96 1.0 0.67 0.54 0.69 0.51 0.86 0.72 0.58 0.53 1.0 0.89 0.7 0.55 0.53 1.0 1.0 0.9 0.5 0.89 1.0 0.91 0.87 0.65 0.85 1.0 0.81 1.0 0.7 0.86 0.98 0.95 0.61 0.83 0.54 1.0 1.0 0.94 0.61 0.75 
0.88 0.97 0.77 0.66 0.86 0.88 0.69 0.96 1.0 0.69 0.64 0.69 1.0 0.82 1.0 0.55 0.73 0.77 0.93 0.55 0.57 0.55 0.62 1.0 0.86 1.0 0.66 0.76 0.51 0.79 0.87 0.63 0.76 0.77 0.81 1.0 0.9 0.94 0.52 0.78 0.97 0.86 0.89 0.55 0.99 1.0 0.64 0.86 0.77 1.0 0.86 0.52 1.0 0.8 0.54 0.99 0.59 0.53 0.81 0.82 0.94 0.6 0.76 1.0 0.87 0.9 0.57 0.65 0.92 0.78 
0.51 0.64 0.98 0.7 0.96 0.58 0.84 0.55 0.84 0.81 0.51 0.67 0.9 1.0 0.62 0.88 0.55 0.62 0.5 1.0 0.86 0.65 0.9 0.91 0.87 0.75 0.53 0.7 0.78 1.0 0.77 0.89 0.73 0.85 0.97 1.0 0.52 0.92 0.54 0.77 0.71 0.72 0.98 0.63 0.82 0.73 0.63 0.7 0.68 1.0 1.0 0.76 0.55 0.78 0.99 0.87 1.0 1.0 0.85 0.61 0.51 0.85 0.99 0.52 0.99 0.7 1.0 0.59 0.67 0.99 
0.86 0.73 0.95 0.99 0.84 0.89 0.71 0.54 0.8 0.61 0.92 0.93 1.0 0.52 0.73 0.71 0.54 1.0 0.67 1.0 0.96 1.0 1.0 0.66 0.75 0.92 0.56 0.97 0.75 1.0 0.76 0.74 0.75 0.77 0.69 0.87 1.0 0.6 0.84 0.53 0.67 0.99 1.0 0.91 0.83 0.84 0.5 0.9 0.72 1.0 0.79 0.86 0.81 1.0 0.94 0.59 0.87 0.51 1.0 1.0 0.76 0.77 0.7 0.6 0.82 0.58 0.65 0.58 1.0 1.0 
0.18 0.31 0.66 0.28 0.65 0.43 0.28 0.22 0.65 0.18 0.14 0.25 0.64 0.36 0.41 0.18 0.16 0.42 0.2 0.32 0.38 0.21 0.42 0.55 0.55 0.35 0.14 0.32 0.19 0.75 0.3 0.26 0.23 0.17 0.37 0.44 0.41 0.21 0.1 0.16 0.43 0.33 0.46 0.12 0.34 0.33 0.15 0.49 0.17 0.73 0.63 0.16 0.22 0.38 0.42 0.26 0.31 0.2 0.25 0.4 0.26 0.31 0.17 0.16 0.38 0.37 0.32 0.21 0.37 0.3 
1360.87 834.96 912.12 1034.4 924.86 1280.34 907.45 354.16 1029.15 1807.17 483.24 1131.57 751.31 1582.29 847.15 380.67 1262.57 825.47 889.47 1391.25 1423.25 835.04 952.78 1062.48 1013.02 623.66 1059.73 1560.5 975.82 693.25 1469.45 1036.02 1710.07 871.54 1388.87 1027.93 1239.94 1090.93 987.11 1098.32 1196.96 335.54 1266.97 1186.64 493.22 1111.05 895.84 414.09 973.3 1500.94 1041.28 710.66 1639.44 544.76 982.35 1162.65 1708.59 1139.68 998.33 1458.32 1686.44 466.15 1369.49 1132.33 959.85 1064.23 885.82 1682.82 1085.14 753.17 
236.85 253.95 618.75 312.54 614.4 562.7 241.98 95.91 669.0 329.05 76.21 298.23 476.21 605.56 349.9 68.84 172.03 334.83 168.15 467.77 470.47 199.82 403.81 527.7 548.79 213.63 144.26 566.86 174.32 521.48 397.58 233.29 342.54 137.33 516.45 471.38 512.79 186.26 73.61 185.9 467.96 108.94 633.58 144.9 178.36 365.97 109.1 188.98 157.26 1080.13 674.99 89.49 450.87 197.21 466.11 253.83 642.51 216.14 309.36 575.3 438.58 141.69 241.26 211.31 355.14 388.07 344.2 346.27 376.8 177.43 
6304.37 3674.78 4060.6 4672.02 4124.29 5901.71 4037.24 1270.81 4645.73 8535.86 1916.21 5157.85 3256.54 7411.46 3735.77 1403.35 5812.83 3627.35 3947.37 6456.25 6616.24 3675.22 4263.89 4812.41 4565.09 2618.3 4798.67 7302.52 4379.08 2966.24 6847.23 4680.08 8050.37 3857.7 6444.37 4639.64 5699.7 4954.65 4435.57 4991.62 5484.79 1177.71 5834.87 5433.18 1966.09 5055.23 3979.2 1570.46 4366.5 7004.71 4706.39 3053.3 7697.22 2223.81 4411.76 5313.25 8042.93 5198.4 4491.64 6791.58 7932.22 1830.73 6347.47 5161.67 4299.24 4821.13 3929.11 7914.08 4925.72 3265.87 
684.26 769.74 2593.73 1062.69 2571.98 2313.48 709.89 -20.44 2845.02 1145.26 -118.97 991.13 1881.07 2527.79 1249.51 -155.78 360.17 1174.13 340.73 1838.85 1852.37 499.11 1519.04 2138.49 2243.97 568.16 221.31 2334.3 371.59 2107.38 1487.92 666.45 1212.72 186.67 2082.23 1856.88 2063.95 431.29 -131.94 429.48 1839.82 44.71 2667.92 224.48 391.8 1329.87 45.49 444.91 286.32 4900.64 2874.94 -52.55 1754.34 486.04 1830.53 769.13 2712.55 580.69 1046.82 2376.52 1692.9 208.45 706.3 556.55 1275.68 1440.36 1221.0 1231.37 1384.02 387.16 
66.76 72.15 115.8 189.36 106.99 159.92 72.7 145.56 89.04 124.41 95.86 112.49 116.65 171.19 92.55 143.39 154.72 152.53 189.26 118.41 122.56 136.64 109.51 142.58 167.67 89.39 76.2 89.81 118.0 138.14 169.29 73.99 132.71 132.4 86.56 121.49 133.29 120.79 118.25 84.38 161.85 145.05 106.73 66.31 193.6 119.61 137.71 144.03 97.51 75.59 143.66 91.87 127.49 191.94 65.96 114.51 177.66 92.58 66.52 85.84 87.11 145.67 134.15 67.73 75.18 152.46 130.19 130.18 86.62 186.95 
66 72 154 284 142 239 72 194 89 165 95 149 155 256 92 191 232 228 283 157 163 182 146 213 251 89 76 89 157 184 253 73 176 176 86 161 177 161 157 84 242 193 142 66 290 159 183 192 97 75 215 91 169 287 65 152 266 92 66 85 87 194 178 67 75 228 173 173 86 280 
823 1664 441 9 1256 486 583 1498 10 961 1475 268 1179 684 1632 1078 868 190 1377 1342 541 894 725 1312 971 185 240 817 255 94 1635 456 1402 687 1208 1166 342 887 1174 1066 1426 273 1578 823 773 234 93 655 861 1677 1444 550 766 885 526 1505 1305 637 1194 301 1609 246 839 413 781 892 1262 553 785 1531 
1680 1680 1680 1377 1680 1680 1680 1680 667 1680 1680 1103 1680 1680 1680 1646 1680 1680 1680 1680 1198 1680 1515 1680 1680 1642 763 1680 734 262 1680 1680 1570 1077 1680 1680 1310 1680 1680 1680 1680 1552 1680 1680 1680 1291 1680 911 1680 1680 1680 1029 1680 1680 1538 1680 1680 1680 1406 1047 1680 1392 1451 1114 1680 1680 1680 1680 1086 1680 
10
0.0 0.0 0.0 0.0 0.0 0.0 0.0 0.0 0.0 0.0 
0.0 0.0 100.0 0.0 100.0 100.0 0.0 0.0 100.0 100.0 
0 0 100 0 100 100 0 0 100 100 78 77 105 115 93 56 101 94 110 58 27 42 113 62 78 77 81 58 93 87 19 28 72 82 68 88 114 96 90 82 51 109 61 76 38 78 69 93 82 59 125 110 106 51 81 79 106 88 67 78 45 29 63 100 64 88 64 94 108 47 54 60 44 29 20 56 84 84 33 55 
0 0 100 0 100 100 0 0 100 100 78 77 105 115 93 56 101 94 110 58 27 42 113 62 78 77 81 58 93 87 19 28 72 82 68 88 114 96 90 82 51 109 61 76 38 78 69 93 82 59 125 110 106 51 81 79 106 88 67 78 45 29 63 100 64 88 64 94 108 47 54 60 44 29 20 56 84 84 33 55 
100 100 0 100 0 0 100 100 0 0 98 26 93 106 71 72 81 69 70 90 82 58 87 68 97 85 32 56 43 117 83 71 85 48 56 83 71 85 68 121 74 71 107 60 71 64 84 94 17 45 100 82 86 53 51 80 64 106 36 98 71 74 107 122 40 119 58 76 76 55 52 80 56 80 90 67 57 116 74 74 
0 0 100 0 100 100 0 0 100 100 78 77 105 115 93 56 101 94 110 58 27 42 113 62 78 77 81 58 93 87 19 28 72 82 68 88 114 96 90 82 51 109 61 76 38 78 69 93 82 59 125 110 106 51 81 79 106 88 67 78 45 29 63 100 64 88 64 94 108 47 54 60 44 29 20 56 84 84 33 55 
100 100 0 100 0 0 100 100 0 0 98 26 93 106 71 72 81 69 70 90 82 58 87 68 97 85 32 56 43 117 83 71 85 48 56 83 71 85 68 121 74 71 107 60 71 64 84 94 17 45 100 82 86 53 51 80 64 106 36 98 71 74 107 122 40 119 58 76 76 55 52 80 56 80 90 67 57 116 74 74 
100 100 0 100 0 0 100 100 0 0 98 26 93 106 71 72 81 69 70 90 82 58 87 68 97 85 32 56 43 117 83 71 85 48 56 83 71 85 68 121 74 71 107 60 71 64 84 94 17 45 100 82 86 53 51 80 64 106 36 98 71 74 107 122 40 119 58 76 76 55 52 80 56 80 90 67 57 116 74 74 
0 0 100 0 100 100 0 0 100 100 78 77 105 115 93 56 101 94 110 58 27 42 113 62 78 77 81 58 93 87 19 28 72 82 68 88 114 96 90 82 51 109 61 76 38 78 69 93 82 59 125 110 106 51 81 79 106 88 67 78 45 29 63 100 64 88 64 94 108 47 54 60 44 29 20 56 84 84 33 55 
0 0 100 0 100 100 0 0 100 100 78 77 105 115 93 56 101 94 110 58 27 42 113 62 78 77 81 58 93 87 19 28 72 82 68 88 114 96 90 82 51 109 61 76 38 78 69 93 82 59 125 110 106 51 81 79 106 88 67 78 45 29 63 100 64 88 64 94 108 47 54 60 44 29 20 56 84 84 33 55 
100 100 0 100 0 0 100 100 0 0 98 26 93 106 71 72 81 69 70 90 82 58 87 68 97 85 32 56 43 117 83 71 85 48 56 83 71 85 68 121 74 71 107 60 71 64 84 94 17 45 100 82 86 53 51 80 64 106 36 98 71 74 107 122 40 119 58 76 76 55 52 80 56 80 90 67 57 116 74 74 
100 100 0 100 0 0 100 100 0 0 98 26 93 106 71 72 81 69 70 90 82 58 87 68 97 85 32 56 43 117 83 71 85 48 56 83 71 85 68 121 74 71 107 60 71 64 84 94 17 45 100 82 86 53 51 80 64 106 36 98 71 74 107 122 40 119 58 76 76 55 52 80 56 80 90 67 57 116 74 74 
78 78 98 78 98 98 78 78 98 98 0 73 32 38 35 31 36 38 53 20 54 63 45 32 0 13 66 46 59 19 64 67 12 50 42 22 57 28 35 24 33 52 23 38 50 34 14 18 84 60 52 45 38 57 47 18 54 11 66 0 42 58 22 27 63 21 40 33 47 60 55 22 65 52 58 35 43 18 52 31 
77 77 26 77 26 26 77 77 26 26 73 0 74 87 52 46 62 50 57 64 56 34 71 42 72 60 11 29 29 92 59 48 60 27 30 61 60 65 48 95 47 57 80 36 44 41 58 72 11 19 85 67 68 27 30 56 51 82 10 73 44 49 80 98 13 94 32 56 61 30 25 54 32 55 64 41 36 90 48 47 
105 105 93 105 93 93 105 105 93 93 32 74 0 13 22 50 12 24 29 49 79 80 14 46 31 27 64 57 50 42 89 88 33 46 49 17 31 10 25 51 54 27 56 39 71 34 35 13 85 70 20 16 9 70 44 26 32 29 72 32 62 80 54 38 69 44 49 18 21 74 67 45 81 76 85 51 38 44 74 51 
115 115 106 115 106 106 115 115 106 106 38 87 13 0 35 61 25 37 39 57 89 92 22 58 37 37 77 70 63 41 99 99 42 60 61 29 41 23 39 51 65 38 61 52 82 47 45 21 98 83 18 26 20 82 57 37 44 31 85 38 73 91 59 33 82 43 62 31 32 87 80 55 93 87 94 63 51 44 85 62 
93 93 71 93 71 71 93 93 71 71 35 52 22 35 0 36 10 2 18 44 66 61 21 31 35 23 41 39 28 53 75 72 28 24 29 14 22 13 3 60 41 17 56 19 56 15 29 24 62 49 35 18 16 51 22 19 18 39 50 35 48 65 55 53 48 55 31 4 15 56 48 35 62 63 73 36 15 53 60 38 
56 56 72 56 72 72 56 56 72 72 31 46 50 61 36 0 45 38 54 18 29 32 56 6 31 24 42 16 44 49 39 38 20 32 18 32 58 40 33 50 4 53 34 22 21 23 17 40 57 30 69 54 50 25 29 23 51 42 37 31 12 30 34 58 33 51 14 38 52 28 24 9 34 27 36 4 30 47 24 1 
101 101 81 101 81 81 101 101 81 81 36 62 12 25 10 45 0 11 17 49 74 72 11 39 35 26 52 49 37 50 84 81 32 35 39 15 21 8 14 59 49 16 59 29 65 25 34 20 73 60 24 9 5 61 32 23 20 36 61 36 57 74 58 49 59 52 41 7 11 66 58 42 73 72 81 45 26 51 69 46 
94 94 69 94 69 69 94 94 69 69 38 50 24 37 2 38 11 0 16 46 67 62 21 32 38 26 40 39 26 56 76 72 31 23 29 17 20 16 4 63 43 15 59 19 57 15 32 27 61 49 35 17 17 51 21 21 15 42 50 38 49 66 58 56 47 58 31 6 14 56 48 37 62 65 74 37 14 56 61 39 
110 110 70 110 70 70 110 110 70 70 53 57 29 39 18 54 17 16 0 62 83 75 18 47 52 41 45 53 28 68 91 86 46 32 42 30 4 26 20 76 59 1 74 33 72 31 48 38 65 60 30 13 19 64 31 37 5 54 59 53 65 81 73 66 57 70 45 19 7 69 60 53 75 80 90 53 26 69 76 55 
58 58 90 58 90 90 58 58 90 90 20 64 49 57 44 18 49 46 62 0 34 47 59 22 20 22 60 34 59 34 44 48 16 47 35 34 66 42 42 33 17 61 16 36 31 34 14 36 75 48 69 58 52 42 45 25 61 31 56 20 24 38 16 45 52 35 32 43 58 44 41 10 49 32 37 23 43 31 33 16 
27 27 82 27 82 82 27 27 82 82 54 56 79 89 66 29 74 67 83 34 0 24 86 35 54 51 58 32 67 67 10 17 46 56 41 62 87 70 62 64 24 82 42 49 12 51 44 68 64 37 98 83 79 29 55 52 79 65 46 54 18 8 44 79 43 68 38 67 81 26 31 34 26 2 8 29 57 63 7 28 
42 42 58 42 58 58 42 42 58 58 63 34 80 92 61 32 72 62 75 47 24 0 83 34 63 56 39 22 52 80 24 14 52 43 32 63 79 70 57 80 30 75 60 42 16 46 50 72 41 17 97 79 77 10 43 54 70 74 24 63 22 16 61 90 22 82 30 64 75 6 14 41 2 23 31 29 48 78 18 32 
113 113 87 113 87 87 113 113 87 87 45 71 14 22 21 56 11 21 18 59 86 83 0 51 44 37 60 60 44 56 95 93 43 44 50 25 18 17 25 65 61 16 68 40 76 36 45 26 81 71 14 4 6 72 42 34 23 43 71 45 68 86 67 52 69 58 52 18 11 77 69 53 84 83 92 57 36 58 80 58 
62 62 68 62 68 68 62 62 68 68 32 42 46 58 31 6 39 32 47 22 35 34 51 0 32 22 37 14 37 51 44 42 19 25 12 29 52 36 27 53 11 47 39 15 25 16 17 37 53 28 64 48 45 25 23 20 45 42 34 32 17 34 39 59 31 53 9 32 46 29 23 12 35 32 42 5 23 49 29 8 
78 78 97 78 97 97 78 78 97 97 0 72 31 37 35 31 35 38 52 20 54 63 44 32 0 13 65 46 59 19 65 67 12 49 42 21 56 27 35 25 33 51 24 37 50 33 14 18 84 60 51 44 37 57 46 18 53 11 66 0 42 58 22 27 63 21 40 32 47 60 55 22 66 52 58 35 42 18 52 31 
77 77 85 77 85 85 77 77 85 85 13 60 27 37 23 24 26 26 41 22 51 56 37 22 13 0 53 36 46 32 62 62 5 37 30 12 46 19 22 38 27 40 32 24 44 20 8 16 72 50 47 36 30 48 33 5 41 21 55 13 36 53 31 38 51 34 29 22 37 51 45 17 58 49 57 27 29 31 48 24 
81 81 32 81 32 32 81 81 32 32 66 11 64 77 41 42 52 40 45 60 58 39 60 37 65 53 0 27 17 85 63 53 53 17 24 51 48 54 38 89 44 46 76 28 46 32 52 63 20 22 74 56 57 30 20 48 40 74 16 66 44 52 76 90 17 87 27 46 50 34 27 49 38 56 67 37 26 84 50 43 
58 58 56 58 56 56 58 58 56 56 46 29 57 70 39 16 49 39 53 34 32 22 60 14 46 36 27 0 34 65 39 33 34 23 10 41 57 47 35 67 17 53 50 20 20 24 31 51 40 14 74 57 55 12 22 33 49 56 21 46 16 29 51 73 17 66 8 42 53 17 9 25 23 30 41 11 26 63 25 17 
93 93 43 93 43 43 93 93 43 43 59 29 50 63 28 44 37 26 28 59 67 52 44 37 59 46 17 34 0 78 73 66 48 11 26 41 31 42 26 84 48 29 75 23 55 25 48 52 37 36 58 39 42 42 14 41 22 66 32 59 50 63 74 81 32 80 30 32 33 47 39 48 52 65 76 40 16 78 60 46 
87 87 117 87 117 117 87 87 117 117 19 92 42 41 53 49 50 56 68 34 67 80 56 51 19 32 85 65 78 0 77 82 32 69 61 38 71 42 53 9 50 67 26 57 65 53 33 30 104 79 59 58 50 75 66 37 70 13 86 19 58 72 24 13 82 2 60 49 62 77 73 40 83 65 69 54 62 3 67 48 
19 19 83 19 83 83 19 19 83 83 64 59 89 99 75 39 84 76 91 44 10 24 95 44 65 62 63 39 73 77 0 12 57 63 49 72 96 80 71 74 34 91 52 57 19 60 54 78 65 40 108 93 89 32 62 62 88 75 48 64 27 10 54 89 46 78 46 77 90 29 35 44 26 12 10 38 65 74 15 38 
28 28 71 28 71 71 28 28 71 71 67 48 88 99 72 38 81 72 86 48 17 14 93 42 67 62 53 33 66 82 12 0 58 56 44 71 91 78 68 80 34 86 59 53 17 57 55 78 54 31 106 90 87 24 56 62 82 78 38 67 26 9 60 93 36 83 41 74 87 19 27 45 15 17 21 36 60 79 15 37 
72 72 85 72 85 85 72 72 85 85 12 60 33 42 28 20 32 31 46 16 46 52 43 19 12 5 53 34 48 32 57 58 0 38 29 17 51 25 27 36 23 45 28 25 40 22 2 21 71 48 53 42 36 45 35 9 46 22 54 12 32 49 27 39 50 34 28 27 42 48 43 12 54 44 51 23 31 30 43 20 
82 82 48 82 48 48 82 82 48 48 50 27 46 60 24 32 35 23 32 47 56 43 44 25 49 37 17 23 11 69 63 56 38 0 14 34 36 37 21 74 36 32 63 12 44 16 37 45 38 28 58 40 40 32 3 32 27 57 27 50 39 52 63 74 25 71 18 28 34 37 29 37 43 53 64 28 9 68 48 34 
68 68 56 68 56 56 68 68 56 56 42 30 49 61 29 18 39 29 42 35 41 32 50 12 42 30 24 10 26 61 49 44 29 14 0 33 47 38 25 65 21 42 51 10 29 14 28 43 42 21 64 47 45 22 13 26 38 51 24 42 24 38 51 68 21 63 3 32 43 26 18 24 33 39 50 14 16 60 34 19 
88 88 83 88 83 83 88 88 83 83 22 61 17 29 14 32 15 17 30 34 62 63 25 29 21 12 51 41 41 38 72 71 17 34 33 0 34 8 15 46 37 29 44 24 53 19 19 11 72 54 36 24 18 53 31 9 31 25 57 22 45 63 43 40 54 40 33 11 25 57 51 28 64 59 68 34 25 39 57 34 
114 114 71 114 71 71 114 114 71 71 57 60 31 41 22 58 21 20 4 66 87 79 18 52 56 46 48 57 31 71 96 91 51 36 47 34 0 29 25 80 63 5 78 38 76 35 52 41 68 64 29 15 21 68 35 41 8 57 62 57 69 85 77 69 61 73 49 23 9 73 65 58 79 85 95 57 30 72 81 60 
96 96 85 96 85 85 96 96 85 85 28 65 10 23 13 40 8 16 26 42 70 70 17 36 27 19 54 47 42 42 80 78 25 37 38 8 29 0 16 50 45 24 51 29 61 24 27 12 75 60 28 17 10 60 34 17 28 28 62 28 53 71 50 41 59 44 39 9 19 64 57 36 71 67 76 42 28 43 65 42 
90 90 68 90 68 68 90 90 68 68 35 48 25 39 3 33 14 4 20 42 62 57 25 27 35 22 38 35 26 53 71 68 27 21 25 15 25 16 0 60 38 20 55 15 52 11 27 26 59 45 39 21 20 47 18 17 19 40 47 35 45 61 54 55 44 55 27 7 18 52 44 33 58 60 70 33 12 53 56 35 
82 82 121 82 121 121 82 82 121 121 24 95 51 51 60 50 59 63 76 33 64 80 65 53 25 38 89 67 84 9 74 80 36 74 65 46 80 50 60 0 51 75 21 62 64 58 37 39 107 81 69 66 59 75 71 43 78 22 88 24 57 70 19 21 84 8 63 57 70 78 75 41 82 62 64 55 67 7 65 49 
51 51 74 51 74 74 51 51 74 74 33 47 54 65 41 4 49 43 59 17 24 30 61 11 33 27 44 17 48 50 34 34 23 36 21 37 63 45 38 51 0 58 33 26 17 27 20 44 58 30 73 58 54 24 34 27 56 44 38 33 8 26 34 60 34 52 18 42 57 27 24 11 32 22 31 7 34 48 20 3 
109 109 71 109 71 71 109 109 71 71 52 57 27 38 17 53 16 15 1 61 82 75 16 47 51 40 46 53 29 67 91 86 45 32 42 29 5 24 20 75 58 0 73 33 71 30 47 36 66 60 29 12 18 64 31 36 6 53 59 52 64 81 72 65 58 69 45 18 5 69 60 53 75 80 90 52 26 68 76 55 
61 61 107 61 107 107 61 61 107 107 23 80 56 61 56 34 59 59 74 16 42 60 68 39 24 32 76 50 75 26 52 59 28 63 51 44 78 51 55 21 33 73 0 51 44 49 27 42 91 64 76 68 61 57 60 37 74 30 72 23 38 49 1 39 68 26 48 54 69 59 57 26 63 41 43 39 58 22 44 33 
76 76 60 76 60 60 76 76 60 60 38 36 39 52 19 22 29 19 33 36 49 42 40 15 37 24 28 20 23 57 57 53 25 12 10 24 38 29 15 62 26 33 51 0 38 4 25 35 48 30 54 37 35 32 9 20 30 46 33 37 31 47 51 62 30 59 12 22 33 36 28 25 43 47 57 20 8 56 42 24 
38 38 71 38 71 71 38 38 71 71 50 44 71 82 56 21 65 57 72 31 12 16 76 25 50 44 46 20 55 65 19 17 40 44 29 53 76 61 52 64 17 71 44 38 0 41 37 61 53 25 89 74 70 17 43 44 68 61 34 50 8 9 45 76 31 67 26 58 71 16 19 28 18 10 20 19 46 62 4 20 
78 78 64 78 64 64 78 78 64 64 34 41 34 47 15 23 25 15 31 34 51 46 36 16 33 20 32 24 25 53 60 57 22 16 14 19 35 24 11 58 27 30 49 4 41 0 22 30 52 35 50 33 31 36 12 15 28 41 38 34 33 50 49 58 35 55 15 18 30 41 33 24 47 49 59 21 9 52 45 24 
69 69 84 69 84 84 69 69 84 84 14 58 35 45 29 17 34 32 48 14 44 50 45 17 14 8 52 31 48 33 54 55 2 37 28 19 52 27 27 37 20 47 27 25 37 22 0 24 70 46 55 43 38 42 34 10 47 25 52 14 29 46 26 41 48 35 26 28 44 46 41 9 52 41 49 21 31 32 40 17 
93 93 94 93 94 94 93 93 94 94 18 72 13 21 24 40 20 27 38 36 68 72 26 37 18 16 63 51 52 30 78 78 21 45 43 11 41 12 26 39 44 36 42 35 61 30 24 0 83 64 33 27 20 63 42 17 40 16 68 18 52 70 40 29 65 32 43 20 31 67 60 33 73 65 73 43 37 31 64 41 
82 82 17 82 17 17 82 82 17 17 84 11 85 98 62 57 73 61 65 75 64 41 81 53 84 72 20 40 37 104 65 54 71 38 42 72 68 75 59 107 58 66 91 48 53 52 70 83 0 28 95 76 78 36 40 68 60 93 19 84 54 57 91 110 23 105 43 67 70 37 35 65 38 63 72 52 47 102 57 58 
59 59 45 59 45 45 59 59 45 45 60 19 70 83 49 30 60 49 60 48 37 17 71 28 60 50 22 14 36 79 40 31 48 28 21 54 64 60 45 81 30 60 64 30 25 35 46 64 28 0 85 67 66 8 29 47 55 71 8 60 26 30 64 87 5 81 21 53 62 11 7 39 16 36 45 25 34 77 29 31 
125 125 100 125 100 100 125 125 100 100 52 85 20 18 35 69 24 35 30 69 98 97 14 64 51 47 74 74 58 59 108 106 53 58 64 36 29 28 39 69 73 29 76 54 89 50 55 33 95 85 0 18 19 86 56 46 36 47 85 52 81 99 74 52 83 61 66 32 24 91 83 64 98 96 104 70 50 61 93 70 
110 110 82 110 82 82 110 110 82 82 45 67 16 26 18 54 9 17 13 58 83 79 4 48 44 36 56 57 39 58 93 90 42 40 47 24 15 17 21 66 58 12 68 37 74 33 43 27 76 67 18 0 7 69 38 33 18 44 67 45 66 83 67 54 65 59 49 16 6 74 66 51 80 81 90 54 32 59 78 55 
106 106 86 106 86 86 106 106 86 86 38 68 9 20 16 50 5 17 19 52 79 77 6 45 37 30 57 55 42 50 89 87 36 40 45 18 21 10 20 59 54 18 61 35 70 31 38 20 78 66 19 7 0 67 38 27 23 37 67 38 62 80 60 47 65 52 47 13 12 72 64 46 78 77 86 51 32 52 74 51 
51 51 53 51 53 53 51 51 53 53 57 27 70 82 51 25 61 51 64 42 29 10 72 25 57 48 30 12 42 75 32 24 45 32 22 53 68 60 47 75 24 64 57 32 17 36 42 63 36 8 86 69 67 0 32 45 59 67 17 57 19 22 58 84 14 76 20 54 65 4 3 34 11 27 37 21 37 72 21 26 
81 81 51 81 51 51 81 81 51 51 47 30 44 57 22 29 32 21 31 45 55 43 42 23 46 33 20 22 14 66 62 56 35 3 13 31 35 34 18 71 34 31 60 9 43 12 34 42 40 29 56 38 38 32 0 28 26 54 28 47 37 51 60 70 26 68 16 26 33 37 29 34 43 52 63 26 6 65 47 31 
79 79 80 79 80 80 79 79 80 80 18 56 26 37 19 23 23 21 37 25 52 54 34 20 18 5 48 33 41 37 62 62 9 32 26 9 41 17 17 43 27 36 37 20 44 15 10 17 68 47 46 33 27 45 28 0 37 25 51 18 36 53 36 42 48 39 26 17 33 49 43 18 56 50 58 25 24 37 48 24 
106 106 64 106 64 64 106 106 64 64 54 51 32 44 18 51 20 15 5 61 79 70 23 45 53 41 40 49 22 70 88 82 46 27 38 31 8 28 19 78 56 6 74 30 68 28 47 40 60 55 36 18 23 59 26 37 0 56 53 54 61 77 73 69 52 72 41 20 11 64 56 52 70 77 87 50 22 70 73 53 
88 88 106 88 106 106 88 88 106 106 11 82 29 31 39 42 36 42 54 31 65 74 43 42 11 21 74 56 66 13 75 78 22 57 51 25 57 28 40 22 44 53 30 46 61 41 25 16 93 71 47 44 37 67 54 25 56 0 76 11 53 69 28 16 73 15 50 36 48 71 66 33 77 63 68 46 49 14 63 42 
67 67 36 67 36 36 67 67 36 36 66 10 72 85 50 37 61 50 59 56 46 24 71 34 66 55 16 21 32 86 48 38 54 27 24 57 62 62 47 88 38 59 72 33 34 38 52 68 19 8 85 67 67 17 28 51 53 76 0 66 35 39 72 93 3 87 26 54 62 19 15 46 23 44 54 32 35 84 38 39 
78 78 98 78 98 98 78 78 98 98 0 73 32 38 35 31 36 38 53 20 54 63 45 32 0 13 66 46 59 19 64 67 12 50 42 22 57 28 35 24 33 52 23 37 50 34 14 18 84 60 52 45 38 57 47 18 54 11 66 0 42 58 22 27 63 21 40 33 47 60 55 22 65 52 58 35 43 18 52 31 
45 45 71 45 71 71 45 45 71 71 42 44 62 73 48 12 57 49 65 24 18 22 68 17 42 36 44 16 50 58 27 26 32 39 24 45 69 53 45 57 8 64 38 31 8 33 29 52 54 26 81 66 62 19 37 36 61 53 35 42 0 17 39 68 31 59 20 50 63 20 19 19 24 15 25 11 39 55 12 11 
29 29 74 29 74 74 29 29 74 74 58 49 80 91 65 30 74 66 81 38 8 16 86 34 58 53 52 29 63 72 10 9 49 52 38 63 85 71 61 70 26 81 49 47 9 50 46 70 57 30 99 83 80 22 51 53 77 69 39 58 17 0 51 84 36 73 35 67 80 19 25 36 18 8 15 29 55 69 5 29 
63 63 107 63 107 107 63 63 107 107 22 80 54 59 55 34 58 58 73 16 44 61 67 39 22 31 76 51 74 24 54 60 27 63 51 43 77 50 54 19 34 72 1 51 45 49 26 40 91 64 74 67 60 58 60 36 73 28 72 22 39 51 0 37 68 24 48 53 68 60 58 27 64 43 45 39 58 20 45 33 
100 100 122 100 122 122 100 100 122 122 27 98 38 33 53 58 49 56 66 45 79 90 52 59 27 38 90 73 81 13 89 93 39 74 68 40 69 41 55 21 60 65 39 62 76 58 41 29 110 87 52 54 47 84 70 42 69 16 93 27 68 84 37 0 89 13 67 49 59 87 82 49 93 77 81 62 65 17 78 58 
64 64 40 64 40 40 64 64 40 40 63 13 69 82 48 33 59 47 57 52 43 22 69 31 63 51 17 17 32 82 46 36 50 25 21 54 61 59 44 84 34 58 68 30 31 35 48 65 23 5 83 65 65 14 26 48 52 73 3 63 31 36 68 89 0 84 22 52 60 17 12 42 21 41 51 29 33 80 35 35 
88 88 119 88 119 119 88 88 119 119 21 94 44 43 55 51 52 58 70 35 68 82 58 53 21 34 87 66 80 2 78 83 34 71 63 40 73 44 55 8 52 69 26 59 67 55 35 32 105 81 61 59 52 76 68 39 72 15 87 21 59 73 24 13 84 0 62 51 64 79 75 42 84 66 69 55 64 4 68 50 
64 64 58 64 58 58 64 64 58 58 40 32 49 62 31 14 41 31 45 32 38 30 52 9 40 29 27 8 30 60 46 41 28 18 3 33 49 39 27 63 18 45 48 12 26 15 26 43 43 21 66 49 47 20 16 26 41 50 26 40 20 35 48 67 22 62 0 33 45 25 17 21 31 36 46 10 19 58 31 16 
94 94 76 94 76 76 94 94 76 76 33 56 18 31 4 38 7 6 19 43 67 64 18 32 32 22 46 42 32 49 77 74 27 28 32 11 23 9 7 57 42 18 54 22 58 18 28 20 67 53 32 16 13 54 26 17 20 36 54 33 50 67 53 49 52 51 33 0 15 59 51 35 65 65 74 38 20 50 62 39 
108 108 76 108 76 76 108 108 76 76 47 61 21 32 15 52 11 14 7 58 81 75 11 46 47 37 50 53 33 62 90 87 42 34 43 25 9 19 18 70 57 5 69 33 71 30 44 31 70 62 24 6 12 65 33 33 11 48 62 47 63 80 68 59 60 64 45 15 0 70 62 50 76 79 89 52 27 63 75 53 
47 47 55 47 55 55 47 47 55 55 60 30 74 87 56 28 66 56 69 44 26 6 77 29 60 51 34 17 47 77 29 19 48 37 26 57 73 64 52 78 27 69 59 36 16 41 46 67 37 11 91 74 72 4 37 49 64 71 19 60 20 19 60 87 17 79 25 59 70 0 8 37 6 25 34 24 42 75 19 29 
54 54 52 54 52 52 54 54 52 52 55 25 67 80 48 24 58 48 60 41 31 14 69 23 55 45 27 9 39 73 35 27 43 29 18 51 65 57 44 75 24 60 57 28 19 33 41 60 35 7 83 66 64 3 29 43 56 66 15 55 19 25 58 82 12 75 17 51 62 8 0 33 14 29 39 19 34 71 23 25 
60 60 80 60 80 80 60 60 80 80 22 54 45 55 35 9 42 37 53 10 34 41 53 12 22 17 49 25 48 40 44 45 12 37 24 28 58 36 33 41 11 53 26 25 28 24 9 33 65 39 64 51 46 34 34 18 52 33 46 22 19 36 27 49 42 42 21 35 50 37 33 0 43 31 39 13 33 38 30 8 
44 44 56 44 56 56 44 44 56 56 65 32 81 93 62 34 73 62 75 49 26 2 84 35 66 58 38 23 52 83 26 15 54 43 33 64 79 71 58 82 32 75 63 43 18 47 52 73 38 16 98 80 78 11 43 56 70 77 23 65 24 18 64 93 21 84 31 65 76 6 14 43 0 26 34 30 49 80 20 34 
29 29 80 29 80 80 29 29 80 80 52 55 76 87 63 27 72 65 80 32 2 23 83 32 52 49 56 30 65 65 12 17 44 53 39 59 85 67 60 62 22 80 41 47 10 49 41 65 63 36 96 81 77 27 52 50 77 63 44 52 15 8 43 77 41 66 36 65 79 25 29 31 26 0 10 27 55 62 6 25 
20 20 90 20 90 90 20 20 90 90 58 64 85 94 73 36 81 74 90 37 8 31 92 42 58 57 67 41 76 69 10 21 51 64 50 68 95 76 70 64 31 90 43 57 20 59 49 73 72 45 104 90 86 37 63 58 87 68 54 58 25 15 45 81 51 69 46 74 89 34 39 39 34 10 0 37 65 65 16 35 
56 56 67 56 67 67 56 56 67 67 35 41 51 63 36 4 45 37 53 23 29 29 57 5 35 27 37 11 40 54 38 36 23 28 14 34 57 42 33 55 7 52 39 20 19 21 21 43 52 25 70 54 51 21 26 25 50 46 32 35 11 29 39 62 29 55 10 38 52 24 19 13 30 27 37 0 28 51 23 6 
84 84 57 84 57 57 84 84 57 57 43 36 38 51 15 30 26 14 26 43 57 48 36 23 42 29 26 26 16 62 65 60 31 9 16 25 30 28 12 67 34 26 58 8 46 9 31 37 47 34 50 32 32 37 6 24 22 49 35 43 39 55 58 65 33 64 19 20 27 42 34 33 49 55 65 28 0 61 50 32 
84 84 116 84 116 116 84 84 116 116 18 90 44 44 53 47 51 56 69 31 63 78 58 49 18 31 84 63 78 3 74 79 30 68 60 39 72 43 53 7 48 68 22 56 62 52 32 31 102 77 61 59 52 72 65 37 70 14 84 18 55 69 20 17 80 4 58 50 63 75 71 38 80 62 65 51 61 0 63 46 
33 33 74 33 74 74 33 33 74 74 52 48 74 85 60 24 69 61 76 33 7 18 80 29 52 48 50 25 60 67 15 15 43 48 34 57 81 65 56 65 20 76 44 42 4 45 40 64 57 29 93 78 74 21 47 48 73 63 38 52 12 5 45 78 35 68 31 62 75 19 23 30 20 6 16 23 50 63 0 23 
55 55 74 55 74 74 55 55 74 74 31 47 51 62 38 1 46 39 55 16 28 32 58 8 31 24 43 17 46 48 38 37 20 34 19 34 60 42 35 49 3 55 33 24 20 24 17 41 58 31 70 55 51 26 31 24 53 42 39 31 11 29 33 58 35 50 16 39 53 29 25 8 34 25 35 6 32 46 23 0 
