100 6693.65 0 1680 1 1680
56.86 12.96 68.09 60.32 80.95 72.77 3.72 94.91 2.36 24.32 1.48 51.43 26.54 85.65 93.6 29.1 95.93 51.7 3.27 65.13 93.19 20.82 42.28 23.7 90.47 60.59 93.34 8.52 16.33 84.63 12.4 52.94 14.28 50.26 85.24 48.67 27.05 95.19 73.21 3.6 67.81 48.03 16.42 73.63 43.11 53.96 70.29 83.37 46.89 49.72 93.42 50.96 65.48 67.99 72.2 53.62 95.92 84.67 42.76 30.4 73.71 12.97 84.24 69.55 43.15 76.07 27.8 59.08 39.42 38.39 57.11 98.73 49.13 12.77 26.28 43.12 36.56 5.7 35.97 37.25 13.71 53.97 68.5 19.33 14.54 32.02 52.9 27.01 12.93 41.05 2.08 27.92 84.23 76.42 38.05 13.48 17.61 93.03 20.88 13.11 
59.19 25.89 77.0 26.11 88.96 78.28 65.36 18.72 17.48 19.76 29.71 22.83 66.13 70.16 88.2 23.88 54.18 52.89 33.89 61.68 52.13 70.06 41.38 89.36 24.65 80.69 11.44 43.07 13.01 76.01 67.51 77.39 80.68 22.69 16.2 60.53 64.93 16.25 32.23 85.64 48.78 47.82 69.8 77.24 30.29 45.13 14.05 13.75 15.36 42.15 39.83 48.2 71.91 34.78 21.31 60.33 56.84 74.17 67.47 53.93 29.65 16.76 76.64 14.35 74.2 16.2 23.16 56.91 17.17 71.3 55.8 81.89 32.02 59.56 22.87 79.18 22.96 22.7 15.0 34.42 89.14 55.1 21.18 21.49 67.59 86.08 65.69 83.23 34.86 49.67 75.85 22.73 50.97 81.21 23.93 42.9 53.24 58.88 86.21 70.73 
6 2 7 6 8 7 1 9 1 3 1 5 3 8 9 3 9 5 1 6 9 2 4 3 9 6 9 1 2 8 2 5 2 5 8 5 3 9 7 1 7 5 2 7 4 5 7 8 5 5 9 5 6 7 7 5 9 8 4 3 7 2 8 7 4 7 3 6 4 4 6 9 5 2 3 4 4 1 4 4 2 5 7 2 2 3 5 3 2 4 1 3 8 7 4 2 2 9 2 2 
1 2 3 4 5 6 7 8 9 10 11 12 13 14 15 16 17 18 19 20 21 22 23 24 25 26 27 28 29 30 31 32 33 34 35 36 37 38 39 40 41 42 43 44 45 46 47 48 49 50 51 52 53 54 55 56 57 58 59 60 61 62 63 64 65 66 67 68 69 70 71 72 73 74 75 76 77 78 79 80 81 82 83 84 85 86 87 88 89 90 91 92 93 94 95 96 97 98 99 100 
3 3 2 3 2 2 2 1 2 2 2 3 2 2 1 2 1 3 2 3 1 3 2 2 1 3 1 2 3 2 3 3 3 3 2 3 2 1 2 2 2 3 3 2 2 3 2 2 3 3 1 3 3 2 2 3 1 2 2 2 2 3 2 2 2 2 2 3 2 2 3 1 3 3 2 2 2 2 2 2 3 3 2 3 3 2 3 2 3 2 2 2 2 2 2 3 3 1 3 3 
2 3 2 2 3 2 2 3 2 2 2 2 2 3 3 2 3 2 2 2 3 3 2 2 3 2 3 2 3 3 3 2 3 2 3 2 2 3 2 2 2 2 3 2 2 2 2 3 2 2 3 2 2 2 2 2 3 3 2 2 2 3 3 2 2 2 2 2 2 2 2 3 2 3 2 2 2 2 2 2 3 2 2 3 3 2 2 2 3 2 2 2 3 2 2 3 3 3 3 3 
4 1 10 7 1 5 8 7 2 3 6 6 10 9 5 8 5 9 6 8 3 8 9 1 5 6 4 10 5 6 1 6 6 8 8 3 2 3 9 7 1 3 4 10 6 9 2 4 5 9 8 5 8 6 1 2 1 1 9 4 3 3 8 10 7 4 2 2 6 7 2 8 2 9 5 5 4 6 1 10 5 6 6 2 2 9 7 4 4 7 2 5 5 5 7 2 5 10 5 8 
4259.18 3022.37 3438.21 4353.3 3517.89 3202.78 3535.35 4194.38 3838.38 4354.59 4675.91 4705.41 4114.02 4833.8 4110.33 3537.71 3172.49 4834.78 4715.88 3706.47 4189.99 3400.44 4910.18 3446.41 4637.89 4659.77 4262.86 3738.95 3910.31 4713.9 3732.74 4644.14 4650.95 3737.58 3346.5 4251.55 3485.54 4354.63 4829.14 4166.04 3321.14 4310.99 4811.97 4116.31 4643.2 4839.32 4073.83 4187.1 4039.8 4913.79 3554.69 3385.43 3553.96 4669.69 3856.53 4362.45 3314.59 4017.88 4867.66 4378.38 4313.1 4199.44 3498.59 3961.77 4446.43 4337.55 3764.59 3799.26 4677.25 4070.26 4409.87 3754.62 4522.45 4856.5 3984.65 4249.64 4496.7 4743.23 4311.72 4060.07 4534.72 4668.54 4690.46 3468.99 3917.23 4901.18 4364.53 4283.98 3158.06 4310.67 3986.98 3694.77 4011.14 3933.09 4094.58 3635.67 3212.19 3249.49 3496.74 3436.86 
0.53 0.13 0.1 0.04 0.36 0.85 0.39 0.05 0.25 0.76 0.32 0.24 0.02 0.86 0.27 0.4 0.32 0.9 0.34 0.39 0.74 0.45 0.79 0.44 0.88 0.23 0.49 0.28 0.19 0.26 0.09 0.45 0.25 0.4 0.48 0.72 0.12 0.74 0.89 0.09 0.17 0.75 0.65 0.09 0.41 0.96 0.16 0.76 0.76 0.89 0.5 0.84 0.5 0.31 0.09 0.89 0.32 0.43 0.91 0.4 0.73 0.72 0.52 0.16 0.06 0.48 0.54 0.31 0.35 0.07 0.64 0.47 0.88 0.84 0.51 0.84 0.67 0.16 0.41 0.18 0.38 0.47 0.51 0.61 0.25 0.77 0.07 0.72 0.45 0.07 0.59 0.63 0.63 0.47 0.04 0.71 0.82 0.03 0.74 0.49 
0.82 0.64 0.7 0.81 0.68 0.86 0.63 0.55 0.88 1.0 0.55 0.63 0.53 0.93 0.96 0.66 0.8 1.0 0.91 0.62 0.6 0.69 0.56 0.91 0.8 0.97 0.96 0.63 0.71 0.98 0.82 0.51 0.77 0.72 0.97 0.77 0.54 0.79 0.69 0.66 0.8 0.95 1.0 0.9 0.82 0.79 0.58 0.55 0.7 0.75 0.89 0.87 0.65 0.57 1.0 0.76 0.83 0.95 0.98 0.78 0.94 0.56 0.72 0.82 0.68 0.99 0.71 0.94 0.62 1.0 1.0 1.0 1.0 0.97 1.0 0.74 0.58 0.84 0.56 1.0 0.82 0.65 0.51 0.67 0.89 0.92 0.9 0.67 0.65 0.66 1.0 0.73 0.76 0.62 0.55 0.93 0.77 0.8 0.8 1.0 
1.0 0.65 0.82 0.72 0.58 0.64 0.65 0.97 0.57 0.63 1.0 0.95 1.0 0.51 0.68 0.73 0.57 1.0 1.0 0.74 0.67 0.57 0.88 1.0 0.98 0.91 0.6 0.65 0.77 0.54 0.92 0.79 0.64 0.92 0.7 0.92 0.84 0.93 0.65 1.0 0.84 0.95 0.69 0.82 0.99 0.92 0.77 0.86 1.0 0.72 0.98 0.78 0.75 0.83 0.53 0.76 0.68 0.77 0.73 0.85 1.0 0.55 1.0 0.88 0.74 0.97 0.64 1.0 0.95 0.54 1.0 0.82 0.94 0.8 1.0 1.0 1.0 0.58 0.74 0.94 1.0 0.98 0.71 0.86 0.64 0.79 1.0 0.96 0.8 0.8 1.0 0.87 0.56 0.68 0.98 0.84 0.58 0.52 0.95 0.67 
0.76 0.86 1.0 0.75 0.62 0.93 0.69 0.97 1.0 0.58 0.81 0.96 0.87 1.0 0.74 0.53 1.0 0.96 0.92 0.71 0.96 0.86 0.65 0.67 0.98 0.91 0.79 0.5 0.82 0.57 0.51 0.67 0.63 0.7 0.93 0.68 0.76 0.71 0.76 0.85 1.0 0.93 0.91 1.0 0.58 0.82 0.77 1.0 0.99 0.5 0.72 0.8 0.73 1.0 0.89 1.0 0.96 0.53 0.91 0.97 0.94 0.51 0.69 0.96 0.98 0.69 0.74 0.85 0.96 0.67 1.0 0.61 1.0 0.83 0.58 1.0 0.56 1.0 0.61 0.96 0.73 0.67 1.0 1.0 0.51 0.94 0.76 0.69 0.82 0.71 0.73 1.0 0.64 0.86 1.0 0.55 0.5 1.0 1.0 0.55 
0.88 0.85 0.99 0.69 0.69 0.75 0.84 0.56 0.64 0.83 0.51 1.0 0.64 1.0 0.95 0.66 1.0 0.89 0.66 0.72 0.69 1.0 0.79 0.53 0.82 0.76 0.59 0.51 0.56 1.0 0.79 0.82 0.84 1.0 0.71 0.71 0.88 1.0 1.0 0.56 1.0 0.74 0.72 0.53 0.74 1.0 0.85 0.81 0.79 0.67 1.0 0.77 1.0 0.8 0.52 0.72 0.61 0.66 1.0 0.55 0.78 1.0 0.97 0.93 0.9 0.92 0.74 0.66 0.64 0.71 0.99 1.0 0.52 0.86 0.67 0.98 0.5 0.89 0.51 0.91 0.67 0.65 0.53 0.69 0.69 0.59 0.86 0.88 0.6 0.62 0.86 0.64 0.65 0.64 0.93 0.68 0.84 1.0 0.64 0.83 
0.8 0.56 0.51 0.61 1.0 0.65 0.55 0.59 0.87 0.67 1.0 1.0 0.85 0.96 0.65 0.89 0.94 0.92 0.51 1.0 0.67 0.6 0.65 1.0 0.57 0.75 1.0 0.6 1.0 1.0 0.76 0.82 0.62 0.58 0.99 0.59 0.51 0.65 0.63 1.0 0.89 0.59 0.96 0.51 0.85 0.52 0.61 0.65 1.0 1.0 0.97 1.0 0.55 0.8 0.93 0.52 0.84 0.52 0.63 0.75 0.86 0.65 0.53 1.0 0.79 0.76 0.97 0.55 0.62 0.52 0.52 0.56 0.53 0.68 0.87 0.52 0.64 0.92 0.53 0.86 0.64 0.77 0.69 1.0 0.72 0.63 0.91 0.77 0.51 0.96 0.97 0.89 1.0 1.0 0.94 0.94 0.5 0.52 0.87 0.6 
0.44 0.17 0.29 0.18 0.17 0.25 0.13 0.18 0.27 0.2 0.23 0.57 0.25 0.45 0.3 0.15 0.42 0.78 0.28 0.23 0.18 0.2 0.17 0.33 0.36 0.46 0.27 0.06 0.25 0.3 0.23 0.18 0.16 0.27 0.45 0.2 0.16 0.34 0.21 0.31 0.59 0.36 0.44 0.2 0.3 0.31 0.18 0.25 0.55 0.18 0.61 0.42 0.2 0.3 0.23 0.22 0.28 0.13 0.41 0.27 0.59 0.1 0.25 0.65 0.35 0.47 0.24 0.29 0.22 0.14 0.51 0.28 0.26 0.38 0.33 0.38 0.1 0.4 0.07 0.7 0.26 0.21 0.13 0.4 0.15 0.25 0.54 0.3 0.13 0.22 0.6 0.36 0.18 0.23 0.47 0.27 0.09 0.21 0.42 0.18 
920.84 347.54 525.01 423.27 434.11 1248.35 870.77 422.7 859.72 1928.0 1101.38 1111.09 381.55 1194.31 947.2 994.05 883.87 1280.73 1214.24 931.33 1460.09 932.55 1005.31 648.51 1055.11 1039.12 957.8 403.76 853.13 1161.86 505.81 1263.56 1048.73 985.53 996.99 1236.81 957.6 1498.13 1107.29 407.44 484.32 1479.74 864.11 421.23 1146.94 1161.93 975.77 832.56 1238.64 1145.33 909.96 1002.37 949.95 1044.7 452.03 1076.04 504.41 544.12 1109.06 913.22 1510.36 1453.32 916.45 460.72 449.28 977.54 1369.71 1180.62 1196.13 413.02 1254.09 967.71 1306.37 1050.85 994.54 914.11 1284.11 1023.08 474.92 445.25 1003.42 985.84 1119.6 1236.2 951.21 911.97 426.51 820.95 760.91 389.83 1136.92 1065.19 1134.41 896.98 431.04 1471.44 1054.37 369.63 1012.19 1120.71 
472.74 49.36 164.84 93.51 66.54 301.87 99.0 66.33 244.87 384.07 250.11 609.13 97.45 534.42 304.83 117.5 356.55 979.0 307.12 188.38 266.94 221.77 167.17 190.94 329.73 510.81 256.53 24.21 184.71 356.54 87.94 212.32 172.49 269.94 431.44 204.28 171.14 417.67 235.96 147.22 280.04 487.99 400.29 77.01 324.56 368.35 177.33 182.85 637.93 197.1 544.2 409.35 187.01 355.55 96.68 255.19 141.06 49.85 399.83 218.43 866.14 118.63 218.19 266.26 184.83 444.14 307.83 401.76 240.94 73.15 705.22 280.36 338.25 342.17 380.29 367.01 125.78 354.32 22.1 328.1 283.73 232.39 187.98 453.02 135.54 230.28 245.49 265.76 108.82 90.43 717.8 379.76 185.8 124.76 221.88 319.11 109.45 76.01 420.15 147.62 
4104.2 1237.72 2125.04 1616.36 1670.55 5741.76 3853.84 1613.5 3798.6 9140.0 5006.91 5055.43 1407.73 5471.55 4236.0 4470.27 3919.33 5903.66 5571.21 4156.67 6800.44 4162.73 4526.54 2742.54 4775.55 4695.62 4289.01 1518.78 3765.66 5309.3 2029.06 5817.82 4743.66 4427.63 4484.94 5684.04 4288.01 6990.66 5036.46 1537.19 1921.62 6898.7 3820.55 1606.17 5234.7 5309.64 4378.84 3662.8 5693.22 5226.64 4049.82 4511.87 4249.76 4723.49 1760.15 4880.2 2022.07 2220.6 5045.28 4066.09 7051.8 6766.62 4082.25 1803.58 1746.41 4387.72 6348.57 5403.12 5480.64 1565.08 5770.47 4338.53 6031.84 4754.23 4472.68 4070.56 5920.55 4615.4 1874.59 1726.27 4517.08 4429.18 5098.0 5681.01 4256.05 4059.85 1632.54 3604.75 3304.57 1449.14 5184.59 4825.96 5172.04 3984.89 1655.2 6857.22 4771.84 1348.17 4560.94 5103.55 
1863.69 -253.22 324.18 -32.43 -167.32 1009.34 -5.0 -168.34 724.37 1420.36 750.56 2545.66 -12.73 2172.1 1024.15 87.5 1282.73 4395.01 1035.58 441.89 834.69 608.84 335.84 454.68 1148.64 2054.07 782.63 -378.97 423.57 1282.68 -60.3 561.59 362.43 849.7 1657.21 521.42 355.69 1588.37 679.79 236.09 900.22 1939.94 1501.46 -114.93 1122.79 1341.74 386.66 414.23 2689.64 485.5 2221.01 1546.75 435.05 1277.74 -16.62 775.97 205.29 -250.76 1499.16 592.14 3830.69 93.17 590.96 831.31 424.16 1720.7 1039.15 1508.81 704.72 -134.24 3026.09 901.79 1191.26 1210.84 1401.44 1335.06 128.91 1271.61 -389.5 1140.52 918.64 661.95 439.91 1765.09 177.68 651.39 727.47 828.78 44.08 -47.83 3089.0 1398.78 429.02 123.81 609.41 1095.55 47.24 -119.95 1600.75 238.08 
170.37 120.89 103.15 174.13 105.54 96.08 106.06 83.89 115.15 130.64 140.28 188.22 123.42 145.01 82.21 106.13 63.45 193.39 141.48 148.26 83.8 136.02 147.31 103.39 92.76 186.39 85.26 112.17 156.41 141.42 149.31 185.77 186.04 149.5 100.4 170.06 104.57 87.09 144.87 124.98 99.63 172.44 192.48 123.49 139.3 193.57 122.21 125.61 161.59 196.55 71.09 135.42 142.16 140.09 115.7 174.5 66.29 120.54 146.03 131.35 129.39 167.98 104.96 118.85 133.39 130.13 112.94 151.97 140.32 122.11 176.39 75.09 180.9 194.26 119.54 127.49 134.9 142.3 129.35 121.8 181.39 186.74 140.71 138.76 156.69 147.04 174.58 128.52 126.32 129.32 119.61 110.84 120.33 117.99 122.84 145.43 128.49 64.99 139.87 137.47 
255 181 137 261 140 128 141 83 153 174 187 282 164 193 82 141 63 290 188 222 83 204 196 137 92 279 85 149 234 188 223 278 279 224 133 255 139 87 193 166 132 258 288 164 185 290 162 167 242 294 71 203 213 186 154 261 66 160 194 175 172 251 139 158 177 173 150 227 187 162 264 75 271 291 159 169 179 189 172 162 272 280 187 208 235 196 261 171 189 172 159 147 160 157 163 218 192 64 209 206 
1409 151 1218 1422 442 1238 1325 1248 943 1642 1309 1409 1647 1314 1130 318 373 476 307 1363 144 427 132 378 447 1379 116 1416 470 540 1604 546 1 1456 611 1292 513 43 816 1021 266 148 366 332 739 673 88 814 1546 755 1286 1612 546 1058 1479 708 522 1444 1212 841 789 811 566 1500 1182 1260 1113 137 31 1043 1397 1656 1574 1112 1083 844 1036 593 398 837 63 1602 112 1379 1656 1071 73 1514 257 544 1258 227 23 880 541 742 1643 342 76 134 
1680 1676 1680 1680 1350 1680 1680 1680 1111 1680 1680 1680 1680 1680 1680 1103 1680 1538 752 1680 1680 1397 1133 1564 707 1680 654 1680 730 1680 1680 930 199 1680 1180 1680 1680 519 1230 1528 835 1396 1398 1425 1462 1680 256 1228 1680 1680 1680 1680 1578 1349 1680 1680 998 1680 1680 1471 957 1680 1680 1680 1680 1680 1680 1230 1093 1680 1680 1680 1680 1680 1680 1680 1512 1680 1183 1097 292 1680 588 1680 1680 1362 703 1680 1289 1680 1680 919 345 1680 1295 1680 1680 1096 645 1680 
5
0.0 0.0 0.0 0.0 0.0 
100.0 0.0 0.0 100.0 100.0 
0 100 100 0 0 69 75 71 95 81 75 34 124 82 83 70 92 43 90 94 81 106 69 66 75 104 36 72 25 117 63 128 57 88 87 34 57 24 92 119 62 44 126 99 14 84 70 34 77 81 76 111 119 96 76 111 72 71 94 106 66 105 88 53 55 101 84 87 110 50 113 81 73 91 47 72 100 83 42 81 47 85 77 92 75 17 70 104 80 35 34 63 31 66 64 24 82 97 78 85 58 49 101 25 32 
100 0 0 100 100 82 28 102 65 120 106 65 96 17 31 29 56 71 110 128 37 110 73 34 89 106 73 59 92 93 100 94 43 20 113 68 93 81 55 86 77 70 96 79 85 83 67 71 106 52 70 71 84 49 65 101 70 97 76 75 80 111 112 79 61 79 21 113 71 85 77 36 82 43 80 79 128 58 60 34 90 43 23 38 50 90 77 71 28 69 91 84 87 37 64 75 36 98 111 44 44 56 110 88 71 
100 0 0 100 100 82 28 102 65 120 106 65 96 17 31 29 56 71 110 128 37 110 73 34 89 106 73 59 92 93 100 94 43 20 113 68 93 81 55 86 77 70 96 79 85 83 67 71 106 52 70 71 84 49 65 101 70 97 76 75 80 111 112 79 61 79 21 113 71 85 77 36 82 43 80 79 128 58 60 34 90 43 23 38 50 90 77 71 28 69 91 84 87 37 64 75 36 98 111 44 44 56 110 88 71 
0 100 100 0 0 69 75 71 95 81 75 34 124 82 83 70 92 43 90 94 81 106 69 66 75 104 36 72 25 117 63 128 57 88 87 34 57 24 92 119 62 44 126 99 14 84 70 34 77 81 76 111 119 96 76 111 72 71 94 106 66 105 88 53 55 101 84 87 110 50 113 81 73 91 47 72 100 83 42 81 47 85 77 92 75 17 70 104 80 35 34 63 31 66 64 24 82 97 78 85 58 49 101 25 32 
0 100 100 0 0 69 75 71 95 81 75 34 124 82 83 70 92 43 90 94 81 106 69 66 75 104 36 72 25 117 63 128 57 88 87 34 57 24 92 119 62 44 126 99 14 84 70 34 77 81 76 111 119 96 76 111 72 71 94 106 66 105 88 53 55 101 84 87 110 50 113 81 73 91 47 72 100 83 42 81 47 85 77 92 75 17 70 104 80 35 34 63 31 66 64 24 82 97 78 85 58 49 101 25 32 
69 82 82 69 69 0 55 21 33 38 24 53 55 68 51 62 36 31 30 46 44 39 8 59 8 37 37 23 44 48 21 60 50 61 32 45 18 47 37 51 8 30 57 31 59 15 14 41 24 32 14 47 52 44 18 41 12 15 26 40 3 39 31 16 26 34 61 32 46 20 47 46 3 45 22 3 47 28 44 47 24 41 62 48 31 52 5 39 53 43 36 7 38 50 18 57 46 28 29 39 46 39 36 44 45 
75 28 28 75 75 55 0 75 47 92 79 40 82 13 12 12 38 42 85 101 16 87 47 12 63 84 44 33 64 77 72 81 17 13 87 41 65 54 37 72 49 41 82 60 60 59 41 44 79 30 45 58 71 35 40 81 44 69 55 59 53 88 86 51 33 60 9 87 57 56 63 15 55 27 52 53 102 36 33 13 61 23 7 25 25 63 50 55 7 41 63 56 59 8 36 51 15 75 84 25 17 27 86 60 44 
71 102 102 71 71 21 75 0 51 17 4 65 64 88 72 81 56 42 18 27 65 36 29 77 15 35 47 43 46 56 8 70 68 82 16 56 15 53 57 63 25 42 66 45 65 28 35 52 5 52 34 62 65 65 39 44 33 5 42 55 22 34 16 27 44 47 81 16 62 25 61 67 22 66 30 23 31 48 58 68 25 62 82 69 52 55 26 55 73 54 37 18 41 69 38 66 67 30 9 60 64 55 30 48 55 
95 65 65 95 95 33 47 51 0 66 53 68 35 58 36 58 9 52 50 70 31 45 28 57 35 41 59 23 73 30 54 36 54 45 55 63 51 71 10 26 36 51 36 14 82 23 24 61 52 17 20 15 26 17 19 35 23 46 11 12 34 47 53 44 40 13 48 55 14 51 18 32 30 22 50 29 67 12 58 34 55 23 54 26 24 78 29 9 41 61 66 40 66 48 30 76 32 34 57 22 49 50 46 71 64 
81 120 120 81 81 38 92 17 66 0 13 80 71 106 89 99 72 59 19 12 83 37 46 95 31 38 63 61 57 65 21 78 85 99 13 71 30 67 73 72 43 59 74 57 77 42 52 67 13 69 51 75 75 81 56 50 50 23 55 68 39 35 15 43 61 59 99 12 75 40 72 84 38 82 46 40 19 65 74 85 39 79 100 86 69 67 43 68 91 69 49 36 54 86 55 79 84 38 8 77 81 72 32 60 70 
75 106 106 75 75 24 79 4 53 13 0 70 63 93 75 86 59 47 15 23 69 33 33 82 18 33 52 47 50 56 12 69 73 86 12 61 19 58 59 63 29 47 65 46 69 29 39 56 1 56 38 64 65 68 42 43 37 9 43 56 26 31 12 31 48 48 85 11 64 29 62 71 25 69 35 27 26 51 62 72 29 66 87 73 56 60 29 57 77 59 41 23 46 73 42 70 71 29 4 64 69 60 28 52 60 
34 65 65 34 34 53 40 65 68 80 70 0 102 47 50 35 63 22 82 92 48 92 49 31 61 90 17 45 31 95 58 104 22 53 81 8 50 18 63 95 45 23 103 76 20 66 47 13 70 52 54 84 94 66 51 93 50 62 71 81 50 92 81 39 29 78 49 81 83 40 87 48 56 59 35 54 96 56 10 48 41 53 42 59 45 25 51 78 46 11 35 49 29 31 40 10 49 81 74 53 24 18 89 27 10 
124 96 96 124 124 55 82 64 35 71 63 102 0 92 70 94 43 83 52 69 66 35 55 92 52 33 90 57 100 7 70 7 89 78 58 95 72 101 44 9 62 82 2 25 113 40 55 93 62 53 48 25 12 48 50 21 52 60 31 22 58 38 56 71 73 23 81 58 25 75 19 67 52 55 77 52 63 47 91 68 79 58 89 59 59 107 54 26 75 94 92 63 93 83 62 108 67 33 65 57 84 84 40 100 96 
82 17 17 82 82 68 13 88 58 106 93 47 92 0 22 12 49 54 98 115 27 100 60 16 76 97 55 46 74 88 85 91 26 14 100 51 78 64 48 82 63 53 92 72 68 72 54 54 93 42 58 68 81 44 53 93 57 83 67 69 66 101 99 64 45 72 10 101 67 69 73 26 69 37 64 66 115 48 43 24 73 34 6 33 38 72 63 66 17 51 74 69 70 20 50 58 26 88 97 36 27 38 99 71 54 
83 31 31 83 83 51 12 72 36 89 75 50 70 22 0 24 27 46 79 97 6 79 42 25 58 76 50 28 69 66 70 69 28 10 82 49 64 61 26 61 47 45 70 50 69 52 36 50 75 21 39 46 59 22 33 71 38 66 46 47 50 80 81 51 34 50 11 82 45 57 51 4 50 15 53 48 96 27 41 3 62 12 18 12 19 70 46 44 5 48 66 54 63 18 34 60 4 67 80 14 25 34 79 66 52 
70 29 29 70 70 62 12 81 58 99 86 35 94 12 24 0 50 44 93 109 28 97 55 4 71 94 44 42 63 89 78 93 15 22 95 39 70 52 49 84 56 43 94 71 55 69 49 42 86 41 54 70 83 47 49 92 52 76 66 71 60 98 94 55 37 72 17 95 69 60 75 27 63 39 55 61 110 47 31 25 64 35 8 37 36 60 58 67 19 40 64 62 59 12 44 46 27 85 90 37 17 28 96 59 42 
92 56 56 92 92 36 38 56 9 72 59 63 43 49 27 50 0 49 58 77 22 54 30 49 41 51 56 20 72 39 58 43 47 36 62 59 54 68 1 34 37 48 44 23 78 30 25 58 58 11 22 20 33 8 19 45 25 51 20 20 37 56 61 45 37 23 38 63 20 52 25 23 34 13 50 33 75 9 53 25 56 14 45 17 18 76 32 17 32 57 66 42 65 40 28 72 23 43 63 13 42 45 55 70 61 
43 71 71 43 43 31 42 42 52 59 47 22 83 54 46 44 49 0 59 70 42 70 28 39 38 68 6 29 23 76 37 86 29 54 58 14 28 19 49 77 22 1 84 57 30 44 28 10 48 39 34 68 77 54 33 71 30 39 51 63 27 70 58 16 12 59 51 58 67 18 70 42 33 50 12 32 73 40 15 43 21 44 48 51 33 26 29 61 45 12 20 26 17 34 21 26 43 59 52 43 26 15 66 20 14 
90 110 110 90 90 30 85 18 50 19 15 82 52 98 79 93 58 59 0 19 73 19 38 90 22 19 64 52 64 45 27 59 81 89 5 73 33 72 59 53 38 58 54 39 83 27 43 69 13 58 40 58 56 67 45 31 41 20 39 50 33 16 4 42 57 42 90 6 58 42 54 74 29 70 47 31 17 52 73 75 43 68 92 74 60 74 35 51 82 71 55 33 60 80 49 83 74 19 14 66 77 70 13 66 72 
94 128 128 94 94 46 101 27 70 12 23 92 69 115 97 109 77 70 19 0 91 34 54 105 38 36 74 69 69 63 33 76 96 107 15 83 42 79 78 72 52 70 71 59 90 47 60 79 22 76 58 77 75 86 63 48 58 32 59 70 48 31 16 54 71 61 107 14 77 52 74 92 46 89 57 48 8 71 85 93 51 86 109 93 77 79 51 71 99 81 61 46 66 96 65 92 92 38 18 84 92 83 29 72 82 
81 37 37 81 81 44 16 65 31 83 69 48 66 27 6 28 22 42 73 91 0 73 36 27 52 70 46 21 65 61 64 65 28 16 76 46 58 58 21 56 41 41 66 44 66 46 30 47 69 15 32 42 55 19 27 66 32 60 40 43 43 74 74 45 30 44 17 76 41 52 47 1 44 12 48 42 90 21 39 3 57 7 23 11 13 67 39 39 10 46 62 48 59 19 28 58 1 61 74 8 24 31 72 62 49 
106 110 110 106 106 39 87 36 45 37 33 92 35 100 79 97 54 70 19 34 73 0 44 94 31 3 76 55 80 30 44 42 88 89 24 84 48 85 55 39 47 69 37 31 97 28 48 81 32 57 42 47 42 62 47 14 45 35 34 40 42 2 22 54 65 33 90 25 47 56 42 74 36 67 60 38 27 51 83 76 58 67 95 71 61 89 41 42 83 82 71 44 74 85 55 96 74 12 33 65 83 78 5 81 84 
69 73 73 69 69 8 47 29 28 46 33 49 55 60 42 55 30 28 38 54 36 44 0 52 16 41 35 14 45 47 29 58 44 53 40 41 24 46 30 49 8 27 56 29 58 16 6 39 32 24 8 43 50 37 10 43 4 23 24 37 7 44 39 17 21 32 52 40 42 22 44 38 8 37 22 6 55 21 39 39 27 33 55 41 23 52 3 35 45 39 38 12 39 42 11 54 38 32 37 32 39 34 41 45 42 
66 34 34 66 66 59 12 77 57 95 82 31 92 16 25 4 49 39 90 105 27 94 52 0 67 91 40 39 59 87 74 92 10 24 91 34 66 48 48 83 52 39 93 69 51 66 46 38 82 40 51 69 82 47 47 90 49 72 64 70 56 95 90 51 33 70 19 91 69 56 74 26 60 39 51 58 106 45 27 25 60 35 11 37 33 56 54 66 20 35 59 58 54 9 40 41 27 82 87 36 13 24 93 55 38 
75 89 89 75 75 8 63 15 35 31 18 61 52 76 58 71 41 38 22 38 52 31 16 67 0 29 45 30 49 44 19 57 59 68 24 53 19 54 41 49 16 38 54 30 66 13 22 49 17 38 19 47 51 49 24 35 19 10 27 40 11 31 23 23 35 33 68 24 47 25 46 53 7 51 28 9 39 33 52 54 28 48 71 55 38 58 12 40 60 50 41 12 43 58 26 64 53 21 22 46 54 48 28 50 52 
104 106 106 104 104 37 84 35 41 38 33 90 33 97 76 94 51 68 19 36 70 3 41 91 29 0 74 52 78 27 43 40 85 86 25 82 47 83 52 36 45 67 35 28 95 25 45 78 31 54 39 44 39 59 44 12 42 34 30 37 40 5 23 52 62 29 87 26 44 54 39 71 34 64 58 36 30 48 80 73 56 63 92 68 58 87 39 39 79 80 69 42 73 82 52 94 71 9 33 61 80 75 6 79 82 
36 73 73 36 36 37 44 47 59 63 52 17 90 55 50 44 56 6 64 74 46 76 35 40 45 74 0 35 19 83 41 93 29 57 64 8 32 12 55 83 29 8 91 64 23 51 35 4 53 45 41 74 84 60 40 78 37 44 58 70 34 76 63 22 18 66 53 63 74 22 77 47 40 56 17 38 78 47 13 47 24 49 49 57 39 20 36 68 48 6 19 32 14 36 28 19 47 66 56 49 28 17 73 16 7 
72 59 59 72 72 23 33 43 23 61 47 45 57 46 28 42 20 29 52 69 21 55 14 39 30 52 35 0 51 51 43 59 33 38 54 39 37 48 20 49 20 28 58 32 58 26 8 38 47 11 12 39 49 26 7 51 11 38 26 36 22 55 53 26 17 33 38 54 38 32 42 23 22 24 30 20 69 11 34 24 37 19 41 27 8 55 18 33 30 38 45 26 44 30 8 52 23 43 52 17 28 27 53 49 41 
25 92 92 25 25 44 64 46 73 57 50 31 100 74 69 63 72 23 64 69 65 80 45 59 49 78 19 51 0 92 37 104 48 76 62 24 31 12 71 95 38 24 102 75 20 59 48 20 51 62 53 88 96 77 53 85 49 45 70 83 41 79 62 29 36 77 73 61 87 24 89 66 48 73 23 47 75 62 31 66 21 67 69 75 56 9 45 81 68 23 8 37 6 55 43 25 66 71 53 66 47 36 75 4 21 
117 93 93 117 117 48 77 56 30 65 56 95 7 88 66 89 39 76 45 63 61 30 47 87 44 27 83 51 92 0 63 13 84 75 51 89 64 94 40 9 55 75 9 18 106 33 48 86 55 47 41 22 13 44 44 15 45 53 24 18 51 32 49 64 66 17 77 52 23 68 16 62 45 51 69 45 57 41 85 64 72 53 84 55 54 100 47 22 71 87 84 55 86 78 55 102 62 27 58 52 79 78 34 92 90 
63 100 100 63 63 21 72 8 54 21 12 58 70 85 70 78 58 37 27 33 64 44 29 74 19 43 41 43 37 63 0 76 64 80 24 49 8 46 58 69 23 37 73 50 57 32 35 45 13 53 36 67 70 66 40 52 33 10 46 60 21 42 24 22 40 52 79 23 66 18 66 66 23 66 24 25 38 49 52 67 17 62 79 70 51 47 26 60 72 47 29 16 33 66 36 58 66 37 15 61 60 50 39 40 48 
128 94 94 128 128 60 81 70 36 78 69 104 7 91 69 93 43 86 59 76 65 42 58 92 57 40 93 59 104 13 76 0 90 77 65 98 77 105 44 9 66 85 5 28 116 45 58 96 68 53 51 23 10 46 53 28 56 66 34 23 62 45 63 75 75 26 80 65 23 80 17 66 56 54 81 57 70 48 93 68 84 57 88 57 60 111 58 26 74 96 96 67 97 83 64 111 66 40 71 56 85 86 47 104 99 
57 43 43 57 57 50 17 68 54 85 73 22 89 26 28 15 47 29 81 96 28 88 44 10 59 85 29 33 48 84 64 90 0 31 82 24 56 38 46 81 43 28 90 65 42 59 39 27 73 36 45 68 80 47 41 84 42 63 60 67 48 88 82 42 24 66 26 82 67 46 72 27 52 40 41 50 98 42 17 26 50 34 20 39 30 46 47 63 24 25 49 49 44 9 33 33 28 76 77 35 4 13 85 44 28 
88 20 20 88 88 61 13 82 45 99 86 53 78 14 10 22 36 54 89 107 16 89 53 24 68 86 57 38 76 75 80 77 31 0 92 54 74 67 35 68 57 53 78 60 73 62 47 56 86 31 49 53 67 30 44 81 49 76 56 56 60 90 91 60 43 59 5 93 53 66 59 15 61 23 62 59 107 37 46 14 71 22 14 19 29 76 56 52 8 54 74 64 71 22 44 64 15 77 90 24 30 40 89 73 57 
87 113 113 87 87 32 87 16 55 13 12 81 58 100 82 95 62 58 5 15 76 24 40 91 24 25 64 54 62 51 24 65 82 92 0 72 31 70 63 59 39 58 60 45 81 32 46 68 11 61 43 63 62 71 48 37 43 19 44 56 34 22 1 42 58 47 92 0 63 41 60 77 31 74 46 34 15 56 73 78 41 71 95 78 63 72 37 57 85 70 53 33 58 82 50 82 77 25 9 69 78 70 19 64 71 
34 68 68 34 34 45 41 56 63 71 61 8 95 51 49 39 59 14 73 83 46 84 41 34 53 82 8 39 24 89 49 98 24 54 72 0 41 13 58 89 36 14 97 70 20 58 40 4 61 48 47 78 89 62 45 85 43 53 64 75 41 84 72 30 22 72 50 72 78 31 81 46 47 57 26 46 87 51 7 46 32 50 45 57 41 21 43 72 46 2 27 40 21 32 33 13 47 73 65 50 24 15 81 20 3 
57 93 93 57 57 18 65 15 51 30 19 50 72 78 64 70 54 28 33 42 58 48 24 66 19 47 32 37 31 64 8 77 56 74 31 41 0 38 54 69 17 28 74 49 50 32 29 37 20 48 32 65 70 62 35 55 29 13 45 59 17 47 31 14 32 52 72 31 65 10 65 59 21 61 15 21 46 45 43 60 9 56 72 64 45 40 22 58 65 39 22 11 26 58 30 50 60 40 23 55 52 42 44 33 40 
24 81 81 24 24 47 54 53 71 67 58 18 101 64 61 52 68 19 72 79 58 85 46 48 54 83 12 48 12 94 46 105 38 67 70 13 38 0 68 95 39 20 103 76 11 62 47 11 59 58 53 87 96 73 52 89 48 51 70 82 44 85 70 31 31 78 63 70 86 29 89 59 50 68 25 49 84 59 21 59 28 61 58 69 51 8 47 80 59 13 18 41 12 45 40 13 59 76 62 61 37 27 81 8 10 
92 55 55 92 92 37 37 57 10 73 59 63 44 48 26 49 1 49 59 78 21 55 30 48 41 52 55 20 71 40 58 44 46 35 63 58 54 68 0 35 37 48 45 24 78 31 25 58 59 10 22 21 34 8 19 46 25 51 21 21 37 57 61 45 37 24 37 63 21 51 26 22 35 12 50 33 76 9 52 23 56 13 44 16 17 75 32 18 30 57 65 43 64 39 28 71 22 44 64 12 41 44 56 69 60 
119 86 86 119 119 51 72 63 26 72 63 95 9 82 61 84 34 77 53 72 56 39 49 83 49 36 83 49 95 9 69 9 81 68 59 89 69 95 35 0 57 75 9 20 107 36 48 87 62 44 42 15 3 38 43 25 46 59 25 14 54 42 57 66 66 17 72 60 15 71 9 57 48 45 72 48 67 39 84 59 75 49 79 49 51 102 49 17 66 87 87 59 88 74 55 102 57 34 65 47 76 77 43 95 90 
62 77 77 62 62 8 49 25 36 43 29 45 62 63 47 56 37 22 38 52 41 47 8 52 16 45 29 20 38 55 23 66 43 57 39 36 17 39 37 57 0 22 64 37 51 22 12 33 30 30 16 51 58 45 18 49 12 20 32 45 4 47 38 9 19 39 56 39 50 14 52 42 11 44 14 9 54 28 35 43 19 39 57 47 28 45 7 44 48 34 30 6 31 44 13 49 43 36 34 38 39 31 44 37 36 
44 70 70 44 44 30 41 42 51 59 47 23 82 53 45 43 48 1 58 70 41 69 27 39 38 67 8 28 24 75 37 85 28 53 58 14 28 20 48 75 22 0 83 56 31 43 27 11 48 38 33 66 76 53 32 70 29 39 50 62 26 69 58 15 11 58 50 58 66 18 69 41 33 49 13 31 73 39 15 42 21 43 47 50 32 27 28 60 44 12 21 25 18 33 20 27 42 58 51 42 25 15 66 22 15 
126 96 96 126 126 57 82 66 36 74 65 103 2 92 70 94 44 84 54 71 66 37 56 93 54 35 91 58 102 9 73 5 90 78 60 97 74 103 45 9 64 83 0 27 114 42 56 95 64 53 50 24 12 48 52 23 54 63 32 23 60 40 58 73 74 25 82 61 25 77 19 67 54 55 79 54 65 48 93 69 81 59 89 59 60 109 56 27 76 95 94 65 95 84 63 110 67 36 67 57 85 85 42 102 98 
99 79 79 99 99 31 60 45 14 57 46 76 25 72 50 71 23 57 39 59 44 31 29 69 30 28 64 32 75 18 50 28 65 60 45 70 49 76 24 20 37 56 27 0 87 17 29 68 45 30 23 18 21 31 25 21 27 40 5 10 34 33 43 46 47 2 62 45 18 51 16 46 28 36 52 28 55 24 66 47 55 37 68 41 36 82 29 12 54 68 67 39 68 60 36 83 46 21 49 36 60 59 33 75 71 
14 85 85 14 14 59 60 65 82 77 69 20 113 68 69 55 78 30 83 90 66 97 58 51 66 95 23 58 20 106 57 116 42 73 81 20 50 11 78 107 51 31 114 87 0 74 58 20 70 68 64 97 107 82 63 100 60 63 82 94 56 96 81 43 41 89 69 81 97 41 100 67 62 77 37 61 95 70 27 66 40 70 62 77 61 10 58 91 66 21 28 53 23 51 51 9 67 87 72 70 43 35 93 17 17 
84 83 83 84 84 15 59 28 23 42 29 66 40 72 52 69 30 44 27 47 46 28 16 66 13 25 51 26 59 33 32 45 59 62 32 58 32 62 31 36 22 43 42 17 74 0 19 55 29 30 14 34 38 39 19 27 16 23 13 27 18 29 30 31 37 20 63 32 34 35 33 47 11 42 37 12 45 25 56 48 39 40 67 46 33 67 15 27 55 56 51 22 53 56 26 71 47 16 33 38 54 50 27 60 58 
70 67 67 70 70 14 41 35 24 52 39 47 55 54 36 49 25 28 43 60 30 48 6 46 22 45 35 8 48 48 35 58 39 47 46 40 29 47 25 48 12 27 56 29 58 19 0 38 38 18 6 40 49 32 5 46 2 29 23 35 13 48 45 20 18 31 46 46 39 26 42 31 14 31 25 12 61 15 37 33 31 27 49 34 17 53 9 33 38 38 41 18 41 37 7 53 32 36 43 25 34 30 46 47 41 
34 71 71 34 34 41 44 52 61 67 56 13 93 54 50 42 58 10 69 79 47 81 39 38 49 78 4 38 20 86 45 96 27 56 68 4 37 11 58 87 33 11 95 68 20 55 38 0 57 47 44 77 87 62 43 82 40 49 62 73 38 80 68 26 21 69 53 68 76 27 80 48 44 57 22 43 83 49 10 47 28 50 48 58 41 19 40 71 48 2 22 36 17 35 31 15 48 70 61 50 27 16 77 17 3 
77 106 106 77 77 24 79 5 52 13 1 70 62 93 75 86 58 48 13 22 69 32 32 82 17 31 53 47 51 55 13 68 73 86 11 61 20 59 59 62 30 48 64 45 70 29 38 57 0 55 37 63 64 67 42 42 36 9 42 55 26 30 11 32 49 47 85 10 63 30 61 70 24 69 35 27 25 51 63 72 30 65 87 72 56 61 29 56 77 59 42 23 46 74 42 71 71 28 4 64 69 60 26 53 60 
81 52 52 81 81 32 30 52 17 69 56 52 53 42 21 41 11 39 58 76 15 57 24 40 38 54 45 11 62 47 53 53 36 31 61 48 48 58 10 44 30 38 53 30 68 30 18 47 55 0 18 31 43 15 13 51 19 47 25 30 31 59 60 37 26 30 33 61 30 43 35 16 31 13 41 29 75 6 42 18 48 9 38 16 7 65 27 26 25 46 56 36 55 30 19 61 16 46 60 8 32 34 57 60 50 
76 70 70 76 76 14 45 34 20 51 38 54 48 58 39 54 22 34 40 58 32 42 8 51 19 39 41 12 53 41 36 51 45 49 43 47 32 53 22 42 16 33 50 23 64 14 6 44 37 18 0 35 43 30 5 39 4 29 17 29 15 43 42 24 25 25 49 43 34 31 36 34 12 31 30 11 57 13 43 35 35 28 53 35 19 59 9 28 41 45 46 20 46 42 13 60 34 30 42 26 40 37 41 52 48 
111 71 71 111 111 47 58 62 15 75 64 84 25 68 46 70 20 68 58 77 42 47 43 69 47 44 74 39 88 22 67 23 68 53 63 78 65 87 21 15 51 66 24 18 97 34 40 77 63 31 35 0 13 23 34 34 39 58 20 7 49 49 61 60 56 15 57 64 0 65 6 43 44 31 65 43 73 27 73 44 70 34 65 34 38 94 44 7 51 77 81 54 81 61 46 92 43 39 67 33 63 65 50 87 80 
119 84 84 119 119 52 71 65 26 75 65 94 12 81 59 83 33 77 56 75 55 42 50 82 51 39 84 49 96 13 70 10 80 67 62 89 70 96 34 3 58 76 12 21 107 38 49 87 64 43 43 13 0 36 44 27 47 60 26 13 55 44 60 67 66 18 70 62 13 72 7 56 49 44 73 49 69 38 84 57 76 47 78 47 50 102 50 16 64 87 88 60 89 73 55 102 56 37 67 46 75 76 46 95 90 
96 49 49 96 96 44 35 65 17 81 68 66 48 44 22 47 8 54 67 86 19 62 37 47 49 59 60 26 77 44 66 46 47 30 71 62 62 73 8 38 45 53 48 31 82 39 32 62 67 15 30 23 36 0 26 52 33 59 28 25 45 64 69 52 41 30 33 71 22 58 29 20 43 7 56 41 84 16 55 21 63 12 41 10 21 80 40 22 28 61 72 50 70 39 34 75 20 51 72 12 43 47 63 75 64 
76 65 65 76 76 18 40 39 19 56 42 51 50 53 33 49 19 33 45 63 27 47 10 47 24 44 40 7 53 44 40 53 41 44 48 45 35 52 19 43 18 32 52 25 63 19 5 43 42 13 5 34 44 26 0 43 6 33 19 30 18 48 47 26 22 27 44 48 34 32 36 28 17 27 31 15 63 10 40 30 37 23 48 30 14 59 13 28 36 43 47 23 46 37 11 58 29 35 47 21 36 33 46 52 46 
111 101 101 111 111 41 81 44 35 50 43 93 21 93 71 92 45 71 31 48 66 14 43 90 35 12 78 51 85 15 52 28 84 81 37 85 55 89 46 25 49 70 23 21 100 27 46 82 42 51 39 34 27 52 43 0 43 42 25 28 44 17 35 57 64 22 83 37 34 60 29 67 38 58 63 39 42 44 83 69 63 59 89 62 56 93 42 31 76 83 76 48 79 80 53 98 67 14 44 57 79 76 19 86 86 
72 70 70 72 72 12 44 33 23 50 37 50 52 57 38 52 25 30 41 58 32 45 4 49 19 42 37 11 49 45 33 56 42 49 43 43 29 48 25 46 12 29 54 27 60 16 2 40 36 19 4 39 47 33 6 43 0 27 21 34 12 45 42 20 21 29 49 43 38 27 40 34 11 33 26 9 58 16 39 35 31 29 51 36 19 55 7 32 41 41 42 17 42 40 10 56 34 33 41 27 37 33 43 48 44 
71 97 97 71 71 15 69 5 46 23 9 62 60 83 66 76 51 39 20 32 60 35 23 72 10 34 44 38 45 53 10 66 63 76 19 53 13 51 51 59 20 39 63 40 63 23 29 49 9 47 29 58 60 59 33 42 27 0 37 51 16 33 19 23 39 43 76 19 57 22 56 61 16 60 27 18 34 43 54 62 23 56 77 64 46 54 20 50 68 51 36 14 40 64 33 63 61 28 14 55 59 51 30 46 52 
94 76 76 94 94 26 55 42 11 55 43 71 31 67 46 66 20 51 39 59 40 34 24 64 27 30 58 26 70 24 46 34 60 56 44 64 45 70 21 25 32 50 32 5 82 13 23 62 42 25 17 20 26 28 19 25 21 37 0 14 29 35 42 41 42 7 57 44 20 46 20 41 23 33 47 23 56 19 60 43 50 33 63 37 30 76 24 13 50 62 62 34 63 55 30 77 41 22 47 31 55 53 34 69 65 
106 75 75 106 106 40 59 55 12 68 56 81 22 69 47 71 20 63 50 70 43 40 37 70 40 37 70 36 83 18 60 23 67 56 56 75 59 82 21 14 45 62 23 10 94 27 35 73 55 30 29 7 13 25 30 28 34 51 14 0 43 42 54 54 53 8 59 56 7 60 6 44 37 33 60 37 66 25 70 45 64 35 66 36 37 89 38 3 52 73 76 48 76 60 42 88 44 32 60 34 62 63 42 82 77 
66 80 80 66 66 3 53 22 34 39 26 50 58 66 50 60 37 27 33 48 43 42 7 56 11 40 34 22 41 51 21 62 48 60 34 41 17 44 37 54 4 26 60 34 56 18 13 38 26 31 15 49 55 45 18 44 12 16 29 43 0 42 33 12 24 36 59 34 48 17 49 45 6 45 18 5 50 28 40 46 21 41 60 48 30 49 5 41 51 39 33 5 35 48 16 53 45 32 30 39 43 36 39 41 41 
105 111 111 105 105 39 88 34 47 35 31 92 38 101 80 98 56 70 16 31 74 2 44 95 31 5 76 55 79 32 42 45 88 90 22 84 47 85 57 42 47 69 40 33 96 29 48 80 30 59 43 49 44 64 48 17 45 33 35 42 42 0 20 54 65 35 92 22 50 55 45 75 36 69 59 38 25 52 83 77 57 68 96 73 62 88 41 44 84 82 70 43 73 85 55 95 76 13 31 66 83 78 3 80 83 
88 112 112 88 88 31 86 16 53 15 12 81 56 99 81 94 61 58 4 16 74 22 39 90 23 23 63 53 62 49 24 63 82 91 1 72 31 70 61 57 38 58 58 43 81 30 45 68 11 60 42 61 60 69 47 35 42 19 42 54 33 20 0 42 57 45 91 2 61 41 58 76 30 72 46 33 16 55 73 77 41 70 94 76 61 72 36 55 83 70 53 32 58 81 50 82 76 23 10 68 77 70 17 64 71 
53 79 79 53 53 16 51 27 44 43 31 39 71 64 51 55 45 16 42 54 45 54 17 51 23 52 22 26 29 64 22 75 42 60 42 30 14 31 45 66 9 15 73 46 43 31 20 26 32 37 24 60 67 52 26 57 20 23 41 54 12 54 42 0 18 48 58 42 59 6 61 46 19 50 5 18 57 36 31 47 11 44 58 52 33 36 16 52 51 28 21 10 22 44 17 41 47 44 36 43 38 28 50 28 29 
55 61 61 55 55 26 33 44 40 61 48 29 73 45 34 37 37 12 57 71 30 65 21 33 35 62 18 17 36 66 40 75 24 43 58 22 32 31 37 66 19 11 74 47 41 37 18 21 49 26 25 56 66 41 22 64 21 39 42 53 24 65 57 18 0 49 41 58 55 23 59 30 28 37 19 26 73 28 18 31 28 31 39 39 20 38 23 50 34 20 32 25 29 25 11 35 31 53 53 30 20 12 62 33 24 
101 79 79 101 101 34 60 47 13 59 48 78 23 72 50 72 23 59 42 61 44 33 32 70 33 29 66 33 77 17 52 26 66 59 47 72 52 78 24 17 39 58 25 2 89 20 31 69 47 30 25 15 18 30 27 22 29 43 7 8 36 35 45 48 49 0 62 48 15 54 13 46 30 36 54 30 57 24 67 47 58 37 68 40 36 84 32 9 54 70 70 41 71 61 38 85 46 23 51 36 61 60 35 77 73 
84 21 21 84 84 61 9 81 48 99 85 49 81 10 11 17 38 51 90 107 17 90 52 19 68 87 53 38 73 77 79 80 26 5 92 50 72 63 37 72 56 50 82 62 69 63 46 53 85 33 49 57 70 33 44 83 49 76 57 59 59 92 91 58 41 62 0 93 56 64 63 16 61 26 60 58 107 39 42 14 69 24 9 23 30 72 56 55 7 50 71 63 67 18 43 60 16 79 90 26 26 36 90 69 53 
87 113 113 87 87 32 87 16 55 12 11 81 58 101 82 95 63 58 6 14 76 25 40 91 24 26 63 54 61 52 23 65 82 93 0 72 31 70 63 60 39 58 61 45 81 32 46 68 10 61 43 64 62 71 48 37 43 19 44 56 34 22 2 42 58 48 93 0 63 41 60 77 31 74 46 34 15 56 73 79 41 71 95 78 63 71 37 57 85 70 53 33 57 82 50 82 77 25 9 70 78 70 19 64 71 
110 71 71 110 110 46 57 62 14 75 64 83 25 67 45 69 20 67 58 77 41 47 42 69 47 44 74 38 87 23 66 23 67 53 63 78 65 86 21 15 50 66 25 18 97 34 39 76 63 30 34 0 13 22 34 34 38 57 20 7 48 50 61 59 55 15 56 63 0 65 6 42 43 30 64 43 73 27 72 44 70 34 64 33 38 93 43 6 50 76 80 53 80 60 45 91 42 39 67 32 62 64 50 86 79 
50 85 85 50 50 20 56 25 51 40 29 40 75 69 57 60 52 18 42 52 52 56 22 56 25 54 22 32 24 68 18 80 46 66 41 31 10 29 51 71 14 18 77 51 41 35 26 27 30 43 31 65 72 58 32 60 27 22 46 60 17 55 41 6 23 54 64 41 65 0 66 53 23 57 5 23 56 42 33 54 4 51 63 59 40 33 21 58 57 29 16 12 18 49 24 41 53 47 34 50 43 33 52 25 30 
113 77 77 113 113 47 63 61 18 72 62 87 19 73 51 75 25 70 54 74 47 42 44 74 46 39 77 42 89 16 66 17 72 59 60 81 65 89 26 9 52 69 19 16 100 33 42 80 61 35 36 6 7 29 36 29 40 56 20 6 49 45 58 61 59 13 63 60 6 66 0 48 44 36 66 43 69 31 76 50 71 40 70 40 42 95 44 9 56 80 82 54 83 65 48 95 48 35 65 38 68 69 45 89 83 
81 36 36 81 81 46 15 67 32 84 71 48 67 26 4 27 23 42 74 92 1 74 38 26 53 71 47 23 66 62 66 66 27 15 77 46 59 59 22 57 42 41 67 46 67 47 31 48 70 16 34 43 56 20 28 67 34 61 41 44 45 75 76 46 30 46 16 77 42 53 48 0 46 13 49 43 92 23 39 1 58 8 22 11 14 67 41 40 8 46 63 49 60 18 29 58 0 62 75 10 24 31 74 63 49 
73 82 82 73 73 3 55 22 30 38 25 56 52 69 50 63 34 33 29 46 44 36 8 60 7 34 40 22 48 45 23 56 52 61 31 47 21 50 35 48 11 33 54 28 62 11 14 44 24 31 12 44 49 43 17 38 11 16 23 37 6 36 30 19 28 30 61 31 43 23 44 46 0 44 25 2 46 26 46 47 27 40 63 47 31 55 5 36 53 45 39 10 41 51 19 60 46 25 29 39 47 41 34 48 47 
91 43 43 91 91 45 27 66 22 82 69 59 55 37 15 39 13 50 70 89 12 67 37 39 51 64 56 24 73 51 66 54 40 23 74 57 61 68 12 45 44 49 55 36 77 42 31 57 69 13 31 31 44 7 27 58 33 60 33 33 45 69 72 50 37 36 26 74 30 57 36 13 44 0 54 42 87 17 50 14 62 6 34 4 17 76 40 29 20 56 69 50 67 31 32 69 12 56 73 6 36 42 67 71 59 
47 80 80 47 47 22 52 30 50 46 35 35 77 64 53 55 50 12 47 57 48 60 22 51 28 58 17 30 23 69 24 81 41 62 46 26 15 25 50 72 14 13 79 52 37 37 25 22 35 41 30 65 73 56 31 63 26 27 47 60 18 59 46 5 19 54 60 46 64 5 66 49 25 54 0 24 61 40 28 49 9 48 58 56 36 30 22 58 53 24 16 15 16 44 21 36 49 50 39 47 37 27 56 23 25 
72 79 79 72 72 3 53 23 29 40 27 54 52 66 48 61 33 32 31 48 42 38 6 58 9 36 38 20 47 45 25 57 50 59 34 46 21 49 33 48 9 31 54 28 61 12 12 43 27 29 11 43 49 41 15 39 9 18 23 37 5 38 33 18 26 30 58 34 43 23 43 43 2 42 24 0 49 25 44 45 27 38 61 45 29 54 3 36 51 44 39 10 40 48 17 58 44 27 31 37 45 39 36 47 46 
100 128 128 100 100 47 102 31 67 19 26 96 63 115 96 110 75 73 17 8 90 27 55 106 39 30 78 69 75 57 38 70 98 107 15 87 46 84 76 67 54 73 65 55 95 45 61 83 25 75 57 73 69 84 63 42 58 34 56 66 50 25 16 57 73 57 107 15 73 56 69 92 46 87 61 49 0 70 88 93 55 85 110 91 77 85 52 67 99 85 66 48 71 97 66 96 92 34 22 83 93 86 23 77 86 
83 58 58 83 83 28 36 48 12 65 51 56 47 48 27 47 9 40 52 71 21 51 21 45 33 48 47 11 62 41 49 48 42 37 56 51 45 59 9 39 28 39 48 24 70 25 15 49 51 6 13 27 38 16 10 44 16 43 19 25 28 52 55 36 28 24 39 56 27 42 31 23 26 17 40 25 70 0 45 24 47 15 44 21 12 67 23 22 31 49 56 33 55 36 19 64 23 39 56 13 37 37 51 61 52 
42 60 60 42 42 44 33 58 58 74 62 10 91 43 41 31 53 15 73 85 39 83 39 27 52 80 13 34 31 85 52 93 17 46 73 7 43 21 52 84 35 15 93 66 27 56 37 10 63 42 43 73 84 55 40 83 39 54 60 70 40 83 73 31 18 67 42 73 72 33 76 39 46 50 28 44 88 45 0 39 36 43 37 50 35 29 41 67 38 8 32 40 27 24 29 19 39 71 67 43 16 7 80 27 11 
81 34 34 81 81 47 13 68 34 85 72 48 68 24 3 25 25 43 75 93 3 76 39 25 54 73 47 24 66 64 67 68 26 14 78 46 60 59 23 59 43 42 69 47 66 48 33 47 72 18 35 44 57 21 30 69 35 62 43 45 46 77 77 47 31 47 14 79 44 54 50 1 47 14 49 45 93 24 39 0 58 10 20 12 15 67 42 42 7 46 63 50 60 17 30 58 1 64 76 11 23 31 75 63 49 
47 90 90 47 47 24 61 25 55 39 29 41 79 73 62 64 56 21 43 51 57 58 27 60 28 56 24 37 21 72 17 84 50 71 41 32 9 28 56 75 19 21 81 55 40 39 31 28 30 48 35 70 76 63 37 63 31 23 50 64 21 57 41 11 28 58 69 41 70 4 71 58 27 62 9 27 55 47 36 58 0 56 67 64 45 31 26 63 62 30 13 16 16 53 29 41 58 49 33 55 46 36 53 23 31 
85 43 43 85 85 41 23 62 23 79 66 53 58 34 12 35 14 44 68 86 7 67 33 35 48 63 49 19 67 53 62 57 34 22 71 50 56 61 13 49 39 43 59 37 70 40 27 50 65 9 28 34 47 12 23 59 29 56 33 35 41 68 70 44 31 37 24 71 34 51 40 8 40 6 48 38 85 15 43 10 56 0 30 7 11 70 36 31 17 49 63 45 61 26 27 63 8 55 70 1 30 35 66 65 53 
77 23 23 77 77 62 7 82 54 100 87 42 89 6 18 8 45 48 92 109 23 95 55 11 71 92 49 41 69 84 79 88 20 14 95 45 72 58 44 79 57 47 89 68 62 67 49 48 87 38 53 65 78 41 48 89 51 77 63 66 60 96 94 58 39 68 9 95 64 63 70 22 63 34 58 61 110 44 37 20 67 30 0 31 33 66 58 62 13 45 68 63 64 14 44 53 22 83 91 32 21 32 94 65 48 
92 38 38 92 92 48 25 69 26 86 73 59 59 33 12 37 17 51 74 93 11 71 41 37 55 68 57 27 75 55 70 57 39 19 78 57 64 69 16 49 47 50 59 41 77 46 34 58 72 16 35 34 47 10 30 62 36 64 37 36 48 73 76 52 39 40 23 78 33 59 40 11 47 4 56 45 91 21 50 12 64 7 31 0 19 77 43 33 17 56 71 53 68 30 35 69 11 60 77 9 35 42 71 72 60 
75 50 50 75 75 31 25 52 24 69 56 45 59 38 19 36 18 33 60 77 13 61 23 33 38 58 39 8 56 54 51 60 30 29 63 41 45 51 17 51 28 32 60 36 61 33 17 41 56 7 19 38 50 21 14 56 19 46 30 37 30 62 61 33 20 36 30 63 38 40 42 14 31 17 36 29 77 12 35 15 45 11 33 19 0 59 26 33 22 40 51 34 49 24 15 54 14 49 61 10 25 27 60 54 43 
17 90 90 17 17 52 63 55 78 67 60 25 107 72 70 60 76 26 74 79 67 89 52 56 58 87 20 55 9 100 47 111 46 76 72 21 40 8 75 102 45 27 109 82 10 67 53 19 61 65 59 94 102 80 59 93 55 54 76 89 49 88 72 36 38 84 72 71 93 33 95 67 55 76 30 54 85 67 29 67 31 70 66 77 59 0 52 87 67 21 18 45 14 54 48 17 67 80 63 69 46 36 84 7 18 
70 77 77 70 70 5 50 26 29 43 29 51 54 63 46 58 32 29 35 51 39 41 3 54 12 39 36 18 45 47 26 58 47 56 37 43 22 47 32 49 7 28 56 29 58 15 9 40 29 27 9 44 50 40 13 42 7 20 24 38 5 41 36 16 23 32 56 37 43 21 44 41 5 40 22 3 52 23 41 42 26 36 58 43 26 52 0 36 48 41 37 10 38 45 14 55 41 30 34 35 42 36 39 45 43 
104 71 71 104 104 39 55 55 9 68 57 78 26 66 44 67 17 61 51 71 39 42 35 66 40 39 68 33 81 22 60 26 63 52 57 72 58 80 18 17 44 60 27 12 91 27 33 71 56 26 28 7 16 22 28 31 32 50 13 3 41 44 55 52 50 9 55 57 6 58 9 40 36 29 58 36 67 22 67 42 63 31 62 33 33 87 36 0 49 71 74 47 74 57 39 86 40 33 60 30 59 60 44 80 74 
80 28 28 80 80 53 7 73 41 91 77 46 75 17 5 19 32 45 82 99 10 83 45 20 60 79 48 30 68 71 72 74 24 8 85 46 65 59 30 66 48 44 76 54 66 55 38 48 77 25 41 51 64 28 36 76 41 68 50 52 51 84 83 51 34 54 7 85 50 57 56 8 53 20 53 51 99 31 38 7 62 17 13 17 22 67 48 49 0 46 65 55 62 14 35 57 8 71 82 18 22 31 82 64 49 
35 69 69 35 35 43 41 54 61 69 59 11 94 51 48 40 57 12 71 81 46 82 39 35 50 80 6 38 23 87 47 96 25 54 70 2 39 13 57 87 34 12 95 68 21 56 38 2 59 46 45 77 87 61 43 83 41 51 62 73 39 82 70 28 20 70 50 70 76 29 80 46 45 56 24 44 85 49 8 46 30 49 45 56 40 21 41 71 46 0 25 38 20 32 32 14 46 71 63 49 24 14 78 19 3 
34 91 91 34 34 36 63 37 66 49 41 35 92 74 66 64 66 20 55 61 62 71 38 59 41 69 19 45 8 84 29 96 49 74 53 27 22 18 65 87 30 21 94 67 28 51 41 22 42 56 46 81 88 72 47 76 42 36 62 76 33 70 53 21 32 70 71 53 80 16 82 63 39 69 16 39 66 56 32 63 13 63 68 71 51 18 37 74 65 25 0 29 5 54 37 31 63 62 44 62 46 35 66 11 24 
63 84 84 63 63 7 56 18 40 36 23 49 63 69 54 62 42 26 33 46 48 44 12 58 12 42 32 26 37 55 16 67 49 64 33 40 11 41 43 59 6 25 65 39 53 22 18 36 23 36 20 54 60 50 23 48 17 14 34 48 5 43 32 10 25 41 63 33 53 12 54 49 10 50 15 10 48 33 40 50 16 45 63 53 34 45 10 47 55 38 29 0 31 50 19 51 49 34 28 44 45 37 40 38 40 
31 87 87 31 31 38 59 41 66 54 46 29 93 70 63 59 65 17 60 66 59 74 39 54 43 73 14 44 6 86 33 97 44 71 58 21 26 12 64 88 31 18 95 68 23 53 41 17 46 55 46 81 89 70 46 79 42 40 63 76 35 73 58 22 29 71 67 57 80 18 83 60 41 67 16 40 71 55 27 60 16 61 64 68 49 14 38 74 62 20 5 31 0 50 36 25 60 65 49 60 42 31 70 6 18 
66 37 37 66 66 50 8 69 48 86 73 31 83 20 18 12 40 34 80 96 19 85 42 9 58 82 36 30 55 78 66 83 9 22 82 32 58 45 39 74 44 33 84 60 51 56 37 35 74 30 42 61 73 39 37 80 40 64 55 60 48 85 81 44 25 61 18 82 60 49 65 18 51 31 44 48 97 36 24 17 53 26 14 30 24 54 45 57 14 32 54 50 50 0 31 42 19 73 78 27 8 18 83 51 35 
64 64 64 64 64 18 36 38 30 55 42 40 62 50 34 44 28 21 49 65 28 55 11 40 26 52 28 8 43 55 36 64 33 44 50 33 30 40 28 55 13 20 63 36 51 26 7 31 42 19 13 46 55 34 11 53 10 33 30 42 16 55 50 17 11 38 43 50 45 24 48 29 19 32 21 17 66 19 29 30 29 27 44 35 15 48 14 39 35 32 37 19 36 31 0 46 29 43 47 25 28 23 52 41 34 
24 75 75 24 24 57 51 66 76 79 70 10 108 58 60 46 72 26 83 92 58 96 54 41 64 94 19 52 25 102 58 111 33 64 82 13 50 13 71 102 49 27 110 83 9 71 53 15 71 61 60 92 102 75 58 98 56 63 77 88 53 95 82 41 35 85 60 82 91 41 95 58 60 69 36 58 96 64 19 58 41 63 53 69 54 17 55 86 57 14 31 51 25 42 46 0 59 85 74 63 34 27 92 21 12 
82 36 36 82 82 46 15 67 32 84 71 49 67 26 4 27 23 43 74 92 1 74 38 27 53 71 47 23 66 62 66 66 28 15 77 47 60 59 22 57 43 42 67 46 67 47 32 48 71 16 34 43 56 20 29 67 34 61 41 44 45 76 76 47 31 46 16 77 42 53 48 0 46 12 49 44 92 23 39 1 58 8 22 11 14 67 41 40 8 46 63 49 60 19 29 59 0 62 75 10 24 32 74 63 50 
97 98 98 97 97 28 75 30 34 38 29 81 33 88 67 85 43 59 19 38 61 12 32 82 21 9 66 43 71 27 37 40 76 77 25 73 40 76 44 34 36 58 36 21 87 16 36 70 28 46 30 39 37 51 35 14 33 28 22 32 32 13 23 44 53 23 79 25 39 47 35 62 25 56 50 27 34 39 71 64 49 55 83 60 49 80 30 33 71 71 62 34 65 73 43 85 62 0 31 53 71 66 11 72 73 
78 111 111 78 78 29 84 9 57 8 4 74 65 97 80 90 63 52 14 18 74 33 37 87 22 33 56 52 53 58 15 71 77 90 9 65 23 62 64 65 34 51 67 49 72 33 43 61 4 60 42 67 67 72 47 44 41 14 47 60 30 31 10 36 53 51 90 9 67 34 65 75 29 73 39 31 22 56 67 76 33 70 91 77 61 63 34 60 82 63 44 28 49 78 47 74 75 31 0 68 73 65 27 55 64 
85 44 44 85 85 39 25 60 22 77 64 53 57 36 14 37 13 43 66 84 8 65 32 36 46 61 49 17 66 52 61 56 35 24 69 50 55 61 12 47 38 42 57 36 70 38 25 50 64 8 26 33 46 12 21 57 27 55 31 34 39 66 68 43 30 36 26 70 32 50 38 10 39 6 47 37 83 13 43 11 55 1 32 9 10 69 35 30 18 49 62 44 60 27 25 63 10 53 68 0 31 35 65 64 53 
58 44 44 58 58 46 17 64 49 81 69 24 84 27 25 17 42 26 77 92 24 83 39 13 54 80 28 28 47 79 60 85 4 30 78 24 52 37 41 76 39 25 85 60 43 54 34 27 69 32 40 63 75 43 36 79 37 59 55 62 43 83 77 38 20 61 26 78 62 43 68 24 47 36 37 45 93 37 16 23 46 30 21 35 25 46 42 59 22 24 46 45 42 8 28 34 24 71 73 31 0 11 81 43 27 
49 56 56 49 49 39 27 55 50 72 60 18 84 38 34 28 45 15 70 83 31 78 34 24 48 75 17 27 36 78 50 86 13 40 70 15 42 27 44 77 31 15 85 59 35 50 30 16 60 34 37 65 76 47 33 76 33 51 53 63 36 78 70 28 12 60 36 70 64 33 69 31 41 42 27 39 86 37 7 31 36 35 32 42 27 36 36 60 31 14 35 37 31 18 23 27 32 66 65 35 11 0 75 33 18 
101 110 110 101 101 36 86 30 46 32 28 89 40 99 79 96 55 66 13 29 72 5 41 93 28 6 73 53 75 34 39 47 85 89 19 81 44 81 56 43 44 66 42 33 93 27 46 77 26 57 41 50 46 63 46 19 43 30 34 42 39 3 17 50 62 35 90 19 50 52 45 74 34 67 56 36 23 51 80 75 53 66 94 71 60 84 39 44 82 78 66 40 70 83 52 92 74 11 27 65 81 75 0 77 80 
25 88 88 25 25 44 60 48 71 60 52 27 100 71 66 59 70 20 66 72 62 81 45 55 50 79 16 49 4 92 40 104 44 73 64 20 33 8 69 95 37 22 102 75 17 60 47 17 53 60 52 87 95 75 52 86 48 46 69 82 41 80 64 28 33 77 69 64 86 25 89 63 48 71 23 47 77 61 27 63 23 65 65 72 54 7 45 80 64 19 11 38 6 51 41 21 63 72 55 64 43 33 77 0 17 
32 71 71 32 32 45 44 55 64 70 60 10 96 54 52 42 61 14 72 82 49 84 42 38 52 82 7 41 21 90 48 99 28 57 71 3 40 10 60 90 36 15 98 71 17 58 41 3 60 50 48 80 90 64 46 86 44 52 65 77 41 83 71 29 24 73 53 71 79 30 83 49 47 59 25 46 86 52 11 49 31 53 48 60 43 18 43 74 49 3 24 40 18 35 34 12 50 73 64 53 27 18 80 17 0 
