100 4924.22 0 1680 7 240
28.93 98.68 1.64 31.78 74.05 38.99 16.76 61.63 85.01 95.62 92.28 31.72 19.35 94.02 39.29 34.86 72.56 96.27 85.06 40.13 15.81 73.7 2.72 53.4 12.79 20.21 72.36 57.74 61.66 31.53 38.91 40.1 36.04 98.6 28.76 72.38 48.52 37.95 4.24 14.91 29.68 91.66 46.05 1.52 9.39 25.43 19.95 26.72 98.51 79.27 71.15 38.44 76.12 40.68 49.74 47.18 96.74 30.03 40.1 29.96 79.53 28.12 24.26 58.59 39.47 53.54 42.18 30.64 97.45 62.8 13.92 27.6 87.67 64.64 25.74 85.23 84.16 26.74 40.74 95.45 1.69 87.4 20.77 73.62 73.15 37.13 26.77 62.46 58.62 27.5 37.98 2.14 4.49 6.35 83.86 91.27 40.24 13.61 47.84 91.5 
88.84 16.33 51.07 54.78 43.15 10.08 57.8 87.76 34.05 39.36 12.84 30.2 84.6 55.5 36.15 76.91 82.63 55.0 55.72 49.94 11.93 43.45 33.43 74.75 54.76 21.43 35.53 50.02 73.37 56.25 63.12 60.61 48.39 51.98 88.23 23.12 59.46 65.94 33.34 33.56 76.85 11.46 39.36 57.83 89.93 60.0 79.1 43.3 54.75 23.84 20.28 79.68 21.59 12.65 19.54 35.1 63.9 56.04 26.29 44.0 85.74 23.7 77.58 33.85 36.41 57.72 61.37 38.64 82.53 26.23 57.93 67.21 73.25 13.72 79.56 63.0 34.91 28.9 10.86 83.48 47.01 34.85 43.12 40.37 22.54 20.72 11.73 29.92 55.25 29.4 68.84 37.27 78.08 63.54 11.11 32.2 10.08 31.78 53.9 60.33 
3 9 1 3 7 4 2 6 8 9 9 3 2 9 4 4 7 9 8 4 2 7 1 5 2 2 7 6 6 3 4 4 4 9 3 7 5 4 1 2 3 9 5 1 1 3 2 3 9 8 7 4 7 4 5 5 9 3 4 3 8 3 3 6 4 5 4 3 9 6 2 3 8 6 3 8 8 3 4 9 1 8 2 7 7 4 3 6 6 3 4 1 1 1 8 9 4 2 5 9 
1 2 3 4 5 6 7 8 9 10 11 12 13 14 15 16 17 18 19 20 21 22 23 24 25 26 27 28 29 30 31 32 33 34 35 36 37 38 39 40 41 42 43 44 45 46 47 48 49 50 51 52 53 54 55 56 57 58 59 60 61 62 63 64 65 66 67 68 69 70 71 72 73 74 75 76 77 78 79 80 81 82 83 84 85 86 87 88 89 90 91 92 93 94 95 96 97 98 99 100 
1 2 3 1 2 2 2 3 2 2 2 1 2 2 2 2 2 2 2 2 2 2 3 2 2 2 2 3 3 1 2 2 2 2 1 2 2 2 3 2 1 2 2 3 3 1 2 1 2 2 2 2 2 2 2 2 2 1 2 1 2 1 1 3 2 2 2 1 2 3 2 1 2 3 1 2 2 1 2 2 3 2 2 2 2 2 1 3 3 1 2 3 3 3 2 2 2 2 2 2 
2 2 1 2 2 1 3 3 1 2 2 2 3 2 1 1 2 2 1 1 3 2 1 3 3 3 2 3 3 2 1 1 1 2 2 2 3 1 1 3 2 2 3 1 1 2 3 2 2 1 2 1 2 1 3 3 2 2 1 2 1 2 2 3 1 3 1 2 2 3 3 2 1 3 2 1 1 2 1 2 1 1 3 2 2 1 2 3 3 2 1 1 1 1 1 2 1 3 3 2 
2 7 4 2 9 3 5 7 4 8 2 2 6 4 1 3 5 6 7 5 8 2 3 2 10 5 4 10 7 7 9 4 4 6 4 7 7 2 10 3 5 3 1 10 1 2 7 7 2 7 10 3 2 2 5 3 6 2 1 10 5 8 2 1 1 6 6 5 10 10 3 10 5 3 6 7 4 2 7 1 6 3 8 9 3 4 8 1 1 7 3 2 3 4 5 10 5 6 2 10 
3967.15 3904.32 3765.5 3985.05 4292.81 3973.26 4612.77 3873.51 3968.38 4501.0 3998.41 3987.97 4338.59 3541.15 4144.2 3954.19 4647.12 4915.25 3893.56 4232.69 4657.8 4011.03 3997.77 4024.29 4405.1 4190.7 3755.45 4394.82 3899.16 3881.82 4752.17 3504.27 3694.8 4892.25 4037.08 3896.74 3855.34 4011.99 4436.48 3979.55 4041.28 3970.79 3281.78 4421.86 3421.45 4027.06 3906.87 3915.12 3995.95 3876.59 4381.37 3942.07 4004.29 4018.24 4251.16 3945.96 4429.13 3991.49 4052.13 4433.33 4095.67 4715.95 3973.57 3421.29 3830.41 4737.57 4598.83 4756.71 4401.41 4525.16 3997.45 4492.92 4638.72 3947.04 4830.92 3883.76 3649.79 4025.74 3904.61 4162.0 4685.75 3998.6 4489.95 4690.77 3970.88 3644.47 3997.93 3420.89 3627.18 3897.25 3986.34 4010.63 3942.05 4010.78 4674.64 4411.7 4392.77 4764.0 3981.93 4466.71 
0.75 0.49 0.7 0.83 0.38 0.12 0.81 0.46 0.76 0.64 0.75 0.79 0.4 0.57 0.27 0.15 0.83 0.18 0.56 0.8 0.65 0.71 0.13 0.7 0.38 0.77 0.59 0.63 0.57 0.57 0.31 0.69 0.42 0.65 0.59 0.57 0.56 0.79 0.6 0.15 0.78 0.14 0.2 0.54 0.17 0.73 0.49 0.57 0.84 0.47 0.52 0.14 0.72 0.75 0.91 0.15 0.63 0.72 0.25 0.19 0.77 0.64 0.75 0.17 0.2 0.4 0.6 0.78 0.54 0.34 0.15 0.33 0.85 0.15 0.17 0.6 0.5 0.72 0.5 0.17 0.45 0.13 0.65 0.14 0.14 0.6 0.64 0.21 0.17 0.54 0.15 0.86 0.13 0.77 0.75 0.25 0.92 0.5 0.9 0.49 
1.0 0.53 1.0 0.91 0.74 0.81 0.8 0.97 0.84 0.71 0.81 0.69 0.63 0.52 0.87 0.94 0.97 0.84 0.95 0.85 0.96 1.0 0.62 0.72 0.93 1.0 0.89 0.77 0.56 0.58 0.58 0.59 0.72 1.0 1.0 0.69 0.98 0.66 0.89 0.88 0.79 0.63 0.67 1.0 0.73 0.6 0.96 0.58 0.84 0.92 0.63 0.64 1.0 0.71 0.9 0.59 1.0 0.71 1.0 0.61 0.84 0.52 0.95 0.57 0.6 0.62 1.0 1.0 0.62 0.61 0.92 1.0 0.58 0.65 1.0 0.66 0.75 1.0 0.6 0.62 0.85 0.9 0.76 0.79 1.0 0.54 0.83 1.0 0.88 0.72 1.0 1.0 0.7 0.77 0.96 0.77 1.0 0.67 0.67 1.0 
1.0 0.68 1.0 0.94 0.81 0.6 0.85 1.0 0.92 0.91 0.72 0.71 0.72 0.73 0.81 0.6 0.71 0.79 0.51 0.66 0.54 0.93 0.73 0.9 0.54 1.0 0.76 0.53 1.0 0.54 0.99 0.88 0.52 0.72 0.58 0.72 0.51 0.63 0.82 1.0 1.0 0.57 1.0 0.52 0.73 0.84 0.89 0.72 0.74 0.98 0.94 0.91 1.0 1.0 0.9 1.0 0.65 0.55 0.7 0.54 0.85 0.75 0.87 1.0 0.6 0.9 1.0 0.86 0.77 0.6 0.85 0.51 0.8 0.67 0.85 0.86 0.6 0.51 0.72 0.84 1.0 0.5 1.0 0.51 0.96 1.0 1.0 0.98 0.75 0.8 0.97 1.0 0.87 0.86 1.0 1.0 0.5 0.73 0.51 0.52 
0.76 0.68 0.72 1.0 0.87 0.83 0.68 0.67 0.63 0.85 1.0 0.98 0.53 1.0 0.61 1.0 0.92 0.84 1.0 0.93 0.53 0.54 0.96 1.0 0.87 0.74 0.97 0.75 1.0 0.78 0.59 0.99 0.87 0.91 0.8 0.79 0.63 0.96 0.76 0.69 0.89 0.58 0.96 0.52 1.0 0.88 0.84 0.55 0.78 1.0 0.84 0.95 1.0 0.54 0.82 0.57 1.0 1.0 0.85 0.6 0.95 1.0 0.71 0.91 0.53 1.0 0.87 0.6 0.99 0.83 0.56 0.79 0.72 0.97 0.58 0.66 0.83 0.67 0.58 0.51 0.82 0.81 0.82 0.94 0.84 0.98 0.5 0.91 0.59 0.9 0.63 1.0 0.98 0.75 0.75 0.58 0.57 0.52 0.7 0.73 
0.64 0.92 0.95 0.64 0.93 0.86 1.0 0.8 0.92 1.0 0.84 0.74 0.62 0.99 0.9 0.91 0.9 1.0 0.94 0.5 0.6 0.69 1.0 0.63 0.98 0.6 0.6 1.0 0.77 0.58 0.53 0.58 0.83 0.89 0.54 0.8 0.77 0.71 0.64 0.55 0.95 1.0 1.0 0.88 0.95 0.65 0.84 0.64 0.99 1.0 0.51 1.0 0.98 0.76 0.51 0.69 0.53 0.94 0.72 0.84 1.0 0.53 0.81 0.94 0.88 0.58 1.0 0.85 0.68 0.61 0.9 0.77 0.74 1.0 0.81 0.97 0.55 1.0 1.0 0.76 1.0 0.6 1.0 0.63 0.76 0.9 0.83 1.0 0.55 0.82 0.88 0.95 0.68 1.0 1.0 1.0 0.6 0.99 0.66 1.0 
0.83 0.64 0.7 0.69 0.68 0.96 0.91 0.68 1.0 0.9 0.8 0.56 0.73 0.94 0.58 0.67 0.69 1.0 0.55 0.5 0.99 0.99 0.84 1.0 0.85 0.64 0.55 1.0 0.72 0.54 0.71 0.8 1.0 0.66 0.91 0.51 1.0 0.86 1.0 0.64 1.0 1.0 0.85 0.98 1.0 0.76 0.85 0.74 0.76 0.58 0.84 0.55 0.92 0.96 0.91 1.0 1.0 0.61 0.62 0.86 0.51 0.84 0.91 0.88 0.68 0.8 1.0 0.94 1.0 1.0 0.53 0.92 0.61 0.72 0.98 0.68 0.68 0.8 1.0 0.68 1.0 0.86 0.87 0.76 0.65 0.94 0.75 0.74 1.0 0.95 0.53 0.76 0.96 1.0 0.82 0.89 0.89 0.73 0.58 0.85 
0.4 0.14 0.48 0.38 0.33 0.33 0.42 0.35 0.45 0.49 0.4 0.2 0.11 0.35 0.22 0.34 0.39 0.56 0.25 0.13 0.16 0.34 0.36 0.41 0.37 0.29 0.21 0.31 0.31 0.08 0.13 0.24 0.27 0.38 0.23 0.16 0.24 0.25 0.36 0.21 0.67 0.21 0.55 0.23 0.51 0.22 0.51 0.11 0.37 0.53 0.21 0.3 0.9 0.28 0.31 0.23 0.35 0.23 0.27 0.15 0.34 0.17 0.44 0.43 0.11 0.26 0.87 0.41 0.33 0.19 0.21 0.28 0.15 0.3 0.39 0.25 0.14 0.27 0.25 0.14 0.7 0.19 0.54 0.18 0.39 0.45 0.26 0.66 0.21 0.4 0.28 0.73 0.39 0.49 0.6 0.4 0.15 0.18 0.09 0.32 
731.02 880.92 855.18 849.27 884.17 1963.92 562.33 975.08 916.6 2082.7 990.1 766.42 770.77 709.78 1038.43 1473.65 966.64 843.84 1372.7 1083.12 1817.86 695.31 1630.72 869.99 654.09 1079.82 811.74 845.77 1150.52 1140.14 881.69 743.98 589.06 1031.87 733.78 1142.78 997.52 761.82 804.2 1485.36 823.28 1627.02 917.83 823.08 1060.8 860.33 1097.34 1344.88 766.34 1058.62 882.24 1987.25 581.75 630.51 1194.02 1704.1 1108.59 827.36 1332.11 721.85 1028.87 2336.35 722.91 987.02 1131.06 860.88 966.28 1165.81 918.08 706.25 1709.81 665.47 1061.87 1551.45 773.59 1273.32 873.0 773.76 1266.37 945.23 778.79 1700.7 1707.53 865.86 1550.73 807.02 1402.92 1146.01 1323.37 1150.88 1830.03 612.24 1814.32 1093.01 969.53 530.41 1149.63 1066.13 870.48 912.67 
332.36 127.47 390.12 304.32 246.86 668.99 221.8 389.05 336.93 987.95 353.63 182.6 110.13 254.91 243.78 492.82 407.96 452.01 387.1 176.98 281.01 256.66 618.09 381.41 241.23 332.43 141.89 215.31 309.89 94.43 105.91 207.02 141.25 400.8 123.26 184.52 198.32 210.77 277.04 282.25 580.74 336.13 495.05 218.22 535.15 248.01 559.07 197.62 299.56 555.83 178.04 602.82 507.14 182.35 362.43 358.53 377.6 207.02 364.94 61.33 327.03 421.32 338.06 412.56 113.78 221.67 860.97 483.1 288.22 135.37 329.85 210.06 143.43 476.43 294.9 341.26 82.36 225.33 317.46 136.66 603.41 383.76 985.31 136.48 545.4 375.83 331.52 744.59 379.93 498.74 515.19 452.55 623.51 505.79 575.86 194.6 130.93 199.78 59.14 301.18 
3155.12 3904.59 3775.89 3746.36 3920.83 9319.6 2311.67 4375.42 4082.98 9913.52 4450.51 3332.12 3353.85 3048.91 4692.13 6868.27 4333.19 3719.18 6363.52 4915.62 8589.29 2976.54 7653.58 3849.97 2770.46 4899.08 3558.72 3728.86 5252.61 5200.69 3908.45 3219.92 2445.32 4659.34 3168.88 5213.88 4487.59 3309.08 3521.02 6926.81 3616.41 7635.11 4089.14 3615.4 4803.99 3801.63 4986.71 6224.39 3331.69 4793.08 3911.22 9436.25 2408.75 2652.57 5470.12 8020.49 5042.94 3636.78 6160.57 3109.26 4644.33 11181.76 3114.54 4435.08 5155.29 3804.41 4331.38 5329.06 4090.38 3031.27 8049.04 2827.35 4809.35 7257.24 3367.95 5866.62 3865.02 3368.82 5831.84 4226.14 3393.97 8003.52 8037.63 3829.31 7253.64 3535.09 6514.61 5230.05 6116.87 5254.42 8650.14 2561.22 8571.6 4965.05 4347.65 2152.06 5248.14 4830.64 3852.39 4063.35 
1161.78 137.37 1450.61 1021.61 734.31 2844.96 609.0 1445.26 1184.64 4439.77 1268.14 413.02 50.67 774.56 718.88 1964.09 1539.81 1760.04 1435.51 384.9 905.06 783.29 2590.43 1407.03 706.16 1162.15 209.43 576.55 1049.47 -27.83 29.56 535.11 206.24 1504.0 116.3 422.62 491.61 553.87 885.21 911.27 2403.7 1180.67 1975.27 591.08 2175.75 740.05 2295.34 488.12 997.78 2279.15 390.18 2514.08 2035.72 411.74 1312.16 1292.63 1387.99 535.09 1324.71 -193.36 1135.15 1606.6 1190.29 1562.8 68.9 608.37 3804.87 1915.52 941.08 176.86 1149.23 550.31 217.16 1882.13 974.48 1206.31 -88.22 626.64 1087.32 183.31 2517.05 1418.8 4426.54 182.42 2227.02 1379.15 1157.59 3222.94 1399.63 1993.72 2075.97 1762.74 2617.57 2028.97 2379.3 472.99 154.63 498.91 -204.29 1005.92 
79.34 117.13 150.62 79.7 128.78 119.2 138.38 154.94 119.05 135.03 119.95 79.76 130.16 106.23 124.33 118.63 139.41 147.46 116.81 126.98 139.73 120.33 159.91 120.73 132.15 125.72 112.66 175.79 155.97 77.64 142.57 105.13 110.84 146.77 80.74 116.9 115.66 120.36 177.46 119.39 80.83 119.12 98.45 176.87 136.86 80.54 117.21 78.3 119.88 116.3 131.44 118.26 120.13 120.55 127.53 118.38 132.87 79.83 121.56 88.67 122.87 94.32 79.47 136.85 114.91 142.13 137.96 95.13 132.04 181.01 119.92 89.86 139.16 157.88 96.62 116.51 109.49 80.51 117.14 124.86 187.43 119.96 134.7 140.72 119.13 109.33 79.96 136.84 145.09 77.95 119.59 160.43 157.68 160.43 140.24 132.35 131.78 142.92 119.46 134.0 
11 22 32 11 24 22 26 33 22 25 22 11 24 20 23 22 26 28 22 24 26 22 34 22 25 23 21 37 33 11 27 20 21 27 11 22 22 22 38 22 11 22 18 37 29 11 22 11 22 22 25 22 22 22 24 22 25 11 23 12 23 13 11 29 21 27 26 13 25 38 22 12 26 33 13 22 20 11 22 23 40 22 25 26 22 20 11 29 31 11 22 34 33 34 26 25 25 27 22 25 
9 121 70 46 34 173 218 98 171 29 174 55 25 203 87 5 104 114 95 139 27 191 178 49 90 18 165 54 189 138 168 5 7 7 98 88 49 28 204 12 57 85 124 63 65 48 29 22 109 59 84 74 131 163 43 82 13 125 228 163 117 54 4 67 175 97 54 154 114 110 71 25 104 221 199 119 76 20 226 44 153 62 130 208 131 229 238 161 229 14 51 82 191 145 137 69 59 24 180 199 
200 240 98 110 229 240 240 240 217 141 240 163 58 240 240 81 180 195 240 240 117 240 240 143 240 240 203 223 240 193 240 90 145 142 240 209 86 74 240 225 240 240 214 210 190 195 212 117 240 240 222 208 240 240 173 240 99 237 240 240 240 91 63 214 239 240 144 240 240 196 214 154 142 240 240 231 240 44 240 200 240 231 154 240 240 240 240 240 240 232 119 240 240 231 174 93 240 48 240 240 
5
0.0 0.0 0.0 0.0 0.0 
0.0 100.0 100.0 0.0 100.0 
0 14 14 0 14 13 14 7 9 12 5 8 15 13 14 13 6 12 15 7 12 15 15 14 9 2 12 4 13 8 4 11 10 13 9 10 10 8 15 13 10 10 10 4 5 11 13 8 8 12 9 11 7 16 11 10 12 11 6 7 8 16 9 6 7 16 5 11 9 7 11 10 7 18 9 8 10 16 9 11 15 13 5 6 18 6 13 6 11 10 6 4 9 11 5 11 5 11 9 12 13 5 4 10 15 
14 0 0 14 0 4 18 6 7 13 14 6 8 15 16 18 10 3 14 10 5 10 15 13 9 12 13 9 8 6 11 13 10 9 7 7 8 8 15 4 15 9 7 9 9 5 18 10 6 1 6 4 8 15 15 15 6 15 13 13 11 14 7 11 9 11 11 4 12 10 9 8 9 14 13 6 6 13 15 4 13 15 10 14 13 7 15 8 13 15 12 13 13 10 10 7 8 3 5 17 16 14 9 9 14 
14 0 0 14 0 4 18 6 7 13 14 6 8 15 16 18 10 3 14 10 5 10 15 13 9 12 13 9 8 6 11 13 10 9 7 7 8 8 15 4 15 9 7 9 9 5 18 10 6 1 6 4 8 15 15 15 6 15 13 13 11 14 7 11 9 11 11 4 12 10 9 8 9 14 13 6 6 13 15 4 13 15 10 14 13 7 15 8 13 15 12 13 13 10 10 7 8 3 5 17 16 14 9 9 14 
0 14 14 0 14 13 14 7 9 12 5 8 15 13 14 13 6 12 15 7 12 15 15 14 9 2 12 4 13 8 4 11 10 13 9 10 10 8 15 13 10 10 10 4 5 11 13 8 8 12 9 11 7 16 11 10 12 11 6 7 8 16 9 6 7 16 5 11 9 7 11 10 7 18 9 8 10 16 9 11 15 13 5 6 18 6 13 6 11 10 6 4 9 11 5 11 5 11 9 12 13 5 4 10 15 
14 0 0 14 0 4 18 6 7 13 14 6 8 15 16 18 10 3 14 10 5 10 15 13 9 12 13 9 8 6 11 13 10 9 7 7 8 8 15 4 15 9 7 9 9 5 18 10 6 1 6 4 8 15 15 15 6 15 13 13 11 14 7 11 9 11 11 4 12 10 9 8 9 14 13 6 6 13 15 4 13 15 10 14 13 7 15 8 13 15 12 13 13 10 10 7 8 3 5 17 16 14 9 9 14 
13 4 4 13 4 0 14 6 4 9 11 4 4 11 11 14 8 1 10 7 1 6 10 9 5 11 9 8 4 5 9 9 6 5 4 3 4 5 11 0 11 5 3 8 8 1 14 7 5 2 4 1 6 11 11 11 1 11 11 10 8 10 4 9 6 7 9 1 8 7 5 4 7 9 10 4 3 8 11 1 8 11 8 11 9 7 11 6 9 11 9 11 9 6 8 3 8 3 4 13 12 11 8 5 9 
14 18 18 14 18 14 0 14 11 5 8 13 11 3 3 1 9 14 5 8 12 10 5 5 9 11 5 13 10 13 11 4 7 9 11 10 10 10 5 14 3 9 11 13 12 13 1 8 15 16 12 14 10 5 2 3 12 3 8 7 7 6 11 8 10 10 10 13 6 8 8 10 10 9 5 13 12 8 4 13 6 3 10 8 9 14 3 11 4 3 8 10 5 7 10 11 14 16 14 2 2 8 12 9 6 
7 6 6 7 6 6 14 0 4 10 7 2 10 12 13 14 5 5 13 5 6 11 13 11 5 5 10 2 8 1 4 10 8 9 4 5 5 4 13 6 10 6 5 2 3 5 14 6 0 5 3 4 3 13 11 10 6 11 7 8 6 13 4 6 4 12 5 4 8 5 7 5 4 14 9 2 4 12 10 5 12 12 4 8 14 0 12 2 10 10 6 6 9 8 4 5 1 3 1 13 13 8 3 6 12 
9 7 7 9 7 4 11 4 0 6 6 2 6 8 9 10 3 4 8 2 3 7 9 7 1 6 6 5 4 2 5 6 3 5 0 1 1 1 9 4 7 2 1 4 3 3 10 3 4 5 1 3 1 9 8 7 3 7 6 5 3 9 0 4 1 8 4 3 4 2 3 1 2 10 6 2 1 8 7 3 7 8 3 6 9 4 8 2 6 7 4 6 5 3 3 2 4 5 3 9 9 6 4 2 8 
12 13 13 12 13 9 5 10 6 0 6 8 6 2 3 5 6 9 3 5 7 5 3 2 4 9 0 10 5 8 8 1 2 4 6 5 5 5 3 9 2 4 6 10 8 7 5 4 10 11 7 9 6 3 2 3 7 3 6 4 4 4 6 5 6 6 7 8 2 5 3 5 6 6 2 8 7 4 4 8 3 1 7 6 6 10 2 7 0 2 6 8 2 2 6 6 10 11 10 4 2 6 8 4 3 
5 14 14 5 14 11 8 7 6 6 0 7 11 7 9 7 3 11 10 3 9 11 10 9 5 3 6 6 9 7 3 5 6 9 6 7 7 5 10 11 5 7 7 5 4 9 7 4 8 12 7 10 5 10 6 4 9 5 0 2 3 11 6 2 5 12 2 9 4 3 7 7 4 13 4 7 8 11 3 10 10 7 3 0 13 7 7 5 6 5 1 1 4 7 3 8 6 10 8 6 8 0 4 6 10 
8 6 6 8 6 4 13 2 2 8 7 0 7 10 11 12 4 3 11 4 3 8 11 9 3 6 8 4 5 0 5 8 5 6 2 3 3 3 11 4 9 4 3 3 3 3 12 4 2 4 1 3 2 11 10 9 4 9 7 7 5 11 1 5 2 9 5 3 6 4 5 3 3 12 7 0 2 10 9 3 9 10 4 7 11 2 10 2 8 9 6 6 7 5 4 3 3 3 1 11 11 7 3 4 10 
15 8 8 15 8 4 11 10 6 6 11 7 0 8 8 11 9 6 6 8 4 1 6 5 6 12 6 11 2 8 11 7 5 2 6 4 4 6 7 4 9 4 4 11 10 4 11 7 9 7 6 6 8 7 9 9 3 9 11 9 7 6 6 9 7 2 10 5 7 7 4 4 8 5 8 8 5 4 10 5 4 8 9 11 4 10 8 8 6 9 10 11 8 4 9 4 11 8 8 11 8 11 10 5 5 
13 15 15 13 15 11 3 12 8 2 7 10 8 0 1 3 7 11 3 6 9 7 3 3 6 10 2 11 7 10 9 1 4 6 8 7 7 7 3 11 2 6 8 11 10 9 3 5 12 13 9 11 8 3 1 2 9 2 7 5 5 4 8 6 7 7 8 10 3 6 5 7 7 7 3 10 9 5 4 10 4 0 8 7 7 12 0 9 1 2 7 8 3 4 8 8 11 13 12 3 0 7 10 6 3 
14 16 16 14 16 11 3 13 9 3 9 11 8 1 0 3 9 12 2 8 10 7 2 2 8 12 3 13 7 12 11 3 5 6 9 8 8 8 1 11 4 7 9 13 11 10 4 7 13 14 10 12 9 2 3 4 9 3 8 7 6 3 9 8 9 7 9 11 5 8 6 8 9 6 5 11 10 4 5 11 3 1 9 8 6 13 1 10 3 4 8 10 4 5 9 9 13 14 13 4 1 8 11 7 3 
13 18 18 13 18 14 1 14 10 5 7 12 11 3 3 0 9 14 6 8 12 10 6 6 9 10 5 13 10 12 10 4 7 9 10 10 10 9 5 14 3 9 10 12 11 12 0 7 14 16 11 14 10 6 2 3 12 2 7 6 7 7 10 7 9 10 9 13 5 8 8 9 9 9 4 12 12 8 3 13 7 3 9 7 10 13 3 11 4 3 7 9 4 7 9 11 13 15 14 1 2 7 11 8 6 
6 10 10 6 10 8 9 5 3 6 3 4 9 7 9 9 0 7 9 1 6 9 9 8 3 3 6 4 7 4 2 5 4 7 3 4 4 2 10 8 5 4 5 3 2 6 8 2 5 9 4 7 2 10 6 5 7 6 2 2 2 10 3 1 1 10 1 6 3 1 5 4 1 12 4 4 5 10 5 7 8 7 0 3 11 4 7 2 6 6 1 2 4 5 0 5 4 7 5 7 8 3 2 4 9 
12 3 3 12 3 1 14 5 4 9 11 3 6 11 12 14 7 0 11 7 2 7 11 10 5 10 9 7 5 4 9 10 7 6 4 4 4 5 12 1 11 5 3 7 7 1 14 7 4 1 3 0 5 12 12 11 2 12 10 10 8 11 4 8 5 8 8 1 9 7 6 4 6 11 10 3 2 9 12 1 9 11 8 10 10 5 12 5 10 11 9 10 9 7 7 3 7 2 3 13 12 11 7 5 10 
15 14 14 15 14 10 5 13 8 3 10 11 6 3 2 6 9 11 0 8 8 4 0 1 7 12 3 13 6 11 11 4 5 5 8 7 7 8 0 10 5 6 8 13 11 9 6 7 13 13 9 11 9 0 4 5 8 5 9 8 7 1 9 8 9 4 10 10 5 8 5 7 9 3 6 11 9 2 7 10 1 3 10 9 4 13 3 10 3 5 9 11 5 5 10 8 13 13 12 6 3 10 11 6 0 
7 10 10 7 10 7 8 5 2 5 3 4 8 6 8 8 1 7 8 0 5 8 8 7 1 4 5 5 5 4 3 4 3 6 3 3 3 1 8 7 5 3 4 5 3 5 8 1 6 8 3 6 2 8 5 5 6 5 3 2 1 9 3 1 1 9 2 6 2 0 3 3 1 10 3 4 4 8 4 6 7 6 2 3 10 5 6 2 4 5 2 3 3 3 1 4 5 7 6 7 7 3 3 2 8 
12 5 5 12 5 1 12 6 3 7 9 3 4 9 10 12 6 2 8 5 0 5 9 7 3 9 7 7 2 4 8 7 5 3 2 2 2 4 9 1 9 3 1 7 6 0 12 5 5 4 2 2 4 9 9 9 0 9 9 8 6 9 3 7 4 6 7 1 7 5 3 2 5 8 8 4 1 7 9 1 7 9 6 9 8 6 9 5 7 9 8 9 7 4 6 1 7 4 4 11 10 9 7 3 8 
15 10 10 15 10 6 10 11 7 5 11 8 1 7 7 10 9 7 4 8 5 0 5 4 6 12 5 12 2 9 11 6 5 2 6 5 5 7 5 6 8 4 5 12 10 6 10 7 10 9 7 7 8 5 8 8 4 8 10 9 7 4 7 9 8 1 10 6 7 8 4 5 8 3 8 9 6 2 9 6 3 7 10 11 3 11 7 9 6 8 10 12 7 4 9 5 11 9 9 10 7 11 11 5 4 
15 15 15 15 15 10 5 13 9 3 10 11 6 3 2 6 9 11 0 8 9 5 0 1 8 13 3 13 6 11 11 4 5 5 9 8 8 8 0 10 5 6 8 13 12 10 6 7 13 13 10 11 10 0 5 6 8 5 9 8 7 1 9 9 9 5 10 10 6 8 6 7 9 3 6 11 9 2 7 10 1 3 10 10 4 13 3 10 3 5 9 11 6 5 10 8 13 13 12 6 3 10 12 6 1 
14 13 13 14 13 9 5 11 7 2 9 9 5 3 2 6 8 10 1 7 7 4 1 0 6 11 2 12 5 10 10 3 3 4 7 6 6 7 2 9 4 5 6 11 10 8 6 6 11 11 8 9 8 1 4 5 7 5 8 7 6 2 7 7 8 4 9 9 4 7 4 6 8 4 5 10 8 2 6 9 1 2 9 9 4 11 3 9 2 5 8 10 4 3 9 6 12 11 11 6 3 9 10 5 1 
9 9 9 9 9 5 9 5 1 4 5 3 6 6 8 9 3 5 7 1 3 6 8 6 0 6 4 5 4 3 4 5 2 4 1 1 1 0 8 5 5 1 2 5 4 4 9 1 5 7 2 5 2 8 6 6 4 6 5 4 2 8 1 3 1 7 4 4 3 1 2 1 2 9 4 3 3 7 6 4 6 6 3 5 9 5 7 2 4 6 4 5 4 2 3 2 5 6 5 8 7 5 4 1 7 
2 12 12 2 12 11 11 5 6 9 3 6 12 10 12 10 3 10 12 4 9 12 13 11 6 0 9 3 10 6 1 8 8 10 6 8 7 5 13 11 8 8 8 3 3 9 10 5 6 11 7 9 4 13 9 7 10 8 3 4 5 13 6 4 5 13 2 9 6 4 8 8 4 15 7 6 8 13 6 9 12 10 2 3 15 5 10 4 9 8 3 1 7 8 3 8 4 9 7 9 11 3 2 7 12 
12 13 13 12 13 9 5 10 6 0 6 8 6 2 3 5 6 9 3 5 7 5 3 2 4 9 0 10 5 8 8 1 2 4 6 5 5 5 3 9 2 4 6 10 8 7 5 3 10 11 7 9 6 3 2 3 7 3 6 4 3 4 6 5 6 6 7 8 2 4 3 5 6 6 2 8 7 4 4 8 3 1 7 6 6 10 2 7 0 2 6 8 2 2 6 6 10 11 10 4 2 6 8 3 3 
4 9 9 4 9 8 13 2 5 10 6 4 11 11 13 13 4 7 13 5 7 12 13 12 5 3 10 0 9 3 3 9 8 10 5 6 6 5 13 8 10 7 6 0 1 7 13 6 3 8 4 6 3 14 11 9 8 10 6 7 6 14 5 5 4 13 3 7 7 5 8 6 4 15 8 3 5 13 9 7 12 11 3 6 15 1 12 2 10 10 5 4 8 8 3 7 0 6 4 12 12 6 1 7 13 
13 8 8 13 8 4 10 8 4 5 9 5 2 7 7 10 7 5 6 5 2 2 6 5 4 10 5 9 0 6 8 6 3 1 4 2 2 4 7 4 7 2 2 9 8 3 10 5 7 6 4 4 5 7 8 8 2 8 9 7 5 6 4 7 5 4 8 4 5 5 2 2 6 6 7 6 3 4 8 4 4 7 7 9 6 8 7 6 5 7 8 9 6 2 7 2 9 7 6 10 8 9 8 3 5 
8 6 6 8 6 5 13 1 2 8 7 0 8 10 12 12 4 4 11 4 4 9 11 10 3 6 8 3 6 0 4 8 6 7 2 3 3 3 12 5 9 5 3 3 3 3 12 5 1 5 1 3 2 12 10 9 5 10 7 7 5 12 2 5 2 10 4 3 7 4 5 4 3 12 8 0 2 11 9 3 10 10 4 7 12 1 11 2 8 9 5 6 7 6 4 4 2 3 1 11 11 7 3 5 11 
4 11 11 4 11 9 11 4 5 8 3 5 11 9 11 10 2 9 11 3 8 11 11 10 4 1 8 3 8 4 0 7 6 9 5 6 6 4 12 9 7 6 6 2 1 8 10 4 5 9 5 8 3 12 8 7 8 7 3 4 4 12 5 2 3 12 1 8 5 3 7 6 2 14 6 5 6 12 6 8 11 9 1 3 13 4 9 3 8 7 2 1 6 7 1 7 3 8 6 9 10 3 1 6 11 
11 13 13 11 13 9 4 10 6 1 5 8 7 1 3 4 5 10 4 4 7 6 4 3 5 8 1 9 6 8 7 0 2 5 6 6 5 5 4 9 1 4 6 9 8 8 4 3 10 11 7 9 6 4 1 2 7 2 5 3 3 5 6 4 6 7 6 9 1 4 4 5 5 7 1 8 7 5 3 9 4 1 6 5 7 10 2 7 0 1 5 7 1 3 6 6 10 11 10 3 2 5 8 4 4 
10 10 10 10 10 6 7 8 3 2 6 5 5 4 5 7 4 7 5 3 5 5 5 3 2 8 2 8 3 6 6 2 0 3 3 3 2 3 5 6 4 1 3 8 6 5 7 2 8 8 4 6 4 5 4 4 5 4 5 4 2 5 4 4 4 5 5 6 2 3 1 2 4 7 3 6 4 5 5 6 4 4 5 6 7 8 4 5 2 4 5 7 2 0 5 3 8 8 7 6 5 6 6 1 5 
13 9 9 13 9 5 9 9 5 4 9 6 2 6 6 9 7 6 5 6 3 2 5 4 4 10 4 10 1 7 9 5 3 0 4 3 3 5 6 5 7 2 3 10 8 4 9 5 8 7 5 6 6 5 7 7 3 7 9 7 5 5 5 7 6 3 8 5 5 6 2 3 6 5 6 7 4 3 8 5 3 6 8 9 5 9 6 7 5 7 8 10 6 2 7 3 9 8 8 9 7 9 9 3 4 
9 7 7 9 7 4 11 4 0 6 6 2 6 8 9 10 3 4 8 3 2 6 9 7 1 6 6 5 4 2 5 6 3 4 0 1 1 1 9 4 7 2 1 5 4 2 10 3 4 5 1 3 1 9 8 7 3 8 6 5 3 9 0 4 1 8 4 3 5 3 3 1 2 10 6 2 1 8 7 3 7 8 3 6 9 4 8 2 6 7 5 6 5 3 3 2 4 4 3 9 9 6 4 2 8 
10 7 7 10 7 3 10 5 1 5 7 3 4 7 8 10 4 4 7 3 2 5 8 6 1 8 5 6 2 3 6 6 3 3 1 0 0 2 8 3 7 1 0 6 5 2 10 3 5 5 1 3 3 8 8 7 2 7 7 6 4 8 1 5 3 6 5 2 5 3 2 0 3 8 6 3 1 7 7 3 6 7 5 7 8 5 8 3 5 7 6 7 5 3 5 0 6 5 4 9 8 7 5 1 7 
10 8 8 10 8 4 10 5 1 5 7 3 4 7 8 10 4 4 7 3 2 5 8 6 1 7 5 6 2 3 6 5 2 3 1 0 0 1 8 4 7 1 0 6 5 2 10 3 5 6 2 3 3 8 7 7 2 7 6 6 3 8 1 4 2 6 5 3 4 3 1 0 3 8 5 3 2 7 7 3 6 7 4 7 8 5 7 3 5 7 5 7 5 2 4 1 6 5 4 9 8 7 5 1 7 
8 8 8 8 8 5 10 4 1 5 5 3 6 7 8 9 2 5 8 1 4 7 8 7 0 5 5 5 4 3 4 5 3 5 1 2 1 0 8 5 6 2 2 5 3 4 9 1 5 7 2 4 1 8 7 6 4 6 5 4 2 8 1 3 1 8 3 4 3 1 2 2 1 10 4 3 2 8 6 4 7 7 3 5 9 4 7 2 5 6 3 5 4 3 2 2 5 6 4 8 8 5 3 1 8 
15 15 15 15 15 11 5 13 9 3 10 11 7 3 1 5 10 12 0 8 9 5 0 2 8 13 3 13 7 12 12 4 5 6 9 8 8 8 0 11 5 7 8 13 12 10 5 7 13 13 10 11 10 0 4 5 9 5 10 8 7 1 9 9 9 5 10 11 6 8 6 8 9 4 6 12 10 3 7 11 2 3 10 10 4 13 2 11 3 5 9 11 6 5 10 8 13 13 13 6 3 10 12 7 1 
13 4 4 13 4 0 14 6 4 9 11 4 4 11 11 14 8 1 10 7 1 6 10 9 5 11 9 8 4 5 9 9 6 5 4 3 4 5 11 0 11 4 3 8 8 1 14 7 5 2 4 1 6 11 11 11 1 11 10 10 8 10 4 8 6 7 9 1 8 7 5 4 7 9 10 4 3 8 11 1 8 10 8 11 9 7 11 6 9 11 9 10 9 6 8 3 8 3 4 13 11 11 8 5 9 
10 15 15 10 15 11 3 10 7 2 5 9 9 2 4 3 5 11 5 5 9 8 5 4 5 8 2 10 7 9 7 1 4 7 7 7 7 6 5 11 0 6 7 9 8 9 3 4 11 13 8 10 7 5 0 0 9 0 4 3 3 6 7 4 6 9 6 10 2 5 5 6 6 9 1 9 8 7 1 10 5 2 6 4 9 10 2 7 2 0 5 6 1 4 6 8 10 12 11 2 2 4 8 5 5 
10 9 9 10 9 5 9 6 2 4 7 4 4 6 7 9 4 5 6 3 3 4 6 5 1 8 4 7 2 5 6 4 1 2 2 1 1 2 7 4 6 0 1 7 6 3 9 2 6 7 3 4 3 7 6 6 3 6 6 5 3 6 2 4 3 5 5 4 3 3 0 0 3 7 5 4 3 5 6 4 5 6 5 7 7 6 6 4 4 6 5 7 4 1 5 2 7 6 6 8 7 7 6 0 6 
10 7 7 10 7 3 11 5 1 6 7 3 4 8 9 10 5 3 8 4 1 5 8 6 2 8 6 6 2 3 6 6 3 3 1 0 0 2 8 3 7 1 0 6 5 1 10 3 5 5 1 3 3 8 8 8 1 8 7 6 4 8 1 5 3 6 6 2 5 4 2 0 4 8 6 3 1 7 8 2 6 7 5 7 8 5 8 4 6 7 6 7 6 3 5 0 6 5 4 10 9 7 5 2 7 
4 9 9 4 9 8 13 2 4 10 5 3 11 11 13 12 3 7 13 5 7 12 13 11 5 3 10 0 9 3 2 9 8 10 5 6 6 5 13 8 9 7 6 0 1 7 12 6 3 8 4 6 3 13 10 9 8 10 5 6 6 13 4 5 3 13 3 6 7 5 7 6 3 15 8 3 5 13 9 7 12 11 3 6 14 1 11 2 9 9 5 4 8 8 3 6 0 6 4 11 12 6 1 6 13 
5 9 9 5 9 8 12 3 3 8 4 3 10 10 11 11 2 7 11 3 6 10 12 10 4 3 8 1 8 3 1 8 6 8 4 5 5 3 12 8 8 6 5 1 0 6 11 4 3 8 4 6 2 12 9 8 7 8 4 5 4 12 3 3 2 11 2 6 6 3 6 5 2 13 6 3 5 11 7 6 10 9 1 4 13 2 10 1 8 8 3 3 6 6 1 6 1 6 4 10 10 4 0 5 11 
11 5 5 11 5 1 13 5 3 7 9 3 4 9 10 12 6 1 9 5 0 6 10 8 4 9 7 7 3 3 8 8 5 4 2 2 2 4 10 1 9 3 1 7 6 0 12 5 4 3 2 1 4 10 10 10 1 10 9 8 6 9 2 7 4 7 7 0 7 5 4 2 5 9 8 3 1 8 10 0 8 9 6 9 9 5 10 4 8 9 8 9 8 5 6 1 6 3 3 12 10 9 6 4 9 
13 18 18 13 18 14 1 14 10 5 7 12 11 3 4 0 8 14 6 8 12 10 6 6 9 10 5 13 10 12 10 4 7 9 10 10 10 9 5 14 3 9 10 12 11 12 0 7 14 16 11 14 10 6 2 3 12 2 7 6 7 7 10 7 9 10 9 13 5 8 8 10 9 10 4 12 12 8 3 13 7 3 9 7 10 13 3 11 4 3 7 9 4 7 9 11 13 15 14 1 2 7 11 8 6 
8 10 10 8 10 7 8 6 3 4 4 4 7 5 7 7 2 7 7 1 5 7 7 6 1 5 3 6 5 5 4 3 2 5 3 3 3 1 7 7 4 2 3 6 4 5 7 0 6 8 4 6 2 7 5 4 5 4 3 2 0 8 3 2 2 8 3 6 1 1 2 3 2 9 3 5 4 7 4 6 6 5 3 4 9 6 5 3 3 4 2 4 2 2 3 4 6 8 6 6 6 4 4 2 7 
8 6 6 8 6 5 15 0 4 10 8 2 9 12 13 14 5 4 13 6 5 10 13 11 5 6 10 3 7 1 5 10 8 8 4 5 5 5 13 5 11 6 5 3 3 4 14 6 0 4 3 4 4 13 12 11 6 11 8 8 7 13 4 7 4 11 6 4 8 6 7 5 4 14 9 1 3 12 11 4 11 12 5 8 13 1 12 3 10 11 7 7 9 8 5 5 2 2 1 13 13 8 4 6 12 
12 1 1 12 1 2 16 5 5 11 12 4 7 13 14 16 9 1 13 8 4 9 13 11 7 11 11 8 6 5 9 11 8 7 5 5 6 7 13 2 13 7 5 8 8 3 16 8 4 0 4 2 7 13 13 13 4 13 11 11 9 13 5 10 7 10 9 2 10 8 7 6 7 12 11 4 4 11 13 2 11 13 9 12 12 6 13 6 11 13 10 11 11 8 9 5 7 1 3 15 14 12 8 7 12 
9 6 6 9 6 4 12 3 1 7 7 1 6 9 10 11 4 3 9 3 2 7 10 8 2 7 7 4 4 1 5 7 4 5 1 1 2 2 10 4 8 3 1 4 4 2 11 4 3 4 0 2 2 10 9 8 3 9 7 6 4 10 0 5 2 8 5 2 6 3 4 2 3 10 7 1 1 9 8 2 8 9 4 7 10 3 9 2 7 8 5 6 6 4 4 2 4 3 2 10 10 7 4 3 9 
11 4 4 11 4 1 14 4 3 9 10 3 6 11 12 14 7 0 11 6 2 7 11 9 5 9 9 6 4 3 8 9 6 6 3 3 3 4 11 1 10 4 3 6 6 1 14 6 4 2 2 0 5 11 11 11 2 11 9 9 7 11 3 8 5 8 7 0 8 6 5 4 5 11 9 3 2 9 11 0 9 11 7 10 10 5 11 5 9 11 8 9 9 6 7 2 6 2 2 13 12 10 6 5 10 
7 8 8 7 8 6 10 3 1 6 5 2 8 8 9 10 2 5 9 2 4 8 10 8 2 4 6 3 5 2 3 6 4 6 1 3 3 1 10 6 7 3 3 3 2 4 10 2 4 7 2 5 0 10 8 7 5 7 4 4 3 10 1 3 0 9 2 4 4 2 4 3 0 11 5 2 3 9 6 5 8 8 2 5 11 3 8 0 6 7 3 4 5 4 1 3 3 5 4 9 9 5 2 3 9 
16 15 15 16 15 11 5 13 9 3 10 11 7 3 2 6 10 12 0 8 9 5 0 1 8 13 3 14 7 12 12 4 5 5 9 8 8 8 0 11 5 7 8 13 12 10 6 7 13 13 10 11 10 0 5 6 9 5 10 8 7 1 9 9 9 5 10 11 6 8 6 8 9 3 6 12 10 3 7 10 2 3 10 10 4 13 3 11 4 5 10 11 6 5 10 8 13 13 13 6 3 10 12 7 1 
11 15 15 11 15 11 2 11 8 2 6 10 9 1 3 2 6 12 4 5 9 8 5 4 6 9 2 11 8 10 8 1 4 7 8 8 7 7 4 11 0 6 8 10 9 10 2 5 12 13 9 11 8 5 0 1 9 0 5 4 4 6 8 5 7 8 7 10 3 5 6 7 7 8 2 10 9 7 2 11 5 1 7 5 8 11 1 8 2 0 6 7 2 5 7 8 11 13 11 1 2 5 9 6 5 
10 15 15 10 15 11 3 10 7 3 4 9 9 2 4 3 5 11 5 5 9 8 6 5 6 7 3 9 8 9 7 2 4 7 7 7 7 6 5 11 0 6 8 9 8 10 3 4 11 13 8 11 7 6 1 0 9 0 4 3 4 7 7 4 6 9 6 10 2 5 5 7 6 9 1 9 9 7 1 10 6 2 6 4 9 10 3 7 2 0 4 6 1 5 6 8 10 12 11 2 3 4 8 5 6 
12 6 6 12 6 1 12 6 3 7 9 4 3 9 9 12 7 2 8 6 0 4 8 7 4 10 7 8 2 5 8 7 5 3 3 2 2 4 9 1 9 3 1 8 7 1 12 5 6 4 3 2 5 9 9 9 0 9 9 8 6 8 3 7 5 5 8 2 7 6 3 2 5 8 8 4 2 7 10 1 7 9 7 9 8 7 9 5 7 9 8 9 7 4 7 1 7 4 5 11 10 9 7 3 8 
11 15 15 11 15 11 3 11 7 3 5 9 9 2 3 2 6 12 5 5 9 8 5 5 6 8 3 10 8 10 7 2 4 7 8 7 7 6 5 11 0 6 8 10 8 10 2 4 11 13 9 11 7 5 0 0 9 0 5 3 4 6 8 5 7 9 6 10 3 5 6 7 6 9 2 10 9 7 1 10 6 2 7 5 9 11 2 8 2 0 5 7 2 5 7 8 10 13 11 1 2 5 9 6 5 
6 13 13 6 13 11 8 7 6 6 0 7 11 7 8 7 2 10 9 3 9 10 9 8 5 3 6 6 9 7 3 5 5 9 6 7 6 5 10 10 4 6 7 5 4 9 7 3 8 11 7 9 4 10 5 4 9 5 0 1 3 10 6 1 4 11 2 9 3 3 6 6 3 12 3 7 8 10 3 9 9 6 3 0 12 7 7 5 6 4 1 1 3 6 3 8 6 10 8 6 7 0 4 5 9 
7 13 13 7 13 10 7 8 5 4 2 7 9 5 7 6 2 10 8 2 8 9 8 7 4 4 4 7 7 7 4 3 4 7 5 6 6 4 8 10 3 5 6 6 5 8 6 2 8 11 6 9 4 8 4 3 8 3 1 0 2 9 5 1 4 10 3 9 2 2 5 6 3 11 2 7 7 9 2 9 8 5 3 1 11 7 5 5 4 3 1 3 2 5 3 7 7 10 8 5 6 1 5 4 8 
8 11 11 8 11 8 7 6 3 4 3 5 7 5 6 7 2 8 7 1 6 7 7 6 2 5 3 6 5 5 4 3 2 5 3 4 3 2 7 8 3 3 4 6 4 6 7 0 7 9 4 7 3 7 4 4 6 4 3 2 0 8 3 1 2 8 3 6 1 1 3 3 2 9 2 5 5 7 3 7 6 5 3 3 9 6 5 3 3 4 2 4 2 3 2 4 6 8 7 6 6 3 4 2 7 
16 14 14 16 14 10 6 13 9 4 11 11 6 4 3 7 10 11 1 9 9 4 1 2 8 13 4 14 6 12 12 5 5 5 9 8 8 8 1 10 6 6 8 13 12 9 7 8 13 13 10 11 10 1 6 7 8 6 10 9 8 0 9 9 9 3 11 10 6 9 6 7 10 2 7 11 9 1 8 10 1 4 11 11 2 13 4 11 4 6 10 12 6 5 11 8 14 13 12 7 4 11 12 7 0 
9 7 7 9 7 4 11 4 0 6 6 1 6 8 9 10 3 4 9 3 3 7 9 7 1 6 6 5 4 2 5 6 4 5 0 1 1 1 9 4 7 2 1 4 3 2 10 3 4 5 0 3 1 9 8 7 3 8 6 5 3 9 0 4 1 8 4 3 5 3 3 1 2 10 6 2 1 8 7 3 7 8 3 6 10 4 8 2 6 7 5 6 5 4 3 2 4 4 3 10 9 6 4 2 8 
6 11 11 6 11 9 8 6 4 5 2 5 9 6 8 7 1 8 8 1 7 9 9 7 3 4 5 5 7 5 2 4 4 7 4 5 4 3 9 8 4 4 5 5 3 7 7 2 7 10 5 8 3 9 5 4 7 5 1 1 1 9 4 0 2 10 1 7 2 1 4 5 2 11 3 5 6 9 3 7 8 6 1 2 11 6 6 3 5 4 0 2 3 4 1 6 5 8 7 6 7 2 3 4 8 
7 9 9 7 9 6 10 4 1 6 5 2 7 7 9 9 1 5 9 1 4 8 9 8 1 5 6 4 5 2 3 6 4 6 1 3 2 1 9 6 6 3 3 3 2 4 9 2 4 7 2 5 0 9 7 6 5 7 4 4 2 9 1 2 0 9 2 4 4 1 3 3 0 11 5 3 3 9 6 5 8 7 2 4 10 4 8 1 6 6 3 4 5 4 2 3 4 6 4 9 8 5 2 2 9 
16 11 11 16 11 7 10 12 8 6 12 9 2 7 7 10 10 8 4 9 6 1 5 4 7 13 6 13 4 10 12 7 5 3 8 6 6 8 5 7 9 5 6 13 11 7 10 8 11 10 8 8 9 5 8 9 5 9 11 10 8 3 8 10 9 0 11 7 7 9 5 6 9 2 8 10 7 2 10 7 3 7 11 12 2 12 7 10 6 9 11 12 8 5 10 6 13 10 10 10 7 12 12 6 4 
5 11 11 5 11 9 10 5 4 7 2 5 10 8 9 9 1 8 10 2 7 10 10 9 4 2 7 3 8 4 1 6 5 8 4 5 5 3 10 9 6 5 6 3 2 7 9 3 6 9 5 7 2 10 7 6 8 6 2 3 3 11 4 1 2 11 0 7 4 2 6 5 2 12 4 5 6 11 5 7 9 8 0 2 12 5 8 2 6 6 1 1 4 6 0 6 4 8 6 8 9 2 2 5 10 
11 4 4 11 4 1 13 4 3 8 9 3 5 10 11 13 6 1 10 6 1 6 10 9 4 9 8 7 4 3 8 9 6 5 3 2 3 4 11 1 10 4 2 6 6 0 13 6 4 2 2 0 4 11 10 10 2 10 9 9 6 10 3 7 4 7 7 0 7 6 5 3 5 10 9 3 1 9 10 0 8 10 6 9 10 5 10 4 8 10 8 9 8 5 6 2 6 2 3 12 11 9 6 4 9 
9 12 12 9 12 8 6 8 4 2 4 6 7 3 5 5 3 9 5 2 7 7 6 4 3 6 2 7 5 7 5 1 2 5 5 5 4 3 6 8 2 3 5 7 6 7 5 1 8 10 6 8 4 6 3 2 7 3 3 2 1 6 5 2 4 7 4 7 0 2 3 4 4 8 1 7 6 6 3 8 5 3 4 4 8 8 4 5 2 2 3 5 0 3 4 5 8 9 8 4 4 4 6 3 6 
7 10 10 7 10 7 8 5 2 5 3 4 7 6 8 8 1 7 8 0 5 8 8 7 1 4 4 5 5 4 3 4 3 6 3 3 3 1 8 7 5 3 4 5 3 5 8 1 6 8 3 6 2 8 5 5 6 5 3 2 1 9 3 1 1 9 2 6 2 0 3 3 1 10 3 4 4 8 4 6 7 6 2 3 10 5 6 2 4 5 2 3 3 3 1 4 5 7 6 7 7 3 3 2 8 
11 9 9 11 9 5 8 7 3 3 7 5 4 5 6 8 5 6 5 3 3 4 6 4 2 8 3 8 2 5 7 4 1 2 3 2 1 2 6 5 5 0 2 7 6 4 8 2 7 7 4 5 4 6 6 5 3 6 6 5 3 6 3 4 3 5 6 5 3 3 0 1 4 7 4 5 3 5 6 5 4 5 5 6 7 7 5 5 3 5 5 7 4 0 5 2 7 7 6 7 6 7 6 0 5 
10 8 8 10 8 4 10 5 1 5 7 3 4 7 8 9 4 4 7 3 2 5 7 6 1 8 5 6 2 4 6 5 2 3 1 0 0 2 8 4 6 0 0 6 5 2 10 3 5 6 2 4 3 8 7 7 2 7 6 6 3 7 1 5 3 6 5 3 4 3 1 0 3 8 5 4 2 6 7 3 6 7 5 7 8 6 7 4 5 7 5 7 5 2 5 1 6 5 5 9 8 7 5 1 7 
7 9 9 7 9 7 10 4 2 6 4 3 8 7 9 9 1 6 9 1 5 8 9 8 2 4 6 4 6 3 2 5 4 6 2 3 3 1 9 7 6 3 4 3 2 5 9 2 4 7 3 5 0 9 7 6 5 6 3 3 2 10 2 2 0 9 2 5 4 1 4 3 0 11 4 3 4 9 6 5 8 7 1 4 11 4 8 1 6 6 2 3 4 4 1 4 4 6 4 8 8 4 2 3 9 
18 14 14 18 14 9 9 14 10 6 13 12 5 7 6 9 12 11 3 10 8 3 3 4 9 15 6 15 6 12 14 7 7 5 10 8 8 10 4 9 9 7 8 15 13 9 10 9 14 12 10 11 11 3 8 9 8 9 12 11 9 2 10 11 11 2 12 10 8 10 7 8 11 0 9 12 10 1 10 10 3 7 12 13 0 14 6 12 6 9 12 14 9 6 12 8 15 13 13 10 7 13 13 8 3 
9 13 13 9 13 10 5 9 6 2 4 7 8 3 5 4 4 10 6 3 8 8 6 5 4 7 2 8 7 8 6 1 3 6 6 6 5 4 6 10 1 5 6 8 6 8 4 3 9 11 7 9 5 6 2 1 8 2 3 2 2 7 6 3 5 8 4 9 1 3 4 5 4 9 0 8 7 7 1 9 6 3 5 3 9 9 3 6 2 1 3 5 0 4 5 7 8 11 9 3 4 3 7 4 6 
8 6 6 8 6 4 13 2 2 8 7 0 8 10 11 12 4 3 11 4 4 9 11 10 3 6 8 3 6 0 5 8 6 7 2 3 3 3 12 4 9 4 3 3 3 3 12 5 1 4 1 3 2 12 10 9 4 10 7 7 5 11 2 5 3 10 5 3 7 4 5 4 3 12 8 0 2 10 9 3 10 10 4 7 12 2 11 2 8 9 6 6 8 6 4 3 3 3 1 12 11 7 3 4 11 
10 6 6 10 6 3 12 4 1 7 8 2 5 9 10 12 5 2 9 4 1 6 9 8 3 8 7 5 3 2 6 7 4 4 1 1 2 2 10 3 8 3 1 5 5 1 12 4 3 4 1 2 3 10 9 9 2 9 8 7 5 9 1 6 3 7 6 1 6 4 3 2 4 10 7 2 0 8 9 1 8 9 5 8 9 4 9 3 7 9 6 7 7 4 5 1 5 3 3 11 10 8 5 3 9 
16 13 13 16 13 8 8 12 8 4 11 10 4 5 4 8 10 9 2 8 7 2 2 2 7 13 4 13 4 11 12 5 5 3 8 7 7 8 3 8 7 5 7 13 11 8 8 7 12 11 9 9 9 3 7 7 7 7 10 9 7 1 8 9 9 2 11 9 6 8 5 6 9 1 7 10 8 0 9 8 1 5 10 11 1 12 5 10 5 7 10 12 7 4 10 7 13 11 11 8 5 11 12 6 1 
9 15 15 9 15 11 4 10 7 4 3 9 10 4 5 3 5 12 7 4 9 9 7 6 6 6 4 9 8 9 6 3 5 8 7 7 7 6 7 11 1 6 8 9 7 10 3 4 11 13 8 11 6 7 2 1 10 1 3 2 3 8 7 3 6 10 5 10 3 4 6 7 6 10 1 9 9 9 0 10 7 4 5 3 10 10 4 7 4 1 4 5 2 5 5 8 9 12 10 2 4 3 7 6 7 
11 4 4 11 4 1 13 5 3 8 10 3 5 10 11 13 7 1 10 6 1 6 10 9 4 9 8 7 4 3 8 9 6 5 3 3 3 4 11 1 10 4 2 7 6 0 13 6 4 2 2 0 5 10 11 10 1 10 9 9 7 10 3 7 5 7 7 0 8 6 5 3 5 10 9 3 1 8 10 0 8 10 7 10 9 5 10 5 8 10 8 9 8 5 7 2 6 3 3 12 11 10 7 4 9 
15 13 13 15 13 8 6 12 7 3 10 9 4 4 3 7 8 9 1 7 7 3 1 1 6 12 3 12 4 10 11 4 4 3 7 6 6 7 2 8 5 5 6 12 10 8 7 6 11 11 8 9 8 2 5 6 7 6 9 8 6 1 7 8 8 3 9 8 5 7 4 6 8 3 6 10 8 1 7 8 0 4 9 9 3 12 4 9 3 6 9 11 5 3 9 6 12 11 11 7 4 9 11 5 0 
13 15 15 13 15 11 3 12 8 1 7 10 8 0 1 3 7 11 3 6 9 7 3 2 6 10 1 11 7 10 9 1 4 6 8 7 7 7 3 10 2 6 7 11 9 9 3 5 12 13 9 11 8 3 1 2 9 2 6 5 5 4 8 6 7 7 8 10 3 6 5 7 7 7 3 10 9 5 4 10 4 0 8 7 7 11 0 9 1 2 7 8 3 4 8 8 11 12 11 3 1 7 10 5 3 
5 10 10 5 10 8 10 4 3 7 3 4 9 8 9 9 0 8 10 2 6 10 10 9 3 2 7 3 7 4 1 6 5 8 3 5 4 3 10 8 6 5 5 3 1 6 9 3 5 9 4 7 2 10 7 6 7 7 3 3 3 11 3 1 2 11 0 6 4 2 5 5 1 12 5 4 5 10 5 7 9 8 0 3 12 4 8 2 6 6 1 2 5 5 0 5 3 7 5 8 9 3 1 4 10 
6 14 14 6 14 11 8 8 6 6 0 7 11 7 8 7 3 10 9 3 9 11 10 9 5 3 6 6 9 7 3 5 6 9 6 7 7 5 10 11 4 7 7 6 4 9 7 4 8 12 7 10 5 10 5 4 9 5 0 1 3 11 6 2 4 12 2 9 4 3 6 7 4 13 3 7 8 11 3 10 9 7 3 0 12 7 7 5 6 4 1 1 4 6 3 8 6 10 8 6 7 0 4 6 10 
18 13 13 18 13 9 9 14 9 6 13 11 4 7 6 10 11 10 4 10 8 3 4 4 9 15 6 15 6 12 13 7 7 5 9 8 8 9 4 9 9 7 8 14 13 9 10 9 13 12 10 10 11 4 8 9 8 9 12 11 9 2 10 11 10 2 12 10 8 10 7 8 11 0 9 12 9 1 10 9 3 7 12 12 0 14 7 12 6 9 12 14 8 6 12 8 14 13 13 10 7 13 13 8 3 
6 7 7 6 7 7 14 0 4 10 7 2 10 12 13 13 4 5 13 5 6 11 13 11 5 5 10 1 8 1 4 10 8 9 4 5 5 4 13 7 10 6 5 1 2 5 13 6 1 6 3 5 3 13 11 10 7 11 7 7 6 13 4 6 4 12 5 5 8 5 7 6 4 14 9 2 4 12 10 5 12 11 4 7 14 0 12 2 10 10 6 6 9 8 4 6 1 4 2 12 12 7 2 6 12 
13 15 15 13 15 11 3 12 8 2 7 10 8 0 1 3 7 12 3 6 9 7 3 3 7 10 2 12 7 11 9 2 4 6 8 8 7 7 2 11 2 6 8 11 10 10 3 5 12 13 9 11 8 3 1 3 9 2 7 5 5 4 8 6 8 7 8 10 4 6 5 7 8 6 3 11 9 5 4 10 4 0 8 7 7 12 0 9 2 2 7 9 3 5 8 8 12 13 12 3 0 7 10 6 3 
6 8 8 6 8 6 11 2 2 7 5 2 8 9 10 11 2 5 10 2 5 9 10 9 2 4 7 2 6 2 3 7 5 7 2 3 3 2 11 6 7 4 4 2 1 4 11 3 3 6 2 5 0 11 8 7 5 8 5 5 3 11 2 3 1 10 2 4 5 2 5 4 1 12 6 2 3 10 7 5 9 9 2 5 12 2 9 0 7 8 3 4 6 5 2 4 2 5 3 10 10 5 1 4 10 
11 13 13 11 13 9 4 10 6 0 6 8 6 1 3 4 6 10 3 4 7 6 3 2 4 9 0 10 5 8 8 0 2 5 6 5 5 5 3 9 2 4 6 9 8 8 4 3 10 11 7 9 6 4 2 2 7 2 6 4 3 4 6 5 6 6 6 8 2 4 3 5 6 6 2 8 7 5 4 8 3 1 6 6 6 10 2 7 0 2 5 7 2 3 6 6 10 11 10 4 2 6 8 4 3 
10 15 15 10 15 11 3 10 7 2 5 9 9 2 4 3 6 11 5 5 9 8 5 5 6 8 2 10 7 9 7 1 4 7 7 7 7 6 5 11 0 6 7 9 8 9 3 4 11 13 8 11 7 5 0 0 9 0 4 3 4 6 7 4 6 9 6 10 2 5 5 7 6 9 1 9 9 7 1 10 6 2 6 4 9 10 2 8 2 0 5 6 1 5 6 8 10 12 11 2 2 5 8 5 6 
6 12 12 6 12 9 8 6 4 6 1 6 10 7 8 7 1 9 9 2 8 10 9 8 4 3 6 5 8 5 2 5 5 8 5 6 5 3 9 9 5 5 6 5 3 8 7 2 7 10 5 8 3 10 6 4 8 5 1 1 2 10 5 0 3 11 1 8 3 2 5 5 2 12 3 6 6 10 4 8 9 7 1 1 12 6 7 3 5 5 0 1 3 5 1 6 5 9 7 6 7 1 3 4 9 
4 13 13 4 13 11 10 6 6 8 1 6 11 8 10 9 2 10 11 3 9 12 11 10 5 1 8 4 9 6 1 7 7 10 6 7 7 5 11 10 6 7 7 4 3 9 9 4 7 11 6 9 4 11 7 6 9 7 1 3 4 12 6 2 4 12 1 9 5 3 7 7 3 14 5 6 7 12 5 9 11 8 2 1 14 6 9 4 7 6 1 0 5 7 2 8 5 9 7 8 9 1 3 6 11 
9 13 13 9 13 9 5 9 5 2 4 7 8 3 4 4 4 9 5 3 7 7 6 4 4 7 2 8 6 7 6 1 2 6 5 5 5 4 6 9 1 4 6 8 6 8 4 2 9 11 6 9 5 6 2 1 7 2 3 2 2 6 5 3 5 8 4 8 0 3 4 5 4 9 0 8 7 7 2 8 5 3 5 4 8 9 3 6 2 1 3 5 0 3 4 6 8 10 9 4 4 4 6 4 6 
11 10 10 11 10 6 7 8 3 2 7 5 4 4 5 7 5 7 5 3 4 4 5 3 2 8 2 8 2 6 7 3 0 2 3 3 2 3 5 6 4 1 3 8 6 5 7 2 8 8 4 6 4 5 5 5 4 5 6 5 3 5 4 4 4 5 6 5 3 3 0 2 4 6 4 6 4 4 5 5 3 4 5 6 6 8 5 5 3 5 5 7 3 0 5 3 8 8 7 7 5 6 7 1 4 
5 10 10 5 10 8 10 4 3 6 3 4 9 8 9 9 0 7 10 1 6 9 10 9 3 3 6 3 7 4 1 6 5 7 3 5 4 2 10 8 6 5 5 3 1 6 9 3 5 9 4 7 1 10 7 6 7 7 3 3 2 11 3 1 2 10 0 6 4 1 5 5 1 12 5 4 5 10 5 7 9 8 0 3 12 4 8 2 6 6 1 2 4 5 0 5 3 7 5 8 9 3 2 4 10 
11 7 7 11 7 3 11 5 2 6 8 3 4 8 9 11 5 3 8 4 1 5 8 6 2 8 6 7 2 4 7 6 3 3 2 0 1 2 8 3 8 2 0 6 6 1 11 4 5 5 2 2 3 8 8 8 1 8 8 7 4 8 2 6 3 6 6 2 5 4 2 1 4 8 7 3 1 7 8 2 6 8 5 8 8 6 8 4 6 8 6 8 6 3 5 0 6 4 4 10 9 8 6 2 7 
5 8 8 5 8 8 14 1 4 10 6 3 11 11 13 13 4 7 13 5 7 11 13 12 5 4 10 0 9 2 3 10 8 9 4 6 6 5 13 8 10 7 6 0 1 6 13 6 2 7 4 6 3 13 11 10 7 10 6 7 6 14 4 5 4 13 4 6 8 5 7 6 4 15 8 3 5 13 9 6 12 11 3 6 14 1 12 2 10 10 5 5 8 8 3 6 0 5 3 12 12 6 1 6 13 
11 3 3 11 3 3 16 3 5 11 10 3 8 13 14 15 7 2 13 7 4 9 13 11 6 9 11 6 7 3 8 11 8 8 4 5 5 6 13 3 12 6 5 6 6 3 15 8 2 1 3 2 5 13 13 12 4 13 10 10 8 13 4 8 6 10 8 2 9 7 7 5 6 13 11 3 3 11 12 3 11 12 7 10 13 4 13 5 11 12 9 9 10 8 7 4 5 0 2 14 14 10 6 7 12 
9 5 5 9 5 4 14 1 3 10 8 1 8 12 13 14 5 3 12 6 4 9 12 11 5 7 10 4 6 1 6 10 7 8 3 4 4 4 13 4 11 6 4 4 4 3 14 6 1 3 2 2 4 13 11 11 5 11 8 8 7 12 3 7 4 10 6 3 8 6 6 5 4 13 9 1 3 11 10 3 11 11 5 8 13 2 12 3 10 11 7 7 9 7 5 4 3 2 0 13 12 9 4 6 12 
12 17 17 12 17 13 2 13 9 4 6 11 11 3 4 1 7 13 6 7 11 10 6 6 8 9 4 12 10 11 9 3 6 9 9 9 9 8 6 13 2 8 10 11 10 12 1 6 13 15 10 13 9 6 1 2 11 1 6 5 6 7 10 6 9 10 8 12 4 7 7 9 8 10 3 12 11 8 2 12 7 3 8 6 10 12 3 10 4 2 6 8 4 7 8 10 12 14 13 0 3 6 10 7 7 
13 16 16 13 16 12 2 13 9 2 8 11 8 0 1 2 8 12 3 7 10 7 3 3 7 11 2 12 8 11 10 2 5 7 9 8 8 8 3 11 2 7 9 12 10 10 2 6 13 14 10 12 9 3 2 3 10 2 7 6 6 4 9 7 8 7 9 11 4 7 6 8 8 7 4 11 10 5 4 11 4 1 9 7 7 12 0 10 2 2 7 9 4 5 9 9 12 14 12 3 0 7 11 6 4 
5 14 14 5 14 11 8 8 6 6 0 7 11 7 8 7 3 11 10 3 9 11 10 9 5 3 6 6 9 7 3 5 6 9 6 7 7 5 10 11 4 7 7 6 4 9 7 4 8 12 7 10 5 10 5 4 9 5 0 1 3 11 6 2 5 12 2 9 4 3 7 7 4 13 3 7 8 11 3 10 9 7 3 0 13 7 7 5 6 5 1 1 4 6 3 8 6 10 9 6 7 0 4 6 10 
4 9 9 4 9 8 12 3 4 8 4 3 10 10 11 11 2 7 11 3 7 11 12 10 4 2 8 1 8 3 1 8 6 9 4 5 5 3 12 8 8 6 5 1 0 6 11 4 4 8 4 6 2 12 9 8 7 9 4 5 4 12 4 3 2 12 2 6 6 3 6 5 2 13 7 3 5 12 7 7 11 10 1 4 13 2 10 1 8 8 3 3 6 7 2 6 1 6 4 10 11 4 0 5 11 
10 9 9 10 9 5 9 6 2 4 6 4 5 6 7 8 4 5 6 2 3 5 6 5 1 7 3 7 3 5 6 4 1 3 2 1 1 1 7 5 5 0 2 6 5 4 8 2 6 7 3 5 3 7 6 5 3 6 5 4 2 7 2 4 2 6 5 4 3 2 0 1 3 8 4 4 3 6 6 4 5 5 4 6 8 6 6 4 4 5 4 6 4 1 4 2 6 7 6 7 6 6 5 0 6 
15 14 14 15 14 9 6 12 8 3 10 10 5 3 3 6 9 10 0 8 8 4 1 1 7 12 3 13 5 11 11 4 5 4 8 7 7 8 1 9 5 6 7 13 11 9 6 7 12 12 9 10 9 1 5 6 8 5 9 8 7 0 8 8 9 4 10 9 6 8 5 7 9 3 6 11 9 1 7 9 0 3 10 10 3 12 3 10 3 6 9 11 6 4 10 7 13 12 12 7 4 10 11 6 0 
