100 6188.03 0 1680 7 240
26.76 94.66 64.84 14.83 35.2 90.65 25.0 37.01 57.62 30.84 7.62 8.06 68.22 82.38 17.7 59.48 68.66 17.34 35.85 4.43 51.43 63.46 27.22 53.04 64.73 62.96 94.64 48.68 74.29 5.82 59.35 81.8 36.23 15.26 75.04 4.64 19.31 85.29 7.88 74.28 9.28 85.76 86.19 58.25 83.09 15.22 27.74 19.7 19.62 41.04 3.78 50.91 82.82 95.64 68.93 57.24 23.7 35.92 15.05 57.93 75.65 60.63 39.48 14.06 59.94 80.54 75.61 6.36 82.89 97.22 30.69 5.96 69.16 30.36 73.99 53.03 30.04 68.79 31.93 83.54 47.85 25.74 48.62 72.89 73.3 61.26 61.19 6.83 45.89 83.87 14.32 61.26 27.59 63.3 3.15 91.79 79.38 85.3 9.98 74.34 
58.45 65.1 16.51 47.29 86.77 28.57 57.95 29.46 25.74 79.44 55.16 78.5 59.31 52.21 24.7 78.28 21.03 82.84 14.05 70.93 41.7 42.18 56.32 47.2 39.44 80.51 62.56 88.73 83.94 25.84 54.21 69.64 35.6 78.15 13.52 42.42 47.82 32.87 52.57 36.81 58.96 11.95 45.05 59.13 55.64 44.69 36.68 23.4 55.49 59.2 16.27 42.75 13.47 72.09 64.28 81.98 63.43 11.27 23.47 33.97 28.91 40.35 80.35 58.35 72.06 85.26 74.62 55.78 62.46 66.35 12.45 21.7 33.07 16.38 86.21 58.28 87.9 65.53 70.54 75.17 31.57 24.25 72.12 34.26 11.7 31.39 11.25 83.24 22.64 14.94 51.92 53.78 53.78 14.25 87.29 54.77 68.59 63.21 52.06 23.43 
3 9 6 2 4 9 3 4 6 3 1 1 7 8 2 6 7 2 4 1 5 6 3 5 6 6 9 5 7 1 6 8 4 2 7 1 2 8 1 7 1 8 8 6 8 2 3 2 2 4 1 5 8 9 7 6 3 4 2 6 7 6 4 2 6 8 7 1 8 9 3 1 7 3 7 5 3 7 3 8 5 3 5 7 7 6 6 1 5 8 2 6 3 6 1 9 8 8 1 7 
1 2 3 4 5 6 7 8 9 10 11 12 13 14 15 16 17 18 19 20 21 22 23 24 25 26 27 28 29 30 31 32 33 34 35 36 37 38 39 40 41 42 43 44 45 46 47 48 49 50 51 52 53 54 55 56 57 58 59 60 61 62 63 64 65 66 67 68 69 70 71 72 73 74 75 76 77 78 79 80 81 82 83 84 85 86 87 88 89 90 91 92 93 94 95 96 97 98 99 100 
3 2 1 3 1 2 3 1 1 3 1 1 2 3 3 1 2 3 1 1 1 1 3 1 1 1 2 1 2 1 1 3 1 3 2 1 3 3 1 2 1 3 3 1 3 3 3 3 3 1 1 1 3 2 2 1 3 1 3 1 2 1 1 3 1 3 2 1 3 2 3 1 2 3 2 1 3 2 3 3 1 3 1 2 2 1 1 1 1 3 3 1 3 1 1 2 3 3 1 2 
3 3 3 3 3 3 3 3 3 3 2 2 2 1 3 3 2 3 3 2 1 3 3 1 3 3 3 1 2 2 3 1 3 3 2 2 3 1 2 2 2 1 1 3 1 3 3 3 3 3 2 1 1 3 2 3 3 3 3 3 2 3 3 3 3 1 2 2 1 3 3 2 2 3 2 1 3 2 3 1 1 3 1 2 2 3 3 2 1 1 3 3 3 3 2 3 1 1 2 2 
7 6 3 9 8 1 7 1 3 6 6 7 1 3 8 1 10 6 9 4 5 4 10 4 2 9 5 9 6 7 3 5 1 10 8 6 7 1 2 2 10 8 7 5 6 5 7 4 3 10 6 2 2 7 5 6 3 8 2 8 5 2 9 9 9 3 4 9 6 4 1 3 8 3 2 8 3 7 3 7 4 1 7 7 2 3 2 10 7 4 4 5 5 2 3 7 3 1 4 4 
4162.76 4088.23 3574.74 4163.28 3935.17 4178.88 4908.64 4160.66 4121.57 4165.7 4002.64 3849.62 4011.48 3467.56 4057.04 4487.03 3856.58 3733.46 4085.6 4461.03 4803.56 4309.58 3937.3 3900.34 4665.23 4092.96 4767.08 4050.98 4174.08 4797.0 4081.41 4799.83 3941.48 3954.83 4347.27 3844.88 4330.13 4322.42 4810.27 4539.26 3881.23 3921.99 4744.2 4802.85 3962.88 4799.46 4591.97 3949.0 3943.52 3862.3 4047.48 4561.13 4774.6 3846.75 4806.18 4080.77 4082.93 4207.01 4692.16 4278.89 4779.67 4718.08 3998.65 3966.26 4001.17 4105.4 4068.93 3954.81 4029.83 4584.25 4164.25 3485.4 4303.69 3396.64 4651.84 4328.72 3752.7 4725.51 3384.31 4910.25 4452.3 4248.81 4595.77 4351.16 4744.95 4136.54 4785.87 3935.05 3945.59 4013.07 4042.39 4800.73 4797.85 4632.46 3998.13 4394.67 4116.31 4522.56 3994.83 4451.26 
0.84 0.35 0.72 0.43 0.5 0.62 0.85 0.62 0.64 0.41 0.41 0.83 0.62 0.63 0.19 0.63 0.37 0.41 0.3 0.21 0.76 0.57 0.34 0.22 0.74 0.37 0.67 0.33 0.41 0.83 0.68 0.74 0.61 0.22 0.23 0.19 0.83 0.65 0.8 0.73 0.41 0.62 0.84 0.68 0.44 0.66 0.82 0.48 0.68 0.38 0.24 0.81 0.81 0.81 0.72 0.41 0.61 0.67 0.77 0.55 0.66 0.8 0.48 0.49 0.49 0.53 0.47 0.35 0.4 0.6 0.63 0.73 0.62 0.74 0.71 0.24 0.64 0.82 0.74 0.85 0.62 0.62 0.82 0.86 0.72 0.73 0.73 0.2 0.86 0.53 0.31 0.77 0.67 0.76 0.55 0.86 0.65 0.61 0.57 0.56 
0.74 0.65 0.93 0.67 0.67 0.84 0.97 0.73 0.85 0.96 0.92 0.85 0.86 0.86 0.92 0.55 0.9 0.64 0.97 1.0 0.68 0.77 0.76 0.56 0.88 0.58 0.62 0.87 0.73 0.73 0.62 1.0 0.96 0.9 0.94 0.69 0.87 0.95 0.82 0.57 0.81 0.51 0.88 0.69 0.5 0.89 0.72 0.74 1.0 0.67 0.65 1.0 0.69 0.57 0.76 0.8 0.63 1.0 1.0 0.68 0.5 0.69 0.69 0.96 1.0 1.0 0.85 1.0 0.86 0.83 0.81 0.53 0.56 1.0 0.82 0.71 0.66 0.77 1.0 0.55 0.94 0.83 0.74 0.54 0.7 0.7 0.95 1.0 1.0 0.75 0.53 0.82 0.53 0.97 0.96 0.83 0.54 0.71 0.98 0.97 
1.0 0.64 1.0 0.91 0.94 0.58 1.0 0.96 0.58 0.85 0.62 0.55 0.86 1.0 0.95 0.62 1.0 0.74 0.9 0.66 0.82 0.84 1.0 1.0 0.6 0.65 0.72 1.0 1.0 0.68 0.91 1.0 1.0 0.73 0.8 0.53 0.53 0.58 0.52 1.0 1.0 0.59 0.64 0.78 0.8 0.53 0.94 0.96 1.0 0.91 0.67 0.55 0.98 0.68 0.81 0.96 1.0 0.65 0.75 1.0 1.0 0.57 0.94 0.77 1.0 0.78 0.7 0.56 1.0 0.9 0.92 1.0 0.94 0.79 0.98 1.0 0.76 0.73 1.0 0.55 0.92 0.95 0.96 0.83 0.77 0.63 0.74 0.66 1.0 0.56 0.54 0.59 0.81 0.65 0.73 0.96 1.0 0.74 1.0 0.66 
0.86 0.9 0.74 0.79 0.51 0.64 0.51 0.5 0.7 0.63 0.98 0.58 0.58 0.94 0.82 1.0 0.89 0.52 0.82 0.8 0.7 0.82 0.93 1.0 0.69 0.65 1.0 0.8 0.78 0.6 0.62 0.52 0.97 0.87 0.72 0.8 0.51 0.59 0.71 0.97 0.78 0.88 1.0 0.59 0.64 0.95 0.63 0.55 0.95 0.73 0.89 0.83 0.66 0.51 0.89 0.64 1.0 1.0 0.74 0.79 1.0 0.74 0.82 0.85 0.86 0.73 1.0 0.81 0.63 1.0 1.0 0.5 0.96 0.74 1.0 0.89 0.98 1.0 1.0 0.68 1.0 0.83 0.93 0.64 1.0 1.0 0.82 0.74 0.85 1.0 0.57 0.93 0.85 0.78 0.84 0.63 0.56 0.78 0.82 0.94 
0.68 0.54 1.0 0.55 0.64 0.7 0.51 0.76 0.9 0.66 0.7 0.55 0.94 1.0 0.84 1.0 0.91 0.7 0.94 0.72 1.0 0.89 0.84 0.65 1.0 0.78 1.0 0.51 0.52 0.56 0.84 0.74 1.0 0.67 0.6 0.72 0.86 0.8 0.66 0.9 0.89 0.89 0.76 1.0 0.63 0.94 0.61 0.87 0.91 0.81 0.55 0.5 1.0 0.66 0.88 0.55 0.69 0.71 0.87 1.0 0.91 1.0 0.99 0.98 0.78 0.55 0.53 0.59 0.94 0.79 0.99 0.58 0.59 1.0 0.7 0.94 0.73 0.92 0.96 0.81 0.86 0.81 0.54 0.85 1.0 1.0 1.0 0.98 0.91 0.54 0.59 0.99 1.0 0.56 0.67 0.99 0.95 0.61 0.95 0.59 
1.0 0.5 0.53 0.54 0.53 1.0 0.56 0.73 0.58 0.52 0.91 0.69 0.96 0.62 0.95 0.71 0.64 0.59 1.0 0.81 0.76 0.61 0.58 0.51 0.63 0.85 0.68 1.0 0.74 0.6 1.0 0.83 0.63 0.67 0.84 0.82 0.89 0.93 0.81 1.0 0.68 0.76 1.0 1.0 1.0 1.0 0.58 0.74 0.69 0.62 0.96 0.62 0.51 0.69 1.0 1.0 0.92 1.0 0.53 0.84 0.5 0.86 0.57 0.7 0.89 0.82 0.86 0.87 1.0 0.82 0.53 0.56 0.92 1.0 0.8 0.66 1.0 0.7 0.77 0.97 0.76 0.64 0.53 1.0 0.77 1.0 0.72 1.0 0.75 1.0 0.65 0.86 0.67 1.0 0.68 0.7 0.81 0.72 0.6 0.81 
0.43 0.1 0.36 0.14 0.11 0.22 0.14 0.2 0.18 0.18 0.35 0.1 0.38 0.5 0.56 0.24 0.46 0.1 0.66 0.31 0.29 0.29 0.35 0.19 0.23 0.16 0.3 0.36 0.22 0.1 0.3 0.32 0.58 0.26 0.28 0.18 0.18 0.25 0.16 0.5 0.38 0.18 0.43 0.32 0.16 0.42 0.15 0.26 0.59 0.22 0.2 0.14 0.23 0.09 0.48 0.27 0.39 0.46 0.26 0.45 0.23 0.25 0.3 0.43 0.59 0.26 0.27 0.23 0.51 0.48 0.39 0.09 0.28 0.59 0.46 0.4 0.36 0.36 0.74 0.16 0.56 0.33 0.19 0.25 0.42 0.44 0.42 0.48 0.57 0.22 0.06 0.38 0.25 0.27 0.27 0.35 0.23 0.18 0.45 0.29 
579.12 924.32 765.39 1297.86 780.07 1435.83 622.32 1474.65 852.43 1054.52 962.58 644.36 1617.09 823.23 665.34 1548.75 1174.12 912.43 1432.16 1507.19 1739.25 1994.77 1150.81 1934.44 788.25 1224.95 1548.64 1298.43 1005.97 643.94 1055.53 1772.71 1414.62 952.25 570.63 926.42 654.18 1031.61 797.09 868.96 1154.47 1103.62 599.83 1614.43 1022.88 1742.59 613.14 1838.95 991.62 1209.64 862.85 787.53 726.18 576.5 1491.96 901.58 963.25 753.16 730.85 767.36 1785.44 628.02 952.45 1203.52 1304.02 963.63 1879.99 1607.23 959.54 2054.19 1113.53 1086.63 778.53 922.02 752.66 652.26 1083.2 570.96 1125.91 591.44 1839.61 1624.23 573.33 525.16 696.72 913.22 734.04 978.22 667.79 1728.92 1571.61 1505.2 1675.58 847.17 747.5 713.6 876.36 1346.73 2054.37 1831.34 
240.38 88.13 313.48 193.93 80.75 368.94 91.35 266.42 167.81 160.6 285.88 53.38 582.39 401.9 342.58 385.82 619.21 78.09 939.66 495.72 475.99 506.19 441.04 371.93 195.62 165.13 523.61 393.29 234.86 80.37 283.26 565.78 886.01 256.68 153.07 198.47 131.72 233.61 128.92 468.93 466.19 228.23 268.49 543.16 172.75 761.35 107.72 484.47 642.65 239.78 164.2 120.46 149.99 50.16 699.83 227.71 383.88 326.1 220.93 338.02 371.39 142.39 236.86 502.29 795.84 262.25 440.98 379.22 437.62 962.83 384.77 125.07 236.58 517.82 337.24 234.41 409.14 204.14 842.64 115.59 1096.3 540.47 105.65 134.74 308.03 401.18 307.38 452.58 375.03 398.13 80.96 588.12 396.23 211.79 174.7 286.16 222.96 242.29 1048.22 532.61 
2395.61 4121.6 3326.95 5989.3 3400.34 6679.13 2611.59 6873.27 3762.16 4772.6 4312.92 2721.81 7585.43 3616.16 2826.71 7243.76 5370.59 4062.16 6660.82 7035.94 8196.25 9473.83 5254.07 9172.22 3441.24 5624.76 7243.22 5992.13 4529.86 2719.68 4777.64 8363.54 6573.12 4261.23 2353.15 4132.12 2770.89 4658.06 3485.43 3844.8 5272.35 5018.08 2499.13 7572.14 4614.41 8212.94 2565.7 8694.77 4458.1 5548.21 3814.27 3437.67 3130.89 2382.51 6959.78 4007.88 4316.25 3265.79 3154.24 3336.82 8427.22 2640.08 4262.23 5517.6 6020.09 4318.13 8899.97 7536.15 4297.7 9770.97 5067.66 4933.15 3392.65 4110.12 3263.31 2761.29 4915.98 2354.82 5129.54 2457.21 8698.06 7621.15 2366.63 2125.82 2983.59 4066.12 3170.18 4391.12 2838.97 8144.61 7358.05 7026.0 7877.89 3735.86 3237.51 3068.02 3881.8 6233.63 9771.87 8656.71 
701.88 -59.36 1067.42 469.67 -96.25 1344.68 -43.23 832.09 339.05 303.02 929.4 -233.08 2411.93 1509.5 1212.89 1429.1 2596.05 -109.53 4198.32 1978.61 1879.96 2030.94 1705.18 1359.66 478.08 325.63 2118.06 1466.45 674.3 -98.16 916.3 2328.88 3930.03 783.38 265.35 492.37 158.62 668.04 144.62 1844.63 1830.95 641.14 842.43 2215.82 363.75 3306.76 38.61 1922.34 2713.27 698.91 321.0 102.29 249.97 -249.22 2999.13 638.57 1419.42 1130.52 604.65 1190.12 1356.96 211.95 684.3 2011.44 3479.22 811.25 1704.91 1396.11 1688.12 4314.14 1423.85 125.35 682.9 2089.1 1186.2 672.03 1545.71 520.71 3713.2 77.96 4981.5 2202.37 28.24 173.68 1040.14 1505.91 1036.9 1762.92 1375.15 1490.63 -95.18 2440.58 1481.16 558.96 373.49 930.8 614.8 711.45 4741.12 2163.04 
166.51 122.65 71.49 166.53 78.7 125.37 196.35 83.21 82.43 166.63 80.05 76.99 120.34 138.7 162.28 89.74 115.7 149.34 81.71 89.22 96.07 86.19 157.49 78.01 93.3 81.86 143.01 81.02 125.22 95.94 81.63 191.99 78.83 158.19 130.42 76.9 173.21 172.9 96.21 136.18 77.62 156.88 189.77 96.06 158.52 191.98 183.68 157.96 157.74 77.25 80.95 91.22 190.98 115.4 144.19 81.62 163.32 84.14 187.69 85.58 143.39 94.36 79.97 158.65 80.02 164.22 122.07 79.1 161.19 137.53 166.57 69.71 129.11 135.87 139.56 86.57 150.11 141.77 135.37 196.41 89.05 169.95 91.92 130.53 142.35 82.73 95.72 78.7 78.91 160.52 161.7 96.01 191.91 92.65 79.96 131.84 164.65 180.9 79.9 133.54 
35 23 10 35 11 23 42 11 11 35 11 10 22 29 34 12 22 32 11 12 13 12 33 11 13 11 27 11 23 13 11 41 11 33 24 10 37 37 13 25 11 33 40 13 33 41 39 33 33 11 11 13 40 21 27 11 34 12 40 12 27 13 11 33 11 35 23 11 34 26 35 9 24 29 26 12 32 27 29 42 12 36 13 24 27 11 13 11 11 34 34 13 41 13 11 25 35 38 11 25 
27 117 129 129 104 124 149 198 126 75 189 45 87 136 219 104 36 141 13 183 117 154 91 79 114 35 116 63 204 135 175 46 215 208 29 42 57 54 64 181 111 43 150 161 138 210 11 157 95 133 220 232 141 65 12 155 135 37 80 195 109 145 137 5 40 136 54 125 221 171 139 46 221 68 34 83 17 95 111 143 228 60 196 197 82 58 71 149 0 76 40 79 194 212 95 26 165 41 116 146 
113 240 175 179 240 240 222 240 225 240 226 240 240 240 240 159 240 240 200 240 240 240 240 240 226 76 154 240 240 240 240 189 240 240 142 163 213 188 110 240 214 235 232 240 240 240 53 181 225 240 240 240 240 119 199 240 216 101 193 219 240 222 240 64 191 240 197 240 240 240 240 202 240 118 216 217 54 240 240 240 240 240 240 240 177 130 232 204 81 240 68 240 240 240 229 240 240 140 188 201 
10
0.0 0.0 0.0 0.0 0.0 0.0 0.0 0.0 0.0 0.0 
0.0 0.0 0.0 0.0 0.0 0.0 100.0 0.0 0.0 100.0 
0 0 0 0 0 0 14 0 0 14 9 16 9 7 13 13 9 6 9 12 7 11 12 13 4 14 10 12 5 10 9 10 8 10 10 14 16 14 16 3 11 15 7 11 10 6 7 13 7 11 8 12 13 11 14 6 6 4 8 10 2 9 11 17 13 14 9 5 3 9 11 10 12 8 13 16 15 8 14 16 4 3 10 4 16 11 13 13 11 16 8 5 12 11 10 9 8 11 7 12 7 11 8 9 12 15 14 15 7 11 
0 0 0 0 0 0 14 0 0 14 9 16 9 7 13 13 9 6 9 12 7 11 12 13 4 14 10 12 5 10 9 10 8 10 10 14 16 14 16 3 11 15 7 11 10 6 7 13 7 11 8 12 13 11 14 6 6 4 8 10 2 9 11 17 13 14 9 5 3 9 11 10 12 8 13 16 15 8 14 16 4 3 10 4 16 11 13 13 11 16 8 5 12 11 10 9 8 11 7 12 7 11 8 9 12 15 14 15 7 11 
0 0 0 0 0 0 14 0 0 14 9 16 9 7 13 13 9 6 9 12 7 11 12 13 4 14 10 12 5 10 9 10 8 10 10 14 16 14 16 3 11 15 7 11 10 6 7 13 7 11 8 12 13 11 14 6 6 4 8 10 2 9 11 17 13 14 9 5 3 9 11 10 12 8 13 16 15 8 14 16 4 3 10 4 16 11 13 13 11 16 8 5 12 11 10 9 8 11 7 12 7 11 8 9 12 15 14 15 7 11 
0 0 0 0 0 0 14 0 0 14 9 16 9 7 13 13 9 6 9 12 7 11 12 13 4 14 10 12 5 10 9 10 8 10 10 14 16 14 16 3 11 15 7 11 10 6 7 13 7 11 8 12 13 11 14 6 6 4 8 10 2 9 11 17 13 14 9 5 3 9 11 10 12 8 13 16 15 8 14 16 4 3 10 4 16 11 13 13 11 16 8 5 12 11 10 9 8 11 7 12 7 11 8 9 12 15 14 15 7 11 
0 0 0 0 0 0 14 0 0 14 9 16 9 7 13 13 9 6 9 12 7 11 12 13 4 14 10 12 5 10 9 10 8 10 10 14 16 14 16 3 11 15 7 11 10 6 7 13 7 11 8 12 13 11 14 6 6 4 8 10 2 9 11 17 13 14 9 5 3 9 11 10 12 8 13 16 15 8 14 16 4 3 10 4 16 11 13 13 11 16 8 5 12 11 10 9 8 11 7 12 7 11 8 9 12 15 14 15 7 11 
0 0 0 0 0 0 14 0 0 14 9 16 9 7 13 13 9 6 9 12 7 11 12 13 4 14 10 12 5 10 9 10 8 10 10 14 16 14 16 3 11 15 7 11 10 6 7 13 7 11 8 12 13 11 14 6 6 4 8 10 2 9 11 17 13 14 9 5 3 9 11 10 12 8 13 16 15 8 14 16 4 3 10 4 16 11 13 13 11 16 8 5 12 11 10 9 8 11 7 12 7 11 8 9 12 15 14 15 7 11 
14 14 14 14 14 14 0 14 14 0 7 14 15 7 5 16 6 11 13 5 6 3 11 13 11 9 14 3 13 4 11 12 7 10 12 9 14 7 10 10 10 12 10 3 16 8 7 15 6 13 6 17 14 10 13 8 9 11 6 8 11 10 17 14 11 8 6 13 11 12 14 12 6 6 9 11 11 6 12 14 13 11 13 12 10 9 4 10 6 12 11 11 8 14 16 13 15 2 12 17 7 10 7 15 1 14 12 13 6 15 
0 0 0 0 0 0 14 0 0 14 9 16 9 7 13 13 9 6 9 12 7 11 12 13 4 14 10 12 5 10 9 10 8 10 10 14 16 14 16 3 11 15 7 11 10 6 7 13 7 11 8 12 13 11 14 6 6 4 8 10 2 9 11 17 13 14 9 5 3 9 11 10 12 8 13 16 15 8 14 16 4 3 10 4 16 11 13 13 11 16 8 5 12 11 10 9 8 11 7 12 7 11 8 9 12 15 14 15 7 11 
0 0 0 0 0 0 14 0 0 14 9 16 9 7 13 13 9 6 9 12 7 11 12 13 4 14 10 12 5 10 9 10 8 10 10 14 16 14 16 3 11 15 7 11 10 6 7 13 7 11 8 12 13 11 14 6 6 4 8 10 2 9 11 17 13 14 9 5 3 9 11 10 12 8 13 16 15 8 14 16 4 3 10 4 16 11 13 13 11 16 8 5 12 11 10 9 8 11 7 12 7 11 8 9 12 15 14 15 7 11 
14 14 14 14 14 14 0 14 14 0 7 14 15 7 5 16 6 11 13 5 6 3 11 13 11 9 14 3 13 4 11 12 7 10 12 9 14 7 10 10 10 12 10 3 16 8 7 15 6 13 6 17 14 10 13 8 9 11 6 8 11 10 17 14 11 8 6 13 11 12 14 12 6 6 9 11 11 6 12 14 13 11 13 12 10 9 4 10 6 12 11 11 8 14 16 13 15 2 12 17 7 10 7 15 1 14 12 13 6 15 
9 9 9 9 9 9 7 9 9 7 0 9 8 2 4 10 0 4 6 3 2 3 5 7 4 5 8 3 6 3 4 5 0 4 6 6 9 5 7 5 4 8 3 3 9 3 1 9 2 7 2 10 8 4 8 2 3 5 1 2 6 4 10 10 6 5 0 6 5 5 8 5 3 1 5 8 7 2 8 10 6 6 7 6 7 3 4 6 1 8 4 4 3 7 9 6 8 4 5 10 2 4 0 8 5 9 7 8 2 8 
16 16 16 16 16 16 14 16 16 14 9 0 8 11 9 5 10 9 7 9 12 12 3 2 12 5 7 11 11 12 7 5 9 6 5 5 0 7 3 13 5 1 9 11 7 13 11 4 12 4 12 7 3 5 2 11 10 12 10 7 14 7 7 1 3 5 10 11 12 6 5 6 8 11 5 3 3 12 1 0 11 14 5 11 4 6 9 3 8 2 8 11 6 5 8 6 9 12 9 7 11 5 9 8 13 1 2 1 12 6 
9 9 9 9 9 9 15 9 9 15 8 8 0 8 10 4 8 4 1 10 9 12 6 5 6 8 0 11 4 11 4 3 7 4 3 9 7 10 9 8 5 7 4 11 1 9 7 3 9 3 9 3 5 6 6 8 6 6 8 6 8 4 2 9 6 9 8 4 7 2 2 3 9 9 7 10 8 10 7 8 4 8 2 4 10 6 11 7 9 8 3 5 8 2 1 2 0 12 2 2 8 5 7 0 13 6 7 7 9 1 
7 7 7 7 7 7 7 7 7 7 2 11 8 0 6 11 2 4 6 5 1 4 7 9 3 7 8 5 5 3 5 6 2 5 7 8 11 7 9 3 6 10 3 4 9 1 0 10 1 8 1 11 10 6 9 0 2 3 1 4 4 5 10 12 8 7 2 5 3 6 9 6 5 1 7 10 9 1 9 12 5 3 8 4 10 5 6 8 4 10 5 3 5 8 9 7 8 5 5 10 0 6 2 8 5 11 9 10 0 9 
13 13 13 13 13 13 5 13 13 5 4 9 10 6 0 11 4 8 9 1 5 4 6 8 9 3 10 2 10 4 6 7 4 6 7 4 9 1 5 9 5 7 7 3 11 7 6 10 6 9 5 12 9 5 8 6 7 9 4 4 11 6 12 8 5 3 3 10 9 8 10 7 1 5 4 6 6 6 7 9 10 10 9 10 5 4 0 5 2 7 8 9 2 9 12 8 11 4 9 12 5 6 4 11 4 9 6 7 6 10 
13 13 13 13 13 13 16 13 13 16 10 5 4 11 11 0 10 7 4 11 12 13 5 3 10 8 3 13 8 13 5 4 9 5 4 8 4 10 8 12 5 6 7 12 3 12 10 0 12 2 12 2 2 6 4 11 9 10 10 8 12 6 2 6 5 8 10 8 10 4 2 4 10 11 7 8 6 12 4 5 8 12 3 8 8 6 12 6 10 6 6 9 8 2 3 4 4 14 6 2 11 5 9 4 15 3 5 5 12 2 
9 9 9 9 9 9 6 9 9 6 0 10 8 2 4 10 0 4 6 3 2 3 6 8 4 5 8 3 6 3 4 5 0 4 6 6 9 5 7 5 4 8 3 3 9 3 1 9 2 7 2 10 8 4 8 2 3 4 0 2 6 4 10 10 6 5 0 6 5 5 8 5 3 1 5 8 7 2 8 10 6 5 7 5 8 4 4 6 2 8 4 4 3 7 9 6 8 4 5 10 1 5 0 8 5 9 7 8 2 8 
6 6 6 6 6 6 11 6 6 11 4 9 4 4 8 7 4 0 2 7 5 8 6 7 2 7 4 8 2 7 2 4 4 3 4 8 9 8 9 4 4 8 0 7 5 4 3 6 5 5 5 7 7 5 7 3 1 2 4 4 5 2 6 10 6 8 5 2 3 3 5 3 7 5 6 10 8 5 8 10 2 4 4 2 9 4 8 6 5 9 1 1 6 5 5 3 4 8 1 7 4 4 3 4 9 8 8 8 5 5 
9 9 9 9 9 9 13 9 9 13 6 7 1 6 9 4 6 2 0 8 8 10 5 5 5 7 1 9 3 9 2 2 6 3 2 7 7 9 8 7 4 7 3 9 3 7 6 4 8 2 8 4 4 4 5 6 4 5 6 5 7 2 4 8 5 8 7 3 6 1 2 2 8 7 6 9 7 8 6 8 4 7 1 4 8 4 9 5 7 7 1 4 6 2 3 0 2 10 1 4 7 4 5 1 11 6 6 6 7 2 
12 12 12 12 12 12 5 12 12 5 3 9 10 5 1 11 3 7 8 0 4 3 6 8 8 4 9 1 9 3 6 7 3 5 7 4 9 2 6 8 5 7 6 2 11 6 4 10 5 8 4 12 9 4 8 5 6 8 3 3 9 5 11 9 5 3 2 9 8 7 9 7 1 3 4 7 6 4 7 9 9 8 8 9 6 4 1 5 1 7 7 7 2 8 11 8 10 3 8 11 4 5 3 10 4 9 7 8 4 10 
7 7 7 7 7 7 6 7 7 6 2 12 9 1 5 12 2 5 8 4 0 3 8 10 4 8 9 4 7 2 6 8 2 6 8 8 12 7 10 4 7 10 4 3 11 1 1 11 0 9 0 12 11 7 10 1 3 4 1 4 5 6 12 12 8 8 2 7 4 7 10 7 5 1 7 11 10 0 10 12 6 4 9 6 10 6 5 8 4 11 6 5 6 9 11 8 9 4 7 12 1 7 2 9 4 12 10 11 0 10 
11 11 11 11 11 11 3 11 11 3 3 12 12 4 4 13 3 8 10 3 3 0 9 11 7 7 11 1 10 1 8 9 4 7 9 7 12 5 9 7 8 10 7 1 13 5 4 12 3 11 2 14 12 7 11 4 6 8 3 5 8 7 14 12 8 7 3 10 7 9 11 9 4 3 7 10 9 3 10 12 9 8 10 9 9 7 3 8 3 10 8 8 5 11 13 10 12 0 9 14 3 8 4 12 1 12 10 11 3 12 
12 12 12 12 12 12 11 12 12 11 5 3 6 7 6 5 6 6 5 6 8 9 0 2 8 2 5 8 7 9 3 2 5 2 2 3 3 5 3 10 1 2 5 8 6 9 7 4 8 3 8 7 3 1 2 7 6 8 6 3 11 3 6 4 0 3 6 8 9 3 4 2 5 7 2 4 2 8 2 4 8 10 3 8 3 2 6 0 5 3 4 7 3 3 6 4 6 9 6 6 7 1 5 6 10 3 2 2 8 5 
13 13 13 13 13 13 13 13 13 13 7 2 5 9 8 3 8 7 5 8 10 11 2 0 10 4 4 10 8 11 4 3 7 4 3 4 2 7 4 11 3 2 7 10 5 11 9 2 10 2 10 5 1 3 0 9 8 9 8 5 12 4 5 3 2 5 8 8 10 4 3 3 7 9 4 4 3 10 1 2 9 11 3 9 5 4 9 2 7 3 5 9 5 2 5 4 6 11 6 5 9 3 7 6 12 1 2 1 10 4 
4 4 4 4 4 4 11 4 4 11 4 12 6 3 9 10 4 2 5 8 4 7 8 10 0 9 7 8 3 6 5 6 4 5 7 10 12 10 11 1 7 11 3 7 8 3 3 9 4 8 5 9 10 7 10 2 2 0 4 5 2 5 9 13 9 9 5 3 0 5 8 6 8 4 9 12 10 4 10 12 2 1 7 2 11 6 9 9 6 11 4 1 8 8 8 6 6 8 4 9 3 7 4 6 9 11 10 11 4 8 
14 14 14 14 14 14 9 14 14 9 5 5 8 7 3 8 5 7 7 4 8 7 2 4 9 0 8 6 9 7 5 5 5 4 5 0 5 2 2 10 3 3 6 6 9 9 7 7 8 6 7 10 6 2 4 7 7 9 6 3 11 5 9 5 2 0 5 10 10 6 7 5 2 7 0 3 2 8 4 5 10 11 6 9 2 3 4 2 4 3 6 9 1 6 9 6 9 7 8 9 7 3 5 9 8 5 3 4 8 8 
10 10 10 10 10 10 14 10 10 14 8 7 0 8 10 3 8 4 1 9 9 11 5 4 7 8 0 11 4 11 3 3 7 4 2 8 6 10 9 9 4 7 5 11 1 9 8 2 9 2 10 2 4 5 5 8 6 7 8 6 9 4 2 8 6 8 8 4 7 2 1 2 9 9 7 9 7 10 6 7 5 8 1 5 9 5 11 6 8 8 3 6 7 1 1 1 1 12 3 2 8 4 7 1 13 5 6 6 9 0 
12 12 12 12 12 12 3 12 12 3 3 11 11 5 2 13 3 8 9 1 4 1 8 10 8 6 11 0 10 2 7 8 4 7 9 6 11 4 8 8 7 9 7 0 12 6 5 12 4 10 3 14 11 6 10 5 6 8 3 4 9 7 13 11 7 5 2 10 8 9 11 8 3 3 6 9 8 4 9 11 10 8 10 9 8 6 1 7 2 9 8 8 4 10 12 9 11 1 9 13 4 7 4 11 2 11 9 10 4 11 
5 5 5 5 5 5 13 5 5 13 6 11 4 5 10 8 6 2 3 9 7 10 7 8 3 9 4 10 0 9 4 5 6 5 5 10 10 10 11 4 6 10 3 9 5 6 5 7 6 6 7 7 8 7 8 5 3 2 6 6 4 4 6 11 8 10 7 0 3 4 6 5 9 7 8 12 10 7 9 11 0 4 5 0 11 6 10 8 8 11 3 2 8 6 5 4 3 10 1 6 6 6 5 3 11 9 9 9 6 5 
10 10 10 10 10 10 4 10 10 4 3 12 11 3 4 13 3 7 9 3 2 1 9 11 6 7 11 2 9 0 7 9 3 7 9 8 12 6 10 6 8 11 6 1 12 4 3 12 2 11 1 14 12 7 11 4 5 7 3 5 7 7 13 13 9 7 2 9 6 9 11 9 5 2 7 11 10 2 11 13 9 7 10 8 10 7 4 9 3 11 8 7 6 11 12 9 11 1 9 13 3 8 4 11 2 12 10 11 2 12 
9 9 9 9 9 9 11 9 9 11 4 7 4 5 6 5 4 2 2 6 6 8 3 4 5 5 3 7 4 7 0 1 4 0 1 5 6 6 6 6 2 5 2 7 5 6 4 4 6 3 6 6 4 2 4 5 3 5 4 2 7 0 6 7 4 5 5 4 5 1 3 1 5 5 4 7 5 6 5 7 5 7 2 4 7 2 7 4 4 6 1 4 4 3 5 2 4 8 2 6 5 2 3 4 9 6 5 5 6 4 
10 10 10 10 10 10 12 10 10 12 5 5 3 6 7 4 5 4 2 7 8 9 2 3 6 5 3 8 5 9 1 0 5 1 0 5 5 6 6 8 1 4 4 8 4 8 6 3 8 1 8 5 3 2 3 6 5 6 6 4 9 1 4 6 3 5 6 5 7 1 2 0 6 7 4 6 4 8 4 5 6 8 1 5 6 2 8 3 6 5 2 5 4 1 4 1 4 9 3 4 7 1 5 3 10 4 4 4 7 3 
8 8 8 8 8 8 7 8 8 7 0 9 7 2 4 9 0 4 6 3 2 4 5 7 4 5 7 4 6 3 4 5 0 3 5 6 9 5 7 5 4 8 3 3 9 3 1 8 2 7 2 10 8 4 7 2 2 4 1 2 6 3 10 10 6 5 1 6 5 5 7 5 3 1 5 8 7 2 8 10 6 5 6 5 7 3 4 6 2 8 4 4 3 7 9 6 8 4 5 10 1 4 0 7 5 9 7 8 2 8 
10 10 10 10 10 10 10 10 10 10 4 6 4 5 6 5 4 3 3 5 6 7 2 4 5 4 4 7 5 7 0 1 3 0 2 4 6 5 6 7 1 5 2 6 5 6 4 5 6 3 6 6 4 1 4 5 3 5 4 2 8 0 6 7 3 5 4 5 6 2 4 1 5 5 3 6 5 6 4 6 5 7 3 5 6 1 6 3 4 5 2 5 3 3 5 2 5 8 3 6 5 1 3 4 9 5 4 5 6 4 
10 10 10 10 10 10 12 10 10 12 6 5 3 7 7 4 6 4 2 7 8 9 2 3 7 5 2 9 5 9 1 0 5 2 0 5 5 7 6 8 2 4 4 8 3 8 6 3 8 1 8 4 3 2 3 7 5 6 6 4 9 2 4 6 3 6 6 5 7 1 2 0 6 7 4 6 5 8 4 6 6 8 1 5 6 3 8 3 6 5 2 5 5 1 4 1 4 10 3 4 7 2 5 3 11 4 4 4 8 2 
14 14 14 14 14 14 9 14 14 9 6 5 9 8 4 8 6 8 7 4 8 7 3 4 10 0 8 6 10 8 5 5 6 4 5 0 5 2 1 11 3 3 7 6 9 9 7 7 8 6 8 10 6 3 4 8 8 10 7 4 12 5 9 4 2 0 6 10 10 6 7 5 3 7 1 2 1 8 3 5 10 11 6 10 1 3 4 2 4 3 7 9 2 6 9 7 9 8 8 9 8 3 6 9 8 5 2 4 8 8 
16 16 16 16 16 16 14 16 16 14 9 0 7 11 9 4 9 9 7 9 12 12 3 2 12 5 6 11 10 12 6 5 9 6 5 5 0 7 4 13 5 2 9 11 7 13 10 4 12 4 12 7 2 5 1 11 10 12 10 7 14 6 7 1 3 6 10 11 12 6 5 5 8 11 5 3 3 12 1 0 11 13 5 11 4 5 9 3 9 2 8 11 6 5 7 6 8 12 9 6 11 4 9 8 13 1 2 1 12 6 
14 14 14 14 14 14 7 14 14 7 5 7 10 7 1 10 5 8 9 2 7 5 5 7 10 2 10 4 10 6 6 6 5 5 7 2 7 0 3 10 5 5 7 5 11 9 7 9 7 8 7 12 8 4 6 7 8 10 6 4 12 6 11 7 4 1 5 11 10 7 9 7 1 6 2 4 4 7 6 7 11 11 8 10 3 4 2 4 3 5 8 9 2 8 11 8 11 6 9 11 7 5 5 10 6 7 5 6 7 10 
16 16 16 16 16 16 10 16 16 10 7 3 9 9 5 8 7 9 8 6 10 9 3 4 11 2 9 8 11 10 6 6 7 6 6 1 4 3 0 12 4 2 8 8 10 11 9 7 10 6 9 10 5 4 4 10 9 11 8 5 13 6 10 3 2 2 7 11 12 7 7 6 4 9 2 0 1 10 3 4 11 13 7 11 0 4 6 2 6 1 8 10 4 7 10 7 10 9 9 9 9 4 7 10 10 4 2 3 10 8 
3 3 3 3 3 3 10 3 3 10 5 13 8 3 9 12 5 4 7 8 4 7 10 11 1 10 9 8 4 6 6 8 5 7 8 11 13 10 12 0 8 12 4 7 10 2 3 11 3 9 4 11 11 8 11 3 3 2 4 6 1 6 11 14 10 10 5 4 1 7 9 8 9 4 10 13 12 4 12 14 4 0 9 3 13 8 9 10 7 13 6 2 9 9 9 7 8 8 5 11 3 8 5 8 8 12 12 12 3 9 
11 11 11 11 11 11 10 11 11 10 4 5 5 6 5 5 4 4 4 5 7 8 1 3 7 3 4 7 6 8 2 1 4 1 2 3 5 5 4 8 0 3 4 7 6 7 5 4 7 3 7 7 4 0 3 6 5 7 5 2 9 2 6 5 1 3 5 6 7 2 4 1 4 6 2 5 3 7 3 5 7 8 3 6 5 1 6 2 4 4 3 6 2 3 6 3 6 8 4 6 6 0 4 5 9 4 3 3 7 4 
15 15 15 15 15 15 12 15 15 12 8 1 7 10 7 6 8 8 7 7 10 10 2 2 11 3 7 9 10 11 5 4 8 5 4 3 2 5 2 12 3 0 8 9 8 11 9 5 10 4 10 8 3 3 2 10 9 11 9 6 13 5 8 2 1 3 8 10 11 6 5 5 6 9 3 2 1 10 1 2 10 12 5 10 2 4 7 1 7 0 7 10 4 5 8 6 8 10 8 7 9 3 8 8 11 2 0 1 10 6 
7 7 7 7 7 7 10 7 7 10 3 9 4 3 7 7 3 0 3 6 4 7 5 7 3 6 5 7 3 6 2 4 3 2 4 7 9 7 8 4 4 8 0 6 6 4 2 7 4 5 5 7 7 4 7 3 1 2 3 3 5 2 7 9 6 7 4 3 3 3 5 3 6 4 6 9 7 5 7 9 3 4 4 2 9 4 7 6 5 8 1 2 5 5 6 3 4 7 2 7 3 4 2 4 8 8 7 8 4 5 
11 11 11 11 11 11 3 11 11 3 3 11 11 4 3 12 3 7 9 2 3 1 8 10 7 6 11 0 9 1 7 8 3 6 8 6 11 5 8 7 7 9 6 0 12 5 4 11 3 10 2 13 11 6 10 4 6 7 3 4 8 7 13 11 7 6 2 10 7 8 11 8 3 2 6 9 8 3 9 11 9 8 10 9 8 6 2 7 2 9 8 7 4 10 12 9 11 1 9 13 3 7 3 11 2 11 9 10 3 11 
10 10 10 10 10 10 16 10 10 16 9 7 1 9 11 3 9 5 3 11 11 13 6 5 8 9 1 12 5 12 5 4 9 5 3 9 7 11 10 10 6 8 6 12 0 10 9 3 11 3 11 1 4 6 6 9 7 8 9 8 10 5 1 8 7 10 10 5 8 3 2 4 10 10 8 10 8 11 7 8 6 9 2 6 10 7 12 7 10 8 4 7 9 2 0 3 2 13 4 1 10 6 8 1 14 6 7 7 10 1 
6 6 6 6 6 6 8 6 6 8 3 13 9 1 7 12 3 4 7 6 1 5 9 11 3 9 9 6 6 4 6 8 3 6 8 9 13 9 11 2 7 11 4 5 10 0 2 11 1 9 2 12 11 8 11 1 3 3 2 5 3 6 11 13 9 9 4 6 3 7 10 8 7 2 8 12 11 1 11 13 5 2 9 5 11 7 7 9 5 12 6 3 7 9 10 8 9 5 6 11 1 8 3 9 6 12 11 11 1 10 
7 7 7 7 7 7 7 7 7 7 1 11 7 0 6 10 1 3 6 4 1 4 7 9 3 7 8 5 5 3 4 6 1 4 6 7 10 7 9 3 5 9 2 4 9 2 0 9 1 8 2 10 9 5 9 0 1 3 1 3 5 4 10 11 7 7 2 5 3 5 8 5 5 1 6 10 8 2 9 11 5 4 7 4 9 5 5 7 3 9 4 3 5 7 9 6 7 5 5 10 0 6 1 7 6 10 9 9 1 8 
13 13 13 13 13 13 15 13 13 15 9 4 3 10 10 0 9 6 4 10 11 12 4 2 9 7 2 12 7 12 4 3 8 5 3 7 4 9 7 11 4 5 7 11 3 11 9 0 11 1 11 2 1 5 3 10 8 9 9 7 11 5 2 5 5 8 9 7 10 3 1 3 9 10 6 7 6 11 4 5 8 11 2 8 7 5 11 5 9 6 5 8 7 1 3 3 4 13 5 2 10 4 8 4 14 3 5 4 11 2 
7 7 7 7 7 7 6 7 7 6 2 12 9 1 6 12 2 5 8 5 0 3 8 10 4 8 9 4 6 2 6 8 2 6 8 8 12 7 10 3 7 10 4 3 11 1 1 11 0 9 0 12 11 7 10 1 3 4 1 4 5 6 12 12 8 8 2 7 4 7 10 7 6 1 7 11 10 0 10 12 6 4 9 6 10 6 5 8 4 11 6 4 6 9 11 8 9 4 6 12 0 7 2 9 5 11 10 11 0 10 
11 11 11 11 11 11 13 11 11 13 7 4 3 8 9 2 7 5 2 8 9 11 3 2 8 6 2 10 6 11 3 1 7 3 1 6 4 8 6 9 3 4 5 10 3 9 8 1 9 0 9 3 2 3 2 8 6 8 8 5 10 3 3 5 3 6 8 6 8 2 1 2 7 9 5 6 5 10 3 5 7 9 0 6 7 4 9 4 7 5 3 7 6 0 3 2 4 11 4 3 8 3 7 3 12 3 4 4 9 1 
8 8 8 8 8 8 6 8 8 6 2 12 9 1 5 12 2 5 8 4 0 2 8 10 5 7 10 3 7 1 6 8 2 6 8 8 12 7 9 4 7 10 5 2 11 2 2 11 0 9 0 12 11 6 10 2 4 5 1 4 6 6 12 12 8 7 2 7 5 7 10 7 5 0 7 10 9 0 10 12 7 5 9 6 10 6 5 8 3 10 6 5 5 9 11 8 10 3 7 12 1 7 2 10 4 11 10 10 0 10 
12 12 12 12 12 12 17 12 12 17 10 7 3 11 12 2 10 7 4 12 12 14 7 5 9 10 2 14 7 14 6 5 10 6 4 10 7 12 10 11 7 8 7 13 1 12 10 2 12 3 12 0 4 7 6 11 9 9 11 9 11 6 0 8 7 10 11 7 10 5 2 5 11 12 9 10 9 12 7 7 7 11 3 7 10 8 13 8 11 9 6 8 10 3 1 4 3 15 5 0 11 6 10 3 15 6 8 7 12 2 
13 13 13 13 13 13 14 13 13 14 8 3 5 10 9 2 8 7 4 9 11 12 3 1 10 6 4 11 8 12 4 3 8 4 3 6 2 8 5 11 4 3 7 11 4 11 9 1 11 2 11 4 0 4 1 10 8 9 9 6 12 5 4 4 3 6 9 8 10 4 2 3 8 10 5 5 4 11 2 3 9 11 2 8 6 5 10 3 8 4 5 9 6 2 5 4 6 12 6 4 10 3 8 5 13 1 3 2 10 3 
11 11 11 11 11 11 10 11 11 10 4 5 6 6 5 6 4 5 4 4 7 7 1 3 7 2 5 6 7 7 2 2 4 1 2 3 5 4 4 8 0 3 4 6 6 8 5 5 7 3 6 7 4 0 3 6 5 7 5 2 9 2 7 5 1 3 4 7 8 3 4 2 4 6 1 4 3 7 3 5 7 9 4 7 4 0 5 1 4 4 4 6 2 4 7 3 6 8 5 7 6 0 4 6 8 4 3 3 6 5 
14 14 14 14 14 14 13 14 14 13 8 2 6 9 8 4 8 7 5 8 10 11 2 0 10 4 5 10 8 11 4 3 7 4 3 4 1 6 4 11 3 2 7 10 6 11 9 3 10 2 10 6 1 3 0 9 8 10 9 6 12 4 6 2 2 5 8 9 10 4 3 3 7 9 4 4 2 10 0 2 9 12 3 9 4 4 8 2 7 2 6 9 5 3 6 4 7 11 7 5 9 3 7 6 12 1 1 1 10 4 
6 6 6 6 6 6 8 6 6 8 2 11 8 0 6 11 2 3 6 5 1 4 7 9 2 7 8 5 5 4 5 6 2 5 7 8 11 7 10 3 6 10 3 4 9 1 0 10 1 8 2 11 10 6 9 0 2 3 1 4 4 5 10 12 8 8 2 5 3 6 8 6 6 1 7 10 9 2 9 12 5 3 7 4 10 5 6 8 4 10 5 3 6 8 9 6 8 5 5 10 1 6 2 8 6 11 9 10 1 8 
6 6 6 6 6 6 9 6 6 9 3 10 6 2 7 9 3 1 4 6 3 6 6 8 2 7 6 6 3 5 3 5 2 3 5 8 10 8 9 3 5 9 1 6 7 3 1 8 3 6 4 9 8 5 8 2 0 2 2 3 4 3 8 10 7 7 3 3 2 4 6 4 6 3 6 10 8 4 8 10 3 3 5 2 9 4 7 7 4 9 2 1 5 6 7 4 6 7 3 8 2 5 2 6 8 9 8 9 3 6 
4 4 4 4 4 4 11 4 4 11 5 12 6 3 9 10 4 2 5 8 4 8 8 9 0 9 7 8 2 7 5 6 4 5 6 10 12 10 11 2 7 11 2 7 8 3 3 9 4 8 5 9 9 7 10 3 2 0 4 5 2 5 9 12 9 9 5 2 0 5 8 6 8 5 9 12 10 5 10 12 2 1 7 1 11 6 9 9 6 11 4 0 8 7 7 6 6 8 3 9 4 7 4 6 9 11 10 10 4 7 
8 8 8 8 8 8 6 8 8 6 1 10 8 1 4 10 0 4 6 3 1 3 6 8 4 6 8 3 6 3 4 6 1 4 6 7 10 6 8 4 5 9 3 3 9 2 1 9 1 8 1 11 9 5 9 1 2 4 0 3 6 4 10 11 7 6 1 6 4 6 8 6 4 0 6 9 8 1 9 11 6 5 7 5 8 4 4 7 2 9 5 4 4 8 9 6 8 4 6 10 0 5 1 8 5 10 8 9 1 9 
10 10 10 10 10 10 8 10 10 8 2 7 6 4 4 8 2 4 5 3 4 5 3 5 5 3 6 4 6 5 2 4 2 2 4 4 7 4 5 6 2 6 3 4 8 5 3 7 4 5 4 9 6 2 6 4 3 5 3 0 8 2 8 8 4 3 2 6 6 4 6 3 3 3 3 6 5 4 5 8 6 7 5 6 6 1 4 4 2 6 4 5 2 5 8 4 7 5 5 8 3 2 2 7 6 7 5 6 4 6 
2 2 2 2 2 2 11 2 2 11 6 14 8 4 11 12 6 5 7 9 5 8 11 12 2 11 9 9 4 7 7 9 6 8 9 12 14 12 13 1 9 13 5 8 10 3 5 11 5 10 6 11 12 9 12 4 4 2 6 8 0 7 11 15 11 12 7 4 1 8 10 8 10 6 11 14 13 5 13 15 3 0 9 3 14 9 10 11 8 14 6 3 10 10 9 8 8 9 6 11 5 9 6 8 10 13 13 13 5 10 
9 9 9 9 9 9 10 9 9 10 4 7 4 5 6 6 4 2 2 5 6 7 3 4 5 5 4 7 4 7 0 1 3 0 2 5 6 6 6 6 2 5 2 7 5 6 4 5 6 3 6 6 5 2 4 5 3 5 4 2 7 0 6 7 4 5 4 4 5 1 4 1 5 5 4 7 5 6 5 7 5 7 2 4 7 2 7 4 4 6 1 4 4 3 5 2 4 8 2 6 5 2 3 4 9 6 5 5 5 4 
11 11 11 11 11 11 17 11 11 17 10 7 2 10 12 2 10 6 4 11 12 14 6 5 9 9 2 13 6 13 6 4 10 6 4 9 7 11 10 11 6 8 7 13 1 11 10 2 12 3 12 0 4 7 6 10 8 9 10 8 11 6 0 8 7 10 11 6 9 4 2 4 11 11 8 10 8 12 6 7 7 11 3 7 10 7 13 7 10 8 5 8 9 3 1 4 3 14 5 0 11 6 9 2 15 6 7 7 11 1 
17 17 17 17 17 17 14 17 17 14 10 1 9 12 8 6 10 10 8 9 12 12 4 3 13 5 8 11 11 13 7 6 10 7 6 4 1 7 3 14 5 2 9 11 8 13 11 5 12 5 12 8 4 5 2 12 10 12 11 8 15 7 8 0 3 5 10 12 13 7 6 6 8 11 5 2 2 12 2 0 12 14 6 12 3 6 9 3 9 1 8 12 6 6 9 7 9 12 10 8 11 5 10 9 13 2 2 1 12 7 
13 13 13 13 13 13 11 13 13 11 6 3 6 8 5 5 6 6 5 5 8 8 0 2 9 2 6 7 8 9 4 3 6 3 3 2 3 4 2 10 1 1 6 7 7 9 7 5 8 3 8 7 3 1 2 8 7 9 7 4 11 4 7 3 0 3 6 8 9 4 5 3 4 7 1 3 1 9 2 4 9 10 4 8 3 2 6 0 5 2 5 8 3 4 7 4 7 9 6 7 7 1 6 7 9 3 1 2 8 5 
14 14 14 14 14 14 8 14 14 8 5 5 9 7 3 8 5 8 8 3 8 7 3 5 9 0 8 5 10 7 5 5 5 5 6 0 6 1 2 10 3 3 7 6 10 9 7 8 8 6 7 10 6 3 5 8 7 9 6 3 12 5 10 5 3 0 5 10 10 6 8 5 2 7 1 3 2 8 4 6 10 11 7 10 2 3 3 2 3 3 7 9 1 7 10 7 10 7 8 10 7 4 5 9 7 6 3 4 7 8 
9 9 9 9 9 9 6 9 9 6 0 10 8 2 3 10 0 5 7 2 2 3 6 8 5 5 8 2 7 2 5 6 1 4 6 6 10 5 7 5 5 8 4 2 10 4 2 9 2 8 2 11 9 4 8 2 3 5 1 2 7 4 11 10 6 5 0 7 5 6 8 6 3 1 5 8 7 2 8 10 7 6 7 6 7 4 3 6 1 8 5 5 3 8 10 7 9 3 6 11 2 5 1 9 4 9 7 8 2 9 
5 5 5 5 5 5 13 5 5 13 6 11 4 5 10 8 6 2 3 9 7 10 8 8 3 10 4 10 0 9 4 5 6 5 5 10 11 11 11 4 6 10 3 10 5 6 5 7 7 6 7 7 8 7 9 5 3 2 6 6 4 4 6 12 8 10 7 0 3 4 6 5 9 7 9 12 10 7 9 11 0 4 5 1 12 7 10 9 8 11 3 2 8 6 5 4 3 11 2 6 6 7 6 3 11 10 10 10 6 5 
3 3 3 3 3 3 11 3 3 11 5 12 7 3 9 10 5 3 6 8 4 7 9 10 0 10 7 8 3 6 5 7 5 6 7 10 12 10 12 1 7 11 3 7 8 3 3 10 4 8 5 10 10 8 10 3 2 0 4 6 1 5 9 13 9 10 5 3 0 6 8 6 8 4 9 12 11 4 11 13 2 1 7 2 12 7 9 9 7 12 4 1 8 8 8 6 6 8 4 9 4 7 4 7 9 11 11 11 4 8 
9 9 9 9 9 9 12 9 9 12 5 6 2 6 8 4 5 3 1 7 7 9 3 4 5 6 2 9 4 9 1 1 5 2 1 6 6 7 7 7 2 6 3 8 3 7 5 3 7 2 7 5 4 3 4 6 4 5 6 4 8 1 4 7 4 6 6 4 6 0 2 0 7 7 5 8 6 7 5 7 4 7 1 4 7 3 8 4 6 6 1 4 5 2 3 0 3 10 2 4 6 2 5 2 10 5 5 5 7 2 
11 11 11 11 11 11 14 11 11 14 8 5 2 9 10 2 8 5 2 9 10 11 4 3 8 7 1 11 6 11 3 2 7 4 2 7 5 9 7 9 4 5 5 11 2 10 8 1 10 1 10 2 2 4 3 8 6 8 8 6 10 4 2 6 5 8 8 6 8 2 0 2 8 9 6 8 6 10 4 6 6 10 1 6 8 5 10 5 8 6 3 7 7 0 2 2 3 12 4 2 9 4 7 2 13 4 5 5 9 0 
10 10 10 10 10 10 12 10 10 12 5 6 3 6 7 4 5 3 2 7 7 9 2 3 6 5 2 8 5 9 1 0 5 1 0 5 5 7 6 8 1 5 3 8 4 8 5 3 7 2 7 5 3 2 3 6 4 6 6 3 8 1 4 6 3 5 6 5 6 0 2 0 6 7 4 7 5 8 4 6 5 8 1 5 6 2 8 3 5 5 2 5 4 1 4 1 4 9 3 4 6 1 5 3 10 4 4 4 7 3 
12 12 12 12 12 12 6 12 12 6 3 8 9 5 1 10 3 7 8 1 5 4 5 7 8 2 9 3 9 5 5 6 3 5 6 3 8 1 4 9 4 6 6 3 10 7 5 9 6 7 5 11 8 4 7 6 6 8 4 3 10 5 11 8 4 2 3 9 8 7 8 6 0 4 3 5 5 5 6 8 9 9 7 9 5 3 1 4 1 6 7 8 1 8 10 7 10 4 8 11 5 4 4 10 5 8 5 6 5 9 
8 8 8 8 8 8 6 8 8 6 1 11 9 1 5 11 1 5 7 3 1 3 7 9 4 7 9 3 7 2 5 7 1 5 7 7 11 6 9 4 6 9 4 2 10 2 1 10 1 9 0 12 10 6 9 1 3 5 0 3 6 5 11 11 7 7 1 7 4 7 9 7 4 0 6 10 9 1 9 11 6 5 8 6 9 5 4 7 3 10 6 5 5 9 10 7 9 3 6 11 0 6 2 9 4 11 9 10 1 9 
13 13 13 13 13 13 9 13 13 9 5 5 7 7 4 7 5 6 6 4 7 7 2 4 9 0 7 6 8 7 4 4 5 3 4 1 5 2 2 10 2 3 6 6 8 8 6 6 7 5 7 9 5 1 4 7 6 9 6 3 11 4 8 5 1 1 5 9 9 5 6 4 3 6 0 3 2 7 3 5 9 10 5 9 2 2 4 1 4 3 6 8 1 5 8 5 8 7 7 8 7 2 5 8 8 5 2 3 7 7 
16 16 16 16 16 16 11 16 16 11 8 3 10 10 6 8 8 10 9 7 11 10 4 4 12 3 9 9 12 11 7 6 8 6 6 2 3 4 0 13 5 2 9 9 10 12 10 7 11 6 10 10 5 4 4 10 10 12 9 6 14 7 10 2 3 3 8 12 12 8 8 7 5 10 3 0 1 11 3 3 12 13 7 12 0 5 7 3 7 1 8 11 4 7 10 8 10 10 10 10 10 5 8 10 11 4 2 3 11 8 
15 15 15 15 15 15 11 15 15 11 7 3 8 9 6 6 7 8 7 6 10 9 2 3 10 2 7 8 10 10 5 4 7 5 5 1 3 4 1 12 3 1 7 8 8 11 8 6 10 5 9 9 4 3 2 9 8 10 8 5 13 5 8 2 1 2 7 10 11 6 6 5 5 9 2 1 0 10 2 3 10 12 6 10 1 3 6 1 6 1 7 10 3 5 8 6 9 9 8 8 9 3 7 8 10 3 1 2 9 7 
8 8 8 8 8 8 6 8 8 6 2 12 10 1 6 12 2 5 8 4 0 3 8 10 4 8 10 4 7 2 6 8 2 6 8 8 12 7 10 4 7 10 5 3 11 1 2 11 0 10 0 12 11 7 10 2 4 5 1 4 5 6 12 12 9 8 2 7 4 7 10 8 5 1 7 11 10 0 10 13 7 4 9 6 10 6 5 9 4 11 6 5 6 9 11 8 10 3 7 12 1 7 3 10 4 12 10 11 0 10 
14 14 14 14 14 14 12 14 14 12 8 1 7 9 7 4 8 8 6 7 10 10 2 1 10 4 6 9 9 11 5 4 8 4 4 3 1 6 3 12 3 1 7 9 7 11 9 4 10 3 10 7 2 3 0 9 8 10 9 5 13 5 6 2 2 4 8 9 11 5 4 4 6 9 3 3 2 10 0 2 10 12 4 9 3 4 8 2 7 1 6 9 5 4 7 5 7 11 7 6 9 3 7 7 11 1 1 0 10 5 
16 16 16 16 16 16 14 16 16 14 10 0 8 12 9 5 10 10 8 9 12 12 4 2 12 5 7 11 11 13 7 5 10 6 6 5 0 7 4 14 5 2 9 11 8 13 11 5 12 5 12 7 3 5 2 12 10 12 11 8 15 7 7 0 4 6 10 11 13 7 6 6 8 11 5 3 3 13 2 0 12 14 6 11 4 6 10 4 9 2 8 11 6 5 8 7 9 13 9 7 12 5 10 8 13 1 2 1 12 6 
4 4 4 4 4 4 13 4 4 13 6 11 4 5 10 8 6 2 4 9 6 9 8 9 2 10 5 10 0 9 5 6 6 5 6 10 11 11 11 4 7 10 3 9 6 5 5 8 6 7 7 7 9 7 9 5 3 2 6 6 3 5 7 12 9 10 7 0 2 4 6 5 9 6 9 12 10 7 10 12 0 3 6 0 12 7 10 9 8 11 3 1 8 6 6 5 4 10 2 7 6 7 5 4 11 10 10 10 6 6 
3 3 3 3 3 3 11 3 3 11 6 14 8 3 10 12 5 4 7 8 4 8 10 11 1 11 8 8 4 7 7 8 5 7 8 11 13 11 13 0 8 12 4 8 9 2 4 11 4 9 5 11 11 9 12 3 3 1 5 7 0 7 11 14 10 11 6 4 1 7 10 8 9 5 10 13 12 4 12 14 3 0 9 3 13 8 10 10 7 13 6 2 9 9 9 8 8 8 5 11 4 9 5 8 9 13 12 12 4 9 
10 10 10 10 10 10 13 10 10 13 7 5 2 8 9 3 7 4 1 8 9 10 3 3 7 6 1 10 5 10 2 1 6 3 1 6 5 8 7 9 3 5 4 10 2 9 7 2 9 0 9 3 2 4 3 7 5 7 7 5 9 2 3 6 4 7 7 5 7 1 1 1 7 8 5 7 6 9 4 6 6 9 0 6 7 4 9 4 7 6 3 6 6 0 3 1 3 11 3 3 8 3 6 2 12 4 5 4 8 1 
4 4 4 4 4 4 12 4 4 12 6 11 4 4 10 8 5 2 4 9 6 9 8 9 2 9 5 9 0 8 4 5 5 5 5 10 11 10 11 3 6 10 2 9 6 5 4 8 6 6 6 7 8 7 9 4 2 1 5 6 3 4 7 12 8 10 6 1 2 4 6 5 9 6 9 12 10 6 9 11 0 3 6 0 11 6 10 8 7 11 3 1 8 6 6 4 4 10 2 7 5 6 5 4 10 10 10 10 5 6 
16 16 16 16 16 16 10 16 16 10 7 4 10 10 5 8 8 9 8 6 10 9 3 5 11 2 9 8 11 10 7 6 7 6 6 1 4 3 0 13 5 2 9 8 10 11 9 7 10 7 10 10 6 4 4 10 9 11 8 6 14 7 10 3 3 2 7 12 12 7 8 6 5 9 2 0 1 10 3 4 12 13 7 11 0 4 6 3 6 2 8 11 4 7 10 8 10 9 9 10 9 4 8 10 10 5 2 3 10 8 
11 11 11 11 11 11 9 11 11 9 3 6 6 5 4 6 4 4 4 4 6 7 2 4 6 3 5 6 6 7 2 2 3 1 3 3 5 4 4 8 1 4 4 6 7 7 5 5 6 4 6 8 5 0 4 5 4 6 4 1 9 2 7 6 2 3 4 7 7 3 5 2 3 5 2 5 3 6 4 6 7 8 4 6 4 0 5 2 3 4 3 6 2 4 7 4 6 7 5 7 5 1 3 6 8 5 4 4 6 5 
13 13 13 13 13 13 4 13 13 4 4 9 11 6 0 12 4 8 9 1 5 3 6 9 9 4 11 1 10 4 7 8 4 6 8 4 9 2 6 9 6 7 7 2 12 7 5 11 5 9 5 13 10 5 8 6 7 9 4 4 10 7 13 9 6 3 3 10 9 8 10 8 1 4 4 7 6 5 8 10 10 10 9 10 6 5 0 6 2 7 8 9 3 9 12 9 11 3 9 12 5 6 4 11 3 10 7 8 5 11 
13 13 13 13 13 13 10 13 13 10 6 3 7 8 5 6 6 6 5 5 8 8 0 2 9 2 6 7 8 9 4 3 6 3 3 2 3 4 2 10 2 1 6 7 7 9 7 5 8 4 8 8 3 1 2 8 7 9 7 4 11 4 7 3 0 2 6 9 9 4 5 3 4 7 1 3 1 9 2 4 9 10 4 8 3 2 6 0 5 2 5 8 3 4 7 4 7 9 6 7 8 1 6 7 9 3 1 2 8 6 
11 11 11 11 11 11 6 11 11 6 1 8 9 4 2 10 2 5 7 1 4 3 5 7 6 4 8 2 8 3 4 6 2 4 6 4 9 3 6 7 4 7 5 2 10 5 3 9 4 7 3 11 8 4 7 4 4 6 2 2 8 4 10 9 5 3 1 8 7 6 8 5 1 3 4 7 6 4 7 9 8 7 7 7 6 3 2 5 0 7 6 6 2 7 10 6 9 4 7 10 3 4 2 9 4 8 6 7 4 9 
16 16 16 16 16 16 12 16 16 12 8 2 8 10 7 6 8 9 7 7 11 10 3 3 11 3 8 9 11 11 6 5 8 5 5 3 2 5 1 13 4 0 8 9 8 12 9 6 11 5 10 9 4 4 2 10 9 11 9 6 14 6 8 1 2 3 8 11 12 6 6 5 6 10 3 1 1 11 1 2 11 13 6 11 2 4 7 2 7 0 8 11 5 6 9 7 9 11 9 8 10 4 8 9 11 3 1 1 11 7 
8 8 8 8 8 8 11 8 8 11 4 8 3 5 8 6 4 1 1 7 6 8 4 5 4 6 3 8 3 8 1 2 4 2 2 7 8 8 8 6 3 7 1 8 4 6 4 5 6 3 6 6 5 4 6 5 2 4 5 4 6 1 5 8 5 7 5 3 4 1 3 2 7 6 6 8 7 6 6 8 3 6 3 3 8 3 8 5 6 8 0 3 5 3 4 1 3 9 1 5 5 3 4 3 10 7 6 7 6 3 
5 5 5 5 5 5 11 5 5 11 4 11 5 3 9 9 4 1 4 7 5 8 7 9 1 9 6 8 2 7 4 5 4 5 5 9 11 9 10 2 6 10 2 7 7 3 3 8 4 7 5 8 9 6 9 3 1 0 4 5 3 4 8 12 8 9 5 2 1 4 7 5 8 5 8 11 10 5 9 11 1 2 6 1 11 6 9 8 6 11 3 0 7 6 7 5 5 8 2 8 4 6 4 5 9 10 9 10 4 6 
12 12 12 12 12 12 8 12 12 8 3 6 8 5 2 8 3 6 6 2 6 5 3 5 8 1 7 4 8 6 4 4 3 3 5 2 6 2 4 9 2 4 5 4 9 7 5 7 6 6 5 10 6 2 5 6 5 8 4 2 10 4 9 6 3 1 3 8 8 5 7 4 1 5 1 4 3 6 5 6 8 9 6 8 4 2 3 3 2 5 5 7 0 6 9 6 8 6 7 9 5 3 3 8 6 6 4 5 6 7 
11 11 11 11 11 11 14 11 11 14 7 5 2 8 9 2 7 5 2 8 9 11 3 2 8 6 1 10 6 11 3 1 7 3 1 6 5 8 7 9 3 5 5 10 2 9 7 1 9 0 9 3 2 4 3 8 6 7 8 5 10 3 3 6 4 7 8 6 8 2 0 1 8 9 5 7 5 9 4 5 6 9 0 6 7 4 9 4 7 6 3 6 6 0 3 1 3 11 4 3 8 3 7 3 12 3 4 4 9 1 
10 10 10 10 10 10 16 10 10 16 9 8 1 9 12 3 9 5 3 11 11 13 6 5 8 9 1 12 5 12 5 4 9 5 4 9 7 11 10 9 6 8 6 12 0 10 9 3 11 3 11 1 5 7 6 9 7 7 9 8 9 5 1 9 7 10 10 5 8 3 2 4 10 10 8 10 8 11 7 8 6 9 3 6 10 7 12 7 10 9 4 7 9 3 0 3 1 13 4 1 10 6 8 1 14 6 8 7 10 1 
9 9 9 9 9 9 13 9 9 13 6 6 2 7 8 4 6 3 0 8 8 10 4 4 6 6 1 9 4 9 2 1 6 2 1 7 6 8 7 7 3 6 3 9 3 8 6 3 8 2 8 4 4 3 4 6 4 6 6 4 8 2 4 7 4 7 7 4 6 0 2 1 7 7 5 8 6 8 5 7 5 8 1 4 8 4 9 4 6 7 1 5 6 1 3 0 2 10 2 3 7 3 5 2 11 5 5 5 7 2 
8 8 8 8 8 8 15 8 8 15 8 9 0 8 11 4 8 4 2 10 9 12 6 6 6 9 1 11 3 11 4 4 8 5 4 9 8 11 10 8 6 8 4 11 2 9 7 4 9 4 10 3 6 6 7 8 6 6 8 7 8 4 3 9 7 10 9 3 6 3 3 4 10 9 8 10 9 10 7 9 4 8 3 4 10 6 11 7 9 9 3 5 8 3 1 2 0 12 2 3 8 6 7 0 13 7 8 8 9 2 
11 11 11 11 11 11 2 11 11 2 4 12 12 5 4 14 4 8 10 3 4 0 9 11 8 7 12 1 10 1 8 9 4 8 10 8 12 6 9 8 8 10 7 1 13 5 5 13 4 11 3 15 12 8 11 5 7 8 4 5 9 8 14 12 9 7 3 11 8 10 12 9 4 3 7 10 9 3 11 13 10 8 11 10 9 7 3 9 4 11 9 8 6 11 13 10 12 0 10 14 4 8 5 12 0 12 10 11 4 12 
7 7 7 7 7 7 12 7 7 12 5 9 2 5 9 6 5 1 1 8 7 9 6 6 4 8 3 9 1 9 2 3 5 3 3 8 9 9 9 5 4 8 2 9 4 6 5 5 6 4 7 5 6 5 7 5 3 3 6 5 6 2 5 10 6 8 6 2 4 2 4 3 8 6 7 10 8 7 7 9 2 5 3 2 9 5 9 6 7 9 1 2 7 4 4 2 2 10 0 5 6 4 5 2 11 8 8 8 6 4 
12 12 12 12 12 12 17 12 12 17 10 7 2 10 12 2 10 7 4 11 12 14 6 5 9 9 2 13 6 13 6 4 10 6 4 9 6 11 9 11 6 7 7 13 1 11 10 2 12 3 12 0 4 7 5 10 8 9 10 8 11 6 0 8 7 10 11 6 9 4 2 4 11 11 8 10 8 12 6 7 7 11 3 7 10 7 12 7 10 8 5 8 9 3 1 3 3 14 5 0 11 6 9 2 15 5 7 6 11 1 
7 7 7 7 7 7 7 7 7 7 2 11 8 0 5 11 1 4 7 4 1 3 7 9 3 7 8 4 6 3 5 7 1 5 7 8 11 7 9 3 6 9 3 3 10 1 0 10 0 8 1 11 10 6 9 1 2 4 0 3 5 5 11 11 7 7 2 6 4 6 9 6 5 0 7 10 9 1 9 12 6 4 8 5 9 5 5 8 3 10 5 4 5 8 10 7 8 4 6 11 0 6 1 8 5 11 9 10 0 9 
11 11 11 11 11 11 10 11 11 10 4 5 5 6 6 5 5 4 4 5 7 8 1 3 7 3 4 7 6 8 2 1 4 1 2 3 4 5 4 8 0 3 4 7 6 8 6 4 7 3 7 6 3 0 3 6 5 7 5 2 9 2 6 5 1 4 5 7 7 2 4 1 4 6 2 5 3 7 3 5 7 9 3 6 4 1 6 1 4 4 3 6 3 3 6 3 6 8 4 6 6 0 4 5 9 4 3 3 7 4 
8 8 8 8 8 8 7 8 8 7 0 9 7 2 4 9 0 3 5 3 2 4 5 7 4 5 7 4 5 4 3 5 0 3 5 6 9 5 7 5 4 8 2 3 8 3 1 8 2 7 2 10 8 4 7 2 2 4 1 2 6 3 9 10 6 5 1 6 4 5 7 5 4 2 5 8 7 3 7 10 5 5 6 5 8 3 4 6 2 8 4 4 3 7 8 5 7 5 5 9 1 4 0 7 5 9 7 8 2 7 
9 9 9 9 9 9 15 9 9 15 8 8 0 8 11 4 8 4 1 10 9 12 6 6 6 9 1 11 3 11 4 3 7 4 3 9 8 10 10 8 5 8 4 11 1 9 7 4 9 3 10 3 5 6 6 8 6 6 8 7 8 4 2 9 7 9 9 3 7 2 2 3 10 9 8 10 8 10 7 8 4 8 2 4 10 6 11 7 9 9 3 5 8 3 1 2 0 12 2 2 8 5 7 0 13 7 8 7 9 2 
12 12 12 12 12 12 1 12 12 1 5 13 13 5 4 15 5 9 11 4 4 1 10 12 9 8 13 2 11 2 9 10 5 9 11 8 13 6 10 8 9 11 8 2 14 6 6 14 5 12 4 15 13 8 12 6 8 9 5 6 10 9 15 13 9 7 4 11 9 10 13 10 5 4 8 11 10 4 11 13 11 9 12 10 10 8 3 9 4 11 10 9 6 12 14 11 13 0 11 15 5 9 5 13 0 13 11 12 5 13 
15 15 15 15 15 15 14 15 15 14 9 1 6 11 9 3 9 8 6 9 12 12 3 1 11 5 5 11 9 12 6 4 9 5 4 5 1 7 4 12 4 2 8 11 6 12 10 3 11 3 11 6 1 4 1 11 9 11 10 7 13 6 6 2 3 6 9 10 11 5 4 4 8 11 5 4 3 12 1 1 10 13 4 10 5 5 10 3 8 3 7 10 6 3 6 5 7 12 8 5 11 4 9 7 13 0 2 1 11 5 
14 14 14 14 14 14 12 14 14 12 7 2 7 9 6 5 7 8 6 7 10 10 2 2 10 3 6 9 9 10 5 4 7 4 4 2 2 5 2 12 3 0 7 9 7 11 9 5 10 4 10 8 3 3 1 9 8 10 8 5 13 5 7 2 1 3 7 10 11 5 5 4 5 9 2 2 1 10 1 2 10 12 5 10 2 4 7 1 6 1 6 9 4 4 8 5 8 10 8 7 9 3 7 8 11 2 0 1 10 6 
15 15 15 15 15 15 13 15 15 13 8 1 7 10 7 5 8 8 6 8 11 11 2 1 11 4 6 10 9 11 5 4 8 5 4 4 1 6 3 12 3 1 8 10 7 11 9 4 11 4 10 7 2 3 1 10 9 10 9 6 13 5 7 1 2 4 8 10 11 5 5 4 6 10 3 3 2 11 0 1 10 12 4 10 3 4 8 2 7 1 7 10 5 4 7 5 8 11 8 6 10 3 8 7 12 1 1 0 10 5 
7 7 7 7 7 7 6 7 7 6 2 12 9 0 6 12 2 5 7 4 0 3 8 10 4 8 9 4 6 2 6 7 2 6 8 8 12 7 10 3 7 10 4 3 10 1 1 11 0 9 0 12 10 6 10 1 3 4 1 4 5 5 11 12 8 7 2 6 4 7 9 7 5 1 7 11 9 0 10 12 6 4 8 5 10 6 5 8 4 11 6 4 6 9 10 7 9 4 6 11 0 7 2 9 5 11 10 10 0 10 
11 11 11 11 11 11 15 11 11 15 8 6 1 9 10 2 8 5 2 10 10 12 5 4 8 8 0 11 5 12 4 3 8 4 2 8 6 10 8 9 4 6 5 11 1 10 8 2 10 1 10 2 3 5 4 8 6 7 9 6 10 4 1 7 5 8 9 5 8 2 0 3 9 9 7 8 7 10 5 6 6 9 1 6 8 5 11 6 9 7 3 6 7 1 1 2 2 12 4 1 9 4 7 2 13 5 6 5 10 0 
