100 8143.87 0 1680 14 120
79.47 68.01 49.75 39.68 19.42 2.85 49.6 83.99 85.6 36.92 17.77 59.15 2.31 28.31 40.83 16.71 49.78 81.71 92.46 41.14 19.29 74.08 28.56 80.57 73.33 48.58 28.41 71.58 70.47 97.08 5.37 28.04 50.82 93.64 38.98 59.91 58.62 6.51 50.58 52.63 75.59 31.15 74.36 95.64 30.96 61.83 72.35 84.47 8.37 41.16 92.41 19.48 53.87 4.25 92.44 90.2 63.43 82.78 59.42 87.0 84.89 3.9 41.34 40.9 38.06 9.05 72.06 37.11 49.43 19.8 19.77 86.4 57.09 4.41 98.2 90.38 82.98 68.26 14.44 58.48 61.46 47.33 43.0 38.27 82.46 7.91 52.78 3.15 67.85 24.69 45.97 12.41 20.06 7.1 21.1 82.98 65.51 72.58 17.63 31.58 
76.27 25.14 80.77 40.59 40.65 33.95 14.72 49.53 18.69 20.77 55.14 25.76 13.71 53.69 58.91 28.53 86.81 47.36 81.83 50.36 63.29 67.57 25.01 31.37 56.05 33.06 38.39 83.18 71.24 62.15 22.7 77.32 17.24 10.11 81.71 84.55 41.38 34.29 83.35 19.74 29.79 41.31 44.59 18.25 73.03 58.73 55.82 44.49 28.95 21.97 83.85 85.36 72.57 84.33 66.47 56.34 70.76 23.98 60.03 58.01 67.82 14.6 65.51 77.25 33.38 81.61 60.13 60.58 37.26 29.37 60.6 49.18 44.68 65.47 80.16 13.93 84.03 12.01 55.41 68.88 77.65 46.16 25.68 14.37 59.97 65.46 36.78 48.9 54.91 63.24 86.23 16.7 86.24 11.78 53.82 11.12 73.7 38.82 68.42 42.83 
8 7 5 4 2 1 5 8 8 4 2 6 1 3 4 2 5 8 9 4 2 7 3 8 7 5 3 7 7 9 1 3 5 9 4 6 6 1 5 5 7 3 7 9 3 6 7 8 1 4 9 2 5 1 9 9 6 8 6 8 8 1 4 4 4 1 7 4 5 2 2 8 6 1 9 9 8 7 2 6 6 5 4 4 8 1 5 1 7 3 5 2 2 1 2 8 6 7 2 3 
1 2 3 4 5 6 7 8 9 10 11 12 13 14 15 16 17 18 19 20 21 22 23 24 25 26 27 28 29 30 31 32 33 34 35 36 37 38 39 40 41 42 43 44 45 46 47 48 49 50 51 52 53 54 55 56 57 58 59 60 61 62 63 64 65 66 67 68 69 70 71 72 73 74 75 76 77 78 79 80 81 82 83 84 85 86 87 88 89 90 91 92 93 94 95 96 97 98 99 100 
3 2 2 2 2 3 2 3 3 2 2 2 3 3 2 2 2 3 2 2 2 2 3 3 2 2 3 2 2 2 3 3 2 2 2 2 2 3 2 2 2 3 2 2 3 2 2 3 3 2 2 2 2 3 2 2 2 3 2 3 3 3 2 2 2 3 2 2 2 2 2 3 2 3 2 2 3 2 2 2 2 2 2 2 3 3 2 3 2 3 2 2 2 3 2 3 2 2 2 3 
2 1 1 2 1 2 1 2 2 2 1 2 2 2 2 1 1 2 1 2 1 1 2 2 1 1 2 1 1 1 2 2 1 1 2 2 2 2 1 1 1 2 1 1 2 2 1 2 2 2 1 1 1 2 1 1 2 2 2 2 2 2 2 2 2 2 1 2 1 1 1 2 2 2 1 1 2 1 1 2 2 1 2 2 2 2 1 2 1 2 1 1 1 2 1 2 2 1 1 2 
1 8 8 6 2 2 6 5 5 4 8 7 4 8 9 4 5 3 10 3 2 9 6 10 9 6 2 1 5 8 5 2 3 3 10 6 10 3 2 9 4 7 10 7 5 10 9 6 7 5 4 7 7 9 9 10 1 10 7 2 4 5 7 10 1 5 9 8 3 2 4 2 10 8 2 2 7 7 10 3 4 3 1 9 9 9 4 5 7 1 8 5 7 2 1 7 10 7 10 3 
3251.83 3327.3 3626.47 3230.52 4445.19 3848.75 3128.08 3655.39 3647.16 3824.45 3574.01 4210.07 4460.81 3502.3 3106.46 4341.8 3588.91 3850.15 3594.78 4171.13 3966.92 3090.86 3141.7 3639.28 3111.65 3153.16 4138.85 3259.51 3309.23 3167.19 3209.33 3971.08 3885.89 4751.62 3494.55 3215.01 3556.82 3535.53 3871.58 3110.44 4031.33 3956.36 3658.58 4026.6 3575.53 3643.96 3100.28 3202.26 4190.95 3336.35 4212.98 4322.21 3999.01 3123.55 3093.04 3609.89 3306.67 3430.48 4464.78 4341.97 3790.53 3225.56 4369.83 3574.97 3271.06 3572.05 3113.29 3485.33 3716.13 3652.79 4356.98 4415.2 3562.24 3323.05 3676.64 3728.3 4049.48 4421.54 3649.98 4130.93 4390.23 4666.3 3254.51 3100.69 3095.66 3100.64 4056.92 3288.99 3635.07 3292.38 3289.59 3253.23 3756.13 4335.89 3310.29 4272.3 3507.29 3661.73 3479.17 3466.48 
0.42 0.08 0.08 0.81 0.3 0.31 0.81 0.63 0.66 0.35 0.17 0.44 0.27 0.14 0.82 0.34 0.53 0.5 0.88 0.29 0.31 0.91 0.8 0.86 0.77 0.8 0.27 0.64 0.51 0.06 0.67 0.29 0.53 0.51 0.84 0.81 0.89 0.57 0.3 0.92 0.33 0.1 0.95 0.2 0.58 0.95 0.86 0.81 0.45 0.51 0.36 0.1 0.35 0.8 0.93 0.72 0.31 0.76 0.38 0.31 0.35 0.64 0.27 0.89 0.1 0.58 0.84 0.07 0.34 0.29 0.32 0.31 0.95 0.05 0.31 0.29 0.32 0.17 0.81 0.33 0.32 0.52 0.53 0.87 0.93 0.8 0.24 0.48 0.37 0.15 0.04 0.66 0.11 0.31 0.25 0.05 0.75 0.1 0.73 0.27 
0.77 0.54 0.71 0.86 0.99 0.81 1.0 1.0 0.61 0.92 0.57 0.63 1.0 0.62 0.98 0.82 0.83 0.78 0.97 0.69 1.0 0.61 0.74 1.0 0.64 0.92 1.0 0.99 0.93 1.0 0.66 0.62 1.0 0.66 0.68 0.86 0.6 1.0 1.0 0.87 0.93 0.77 0.65 0.91 0.66 0.89 0.83 0.89 0.73 0.98 1.0 0.79 0.7 0.68 0.56 0.83 0.71 1.0 1.0 0.88 0.99 0.54 0.78 1.0 1.0 0.5 0.62 0.95 1.0 1.0 0.97 1.0 0.51 0.79 0.9 0.77 0.83 0.89 0.65 0.51 0.8 0.93 0.69 1.0 0.65 0.93 1.0 0.76 0.96 0.92 0.76 0.89 0.87 0.67 1.0 0.81 0.92 1.0 0.53 0.56 
1.0 1.0 0.67 0.85 0.93 0.72 0.88 0.93 1.0 0.8 0.52 0.7 0.81 0.51 0.72 0.62 1.0 0.59 0.51 0.79 0.56 0.58 0.62 0.7 0.63 0.99 1.0 0.91 0.84 0.97 0.9 1.0 0.81 0.87 0.87 1.0 1.0 0.71 0.68 0.99 1.0 0.57 0.61 0.84 0.73 0.98 0.79 0.98 1.0 0.67 0.77 0.6 0.63 0.77 0.87 0.67 1.0 0.6 0.55 0.65 0.52 0.77 0.51 0.96 0.67 1.0 0.74 0.69 0.67 0.59 0.96 0.6 0.61 0.51 0.93 0.96 0.67 0.73 1.0 0.7 0.51 0.87 0.78 0.95 0.94 0.52 1.0 0.53 0.9 0.93 0.82 0.95 0.72 0.97 0.94 0.76 0.67 0.78 0.97 0.75 
0.95 0.84 1.0 0.59 0.77 1.0 1.0 0.76 1.0 0.7 0.59 0.92 0.58 1.0 0.93 0.56 0.86 0.56 0.57 0.56 0.62 0.92 0.6 0.58 1.0 0.7 0.68 0.98 1.0 0.73 0.61 0.64 1.0 0.99 0.89 0.52 1.0 0.82 0.93 0.87 0.79 0.88 0.93 0.91 1.0 0.73 0.66 0.52 1.0 0.82 0.57 0.54 1.0 0.9 1.0 0.96 0.94 0.73 1.0 0.82 0.72 0.7 0.61 0.87 1.0 0.99 0.68 0.56 0.59 0.51 0.85 0.71 0.65 1.0 0.76 1.0 0.94 1.0 0.69 0.97 0.78 0.75 0.94 0.58 0.85 0.69 0.57 1.0 0.62 0.91 1.0 0.83 0.89 0.55 0.73 0.93 1.0 0.58 0.73 0.69 
1.0 0.96 0.66 1.0 0.73 1.0 1.0 0.55 0.62 0.54 0.95 0.69 0.8 1.0 1.0 0.56 1.0 0.71 0.5 1.0 0.56 0.66 1.0 0.68 1.0 0.54 0.62 1.0 0.9 0.92 0.66 0.99 1.0 0.51 0.86 0.67 0.79 0.74 0.99 0.56 1.0 0.62 0.76 1.0 0.56 1.0 0.5 0.63 0.93 1.0 0.74 0.94 0.98 0.95 0.54 0.61 0.61 0.98 0.6 0.55 0.68 0.84 0.69 0.7 1.0 1.0 0.8 0.98 0.88 0.95 1.0 0.64 0.53 0.68 0.91 0.9 0.85 0.8 0.52 0.54 0.82 1.0 0.98 0.7 0.65 0.75 0.62 0.51 0.94 1.0 0.96 0.83 0.67 0.51 0.5 1.0 0.91 1.0 1.0 1.0 
0.99 0.81 0.85 0.75 0.56 0.71 0.82 0.59 0.94 0.59 0.61 0.66 0.95 1.0 0.76 0.57 0.95 0.61 0.53 0.55 0.81 0.76 0.77 0.63 0.84 0.53 0.53 1.0 0.82 0.61 0.99 0.61 0.99 1.0 0.83 0.81 0.5 0.97 0.87 0.81 0.76 1.0 0.72 1.0 1.0 0.72 0.52 0.88 0.76 1.0 0.96 0.9 0.54 0.88 1.0 0.82 1.0 0.56 0.65 0.82 1.0 0.92 0.71 0.85 0.61 1.0 0.54 0.95 0.66 0.81 0.58 0.69 0.83 0.84 1.0 1.0 0.9 0.94 0.86 0.93 0.73 0.79 0.7 0.7 0.66 0.66 0.92 0.62 0.55 0.51 0.72 0.62 0.98 1.0 0.83 1.0 0.9 1.0 0.95 1.0 
0.72 0.36 0.26 0.32 0.29 0.41 0.71 0.23 0.35 0.16 0.1 0.18 0.36 0.31 0.49 0.09 0.68 0.11 0.07 0.17 0.16 0.17 0.21 0.17 0.34 0.18 0.23 0.88 0.58 0.4 0.23 0.24 0.8 0.29 0.37 0.24 0.24 0.43 0.55 0.34 0.56 0.24 0.2 0.69 0.27 0.46 0.12 0.25 0.51 0.54 0.31 0.22 0.23 0.4 0.27 0.27 0.41 0.24 0.21 0.21 0.25 0.22 0.12 0.49 0.4 0.5 0.13 0.34 0.23 0.23 0.46 0.19 0.09 0.23 0.58 0.67 0.4 0.49 0.2 0.17 0.19 0.48 0.35 0.27 0.22 0.17 0.32 0.13 0.28 0.4 0.43 0.36 0.36 0.18 0.29 0.58 0.51 0.46 0.35 0.29 
939.65 888.9 900.48 1360.01 881.59 865.94 1038.99 1079.18 888.88 1051.06 1016.41 823.09 1253.01 1243.13 1574.17 1151.24 920.9 2428.56 1310.29 1550.93 749.56 1679.46 1464.93 1493.77 2117.17 1266.83 850.08 1098.16 1061.8 858.82 963.34 1145.09 2138.62 2166.89 1645.34 1466.96 1464.15 3040.15 784.62 1627.64 1466.98 513.59 1579.05 487.34 1010.61 1306.83 1510.43 1278.42 890.3 751.98 1101.17 593.9 629.1 1927.32 1594.24 1212.98 779.82 1661.36 914.87 1015.82 1084.44 899.98 499.61 1529.53 700.79 906.37 1907.31 1096.59 1845.51 923.54 1416.0 685.94 1297.47 745.89 865.71 774.29 630.8 610.64 1508.85 1849.03 1182.69 1933.39 1061.24 2111.69 2060.51 2387.38 1163.48 771.63 618.32 835.81 793.95 762.67 669.31 824.89 883.46 558.62 1460.28 656.61 1370.05 1965.8 
671.19 258.81 209.95 455.72 223.02 387.16 751.81 275.17 340.83 193.58 97.25 153.46 477.55 398.9 831.53 97.98 606.93 186.01 61.82 247.95 125.96 256.18 378.92 267.25 656.95 255.08 179.8 957.05 606.32 376.22 239.64 304.88 1754.63 672.27 609.33 315.36 373.42 1263.88 490.88 506.12 806.07 110.44 386.67 348.43 288.06 572.87 194.8 361.87 491.6 388.55 393.82 114.18 118.16 699.39 380.99 336.33 301.52 337.91 219.28 225.14 283.41 184.12 63.63 768.48 282.4 471.93 237.01 379.24 391.33 203.55 623.23 147.95 109.17 166.55 475.53 511.92 236.09 327.59 287.65 432.17 168.73 961.16 392.2 600.73 557.18 407.77 403.9 68.64 167.22 372.9 343.92 233.08 244.24 128.81 254.23 322.19 737.53 275.34 465.65 459.75 
4198.24 3944.48 4002.4 6300.06 3907.96 3829.69 4694.93 4895.9 3944.38 4755.29 4582.07 3615.45 5765.05 5715.63 7370.84 5256.21 4104.52 11642.78 6051.45 7254.63 3247.78 7897.28 6824.64 6968.86 10085.84 5834.17 3750.39 4990.8 4808.99 3794.09 4316.7 5225.43 10193.12 10334.47 7726.69 6834.78 6820.73 14700.75 3423.08 7638.2 6834.9 2067.96 7395.27 1936.69 4553.04 6034.15 7052.13 5892.1 3951.49 3259.92 5005.86 2469.52 2645.48 9136.58 7471.21 5564.92 3399.08 7806.79 4074.35 4579.11 4922.2 3999.91 1998.03 7147.66 3003.95 4031.85 9036.57 4982.97 8727.53 4117.72 6580.0 2929.7 5987.37 3229.46 3828.55 3371.47 2653.99 2553.18 7044.23 8745.14 5413.44 9166.96 4806.18 10058.46 9802.57 11436.88 5317.41 3358.14 2591.6 3679.04 3469.76 3313.34 2846.56 3624.46 3917.31 2293.1 6801.4 2783.06 6350.23 9329.0 
2855.94 794.03 549.75 1778.58 615.12 1435.78 3259.03 875.87 1204.15 467.88 -13.75 267.28 1887.74 1494.51 3657.67 -10.09 2534.63 430.03 -190.89 739.73 129.82 780.91 1394.59 836.25 2784.77 775.41 399.01 4285.25 2531.58 1381.08 698.22 1024.39 8273.15 2861.35 2546.67 1076.81 1367.09 5819.38 1954.38 2030.59 3530.35 52.22 1433.36 1242.17 940.28 2364.33 473.98 1309.35 1957.99 1442.76 1469.12 70.88 90.81 2996.93 1404.97 1181.63 1007.59 1189.53 596.38 625.69 917.04 420.6 -181.83 3342.4 912.0 1859.65 685.05 1396.2 1456.66 517.73 2616.14 239.77 45.84 332.75 1877.67 2059.62 680.43 1137.94 938.24 1660.85 343.64 4305.79 1460.99 2503.64 2285.89 1538.84 1519.49 -156.79 336.1 1364.5 1219.58 665.42 721.19 144.07 771.15 1110.94 3187.63 876.69 1828.27 1798.75 
130.07 99.82 108.79 96.92 133.36 153.95 93.84 146.22 145.89 114.73 107.22 126.3 178.43 140.09 93.19 130.25 107.67 154.01 107.84 125.13 119.01 92.73 125.67 145.57 93.35 94.59 165.55 97.79 99.28 95.02 128.37 158.84 116.58 142.55 104.84 96.45 106.7 141.42 116.15 93.31 120.94 158.25 109.76 120.8 143.02 109.32 93.01 128.09 167.64 100.09 126.39 129.67 119.97 124.94 92.79 108.3 99.2 137.22 133.94 173.68 151.62 129.02 131.09 107.25 98.13 142.88 93.4 104.56 111.48 109.58 130.71 176.61 106.87 132.92 110.3 111.85 161.98 132.65 109.5 123.93 131.71 139.99 97.64 93.02 123.83 124.03 121.71 131.56 109.05 131.7 98.69 97.6 112.68 173.44 99.31 170.89 105.22 109.85 104.38 138.66 
13 9 10 9 12 16 8 15 15 10 10 12 19 15 8 12 10 16 10 11 11 8 13 15 8 9 17 9 9 9 13 17 11 13 9 9 10 15 11 8 11 16 10 11 15 10 8 13 17 9 12 12 11 13 8 10 9 14 12 18 16 13 12 10 9 15 8 9 10 10 12 18 10 14 10 10 17 12 10 11 12 13 9 8 13 13 11 14 10 14 9 9 10 18 9 18 10 10 9 14 
34 3 81 81 103 93 82 43 51 48 88 59 98 64 9 55 86 90 76 62 3 40 110 87 118 29 80 100 43 84 113 9 70 16 25 46 16 101 61 29 74 111 75 90 39 80 18 45 116 34 102 112 88 60 72 89 115 57 63 115 94 93 67 111 102 54 71 103 113 94 38 116 54 50 101 65 94 24 11 69 36 54 35 0 23 6 88 8 21 26 62 119 94 21 31 78 62 115 19 11 
84 44 120 102 120 116 120 82 120 106 120 95 120 87 120 120 120 120 120 120 17 54 120 120 120 120 120 120 120 101 120 72 120 34 99 118 120 120 120 103 120 120 120 120 100 120 37 116 120 95 120 120 120 90 102 120 120 120 120 120 113 111 120 120 120 68 85 120 120 120 120 120 107 108 120 99 120 87 76 120 101 86 74 105 120 82 120 108 40 115 92 120 120 46 120 96 103 120 60 105 
2
0.0 0.0 
0.0 0.0 
0 0 7 5 6 4 3 2 3 6 6 3 4 4 0 4 5 2 7 6 8 4 4 7 2 6 6 4 3 7 7 8 1 5 3 6 6 7 5 2 6 4 5 3 6 6 5 6 6 6 2 3 8 6 6 6 8 7 6 6 6 7 7 1 5 6 3 5 6 5 4 2 4 7 5 4 9 6 8 4 4 6 7 4 3 2 7 4 4 3 6 4 6 1 6 0 4 5 7 5 5 3 
0 0 7 5 6 4 3 2 3 6 6 3 4 4 0 4 5 2 7 6 8 4 4 7 2 6 6 4 3 7 7 8 1 5 3 6 6 7 5 2 6 4 5 3 6 6 5 6 6 6 2 3 8 6 6 6 8 7 6 6 6 7 7 1 5 6 3 5 6 5 4 2 4 7 5 4 9 6 8 4 4 6 7 4 3 2 7 4 4 3 6 4 6 1 6 0 4 5 7 5 5 3 
7 7 0 3 2 3 4 6 4 1 4 4 4 3 7 3 3 5 2 2 1 3 4 0 5 3 1 3 4 0 0 1 6 3 4 4 2 1 2 6 2 4 3 4 2 4 3 1 1 2 6 4 1 4 1 5 1 1 1 3 1 1 0 6 2 2 4 5 1 3 3 5 4 1 2 5 1 4 0 4 4 1 1 3 4 5 1 5 3 5 1 4 2 6 4 6 4 4 1 2 4 4 
5 5 3 0 4 2 3 4 1 2 1 2 4 0 4 3 3 3 4 1 4 2 4 3 2 1 2 1 2 4 3 3 4 4 1 2 4 4 1 4 4 1 0 2 1 2 4 2 2 1 4 1 4 5 3 6 3 2 3 1 2 2 3 4 3 4 2 5 2 3 1 3 4 2 1 5 4 1 4 0 4 3 3 2 1 2 2 5 1 4 2 4 4 4 5 4 3 1 3 1 4 2 
6 6 2 4 0 2 3 4 4 3 5 4 2 3 5 2 1 4 0 3 3 2 2 1 4 4 2 3 3 1 1 3 5 1 4 5 0 0 2 4 0 4 4 3 3 5 1 1 2 3 4 4 3 2 0 3 3 3 1 4 1 3 2 5 1 0 3 2 2 1 3 4 2 3 2 3 3 5 2 5 3 1 0 2 3 4 2 3 3 4 2 2 0 5 2 5 2 5 1 3 2 3 
4 4 3 2 2 0 1 2 1 3 3 1 1 1 3 1 1 1 3 3 4 0 2 3 1 2 2 0 0 3 3 4 2 2 1 4 2 3 1 2 3 1 2 0 2 4 2 2 2 3 2 1 4 3 2 4 4 3 2 3 1 3 3 3 1 2 0 3 2 1 0 1 2 3 1 3 5 4 4 2 2 2 3 0 1 1 3 2 0 2 2 1 3 2 3 3 1 3 2 2 2 0 
3 3 4 3 3 1 0 1 2 4 4 1 1 3 2 1 2 0 3 4 5 1 1 4 1 4 4 2 0 4 4 5 1 2 2 5 3 4 2 1 3 2 4 0 3 5 2 3 3 4 1 2 6 3 3 3 5 5 3 4 3 4 5 2 2 3 1 3 4 1 2 0 1 4 2 2 6 5 5 4 1 3 4 2 1 2 4 1 2 1 3 1 3 1 3 2 0 5 4 3 1 0 
2 2 6 4 4 2 1 0 3 5 6 2 1 4 1 2 3 1 5 5 7 2 2 5 1 5 5 3 1 6 5 7 0 3 3 6 4 5 4 0 4 3 5 2 5 6 3 4 5 5 0 2 7 3 4 3 6 6 5 5 4 6 6 1 3 4 2 3 5 3 3 1 2 6 3 2 7 6 6 4 1 4 5 3 2 2 5 2 3 1 4 2 4 1 3 1 1 5 5 4 2 2 
3 3 4 1 4 1 2 3 0 3 2 1 3 1 3 3 3 2 5 3 5 2 4 4 1 2 3 1 2 5 4 4 3 4 0 3 4 5 2 3 4 0 2 2 2 3 4 3 3 3 3 0 5 5 4 5 4 4 4 2 3 4 4 3 3 4 1 5 3 3 1 2 3 3 2 4 5 2 5 1 3 3 4 2 0 0 3 4 1 4 3 3 5 2 5 3 3 2 4 2 4 2 
6 6 1 2 3 3 4 5 3 0 2 3 4 2 6 3 3 5 3 0 2 3 4 1 4 1 0 2 4 2 1 1 5 4 3 2 3 3 1 5 3 3 1 3 0 2 4 1 0 0 5 3 2 5 2 6 1 0 2 1 1 0 1 6 3 3 3 5 1 3 2 4 4 0 1 5 2 2 2 2 4 2 2 2 3 4 0 5 2 5 1 4 3 5 5 6 4 2 2 1 4 3 
6 6 4 1 5 3 4 6 2 2 0 3 5 1 5 4 4 4 5 2 4 3 5 3 4 0 2 2 4 4 3 3 5 5 2 0 5 5 2 5 5 2 1 4 2 0 5 3 2 1 5 3 4 6 4 7 3 2 4 0 3 2 3 5 4 5 3 7 3 4 2 4 5 2 2 6 4 0 4 1 5 4 4 3 3 3 2 6 2 6 2 5 5 5 6 5 5 0 4 1 6 4 
3 3 4 2 4 1 1 2 1 3 3 0 2 1 2 2 2 1 4 3 5 2 3 4 0 3 3 1 1 5 4 5 2 4 1 4 4 4 2 2 4 1 2 1 3 4 3 3 3 3 2 0 6 4 3 5 5 4 4 3 3 4 4 2 3 4 0 4 3 2 1 1 3 4 2 3 6 3 5 2 2 3 4 1 0 0 4 3 1 3 3 3 4 1 4 2 2 3 4 2 3 1 
4 4 4 4 2 1 1 1 3 4 5 2 0 3 3 0 1 1 3 4 5 1 0 4 2 4 3 2 1 4 3 5 2 1 3 6 2 3 3 1 3 3 4 1 4 6 1 3 3 4 1 2 5 2 2 2 5 5 3 5 2 4 4 3 1 2 2 1 3 1 2 1 0 4 2 1 6 5 5 4 0 3 3 2 2 3 4 1 2 1 3 0 2 2 2 3 0 5 3 4 0 1 
4 4 3 0 3 1 3 4 1 2 1 1 3 0 4 2 2 3 4 2 4 2 3 3 2 1 2 0 2 4 3 3 3 4 0 2 4 4 1 3 4 0 1 2 1 2 3 2 2 2 3 1 4 5 3 5 3 3 3 1 2 3 3 4 3 3 1 5 2 2 1 2 3 2 1 4 4 2 4 1 3 3 3 1 1 1 2 4 0 4 2 3 4 3 5 3 3 1 3 1 4 2 
0 0 7 4 5 3 2 1 3 6 5 2 3 4 0 3 4 1 6 6 8 3 3 6 2 5 5 3 2 7 6 7 0 4 3 6 5 6 4 1 6 3 5 2 5 6 4 5 5 6 1 2 8 5 5 5 7 6 5 5 5 6 7 0 4 5 2 4 5 4 3 1 3 6 4 3 8 6 7 4 3 5 6 3 3 2 6 3 3 2 5 3 6 0 5 0 3 5 6 5 4 2 
4 4 3 3 2 1 1 2 3 3 4 2 0 2 3 0 0 1 2 3 5 0 0 3 2 4 3 2 1 3 3 4 2 1 3 5 2 3 2 2 2 2 3 0 3 5 1 2 3 4 2 2 5 2 2 2 4 4 2 4 2 4 4 3 1 1 1 2 3 0 1 1 0 4 2 1 5 5 4 4 0 2 2 1 2 2 3 1 2 1 2 0 2 2 2 3 0 4 3 3 1 0 
5 5 3 3 1 1 2 3 3 3 4 2 1 2 4 0 0 2 2 3 4 0 1 2 2 3 2 1 1 2 2 4 3 1 3 5 1 2 1 3 1 2 3 1 2 4 1 1 2 3 3 2 4 2 1 3 3 3 1 3 1 3 3 4 0 1 1 2 2 0 1 2 1 3 1 2 4 4 3 3 1 1 1 1 2 3 2 2 1 2 1 1 1 3 2 4 1 4 2 2 1 1 
2 2 5 3 4 1 0 1 2 5 4 1 1 3 1 1 2 0 4 4 6 2 2 4 0 4 4 2 1 5 4 6 0 3 2 5 4 5 3 0 4 2 4 1 4 5 3 3 4 4 0 1 6 4 4 4 6 5 4 4 3 5 5 1 3 3 1 3 4 2 2 0 2 5 3 2 6 5 6 3 1 4 4 2 1 1 5 2 2 1 4 2 4 0 4 1 1 4 4 4 2 1 
7 7 2 4 0 3 3 5 5 3 5 4 3 4 6 2 2 4 0 3 3 2 2 2 4 4 2 3 3 1 1 3 5 1 4 6 0 0 3 4 0 4 4 3 3 5 1 2 2 3 5 4 3 2 1 3 3 3 1 5 2 3 2 6 1 0 3 2 2 2 3 4 2 3 3 3 3 5 2 5 3 1 1 2 4 5 3 3 3 4 2 2 0 5 2 6 3 5 1 3 2 3 
6 6 2 1 3 3 4 5 3 0 2 3 4 2 6 3 3 4 3 0 2 2 4 1 4 1 0 2 3 2 1 1 5 4 3 2 3 3 1 5 3 2 1 3 0 2 4 1 0 0 5 3 2 5 2 6 1 0 2 1 1 0 1 6 3 3 3 5 1 3 2 4 4 0 1 5 2 2 2 2 4 2 2 2 3 3 0 5 2 5 1 4 3 5 5 5 4 2 2 0 4 3 
8 8 1 4 3 4 5 7 5 2 4 5 5 4 8 5 4 6 3 2 0 4 5 1 6 3 2 4 5 1 1 1 7 4 5 5 3 2 3 7 2 5 3 5 2 4 4 2 2 2 7 5 0 5 2 6 1 1 2 4 2 1 1 7 3 3 5 5 2 4 4 6 5 2 3 6 0 4 0 5 5 2 2 4 5 6 1 6 4 6 2 5 3 7 5 7 5 5 2 3 5 5 
4 4 3 2 2 0 1 2 2 3 3 2 1 2 3 0 0 2 2 2 4 0 1 2 2 3 2 1 1 3 2 4 3 2 2 4 2 2 1 2 2 2 2 0 2 4 1 1 2 3 2 2 4 2 1 3 3 3 2 3 1 3 3 3 1 1 1 3 2 0 1 2 1 3 1 2 4 4 3 3 1 1 2 0 1 2 3 2 1 2 1 1 2 3 2 3 1 4 2 2 2 0 
4 4 4 4 2 2 1 2 4 4 5 3 0 3 3 0 1 2 2 4 5 1 0 3 2 4 3 3 1 3 3 5 3 1 3 6 1 3 3 2 2 3 4 1 4 6 1 3 3 4 2 3 5 1 2 1 5 5 3 5 2 4 4 3 1 1 2 1 3 1 2 2 0 4 3 1 5 6 4 5 0 2 3 2 3 3 4 0 3 1 3 0 2 3 1 3 0 5 3 4 0 1 
7 7 0 3 1 3 4 5 4 1 3 4 4 3 6 3 2 4 2 1 1 2 3 0 4 2 0 3 3 1 0 1 5 3 3 4 2 1 2 5 2 3 2 3 1 3 3 1 0 1 5 4 1 4 1 5 1 1 0 3 1 1 0 6 2 2 3 4 0 2 2 4 3 1 2 4 1 4 1 3 4 1 1 2 3 4 0 4 2 5 1 3 2 5 4 6 3 4 0 2 4 3 
2 2 5 2 4 1 1 1 1 4 4 0 2 2 2 2 2 0 4 4 6 2 2 4 0 3 3 1 0 5 4 5 1 3 1 4 4 4 2 1 4 1 3 1 3 4 3 3 3 4 1 0 6 4 3 4 5 4 4 3 3 4 5 1 3 3 0 4 3 2 1 0 2 4 2 3 6 4 5 2 2 3 4 2 1 1 4 3 1 2 3 2 4 1 4 1 2 4 4 3 3 1 
6 6 3 1 4 2 4 5 2 1 0 3 4 1 5 4 3 4 4 1 3 3 4 2 3 0 1 2 3 3 2 2 5 4 2 1 4 4 1 5 4 2 0 3 1 1 4 2 1 0 5 2 3 5 3 6 2 1 3 0 2 1 2 5 3 4 3 6 2 3 2 4 4 1 1 5 3 1 3 1 5 3 3 2 2 3 2 5 2 5 1 4 4 4 5 5 4 1 3 0 5 3 
6 6 1 2 2 2 4 5 3 0 2 3 3 2 5 3 2 4 2 0 2 2 3 0 3 1 0 2 3 1 1 1 5 3 3 3 3 2 1 5 2 2 1 3 0 3 3 0 0 1 5 3 2 4 1 5 1 1 1 2 1 0 1 5 2 2 2 4 0 2 2 4 3 1 1 4 2 3 2 3 4 1 1 1 3 3 0 4 2 5 0 3 2 5 4 5 3 3 1 1 4 3 
4 4 3 1 3 0 2 3 1 2 2 1 2 0 3 2 1 2 3 2 4 1 3 3 1 2 2 0 1 3 3 4 3 3 1 3 3 3 0 3 3 0 1 1 2 3 3 2 2 2 2 0 4 4 2 4 3 3 2 2 2 3 3 3 2 3 0 4 2 2 0 2 2 2 1 3 4 3 4 2 2 2 3 0 0 1 3 3 0 3 2 2 3 2 4 3 2 2 3 1 3 1 
3 3 4 2 3 0 0 1 2 4 4 1 1 2 2 1 1 1 3 3 5 1 1 3 0 3 3 1 0 4 3 5 1 2 2 5 3 3 2 1 3 2 3 0 3 5 2 2 3 4 1 1 5 3 3 3 4 4 3 4 2 4 4 2 2 2 0 3 3 1 1 0 1 4 2 2 5 4 5 3 1 3 3 1 1 1 4 2 1 1 3 1 3 1 3 2 1 4 3 3 2 0 
7 7 0 4 1 3 4 6 5 2 4 5 4 4 7 3 2 5 1 2 1 3 3 1 5 3 1 3 4 0 0 2 6 3 4 5 2 0 3 5 1 4 3 4 2 4 2 1 1 2 5 4 1 3 1 4 1 2 1 4 1 2 1 6 2 2 4 4 1 2 3 5 4 2 2 4 1 5 0 5 4 1 0 3 4 5 1 4 3 5 2 3 1 6 3 6 4 5 0 3 3 4 
7 7 0 3 1 3 4 5 4 1 3 4 3 3 6 3 2 4 1 1 1 2 3 0 4 2 1 3 3 0 0 2 5 3 4 4 2 1 2 5 1 3 2 3 1 4 2 1 1 2 5 4 1 3 1 4 1 1 0 3 1 1 1 6 2 2 3 4 0 2 2 4 3 1 2 4 2 4 1 4 4 0 0 2 3 4 1 4 2 5 1 3 2 5 3 6 3 4 0 2 3 3 
8 8 1 3 3 4 5 7 4 1 3 5 5 3 7 4 4 6 3 1 1 4 5 1 5 2 1 4 5 2 2 0 7 5 4 3 4 3 3 6 3 4 2 4 2 3 4 2 1 1 6 4 1 5 3 6 0 0 2 2 2 0 0 7 3 4 4 6 1 4 3 5 5 1 3 6 1 3 1 4 5 2 2 3 4 5 1 6 3 6 2 5 4 6 5 7 5 3 2 2 5 4 
1 1 6 4 5 2 1 0 3 5 5 2 2 3 0 2 3 0 5 5 7 3 3 5 1 5 5 3 1 6 5 7 0 4 3 6 4 5 4 0 5 3 5 2 5 6 4 4 5 5 0 2 7 4 4 4 6 6 5 5 4 6 6 0 3 4 2 4 5 3 3 1 2 6 4 3 7 6 7 4 2 5 5 3 2 2 6 3 3 1 5 3 5 0 4 0 2 5 5 4 3 2 
5 5 3 4 1 2 2 3 4 4 5 4 1 4 4 1 1 3 1 4 4 2 1 3 3 4 3 3 2 3 3 5 4 0 4 6 0 2 3 3 1 4 4 2 4 6 0 2 3 4 3 4 4 0 1 1 4 4 2 5 2 4 4 4 1 0 3 1 3 1 3 3 1 4 3 1 5 6 3 5 1 2 2 2 3 4 4 1 3 2 3 1 1 4 0 4 1 6 2 4 0 2 
3 3 4 1 4 1 2 3 0 3 2 1 3 0 3 3 3 2 4 3 5 2 3 3 1 2 3 1 2 4 4 4 3 4 0 3 4 4 1 3 4 0 1 2 2 3 4 3 3 3 3 0 5 5 3 5 4 3 3 2 3 3 4 3 3 4 1 5 3 3 1 2 3 3 2 4 5 2 5 1 3 3 4 2 0 0 3 4 1 4 2 3 4 2 5 3 3 2 4 2 4 2 
6 6 4 2 5 4 5 6 3 2 0 4 6 2 6 5 5 5 6 2 5 4 6 4 4 1 3 3 5 5 4 3 6 6 3 0 6 5 3 6 6 3 1 4 2 0 6 4 3 2 6 3 5 7 5 8 4 3 4 1 4 3 4 6 5 6 4 7 3 5 3 5 6 2 3 7 5 0 5 1 6 4 5 4 3 3 3 7 3 7 3 6 6 5 7 6 6 0 4 2 6 5 
6 6 2 4 0 2 3 4 4 3 5 4 2 4 5 2 1 4 0 3 3 2 1 2 4 4 3 3 3 2 2 4 4 0 4 6 0 1 3 4 0 4 4 2 3 6 0 2 3 4 4 4 3 1 1 2 3 4 1 5 2 3 3 5 1 0 3 2 2 1 3 3 2 4 2 2 4 6 3 5 2 1 1 2 4 4 3 2 3 3 2 1 0 5 1 5 2 5 1 3 1 2 
7 7 1 4 0 3 4 5 5 3 5 4 3 4 6 3 2 5 0 3 2 2 3 1 4 4 2 3 3 0 1 3 5 2 4 5 1 0 3 5 0 4 4 3 3 5 2 1 2 3 5 4 2 2 0 3 2 2 1 4 1 2 2 6 1 1 3 3 1 2 3 4 3 3 2 4 2 5 1 5 3 1 0 2 4 5 2 3 3 4 2 2 1 5 2 6 3 5 0 3 3 3 
5 5 2 1 2 1 2 4 2 1 2 2 3 1 4 2 1 3 3 1 3 1 3 2 2 1 1 0 2 3 2 3 4 3 1 3 3 3 0 3 3 1 1 1 1 3 3 1 1 1 3 1 3 4 2 4 3 2 2 2 1 2 2 4 2 2 1 4 1 2 0 2 3 2 0 4 3 2 3 2 3 1 2 0 1 2 2 4 0 3 1 2 3 3 4 4 2 2 2 1 3 1 
2 2 6 4 4 2 1 0 3 5 5 2 1 3 1 2 3 0 4 5 7 2 2 5 1 5 5 3 1 5 5 6 0 3 3 6 4 5 3 0 4 3 4 1 4 6 3 4 4 5 0 2 7 3 4 3 6 6 4 5 4 5 6 1 3 3 2 3 5 2 3 1 2 5 3 2 7 6 6 4 1 4 4 3 2 2 5 2 3 1 4 2 4 1 3 1 1 5 5 4 2 1 
6 6 2 4 0 3 3 4 4 3 5 4 3 4 6 2 1 4 0 3 2 2 2 2 4 4 2 3 3 1 1 3 5 1 4 6 0 0 3 4 0 4 4 3 3 5 1 1 2 3 4 4 2 2 0 3 3 3 1 4 1 3 2 5 1 0 3 2 2 1 3 4 2 3 2 3 3 5 2 5 3 1 0 2 4 5 2 3 3 4 2 2 0 5 2 5 2 5 1 3 2 3 
4 4 4 1 4 1 2 3 0 3 2 1 3 0 3 2 2 2 4 2 5 2 3 3 1 2 2 0 2 4 3 4 3 4 0 3 4 4 1 3 4 0 1 2 2 3 4 2 2 2 3 0 5 5 3 5 4 3 3 2 2 3 4 3 3 4 1 5 3 3 1 2 3 3 1 4 5 2 5 1 3 3 4 1 0 1 3 4 1 4 2 3 4 2 5 3 3 2 3 1 4 2 
5 5 3 0 4 2 4 5 2 1 1 2 4 1 5 3 3 4 4 1 3 2 4 2 3 0 1 1 3 3 2 2 5 4 1 1 4 4 1 4 4 1 0 3 1 1 4 2 1 1 4 2 4 5 3 6 2 2 3 0 2 2 2 5 3 4 2 6 2 3 1 3 4 1 1 5 3 1 3 1 4 3 3 2 2 2 2 5 1 5 1 4 4 4 5 5 4 1 3 0 4 3 
3 3 4 2 3 0 0 2 2 3 4 1 1 2 2 0 1 1 3 3 5 0 1 3 1 3 3 1 0 4 3 4 2 2 2 4 2 3 1 1 3 2 3 0 3 4 2 2 3 3 1 1 5 3 2 3 4 4 3 3 2 4 4 2 1 2 0 3 3 1 1 1 1 3 1 2 5 4 4 3 1 2 3 1 1 1 3 2 1 2 2 1 3 2 3 2 1 4 3 2 2 0 
6 6 2 1 3 2 3 5 2 0 2 3 4 1 5 3 2 4 3 0 2 2 4 1 3 1 0 2 3 2 1 2 5 4 2 2 3 3 1 4 3 2 1 3 0 2 3 1 0 0 4 2 3 4 2 5 2 1 2 1 1 1 1 5 2 3 2 5 1 2 1 4 4 0 1 5 3 2 2 2 4 2 2 1 2 3 1 4 1 5 0 3 3 4 4 5 3 2 2 0 4 3 
6 6 4 2 5 4 5 6 3 2 0 4 6 2 6 5 4 5 5 2 4 4 6 3 4 1 3 3 5 4 4 3 6 6 3 0 6 5 3 6 5 3 1 4 2 0 6 3 3 2 6 3 4 7 4 8 3 2 4 1 3 2 3 6 5 5 4 7 3 5 3 5 6 2 3 7 4 0 4 2 6 4 4 3 3 4 3 7 3 6 3 6 6 5 7 6 5 1 4 2 6 4 
5 5 3 4 1 2 2 3 4 4 5 3 1 3 4 1 1 3 1 4 4 1 1 3 3 4 3 3 2 2 2 4 4 0 4 6 0 2 3 3 1 4 4 2 3 6 0 2 3 4 3 3 4 1 1 2 4 4 2 5 2 4 3 4 0 0 2 1 3 0 2 3 1 4 2 1 4 5 3 5 1 1 2 2 3 4 3 1 3 2 2 0 1 4 1 4 1 5 2 3 1 2 
6 6 1 2 1 2 3 4 3 1 3 3 3 2 5 2 1 3 2 1 2 1 3 1 3 2 0 2 2 1 1 2 4 2 3 4 2 1 1 4 1 2 2 2 1 3 2 0 0 1 4 3 2 3 1 4 2 2 0 2 0 1 1 5 1 1 2 4 0 1 1 3 3 1 1 4 3 3 2 3 3 0 1 1 2 3 1 3 1 4 0 2 2 4 3 5 2 3 1 1 3 2 
6 6 1 2 2 2 3 5 3 0 2 3 3 2 5 3 2 4 2 0 2 2 3 0 3 1 0 2 3 1 1 1 5 3 3 3 3 2 1 4 2 2 1 3 0 3 3 0 0 1 4 3 2 4 1 5 1 1 1 2 0 1 1 5 2 2 2 4 0 2 2 4 3 1 1 4 2 3 2 3 4 1 1 1 3 3 0 4 1 4 0 3 2 5 4 5 3 3 1 1 4 3 
6 6 2 1 3 3 4 5 3 0 1 3 4 2 6 4 3 4 3 0 2 3 4 1 4 0 1 2 4 2 2 1 5 4 3 2 4 3 1 5 3 2 1 3 0 2 4 1 1 0 5 3 2 5 2 6 1 0 2 1 2 0 1 6 3 3 3 6 1 3 2 4 4 0 1 5 2 2 2 2 5 2 2 2 3 3 1 5 2 5 1 4 4 5 5 6 4 2 2 0 5 3 
2 2 6 4 4 2 1 0 3 5 5 2 1 3 1 2 3 0 5 5 7 2 2 5 1 5 5 2 1 5 5 6 0 3 3 6 4 5 3 0 4 3 4 1 4 6 3 4 4 5 0 2 7 4 4 3 6 6 4 5 4 5 6 1 3 4 2 3 5 3 2 0 2 5 3 2 7 5 6 4 1 4 5 3 2 2 5 2 3 1 4 2 4 0 4 1 1 5 5 4 2 1 
3 3 4 1 4 1 2 2 0 3 3 0 2 1 2 2 2 1 4 3 5 2 3 4 0 2 3 0 1 4 4 4 2 4 0 3 4 4 1 2 4 0 2 1 2 3 3 3 3 3 2 0 5 4 3 5 4 4 3 2 3 4 4 2 3 3 0 4 3 2 1 1 3 3 1 4 5 3 5 2 3 3 4 1 0 0 4 3 1 3 3 3 4 2 4 2 2 3 4 2 3 1 
8 8 1 4 3 4 6 7 5 2 4 6 5 4 8 5 4 6 3 2 0 4 5 1 6 3 2 4 5 1 1 1 7 4 5 5 3 2 3 7 2 5 4 5 3 4 4 2 2 2 7 5 0 5 2 6 1 1 2 4 2 1 1 8 3 3 5 5 2 4 4 6 5 2 3 6 0 4 0 5 5 2 2 4 5 6 1 6 4 6 2 5 3 7 5 7 5 5 2 3 5 5 
6 6 4 5 2 3 3 3 5 5 6 4 2 5 5 2 2 4 2 5 5 2 1 4 4 5 4 4 3 3 3 5 4 0 5 7 1 2 4 3 2 5 5 3 4 7 1 3 4 5 4 4 5 0 2 1 5 5 3 6 3 5 4 5 2 1 3 0 4 2 4 3 1 5 3 1 5 7 4 6 2 3 3 3 4 5 4 1 4 2 4 1 1 4 0 5 2 6 3 5 1 3 
6 6 1 3 0 2 3 4 4 2 4 3 2 3 5 2 1 4 1 2 2 1 2 1 3 3 1 2 3 1 1 3 4 1 3 5 1 0 2 4 0 3 3 2 2 4 1 1 1 2 4 3 2 2 0 3 2 2 0 4 0 2 2 5 1 0 3 3 1 1 2 3 2 2 2 3 3 4 2 4 3 0 0 1 3 4 2 3 2 3 1 2 1 4 2 5 2 4 0 2 2 2 
6 6 5 6 3 4 3 3 5 6 7 5 2 5 5 2 3 4 3 6 6 3 1 5 4 6 5 4 3 4 4 6 4 1 5 8 2 3 4 3 3 5 6 3 5 8 2 4 5 6 3 5 6 1 3 0 6 6 4 7 4 6 5 4 2 2 4 0 5 2 4 4 2 6 4 1 6 7 5 6 2 4 4 4 5 5 5 1 4 2 5 2 2 4 1 5 2 7 4 5 1 3 
8 8 1 3 3 4 5 6 4 1 3 5 5 3 7 4 3 6 3 1 1 3 5 1 5 2 1 3 4 1 1 0 6 4 4 4 3 2 3 6 3 4 2 4 2 3 4 2 1 1 6 4 1 5 2 6 0 0 2 3 2 0 0 7 3 3 4 6 1 3 3 5 5 1 2 6 1 3 1 4 5 2 2 3 4 5 0 6 3 6 1 4 3 6 5 7 5 4 1 2 5 4 
7 7 1 2 3 3 5 6 4 0 2 4 5 3 6 4 3 5 3 0 1 3 5 1 4 1 1 3 4 2 1 0 6 4 3 3 4 2 2 6 3 3 2 4 1 2 4 2 1 0 6 4 1 5 2 6 0 0 2 2 2 0 0 6 3 3 4 6 1 3 3 5 5 0 2 6 1 3 2 3 5 2 2 3 4 4 0 5 3 6 1 4 3 6 5 6 4 3 2 1 5 4 
6 6 1 3 1 2 3 5 4 2 4 4 3 3 5 2 1 4 1 2 2 2 3 0 4 3 1 2 3 1 0 2 5 2 3 4 1 1 2 4 1 3 3 3 2 4 2 0 1 2 4 3 2 3 0 4 2 2 0 3 0 1 1 5 1 1 3 3 0 2 2 4 3 2 1 4 2 4 1 4 3 0 0 2 3 4 1 3 2 4 1 2 1 5 3 5 3 4 0 2 3 3 
6 6 3 1 4 3 4 5 2 1 0 3 5 1 5 4 3 4 5 1 4 3 5 3 3 0 2 2 4 4 3 2 5 5 2 1 5 4 2 5 4 2 0 3 1 1 5 2 2 1 5 2 4 6 4 7 3 2 3 0 3 2 3 5 4 4 3 6 2 4 2 4 5 1 2 6 4 0 4 1 5 3 4 2 2 3 2 6 2 5 2 5 5 5 6 5 4 0 3 1 5 3 
6 6 1 2 1 1 3 4 3 1 3 3 2 2 5 2 1 3 2 1 2 1 2 1 3 2 1 2 2 1 1 2 4 2 3 4 2 1 1 4 1 2 2 2 1 3 2 0 0 2 4 3 2 3 0 4 2 2 0 3 0 1 1 5 1 1 2 3 0 1 1 3 2 2 1 3 3 3 2 3 3 0 1 1 2 3 1 3 1 4 0 2 2 4 3 5 2 3 1 1 3 2 
7 7 1 2 3 3 4 6 4 0 2 4 4 3 6 4 3 5 3 0 1 3 4 1 4 1 0 3 4 2 1 0 6 4 3 3 3 2 2 5 3 3 2 4 1 2 4 1 1 0 5 4 1 5 2 6 0 0 1 2 1 0 0 6 3 3 3 5 1 3 3 5 4 0 2 5 1 3 1 3 5 2 2 2 3 4 0 5 2 6 1 4 3 6 5 6 4 3 1 1 5 4 
7 7 0 3 2 3 5 6 4 1 3 4 4 3 7 4 3 5 2 1 1 3 4 0 5 2 1 3 4 1 1 0 6 4 4 4 3 2 2 6 2 4 2 4 1 3 3 1 1 1 6 4 1 4 2 5 0 0 1 3 1 0 0 6 3 3 4 5 1 3 3 5 4 1 2 5 1 3 1 4 5 1 1 3 4 5 0 5 3 5 1 4 3 6 4 6 4 4 1 2 4 4 
1 1 6 4 5 3 2 1 3 6 5 2 3 4 0 3 4 1 6 6 7 3 3 6 1 5 5 3 2 6 6 7 0 4 3 6 5 6 4 1 5 3 5 2 5 6 4 5 5 6 1 2 8 5 5 4 7 6 5 5 5 6 6 0 4 5 2 4 5 4 3 1 3 6 4 3 8 6 7 4 3 5 6 3 2 2 6 3 3 2 5 3 5 0 5 0 3 5 6 5 3 2 
5 5 2 3 1 1 2 3 3 3 4 3 1 3 4 1 0 3 1 3 3 1 1 2 3 3 2 2 2 2 2 3 3 1 3 5 1 1 2 3 1 3 3 1 2 5 0 1 2 3 3 3 3 2 1 2 3 3 1 4 1 3 3 4 0 0 2 2 2 0 2 3 1 3 1 2 4 5 3 4 2 1 1 1 2 3 2 2 2 2 2 1 1 4 2 4 1 4 1 2 1 1 
6 6 2 4 0 2 3 4 4 3 5 4 2 3 5 1 1 3 0 3 3 1 1 2 3 4 2 3 2 2 2 4 4 0 4 6 0 1 2 3 0 4 4 2 3 5 0 1 2 3 4 3 3 1 0 2 3 3 1 4 1 3 3 5 0 0 3 2 2 1 2 3 1 3 2 2 4 5 3 5 2 1 1 2 3 4 3 2 3 3 2 1 0 4 1 5 2 5 1 3 1 2 
3 3 4 2 3 0 1 2 1 3 3 0 2 1 2 1 1 1 3 3 5 1 2 3 0 3 2 0 0 4 3 4 2 3 1 4 3 3 1 2 3 1 2 0 2 4 2 2 2 3 2 0 5 3 3 4 4 4 3 3 2 3 4 2 2 3 0 4 3 1 0 1 2 3 1 3 5 3 4 2 2 2 3 1 0 1 3 3 1 2 2 2 3 2 3 2 1 3 3 2 2 0 
5 5 5 5 2 3 3 3 5 5 7 4 1 5 4 2 2 3 2 5 5 3 1 4 4 6 4 4 3 4 4 6 4 1 5 7 2 3 4 3 2 5 6 3 5 7 1 4 4 6 3 4 5 0 3 0 6 6 3 6 3 5 5 4 2 2 4 0 4 2 4 3 1 5 4 1 6 7 5 6 1 3 3 3 4 5 5 1 4 2 4 1 2 4 0 4 2 7 4 5 1 3 
6 6 1 2 2 2 4 5 3 1 3 3 3 2 5 3 2 4 2 1 2 2 3 0 3 2 0 2 3 1 0 1 5 3 3 3 2 1 1 5 2 3 2 3 1 3 3 0 0 1 5 3 2 4 1 5 1 1 0 2 0 1 1 5 2 2 3 4 0 2 2 4 3 1 1 4 2 3 1 3 4 1 1 2 3 4 0 4 2 4 0 3 2 5 4 5 3 3 1 1 3 3 
5 5 3 3 1 1 1 3 3 3 4 2 1 2 4 0 0 2 2 3 4 0 1 2 2 3 2 2 1 2 2 4 3 1 3 5 1 2 2 2 1 3 3 1 2 5 0 1 2 3 3 2 4 2 1 2 3 3 2 4 1 3 3 4 0 1 1 2 2 0 1 2 1 3 1 2 4 5 3 4 1 1 2 1 2 3 3 2 2 2 2 0 1 3 2 4 1 4 2 2 1 1 
4 4 3 1 3 0 2 3 1 2 2 1 2 1 3 1 1 2 3 2 4 1 2 2 1 2 2 0 1 3 2 3 3 3 1 3 3 3 0 3 3 1 1 1 1 3 2 1 2 2 2 1 4 4 2 4 3 3 2 2 1 3 3 3 2 2 0 4 2 1 0 2 2 2 0 3 4 3 4 2 2 2 3 0 0 1 2 3 0 3 1 2 3 3 4 3 2 3 2 1 3 1 
2 2 5 3 4 1 0 1 2 4 4 1 1 2 1 1 2 0 4 4 6 2 2 4 0 4 4 2 0 5 4 5 1 3 2 5 3 4 2 1 4 2 3 1 4 5 3 3 4 4 0 1 6 3 3 4 5 5 4 4 3 5 5 1 3 3 1 3 4 2 2 0 2 4 2 2 6 5 5 3 1 3 4 2 1 1 4 2 2 1 3 2 4 1 4 1 1 4 4 3 2 1 
4 4 4 4 2 2 1 2 3 4 5 3 0 3 3 0 1 2 2 4 5 1 0 3 2 4 3 2 1 4 3 5 2 1 3 6 2 3 3 2 2 3 4 1 4 6 1 3 3 4 2 3 5 1 2 2 5 5 3 5 2 4 4 3 1 1 2 1 3 1 2 2 0 4 2 1 5 6 4 4 0 2 3 2 2 3 4 0 2 1 3 0 2 3 1 3 0 5 3 4 0 1 
7 7 1 2 3 3 4 6 3 0 2 4 4 2 6 4 3 5 3 0 2 3 4 1 4 1 1 2 4 2 1 1 6 4 3 2 4 3 2 5 3 3 1 3 0 2 4 1 1 0 5 3 2 5 2 6 1 0 2 1 2 0 1 6 3 3 3 5 1 3 2 4 4 0 2 5 2 2 2 2 5 2 2 2 3 4 0 5 2 5 1 4 3 5 5 6 4 2 2 1 5 3 
5 5 2 1 2 1 2 3 2 1 2 2 2 1 4 2 1 3 3 1 3 1 3 2 2 1 1 1 2 2 2 3 4 3 2 3 2 2 0 3 2 1 1 1 1 3 2 1 1 1 3 1 3 3 2 4 2 2 1 2 1 2 2 4 1 2 1 4 1 1 0 2 2 2 0 4 3 3 3 2 3 1 2 0 1 2 2 3 0 3 1 2 3 3 3 4 2 3 2 1 3 1 
4 4 5 5 3 3 2 2 4 5 6 3 1 4 3 1 2 2 3 5 6 2 1 4 3 5 4 3 2 4 4 6 3 1 4 7 2 4 4 2 3 4 5 2 5 7 1 4 4 5 2 4 6 1 3 1 6 6 4 6 3 5 5 3 2 2 3 1 4 2 3 2 1 5 4 0 6 7 5 5 1 3 4 3 3 4 5 0 4 1 4 1 3 3 1 3 1 6 4 5 0 2 
9 9 1 4 3 5 6 7 5 2 4 6 6 4 8 5 4 6 3 2 0 4 5 1 6 3 2 4 5 1 2 1 7 5 5 5 4 2 3 7 3 5 3 5 3 4 4 3 2 2 7 5 0 5 3 6 1 1 2 4 3 1 1 8 4 4 5 6 2 4 4 6 5 2 3 6 0 4 1 5 6 2 2 4 5 6 1 6 4 7 2 5 3 7 5 8 5 5 2 3 5 5 
6 6 4 1 5 4 5 6 2 2 0 3 5 2 6 5 4 5 5 2 4 4 6 4 4 1 3 3 4 5 4 3 6 6 2 0 6 5 2 6 5 2 1 4 2 0 5 3 3 2 5 3 4 7 4 7 3 3 4 0 3 3 3 6 5 5 3 7 3 5 3 5 6 2 3 7 4 0 5 1 6 4 4 3 3 3 3 6 3 6 3 5 6 5 7 5 5 0 4 2 6 4 
8 8 0 4 2 4 5 6 5 2 4 5 5 4 7 4 3 6 2 2 0 3 4 1 5 3 2 4 5 0 1 1 7 3 5 5 3 1 3 6 2 5 3 4 2 4 3 2 2 2 6 5 0 4 2 5 1 2 1 4 2 1 1 7 3 3 4 5 1 3 4 5 4 2 3 5 1 5 0 5 5 2 1 3 5 5 1 5 4 6 2 4 2 6 4 7 4 5 1 3 4 4 
4 4 4 0 5 2 4 4 1 2 1 2 4 1 4 4 3 3 5 2 5 3 5 3 2 1 3 2 3 5 4 4 4 5 1 1 5 5 2 4 5 1 1 3 2 2 5 3 3 2 4 2 5 6 4 6 4 3 4 1 3 3 4 4 4 5 2 6 3 4 2 3 4 2 2 5 5 1 5 0 4 4 4 2 2 2 3 5 2 5 3 4 5 4 6 4 4 1 4 1 5 3 
4 4 4 4 3 2 1 1 3 4 5 2 0 3 3 0 1 1 3 4 5 1 0 4 2 5 4 2 1 4 4 5 2 1 3 6 2 3 3 1 3 3 4 1 4 6 1 3 4 5 1 3 5 2 3 2 5 5 3 5 3 5 5 3 2 2 2 1 4 1 2 1 0 5 3 1 6 6 5 4 0 3 3 2 2 3 4 0 3 0 3 0 3 2 2 3 0 5 3 4 0 1 
6 6 1 3 1 2 3 4 3 2 4 3 3 3 5 2 1 4 1 2 2 1 2 1 3 3 1 2 3 1 0 2 5 2 3 4 1 1 1 4 1 3 3 2 2 4 1 0 1 2 4 3 2 3 0 4 2 2 0 3 0 2 1 5 1 1 2 3 1 1 2 3 2 2 1 3 2 4 2 4 3 0 0 1 3 4 1 3 2 4 1 2 1 4 3 5 2 4 0 2 2 2 
7 7 1 3 0 3 4 5 4 2 4 4 3 3 6 2 1 4 1 2 2 2 3 1 4 3 1 3 3 0 0 2 5 2 4 5 1 0 2 4 0 4 3 3 2 4 2 1 1 2 5 4 2 3 0 4 2 2 0 4 1 2 1 6 1 1 3 3 1 2 3 4 3 2 2 4 2 4 1 4 3 0 0 2 3 4 1 3 2 4 1 2 1 5 3 6 3 4 0 2 3 3 
4 4 3 2 2 0 2 3 2 2 3 1 2 1 3 1 1 2 2 2 4 0 2 2 2 2 1 0 1 3 2 3 3 2 2 4 2 2 0 3 2 1 2 1 1 3 2 1 1 2 3 1 4 3 1 4 3 3 2 2 1 2 3 3 1 2 1 3 2 1 0 2 2 2 0 3 4 3 3 2 2 1 2 0 1 2 2 3 0 3 1 2 2 3 3 3 1 3 2 1 2 1 
3 3 4 1 3 1 1 2 0 3 3 0 2 1 3 2 2 1 4 3 5 1 3 3 1 2 3 0 1 4 3 4 2 3 0 3 4 4 1 2 4 0 2 1 2 3 3 2 3 3 2 0 5 4 3 5 4 4 3 2 2 3 4 2 2 3 0 4 3 2 0 1 2 3 1 3 5 3 5 2 2 3 3 1 0 0 3 3 1 3 2 2 4 2 4 2 2 3 3 2 3 1 
2 2 5 2 4 1 2 2 0 4 3 0 3 1 2 2 3 1 5 3 6 2 3 4 1 3 3 1 1 5 4 5 2 4 0 3 4 5 2 2 5 1 2 1 3 4 4 3 3 3 2 0 6 5 4 5 5 4 4 3 3 4 5 2 3 4 1 5 4 3 1 1 3 4 2 4 6 3 5 2 3 4 4 2 0 0 4 4 1 3 3 3 5 1 5 2 3 3 4 3 4 2 
7 7 1 2 2 3 4 5 3 0 2 4 4 2 6 3 2 5 3 0 1 3 4 0 4 2 0 3 4 1 1 1 6 4 3 3 3 2 2 5 2 3 2 3 1 3 3 1 0 1 5 4 1 4 2 5 0 0 1 2 1 0 0 6 2 3 3 5 0 3 2 4 4 0 2 5 1 3 1 3 4 1 1 2 3 4 0 5 2 5 1 4 3 5 4 6 4 3 1 1 4 3 
4 4 5 5 3 2 1 2 4 5 6 3 1 4 3 1 2 2 3 5 6 2 0 4 3 5 4 3 2 4 4 6 3 1 4 7 2 3 4 2 3 4 5 2 4 7 1 3 4 5 2 3 6 1 3 1 6 5 3 6 3 5 5 3 2 2 3 1 4 2 3 2 0 5 3 0 6 6 5 5 0 3 3 3 3 4 5 0 3 1 4 1 3 3 1 3 1 6 4 4 0 2 
4 4 3 1 3 0 2 3 1 2 2 1 2 0 3 2 1 2 3 2 4 1 3 2 1 2 2 0 1 3 2 3 3 3 1 3 3 3 0 3 3 1 1 1 1 3 3 1 1 2 3 1 4 4 2 4 3 3 2 2 1 2 3 3 2 3 1 4 2 2 0 2 2 2 0 4 4 3 4 2 3 2 2 0 1 1 2 3 0 3 1 2 3 3 4 3 2 2 2 1 3 1 
3 3 5 4 4 2 1 1 4 5 6 3 1 4 2 1 2 1 4 5 6 2 1 5 2 5 5 3 1 5 5 6 1 2 4 7 3 4 3 1 4 4 5 2 5 6 2 4 4 5 1 3 6 2 3 2 6 6 4 5 4 6 5 2 2 3 2 2 4 2 3 1 1 5 3 1 7 6 6 5 0 4 4 3 3 3 5 1 3 0 4 1 4 2 2 2 1 6 4 5 1 2 
6 6 1 2 2 2 3 4 3 1 2 3 3 2 5 2 1 4 2 1 2 1 3 1 3 1 0 2 3 2 1 2 5 3 2 3 2 2 1 4 2 2 1 2 0 3 2 0 0 1 4 3 2 4 1 5 1 1 1 2 0 1 1 5 2 2 2 4 0 2 1 3 3 1 1 4 2 3 2 3 3 1 1 1 2 3 1 4 1 4 0 3 2 4 4 5 3 3 1 1 3 2 
4 4 4 4 2 1 1 2 3 4 5 3 0 3 3 0 1 2 2 4 5 1 0 3 2 4 3 2 1 3 3 5 3 1 3 6 1 2 2 2 2 3 4 1 3 6 0 2 3 4 2 3 5 1 2 2 4 4 2 5 2 4 4 3 1 1 2 1 3 0 2 2 0 4 2 1 5 5 4 4 0 2 2 2 2 3 4 1 2 1 3 0 2 3 1 3 0 5 3 3 0 1 
6 6 2 4 0 3 3 4 5 3 5 4 2 4 6 2 1 4 0 3 3 2 2 2 4 4 2 3 3 1 2 4 5 1 4 6 0 1 3 4 0 4 4 3 3 6 1 2 2 4 4 4 3 1 1 2 3 3 1 5 2 3 3 5 1 0 3 2 2 1 3 4 2 3 3 3 3 6 2 5 3 1 1 2 4 5 3 3 3 4 2 2 0 5 1 5 2 5 1 3 2 3 
1 1 6 4 5 2 1 1 2 5 5 1 2 3 0 2 3 0 5 5 7 3 3 5 1 4 5 2 1 6 5 6 0 4 2 5 5 5 3 1 5 2 4 2 4 5 4 4 5 5 0 2 7 4 4 4 6 6 5 5 4 6 6 0 4 4 2 4 5 3 3 1 3 5 3 3 7 5 6 4 2 4 5 3 2 1 5 3 3 2 4 3 5 0 4 0 2 5 5 4 3 2 
6 6 4 5 2 3 3 3 5 5 6 4 2 5 5 2 2 4 2 5 5 2 1 4 4 5 4 4 3 3 3 5 4 0 5 7 1 2 4 3 2 5 5 3 4 7 1 3 4 5 4 4 5 0 2 1 5 5 3 6 3 5 4 5 2 1 3 0 4 2 4 4 1 5 3 1 5 7 4 6 2 3 3 3 4 5 4 1 4 2 4 1 1 4 0 5 2 6 3 5 1 3 
0 0 6 4 5 3 2 1 3 6 5 2 3 3 0 3 4 1 6 5 7 3 3 6 1 5 5 3 2 6 6 7 0 4 3 6 5 6 4 1 5 3 5 2 5 6 4 5 5 6 1 2 7 5 5 5 7 6 5 5 5 6 6 0 4 5 2 4 5 4 3 1 3 6 4 3 8 5 7 4 3 5 6 3 2 2 6 3 3 2 5 3 5 0 5 0 3 5 6 5 4 2 
4 4 4 3 2 1 0 1 3 4 5 2 0 3 3 0 1 1 3 4 5 1 0 3 2 4 3 2 1 4 3 5 2 1 3 6 2 3 2 1 2 3 4 1 3 5 1 2 3 4 1 2 5 2 2 2 5 4 3 4 2 4 4 3 1 2 1 2 3 1 2 1 0 4 2 1 5 5 4 4 0 2 3 1 2 3 4 1 2 1 3 0 2 2 2 3 0 5 3 3 1 1 
5 5 4 1 5 3 5 5 2 2 0 3 5 1 5 4 4 4 5 2 5 4 5 4 4 1 3 2 4 5 4 3 5 6 2 0 5 5 2 5 5 2 1 4 2 1 5 3 3 2 5 3 5 6 4 7 4 3 4 0 3 3 4 5 4 5 3 7 3 4 3 4 5 2 3 6 5 0 5 1 5 4 4 3 3 3 3 6 2 6 3 5 5 5 6 5 5 0 4 2 6 4 
7 7 1 3 1 2 4 5 4 2 4 4 3 3 6 3 2 4 1 2 2 2 3 0 4 3 1 3 3 0 0 2 5 2 4 4 1 0 2 5 1 3 3 3 2 4 2 1 1 2 5 4 2 3 0 4 1 2 0 3 1 1 1 6 1 1 3 4 1 2 2 4 3 2 2 4 2 4 1 4 3 0 0 2 3 4 1 4 2 4 1 3 1 5 3 6 3 4 0 2 3 3 
5 5 2 1 3 2 3 4 2 1 1 2 4 1 5 3 2 4 3 0 3 2 4 2 3 0 1 1 3 3 2 2 4 4 2 2 3 3 1 4 3 1 0 2 0 2 3 1 1 0 4 2 3 5 2 5 2 1 2 1 1 1 2 5 2 3 2 5 1 2 1 3 4 1 1 5 3 2 3 1 4 2 2 1 2 3 1 4 1 5 1 3 3 4 5 5 3 2 2 0 4 2 
5 5 4 4 2 2 1 2 4 4 6 3 0 4 4 1 1 2 2 4 5 2 0 4 3 5 4 3 2 3 3 5 3 0 4 6 1 3 3 2 2 4 4 2 4 6 1 3 4 5 2 3 5 1 2 1 5 5 3 5 3 5 4 3 1 1 2 1 3 1 3 2 0 5 3 0 5 6 4 5 0 2 3 2 3 4 4 0 3 1 3 0 2 3 1 4 1 6 3 4 0 2 
3 3 4 2 3 0 0 2 2 3 4 1 1 2 2 0 1 1 3 3 5 0 1 3 1 3 3 1 0 4 3 4 2 2 2 5 2 3 1 1 3 2 3 0 3 4 2 2 3 3 1 1 5 3 2 3 4 4 3 3 2 4 4 2 1 2 0 3 3 1 1 1 1 3 1 2 5 4 4 3 1 2 3 1 1 2 3 2 1 2 2 1 3 2 3 2 1 4 3 2 2 0 
