100 9355.82 0 1680 14 120
98.06 34.6 46.63 36.5 80.77 20.56 8.17 87.34 18.0 2.82 25.84 43.2 62.16 83.63 7.81 57.36 42.94 40.04 1.47 17.88 61.21 41.82 92.84 13.84 76.35 41.48 95.67 59.3 38.24 46.03 3.02 6.11 93.98 98.26 5.98 31.42 19.42 52.23 96.46 16.22 7.64 42.75 18.04 18.04 72.35 61.25 68.66 19.64 41.98 28.01 9.47 98.86 52.1 36.49 69.82 92.08 41.02 29.34 31.22 4.76 34.72 6.3 62.07 51.07 7.88 85.86 19.84 46.73 93.38 75.97 12.49 4.1 69.86 92.68 4.35 18.46 4.25 81.1 47.06 60.02 64.44 96.72 2.68 14.0 53.19 9.28 70.87 24.33 74.54 47.32 58.19 57.19 51.67 86.14 4.54 60.06 96.69 8.79 48.06 18.94 
36.43 57.32 13.36 71.75 12.5 64.08 89.47 12.22 77.16 75.87 68.9 21.35 26.04 69.05 80.8 67.47 13.49 45.95 68.2 58.15 42.43 19.33 23.37 30.87 58.79 56.16 44.38 33.93 81.12 16.89 79.33 69.89 56.85 19.66 24.3 15.64 57.0 55.32 28.05 71.76 21.93 84.04 19.25 14.24 69.37 85.36 21.11 47.09 51.91 33.09 88.82 19.22 57.04 70.79 87.84 43.3 29.24 66.61 57.63 33.75 75.05 22.72 56.63 82.41 89.6 78.41 13.4 33.43 17.12 80.53 41.67 15.82 45.53 70.11 37.77 41.73 48.23 20.95 21.2 32.6 49.08 67.58 58.69 87.79 44.98 24.25 61.94 55.55 43.22 62.72 38.97 12.99 76.31 16.81 89.0 72.56 77.1 31.31 27.39 73.82 
9 4 5 4 8 2 1 8 2 1 3 4 6 8 1 6 4 4 1 2 6 4 9 2 7 4 9 6 4 5 1 1 9 9 1 3 2 5 9 2 1 4 2 2 7 6 7 2 4 3 1 9 5 4 7 9 4 3 3 1 4 1 6 5 1 8 2 5 9 7 2 1 7 9 1 2 1 8 5 6 6 9 1 2 5 1 7 3 7 5 6 6 5 8 1 6 9 1 5 2 
1 2 3 4 5 6 7 8 9 10 11 12 13 14 15 16 17 18 19 20 21 22 23 24 25 26 27 28 29 30 31 32 33 34 35 36 37 38 39 40 41 42 43 44 45 46 47 48 49 50 51 52 53 54 55 56 57 58 59 60 61 62 63 64 65 66 67 68 69 70 71 72 73 74 75 76 77 78 79 80 81 82 83 84 85 86 87 88 89 90 91 92 93 94 95 96 97 98 99 100 
3 3 3 3 2 1 3 2 1 3 3 3 2 2 3 2 3 3 3 1 2 3 3 1 2 3 3 2 3 3 3 3 3 3 3 3 1 3 3 1 3 3 1 1 2 2 2 1 3 3 3 3 3 3 2 3 3 3 3 3 3 3 2 3 3 2 1 3 3 2 1 3 2 3 3 1 3 2 3 2 2 3 3 1 3 3 2 3 2 3 2 2 3 2 3 2 3 3 3 1 
1 3 1 3 1 3 2 1 3 2 1 3 3 1 2 3 3 3 2 3 3 3 1 3 3 3 1 3 3 1 2 2 1 1 2 1 3 1 1 3 2 3 3 3 3 3 3 3 3 1 2 1 1 3 3 1 3 1 1 2 3 2 3 1 2 1 3 1 1 3 3 2 3 1 2 3 2 1 1 3 3 1 2 3 1 2 3 1 3 1 3 3 1 1 2 3 1 2 1 3 
7 2 5 8 8 8 1 5 10 2 1 3 3 4 9 4 10 8 5 3 8 2 7 6 1 6 10 3 4 7 6 7 6 8 2 6 7 9 8 1 4 10 2 1 8 6 7 8 7 10 1 9 3 7 10 1 1 9 7 7 7 7 8 8 1 3 10 2 8 5 3 4 2 2 9 2 3 5 6 5 10 4 10 4 10 6 1 4 9 7 5 6 10 6 9 1 1 1 6 8 
3352.47 4620.63 4152.02 3979.38 4388.95 3249.52 3651.29 4169.94 3477.41 3750.06 3661.67 4517.42 4760.79 4043.23 4727.58 4608.87 3342.93 4032.53 4146.73 4693.8 4446.6 4630.08 4793.47 4728.27 3581.46 4779.79 3500.04 3958.28 4504.71 4176.62 4861.93 3253.61 4740.54 4079.85 4830.1 4726.8 3806.36 4751.66 3240.48 3581.16 4289.62 3233.27 3938.8 3403.34 4283.46 4728.82 3072.79 4468.65 3889.44 3251.95 3279.25 4752.81 3695.81 3302.94 3486.14 3317.0 3421.66 4767.69 3627.7 3364.83 3945.54 3076.48 3669.21 3568.4 3720.68 3968.39 3482.29 3904.79 4221.4 4186.87 4750.59 4243.25 4736.57 3754.24 4744.82 4601.71 4187.42 4163.78 4726.45 4186.51 3482.1 4176.87 3423.73 4328.94 3289.2 4859.44 3344.31 4249.52 4729.42 4308.02 4152.55 4706.62 3388.39 4701.68 4721.01 3340.27 3227.05 3724.71 4788.33 4331.88 
0.16 0.37 0.16 0.42 0.33 0.21 0.29 0.33 0.78 0.37 0.28 0.59 0.85 0.24 0.64 0.7 0.66 0.39 0.22 0.63 0.19 0.42 0.16 0.4 0.28 0.37 0.63 0.66 0.36 0.16 0.43 0.16 0.33 0.2 0.34 0.46 0.16 0.64 0.29 0.28 0.42 0.64 0.39 0.28 0.34 0.42 0.15 0.54 0.16 0.84 0.28 0.65 0.78 0.17 0.93 0.29 0.29 0.66 0.15 0.17 0.15 0.17 0.46 0.43 0.28 0.86 0.75 0.31 0.23 0.17 0.77 0.7 0.36 0.37 0.67 0.36 0.81 0.59 0.35 0.56 0.76 0.39 0.63 0.69 0.59 0.33 0.29 0.17 0.67 0.17 0.23 0.36 0.71 0.3 0.64 0.28 0.28 0.28 0.36 0.18 
0.96 0.98 1.0 0.79 0.94 0.51 0.76 0.84 0.62 1.0 0.99 0.55 1.0 0.79 1.0 0.83 1.0 0.88 0.9 0.75 0.96 0.82 0.53 1.0 0.55 1.0 0.76 0.53 0.87 0.94 0.88 1.0 0.91 0.96 0.88 0.74 0.91 0.69 0.94 0.68 0.58 0.54 1.0 1.0 0.77 0.61 0.73 0.62 0.75 0.5 0.84 0.97 0.88 0.68 0.96 0.81 1.0 0.51 0.61 0.97 0.99 0.82 0.71 0.6 0.52 0.63 0.82 0.77 0.97 0.55 0.9 1.0 0.51 1.0 1.0 0.53 0.85 0.7 1.0 0.64 1.0 0.89 1.0 0.6 0.92 0.61 0.55 0.75 1.0 1.0 0.58 0.64 0.72 0.72 0.54 0.51 0.65 0.9 0.78 1.0 
1.0 0.75 0.76 0.86 0.81 0.55 0.84 0.86 0.77 0.72 0.57 0.91 1.0 1.0 0.78 0.96 1.0 0.59 1.0 1.0 0.99 1.0 0.91 0.63 0.68 0.98 1.0 0.84 0.97 0.91 0.97 0.73 0.67 0.71 0.52 0.92 0.63 0.56 0.73 0.77 0.55 1.0 0.5 0.72 0.7 0.72 0.51 0.87 0.81 1.0 1.0 0.93 0.88 1.0 0.98 0.97 1.0 0.79 0.6 1.0 1.0 0.84 0.57 0.65 0.89 0.8 1.0 0.96 0.89 1.0 0.56 0.94 1.0 0.69 0.54 1.0 1.0 0.87 0.76 0.92 0.96 0.74 0.93 0.89 0.68 0.93 0.94 0.71 0.68 0.8 0.6 0.98 0.66 0.73 0.68 1.0 0.85 0.74 0.76 0.98 
0.99 0.63 1.0 1.0 1.0 0.94 0.64 0.87 0.73 0.77 0.93 0.69 0.84 0.99 0.61 0.89 0.5 0.9 0.63 0.99 0.75 0.86 0.86 0.67 0.77 0.94 1.0 1.0 0.89 0.68 1.0 0.64 1.0 0.62 0.99 0.99 0.68 0.93 0.73 0.74 1.0 0.73 0.94 0.79 1.0 0.95 1.0 0.52 0.92 0.79 0.57 1.0 0.87 0.76 0.89 0.55 0.74 1.0 1.0 0.96 0.69 0.69 0.59 0.97 0.94 0.69 0.62 0.59 0.66 0.98 0.54 0.95 0.78 0.92 0.69 0.62 0.53 0.93 0.77 1.0 0.94 1.0 0.59 0.91 0.65 0.77 0.98 1.0 0.67 1.0 0.95 0.59 0.81 0.64 0.8 0.87 0.99 0.66 1.0 0.64 
0.79 0.88 1.0 0.99 0.87 0.75 0.81 0.69 0.87 1.0 0.96 1.0 0.69 0.54 1.0 1.0 1.0 0.54 0.81 0.89 0.72 0.68 0.61 0.53 0.87 1.0 0.76 1.0 0.76 0.64 0.69 0.7 1.0 1.0 0.89 0.75 0.63 0.97 1.0 0.59 0.69 1.0 1.0 0.56 1.0 0.81 0.9 0.77 0.92 0.98 0.81 0.78 0.8 0.63 0.76 1.0 1.0 1.0 0.54 1.0 0.7 0.74 0.64 0.98 0.67 1.0 0.62 0.67 0.75 0.5 1.0 1.0 1.0 0.72 0.78 0.55 0.64 0.94 1.0 0.94 0.92 0.95 0.74 0.53 0.72 0.52 0.84 0.58 0.84 0.51 1.0 0.74 0.63 0.95 0.75 0.65 0.72 0.88 0.73 0.83 
0.74 0.91 0.8 0.89 1.0 1.0 0.54 0.7 0.88 1.0 1.0 0.8 0.67 0.61 0.68 0.74 0.84 0.99 0.72 1.0 0.83 0.84 0.91 0.92 0.73 0.58 0.51 0.81 1.0 0.63 0.76 0.88 1.0 0.57 0.58 1.0 0.94 1.0 1.0 0.87 0.87 0.67 0.71 0.85 0.97 0.8 0.53 0.67 0.94 0.79 1.0 0.61 1.0 1.0 0.98 0.58 0.59 0.83 0.84 1.0 0.96 1.0 0.55 0.87 1.0 1.0 1.0 0.5 1.0 0.8 0.58 0.7 1.0 1.0 0.67 0.5 1.0 0.66 0.56 0.78 0.66 1.0 1.0 0.75 1.0 1.0 0.76 1.0 0.95 0.77 0.5 0.64 0.65 0.71 0.91 0.55 0.72 0.63 1.0 0.71 
0.56 0.37 0.61 0.59 0.67 0.2 0.18 0.31 0.27 0.56 0.5 0.28 0.39 0.26 0.32 0.52 0.43 0.25 0.33 0.65 0.42 0.41 0.23 0.21 0.18 0.54 0.3 0.36 0.57 0.23 0.45 0.29 0.61 0.24 0.23 0.5 0.23 0.35 0.5 0.2 0.19 0.27 0.33 0.27 0.52 0.27 0.18 0.14 0.48 0.31 0.39 0.43 0.54 0.32 0.62 0.25 0.44 0.33 0.17 0.93 0.46 0.35 0.08 0.32 0.29 0.35 0.31 0.15 0.43 0.22 0.16 0.63 0.4 0.46 0.2 0.09 0.29 0.35 0.33 0.43 0.55 0.63 0.4 0.19 0.29 0.23 0.33 0.31 0.37 0.31 0.17 0.17 0.16 0.23 0.2 0.16 0.28 0.24 0.43 0.37 
919.09 925.2 634.14 856.17 696.95 741.01 622.03 936.68 905.98 948.95 596.49 950.48 1087.51 776.96 1144.08 1583.68 869.39 907.94 837.65 1127.25 707.01 1067.04 980.16 511.8 505.82 555.92 910.23 1081.23 1200.47 823.52 617.76 778.38 489.37 755.25 881.27 819.78 867.63 1438.41 817.27 501.6 1557.12 1238.41 805.26 440.1 763.08 528.23 1009.39 854.18 1136.7 1334.74 627.93 1281.45 1133.59 738.11 1093.11 543.76 624.45 1306.04 821.93 640.58 890.38 875.43 1167.71 938.79 463.56 1116.4 849.8 1037.88 727.9 952.58 1172.49 1562.76 911.5 868.85 1380.31 1059.79 1237.99 779.56 499.28 961.6 714.55 1130.62 1186.6 1729.33 744.2 410.41 501.41 1058.05 1526.33 1233.53 584.4 371.9 1098.33 583.54 1543.89 578.45 510.62 485.88 442.59 641.0 
554.36 382.93 383.55 449.48 472.72 154.58 132.03 265.08 229.44 550.75 311.59 269.15 435.71 195.35 352.79 888.88 325.6 223.28 266.87 670.79 240.73 458.87 255.13 109.21 78.6 294.88 265.16 431.1 696.79 195.21 285.92 219.24 291.45 164.91 220.01 470.03 199.56 465.16 393.83 122.52 222.44 343.98 226.25 118.7 408.85 149.84 170.2 59.01 490.16 405.58 252.53 520.16 655.36 248.6 722.8 115.87 289.87 466.55 136.59 591.38 398.85 396.31 81.95 321.08 131.24 358.14 288.57 157.62 342.06 246.11 210.89 998.21 401.57 368.21 301.8 113.57 301.01 276.67 165.98 417.62 404.01 669.33 535.54 424.47 222.06 90.78 185.18 333.36 594.82 351.38 104.77 52.24 169.5 134.08 310.84 102.55 124.0 136.0 204.95 235.73 
4095.44 4126.0 2670.7 3780.84 2984.74 3205.03 2610.14 4183.38 4029.88 4244.76 2482.45 4252.4 4937.54 3384.82 5220.42 7418.4 3846.94 4039.72 3688.27 5136.26 3035.05 4835.22 4400.79 2059.01 2029.09 2279.59 4051.17 4906.13 5502.34 3617.59 2588.81 3391.88 1946.84 3276.27 3906.34 3598.88 3838.14 6692.03 3586.34 2008.02 7285.62 5692.03 3526.3 1700.5 3315.4 2141.15 4546.95 3770.91 5183.48 6173.71 2639.66 5907.25 5167.93 3190.55 4965.56 2218.8 2622.23 6030.18 3609.67 2702.92 3951.9 3877.17 5338.56 4193.95 1817.8 5082.01 3748.98 4689.42 3139.48 4262.88 5362.45 7313.79 4057.52 3844.24 6401.56 4798.94 5689.96 3397.81 1996.41 4308.0 3072.76 5153.08 5432.99 8146.63 3221.02 1552.04 2007.04 4790.24 7131.67 5667.63 2422.02 1359.49 4991.66 2417.71 7219.44 2392.24 2053.09 1929.4 1712.95 2704.98 
2271.81 1414.64 1417.77 1747.41 1863.61 272.91 160.14 825.38 647.2 2253.75 1057.97 845.76 1678.56 476.74 1263.94 3944.39 1127.99 616.39 834.37 2853.96 703.66 1794.37 775.67 46.07 -106.99 974.38 825.8 1655.48 2983.96 476.06 929.6 596.21 957.26 324.54 600.07 1850.16 497.8 1825.79 1469.15 112.58 612.22 1219.9 631.24 93.52 1544.25 249.2 351.0 -204.97 1950.8 1527.88 762.65 2100.78 2776.82 743.01 3114.01 79.36 949.35 1832.74 182.93 2456.92 1494.27 1481.56 -90.27 1105.42 156.2 1290.72 942.86 288.08 1210.3 730.55 554.45 4491.07 1507.86 1341.04 1008.98 67.84 1005.05 883.36 329.88 1588.12 1520.05 2846.66 2177.7 1622.33 610.32 -46.09 425.91 1166.82 2474.09 1256.88 23.85 -238.79 347.52 170.39 1054.18 12.76 119.99 180.02 524.77 678.66 
134.1 184.83 166.08 159.18 131.67 64.99 146.05 125.1 69.55 150.0 146.47 180.7 142.82 121.3 189.1 138.27 133.72 161.3 165.87 93.88 133.4 185.2 191.74 94.57 107.44 191.19 140.0 118.75 180.19 167.06 194.48 130.14 189.62 163.19 193.2 189.07 76.13 190.07 129.62 71.62 171.58 129.33 78.78 68.07 128.5 141.86 92.18 89.37 155.58 130.08 131.17 190.11 147.83 132.12 104.58 132.68 136.87 190.71 145.11 134.59 157.82 123.06 110.08 142.74 148.83 119.05 69.65 156.19 168.86 125.61 95.01 169.73 142.1 150.17 189.79 92.03 167.5 124.91 189.06 125.6 104.46 167.07 136.95 86.58 131.57 194.38 100.33 169.98 141.88 172.32 124.58 141.2 135.54 141.05 188.84 100.21 129.08 148.99 191.53 86.64 
14 19 17 17 12 4 15 11 4 16 15 19 13 11 20 13 14 17 17 6 12 19 20 6 10 20 15 11 19 17 20 13 20 17 20 20 5 20 13 5 18 13 5 4 12 13 8 6 16 13 14 20 15 14 9 14 14 20 15 14 16 13 10 15 15 11 4 16 18 11 6 18 13 16 20 6 17 11 20 11 9 17 14 6 14 20 9 18 13 18 11 13 14 13 20 9 13 15 20 6 
50 108 46 44 33 37 10 76 80 39 6 29 56 89 54 112 114 84 56 11 35 31 33 39 54 45 77 110 53 85 96 98 103 106 8 5 33 110 7 47 63 112 67 33 21 38 119 38 54 52 72 40 87 40 77 48 39 97 55 41 42 37 14 12 8 34 10 119 23 22 37 58 36 78 41 9 104 71 116 0 98 39 63 53 39 6 3 66 96 96 46 38 21 63 91 102 52 62 106 88 
120 120 115 67 91 120 120 120 120 119 58 67 120 120 97 120 120 120 120 87 65 120 49 73 118 99 120 120 120 120 120 120 120 120 69 39 116 120 48 64 80 120 105 53 120 120 120 54 120 120 97 120 120 114 120 120 56 116 120 93 78 78 120 44 120 120 120 120 120 120 73 120 107 110 111 54 120 120 120 27 120 67 97 120 73 106 28 120 120 108 120 120 110 120 120 120 64 118 120 120 
10
0.0 0.0 0.0 0.0 0.0 0.0 0.0 0.0 0.0 0.0 
100.0 0.0 100.0 100.0 100.0 0.0 0.0 100.0 100.0 0.0 
0 7 0 0 0 7 7 0 0 7 8 3 7 3 8 2 0 8 2 1 2 6 6 6 1 4 6 4 2 3 6 6 8 5 6 4 7 6 3 6 1 2 7 9 5 6 3 4 8 2 5 3 5 6 5 4 7 4 4 5 1 9 4 3 5 7 5 3 3 4 3 5 5 3 0 6 6 5 8 5 4 6 6 6 4 4 3 8 6 6 5 7 2 1 5 5 5 3 6 4 6 7 4 8 0 4 7 4 6 2 
7 0 7 7 7 0 0 7 7 0 7 4 3 5 5 4 6 6 5 5 5 3 4 7 5 6 3 4 4 4 5 3 6 2 6 4 7 4 6 3 5 5 7 7 1 2 4 5 7 5 1 6 1 1 7 7 5 3 4 3 6 7 5 5 8 7 3 5 4 2 5 1 6 6 6 8 1 4 6 7 3 1 5 8 2 3 3 5 3 4 5 8 4 6 4 1 6 4 6 5 5 4 6 6 6 6 8 2 3 5 
0 7 0 0 0 7 7 0 0 7 8 3 7 3 8 2 0 8 2 1 2 6 6 6 1 4 6 4 2 3 6 6 8 5 6 4 7 6 3 6 1 2 7 9 5 6 3 4 8 2 5 3 5 6 5 4 7 4 4 5 1 9 4 3 5 7 5 3 3 4 3 5 5 3 0 6 6 5 8 5 4 6 6 6 4 4 3 8 6 6 5 7 2 1 5 5 5 3 6 4 6 7 4 8 0 4 7 4 6 2 
0 7 0 0 0 7 7 0 0 7 8 3 7 3 8 2 0 8 2 1 2 6 6 6 1 4 6 4 2 3 6 6 8 5 6 4 7 6 3 6 1 2 7 9 5 6 3 4 8 2 5 3 5 6 5 4 7 4 4 5 1 9 4 3 5 7 5 3 3 4 3 5 5 3 0 6 6 5 8 5 4 6 6 6 4 4 3 8 6 6 5 7 2 1 5 5 5 3 6 4 6 7 4 8 0 4 7 4 6 2 
0 7 0 0 0 7 7 0 0 7 8 3 7 3 8 2 0 8 2 1 2 6 6 6 1 4 6 4 2 3 6 6 8 5 6 4 7 6 3 6 1 2 7 9 5 6 3 4 8 2 5 3 5 6 5 4 7 4 4 5 1 9 4 3 5 7 5 3 3 4 3 5 5 3 0 6 6 5 8 5 4 6 6 6 4 4 3 8 6 6 5 7 2 1 5 5 5 3 6 4 6 7 4 8 0 4 7 4 6 2 
7 0 7 7 7 0 0 7 7 0 7 4 3 5 5 4 6 6 5 5 5 3 4 7 5 6 3 4 4 4 5 3 6 2 6 4 7 4 6 3 5 5 7 7 1 2 4 5 7 5 1 6 1 1 7 7 5 3 4 3 6 7 5 5 8 7 3 5 4 2 5 1 6 6 6 8 1 4 6 7 3 1 5 8 2 3 3 5 3 4 5 8 4 6 4 1 6 4 6 5 5 4 6 6 6 6 8 2 3 5 
7 0 7 7 7 0 0 7 7 0 7 4 3 5 5 4 6 6 5 5 5 3 4 7 5 6 3 4 4 4 5 3 6 2 6 4 7 4 6 3 5 5 7 7 1 2 4 5 7 5 1 6 1 1 7 7 5 3 4 3 6 7 5 5 8 7 3 5 4 2 5 1 6 6 6 8 1 4 6 7 3 1 5 8 2 3 3 5 3 4 5 8 4 6 4 1 6 4 6 5 5 4 6 6 6 6 8 2 3 5 
0 7 0 0 0 7 7 0 0 7 8 3 7 3 8 2 0 8 2 1 2 6 6 6 1 4 6 4 2 3 6 6 8 5 6 4 7 6 3 6 1 2 7 9 5 6 3 4 8 2 5 3 5 6 5 4 7 4 4 5 1 9 4 3 5 7 5 3 3 4 3 5 5 3 0 6 6 5 8 5 4 6 6 6 4 4 3 8 6 6 5 7 2 1 5 5 5 3 6 4 6 7 4 8 0 4 7 4 6 2 
0 7 0 0 0 7 7 0 0 7 8 3 7 3 8 2 0 8 2 1 2 6 6 6 1 4 6 4 2 3 6 6 8 5 6 4 7 6 3 6 1 2 7 9 5 6 3 4 8 2 5 3 5 6 5 4 7 4 4 5 1 9 4 3 5 7 5 3 3 4 3 5 5 3 0 6 6 5 8 5 4 6 6 6 4 4 3 8 6 6 5 7 2 1 5 5 5 3 6 4 6 7 4 8 0 4 7 4 6 2 
7 0 7 7 7 0 0 7 7 0 7 4 3 5 5 4 6 6 5 5 5 3 4 7 5 6 3 4 4 4 5 3 6 2 6 4 7 4 6 3 5 5 7 7 1 2 4 5 7 5 1 6 1 1 7 7 5 3 4 3 6 7 5 5 8 7 3 5 4 2 5 1 6 6 6 8 1 4 6 7 3 1 5 8 2 3 3 5 3 4 5 8 4 6 4 1 6 4 6 5 5 4 6 6 6 6 8 2 3 5 
8 7 8 8 8 7 7 8 8 7 0 4 4 5 2 5 7 1 6 7 5 4 2 2 7 3 4 4 7 5 2 4 1 6 2 4 0 2 5 3 7 6 1 1 6 4 5 3 0 6 6 5 5 5 2 4 2 5 4 5 7 1 3 5 4 0 4 5 5 6 5 6 2 4 7 3 5 3 1 3 6 6 2 2 6 5 6 1 3 2 2 2 6 7 3 6 2 5 1 4 2 3 4 1 7 3 2 6 3 6 
3 4 3 3 3 4 4 3 3 4 4 0 3 1 4 1 2 4 1 2 1 2 2 3 2 1 3 0 2 1 2 2 4 2 2 0 4 2 1 3 2 2 4 5 3 2 1 1 4 1 3 1 2 3 2 2 3 1 0 1 2 5 1 0 3 4 2 0 0 2 1 3 1 2 2 3 3 1 5 3 1 3 2 4 2 1 2 4 2 2 2 4 2 2 1 2 2 0 3 0 2 3 1 4 3 2 4 2 2 1 
7 3 7 7 7 3 3 7 7 3 4 3 0 4 2 4 6 2 4 5 4 0 1 4 5 3 0 2 5 3 2 0 3 2 3 3 4 1 4 0 5 4 4 3 3 1 3 3 3 4 2 5 2 2 4 5 1 3 2 1 6 3 3 4 5 3 1 3 3 3 4 2 3 4 6 5 1 1 3 5 3 3 2 5 3 2 3 2 0 1 2 5 4 5 2 2 3 3 2 3 2 0 4 2 6 4 5 2 1 4 
3 5 3 3 3 5 5 3 3 5 5 1 4 0 5 1 2 5 1 2 0 3 3 3 2 1 4 1 2 1 2 3 5 3 2 1 4 3 0 3 2 2 4 5 4 4 1 1 5 1 4 0 3 4 2 2 4 2 1 2 2 5 1 0 2 4 3 0 1 3 0 4 2 1 2 3 4 2 5 2 2 4 3 4 3 2 2 4 3 3 2 4 2 1 2 3 2 1 3 1 2 4 1 5 2 1 4 3 3 1 
8 5 8 8 8 5 5 8 8 5 2 4 2 5 0 5 7 0 6 7 5 2 1 4 7 4 2 3 6 5 2 2 1 4 3 4 2 2 5 2 7 6 3 1 5 3 5 3 1 6 5 5 4 4 4 5 1 5 3 4 7 1 3 5 5 2 3 5 4 5 5 5 3 5 7 4 4 2 0 4 5 5 2 4 5 4 6 0 2 2 2 4 6 7 3 5 3 5 2 4 2 1 5 0 7 4 4 5 2 6 
2 4 2 2 2 4 4 2 2 4 5 1 4 1 5 0 2 6 0 1 0 3 4 4 1 2 3 1 1 0 3 3 5 2 4 1 5 3 1 3 1 1 5 6 3 3 0 2 6 0 3 2 3 3 3 3 4 1 1 2 1 6 2 1 3 5 2 0 0 2 1 3 3 2 2 4 3 2 6 4 1 3 3 5 2 1 1 5 3 3 3 5 1 1 2 2 3 0 4 1 3 4 2 5 2 2 5 2 3 0 
0 6 0 0 0 6 6 0 0 6 7 2 6 2 7 2 0 7 1 1 1 5 5 5 0 3 5 3 1 2 5 5 7 4 5 3 7 5 2 5 0 1 6 8 4 5 2 3 7 1 4 2 5 5 4 3 6 3 3 4 0 8 3 2 4 6 4 2 2 3 2 4 4 3 0 5 5 4 7 4 3 5 5 6 3 3 2 7 5 5 4 6 2 0 4 4 4 2 5 3 5 6 3 7 0 3 6 4 5 1 
8 6 8 8 8 6 6 8 8 6 1 4 2 5 0 6 7 0 6 7 5 3 2 4 7 4 3 4 7 5 2 3 0 5 3 4 2 2 6 2 7 7 3 0 5 4 5 3 1 6 5 6 4 4 4 5 1 5 4 4 7 0 4 5 5 2 3 5 5 6 5 5 3 5 7 4 4 3 0 4 5 5 2 4 6 5 6 0 2 2 3 4 6 7 3 5 3 5 2 4 2 2 5 0 8 4 4 5 3 6 
2 5 2 2 2 5 5 2 2 5 6 1 4 1 6 0 1 6 0 1 0 4 4 4 0 2 4 2 1 1 3 4 6 3 4 2 6 4 1 4 1 0 5 7 3 4 1 2 6 0 4 1 4 4 3 3 5 2 2 3 1 7 2 1 3 5 3 1 1 3 1 3 3 2 1 4 4 3 6 4 2 4 4 5 2 2 2 6 4 4 3 5 1 0 3 3 3 1 4 2 3 5 2 6 1 3 5 3 4 0 
1 5 1 1 1 5 5 1 1 5 7 2 5 2 7 1 1 7 1 0 1 4 5 5 0 3 5 3 0 1 4 4 7 3 5 3 7 5 2 5 0 0 6 7 3 4 1 3 7 1 3 2 4 4 4 4 6 2 3 3 1 7 3 2 4 6 4 2 2 3 2 3 4 3 1 5 4 4 7 5 2 4 5 6 2 2 1 6 5 5 4 6 1 1 4 3 4 2 5 3 4 5 3 7 0 4 6 3 4 1 
2 5 2 2 2 5 5 2 2 5 5 1 4 0 5 0 1 5 0 1 0 3 4 4 1 2 4 1 1 0 3 3 5 2 3 1 5 3 1 3 1 1 4 6 3 3 0 2 5 0 3 1 3 3 3 2 4 1 1 2 1 6 2 0 3 5 3 0 0 2 0 3 2 2 1 4 3 2 6 3 2 4 3 4 2 2 2 5 3 3 3 5 1 1 2 3 3 0 3 1 3 4 1 5 2 2 5 2 3 0 
6 3 6 6 6 3 3 6 6 3 4 2 0 3 2 3 5 3 4 4 3 0 1 4 4 3 0 1 4 3 1 0 3 2 3 2 4 1 4 0 5 4 4 3 2 0 3 2 3 4 2 4 1 1 4 4 1 2 2 1 5 3 2 3 5 3 0 3 2 2 3 2 2 4 5 5 1 0 3 4 2 2 2 4 3 2 3 2 0 1 2 5 3 5 1 2 3 2 2 2 1 1 3 3 5 3 5 2 0 4 
6 4 6 6 6 4 4 6 6 4 2 2 1 3 1 4 5 2 4 5 4 1 0 3 5 2 1 2 5 3 1 1 2 3 2 2 2 0 4 1 5 5 3 2 4 2 3 2 2 4 3 4 3 3 3 4 0 3 2 2 5 2 2 3 4 2 1 3 3 4 4 3 2 4 5 4 3 1 2 4 3 4 1 3 4 3 4 1 1 0 1 3 4 5 1 3 2 3 1 2 0 0 3 1 6 3 4 3 1 4 
6 7 6 6 6 7 7 6 6 7 2 3 4 3 4 4 5 4 4 5 4 4 3 0 5 1 4 3 5 4 2 4 3 5 0 3 1 3 3 4 5 5 1 3 6 5 4 2 3 4 6 3 5 6 0 1 3 4 3 4 5 3 2 3 1 1 4 3 3 6 3 6 1 2 5 0 6 3 3 0 5 6 1 0 6 5 5 3 4 3 1 0 5 5 2 6 1 4 1 2 2 4 2 3 5 1 1 5 3 4 
1 5 1 1 1 5 5 1 1 5 7 2 5 2 7 1 0 7 0 0 1 4 5 5 0 3 5 3 1 1 4 5 7 3 5 2 6 4 2 5 0 0 6 7 4 4 1 3 7 0 4 2 4 4 4 3 6 2 3 3 0 7 3 2 4 6 4 1 2 3 1 4 4 3 0 5 4 4 7 4 2 4 5 6 3 2 2 6 5 5 4 6 1 0 4 4 4 2 5 3 4 5 3 7 0 3 6 3 4 0 
4 6 4 4 4 6 6 4 4 6 3 1 3 1 4 2 3 4 2 3 2 3 2 1 3 0 3 1 3 2 1 3 4 4 1 1 3 2 1 3 3 3 2 4 4 4 2 0 3 2 4 1 4 4 1 1 3 3 1 3 3 4 0 1 1 3 2 2 1 4 1 4 0 1 3 2 4 2 4 1 3 5 1 2 4 3 4 3 3 2 1 2 3 3 1 4 1 2 2 0 2 3 0 4 4 0 2 4 2 2 
6 3 6 6 6 3 3 6 6 3 4 3 0 4 2 3 5 3 4 5 4 0 1 4 5 3 0 2 4 3 2 0 3 2 4 3 4 1 4 0 5 4 4 3 2 0 3 3 3 4 2 5 1 1 4 5 1 2 2 1 5 4 3 4 5 4 1 3 3 3 4 2 3 4 5 5 1 1 3 5 2 2 2 5 3 2 3 2 0 1 2 5 4 5 2 2 3 3 3 3 2 1 4 3 6 4 5 2 1 4 
4 4 4 4 4 4 4 4 4 4 4 0 2 1 3 1 3 4 2 3 1 1 2 3 3 1 2 0 3 1 1 1 4 2 2 0 3 1 2 2 3 2 3 4 2 2 1 1 4 2 2 2 2 2 2 3 2 1 0 1 3 4 1 1 3 3 1 1 1 2 2 2 1 2 3 4 2 1 4 3 1 3 2 4 2 1 2 3 1 1 1 4 2 3 0 2 2 1 2 1 1 2 2 3 3 2 4 2 1 2 
2 4 2 2 2 4 4 2 2 4 7 2 5 2 6 1 1 7 1 0 1 4 5 5 1 3 4 3 0 1 4 4 7 2 5 2 6 4 2 4 0 0 6 7 3 4 1 3 7 1 3 3 3 4 5 4 5 1 3 3 1 7 3 2 5 6 3 1 2 2 2 3 4 3 1 6 4 4 7 5 2 3 5 6 2 2 1 6 4 4 4 6 0 1 4 3 4 1 5 3 4 5 3 7 1 4 6 2 4 1 
3 4 3 3 3 4 4 3 3 4 5 1 3 1 5 0 2 5 1 1 0 3 3 4 1 2 3 1 1 0 3 3 5 1 4 1 5 3 2 3 1 1 5 6 2 3 0 2 6 0 2 2 2 3 3 3 4 0 1 1 2 6 2 1 4 5 2 1 0 1 1 2 3 2 2 5 3 2 6 4 1 3 3 5 1 1 1 5 3 3 3 5 1 2 2 2 3 0 4 2 3 4 2 5 2 3 5 2 3 1 
6 5 6 6 6 5 5 6 6 5 2 2 2 2 2 3 5 2 3 4 3 1 1 2 4 1 2 1 4 3 0 2 2 3 1 1 2 0 3 2 4 4 2 3 4 2 3 1 2 3 4 3 3 3 2 3 1 2 1 2 4 3 1 2 3 2 1 2 2 4 3 4 1 2 5 3 3 1 2 2 3 4 0 2 4 3 4 2 1 0 0 3 4 4 0 3 1 2 0 1 0 2 2 2 5 2 3 3 1 3 
6 3 6 6 6 3 3 6 6 3 4 2 0 3 2 3 5 3 4 4 3 0 1 4 5 3 0 1 4 3 2 0 3 2 3 2 4 1 4 0 5 4 4 4 2 0 3 2 3 4 2 4 1 1 4 4 1 2 2 1 5 4 2 3 5 3 0 3 2 2 4 2 3 4 5 5 1 1 3 5 2 2 2 5 2 2 3 2 0 1 2 5 3 5 2 2 3 2 2 3 1 1 4 3 5 4 5 2 0 4 
8 6 8 8 8 6 6 8 8 6 1 4 3 5 1 5 7 0 6 7 5 3 2 3 7 4 3 4 7 5 2 3 0 5 2 4 1 2 5 3 7 7 2 0 6 4 5 3 0 6 6 5 5 5 3 4 1 5 4 4 7 0 3 5 4 1 3 5 5 6 5 6 3 5 7 3 5 3 0 4 5 6 2 3 6 5 6 0 3 2 2 3 6 7 3 5 3 5 1 4 2 2 4 0 7 4 3 6 3 6 
5 2 5 5 5 2 2 5 5 2 6 2 2 3 4 2 4 5 3 3 2 2 3 5 3 4 2 2 2 1 3 2 5 0 4 2 5 3 3 2 3 2 6 6 0 1 1 3 5 2 0 4 0 1 5 5 3 1 2 1 4 6 3 3 5 5 1 2 2 0 3 0 3 4 4 6 1 2 5 5 0 1 4 6 0 0 1 4 2 3 3 6 2 4 2 0 4 1 4 3 3 3 4 5 4 4 6 0 2 3 
6 6 6 6 6 6 6 6 6 6 2 2 3 2 3 4 5 3 4 5 3 3 2 0 5 1 4 2 5 4 1 3 2 4 0 2 1 2 3 3 5 5 1 3 5 4 4 1 2 4 5 3 5 5 0 2 2 4 2 3 5 3 1 2 2 1 3 3 3 5 3 5 1 2 5 1 5 2 3 1 4 6 1 1 5 4 5 2 3 2 1 1 5 4 1 5 0 3 1 2 1 3 2 3 5 1 1 5 3 4 
4 4 4 4 4 4 4 4 4 4 4 0 3 1 4 1 3 4 2 3 1 2 2 3 2 1 3 0 2 1 1 2 4 2 2 0 3 2 1 2 3 2 3 4 3 2 1 0 4 2 3 1 3 3 2 2 3 1 0 1 3 4 0 1 3 3 1 1 0 3 1 3 1 1 3 3 3 1 4 3 2 3 2 3 2 1 2 3 2 2 1 4 2 2 1 3 2 1 2 0 1 3 1 4 3 1 4 2 2 2 
7 7 7 7 7 7 7 7 7 7 0 4 4 4 2 5 7 2 6 7 5 4 2 1 6 3 4 3 6 5 2 4 1 5 1 3 0 2 4 4 7 6 0 1 6 5 5 3 1 6 6 4 5 5 2 3 2 5 3 4 6 1 3 4 3 0 4 4 4 6 4 6 2 4 7 2 5 3 1 2 5 6 1 1 6 5 6 1 3 2 2 1 6 6 3 6 2 5 1 3 2 3 3 2 7 3 2 6 3 5 
6 4 6 6 6 4 4 6 6 4 2 2 1 3 2 3 5 2 4 5 3 1 0 3 4 2 1 1 4 3 0 1 2 3 2 2 2 0 3 1 5 4 2 2 3 2 3 1 2 4 3 3 3 3 2 3 1 2 1 2 5 3 1 3 3 2 1 3 2 3 3 3 1 3 5 3 3 0 2 3 3 4 1 3 3 2 4 1 1 0 1 3 4 5 0 3 2 2 1 2 0 1 3 2 5 2 4 3 0 4 
3 6 3 3 3 6 6 3 3 6 5 1 4 0 5 1 2 6 1 2 1 4 4 3 2 1 4 2 2 2 3 4 5 3 3 1 4 3 0 4 2 2 4 6 4 4 2 2 5 1 4 0 4 4 2 1 4 2 2 3 2 6 1 0 2 4 3 1 1 4 0 4 2 0 2 3 5 3 6 2 3 5 3 3 3 3 3 5 4 3 2 4 3 1 2 4 2 2 3 1 3 5 1 5 2 1 4 4 3 1 
6 3 6 6 6 3 3 6 6 3 3 3 0 3 2 3 5 2 4 5 3 0 1 4 5 3 0 2 4 3 2 0 3 2 3 2 4 1 4 0 5 4 4 3 2 1 3 2 3 4 2 4 2 2 4 5 1 2 2 1 5 3 2 3 5 3 0 3 3 3 4 2 3 4 5 5 1 1 3 5 2 2 2 5 3 2 3 2 0 1 2 5 4 5 2 2 3 3 2 3 1 0 4 2 5 4 5 2 0 4 
1 5 1 1 1 5 5 1 1 5 7 2 5 2 7 1 0 7 1 0 1 5 5 5 0 3 5 3 0 1 4 5 7 3 5 3 7 5 2 5 0 0 6 8 3 4 1 3 7 1 4 2 4 4 5 4 6 2 3 3 0 8 3 2 4 6 4 2 2 3 2 4 4 3 0 5 4 4 7 5 2 4 5 6 2 2 2 6 5 5 4 6 1 0 4 3 5 2 5 3 4 6 3 7 0 4 6 3 4 1 
2 5 2 2 2 5 5 2 2 5 6 2 4 2 6 1 1 7 0 0 1 4 5 5 0 3 4 2 0 1 4 4 7 2 5 2 6 4 2 4 0 0 6 7 3 4 1 3 7 0 3 2 3 4 4 4 5 1 2 3 1 7 3 2 4 6 3 1 1 2 2 3 4 3 1 5 4 3 7 5 2 3 4 6 2 2 1 6 4 4 4 6 0 1 3 3 4 1 5 2 4 5 3 6 1 3 6 2 4 0 
7 7 7 7 7 7 7 7 7 7 1 4 4 4 3 5 6 3 5 6 4 4 3 1 6 2 4 3 6 5 2 4 2 6 1 3 0 2 4 4 6 6 0 2 6 5 5 2 2 5 6 4 6 6 1 3 3 5 3 5 6 2 2 4 2 0 4 4 4 6 4 6 2 3 6 1 6 3 2 2 5 7 1 0 6 5 6 2 4 2 2 0 6 6 3 6 1 4 1 3 2 4 3 2 6 2 1 6 3 5 
9 7 9 9 9 7 7 9 9 7 1 5 3 5 1 6 8 0 7 7 6 3 2 3 7 4 3 4 7 6 3 4 0 6 3 4 1 2 6 3 8 7 2 0 6 4 6 4 0 6 6 6 5 5 4 5 2 5 4 5 8 0 4 5 5 1 4 5 5 6 6 6 3 5 8 4 5 3 0 4 6 6 2 3 6 5 7 1 3 2 3 3 7 7 3 6 3 5 2 4 3 2 5 0 8 4 4 6 3 6 
5 1 5 5 5 1 1 5 5 1 6 3 3 4 5 3 4 5 3 3 3 2 4 6 4 4 2 2 3 2 4 2 6 0 5 3 6 3 4 2 3 3 6 6 0 1 2 3 6 3 0 5 0 1 5 5 4 1 3 1 4 6 4 3 6 6 2 3 2 0 4 0 4 5 4 6 1 2 6 6 1 0 4 7 0 1 1 5 2 3 4 7 2 4 3 0 5 2 5 4 3 3 4 5 4 5 7 0 3 3 
6 2 6 6 6 2 2 6 6 2 4 2 1 4 3 3 5 4 4 4 3 0 2 5 4 4 0 2 4 3 2 0 4 1 4 2 5 2 4 1 4 4 5 4 1 0 3 3 4 4 1 4 0 0 4 5 2 2 2 1 5 4 3 3 5 4 1 3 2 2 4 1 3 4 5 5 0 1 4 5 2 1 3 5 2 2 3 3 1 2 3 5 3 5 2 1 4 2 3 3 2 1 4 3 5 4 6 1 1 4 
3 4 3 3 3 4 4 3 3 4 5 1 3 1 5 0 2 5 1 1 0 3 3 4 1 2 3 1 1 0 3 3 5 1 4 1 5 3 2 3 1 1 5 6 2 3 0 2 5 1 2 2 2 3 3 3 4 0 1 1 2 6 2 1 4 5 2 0 0 1 1 2 3 2 2 4 3 2 6 4 1 3 3 5 1 1 1 5 3 3 3 5 1 2 2 2 3 0 4 2 3 4 2 5 2 3 5 1 2 1 
4 5 4 4 4 5 5 4 4 5 3 1 3 1 3 2 3 3 2 3 2 2 2 2 3 0 3 1 3 2 1 2 3 3 1 0 3 1 2 2 3 3 2 4 3 3 2 0 3 2 3 2 3 3 1 2 2 2 0 2 3 4 0 1 2 2 2 1 1 3 1 4 0 1 4 2 3 1 4 2 3 4 1 3 3 2 3 3 2 1 0 3 3 3 0 3 1 1 1 0 1 3 1 3 4 1 3 3 2 2 
8 7 8 8 8 7 7 8 8 7 0 4 3 5 1 6 7 1 6 7 5 3 2 3 7 3 3 4 7 6 2 3 0 5 2 4 1 2 5 3 7 7 2 0 6 4 5 3 0 6 6 5 5 5 3 4 2 5 4 4 7 0 3 5 4 1 3 5 5 6 5 6 3 5 7 3 5 3 0 4 6 6 2 3 6 5 6 1 3 2 2 2 7 7 3 6 3 5 1 4 2 3 4 1 7 4 3 6 3 6 
2 5 2 2 2 5 5 2 2 5 6 1 4 1 6 0 1 6 0 1 0 4 4 4 0 2 4 2 1 0 3 4 6 2 4 2 6 4 1 4 1 0 5 6 3 4 1 2 6 0 3 2 3 4 4 3 5 1 2 2 1 6 2 1 3 5 3 1 1 2 1 3 3 2 1 4 4 3 6 4 2 4 4 5 2 2 1 5 4 4 3 5 1 1 3 3 3 1 4 2 3 5 2 6 1 3 5 2 3 0 
5 1 5 5 5 1 1 5 5 1 6 3 2 4 5 3 4 5 4 3 3 2 3 6 4 4 2 2 3 2 4 2 6 0 5 3 6 3 4 2 4 3 6 6 0 1 2 3 6 3 0 5 0 0 5 5 4 1 3 1 4 6 4 4 6 6 2 3 3 0 4 0 4 5 4 6 1 2 6 6 1 0 4 6 1 1 1 5 2 3 4 7 2 4 3 0 5 2 5 4 3 3 4 5 4 5 7 0 2 3 
3 6 3 3 3 6 6 3 3 6 5 1 5 0 5 2 2 6 1 2 1 4 4 3 2 1 5 2 3 2 3 4 5 4 3 1 4 3 0 4 2 2 4 6 5 4 2 2 5 2 5 0 4 5 2 1 4 3 2 3 2 6 2 1 1 4 3 1 2 4 0 5 2 0 2 3 5 3 5 2 3 5 3 3 4 3 3 5 4 3 2 4 3 2 2 4 2 2 3 1 3 5 0 5 2 1 3 4 4 1 
5 1 5 5 5 1 1 5 5 1 5 2 2 3 4 3 5 4 4 4 3 1 3 5 4 4 1 2 3 2 3 1 5 0 5 3 5 3 4 2 4 3 6 5 0 0 2 3 5 3 0 4 0 0 5 5 3 1 2 1 5 5 3 3 6 5 1 3 2 1 4 0 4 5 5 6 0 2 5 6 1 1 4 6 1 1 2 4 2 3 3 6 3 4 3 0 4 2 4 3 3 2 4 4 5 4 6 1 2 3 
6 1 6 6 6 1 1 6 6 1 5 3 2 4 4 3 5 4 4 4 3 1 3 6 4 4 1 2 4 3 3 1 5 1 5 3 5 3 4 2 4 4 6 5 1 0 3 3 5 4 0 5 0 0 5 5 3 2 3 1 5 5 3 4 6 5 1 3 3 1 4 1 4 5 5 6 0 2 5 6 1 1 4 6 1 1 2 4 2 3 4 6 3 5 3 0 5 2 4 4 3 2 5 4 5 5 7 1 2 4 
5 7 5 5 5 7 7 5 5 7 2 2 4 2 4 3 4 4 3 4 3 4 3 0 4 1 4 2 5 3 2 4 3 5 0 2 2 2 2 4 5 4 1 4 5 4 3 1 3 4 5 2 5 5 0 1 3 4 2 4 4 4 1 2 1 2 3 3 3 5 2 5 1 1 4 1 5 3 4 0 4 6 1 1 5 4 5 3 3 2 1 1 5 4 2 5 0 3 1 1 2 4 1 3 5 0 1 5 3 3 
4 7 4 4 4 7 7 4 4 7 4 2 5 2 5 3 3 5 3 4 2 4 4 1 3 1 5 3 4 3 3 4 4 5 2 2 3 3 1 5 4 4 3 5 5 5 3 2 4 3 5 1 5 5 1 0 4 4 2 4 3 5 2 2 0 3 4 2 2 5 2 5 2 0 3 1 5 3 5 1 4 6 2 2 5 4 4 4 4 3 2 2 4 3 2 5 1 3 3 1 3 5 0 5 4 0 2 5 4 3 
7 5 7 7 7 5 5 7 7 5 2 3 1 4 1 4 6 1 5 6 4 1 0 3 6 3 1 2 5 4 1 1 1 3 2 3 2 1 4 1 6 5 3 2 4 2 4 2 2 5 4 4 3 3 3 4 0 3 2 3 6 2 2 4 4 2 2 4 3 4 4 4 2 4 6 4 3 1 1 4 4 4 1 3 4 3 4 0 1 1 2 3 5 6 2 4 2 4 1 3 1 1 4 1 6 3 4 4 1 5 
4 3 4 4 4 3 3 4 4 3 5 1 3 2 5 1 3 5 2 2 1 2 3 4 2 3 2 1 1 0 2 2 5 1 4 1 5 2 2 2 2 1 5 5 1 2 0 2 5 1 1 3 1 2 4 4 3 0 1 1 3 5 2 2 4 5 1 1 1 1 2 1 3 3 3 5 2 2 5 4 0 2 3 5 1 0 1 4 2 3 3 5 1 2 2 1 3 0 3 2 2 3 3 5 3 3 5 1 2 1 
4 4 4 4 4 4 4 4 4 4 4 0 2 1 3 1 3 4 2 3 1 2 2 3 3 1 2 0 3 1 1 2 4 2 2 0 3 1 2 2 3 2 3 4 3 2 1 0 4 2 3 2 2 3 2 2 2 1 0 1 3 4 0 1 3 3 1 1 0 2 1 3 1 2 3 3 3 1 4 3 2 3 2 3 2 1 2 3 2 1 1 4 2 3 0 3 2 1 2 0 1 2 1 4 3 1 4 2 1 2 
5 3 5 5 5 3 3 5 5 3 5 1 1 2 4 2 4 4 3 3 2 1 2 4 3 3 1 1 3 1 2 1 4 1 3 1 4 2 3 1 3 3 5 5 1 1 1 2 4 2 1 3 1 1 4 4 3 1 1 0 4 5 2 2 4 4 0 2 1 1 3 1 2 3 4 5 1 1 4 4 1 2 3 5 1 0 2 3 1 2 2 5 2 4 1 1 3 1 3 2 2 2 3 4 4 3 5 1 1 2 
1 6 1 1 1 6 6 1 1 6 7 2 6 2 7 1 0 7 1 1 1 5 5 5 0 3 5 3 1 2 4 5 7 4 5 3 6 5 2 5 0 1 6 8 4 5 2 3 7 1 4 2 5 5 4 3 6 3 3 4 0 8 3 2 4 6 4 2 2 3 2 4 4 3 0 5 5 4 7 4 3 5 5 6 3 3 2 7 5 5 4 6 2 0 4 4 4 2 5 3 4 6 3 7 0 3 6 4 5 1 
9 7 9 9 9 7 7 9 9 7 1 5 3 5 1 6 8 0 7 7 6 3 2 3 7 4 4 4 7 6 3 4 0 6 3 4 1 3 6 3 8 7 2 0 6 4 6 4 0 6 6 6 5 5 4 5 2 5 4 5 8 0 4 5 5 1 4 6 5 6 6 6 3 5 8 4 5 3 0 4 6 6 2 3 6 5 7 1 3 2 3 3 7 7 3 6 3 5 2 4 3 3 5 0 8 4 4 6 3 6 
4 5 4 4 4 5 5 4 4 5 3 1 3 1 3 2 3 4 2 3 2 2 2 2 3 0 3 1 3 2 1 2 3 3 1 0 3 1 1 2 3 3 2 4 4 3 2 0 3 2 4 2 3 3 1 2 2 2 0 2 3 4 0 1 2 3 2 1 1 3 1 4 0 1 3 2 3 1 4 2 3 4 1 3 3 2 3 3 2 1 1 3 3 3 0 3 1 1 1 0 1 3 1 3 4 1 3 3 2 2 
3 5 3 3 3 5 5 3 3 5 5 0 4 0 5 1 2 5 1 2 0 3 3 3 2 1 4 1 2 1 2 3 5 3 2 1 4 3 0 3 2 2 4 5 3 3 1 1 5 1 4 1 3 4 2 2 4 2 1 2 2 5 1 0 2 4 2 0 1 3 0 4 2 1 2 3 4 2 5 2 2 4 2 4 3 2 2 4 3 3 2 4 2 2 2 3 2 1 3 0 2 4 1 5 2 1 4 3 3 1 
5 8 5 5 5 8 8 5 5 8 4 3 5 2 5 3 4 5 3 4 3 5 4 1 4 1 5 3 5 4 3 5 4 5 2 3 3 3 2 5 4 4 2 5 6 5 4 2 4 3 6 1 6 6 1 0 4 4 3 4 4 5 2 2 0 3 4 3 3 6 2 6 2 1 4 1 6 4 5 0 5 6 3 2 5 4 5 4 5 4 2 2 5 3 3 6 1 3 3 2 3 5 1 5 4 1 2 5 4 3 
7 7 7 7 7 7 7 7 7 7 0 4 3 4 2 5 6 2 5 6 5 3 2 1 6 3 4 3 6 5 2 3 1 5 1 3 0 2 4 3 6 6 0 1 6 4 5 2 1 5 6 4 5 5 2 3 2 5 3 4 6 1 3 4 3 0 3 4 4 6 4 6 2 4 6 2 5 3 1 2 5 6 1 1 6 5 6 1 3 2 2 1 6 6 2 6 2 4 1 3 2 3 3 1 7 3 2 6 3 5 
5 3 5 5 5 3 3 5 5 3 4 2 1 3 3 2 4 3 3 4 3 0 1 4 4 2 1 1 3 2 1 0 3 1 3 1 4 1 3 0 4 3 4 4 2 1 2 2 3 3 2 3 1 1 3 4 2 1 1 0 4 4 2 2 4 3 0 2 2 2 3 2 2 3 4 4 1 0 3 4 2 2 2 4 2 1 2 2 0 1 2 4 3 4 1 2 3 2 2 2 1 1 3 3 5 3 5 2 0 3 
3 5 3 3 3 5 5 3 3 5 5 0 3 0 5 0 2 5 1 2 0 3 3 3 1 2 3 1 1 1 2 3 5 2 3 1 4 3 1 3 2 1 4 5 3 3 0 1 5 1 3 1 3 3 3 2 4 1 1 2 2 6 1 0 3 4 2 0 0 2 0 3 2 1 2 4 3 2 5 3 2 4 3 4 2 1 2 4 3 3 2 4 1 1 2 3 2 0 3 1 2 4 1 5 2 2 4 2 3 0 
3 4 3 3 3 4 4 3 3 4 5 0 3 1 4 0 2 5 1 2 0 2 3 3 2 1 3 1 2 0 2 2 5 2 3 0 4 2 1 3 2 1 4 5 2 2 0 1 5 1 3 2 2 3 3 2 3 1 0 1 2 5 1 1 3 4 2 0 0 2 1 3 2 2 2 4 3 2 5 3 1 3 2 4 2 1 2 4 2 2 2 4 2 2 1 2 2 0 3 1 2 3 1 4 2 2 4 2 2 1 
4 2 4 4 4 2 2 4 4 2 6 2 3 3 5 2 3 6 3 3 2 2 4 6 3 4 3 2 2 1 4 2 6 0 5 3 6 3 4 3 3 2 6 6 0 2 1 3 6 2 0 4 1 1 5 5 4 1 2 1 3 6 3 3 6 6 2 2 2 0 3 0 4 4 3 6 1 2 6 6 0 1 4 6 0 1 1 5 3 3 4 6 1 3 3 0 5 2 5 3 3 4 4 5 3 4 7 0 3 3 
3 5 3 3 3 5 5 3 3 5 5 1 4 0 5 1 2 5 1 2 0 3 4 3 1 1 4 2 2 1 3 4 5 3 3 1 4 3 0 4 2 2 4 6 4 4 1 1 5 1 4 0 4 4 2 2 4 2 1 3 2 6 1 0 2 4 3 0 1 3 0 4 2 1 2 3 4 3 5 2 2 4 3 4 3 2 2 5 3 3 2 4 2 1 2 4 2 1 3 1 3 4 1 5 2 1 4 3 3 1 
5 1 5 5 5 1 1 5 5 1 6 3 2 4 5 3 4 5 3 3 3 2 3 6 4 4 2 2 3 2 4 2 6 0 5 3 6 3 4 2 4 3 6 6 0 1 2 4 6 3 0 5 0 1 5 5 4 1 3 1 4 6 4 4 6 6 2 3 3 0 4 0 4 5 4 6 1 2 6 6 1 0 4 7 1 1 1 5 2 3 4 7 2 4 3 0 5 2 5 4 3 3 5 5 4 5 7 0 3 3 
5 6 5 5 5 6 6 5 5 6 2 1 3 2 3 3 4 3 3 4 2 2 2 1 4 0 3 1 4 3 1 3 3 3 1 1 2 1 2 3 4 4 2 3 4 3 3 0 3 3 4 2 4 4 1 2 2 3 1 2 4 3 0 2 2 2 2 2 2 4 2 4 0 2 4 2 4 1 3 1 3 5 0 2 4 3 4 2 2 1 0 2 4 4 1 4 0 2 1 1 1 3 1 3 4 1 2 4 2 3 
3 6 3 3 3 6 6 3 3 6 4 2 4 1 5 2 3 5 2 3 2 4 4 2 3 1 4 2 3 2 2 4 5 4 2 1 4 3 0 4 3 3 3 5 5 4 2 1 5 2 5 0 5 5 1 0 4 3 2 3 3 5 1 1 1 4 3 1 2 4 1 5 2 0 3 2 5 3 5 1 4 5 2 3 4 3 4 4 4 3 2 3 3 2 2 5 2 2 3 1 3 4 0 5 3 0 3 4 3 2 
0 6 0 0 0 6 6 0 0 6 7 2 6 2 7 2 0 7 1 1 1 5 5 5 0 3 5 3 1 2 5 5 7 4 5 3 7 5 2 5 0 1 6 8 4 5 2 4 7 1 4 2 5 5 4 3 6 3 3 4 0 8 3 2 4 6 4 2 2 3 2 4 4 3 0 5 5 4 8 4 3 5 5 6 3 3 2 7 5 5 4 6 2 0 4 4 4 2 5 3 5 6 3 7 0 3 6 4 5 1 
6 8 6 6 6 8 8 6 6 8 3 3 5 3 4 4 5 4 4 5 4 5 4 0 5 2 5 4 6 5 3 5 3 6 1 3 2 3 3 5 5 5 1 4 6 5 4 2 3 4 6 3 6 6 1 1 4 5 3 5 5 4 2 3 1 2 4 4 4 6 3 6 2 2 5 0 6 4 4 0 5 7 2 0 6 5 6 4 4 3 2 1 6 5 3 6 1 4 2 2 3 5 2 4 5 1 0 6 4 4 
6 1 6 6 6 1 1 6 6 1 5 3 1 4 4 3 5 4 4 4 3 1 3 6 4 4 1 2 4 3 3 1 5 1 5 3 5 3 5 1 4 4 6 5 1 0 3 3 5 4 1 5 0 0 5 5 3 2 3 1 5 5 3 4 6 5 1 3 3 1 4 1 4 5 5 6 0 2 5 6 2 1 4 6 2 2 2 4 2 3 4 6 3 5 3 1 5 3 4 4 3 2 5 4 5 5 7 1 2 4 
5 4 5 5 5 4 4 5 5 4 3 1 1 2 2 2 4 3 3 4 2 0 1 3 4 2 1 1 4 2 1 1 3 2 2 1 3 0 3 1 4 3 3 3 2 1 2 1 3 3 2 3 2 2 3 3 1 2 1 1 4 3 1 2 4 3 0 2 2 2 3 2 1 3 4 4 2 0 3 3 2 3 1 4 3 2 3 2 0 0 1 4 3 4 0 2 2 2 2 2 0 1 3 3 4 2 4 2 0 3 
8 6 8 8 8 6 6 8 8 6 1 5 3 5 0 6 7 0 6 7 6 3 2 3 7 4 3 4 7 6 2 3 0 5 3 4 1 2 6 3 7 7 2 0 6 4 6 4 0 6 6 5 5 5 4 5 1 5 4 4 7 0 4 5 5 1 3 5 5 6 5 6 3 5 8 4 5 3 0 4 6 6 2 3 6 5 6 0 3 2 3 3 7 7 3 6 3 5 2 4 2 2 5 0 8 4 4 6 3 6 
5 7 5 5 5 7 7 5 5 7 3 3 5 2 4 4 4 4 4 5 3 4 4 0 4 1 5 3 5 4 2 5 4 5 1 3 2 3 2 5 5 5 2 4 6 5 4 2 4 4 6 2 6 6 0 1 4 4 3 4 4 4 2 2 0 2 4 3 3 6 2 6 1 1 4 0 6 3 4 0 5 6 2 1 5 4 5 4 4 3 2 1 5 4 3 6 1 4 2 2 3 5 1 4 5 1 1 5 4 4 
4 3 4 4 4 3 3 4 4 3 6 1 3 2 5 1 3 5 2 2 2 2 3 5 2 3 2 1 2 1 3 2 5 0 4 2 5 3 3 2 2 2 5 6 1 2 1 3 6 2 1 3 1 1 4 4 4 0 2 1 3 6 3 2 5 5 2 2 1 0 2 1 3 4 3 5 2 2 6 5 0 1 4 6 0 0 0 5 2 3 3 6 1 3 2 1 4 1 4 2 3 3 3 5 3 4 6 0 2 2 
6 1 6 6 6 1 1 6 6 1 6 3 3 4 5 3 5 5 4 4 4 2 4 6 4 5 2 3 3 3 4 2 6 1 6 3 6 4 5 2 4 3 7 6 0 1 3 4 6 4 0 5 1 1 6 6 4 2 3 2 5 6 4 4 6 6 2 4 3 1 4 0 5 5 5 7 1 3 6 6 1 0 5 7 1 2 2 5 3 4 4 7 3 5 4 0 5 3 5 4 4 3 5 5 5 5 7 1 3 4 
6 5 6 6 6 5 5 6 6 5 2 2 2 3 2 3 5 2 4 5 3 2 1 1 5 1 2 2 5 3 0 2 2 4 1 2 1 1 3 2 5 4 1 2 4 3 3 1 2 4 4 3 4 4 1 2 1 3 2 3 5 2 1 2 3 1 2 3 2 4 3 4 0 2 5 2 4 1 2 2 4 5 0 2 4 3 4 1 2 1 0 2 4 5 1 4 1 3 0 2 0 2 2 2 5 2 2 4 2 4 
6 8 6 6 6 8 8 6 6 8 2 4 5 4 4 5 6 4 5 6 4 4 3 0 6 2 5 4 6 5 2 5 3 6 1 3 1 3 3 5 6 6 0 3 7 5 5 3 3 5 6 3 6 6 1 2 3 5 3 5 6 3 3 4 2 1 4 4 4 6 4 7 2 3 6 0 6 4 3 1 6 7 2 0 6 5 6 3 4 3 2 0 6 5 3 6 1 4 2 3 3 4 2 3 6 2 0 6 4 5 
4 2 4 4 4 2 2 4 4 2 6 2 3 3 5 2 3 6 2 2 2 3 4 6 3 4 3 2 2 1 4 2 6 0 5 2 6 3 3 3 2 2 6 6 0 2 1 3 6 2 1 4 1 1 5 5 4 1 2 1 3 6 3 3 5 6 2 2 2 0 3 1 4 4 3 6 2 3 6 5 0 1 4 6 0 1 0 5 3 3 4 6 1 3 3 1 5 1 5 3 3 4 4 6 3 4 7 0 3 2 
4 3 4 4 4 3 3 4 4 3 5 1 2 2 4 1 3 5 2 2 2 2 3 5 2 3 2 1 2 1 3 2 5 0 4 1 5 2 3 2 2 2 5 5 1 2 1 2 5 2 1 3 1 1 4 4 3 0 1 0 3 5 2 2 4 5 1 1 1 1 2 1 3 3 3 5 2 2 5 4 0 2 3 5 1 0 1 4 2 3 3 5 1 3 2 1 4 1 4 2 2 3 3 5 3 3 6 1 2 2 
3 3 3 3 3 3 3 3 3 3 6 2 3 2 6 1 2 6 2 1 2 3 4 5 2 4 3 2 1 1 4 3 6 1 5 2 6 4 3 3 2 1 6 7 1 3 1 3 6 1 1 3 2 2 5 4 4 1 2 2 2 7 3 2 5 6 2 2 2 1 2 1 4 4 2 6 2 3 6 5 0 2 4 6 0 1 0 5 3 4 4 6 0 2 3 1 4 1 5 3 3 4 3 6 2 4 6 1 3 2 
8 5 8 8 8 5 5 8 8 5 1 4 2 4 0 5 7 0 6 6 5 2 1 3 6 3 2 3 6 5 2 2 0 4 2 3 1 1 5 2 6 6 2 1 5 3 5 3 1 5 5 5 4 4 3 4 0 4 3 3 7 1 3 4 4 1 2 4 4 5 5 5 2 4 7 4 4 2 0 4 5 5 1 3 5 4 5 0 2 1 2 3 6 6 2 5 3 4 1 3 2 1 4 0 7 3 4 5 2 5 
6 3 6 6 6 3 3 6 6 3 3 2 0 3 2 3 5 2 4 5 3 0 1 4 5 3 0 1 4 3 1 0 3 2 3 2 3 1 4 0 5 4 4 3 2 1 3 2 3 4 2 4 2 2 3 4 1 2 2 1 5 3 2 3 5 3 0 3 2 3 3 2 2 4 5 4 2 0 3 4 2 3 2 4 3 2 3 2 0 1 2 4 4 5 1 2 3 2 2 2 1 0 3 2 5 3 5 2 0 4 
6 4 6 6 6 4 4 6 6 4 2 2 1 3 2 3 5 2 4 5 3 1 0 3 5 2 1 1 4 3 0 1 2 3 2 2 2 0 3 1 5 4 2 2 3 2 3 1 2 4 3 3 3 3 2 3 1 3 1 2 5 2 1 3 4 2 1 3 2 3 3 3 1 3 5 3 3 0 2 3 3 4 1 3 3 3 4 1 1 0 1 3 4 5 1 3 2 3 1 2 0 1 3 2 5 2 4 3 0 4 
5 5 5 5 5 5 5 5 5 5 2 2 2 2 2 3 4 3 3 4 3 2 1 1 4 1 2 1 4 3 0 2 2 3 1 1 2 1 2 2 4 4 2 3 4 3 3 0 2 3 4 2 3 4 1 2 2 3 1 2 4 3 1 2 2 2 2 2 2 4 2 4 0 2 4 2 4 1 3 2 3 4 0 2 4 3 4 2 2 1 0 2 4 4 0 4 1 2 0 1 0 2 2 2 5 1 3 4 1 3 
7 8 7 7 7 8 8 7 7 8 2 4 5 4 4 5 6 4 5 6 5 5 3 0 6 2 5 4 6 5 3 5 3 6 1 4 1 3 4 5 6 6 0 3 7 5 5 3 2 5 7 4 6 6 1 2 3 5 4 5 6 3 3 4 2 1 4 4 4 6 4 7 2 3 6 1 6 4 3 1 6 7 2 0 6 5 6 3 4 3 2 0 6 6 3 6 1 5 2 3 3 4 3 3 6 2 0 6 4 5 
2 4 2 2 2 4 4 2 2 4 6 2 4 2 6 1 2 6 1 1 1 3 4 5 1 3 4 2 0 1 4 3 6 2 5 2 6 4 3 4 1 0 6 7 2 3 1 3 7 1 2 3 3 3 5 4 5 1 2 2 2 7 3 2 5 6 3 1 2 1 2 2 4 3 2 6 3 3 7 5 1 3 4 6 1 1 0 6 4 4 4 6 0 2 3 2 4 1 5 3 4 5 3 6 2 4 6 2 3 1 
1 6 1 1 1 6 6 1 1 6 7 2 5 1 7 1 0 7 0 1 1 5 5 5 0 3 5 3 1 2 4 5 7 4 4 2 6 5 1 5 0 1 6 7 4 5 2 3 7 1 4 2 4 5 4 3 6 2 3 4 0 7 3 2 3 6 4 1 2 3 1 4 4 2 0 5 5 4 7 4 3 5 5 5 3 3 2 6 5 5 4 6 2 0 4 4 4 2 5 2 4 6 2 7 0 3 5 4 4 1 
5 4 5 5 5 4 4 5 5 4 3 1 2 2 3 2 4 3 3 4 2 1 1 2 4 1 2 0 4 2 0 2 3 2 1 1 3 0 2 2 4 3 3 3 3 2 2 0 3 3 3 2 3 3 2 2 2 2 0 1 4 3 0 2 3 2 1 2 1 3 2 3 1 2 4 3 3 0 3 3 2 4 1 3 3 2 3 2 1 1 0 3 3 4 0 3 1 2 1 1 0 2 2 3 4 2 3 3 1 3 
5 1 5 5 5 1 1 5 5 1 6 2 2 3 5 2 4 5 3 3 3 2 3 6 4 4 2 2 3 2 3 2 5 0 5 3 6 3 4 2 3 3 6 6 0 1 2 3 6 3 0 4 0 0 5 5 4 1 3 1 4 6 3 3 6 6 2 3 2 0 4 0 4 5 4 6 1 2 6 6 1 0 4 6 1 1 1 5 2 3 4 6 2 4 3 0 5 2 4 3 3 3 4 5 4 5 7 0 2 3 
5 6 5 5 5 6 6 5 5 6 2 2 3 2 3 3 4 3 3 4 3 3 2 1 4 1 3 2 4 3 1 3 3 4 0 2 2 2 2 3 5 4 1 3 5 4 3 1 3 3 5 2 4 5 0 1 2 3 2 3 4 3 1 2 1 2 3 2 2 5 2 5 0 2 4 1 5 2 3 1 4 5 1 1 5 4 4 3 3 2 1 1 4 4 1 5 0 3 1 1 1 3 1 3 5 1 2 4 2 3 
3 4 3 3 3 4 4 3 3 4 5 0 3 1 5 0 2 5 1 2 0 2 3 4 2 2 3 1 1 0 2 2 5 1 3 1 5 2 2 3 2 1 4 5 2 2 0 1 5 1 2 2 2 2 3 3 4 0 1 1 2 5 1 1 3 4 2 0 0 2 1 2 2 2 2 4 3 2 5 4 1 3 3 4 1 1 1 4 2 3 2 5 1 2 2 2 3 0 3 1 2 3 2 5 2 2 5 2 2 1 
6 6 6 6 6 6 6 6 6 6 1 3 2 3 2 4 5 2 4 5 3 2 1 1 5 2 3 2 5 4 0 2 1 4 1 2 1 1 3 2 5 5 1 2 5 3 4 1 1 4 5 3 4 4 1 3 1 3 2 3 5 2 1 3 3 1 2 3 3 5 3 5 1 3 5 2 4 2 2 2 4 5 0 2 5 4 5 1 2 1 0 2 5 5 1 4 1 3 0 2 1 2 2 2 5 2 2 4 2 4 
4 5 4 4 4 5 5 4 4 5 4 0 3 1 4 1 3 4 2 3 1 2 2 2 3 0 3 1 3 2 1 3 4 3 2 0 3 2 1 3 3 2 3 4 4 3 2 0 4 2 4 1 3 4 1 1 3 2 0 2 3 4 0 0 2 3 2 1 1 3 1 4 1 1 3 2 4 2 4 2 2 4 2 3 3 2 3 3 2 2 1 3 3 2 1 3 1 1 2 0 1 3 1 4 3 1 3 3 2 2 
6 5 6 6 6 5 5 6 6 5 2 2 2 2 2 3 5 2 3 4 3 1 0 2 4 2 2 1 4 3 0 1 2 3 1 1 2 0 3 1 4 4 2 3 3 2 3 1 2 3 3 3 3 3 2 3 1 2 1 2 4 3 1 2 3 2 1 2 2 3 3 3 1 3 5 3 3 0 2 3 3 4 0 3 3 2 3 2 1 0 0 3 4 4 0 3 1 2 1 1 0 1 2 2 5 2 3 3 1 3 
7 4 7 7 7 4 4 7 7 4 3 3 0 4 1 4 6 2 5 5 4 1 0 4 5 3 1 2 5 4 2 1 2 3 3 3 3 1 5 0 6 5 4 2 3 1 4 3 3 5 3 5 2 2 4 5 1 3 2 2 6 3 3 4 5 3 1 4 3 4 4 3 3 4 6 5 2 1 2 5 3 3 2 4 4 3 4 1 0 1 2 4 5 6 2 3 3 3 2 3 1 0 4 2 6 4 5 3 1 5 
4 6 4 4 4 6 6 4 4 6 4 1 4 1 5 2 3 5 2 3 1 3 3 2 3 0 4 2 3 2 2 4 4 4 2 1 3 3 1 4 3 3 3 5 4 4 2 1 4 2 4 0 4 5 1 0 4 3 1 3 3 5 1 1 1 3 3 1 1 4 1 5 1 0 3 2 5 3 5 1 3 5 2 2 4 3 3 4 3 3 2 3 3 2 2 4 1 2 2 1 2 4 0 4 3 0 3 4 3 2 
8 6 8 8 8 6 6 8 8 6 1 4 2 5 0 5 7 0 6 7 5 3 1 3 7 4 3 3 7 5 2 3 0 5 3 4 2 2 5 2 7 6 2 0 5 3 5 3 1 6 5 5 4 4 3 5 1 5 4 4 7 0 3 5 5 1 3 5 4 5 5 5 3 5 7 4 4 3 0 4 5 5 2 3 6 5 6 0 2 2 2 3 6 7 3 5 3 5 2 4 2 2 4 0 7 4 4 5 2 6 
0 6 0 0 0 6 6 0 0 6 7 3 6 2 7 2 0 8 1 0 2 5 6 5 0 4 6 3 1 2 5 5 7 4 5 3 7 5 2 5 0 1 6 8 4 5 2 4 7 1 4 2 5 5 5 4 6 3 3 4 0 8 4 2 4 7 5 2 2 3 2 4 4 3 0 5 5 4 8 5 3 5 5 6 3 3 2 7 5 5 5 6 2 0 4 4 5 2 5 3 5 6 3 7 0 4 6 4 5 1 
4 6 4 4 4 6 6 4 4 6 3 2 4 1 4 2 3 4 3 4 2 3 3 1 3 0 4 2 4 3 2 4 4 4 1 1 3 2 1 4 4 3 2 4 5 4 3 1 4 3 5 1 4 5 0 0 3 3 1 3 3 4 1 1 1 3 3 2 2 4 1 5 1 0 3 1 5 2 4 1 4 5 2 2 4 3 4 3 3 2 1 2 4 3 2 5 1 2 2 1 2 4 0 4 4 0 2 4 3 2 
7 8 7 7 7 8 8 7 7 8 2 4 5 4 4 5 6 4 5 6 5 5 4 1 6 2 5 4 6 5 3 5 3 6 1 4 2 4 4 5 6 6 1 4 7 6 5 3 3 5 7 3 6 7 1 2 4 5 4 5 6 4 3 4 2 2 5 4 4 7 4 7 2 3 6 0 7 4 4 1 6 7 2 0 7 6 6 4 5 4 3 0 6 5 3 7 2 5 2 3 3 5 3 4 6 2 0 7 4 5 
4 2 4 4 4 2 2 4 4 2 6 2 2 3 5 2 4 5 3 3 2 2 3 5 3 4 2 2 2 2 3 2 6 0 5 2 6 3 4 2 3 2 6 6 0 1 1 3 6 2 0 4 1 1 5 5 4 1 2 1 4 6 3 3 5 6 2 2 2 0 3 0 4 4 4 6 1 2 6 5 0 1 4 6 0 1 1 5 2 3 4 6 2 4 3 0 4 2 4 3 3 3 4 5 4 4 7 0 2 3 
6 3 6 6 6 3 3 6 6 3 3 2 1 3 2 3 5 3 4 4 3 0 1 3 4 2 1 1 4 3 1 0 3 2 3 2 3 0 3 0 4 4 3 3 3 1 2 2 3 3 2 4 2 2 3 4 1 2 1 1 5 3 2 3 4 3 0 3 2 3 3 3 2 3 5 4 2 0 3 4 2 3 2 4 3 2 3 2 0 0 1 4 3 4 1 2 2 2 2 2 1 1 3 2 5 3 4 2 0 3 
2 5 2 2 2 5 5 2 2 5 6 1 4 1 6 0 1 6 0 1 0 4 4 4 0 2 4 2 1 1 3 4 6 3 4 2 5 4 1 4 1 0 5 6 3 4 1 2 6 0 3 1 3 4 3 3 5 1 2 2 1 6 2 1 3 5 3 0 1 3 1 3 3 2 1 4 4 3 6 4 2 4 4 5 2 2 2 5 4 4 3 5 1 1 3 3 3 1 4 2 3 5 2 6 1 2 5 3 3 0 
