100 4773.42 0 1680 14 120
18.11 59.09 20.31 4.61 70.74 61.33 46.21 63.01 34.54 20.44 5.96 40.26 80.41 84.52 24.55 86.16 98.23 4.29 90.67 91.67 93.07 37.88 37.36 64.14 48.4 18.5 98.18 29.9 60.01 17.54 79.36 34.61 36.77 96.22 84.32 63.66 7.04 75.87 2.95 19.72 85.9 12.83 64.51 49.68 19.71 59.5 12.28 36.07 85.57 7.74 20.14 76.56 36.37 47.36 14.78 63.12 90.62 53.68 1.66 72.06 41.31 20.03 80.66 15.58 49.34 70.33 37.48 5.08 67.8 39.61 47.2 13.91 85.59 19.35 80.38 8.67 2.5 91.72 61.61 63.34 41.18 3.5 50.27 36.54 31.2 94.49 35.18 86.29 27.44 14.78 81.32 57.6 93.36 3.42 3.8 59.72 8.72 35.76 93.74 85.63 
89.96 17.41 28.77 29.75 25.94 12.34 41.71 89.81 19.98 12.57 61.11 23.72 67.82 57.43 60.9 63.41 58.34 61.79 39.56 87.21 18.94 62.26 83.39 41.06 47.65 10.65 31.89 54.48 65.43 36.39 87.17 33.33 73.14 78.19 63.35 66.74 47.43 43.44 21.68 32.03 22.51 89.74 62.75 58.1 50.05 45.44 85.92 10.66 45.68 10.61 11.47 76.43 32.68 46.85 73.46 60.15 39.97 32.08 33.06 59.21 21.2 40.65 21.86 57.55 89.93 74.04 16.09 85.7 14.21 59.45 61.32 80.38 80.34 19.25 81.66 10.12 40.73 22.31 46.74 26.64 62.71 39.89 78.2 21.18 75.81 23.13 71.2 68.65 13.45 80.41 73.06 20.04 89.81 61.26 67.53 83.93 11.18 71.6 17.21 13.59 
2 6 2 1 7 6 5 6 4 2 1 4 8 8 3 8 9 1 9 9 9 4 4 6 5 2 9 3 6 2 8 4 4 9 8 6 1 7 1 2 8 2 6 5 2 6 2 4 8 1 2 7 4 5 2 6 9 5 1 7 4 2 8 2 5 7 4 1 7 4 5 2 8 2 8 1 1 9 6 6 4 1 5 4 3 9 4 8 3 2 8 6 9 1 1 6 1 4 9 8 
1 2 3 4 5 6 7 8 9 10 11 12 13 14 15 16 17 18 19 20 21 22 23 24 25 26 27 28 29 30 31 32 33 34 35 36 37 38 39 40 41 42 43 44 45 46 47 48 49 50 51 52 53 54 55 56 57 58 59 60 61 62 63 64 65 66 67 68 69 70 71 72 73 74 75 76 77 78 79 80 81 82 83 84 85 86 87 88 89 90 91 92 93 94 95 96 97 98 99 100 
3 1 3 2 2 1 2 1 3 3 2 3 2 2 1 2 1 2 1 1 1 3 3 1 2 3 1 1 1 3 2 3 3 1 2 1 2 2 2 3 2 3 1 2 3 1 3 3 2 2 3 2 3 2 3 1 1 2 2 2 3 3 2 3 2 2 3 2 2 3 2 3 2 3 2 2 2 1 1 1 3 2 2 3 1 1 3 2 1 3 2 1 1 2 2 1 2 3 1 2 
1 1 1 3 3 1 3 1 2 1 3 2 3 3 3 3 2 3 2 2 2 2 2 1 3 1 2 3 1 1 3 2 2 2 3 1 3 3 3 1 3 1 1 3 1 1 1 2 3 3 1 3 2 3 1 1 2 3 3 3 2 1 3 1 3 3 2 3 3 2 3 1 3 1 3 3 3 2 1 1 2 3 3 2 3 2 2 3 3 1 3 1 2 3 3 1 3 2 2 3 
5 3 2 4 5 8 1 9 3 8 1 6 4 4 6 5 7 2 8 4 5 8 5 1 6 8 3 5 1 5 9 5 6 1 7 8 1 9 6 6 7 1 7 10 8 5 5 5 6 2 1 1 5 6 7 4 10 2 2 4 6 5 7 4 1 3 7 7 6 7 1 7 6 9 7 2 7 10 8 3 10 1 9 6 5 6 4 7 10 7 9 10 4 9 10 9 9 4 9 5 
3814.51 4468.05 3557.15 4043.7 3870.93 3967.46 3447.75 3973.41 4129.27 3689.73 3245.62 4009.66 4024.54 3930.3 3521.67 3823.15 3914.95 4529.42 4095.05 3980.46 3804.5 4318.74 3880.99 3334.3 3491.13 4536.45 3957.05 3809.24 3535.19 3860.51 4381.56 3879.19 3607.66 4216.92 4047.0 4188.74 3431.35 4281.79 3782.86 3683.48 4154.04 4267.25 3803.12 4357.59 3735.94 3830.47 3858.21 3813.15 3790.57 4048.49 4288.75 3519.08 3855.88 4128.94 4180.37 3975.0 4013.92 4231.79 3789.82 3968.02 4020.58 3850.42 3838.63 4026.74 3906.92 4566.87 3761.65 4066.62 3503.99 3354.55 4041.59 3673.82 4134.41 4287.38 3878.18 4520.96 4155.22 4294.01 4016.87 4140.68 4239.43 3700.49 3998.85 3532.06 3811.82 3675.78 4016.6 3934.38 3651.94 3770.96 3862.03 3972.86 3963.52 3856.86 4277.6 3811.57 4212.26 3964.33 4130.84 3814.68 
0.66 0.83 0.21 0.77 0.77 0.63 0.87 0.67 0.82 0.38 0.89 0.5 0.11 0.8 0.5 0.79 0.43 0.35 0.52 0.74 0.77 0.72 0.7 0.89 0.52 0.33 0.94 0.7 0.86 0.73 0.74 0.65 0.47 0.88 0.72 0.78 0.88 0.69 0.52 0.49 0.78 0.82 0.39 0.43 0.48 0.74 0.69 0.68 0.52 0.35 0.83 0.89 0.68 0.43 0.79 0.14 0.4 0.39 0.33 0.89 0.47 0.79 0.78 0.27 0.84 0.94 0.65 0.65 0.5 0.49 0.89 0.58 0.53 0.77 0.45 0.21 0.6 0.38 0.33 0.92 0.42 0.82 0.66 0.49 0.79 0.44 0.62 0.7 0.29 0.77 0.76 0.42 0.82 0.67 0.27 0.75 0.76 0.63 0.69 0.7 
0.8 0.8 1.0 1.0 0.76 1.0 0.65 0.65 0.78 0.82 1.0 0.51 0.73 0.79 0.84 1.0 0.58 0.7 0.9 0.74 0.71 0.74 0.92 0.97 0.92 0.52 0.85 0.7 0.66 1.0 0.94 0.67 1.0 0.61 0.62 0.9 0.81 1.0 0.72 0.66 0.6 0.85 0.97 0.69 0.98 0.74 1.0 0.71 1.0 0.54 1.0 0.65 0.53 0.92 0.64 0.89 0.7 0.73 0.73 0.67 0.63 0.81 0.77 0.63 0.75 0.8 0.53 0.92 0.69 0.72 0.8 1.0 0.74 0.98 0.92 0.91 1.0 0.7 0.84 0.53 0.82 0.83 1.0 0.99 0.78 0.69 0.98 0.57 1.0 1.0 0.89 0.56 0.68 0.56 1.0 0.68 0.74 0.98 0.69 1.0 
0.97 0.54 0.82 0.66 0.9 0.52 0.82 0.83 0.87 0.96 0.52 1.0 0.91 0.9 0.53 0.7 0.66 0.69 1.0 0.98 0.86 1.0 0.59 0.95 0.54 1.0 0.94 0.74 0.61 0.97 0.75 0.71 0.98 0.82 1.0 0.88 0.98 0.73 1.0 0.85 0.84 0.56 0.78 0.97 0.56 0.7 0.65 0.52 0.65 0.85 0.55 0.75 0.72 0.94 0.88 0.71 1.0 0.93 0.96 0.7 0.66 0.94 0.89 0.55 0.81 0.99 0.92 0.82 1.0 0.83 0.59 0.81 0.61 1.0 0.77 1.0 0.58 0.98 0.71 0.86 0.53 0.55 0.72 0.74 0.82 0.9 0.81 1.0 0.52 0.81 0.91 0.7 0.54 0.76 1.0 0.6 0.74 0.66 0.85 0.75 
1.0 0.85 0.67 0.88 0.66 1.0 0.84 1.0 0.8 0.51 0.68 0.72 0.68 0.88 0.52 0.52 0.67 1.0 0.84 0.75 1.0 0.92 0.58 0.9 1.0 0.58 1.0 0.82 0.9 0.54 0.52 1.0 0.65 0.7 0.78 0.98 0.81 0.9 0.79 0.92 0.75 1.0 0.81 1.0 0.56 0.67 0.98 0.58 0.6 1.0 0.81 0.7 0.89 0.57 0.98 0.66 0.94 0.66 0.98 0.57 0.64 1.0 1.0 0.99 0.93 0.6 0.94 1.0 0.96 0.63 0.62 0.68 1.0 0.63 0.8 0.61 0.77 0.53 0.77 1.0 0.63 0.83 0.83 1.0 1.0 0.83 0.63 0.89 1.0 0.58 0.51 0.66 0.56 0.7 1.0 1.0 1.0 0.59 0.57 0.6 
0.68 0.89 0.88 0.51 0.55 1.0 0.75 0.69 0.85 0.86 0.74 0.65 0.84 0.96 0.91 0.62 0.62 0.63 0.63 0.5 1.0 0.65 0.77 0.92 0.51 0.67 0.64 0.85 0.92 1.0 0.8 0.66 0.69 0.81 0.81 0.7 0.9 0.87 0.93 0.57 0.52 0.87 0.7 0.67 0.59 1.0 0.75 0.88 0.69 0.78 0.5 0.69 0.76 1.0 0.62 0.92 1.0 0.81 0.97 0.62 0.92 0.98 1.0 0.9 0.52 0.78 0.69 0.89 0.62 0.86 0.99 0.94 0.97 0.94 0.86 0.79 0.65 1.0 0.93 0.57 0.99 0.79 0.82 1.0 0.85 1.0 0.98 0.79 0.64 0.54 1.0 0.85 0.72 0.7 0.99 0.83 0.65 0.97 1.0 1.0 
1.0 0.81 0.54 0.91 0.92 0.65 0.72 0.63 1.0 1.0 0.53 0.84 0.84 0.52 0.73 0.78 1.0 0.66 0.83 0.82 0.52 0.99 0.8 1.0 0.77 0.67 0.67 0.98 0.92 0.92 1.0 0.69 0.51 0.69 1.0 0.68 0.84 0.76 0.86 0.65 0.56 0.52 0.59 0.89 0.54 0.87 0.73 0.66 0.62 0.71 0.9 1.0 0.67 0.62 0.63 0.58 0.93 1.0 0.86 0.95 0.84 1.0 0.73 0.98 0.88 0.63 0.93 0.94 0.62 0.86 0.57 0.71 0.57 0.59 0.86 0.65 0.86 0.95 0.8 1.0 1.0 1.0 0.82 1.0 0.79 0.91 0.5 0.92 0.87 0.8 0.57 0.83 0.56 0.77 0.99 0.93 0.86 0.71 0.54 0.67 
0.52 0.27 0.26 0.27 0.23 0.33 0.24 0.24 0.46 0.34 0.14 0.2 0.31 0.31 0.15 0.18 0.16 0.2 0.4 0.22 0.32 0.44 0.19 0.75 0.2 0.13 0.34 0.35 0.31 0.48 0.29 0.22 0.23 0.19 0.39 0.37 0.48 0.43 0.46 0.19 0.11 0.22 0.25 0.4 0.1 0.3 0.35 0.12 0.17 0.26 0.2 0.23 0.17 0.31 0.21 0.23 0.61 0.36 0.57 0.16 0.2 0.74 0.5 0.31 0.26 0.23 0.3 0.63 0.26 0.28 0.17 0.37 0.25 0.34 0.42 0.29 0.25 0.35 0.34 0.26 0.27 0.3 0.4 0.73 0.43 0.46 0.25 0.37 0.29 0.2 0.24 0.18 0.08 0.16 0.99 0.32 0.31 0.26 0.18 0.3 
1543.45 794.15 1299.35 1866.36 1395.08 766.34 1630.29 1482.04 686.75 781.36 1648.39 637.23 1333.22 1860.59 747.06 1760.7 846.02 1078.72 843.16 2025.94 1659.01 1122.88 1484.28 1381.44 624.41 565.11 717.76 1924.14 1413.22 1739.61 1182.3 1412.99 756.16 1636.71 1269.47 1116.39 1489.35 1306.67 684.9 694.11 1151.61 1327.49 715.13 655.05 798.02 1643.59 1591.61 1872.65 737.78 1210.19 1154.15 1302.16 1384.27 740.68 1139.5 1699.02 602.09 1370.93 1071.85 2067.24 664.99 1611.07 1176.96 1402.72 1801.07 724.76 1110.04 1131.51 762.82 1133.76 1332.84 1104.85 789.58 1749.68 888.95 1521.74 939.01 625.26 635.41 584.78 694.13 1624.92 1329.83 787.27 1882.5 592.92 2007.92 1136.91 694.8 1100.94 1320.77 771.57 2011.76 1291.31 598.99 1473.57 1552.99 1907.45 1284.91 1625.62 
865.45 201.4 315.8 478.43 285.92 271.15 459.35 329.93 307.84 264.88 288.33 136.64 421.57 580.24 117.49 308.33 180.11 194.7 356.3 498.15 609.23 475.31 246.65 1070.49 132.39 83.67 220.36 687.32 382.18 881.04 331.46 242.73 197.2 379.95 451.18 392.88 642.97 608.2 270.5 126.66 119.07 312.7 177.07 294.23 92.32 501.39 500.65 189.18 106.06 337.93 177.01 291.55 295.7 214.7 259.47 399.56 366.98 491.31 611.46 373.58 134.19 1146.08 560.92 407.39 442.04 159.78 342.85 653.72 171.9 371.81 247.37 460.16 235.84 599.35 346.57 356.75 244.03 195.19 194.97 163.47 183.2 556.49 522.07 617.38 653.26 271.81 534.28 406.78 169.22 241.45 276.41 130.3 146.86 171.97 592.19 427.47 569.75 480.24 237.19 421.48 
7217.26 3470.76 5996.75 8831.82 6475.42 3331.69 7651.47 6910.21 2933.77 3406.8 7741.96 2686.15 6166.09 8802.95 3235.31 8303.49 3730.12 4893.62 3715.81 9629.69 7795.03 5114.4 6921.38 6407.22 2622.07 2325.56 3088.78 9120.72 6566.08 8198.05 5411.49 6564.97 3280.81 7683.53 5847.33 5081.95 6946.75 6033.36 2924.52 2970.53 5258.04 6137.43 3075.63 2775.25 3490.1 7717.93 7458.03 8863.24 3188.9 5550.95 5270.74 6010.82 6421.37 3203.38 5197.5 7995.11 2510.45 6354.65 4859.27 9836.18 2824.96 7555.37 5384.81 6513.6 8505.34 3123.8 5050.22 5157.55 3314.12 5168.79 6164.19 5024.25 3447.91 8248.4 3944.74 7108.72 4195.03 2626.3 2677.04 2423.88 2970.63 7624.61 6149.13 3436.36 8912.51 2464.58 9539.58 5184.53 2974.01 5004.71 6103.87 3357.85 9558.79 5956.53 2494.97 6867.84 7264.95 9037.25 5924.56 7628.08 
3827.27 507.01 1079.02 1892.16 929.62 855.73 1796.77 1149.66 1039.22 824.38 941.67 183.2 1607.86 2401.22 87.45 1041.66 400.56 473.49 1281.48 1990.74 2546.13 1876.53 733.26 4852.43 161.93 -81.64 601.78 2936.6 1410.9 3905.22 1157.31 713.66 486.01 1399.74 1755.89 1464.39 2714.83 2540.99 852.49 133.3 95.37 1063.48 385.35 971.17 -38.39 2006.95 2003.26 445.9 30.28 1189.67 385.06 957.76 978.52 573.51 797.37 1497.79 1334.91 1956.57 2557.28 1367.92 170.94 5230.4 2304.61 1536.95 1710.22 298.88 1214.26 2768.61 359.49 1359.05 736.84 1800.78 679.2 2496.75 1232.83 1283.76 720.13 475.93 474.84 317.36 416.02 2282.46 2110.33 2586.92 2766.29 859.04 2171.42 1533.9 346.1 707.26 882.03 151.49 234.3 359.85 2460.93 1637.33 2348.73 1901.2 685.94 1607.4 
152.58 89.36 142.29 121.31 116.13 79.35 103.43 79.47 165.17 147.59 97.37 160.39 120.74 117.91 70.43 114.69 78.3 135.88 81.9 79.61 76.09 172.75 155.24 66.69 104.73 181.46 79.14 76.18 70.7 154.42 131.45 155.17 144.31 84.34 121.41 83.77 102.94 128.45 113.49 147.34 124.62 170.69 76.06 130.73 149.44 76.61 154.33 152.53 113.72 121.45 171.55 105.57 154.24 123.87 167.21 79.5 80.28 126.95 113.69 119.04 160.82 154.02 115.16 161.07 117.21 137.01 150.47 122.0 105.12 134.18 121.25 146.95 124.03 171.5 116.35 135.63 124.66 85.88 80.34 82.81 169.58 111.01 119.97 141.28 76.24 73.52 160.66 118.03 73.04 150.84 115.86 79.46 79.27 115.71 128.33 76.23 126.37 158.57 82.62 114.44 
16 6 15 11 11 5 9 5 17 15 9 17 11 11 5 10 5 12 5 5 5 18 16 4 9 19 5 5 5 16 12 16 15 6 11 5 9 12 10 15 11 18 5 12 16 5 16 16 10 11 18 10 16 11 17 5 5 12 10 11 17 16 10 17 11 13 16 11 10 14 11 15 11 18 11 12 11 6 5 5 18 10 11 15 5 5 17 11 5 16 11 5 5 11 12 5 12 16 5 10 
117 81 86 112 24 73 46 78 99 63 5 18 5 47 84 5 86 68 58 50 86 83 97 86 85 107 92 79 1 70 51 81 119 111 6 116 20 6 92 108 46 0 104 60 112 22 60 71 49 90 30 78 49 88 95 61 13 111 49 92 60 2 112 94 59 27 19 112 30 45 22 73 71 21 117 42 25 13 14 48 103 95 13 103 85 42 32 8 116 84 101 98 39 5 90 59 88 116 30 35 
120 120 111 120 45 94 69 120 120 88 30 61 19 65 113 94 120 120 120 120 109 117 120 120 112 120 120 120 72 120 70 120 120 120 44 120 78 77 120 120 120 32 120 120 120 120 120 111 120 120 62 120 103 120 120 113 33 120 120 120 120 104 120 120 120 88 56 120 82 97 103 120 108 57 120 71 103 53 59 120 120 120 45 120 120 74 93 104 120 120 120 120 97 43 120 120 120 120 115 120 
5
0.0 0.0 0.0 0.0 0.0 
0.0 100.0 0.0 0.0 0.0 
0 7 0 0 0 6 4 2 2 5 4 4 7 2 1 4 3 7 7 4 7 8 4 7 9 6 5 6 5 4 1 7 4 6 2 8 3 5 8 7 6 3 6 1 2 6 6 6 5 3 5 6 2 6 0 1 7 3 4 5 6 7 4 2 6 3 3 5 4 7 7 2 6 4 5 5 5 8 1 8 0 2 6 5 4 5 2 6 3 5 6 5 7 2 5 7 4 9 4 4 7 1 5 6 6 
7 0 7 7 7 1 7 5 5 7 7 5 4 6 6 2 6 6 6 3 6 7 2 7 6 8 3 2 6 5 6 8 3 4 4 5 5 3 7 6 5 3 6 5 5 8 1 5 4 3 5 1 6 7 6 6 5 5 5 2 5 7 6 4 5 6 4 8 3 3 5 6 1 7 4 4 1 6 5 5 6 4 8 5 6 3 4 3 6 2 8 3 6 6 1 6 7 6 2 2 4 6 3 8 8 
0 7 0 0 0 6 4 2 2 5 4 4 7 2 1 4 3 7 7 4 7 8 4 7 9 6 5 6 5 4 1 7 4 6 2 8 3 5 8 7 6 3 6 1 2 6 6 6 5 3 5 6 2 6 0 1 7 3 4 5 6 7 4 2 6 3 3 5 4 7 7 2 6 4 5 5 5 8 1 8 0 2 6 5 4 5 2 6 3 5 6 5 7 2 5 7 4 9 4 4 7 1 5 6 6 
0 7 0 0 0 6 4 2 2 5 4 4 7 2 1 4 3 7 7 4 7 8 4 7 9 6 5 6 5 4 1 7 4 6 2 8 3 5 8 7 6 3 6 1 2 6 6 6 5 3 5 6 2 6 0 1 7 3 4 5 6 7 4 2 6 3 3 5 4 7 7 2 6 4 5 5 5 8 1 8 0 2 6 5 4 5 2 6 3 5 6 5 7 2 5 7 4 9 4 4 7 1 5 6 6 
0 7 0 0 0 6 4 2 2 5 4 4 7 2 1 4 3 7 7 4 7 8 4 7 9 6 5 6 5 4 1 7 4 6 2 8 3 5 8 7 6 3 6 1 2 6 6 6 5 3 5 6 2 6 0 1 7 3 4 5 6 7 4 2 6 3 3 5 4 7 7 2 6 4 5 5 5 8 1 8 0 2 6 5 4 5 2 6 3 5 6 5 7 2 5 7 4 9 4 4 7 1 5 6 6 
6 1 6 6 6 0 5 4 4 5 6 3 3 5 5 2 4 4 5 2 5 6 2 6 5 7 2 1 4 3 5 7 2 3 3 4 4 1 5 5 3 3 5 4 4 6 0 3 3 2 4 0 5 5 5 5 4 4 3 1 3 6 4 4 4 5 3 6 2 2 3 5 0 6 2 2 0 4 5 4 5 3 7 4 5 2 3 2 5 1 7 1 5 5 0 4 5 5 2 1 3 5 1 7 7 
4 7 4 4 4 5 0 2 3 1 0 1 5 1 2 4 1 3 3 3 3 4 5 2 5 2 3 4 1 2 2 2 3 3 3 5 2 4 5 3 3 4 2 4 3 1 6 3 2 3 2 5 1 2 3 2 4 1 2 5 3 2 1 4 3 1 3 1 4 5 4 1 6 0 3 3 5 4 2 4 3 4 2 2 0 3 4 4 1 4 2 4 4 2 5 4 0 5 5 5 4 3 4 2 1 
2 5 2 2 2 4 2 0 1 3 3 2 5 1 1 2 1 5 5 2 5 5 2 5 6 5 2 4 3 2 1 5 1 3 0 5 1 3 6 5 4 1 4 1 0 4 4 3 2 1 3 4 1 4 1 1 5 1 2 3 3 5 2 1 4 1 0 4 2 4 4 1 4 3 2 3 3 5 0 5 1 1 5 3 3 2 1 4 1 3 5 3 5 1 3 5 2 6 2 3 4 1 3 5 4 
2 5 2 2 2 4 3 1 0 4 4 3 5 2 1 2 2 6 6 2 6 6 2 6 7 6 3 4 4 3 1 6 2 4 1 6 2 3 7 6 4 1 5 0 1 5 4 4 3 1 4 4 2 5 1 1 6 2 3 3 4 6 3 0 5 2 1 5 2 5 5 2 3 4 3 3 3 6 1 6 1 0 6 4 4 3 0 4 2 3 6 3 6 2 3 6 3 7 2 2 5 1 3 6 5 
5 7 5 5 5 5 1 3 4 0 1 2 4 2 3 5 2 3 2 4 2 3 5 1 4 1 3 4 1 2 3 2 3 2 3 4 2 4 4 2 2 4 1 4 3 1 6 2 2 4 1 5 2 1 4 3 3 2 2 5 2 1 1 4 2 2 3 0 4 4 3 2 6 0 3 3 5 4 3 4 4 4 1 1 0 3 4 4 2 4 1 4 3 3 5 3 1 4 5 5 4 4 4 1 1 
4 7 4 4 4 6 0 3 4 1 0 2 5 1 2 5 1 4 3 4 4 4 5 2 5 2 3 5 2 2 3 2 3 3 3 5 2 4 5 3 3 4 2 4 3 1 6 3 3 4 2 6 1 2 3 2 4 2 2 5 3 2 1 4 3 1 3 1 4 5 4 1 6 0 3 3 5 5 3 5 3 4 2 2 1 3 4 4 1 5 2 4 4 2 5 4 0 5 5 5 5 3 4 2 1 
4 5 4 4 4 3 1 2 3 2 2 0 3 1 2 3 1 3 2 2 3 3 3 3 4 3 1 3 1 0 2 3 1 1 2 4 1 2 4 3 2 2 2 3 2 3 4 1 1 1 0 3 2 2 3 2 3 0 0 3 1 3 0 3 2 1 1 2 2 3 2 1 4 2 1 1 3 3 2 3 3 3 3 1 1 1 3 2 1 2 3 2 3 2 3 3 1 4 3 3 3 3 2 3 3 
7 4 7 7 7 3 5 5 5 4 5 3 0 5 6 4 4 2 2 3 2 3 4 4 2 5 2 1 3 3 6 4 3 1 5 1 4 2 2 2 1 5 3 6 5 5 3 1 2 4 3 3 5 3 6 6 1 4 3 3 2 4 4 5 2 5 4 5 4 0 1 5 4 5 2 2 3 1 5 1 6 5 5 3 4 2 5 1 5 2 5 2 2 6 3 1 4 2 4 4 0 6 2 5 5 
2 6 2 2 2 5 1 1 2 2 1 1 5 0 1 3 0 4 4 3 4 5 3 4 6 4 3 4 2 2 1 4 2 3 1 5 0 3 6 4 3 2 3 2 1 3 5 3 2 2 2 4 0 4 2 1 5 0 2 4 3 4 1 2 3 0 1 3 3 5 4 0 5 2 2 3 4 5 1 5 1 2 4 2 2 3 2 4 0 3 4 3 5 0 4 5 1 6 3 4 4 1 3 4 3 
1 6 1 1 1 5 2 1 1 3 2 2 6 1 0 3 1 5 5 3 5 6 3 5 7 5 3 5 3 3 0 5 3 4 1 6 1 4 7 5 4 2 4 1 1 4 5 4 3 2 3 5 1 5 0 0 6 1 3 4 4 5 2 1 4 1 2 4 3 5 5 1 5 3 3 3 4 6 0 6 0 2 5 3 3 3 2 5 1 4 5 4 6 0 4 6 2 7 3 4 5 0 4 5 4 
4 2 4 4 4 2 4 2 2 5 5 3 4 3 3 0 3 5 5 1 5 6 0 6 6 6 2 2 4 3 3 6 1 3 1 5 2 2 6 5 4 0 5 2 2 6 2 4 3 1 3 1 4 5 3 3 5 2 3 1 4 6 3 2 4 3 1 6 0 3 4 3 1 5 2 2 1 5 3 5 3 1 6 4 4 2 1 3 3 2 6 2 5 3 1 5 4 6 0 0 4 3 2 7 6 
3 6 3 3 3 4 1 1 2 2 1 1 4 0 1 3 0 4 3 2 4 4 3 3 5 3 2 4 2 1 1 4 2 3 1 5 0 3 5 4 3 2 2 2 1 3 5 3 2 2 2 4 0 3 2 1 4 0 1 3 3 3 1 2 3 0 1 2 2 4 4 0 5 2 2 2 4 5 1 5 2 2 3 2 1 2 2 3 0 3 3 3 4 1 4 4 1 6 3 4 4 2 3 3 3 
7 6 7 7 7 4 3 5 6 3 4 3 2 4 5 5 4 0 0 4 0 1 5 2 1 3 3 3 2 2 6 2 3 1 5 1 4 3 1 0 1 5 1 6 5 3 5 1 2 4 2 5 5 1 6 5 0 4 2 4 1 2 3 6 0 4 4 3 4 2 0 4 5 3 2 2 4 0 5 0 6 5 3 2 3 2 5 2 4 3 3 3 0 5 4 0 3 1 5 5 1 6 3 3 3 
7 6 7 7 7 5 3 5 6 2 3 2 2 4 5 5 3 0 0 4 0 0 5 1 2 2 3 3 1 2 5 2 3 1 5 2 3 3 1 0 1 5 1 6 4 2 5 1 2 4 1 5 4 0 6 5 1 3 2 5 1 1 2 6 0 4 4 2 4 3 1 4 6 3 3 2 5 1 5 1 6 5 2 1 2 3 5 2 4 4 2 3 0 5 5 1 3 2 5 5 2 6 3 2 3 
4 3 4 4 4 2 3 2 2 4 4 2 3 3 3 1 2 4 4 0 4 5 1 4 5 5 0 1 3 1 3 5 0 2 1 4 2 1 5 4 2 1 3 3 2 5 2 2 1 0 2 1 3 4 3 3 3 2 1 1 2 4 2 2 3 3 1 4 0 2 3 3 2 4 1 1 1 4 2 4 3 2 5 2 3 1 2 2 2 1 5 1 4 3 1 4 3 5 1 1 3 3 1 5 5 
7 6 7 7 7 5 3 5 6 2 4 3 2 4 5 5 4 0 0 4 0 0 5 1 1 3 3 3 2 2 6 2 4 1 5 1 4 3 1 0 1 5 1 6 5 2 5 1 2 4 2 5 5 1 6 6 1 4 3 5 1 1 3 6 1 4 4 2 5 3 1 4 6 3 3 2 5 1 5 1 6 6 2 2 3 3 6 2 4 4 2 3 0 5 5 0 3 1 5 5 2 6 3 3 3 
8 7 8 8 8 6 4 5 6 3 4 3 3 5 6 6 4 1 0 5 0 0 6 1 2 2 4 4 2 3 6 1 4 2 5 2 4 4 1 1 2 6 1 7 5 2 6 2 3 5 2 6 5 1 7 6 2 4 3 6 2 1 3 7 1 4 5 2 5 4 2 5 6 3 4 3 6 1 6 2 7 6 2 2 3 4 6 3 5 4 2 4 1 5 6 1 3 2 6 6 3 7 4 2 3 
4 2 4 4 4 2 5 2 2 5 5 3 4 3 3 0 3 5 5 1 5 6 0 6 6 7 2 2 4 3 3 7 1 3 2 5 2 2 6 5 4 1 5 2 2 6 2 4 3 1 4 1 4 5 3 3 5 3 3 1 4 6 4 2 4 3 1 6 0 3 4 4 1 5 2 3 1 5 3 5 3 1 6 4 4 2 1 3 3 2 7 2 5 3 1 5 4 6 0 0 4 3 2 7 6 
7 7 7 7 7 6 2 5 6 1 2 3 4 4 5 6 3 2 1 4 1 1 6 0 3 1 4 4 1 3 5 0 4 2 5 3 4 4 2 1 2 5 1 6 5 1 6 2 3 5 2 6 4 0 6 5 2 3 3 5 2 0 2 6 1 3 5 1 5 4 2 4 6 2 3 3 6 2 5 3 6 6 1 2 2 3 6 3 4 4 1 4 2 4 6 2 2 3 6 6 3 6 4 1 1 
9 6 9 9 9 5 5 6 7 4 5 4 2 6 7 6 5 1 2 5 1 2 6 3 0 4 4 3 3 4 7 3 4 2 6 0 5 4 0 1 2 6 3 7 6 4 5 2 3 5 3 5 6 2 8 7 1 5 4 5 2 3 4 7 2 5 6 4 5 3 1 6 6 5 4 3 5 0 7 0 8 7 4 3 4 4 7 3 6 4 4 4 1 6 5 1 5 0 6 6 2 8 4 5 5 
6 8 6 6 6 7 2 5 6 1 2 3 5 4 5 6 3 3 2 5 3 2 7 1 4 0 5 6 2 3 5 0 5 4 5 4 4 5 4 3 4 6 2 6 5 0 7 3 4 5 3 7 4 1 6 5 4 4 3 6 3 1 2 6 3 3 5 0 6 5 4 3 7 1 4 4 7 4 5 4 6 6 0 2 2 4 6 5 4 6 0 5 3 4 7 3 2 5 7 7 5 6 5 0 0 
5 3 5 5 5 2 3 2 3 3 3 1 2 3 3 2 2 3 3 0 3 4 2 4 4 5 0 1 2 1 3 4 0 1 2 3 2 0 4 3 1 2 3 3 2 4 2 1 0 1 1 2 3 3 4 3 2 2 1 1 1 4 2 3 2 2 2 4 1 2 2 3 2 4 0 0 2 3 3 3 4 2 4 2 3 0 2 1 2 1 4 0 3 3 2 3 3 4 2 2 2 4 0 5 4 
6 2 6 6 6 1 4 4 4 4 5 3 1 4 5 2 4 3 3 1 3 4 2 4 3 6 1 0 3 2 5 5 2 2 3 3 3 0 4 3 2 3 3 5 3 5 1 2 2 2 3 1 5 4 5 5 2 3 2 1 2 4 3 4 3 4 3 5 2 0 2 4 2 5 1 1 1 3 4 3 5 3 5 3 4 1 3 0 4 0 5 0 3 5 1 3 4 4 2 2 1 5 0 6 6 
5 6 5 5 5 4 1 3 4 1 2 1 3 2 3 4 2 2 1 3 2 2 4 1 3 2 2 3 0 1 3 2 2 1 3 3 2 3 3 2 1 4 0 4 3 2 5 1 1 3 0 4 2 1 4 3 2 2 1 4 1 1 0 4 1 2 3 1 3 3 2 2 5 1 2 1 4 3 3 3 4 4 2 0 1 2 4 2 2 3 2 2 2 3 4 2 1 4 4 4 3 4 2 2 2 
4 5 4 4 4 3 2 2 3 2 2 0 3 2 3 3 1 2 2 1 2 3 3 3 4 3 1 2 1 0 3 3 1 1 2 3 1 2 4 2 1 2 1 3 2 3 3 1 0 2 0 3 2 2 3 3 2 1 0 3 1 3 1 3 1 1 2 2 2 3 2 2 4 2 1 0 3 3 2 3 3 3 3 0 1 1 3 2 2 2 3 1 3 2 3 2 2 4 3 3 2 3 1 3 3 
1 6 1 1 1 5 2 1 1 3 3 2 6 1 0 3 1 6 5 3 6 6 3 5 7 5 3 5 3 3 0 5 3 4 1 6 1 4 7 6 5 2 4 1 1 4 5 4 4 2 3 5 1 5 0 0 6 2 3 4 4 5 2 2 5 1 2 4 3 6 5 1 5 3 3 4 4 6 0 6 0 2 5 4 3 4 2 5 1 4 5 4 6 0 4 6 2 7 3 4 6 0 4 5 4 
7 8 7 7 7 7 2 5 6 2 2 3 4 4 5 6 4 2 2 5 2 1 7 0 3 0 4 5 2 3 5 0 5 3 5 4 4 5 3 2 3 6 1 6 5 1 7 3 3 5 2 7 4 1 6 5 3 4 3 6 3 0 3 6 2 4 5 1 6 5 3 4 7 2 4 4 6 3 5 3 6 6 0 2 2 4 6 4 4 5 0 5 2 5 6 3 3 4 7 7 4 6 5 1 1 
4 3 4 4 4 2 3 1 2 3 3 1 3 2 3 1 2 3 3 0 4 4 1 4 4 5 0 2 2 1 3 5 0 2 1 4 1 1 5 3 2 1 3 3 1 4 2 2 1 0 2 2 3 4 3 3 3 1 1 1 2 4 2 2 3 2 1 4 1 2 3 2 2 3 0 1 2 4 2 4 3 2 4 2 3 0 2 2 2 1 5 1 4 2 2 3 3 5 1 2 2 3 1 5 4 
6 4 6 6 6 3 3 3 4 2 3 1 1 3 4 3 3 1 1 2 1 2 3 2 2 4 1 2 1 1 4 3 2 0 3 2 2 1 2 1 0 3 1 5 3 3 3 0 0 3 1 3 4 2 5 4 1 2 1 3 0 2 2 4 0 3 3 3 3 1 0 3 4 3 1 0 3 2 4 1 5 4 3 1 2 1 4 1 3 2 3 1 1 4 3 1 3 2 4 4 1 5 1 4 4 
2 4 2 2 2 3 3 0 1 3 3 2 5 1 1 1 1 5 5 1 5 5 2 5 6 5 2 3 3 2 1 5 1 3 0 5 1 2 6 5 3 1 4 1 0 4 3 3 2 0 3 3 2 4 1 1 5 1 2 2 3 5 2 1 4 2 0 4 1 4 4 2 3 3 2 2 3 5 1 5 1 1 5 3 3 2 1 3 1 2 5 2 5 1 3 5 3 6 2 2 4 1 2 5 5 
8 5 8 8 8 4 5 5 6 4 5 4 1 5 6 5 5 1 2 4 1 2 5 3 0 4 3 3 3 3 6 4 4 2 5 0 5 3 1 1 1 5 3 7 5 4 4 2 2 5 3 4 6 2 7 6 0 4 3 4 2 3 4 6 2 5 5 4 5 2 1 5 5 5 3 2 4 0 6 0 7 6 4 3 4 3 6 2 5 3 4 3 1 6 4 1 5 1 5 5 1 7 3 5 5 
3 5 3 3 3 4 2 1 2 2 2 1 4 0 1 2 0 4 3 2 4 4 2 4 5 4 2 3 2 1 1 4 1 2 1 5 0 2 5 4 3 2 3 2 1 3 4 2 2 1 1 4 1 3 2 1 4 0 1 3 2 4 1 2 3 0 1 3 2 4 3 1 4 2 1 2 3 4 1 4 2 2 4 2 2 2 2 3 0 3 4 2 4 1 3 4 1 5 2 3 4 2 2 4 3 
5 3 5 5 5 1 4 3 3 4 4 2 2 3 4 2 3 3 3 1 3 4 2 4 4 5 0 0 3 2 4 5 1 1 2 3 2 0 4 3 1 2 3 4 3 5 2 2 1 2 2 1 4 3 4 4 2 2 2 1 2 4 3 3 2 3 2 4 1 1 2 4 2 4 0 1 1 3 4 3 4 3 5 2 3 0 3 1 3 0 5 0 3 4 1 3 4 4 2 2 1 4 0 5 5 
8 7 8 8 8 5 5 6 7 4 5 4 2 6 7 6 5 1 1 5 1 1 6 2 0 4 4 4 3 4 7 3 5 2 6 1 5 4 0 1 2 6 2 7 6 4 6 2 3 5 3 6 6 2 7 7 1 5 4 5 2 2 4 7 2 5 6 4 5 3 1 6 6 5 4 3 5 0 6 1 7 7 4 3 4 4 7 3 5 4 3 4 0 6 5 1 4 0 6 6 2 7 4 4 4 
7 6 7 7 7 5 3 5 6 2 3 3 2 4 5 5 4 0 0 4 0 1 5 1 1 3 3 3 2 2 6 2 3 1 5 1 4 3 1 0 1 5 1 6 5 2 5 1 2 4 2 5 5 1 6 5 1 4 2 5 1 1 3 6 0 4 4 2 4 3 1 4 5 3 3 2 5 1 5 1 6 6 2 2 3 3 6 2 4 3 2 3 0 5 5 0 3 1 5 5 2 6 3 3 3 
6 5 6 6 6 3 3 4 4 2 3 2 1 3 4 4 3 1 1 2 1 2 4 2 2 4 1 2 1 1 5 3 2 0 3 1 3 1 2 1 0 4 1 5 4 3 3 0 1 3 1 3 4 2 5 5 1 3 1 3 0 2 2 5 0 3 3 3 3 1 0 4 4 3 1 1 3 1 4 1 5 4 3 1 2 1 4 1 3 2 3 2 1 4 3 1 3 2 4 4 1 5 2 4 4 
3 3 3 3 3 3 4 1 1 4 4 2 5 2 2 0 2 5 5 1 5 6 1 5 6 6 2 3 4 2 2 6 1 3 1 5 2 2 6 5 4 0 4 1 1 5 3 4 3 0 3 2 3 5 2 2 5 2 2 1 4 5 3 1 4 3 1 5 0 4 4 3 2 4 2 3 2 6 2 5 2 0 6 3 4 2 0 3 2 2 6 2 5 2 2 5 4 6 1 1 4 2 2 6 6 
6 6 6 6 6 5 2 4 5 1 2 2 3 3 4 5 2 1 1 3 1 1 5 1 3 2 3 3 0 1 4 1 3 1 4 3 3 3 2 1 1 4 0 5 4 1 5 1 2 4 1 5 3 0 5 4 2 2 2 4 1 1 1 5 1 2 3 1 4 3 2 3 5 2 2 2 5 2 4 2 5 5 1 1 1 2 5 3 3 3 1 3 1 4 5 2 2 3 5 5 3 5 3 2 2 
1 5 1 1 1 4 4 1 0 4 4 3 6 2 1 2 2 6 6 3 6 7 2 6 7 6 3 5 4 3 1 6 3 5 1 7 2 4 7 6 5 1 5 0 1 5 4 5 4 2 4 4 2 6 0 1 6 2 3 3 5 6 3 0 5 2 1 5 2 5 6 2 4 4 3 4 4 7 1 6 0 1 6 4 4 4 1 5 2 4 6 4 6 1 4 6 3 8 2 3 6 0 4 6 5 
2 5 2 2 2 4 3 0 1 3 3 2 5 1 1 2 1 5 4 2 5 5 2 5 6 5 2 3 3 2 1 5 1 3 0 5 1 3 6 5 4 1 4 1 0 4 4 3 2 1 2 3 1 4 1 1 5 1 2 2 3 5 2 1 4 1 0 4 1 4 4 1 3 3 2 2 3 5 0 5 1 1 5 3 3 2 1 3 1 3 5 3 5 1 3 5 2 6 2 2 4 1 3 5 4 
6 8 6 6 6 6 1 4 5 1 1 3 5 3 4 6 3 3 2 5 2 2 6 1 4 0 4 5 2 3 4 1 4 3 4 4 3 5 4 2 3 5 1 5 4 0 7 3 3 5 2 6 3 1 5 4 3 3 3 6 3 1 2 6 2 3 4 0 5 5 3 3 7 1 4 3 6 4 4 4 5 6 0 2 1 4 6 4 3 5 0 5 3 4 6 3 2 4 6 6 4 5 5 0 0 
6 1 6 6 6 0 6 4 4 6 6 4 3 5 5 2 5 5 5 2 5 6 2 6 5 7 2 1 5 3 5 7 2 3 3 4 4 2 6 5 3 3 5 4 4 7 0 4 3 2 4 0 5 6 5 5 4 4 3 1 4 6 5 4 4 5 3 6 2 2 4 5 0 6 2 3 0 5 5 4 5 3 7 4 5 2 3 2 5 1 7 2 5 5 0 5 5 5 2 1 3 5 2 7 7 
6 5 6 6 6 3 3 3 4 2 3 1 1 3 4 4 3 1 1 2 1 2 4 2 2 3 1 2 1 1 4 3 2 0 3 2 2 2 2 1 0 4 1 5 3 3 4 0 1 3 1 4 4 1 5 4 1 2 1 3 0 2 2 4 0 3 3 3 3 2 0 3 4 3 1 1 3 1 4 1 5 4 3 1 2 1 4 1 3 2 3 2 1 4 3 1 3 2 4 4 1 5 2 3 3 
5 4 5 5 5 3 2 2 3 2 3 1 2 2 3 3 2 2 2 1 2 3 3 3 3 4 0 2 1 0 4 3 1 0 2 2 2 1 3 2 1 3 2 4 2 3 3 1 0 2 1 3 3 2 4 3 2 2 0 2 0 3 1 3 1 2 2 3 2 2 1 3 3 3 0 0 3 3 3 2 4 3 3 1 2 0 3 1 2 1 4 1 2 3 2 2 2 3 3 3 1 4 1 4 4 
3 3 3 3 3 2 3 1 1 4 4 1 4 2 2 1 2 4 4 0 4 5 1 5 5 5 1 2 3 2 2 5 0 3 0 5 1 2 5 4 3 0 4 2 1 5 2 3 2 0 2 2 3 4 2 2 4 1 1 1 3 5 2 1 3 2 0 4 0 3 4 2 2 4 1 2 2 5 2 4 2 1 5 3 3 1 1 2 2 2 5 1 4 2 2 4 3 5 1 1 3 2 1 5 5 
5 5 5 5 5 4 2 3 4 1 2 0 3 2 3 3 2 2 1 2 2 2 4 2 3 3 1 3 0 0 3 2 2 1 3 3 1 2 3 2 1 3 1 4 2 2 4 1 1 2 0 4 2 1 4 3 2 1 0 3 1 2 1 4 1 2 2 2 3 3 2 2 4 2 1 1 4 3 3 2 4 4 2 0 1 1 4 2 2 2 2 2 2 3 4 2 1 3 4 4 2 4 2 3 2 
6 1 6 6 6 0 5 4 4 5 6 3 3 4 5 1 4 5 5 1 5 6 1 6 5 7 2 1 4 3 5 7 2 3 3 4 4 1 6 5 3 2 5 4 3 6 0 4 3 2 4 0 5 5 5 5 4 4 3 0 4 6 4 3 4 5 3 6 2 2 4 5 0 6 2 3 0 5 4 4 5 3 7 4 5 2 3 2 4 1 7 1 5 5 0 5 5 5 1 1 3 5 1 7 7 
2 6 2 2 2 5 1 1 2 2 1 2 5 0 1 4 0 5 4 3 5 5 4 4 6 4 3 5 2 2 1 4 3 4 2 6 1 4 6 5 4 3 3 2 1 3 5 4 3 3 2 5 0 4 2 1 5 1 2 4 4 4 1 2 4 0 2 3 3 5 5 0 5 2 3 3 5 6 1 5 1 3 4 3 2 3 3 4 0 4 4 4 5 0 5 5 1 6 4 4 5 1 4 4 3 
6 7 6 6 6 5 2 4 5 1 2 2 3 4 5 5 3 1 0 4 1 1 5 0 2 1 3 4 1 2 5 1 4 2 4 2 3 3 2 1 2 5 0 6 4 1 6 1 2 4 1 5 4 0 6 5 2 3 2 5 1 0 2 6 1 3 4 1 5 4 2 4 6 2 3 2 5 2 5 2 6 5 1 1 2 3 5 3 3 4 1 4 1 4 5 1 2 3 5 6 3 6 4 2 2 
0 6 0 0 0 5 3 1 1 4 3 3 6 2 0 3 2 6 6 3 6 7 3 6 8 6 4 5 4 3 0 6 3 5 1 7 2 4 7 6 5 2 5 0 1 5 5 5 4 2 4 5 2 6 0 0 6 2 3 4 5 6 3 1 5 2 2 5 3 6 6 2 5 4 4 4 5 7 1 7 0 2 6 4 4 4 2 5 2 4 6 4 6 1 5 6 3 8 3 4 6 0 4 6 5 
1 6 1 1 1 5 2 1 1 3 2 2 6 1 0 3 1 5 5 3 6 6 3 5 7 5 3 5 3 3 0 5 3 4 1 6 1 4 7 5 5 2 4 1 1 4 5 4 3 2 3 5 1 5 0 0 6 1 3 4 4 5 2 2 5 1 2 4 3 5 5 1 5 3 3 4 4 6 0 6 0 2 5 3 3 3 2 5 1 4 5 4 6 0 4 6 2 7 3 4 5 0 4 5 4 
7 5 7 7 7 4 4 5 6 3 4 3 1 5 6 5 4 0 1 3 1 2 5 2 1 4 2 2 2 2 6 3 3 1 5 0 4 2 1 1 1 5 2 6 5 3 4 1 2 4 2 4 5 2 6 6 0 4 2 4 1 2 3 6 1 4 4 3 4 2 0 5 5 4 2 2 4 0 5 0 6 5 4 2 3 2 5 1 4 3 4 2 0 5 4 0 4 1 5 5 1 6 2 4 4 
3 5 3 3 3 4 1 1 2 2 2 0 4 0 1 2 0 4 3 2 4 4 3 3 5 4 2 3 2 1 2 4 1 2 1 4 0 2 5 4 3 2 2 2 1 3 4 2 2 1 1 4 1 3 2 1 4 0 1 3 2 3 1 2 3 0 1 3 2 4 3 1 4 2 1 2 3 4 1 4 2 2 4 2 1 2 2 3 0 3 4 2 4 1 3 4 1 5 3 3 4 2 2 4 3 
4 5 4 4 4 3 2 2 3 2 2 0 3 2 3 3 1 2 2 1 3 3 3 3 4 3 1 2 1 0 3 3 1 1 2 3 1 2 4 2 1 2 2 3 2 3 3 1 0 1 0 3 2 2 3 3 2 1 0 3 1 3 1 3 1 1 2 2 2 3 2 2 4 2 1 1 3 3 2 3 3 3 3 1 1 1 3 2 1 2 3 1 3 2 3 3 2 4 3 3 2 3 1 3 3 
5 2 5 5 5 1 5 3 3 5 5 3 3 4 4 1 3 4 5 1 5 6 1 5 5 6 1 1 4 3 4 6 1 3 2 4 3 1 5 5 3 1 4 3 2 6 1 3 2 1 3 0 4 5 4 4 4 3 3 0 3 5 4 3 4 4 2 5 1 2 3 4 1 5 2 2 0 5 3 4 4 2 6 3 4 2 2 2 4 1 6 1 5 4 0 4 4 5 1 0 3 4 1 6 6 
6 5 6 6 6 3 3 3 4 2 3 1 2 3 4 4 3 1 1 2 1 2 4 2 2 3 1 2 1 1 4 3 2 0 3 2 2 2 2 1 0 4 1 5 3 3 4 0 0 3 1 4 4 1 5 4 1 2 1 3 0 2 2 4 0 3 3 3 3 2 1 3 4 3 1 1 3 2 4 1 5 4 3 0 2 1 4 1 3 2 3 2 1 4 3 1 2 3 4 4 1 5 2 3 3 
7 7 7 7 7 6 2 5 6 1 2 3 4 4 5 6 3 2 1 4 1 1 6 0 3 1 4 4 1 3 5 0 4 2 5 3 4 4 2 1 2 5 1 6 5 1 6 2 3 5 2 6 4 0 6 5 2 3 3 5 2 0 2 6 1 3 5 1 5 4 2 4 6 2 3 3 6 2 5 3 6 6 1 2 2 3 6 3 4 4 1 4 2 4 6 2 2 3 6 6 3 6 4 1 1 
4 6 4 4 4 4 1 2 3 1 1 0 4 1 2 3 1 3 2 2 3 3 4 2 4 2 2 3 0 1 2 3 2 2 2 4 1 3 4 3 2 3 1 3 2 2 5 2 1 2 1 4 1 2 3 2 3 1 1 4 2 2 0 3 2 1 2 2 3 4 3 1 5 1 2 2 4 4 2 4 3 3 2 1 0 2 3 3 1 3 2 3 3 2 4 3 0 5 4 4 3 3 3 3 2 
2 4 2 2 2 4 4 1 0 4 4 3 5 2 1 2 2 6 6 2 6 7 2 6 7 6 3 4 4 3 2 6 2 4 1 6 2 3 7 6 5 1 5 0 1 6 4 4 3 1 4 3 2 6 1 2 6 2 3 3 4 6 3 0 5 2 1 5 2 5 5 2 3 4 3 3 3 6 1 6 1 0 6 4 4 3 0 4 2 3 6 3 6 2 3 6 4 7 2 2 5 1 3 6 6 
6 5 6 6 6 4 3 4 5 2 3 2 2 3 4 4 3 0 0 3 1 1 4 1 2 3 2 3 1 1 5 2 3 0 4 2 3 2 2 0 0 4 1 5 4 2 4 0 1 3 1 4 4 1 5 5 1 3 1 4 0 1 2 5 0 3 3 2 4 2 1 3 5 3 2 1 4 1 4 1 5 5 2 1 2 2 5 2 3 3 3 2 1 4 4 1 2 2 4 4 1 5 2 3 3 
3 6 3 3 3 5 1 1 2 2 1 1 5 0 1 3 0 4 4 3 4 4 3 3 5 3 2 4 2 1 1 4 2 3 2 5 0 3 5 4 3 3 2 2 1 3 5 3 2 2 2 5 0 3 2 1 4 0 1 4 3 3 1 2 3 0 2 2 3 4 4 0 5 1 2 2 4 5 1 5 2 3 3 2 1 2 3 4 0 3 3 3 4 1 4 4 1 6 3 4 4 2 3 3 3 
3 4 3 3 3 3 3 0 1 3 3 1 4 1 2 1 1 4 4 1 4 5 1 5 6 5 2 3 3 2 2 5 1 3 0 5 1 2 6 4 3 1 3 1 0 4 3 3 2 0 2 3 2 4 2 2 4 1 2 2 3 5 2 1 3 2 0 4 1 4 4 2 3 3 1 2 2 5 1 5 2 1 5 3 3 2 1 3 1 2 5 2 5 2 2 4 3 6 1 2 4 2 2 5 5 
5 8 5 5 5 6 1 4 5 0 1 2 5 3 4 6 2 3 2 4 2 2 6 1 4 0 4 5 1 2 4 1 4 3 4 4 3 4 4 2 3 5 1 5 4 0 6 3 3 4 2 6 3 1 5 4 3 3 2 5 3 1 2 5 2 2 4 0 5 5 3 3 7 1 3 3 6 4 4 4 5 5 0 2 1 4 5 4 3 5 0 4 3 3 6 3 1 4 6 6 4 5 4 0 0 
4 3 4 4 4 2 4 2 2 4 4 2 4 3 3 0 2 4 4 0 5 5 0 5 5 6 1 2 3 2 3 6 1 3 1 5 2 1 5 4 3 0 4 2 1 5 2 3 2 0 3 2 3 5 3 3 4 2 2 1 3 5 3 2 4 3 1 5 0 3 4 3 2 4 1 2 1 5 2 4 3 1 5 3 4 1 1 2 2 1 6 1 5 3 1 4 4 6 0 1 3 3 1 6 5 
7 3 7 7 7 2 5 4 5 4 5 3 0 5 5 3 4 2 3 2 3 4 3 4 3 5 2 0 3 3 6 5 2 1 4 2 4 1 3 3 1 4 3 5 4 5 2 2 2 3 3 2 5 4 6 5 2 4 3 2 2 4 4 5 2 4 4 5 3 0 1 5 3 5 2 2 2 2 5 2 6 4 5 3 4 2 4 0 4 1 5 1 3 5 2 2 5 3 3 3 0 6 1 6 6 
7 5 7 7 7 3 4 4 5 3 4 2 1 4 5 4 4 0 1 3 1 2 4 2 1 4 2 2 2 2 5 3 3 0 4 1 3 2 1 1 0 4 2 6 4 3 4 0 1 4 2 4 5 2 6 5 0 3 2 3 1 2 3 5 1 4 4 3 4 1 0 4 4 4 2 1 4 1 5 0 6 5 3 2 3 2 5 1 4 2 4 2 1 5 3 0 3 1 4 4 1 6 2 4 4 
2 6 2 2 2 5 1 1 2 2 1 1 5 0 1 3 0 4 4 3 4 5 4 4 6 3 3 4 2 2 1 4 2 3 2 5 1 4 6 4 4 3 3 2 1 3 5 3 3 2 2 5 0 4 2 1 5 1 2 4 3 4 1 2 3 0 2 3 3 5 4 0 5 2 3 3 4 5 1 5 2 3 3 2 1 3 2 4 0 4 4 3 5 0 4 5 1 6 4 4 5 2 3 4 3 
6 1 6 6 6 0 6 4 3 6 6 4 4 5 5 1 5 5 6 2 6 6 1 6 6 7 2 2 5 4 5 7 2 4 3 5 4 2 6 5 4 2 5 4 3 7 0 4 3 2 4 0 5 6 5 5 5 4 4 1 4 6 5 3 5 5 3 7 2 3 4 5 0 6 3 3 0 5 4 5 5 3 7 4 5 3 3 3 5 1 7 2 5 5 0 5 6 6 1 1 3 5 2 8 7 
4 7 4 4 4 6 0 3 4 0 0 2 5 2 3 5 2 3 3 4 3 3 5 2 5 1 4 5 1 2 3 2 3 3 3 5 2 4 5 3 3 4 2 4 3 1 6 3 3 4 2 6 2 2 4 3 4 2 2 5 3 2 1 4 3 1 3 1 4 5 4 2 6 0 3 3 6 4 3 4 4 5 1 2 0 3 4 4 2 5 2 4 4 2 6 4 0 5 5 5 5 4 4 1 1 
5 4 5 5 5 2 3 2 3 3 3 1 2 2 3 2 2 2 3 1 3 4 2 3 4 4 0 1 2 1 3 4 0 1 2 3 1 0 4 3 1 2 2 3 2 4 2 1 0 1 1 2 3 3 4 3 2 1 1 2 1 3 2 3 2 2 1 3 1 2 2 3 3 3 0 0 2 3 3 3 4 2 4 1 2 0 2 1 2 1 4 0 3 3 2 3 3 4 2 2 2 4 0 4 4 
5 4 5 5 5 2 3 3 3 3 3 1 2 3 3 2 2 2 2 1 2 3 3 3 3 4 0 1 1 0 4 4 1 0 2 2 2 1 3 2 1 3 2 4 2 3 3 1 0 2 1 3 3 2 4 4 2 2 1 2 1 3 2 3 1 2 2 3 2 2 1 3 3 3 0 0 2 3 3 2 4 3 4 1 2 0 3 1 2 1 4 1 2 3 2 2 3 3 3 3 1 4 1 4 4 
5 1 5 5 5 0 5 3 3 5 5 3 3 4 4 1 4 4 5 1 5 6 1 6 5 7 2 1 4 3 4 6 2 3 3 4 3 1 5 5 3 2 5 4 3 6 0 3 3 2 4 0 5 5 5 4 4 3 3 0 3 6 4 3 4 4 2 6 1 2 4 4 0 6 2 2 0 5 4 4 5 2 6 4 5 2 2 2 4 1 7 1 5 4 0 4 5 5 1 1 3 4 1 7 7 
8 6 8 8 8 4 4 5 6 4 5 3 1 5 6 5 5 0 1 4 1 1 5 2 0 4 3 3 3 3 6 3 4 2 5 0 4 3 0 1 1 6 2 7 5 4 5 1 3 5 3 5 6 2 7 6 0 4 3 5 2 2 4 6 1 5 5 4 5 2 1 5 5 4 3 3 5 0 6 0 7 6 4 2 4 3 6 2 5 3 4 3 0 6 5 0 4 0 6 5 1 7 3 4 4 
1 5 1 1 1 5 2 0 1 3 3 2 5 1 0 3 1 5 5 2 5 6 3 5 7 5 3 4 3 2 0 5 2 4 1 6 1 4 6 5 4 2 4 1 0 4 5 4 3 2 3 4 1 5 1 0 5 1 2 3 4 5 2 1 4 1 1 4 2 5 5 1 4 3 3 3 4 6 0 6 1 1 5 3 3 3 1 4 1 4 5 3 5 0 4 5 2 7 3 3 5 0 3 5 4 
8 5 8 8 8 4 4 5 6 4 5 3 1 5 6 5 5 0 1 4 1 2 5 3 0 4 3 3 3 3 6 3 4 1 5 0 4 3 1 1 1 5 2 6 5 4 4 1 2 4 2 4 5 2 7 6 0 4 3 4 1 3 4 6 1 5 5 4 4 2 0 5 5 4 3 2 4 0 6 0 7 6 4 2 4 3 6 2 5 3 4 3 1 6 4 0 4 1 5 5 1 7 3 4 4 
0 6 0 0 0 5 3 1 1 4 3 3 6 1 0 3 2 6 6 3 6 7 3 6 8 6 4 5 4 3 0 6 3 5 1 7 2 4 7 6 5 2 5 0 1 5 5 5 4 2 4 5 1 6 0 0 6 2 3 4 5 6 3 1 5 2 2 5 3 6 6 2 5 4 4 4 5 7 1 7 0 2 5 4 4 4 2 5 2 4 6 4 6 1 5 6 3 8 3 4 6 0 4 6 5 
2 4 2 2 2 3 4 1 0 4 4 3 5 2 2 1 2 5 5 2 6 6 1 6 7 6 2 3 4 3 2 6 2 4 1 6 2 3 7 6 4 0 5 1 1 6 3 4 3 1 4 3 3 5 2 2 5 2 3 2 4 6 3 0 5 3 1 5 1 4 5 3 3 5 2 3 2 6 1 6 2 0 6 4 4 3 0 4 2 3 6 3 6 2 2 6 4 7 1 1 5 2 3 6 6 
6 8 6 6 6 7 2 5 6 1 2 3 5 4 5 6 3 3 2 5 2 2 6 1 4 0 4 5 2 3 5 0 4 3 5 4 4 5 4 2 3 6 1 6 5 0 7 3 3 5 2 7 4 1 6 5 4 4 3 6 3 1 2 6 2 3 5 0 5 5 3 3 7 1 4 4 6 4 5 4 5 6 0 2 2 4 6 4 3 5 0 5 3 4 6 3 2 4 6 7 4 5 5 0 0 
5 5 5 5 5 4 2 3 4 1 2 1 3 2 3 4 2 2 1 2 2 2 4 2 3 2 2 3 0 0 4 2 2 1 3 3 2 2 3 2 1 3 1 4 3 2 4 1 1 3 0 4 3 1 4 3 2 2 1 3 0 2 1 4 1 2 3 2 3 3 2 2 4 2 1 1 4 2 3 2 4 4 2 0 1 1 4 2 2 3 2 2 2 3 4 2 1 3 4 4 2 4 2 3 2 
4 6 4 4 4 5 0 3 4 0 1 1 4 2 3 4 1 3 2 3 3 3 4 2 4 2 3 4 1 1 3 2 3 2 3 4 2 3 4 3 2 4 1 4 3 1 5 2 2 3 1 5 2 2 4 3 3 1 1 4 2 2 0 4 2 1 3 1 4 4 3 1 5 0 2 2 5 4 3 4 4 4 2 1 0 3 4 3 1 4 2 3 3 2 5 3 0 4 4 5 4 4 3 2 1 
5 3 5 5 5 2 3 2 3 3 3 1 2 3 3 2 2 2 3 1 3 4 2 3 4 4 0 1 2 1 4 4 0 1 2 3 2 0 4 3 1 2 2 4 2 4 2 1 0 1 1 2 3 3 4 3 2 2 1 2 1 3 2 3 2 2 2 4 1 2 2 3 3 3 0 0 2 3 3 3 4 3 4 1 3 0 3 1 2 1 4 0 3 3 2 2 3 4 2 2 2 4 0 4 4 
2 4 2 2 2 3 4 1 0 4 4 3 5 2 2 1 2 5 5 2 6 6 1 6 7 6 2 3 4 3 2 6 2 4 1 6 2 3 7 6 4 0 5 1 1 6 3 4 3 1 4 3 3 5 2 2 5 2 3 2 4 6 3 0 5 3 1 5 1 4 5 2 3 4 2 3 2 6 1 6 2 0 6 4 4 3 0 4 2 3 6 3 6 2 3 6 4 7 1 1 5 2 3 6 6 
6 3 6 6 6 2 4 4 4 4 4 2 1 4 5 3 3 2 2 2 2 3 3 3 3 5 1 0 2 2 5 4 2 1 3 2 3 1 3 2 1 3 3 5 3 4 2 1 1 2 2 2 4 3 5 5 1 3 2 2 1 3 3 4 2 4 3 4 2 0 1 4 3 4 1 1 2 2 4 2 5 4 4 2 3 1 4 0 4 1 5 1 2 4 2 2 4 3 3 3 0 5 1 5 5 
3 6 3 3 3 5 1 1 2 2 1 1 5 0 1 3 0 4 4 2 4 5 3 4 6 4 2 4 2 2 1 4 2 3 1 5 0 3 5 4 3 2 3 2 1 3 5 3 2 2 2 4 0 3 2 1 4 0 1 4 3 4 1 2 3 0 1 3 2 4 4 0 5 2 2 2 4 5 1 5 2 2 3 2 1 2 2 4 0 3 4 3 4 0 4 4 1 6 3 4 4 2 3 4 3 
5 2 5 5 5 1 4 3 3 4 5 2 2 3 4 2 3 3 4 1 4 4 2 4 4 6 1 0 3 2 4 5 1 2 2 3 3 0 4 3 2 2 3 4 3 5 1 2 1 2 2 1 4 4 4 4 3 3 2 1 2 4 3 3 3 3 2 5 1 1 2 4 1 5 1 1 1 3 4 3 4 3 5 3 4 1 3 1 3 0 5 0 3 4 1 3 4 4 2 2 2 4 0 6 5 
6 8 6 6 6 7 2 5 6 1 2 3 5 4 5 6 3 3 2 5 2 2 7 1 4 0 4 5 2 3 5 0 5 3 5 4 4 5 3 2 3 6 1 6 5 0 7 3 4 5 2 7 4 1 6 5 4 4 3 6 3 1 2 6 3 3 5 0 6 5 4 4 7 2 4 4 7 4 5 4 6 6 0 2 2 4 6 5 4 5 0 5 3 4 7 3 2 4 7 7 5 6 5 0 0 
5 3 5 5 5 1 4 3 3 4 4 2 2 3 4 2 3 3 3 1 3 4 2 4 4 5 0 0 2 1 4 5 1 1 2 3 2 0 4 3 2 2 3 4 3 5 2 2 1 1 2 1 4 4 4 4 2 2 1 1 2 4 3 3 2 3 2 4 1 1 2 3 2 4 0 1 1 3 3 3 4 3 5 2 3 0 3 1 3 0 5 0 3 4 1 3 3 4 2 2 1 4 0 5 5 
7 6 7 7 7 5 4 5 6 3 4 3 2 5 6 5 4 0 0 4 0 1 5 2 1 3 3 3 2 3 6 2 4 1 5 1 4 3 0 0 1 5 1 6 5 3 5 1 2 4 2 5 5 1 6 6 0 4 3 5 1 2 3 6 1 4 5 3 5 3 1 5 5 4 3 2 5 0 5 1 6 6 3 2 3 3 6 2 4 3 3 3 0 5 5 0 4 1 5 5 2 6 3 3 3 
2 6 2 2 2 5 2 1 2 3 2 2 6 0 0 3 1 5 5 3 5 5 3 4 6 4 3 5 3 2 0 5 2 4 1 6 1 4 6 5 4 2 4 1 1 4 5 4 3 2 3 5 0 4 1 0 5 1 2 4 4 4 2 2 4 1 2 3 3 5 5 0 5 2 3 3 4 6 0 6 1 2 4 3 2 3 2 4 0 4 4 4 5 0 4 5 2 7 3 4 5 1 4 4 4 
5 1 5 5 5 0 5 3 3 5 5 3 3 4 4 1 4 4 5 1 5 6 1 6 5 7 2 1 4 3 4 6 2 3 3 4 3 1 5 5 3 2 5 4 3 6 0 3 2 2 4 0 5 5 5 4 4 3 3 0 3 6 4 3 4 4 2 6 1 2 3 4 0 6 2 2 0 5 4 4 5 2 6 4 5 2 3 2 4 1 7 1 5 4 0 4 5 5 1 1 3 4 1 7 6 
7 6 7 7 7 4 4 5 6 3 4 3 1 5 6 5 4 0 1 4 0 1 5 2 1 3 3 3 2 2 6 3 3 1 5 1 4 3 1 0 1 5 2 6 5 3 5 1 2 4 2 5 5 1 6 6 0 4 3 4 1 2 3 6 1 4 4 3 4 2 0 5 5 4 3 2 4 0 5 0 6 6 3 2 3 2 6 2 4 3 3 3 0 5 4 0 4 1 5 5 1 6 3 4 4 
4 7 4 4 4 5 0 2 3 1 0 1 4 1 2 4 1 3 3 3 3 3 4 2 5 2 3 4 1 2 2 3 3 3 3 5 1 4 4 3 3 4 2 3 2 2 5 3 2 3 1 5 1 2 3 2 4 1 2 4 2 2 0 4 2 1 3 1 4 5 3 1 6 0 3 3 5 4 2 4 3 4 2 1 0 3 4 4 1 4 2 3 4 2 5 4 0 5 4 5 4 3 3 2 2 
9 6 9 9 9 5 5 6 7 4 5 4 2 6 7 6 6 1 2 5 1 2 6 3 0 5 4 4 4 4 7 4 5 2 6 1 5 4 0 1 2 6 3 8 6 4 5 2 3 5 3 5 6 3 8 7 1 5 4 5 3 3 5 7 2 6 6 4 6 3 1 6 6 5 4 3 5 0 7 1 8 7 4 3 4 4 7 3 6 4 4 4 1 7 5 1 5 0 6 6 2 8 4 5 5 
4 2 4 4 4 2 5 2 2 5 5 3 4 3 3 0 3 5 5 1 5 6 0 6 6 7 2 2 4 3 3 7 1 4 2 5 2 2 6 5 4 1 5 2 2 6 2 4 3 1 4 1 4 5 3 3 5 3 3 1 4 6 4 2 4 3 1 6 0 3 4 4 1 5 2 3 1 6 3 5 3 1 6 4 4 2 1 3 3 2 7 2 5 3 1 5 4 6 0 0 4 3 2 7 6 
4 2 4 4 4 1 5 3 2 5 5 3 4 4 4 0 4 5 5 1 5 6 0 6 6 7 2 2 4 3 4 7 2 4 2 5 3 2 6 5 4 1 5 3 2 6 1 4 3 1 4 1 4 6 4 4 5 3 3 0 4 6 4 2 4 4 2 6 1 3 4 4 1 5 2 3 1 5 3 5 4 1 7 4 5 2 1 3 4 2 7 2 5 4 1 5 5 6 0 0 4 4 2 7 7 
7 4 7 7 7 3 4 4 5 4 5 3 0 4 5 4 4 1 2 3 2 3 4 3 2 5 2 1 3 2 6 4 2 1 4 1 4 1 2 2 1 4 3 6 4 4 3 1 1 3 2 3 5 3 6 5 1 4 2 3 1 3 3 5 1 4 4 4 3 0 1 5 3 5 2 1 3 1 5 1 6 5 4 2 4 2 5 0 4 2 5 1 2 5 3 1 4 2 4 4 0 6 1 5 5 
1 6 1 1 1 5 3 1 1 4 3 3 6 1 0 3 2 6 6 3 6 7 3 6 8 6 4 5 4 3 0 6 3 5 1 7 2 4 7 6 5 2 5 0 1 5 5 5 4 2 4 5 1 6 0 0 6 2 3 4 5 6 3 1 5 2 2 5 3 6 6 2 5 4 4 4 4 7 0 7 0 2 5 4 4 4 2 5 2 4 6 4 6 1 4 6 3 8 3 4 6 0 4 6 5 
5 3 5 5 5 1 4 3 3 4 4 2 2 3 4 2 3 3 3 1 3 4 2 4 4 5 0 0 2 1 4 5 1 1 2 3 2 0 4 3 2 2 3 4 3 5 2 2 1 1 2 1 4 4 4 4 2 2 1 1 2 4 3 3 2 3 2 4 1 1 2 3 2 4 0 1 1 3 3 3 4 3 5 2 3 0 3 1 3 0 5 0 3 4 1 3 3 4 2 2 1 4 0 5 5 
6 8 6 6 6 7 2 5 6 1 2 3 5 4 5 7 3 3 2 5 3 2 7 1 5 0 5 6 2 3 5 1 5 4 5 5 4 5 4 3 4 6 2 6 5 0 7 3 4 5 3 7 4 2 6 5 4 4 3 6 3 1 3 6 3 3 5 0 6 6 4 4 8 1 4 4 7 4 5 4 6 6 0 3 2 4 6 5 4 6 0 5 3 4 7 4 2 5 7 7 5 6 5 0 0 
6 8 6 6 6 7 1 4 5 1 1 3 5 3 4 6 3 3 3 5 3 3 6 1 5 0 4 6 2 3 4 1 4 4 5 5 3 5 4 3 4 6 2 5 4 0 7 3 4 5 2 7 3 2 5 4 4 3 3 6 3 1 2 6 3 3 5 0 5 6 4 3 7 1 4 4 7 4 4 4 5 6 0 2 1 4 6 5 3 5 0 5 3 4 6 4 2 5 6 7 5 5 5 0 0 
