100 5593.05 0 1680 1 1680
12.35 73.13 6.68 29.7 69.82 91.24 5.9 27.78 59.25 12.92 40.82 9.73 14.01 75.22 83.92 30.68 8.79 7.8 96.82 2.6 98.1 15.11 1.32 69.09 70.54 43.1 90.04 16.05 71.31 93.33 91.12 95.72 96.17 69.71 39.08 8.95 12.83 40.67 42.17 19.23 58.91 28.8 65.03 62.57 35.03 71.48 41.2 64.11 41.57 36.99 86.79 87.77 24.03 86.56 65.09 54.42 79.54 18.17 51.33 24.63 84.13 12.29 57.97 95.08 5.23 36.81 42.09 13.62 8.02 95.1 52.28 98.07 7.16 87.24 82.26 32.02 8.95 79.42 25.22 46.18 92.28 12.73 31.71 73.46 26.69 31.27 2.35 51.37 63.0 26.64 7.79 42.87 19.12 97.9 94.48 70.04 72.52 85.8 82.72 61.95 
78.44 57.13 60.52 89.94 85.95 46.83 34.01 39.06 83.23 46.24 30.13 14.29 38.34 78.71 45.61 54.92 65.1 85.5 33.96 29.27 76.52 53.63 38.61 64.59 65.71 75.82 39.66 74.6 72.36 63.15 51.38 72.13 42.57 56.96 44.16 72.24 74.37 62.61 54.67 87.22 57.44 71.88 24.54 21.29 16.17 40.82 84.83 46.49 23.06 65.61 21.16 10.13 23.78 26.01 76.8 84.14 70.74 40.86 25.35 41.2 78.1 48.25 41.74 11.15 64.05 37.6 81.25 23.74 18.83 36.44 47.18 56.78 57.83 25.99 13.26 43.19 28.66 41.0 39.44 16.9 72.71 21.82 77.03 85.25 63.74 20.75 50.87 71.73 21.07 44.86 55.83 22.81 19.24 27.44 52.19 43.98 79.31 86.55 17.02 24.43 
2 7 1 3 7 9 1 3 6 2 4 1 2 7 8 3 1 1 9 1 9 2 1 7 7 4 9 2 7 9 9 9 9 7 4 1 2 4 4 2 6 3 6 6 4 7 4 6 4 4 8 8 3 8 6 5 8 2 5 3 8 2 6 9 1 4 4 2 1 9 5 9 1 8 8 3 1 8 3 5 9 2 3 7 3 3 1 5 6 3 1 4 2 9 9 7 7 8 8 6 
1 2 3 4 5 6 7 8 9 10 11 12 13 14 15 16 17 18 19 20 21 22 23 24 25 26 27 28 29 30 31 32 33 34 35 36 37 38 39 40 41 42 43 44 45 46 47 48 49 50 51 52 53 54 55 56 57 58 59 60 61 62 63 64 65 66 67 68 69 70 71 72 73 74 75 76 77 78 79 80 81 82 83 84 85 86 87 88 89 90 91 92 93 94 95 96 97 98 99 100 
1 2 1 3 2 2 1 3 1 1 2 1 1 2 2 3 1 1 2 1 2 1 1 2 2 2 2 1 2 2 2 2 2 2 2 1 1 2 2 1 1 3 1 1 2 2 2 1 2 2 2 2 3 2 1 2 2 1 2 3 2 1 1 2 1 2 2 1 1 2 2 2 1 2 2 3 1 2 3 2 2 1 3 2 3 3 1 2 1 3 1 2 1 2 2 2 2 2 2 1 
1 3 1 1 3 3 1 1 1 1 3 1 1 3 2 1 1 1 3 1 3 1 1 3 3 3 3 1 3 3 3 3 3 3 3 1 1 3 3 1 1 1 1 1 3 3 3 1 3 3 2 2 1 2 1 2 2 1 2 1 2 1 1 3 1 3 3 1 1 3 2 3 1 2 2 1 1 2 1 2 3 1 1 3 1 1 1 2 1 1 1 3 1 3 3 3 3 2 2 1 
2 7 8 7 3 6 9 2 3 10 9 10 1 3 7 5 4 6 7 9 7 10 3 3 6 7 5 4 1 4 6 6 3 1 8 8 8 4 9 9 6 6 7 6 2 10 6 3 10 9 10 9 5 5 4 10 7 3 9 2 9 3 10 5 5 9 1 2 1 9 3 10 6 5 1 8 9 1 3 2 7 10 1 1 9 1 10 10 3 5 4 7 10 3 3 5 10 3 3 6 
4114.99 4516.28 3959.41 4449.57 4462.17 4348.89 3777.59 3782.26 4425.28 3812.56 3780.53 4184.17 3553.46 4376.33 4522.57 3520.78 3842.27 4582.92 4587.99 3855.89 4486.37 4121.6 4339.32 4306.12 4335.01 4742.64 3638.53 4331.43 3476.89 4304.57 4608.99 4482.78 4347.62 3597.87 3461.85 3961.64 3581.26 4054.83 3786.93 3805.82 4322.05 4552.12 4445.57 4594.79 4761.94 4400.47 4584.35 4443.45 3445.4 3802.53 3753.6 3793.07 3589.47 3576.7 3706.46 4382.41 4569.26 4466.36 3803.38 4730.21 3778.31 4395.13 4196.7 3495.19 3631.72 3762.14 3435.99 4016.61 3169.25 3840.87 4328.5 3847.1 4424.55 3508.22 3398.13 3590.19 3774.9 3534.02 4470.85 4423.34 4452.47 3248.7 3365.02 3616.81 3868.34 3144.81 3185.76 4189.65 4263.05 3552.21 4110.94 4685.31 3877.33 4325.02 4338.05 3633.19 4306.45 4464.1 4333.56 4356.69 
0.53 0.07 0.34 0.62 0.48 0.69 0.22 0.62 0.56 0.83 0.36 0.73 0.67 0.53 0.13 0.47 0.83 0.7 0.86 0.22 0.87 0.71 0.55 0.3 0.69 0.69 0.64 0.92 0.68 0.92 0.69 0.69 0.46 0.69 0.34 0.16 0.33 0.93 0.2 0.31 0.69 0.7 0.61 0.7 0.47 0.73 0.7 0.4 0.72 0.32 0.74 0.35 0.66 0.63 0.94 0.79 0.77 0.26 0.27 0.58 0.23 0.63 0.8 0.38 0.5 0.33 0.68 0.65 0.68 0.35 0.62 0.86 0.7 0.61 0.68 0.15 0.22 0.68 0.27 0.46 0.24 0.84 0.67 0.68 0.36 0.67 0.8 0.87 0.48 0.43 0.86 0.16 0.76 0.55 0.48 0.56 0.83 0.28 0.51 0.69 
1.0 0.52 1.0 0.6 0.91 1.0 1.0 0.69 1.0 0.53 0.84 0.81 0.75 1.0 0.72 0.74 1.0 1.0 0.91 0.98 0.87 0.67 0.8 0.92 1.0 0.97 0.8 0.63 0.76 0.72 1.0 0.64 1.0 0.86 0.59 0.77 0.98 0.59 1.0 0.54 0.83 1.0 0.59 0.99 0.51 0.62 1.0 1.0 1.0 0.77 0.83 0.67 0.98 1.0 0.69 0.69 0.55 1.0 0.59 0.53 0.56 0.53 1.0 0.62 0.57 0.94 0.57 0.63 0.96 0.85 0.99 0.69 0.81 0.74 0.67 0.65 0.74 0.67 0.91 0.67 0.85 0.82 1.0 0.76 0.6 0.69 0.53 0.54 0.84 0.54 0.71 0.67 0.81 0.71 0.94 0.77 0.83 0.52 0.65 0.99 
1.0 0.64 0.62 0.57 1.0 0.93 0.72 0.75 0.51 0.96 1.0 0.75 0.78 0.54 0.81 0.53 1.0 0.75 0.91 0.85 1.0 0.57 0.81 0.95 1.0 0.85 1.0 0.62 0.62 0.81 0.51 0.91 0.52 1.0 0.67 0.94 1.0 0.98 1.0 1.0 0.71 0.86 0.56 0.51 1.0 0.69 0.89 0.52 0.71 1.0 0.81 0.58 0.53 0.71 0.79 0.73 0.77 0.6 0.95 0.64 0.72 0.81 0.86 0.66 1.0 0.85 0.67 0.7 0.83 0.85 1.0 0.59 0.94 0.8 1.0 0.75 0.88 0.54 0.92 1.0 0.72 0.96 0.77 0.63 0.63 0.67 1.0 1.0 0.99 0.92 0.72 0.61 0.75 1.0 0.58 0.58 0.85 0.55 0.75 0.98 
0.86 0.57 0.75 1.0 1.0 1.0 0.82 0.72 0.67 0.73 0.96 1.0 0.51 0.95 0.54 0.73 0.88 0.66 0.65 0.96 0.96 1.0 1.0 0.52 0.65 0.62 0.84 0.87 0.72 0.55 0.75 1.0 1.0 0.66 0.62 0.78 0.87 0.72 0.63 0.64 0.95 0.99 0.79 0.77 0.71 0.99 0.63 0.84 1.0 0.83 0.79 0.77 0.53 0.88 0.83 1.0 0.55 1.0 0.61 0.91 0.51 0.64 0.94 0.95 0.57 0.62 1.0 0.59 0.9 1.0 0.57 0.93 0.78 0.93 1.0 0.7 0.96 0.56 0.52 0.63 0.78 0.62 0.59 0.84 0.72 0.59 0.57 0.83 0.95 1.0 0.98 0.82 0.84 0.71 0.86 0.95 0.52 0.82 1.0 0.72 
0.67 0.92 1.0 0.65 0.93 0.65 1.0 0.94 0.57 0.55 0.51 0.67 0.7 1.0 1.0 1.0 0.97 0.75 0.74 0.94 0.69 0.86 0.9 0.76 0.68 0.93 1.0 0.84 0.75 1.0 0.59 0.53 0.55 0.69 1.0 0.77 0.69 0.53 0.59 0.96 0.91 0.91 1.0 0.57 1.0 0.6 0.68 0.71 0.74 0.59 0.5 0.91 0.69 0.55 0.94 0.64 0.54 0.8 0.85 0.59 0.69 0.62 1.0 0.68 1.0 0.84 0.62 0.97 0.65 0.94 0.7 1.0 0.88 0.54 1.0 0.64 0.93 0.99 0.84 0.82 1.0 0.65 0.56 0.96 0.93 0.94 0.83 0.79 0.86 1.0 1.0 0.72 0.71 0.51 0.71 0.75 0.56 0.79 1.0 0.54 
0.88 0.72 1.0 1.0 0.54 0.64 0.56 0.77 0.9 0.99 1.0 0.76 0.51 0.82 0.98 0.5 0.53 0.57 0.87 0.96 1.0 0.62 0.99 0.75 0.77 0.86 0.65 0.97 0.63 0.66 0.71 0.75 0.76 0.96 0.75 0.7 0.8 0.61 0.66 0.52 0.55 0.63 0.83 1.0 0.66 0.9 0.89 0.71 0.55 0.57 0.93 0.88 0.89 0.86 0.53 0.93 0.61 0.76 0.92 0.53 0.92 0.56 0.85 0.82 1.0 1.0 0.98 1.0 0.82 1.0 0.73 0.94 0.72 0.77 1.0 1.0 0.53 0.55 0.83 0.84 0.59 1.0 0.68 0.75 0.72 0.6 0.55 0.93 0.61 0.85 0.97 0.54 0.95 0.95 0.82 0.96 1.0 0.74 0.92 0.93 
0.51 0.12 0.46 0.22 0.46 0.39 0.33 0.27 0.18 0.2 0.4 0.31 0.11 0.42 0.31 0.14 0.45 0.21 0.34 0.72 0.57 0.21 0.58 0.26 0.34 0.41 0.43 0.27 0.16 0.21 0.16 0.23 0.22 0.38 0.18 0.3 0.47 0.14 0.25 0.17 0.28 0.49 0.22 0.22 0.24 0.23 0.34 0.22 0.29 0.21 0.25 0.24 0.17 0.29 0.23 0.3 0.08 0.36 0.27 0.1 0.13 0.09 0.69 0.21 0.32 0.42 0.23 0.25 0.38 0.67 0.29 0.36 0.38 0.23 0.67 0.22 0.31 0.11 0.3 0.29 0.29 0.32 0.17 0.29 0.18 0.15 0.14 0.33 0.42 0.42 0.49 0.13 0.34 0.25 0.27 0.31 0.2 0.14 0.45 0.35 
1322.2 824.59 1275.59 785.54 947.07 1069.21 1327.2 1337.56 1194.98 1176.37 1786.36 1186.21 1294.17 903.01 642.71 1564.02 3131.89 1061.93 1066.21 1619.22 964.17 1367.85 954.38 994.71 1185.33 767.37 1914.7 2959.93 905.81 3475.11 1202.08 1159.52 846.84 1243.76 1292.23 1003.68 773.01 3573.9 1893.25 1941.48 951.49 939.62 800.43 1010.78 1810.17 1191.73 1303.34 886.72 1304.74 1402.08 1175.46 1785.23 1859.84 1932.0 3637.9 1112.49 886.88 810.38 1553.03 1508.87 1312.17 1007.68 1131.9 1719.08 1551.65 1488.78 1329.53 1378.04 1015.27 2002.32 1082.86 1667.18 1003.66 2087.27 1088.71 1225.95 1702.1 1186.02 676.34 1226.52 647.89 1269.17 1021.29 1270.61 1497.43 1278.84 1324.1 1633.09 1023.83 1683.17 3544.93 880.35 1233.37 1125.59 840.62 1845.67 1236.89 768.22 810.12 877.48 
720.29 77.17 572.83 204.28 402.9 395.25 496.57 368.48 186.28 279.74 804.74 336.98 156.76 392.56 208.51 208.15 1444.03 205.64 393.91 1098.85 544.44 301.27 551.3 278.41 469.02 366.53 783.78 801.96 161.07 667.3 178.68 343.43 182.73 467.46 212.51 321.39 342.56 407.21 473.31 420.11 288.42 497.69 212.68 228.17 547.8 258.02 441.72 210.14 367.91 193.34 266.52 440.55 296.33 600.14 881.88 334.47 73.86 329.55 445.77 87.71 149.26 56.34 743.1 347.05 487.62 539.99 284.7 303.45 379.62 1379.88 313.01 561.58 280.89 423.31 691.57 259.94 552.58 112.95 169.12 322.0 183.44 406.08 175.4 408.12 359.27 240.18 157.46 607.12 432.9 729.32 1797.67 152.63 485.83 313.67 220.77 545.95 200.66 64.29 369.01 299.71 
6111.02 3622.94 5877.97 3427.69 4235.35 4846.04 6136.01 6187.82 5474.91 5381.83 8431.82 5431.06 5970.84 4015.03 2713.53 7320.08 15159.43 4809.66 4831.05 7596.11 4320.87 6339.23 4271.91 4473.57 5426.64 3336.83 9073.5 14299.65 4029.04 16875.55 5510.41 5297.61 3734.22 5718.81 5961.17 4518.4 3365.03 17369.48 8966.27 9207.41 4257.44 4198.12 3502.14 4553.9 8550.84 5458.65 6016.68 3933.61 6023.71 6510.39 5377.28 8426.14 8799.22 9160.01 17689.49 5062.47 3934.39 3551.88 7265.13 7044.36 6060.83 4538.38 5159.5 8095.39 7258.24 6943.88 6147.65 6390.21 4576.33 9511.62 4914.28 7835.89 4518.32 9936.36 4943.55 5629.73 8010.52 5430.11 2881.72 5632.6 2739.45 5845.84 4606.47 5853.07 6987.13 5894.18 6120.48 7665.43 4619.14 7915.86 17224.66 3901.77 5666.85 5127.97 3703.12 8728.37 5684.46 3341.1 3550.61 3887.42 
3101.46 -114.15 2364.17 521.39 1514.49 1476.27 1982.84 1342.38 431.41 898.69 3523.7 1184.89 283.79 1462.81 542.56 540.76 6720.16 528.19 1469.53 4994.27 2222.21 1006.33 2256.51 892.06 1845.09 1332.67 3418.89 3509.82 305.35 2836.48 393.39 1217.14 413.67 1837.31 562.57 1106.93 1212.79 1536.05 1866.56 1600.56 942.11 1988.43 563.4 640.85 2239.02 790.11 1708.61 550.69 1339.55 466.68 832.6 1702.76 981.63 2500.72 3909.38 1172.35 -130.71 1147.77 1728.86 -61.47 246.32 -218.29 3215.52 1235.25 1938.09 2199.95 923.52 1017.24 1398.12 6399.42 1065.06 2307.91 904.45 1616.56 2957.87 799.71 2262.9 64.76 345.6 1110.01 417.21 1530.4 377.01 1540.61 1296.35 700.89 287.3 2535.6 1664.51 3146.59 8488.33 263.17 1929.13 1068.35 603.83 2229.74 503.29 -178.55 1345.05 998.55 
82.3 135.49 79.19 177.98 133.87 130.47 75.55 151.29 88.51 76.25 113.42 83.68 71.07 131.29 135.68 140.83 76.85 91.66 137.64 77.12 134.59 82.43 86.79 129.18 130.05 142.28 109.16 86.63 104.31 129.14 138.27 134.48 130.43 107.94 103.86 79.23 71.63 121.64 113.61 76.12 86.44 182.08 88.91 91.9 142.86 132.01 137.53 88.87 103.36 114.08 112.61 113.79 143.58 107.3 74.13 131.47 137.08 89.33 114.1 189.21 113.35 87.9 83.93 104.86 72.63 112.86 103.08 80.33 63.38 115.23 129.86 115.41 88.49 105.25 101.94 143.61 75.5 106.02 178.83 132.7 133.57 64.97 134.6 108.5 154.73 125.79 63.72 125.69 85.26 142.09 82.22 140.56 77.55 129.75 130.14 109.0 129.19 133.92 130.01 87.13 
82 180 79 266 178 173 75 226 88 76 151 83 71 175 180 211 76 91 183 77 179 82 86 172 173 189 145 86 139 172 184 179 173 143 138 79 71 162 151 76 86 273 88 91 190 176 183 88 137 152 150 151 215 143 74 175 182 89 152 283 151 87 83 139 72 150 137 80 63 153 173 153 88 140 135 215 75 141 268 176 178 64 201 144 232 188 63 167 85 213 82 187 77 173 173 145 172 178 173 87 
1584 1100 891 300 1507 450 414 558 1214 1019 1517 1505 1007 840 950 248 767 359 1174 1370 1519 291 1066 578 41 1398 1185 594 1328 1403 964 741 418 1500 223 906 744 359 1368 283 1235 1567 1276 1229 899 535 1421 853 757 1275 561 1242 278 1231 861 412 685 32 232 1193 100 918 417 1371 207 1424 965 478 105 28 174 1292 294 546 294 53 963 1085 1673 383 18 1334 1613 679 422 991 1038 90 320 533 1266 883 982 1237 1537 1672 1529 1467 1037 1343 
1680 1514 1552 1455 1680 1080 952 1680 1505 1680 1680 1680 1483 1680 1673 1094 1680 1205 1680 1680 1680 1680 1680 1671 1350 1680 1680 916 1557 1680 1680 1680 1680 1680 1501 1197 1066 650 1680 1680 1680 1680 1680 1680 1680 1680 1680 1514 1079 1680 759 1440 569 1680 1029 857 1377 1526 955 1680 916 1680 1541 1680 930 1680 1680 1047 1680 1245 866 1680 1140 1022 554 375 1680 1499 1680 1322 1111 1680 1680 1680 1052 1680 1680 1430 1680 1349 1680 1680 1680 1680 1680 1680 1680 1680 1680 1680 
10
0.0 0.0 0.0 0.0 0.0 0.0 0.0 0.0 0.0 0.0 
0.0 0.0 0.0 100.0 100.0 0.0 0.0 0.0 0.0 100.0 
0 0 0 100 100 0 0 0 0 100 79 92 60 94 110 102 34 47 102 48 50 17 40 108 95 62 65 85 102 29 124 55 38 94 96 87 98 76 101 112 104 119 105 90 58 72 75 74 69 89 82 77 69 66 38 82 94 79 47 75 89 88 33 90 100 100 106 44 57 48 114 49 71 95 64 52 91 27 20 101 70 113 58 91 83 53 30 89 46 49 117 25 83 112 69 37 50 88 66 52 56 48 27 101 107 82 107 121 84 66 
0 0 0 100 100 0 0 0 0 100 79 92 60 94 110 102 34 47 102 48 50 17 40 108 95 62 65 85 102 29 124 55 38 94 96 87 98 76 101 112 104 119 105 90 58 72 75 74 69 89 82 77 69 66 38 82 94 79 47 75 89 88 33 90 100 100 106 44 57 48 114 49 71 95 64 52 91 27 20 101 70 113 58 91 83 53 30 89 46 49 117 25 83 112 69 37 50 88 66 52 56 48 27 101 107 82 107 121 84 66 
0 0 0 100 100 0 0 0 0 100 79 92 60 94 110 102 34 47 102 48 50 17 40 108 95 62 65 85 102 29 124 55 38 94 96 87 98 76 101 112 104 119 105 90 58 72 75 74 69 89 82 77 69 66 38 82 94 79 47 75 89 88 33 90 100 100 106 44 57 48 114 49 71 95 64 52 91 27 20 101 70 113 58 91 83 53 30 89 46 49 117 25 83 112 69 37 50 88 66 52 56 48 27 101 107 82 107 121 84 66 
100 100 100 0 0 100 100 100 100 0 24 84 40 31 71 105 66 66 61 55 80 86 63 78 100 54 35 16 117 70 100 48 61 77 78 49 108 30 76 100 103 99 112 81 68 29 28 55 61 23 72 40 99 100 90 92 43 83 87 50 117 125 79 113 69 56 84 61 90 63 86 53 82 130 36 72 46 77 81 114 74 107 42 114 119 65 71 98 65 95 96 79 39 74 45 85 49 58 100 61 44 88 82 121 105 89 75 86 117 97 
100 100 100 0 0 100 100 100 100 0 24 84 40 31 71 105 66 66 61 55 80 86 63 78 100 54 35 16 117 70 100 48 61 77 78 49 108 30 76 100 103 99 112 81 68 29 28 55 61 23 72 40 99 100 90 92 43 83 87 50 117 125 79 113 69 56 84 61 90 63 86 53 82 130 36 72 46 77 81 114 74 107 42 114 119 65 71 98 65 95 96 79 39 74 45 85 49 58 100 61 44 88 82 121 105 89 75 86 117 97 
0 0 0 100 100 0 0 0 0 100 79 92 60 94 110 102 34 47 102 48 50 17 40 108 95 62 65 85 102 29 124 55 38 94 96 87 98 76 101 112 104 119 105 90 58 72 75 74 69 89 82 77 69 66 38 82 94 79 47 75 89 88 33 90 100 100 106 44 57 48 114 49 71 95 64 52 91 27 20 101 70 113 58 91 83 53 30 89 46 49 117 25 83 112 69 37 50 88 66 52 56 48 27 101 107 82 107 121 84 66 
0 0 0 100 100 0 0 0 0 100 79 92 60 94 110 102 34 47 102 48 50 17 40 108 95 62 65 85 102 29 124 55 38 94 96 87 98 76 101 112 104 119 105 90 58 72 75 74 69 89 82 77 69 66 38 82 94 79 47 75 89 88 33 90 100 100 106 44 57 48 114 49 71 95 64 52 91 27 20 101 70 113 58 91 83 53 30 89 46 49 117 25 83 112 69 37 50 88 66 52 56 48 27 101 107 82 107 121 84 66 
0 0 0 100 100 0 0 0 0 100 79 92 60 94 110 102 34 47 102 48 50 17 40 108 95 62 65 85 102 29 124 55 38 94 96 87 98 76 101 112 104 119 105 90 58 72 75 74 69 89 82 77 69 66 38 82 94 79 47 75 89 88 33 90 100 100 106 44 57 48 114 49 71 95 64 52 91 27 20 101 70 113 58 91 83 53 30 89 46 49 117 25 83 112 69 37 50 88 66 52 56 48 27 101 107 82 107 121 84 66 
0 0 0 100 100 0 0 0 0 100 79 92 60 94 110 102 34 47 102 48 50 17 40 108 95 62 65 85 102 29 124 55 38 94 96 87 98 76 101 112 104 119 105 90 58 72 75 74 69 89 82 77 69 66 38 82 94 79 47 75 89 88 33 90 100 100 106 44 57 48 114 49 71 95 64 52 91 27 20 101 70 113 58 91 83 53 30 89 46 49 117 25 83 112 69 37 50 88 66 52 56 48 27 101 107 82 107 121 84 66 
100 100 100 0 0 100 100 100 100 0 24 84 40 31 71 105 66 66 61 55 80 86 63 78 100 54 35 16 117 70 100 48 61 77 78 49 108 30 76 100 103 99 112 81 68 29 28 55 61 23 72 40 99 100 90 92 43 83 87 50 117 125 79 113 69 56 84 61 90 63 86 53 82 130 36 72 46 77 81 114 74 107 42 114 119 65 71 98 65 95 96 79 39 74 45 85 49 58 100 61 44 88 82 121 105 89 75 86 117 97 
79 79 79 24 24 79 79 79 79 24 0 64 18 20 57 84 44 42 47 32 56 64 40 62 78 29 13 8 95 50 85 24 41 58 59 30 86 5 59 82 83 83 91 61 43 7 4 32 38 11 51 17 75 76 66 70 29 60 62 27 93 101 55 90 52 42 67 38 65 39 71 30 58 106 16 47 29 54 59 92 50 88 21 91 95 40 49 76 41 70 80 56 19 61 20 60 29 39 76 36 23 63 59 99 86 67 60 73 93 73 
92 92 92 84 84 92 92 92 92 84 64 0 66 54 29 20 71 48 29 61 42 76 62 21 15 42 64 71 33 75 31 58 74 8 8 35 24 59 15 21 18 27 27 3 36 65 62 32 31 61 14 46 33 37 55 16 42 13 46 37 38 49 59 33 21 32 15 57 38 51 23 61 21 50 68 41 39 68 75 30 23 24 65 34 44 43 70 17 51 48 24 69 45 28 46 55 71 26 37 48 65 45 65 38 21 13 22 32 41 34 
60 60 60 40 40 60 60 60 60 40 18 66 0 37 68 85 26 30 57 15 45 46 23 70 78 24 5 25 93 31 92 10 22 62 64 39 85 16 65 86 84 89 91 63 36 11 15 34 35 29 52 24 68 68 52 67 42 59 51 30 89 95 40 87 60 53 73 22 56 26 79 13 54 101 3 37 41 37 41 91 47 91 2 87 89 30 31 75 28 58 86 39 29 71 20 46 10 46 68 25 4 52 43 97 88 65 68 83 87 66 
94 94 94 31 31 94 94 94 94 31 20 54 37 0 40 75 60 50 30 46 60 78 53 46 70 35 32 22 87 66 69 39 58 46 47 19 78 20 45 69 72 68 81 51 46 27 22 29 37 10 43 18 74 76 73 64 12 55 67 25 89 98 66 85 37 25 53 50 68 48 55 45 55 102 35 52 15 68 74 84 48 75 39 86 92 46 64 69 50 74 64 70 13 44 26 69 47 28 76 45 40 68 71 92 74 61 44 56 90 73 
110 110 110 71 71 110 110 110 110 71 57 29 68 40 0 44 82 62 10 69 62 93 73 9 42 49 64 62 58 87 29 63 83 21 20 28 50 54 13 32 40 29 50 28 51 62 58 37 41 50 30 43 61 65 77 45 28 39 68 38 66 77 77 62 10 15 18 68 63 63 16 68 45 78 68 58 28 83 91 55 42 40 68 62 73 57 83 45 64 72 26 85 39 3 48 75 76 23 65 59 68 68 83 64 41 41 7 15 70 62 
102 102 102 105 105 102 102 102 102 105 84 20 85 75 44 0 86 63 48 78 53 87 77 35 7 61 84 91 14 90 30 76 90 28 28 56 7 80 32 16 4 25 6 23 52 86 83 52 49 82 34 67 34 38 64 20 62 27 55 57 26 36 71 21 39 52 26 73 45 66 32 78 33 35 87 55 60 80 87 11 38 12 84 21 34 59 84 13 66 54 25 82 66 42 66 65 88 47 38 64 83 54 77 20 6 21 37 40 31 36 
34 34 34 66 66 34 34 34 34 66 44 71 26 60 82 86 0 22 72 14 35 20 9 82 78 32 31 51 90 5 101 21 6 70 71 55 84 41 75 92 86 97 90 67 34 38 40 45 41 54 57 44 59 58 34 65 61 59 37 44 81 85 20 81 73 69 82 14 46 20 89 15 52 92 30 31 59 12 15 89 48 94 23 81 79 27 6 73 20 43 94 13 50 84 36 28 17 59 58 23 21 38 19 92 90 64 80 95 78 56 
47 47 47 66 66 47 47 47 47 66 42 48 30 50 62 63 22 0 54 16 15 30 13 61 56 16 32 50 69 27 79 19 26 48 50 39 62 37 54 69 64 75 68 45 12 38 38 26 21 48 36 32 39 39 24 43 47 37 21 28 61 66 15 60 53 52 60 9 27 3 68 18 30 72 33 9 44 20 28 67 25 72 27 60 60 5 21 51 2 28 72 22 38 64 24 18 28 40 39 5 26 22 21 71 67 42 60 74 59 37 
102 102 102 61 61 102 102 102 102 61 47 29 57 30 10 48 72 54 0 59 56 84 63 16 44 40 53 51 61 78 39 53 73 21 20 17 53 44 16 39 45 38 54 28 43 51 47 27 33 40 25 32 58 62 71 44 18 37 62 28 67 78 69 63 8 4 23 59 58 54 25 58 41 80 57 50 17 74 82 58 36 46 57 63 73 48 74 46 55 67 34 77 28 14 37 68 65 13 62 50 58 62 75 67 46 40 13 26 70 58 
48 48 48 55 55 48 48 48 48 55 32 61 15 46 69 78 14 16 59 0 32 32 7 70 71 19 19 39 84 19 90 7 13 59 60 42 77 28 63 82 78 86 83 57 26 26 28 32 30 41 47 30 56 55 37 58 47 51 36 30 78 83 25 76 60 56 70 7 43 12 78 2 45 89 19 25 45 22 27 82 39 85 12 77 76 19 18 66 14 44 83 24 36 72 22 31 11 46 56 13 10 38 27 87 81 57 68 83 75 53 
50 50 50 80 80 50 50 50 50 80 56 42 45 60 62 53 35 15 56 32 0 34 28 59 45 26 47 64 56 38 73 34 40 44 46 45 50 50 52 62 54 69 56 39 14 52 52 32 24 61 32 43 24 23 15 32 54 28 7 35 46 51 17 45 52 55 56 25 11 19 64 33 20 57 49 8 51 27 34 54 20 63 43 46 44 15 31 40 18 14 66 29 47 64 36 13 43 42 23 20 41 7 24 57 58 32 58 72 43 21 
17 17 17 86 86 17 17 17 17 86 64 76 46 78 93 87 20 30 84 32 34 0 24 91 80 45 50 71 89 16 108 39 25 77 79 69 84 60 84 96 89 103 90 73 41 57 60 57 51 73 65 60 56 53 25 67 77 63 33 58 77 78 17 77 83 82 89 27 43 30 98 34 55 85 49 35 74 10 4 88 53 98 43 78 72 36 14 74 29 36 101 8 66 95 52 22 37 70 53 34 41 34 10 89 92 67 90 104 73 53 
40 40 40 63 63 40 40 40 40 63 40 62 23 53 73 77 9 13 63 7 28 24 0 73 70 23 27 47 82 14 92 15 12 61 62 47 76 36 66 83 78 88 82 58 25 34 36 36 32 49 48 36 52 51 30 57 53 50 31 35 74 78 17 73 63 61 73 4 39 10 80 10 44 85 27 22 51 14 20 81 39 86 20 74 72 18 10 65 11 38 85 16 42 75 28 24 17 50 51 14 18 32 19 84 81 56 71 86 71 49 
108 108 108 78 78 108 108 108 108 78 62 21 70 46 9 35 82 61 16 70 59 91 73 0 34 50 67 67 49 87 22 65 84 15 13 32 41 59 7 23 31 21 41 22 49 66 62 38 40 56 26 46 55 58 74 38 34 34 65 40 58 69 75 53 10 21 9 68 58 62 8 69 40 70 71 56 33 82 90 46 38 31 71 54 65 55 83 37 63 68 18 84 43 6 50 72 78 24 58 59 71 64 81 56 32 35 2 13 62 55 
95 95 95 100 100 95 95 95 95 100 78 15 78 70 42 7 78 56 44 71 45 80 70 34 0 54 77 85 17 82 34 69 82 24 24 50 8 73 29 19 9 29 12 18 44 79 76 46 42 76 27 61 28 32 57 13 57 19 47 51 24 35 63 19 36 48 25 65 38 59 32 71 26 36 80 47 54 73 80 14 31 18 77 19 32 51 76 6 59 47 28 75 60 40 60 58 81 41 32 57 76 46 69 22 12 13 35 40 28 30 
62 62 62 54 54 62 62 62 62 54 29 42 24 35 49 61 32 16 40 19 26 45 23 50 54 0 24 38 69 38 70 15 33 39 41 24 61 24 44 63 60 67 66 39 13 27 26 12 11 34 28 17 45 46 38 43 31 34 33 12 65 72 31 62 40 37 51 18 36 14 58 19 30 77 27 18 28 35 42 67 22 67 23 63 66 11 34 50 16 41 64 37 22 52 9 34 28 26 46 10 22 34 37 72 63 40 48 63 64 43 
65 65 65 35 35 65 65 65 65 35 13 64 5 32 64 84 31 32 53 19 47 50 27 67 77 24 0 20 93 36 90 13 27 60 61 35 85 11 62 84 83 87 90 61 36 7 10 31 34 24 50 21 69 69 55 67 37 58 53 28 89 96 44 87 57 49 70 25 58 28 76 17 54 101 3 39 37 41 46 90 47 89 7 87 89 31 36 74 30 61 83 43 25 67 17 49 15 43 69 26 9 54 47 96 86 64 65 79 88 66 
85 85 85 16 16 85 85 85 85 16 8 71 25 22 62 91 51 50 51 39 64 71 47 67 85 38 20 0 102 56 90 32 47 64 65 36 94 13 64 88 90 88 98 68 51 13 12 40 46 11 58 25 83 84 74 77 33 68 70 35 101 109 63 98 57 46 73 45 74 47 76 37 66 114 21 55 34 62 66 100 58 94 27 99 103 48 56 84 49 78 85 63 25 65 28 68 35 45 84 44 29 71 67 107 92 74 65 78 101 81 
102 102 102 117 117 102 102 102 102 117 95 33 93 87 58 14 90 69 61 84 56 89 82 49 17 69 93 102 0 94 42 84 95 41 41 68 8 90 46 29 18 38 8 35 58 95 93 63 58 94 44 77 33 36 64 26 75 35 56 67 16 25 73 12 53 65 40 78 46 72 45 85 39 22 96 60 72 83 90 3 46 22 92 12 25 65 88 18 71 53 39 84 78 56 76 66 95 59 36 71 91 55 79 6 18 28 51 53 22 36 
29 29 29 70 70 29 29 29 29 70 50 75 31 66 87 90 5 27 78 19 38 16 14 87 82 38 36 56 94 0 106 27 9 75 77 61 88 47 81 96 91 102 94 72 39 43 46 50 47 60 62 50 62 60 34 69 67 63 39 50 84 87 22 84 78 75 87 19 48 25 95 21 56 94 34 35 65 12 11 92 52 99 28 84 81 32 6 77 24 45 99 12 55 90 42 29 21 64 60 28 27 40 19 95 94 69 85 101 81 59 
124 124 124 100 100 124 124 124 124 100 85 31 92 69 29 30 101 79 39 90 73 108 92 22 34 70 90 90 42 106 0 86 103 31 29 54 37 82 27 14 26 4 34 34 67 89 85 59 60 79 43 69 61 65 87 44 57 45 77 62 56 67 90 51 33 44 19 87 69 81 14 90 53 65 93 72 56 99 106 40 54 19 92 51 65 74 101 40 81 79 6 101 66 26 72 87 99 46 65 78 92 77 97 49 24 42 25 15 61 63 
55 55 55 48 48 55 55 55 55 48 24 58 10 39 63 76 21 19 53 7 34 39 15 65 69 15 13 32 84 27 86 0 20 55 56 35 76 20 59 78 76 82 81 54 25 19 20 27 27 33 43 22 57 57 42 57 40 49 40 24 78 84 31 76 55 49 66 13 45 15 73 6 44 90 14 26 38 29 35 81 37 83 8 77 78 19 25 65 17 48 79 31 28 66 15 36 13 40 57 14 7 41 34 86 79 55 62 77 76 55 
38 38 38 61 61 38 38 38 38 61 41 74 22 58 83 90 6 26 73 13 40 25 12 84 82 33 27 47 95 9 103 20 0 72 74 55 88 38 77 95 90 100 94 70 38 34 37 46 43 51 60 43 65 63 40 70 61 63 43 44 87 91 27 86 74 69 84 16 51 23 91 14 56 97 25 35 58 19 20 93 51 98 20 86 84 31 12 78 23 49 97 20 48 85 35 34 12 60 64 26 18 44 26 97 94 68 82 97 84 62 
94 94 94 77 77 94 94 94 94 77 58 8 62 46 21 28 70 48 21 59 44 77 61 15 24 39 60 64 41 75 31 55 72 0 1 28 32 53 8 24 25 27 34 7 36 60 57 28 28 54 12 40 40 43 59 23 34 18 49 32 46 57 60 42 12 24 12 56 43 50 20 59 25 59 63 42 31 68 76 38 24 30 62 42 52 42 70 25 50 52 24 70 39 21 42 57 68 19 43 46 61 49 67 47 28 20 15 27 49 40 
96 96 96 78 78 96 96 96 96 78 59 8 64 47 20 28 71 50 20 60 46 79 62 13 24 41 61 65 41 77 29 56 74 1 0 29 32 55 6 22 25 25 34 8 38 61 58 30 30 55 14 42 41 45 60 24 35 20 51 33 47 58 62 42 12 24 10 57 44 52 18 60 27 59 65 43 32 70 78 38 26 28 63 43 53 44 71 26 52 54 22 72 40 19 43 59 69 20 45 48 63 51 69 47 27 21 13 25 50 42 
87 87 87 49 49 87 87 87 87 49 30 35 39 19 28 56 55 39 17 42 45 69 47 32 50 24 35 36 68 61 54 35 55 28 29 0 59 27 28 51 53 52 62 32 31 34 30 13 21 26 24 14 55 57 60 45 9 36 52 11 69 79 55 66 22 14 36 42 51 39 41 41 37 82 39 38 5 59 66 65 30 58 40 66 73 34 58 50 40 59 49 61 11 31 20 56 47 9 58 35 40 53 61 73 56 41 29 44 70 54 
98 98 98 108 108 98 98 98 98 108 86 24 85 78 50 7 84 62 53 77 50 84 76 41 8 61 85 94 8 88 37 76 88 32 32 59 0 81 37 23 11 32 6 26 51 87 84 54 50 85 35 69 29 33 59 18 66 26 51 59 18 29 67 14 44 56 32 71 41 65 38 78 32 28 88 53 63 78 84 5 38 18 84 13 27 58 81 10 64 49 33 79 69 48 67 61 88 50 32 63 83 50 73 14 13 20 43 47 23 31 
76 76 76 30 30 76 76 76 76 30 5 59 16 20 54 80 41 37 44 28 50 60 36 59 73 24 11 13 90 47 82 20 38 53 55 27 81 0 55 78 78 79 86 56 38 7 3 27 32 13 46 13 70 70 61 64 27 55 57 22 88 96 51 85 49 39 63 33 60 34 68 26 53 101 15 42 26 50 56 87 45 83 18 86 90 35 46 71 36 65 76 52 15 58 15 55 27 35 71 31 20 58 55 94 81 62 56 70 88 67 
101 101 101 76 76 101 101 101 101 76 59 15 65 45 13 32 75 54 16 63 52 84 66 7 29 44 62 64 46 81 27 59 77 8 6 28 37 55 0 23 28 24 38 15 42 62 58 32 34 54 19 42 48 51 66 31 32 26 57 34 53 64 67 48 7 20 8 61 51 56 14 63 33 65 66 48 30 75 82 43 31 30 65 49 60 48 76 32 56 60 20 77 39 13 45 65 72 19 51 52 65 57 74 52 30 28 7 20 56 48 
112 112 112 100 100 112 112 112 112 100 82 21 86 69 32 16 92 69 39 82 62 96 83 23 19 63 84 88 29 96 14 78 95 24 22 51 23 78 23 0 11 9 20 24 57 84 81 52 51 77 34 65 47 51 74 31 56 33 65 56 42 53 79 37 31 44 15 78 56 72 17 82 41 52 88 62 54 88 96 26 44 7 86 37 51 64 91 26 72 66 9 90 63 29 66 75 91 42 51 69 85 64 86 35 11 30 26 24 47 49 
104 104 104 103 103 104 104 104 104 103 83 18 84 72 40 4 86 64 45 78 54 89 78 31 9 60 83 90 18 91 26 76 90 25 25 53 11 78 28 11 0 21 10 22 52 84 81 51 49 80 32 65 37 41 66 22 60 27 57 55 30 41 72 25 36 49 22 73 47 67 27 78 34 40 86 56 57 82 89 15 39 8 84 25 39 59 85 15 66 56 21 83 64 38 65 67 88 44 41 64 83 56 78 24 3 22 33 35 35 39 
119 119 119 99 99 119 119 119 119 99 83 27 89 68 29 25 97 75 38 86 69 103 88 21 29 67 87 88 38 102 4 82 100 27 25 52 32 79 24 9 21 0 29 30 63 86 82 55 56 77 39 66 56 60 82 39 55 40 73 59 51 62 86 47 30 43 16 83 64 77 13 86 48 60 90 68 54 95 102 35 50 15 89 46 60 69 97 35 77 74 3 97 64 25 69 82 95 44 60 74 89 72 93 44 19 38 24 17 56 58 
105 105 105 112 112 105 105 105 105 112 91 27 91 81 50 6 90 68 54 83 56 90 82 41 12 66 90 98 8 94 34 81 94 34 34 62 6 86 38 20 10 29 0 30 57 92 89 59 55 88 40 73 35 39 66 24 69 32 57 63 23 33 74 19 46 58 32 78 48 71 37 84 38 31 93 59 66 84 91 6 44 14 90 18 32 64 88 16 71 56 30 85 73 48 72 68 94 53 39 69 89 56 80 15 9 26 43 45 28 38 
90 90 90 81 81 90 90 90 90 81 61 3 63 51 28 23 67 45 28 57 39 73 58 22 18 39 61 68 35 72 34 54 70 7 8 32 26 56 15 24 22 30 30 0 33 62 59 29 27 58 10 43 32 36 53 16 39 11 44 33 39 50 56 35 20 31 16 53 36 47 25 58 19 52 64 38 36 65 72 32 19 28 62 35 45 40 67 18 47 46 27 66 42 28 43 52 67 23 36 44 61 43 63 40 25 12 22 33 41 33 
58 58 58 68 68 58 58 58 58 68 43 36 36 46 51 52 34 12 43 26 14 41 25 49 44 13 36 51 58 39 67 25 38 36 38 31 51 38 42 57 52 63 57 33 0 41 40 18 10 47 23 29 32 32 28 32 40 25 21 21 52 59 25 50 41 42 48 21 22 14 56 27 19 65 39 6 37 32 40 56 13 60 34 51 53 7 33 40 14 28 60 34 33 53 23 24 37 30 33 12 33 21 31 61 55 30 48 63 51 30 
72 72 72 29 29 72 72 72 72 29 7 65 11 27 62 86 38 38 51 26 52 57 34 66 79 27 7 13 95 43 89 19 34 60 61 34 87 7 62 84 84 86 92 62 41 0 4 33 37 18 52 19 73 73 61 69 34 60 59 28 93 100 50 90 56 47 70 32 63 34 75 24 57 105 8 44 34 48 53 93 50 90 14 90 94 37 43 77 36 66 83 50 23 65 19 56 22 42 74 32 16 59 53 99 87 67 63 78 92 71 
75 75 75 28 28 75 75 75 75 28 4 62 15 22 58 83 40 38 47 28 52 60 36 62 76 26 10 12 93 46 85 20 37 57 58 30 84 3 58 81 81 82 89 59 40 4 0 30 35 14 49 16 72 72 62 67 30 58 58 25 91 98 51 88 52 42 66 33 62 35 71 26 55 103 12 43 30 50 55 90 47 87 17 88 92 36 45 74 37 66 79 52 19 61 17 56 25 38 73 32 19 59 55 97 84 64 59 73 90 70 
74 74 74 55 55 74 74 74 74 55 32 32 34 29 37 52 45 26 27 32 32 57 36 38 46 12 31 40 63 50 59 27 46 28 30 13 54 27 32 52 51 55 59 29 18 33 30 0 8 32 18 15 45 46 46 37 22 28 39 4 62 70 42 58 28 25 39 31 38 26 46 31 27 74 35 25 18 47 54 60 19 57 33 59 64 21 46 44 27 46 52 49 16 39 14 42 40 14 47 22 33 39 48 67 54 34 35 51 62 43 
69 69 69 61 61 69 69 69 69 61 38 31 35 37 41 49 41 21 33 30 24 51 32 40 42 11 34 46 58 47 60 27 43 28 30 21 50 32 34 51 49 56 55 27 10 37 35 8 0 39 16 21 37 39 39 32 30 23 31 12 55 63 35 52 31 31 40 27 30 22 48 30 20 68 38 17 26 42 49 55 12 55 35 53 57 15 42 39 22 37 53 44 24 43 17 35 39 19 39 18 34 31 42 62 52 29 39 54 55 36 
89 89 89 23 23 89 89 89 89 23 11 61 29 10 50 82 54 48 40 41 61 73 49 56 76 34 24 11 94 60 79 33 51 54 55 26 85 13 54 77 80 77 88 58 47 18 14 32 39 0 49 18 77 78 72 69 22 60 67 27 94 103 63 91 47 35 62 46 69 46 65 39 59 107 27 52 23 63 69 91 51 84 31 91 97 45 59 75 48 75 74 65 16 54 24 67 40 35 79 43 33 68 67 98 83 66 53 66 94 75 
82 82 82 72 72 82 82 82 82 72 51 14 52 43 30 34 57 36 25 47 32 65 48 26 27 28 50 58 44 62 43 43 60 12 14 24 35 46 19 34 32 39 40 10 23 52 49 18 16 49 0 33 33 36 47 20 32 12 38 23 45 55 48 41 20 27 24 43 32 37 32 47 15 58 54 29 29 56 63 41 12 39 51 42 49 30 57 26 38 42 36 58 33 31 32 45 56 16 36 34 51 38 55 49 35 17 25 39 46 33 
77 77 77 40 40 77 77 77 77 40 17 46 24 18 43 67 44 32 32 30 43 60 36 46 61 17 21 25 77 50 69 22 43 40 42 14 69 13 42 65 65 66 73 43 29 19 16 15 21 18 33 0 59 60 56 52 17 43 50 10 77 85 48 73 36 28 50 32 51 30 55 28 41 89 24 35 16 50 56 75 34 70 25 74 79 28 47 59 32 57 63 52 5 46 8 51 33 22 61 27 26 51 53 82 68 49 44 58 76 57 
69 69 69 99 99 69 69 69 69 99 75 33 68 74 61 34 59 39 58 56 24 56 52 55 28 45 69 83 33 62 61 57 65 40 41 55 29 70 48 47 37 56 35 32 32 73 72 45 37 77 33 59 0 4 31 17 64 21 23 49 22 26 41 21 52 60 48 49 13 43 56 57 18 32 71 31 61 51 57 32 25 46 66 22 20 37 56 21 42 20 55 52 62 61 54 33 67 49 4 43 65 22 46 32 40 20 55 65 19 3 
66 66 66 100 100 66 66 66 66 100 76 37 68 76 65 38 58 39 62 55 23 53 51 58 32 46 69 84 36 60 65 57 63 43 45 57 33 70 51 51 41 60 39 36 32 73 72 46 39 78 36 60 4 0 28 21 67 25 21 51 24 27 38 24 55 63 52 48 11 42 60 57 20 34 71 30 63 49 54 35 27 50 66 25 21 37 54 25 41 16 59 49 63 64 55 31 67 51 0 42 64 19 43 35 44 23 58 69 20 3 
38 38 38 90 90 38 38 38 38 90 66 55 52 73 77 64 34 24 71 37 15 25 30 74 57 38 55 74 64 34 87 42 40 59 60 60 59 61 66 74 66 82 66 53 28 61 62 46 39 72 47 56 31 28 0 44 68 42 9 49 51 53 13 52 67 70 70 29 18 27 79 39 34 60 56 21 65 22 27 63 35 74 50 53 47 27 28 50 25 11 80 23 60 79 48 5 47 57 28 29 48 10 16 63 69 44 73 86 47 28 
82 82 82 92 92 82 82 82 82 92 70 16 67 64 45 20 65 43 44 58 32 67 57 38 13 43 67 77 26 69 44 57 70 23 24 45 18 64 31 31 22 39 24 16 32 69 67 37 32 69 20 52 17 21 44 0 53 9 34 42 24 34 50 21 36 46 30 53 25 46 39 59 13 37 70 34 49 60 67 24 20 31 66 21 29 39 63 7 46 34 38 61 53 44 50 44 69 36 21 45 65 33 56 29 25 3 38 47 26 18 
94 94 94 43 43 94 94 94 94 43 29 42 42 12 28 62 61 47 18 47 54 77 53 34 57 31 37 33 75 67 57 40 61 34 35 9 66 27 32 56 60 55 69 39 40 34 30 22 30 22 32 17 64 67 68 53 0 44 61 19 78 88 63 74 25 13 40 49 60 46 43 46 46 91 41 47 3 67 73 72 39 63 43 74 82 42 64 58 48 68 52 69 12 32 25 64 51 16 67 42 44 62 69 80 62 50 31 44 79 63 
79 79 79 83 83 79 79 79 79 83 60 13 59 55 39 27 59 37 37 51 28 63 50 34 19 34 58 68 35 63 45 49 63 18 20 36 26 55 26 33 27 40 32 11 25 60 58 28 23 60 12 43 21 25 42 9 44 0 32 33 33 43 46 30 30 38 28 46 24 39 37 51 7 46 61 28 41 55 62 32 11 35 58 30 37 32 57 16 39 34 38 56 44 39 41 41 61 28 25 37 57 31 52 38 30 6 33 45 34 22 
47 47 47 87 87 47 47 47 47 87 62 46 51 67 68 55 37 21 62 36 7 33 31 65 47 33 53 70 56 39 77 40 43 49 51 52 51 57 57 65 57 73 57 44 21 59 58 39 31 67 38 50 23 21 9 34 61 32 0 42 45 47 17 45 58 62 60 29 10 24 69 38 24 54 54 15 58 27 33 55 26 65 48 45 41 22 33 41 23 7 70 28 54 69 43 10 48 49 21 26 47 1 22 56 60 35 64 77 41 20 
75 75 75 50 50 75 75 75 75 50 27 37 30 25 38 57 44 28 28 30 35 58 35 40 51 12 28 35 67 50 62 24 44 32 33 11 59 22 34 56 55 59 63 33 21 28 25 4 12 27 23 10 49 51 49 42 19 33 42 0 66 75 43 63 30 25 42 31 42 27 48 30 31 79 31 28 16 47 55 65 23 61 30 63 69 22 46 49 28 49 55 50 12 41 10 45 37 15 51 23 30 43 49 71 59 39 38 53 66 48 
89 89 89 117 117 89 89 89 89 117 93 38 89 89 66 26 81 61 67 78 46 77 74 58 24 65 89 101 16 84 56 78 87 46 47 69 18 88 53 42 30 51 23 39 52 93 91 62 55 94 45 77 22 24 51 24 78 33 45 66 0 11 62 4 59 70 50 71 35 65 57 79 35 13 92 52 74 73 78 17 43 37 87 4 9 59 78 21 64 40 51 74 78 65 73 55 89 61 23 64 86 43 67 12 31 28 59 65 5 25 
88 88 88 125 125 88 88 88 88 125 101 49 95 98 77 36 85 66 78 83 51 78 78 69 35 72 96 109 25 87 67 84 91 57 58 79 29 96 64 53 41 62 33 50 59 100 98 70 63 103 55 85 26 27 53 34 88 43 47 75 11 0 65 15 70 81 61 76 39 70 68 84 43 7 98 57 84 75 80 27 51 47 93 15 6 64 80 31 69 42 62 75 87 76 81 57 94 71 27 70 92 46 69 20 42 38 70 76 8 29 
33 33 33 79 79 33 33 33 33 79 55 59 40 66 77 71 20 15 69 25 17 17 17 75 63 31 44 63 73 22 90 31 27 60 62 55 67 51 67 79 72 86 74 56 25 50 51 42 35 63 48 48 41 38 13 50 63 46 17 43 62 65 0 62 67 67 72 18 27 17 81 27 38 72 44 18 60 10 16 72 36 81 37 63 59 20 15 58 15 23 83 11 53 78 40 7 34 55 39 21 35 18 6 73 75 50 73 88 59 37 
90 90 90 113 113 90 90 90 90 113 90 33 87 85 62 21 81 60 63 76 45 77 73 53 19 62 87 98 12 84 51 76 86 42 42 66 14 85 48 37 25 47 19 35 50 90 88 58 52 91 41 73 21 24 52 21 74 30 45 63 4 15 62 0 55 66 45 69 35 63 52 77 32 17 89 51 70 72 78 13 40 32 85 0 13 57 77 16 62 41 47 73 74 60 70 55 87 57 24 62 84 43 67 11 27 24 55 60 9 24 
100 100 100 69 69 100 100 100 100 69 52 21 60 37 10 39 73 53 8 60 52 83 63 10 36 40 57 57 53 78 33 55 74 12 12 22 44 49 7 31 36 30 46 20 41 56 52 28 31 47 20 36 52 55 67 36 25 30 58 30 59 70 67 55 0 12 15 59 53 53 19 60 35 72 61 48 23 73 81 50 32 38 60 55 65 47 73 38 54 62 27 75 33 11 40 65 67 14 55 49 61 58 73 59 38 33 7 22 62 52 
100 100 100 56 56 100 100 100 100 56 42 32 53 25 15 52 69 52 4 56 55 82 61 21 48 37 49 46 65 75 44 49 69 24 24 14 56 39 20 44 49 43 58 31 42 47 42 25 31 35 27 28 60 63 70 46 13 38 62 25 70 81 67 66 12 0 28 56 58 52 30 55 42 83 53 49 12 72 80 62 37 51 54 66 76 46 71 49 53 67 39 74 23 19 34 67 61 12 63 48 54 62 73 71 51 43 18 31 72 60 
106 106 106 84 84 106 106 106 106 84 67 15 73 53 18 26 82 60 23 70 56 89 73 9 25 51 70 73 40 87 19 66 84 12 10 36 32 63 8 15 22 16 32 16 48 70 66 39 40 62 24 50 48 52 70 30 40 28 60 42 50 61 72 45 15 28 0 68 53 62 8 70 36 61 74 54 38 80 88 37 36 23 73 45 57 54 82 29 62 63 12 82 48 15 53 69 79 28 52 58 73 60 79 47 23 28 11 17 53 49 
44 44 44 61 61 44 44 44 44 61 38 57 22 50 68 73 14 9 59 7 25 27 4 68 65 18 25 45 78 19 87 13 16 56 57 42 71 33 61 78 73 83 78 53 21 32 33 31 27 46 43 32 49 48 29 53 49 46 29 31 71 76 18 69 59 56 68 0 36 6 75 9 39 82 26 18 46 17 24 77 34 81 20 70 69 14 15 61 7 36 80 19 38 70 24 24 18 45 49 9 18 30 21 80 77 51 66 81 68 46 
57 57 57 90 90 57 57 57 57 90 65 38 56 68 63 45 46 27 58 43 11 43 39 58 38 36 58 74 46 48 69 45 51 43 44 51 41 60 51 56 47 64 48 36 22 63 62 38 30 69 32 51 13 11 18 25 60 24 10 42 35 39 27 35 53 58 53 36 0 31 62 45 17 46 60 18 56 37 43 45 21 56 54 35 33 26 42 32 29 9 62 38 55 63 45 20 55 46 12 31 53 8 32 46 50 26 57 70 32 10 
48 48 48 63 63 48 48 48 48 63 39 51 26 48 63 66 20 3 54 12 19 30 10 62 59 14 28 47 72 25 81 15 23 50 52 39 65 34 56 72 67 77 71 47 14 34 35 26 22 46 37 30 43 42 27 46 46 39 24 27 65 70 17 63 53 52 62 6 31 0 70 14 33 76 29 12 43 20 27 70 28 75 24 64 64 7 20 54 1 32 74 22 36 65 22 21 24 40 43 4 22 25 22 74 70 45 61 76 62 40 
114 114 114 86 86 114 114 114 114 86 71 23 79 55 16 32 89 68 25 78 64 98 80 8 32 58 76 76 45 95 14 73 91 20 18 41 38 68 14 17 27 13 37 25 56 75 71 46 48 65 32 55 56 60 79 39 43 37 69 48 57 68 81 52 19 30 8 75 62 70 0 77 44 67 80 62 42 89 96 43 44 25 79 52 64 62 89 37 70 72 9 90 52 12 59 78 86 33 60 66 79 68 87 52 27 36 11 8 61 58 
49 49 49 53 53 49 49 49 49 53 30 61 13 45 68 78 15 18 58 2 33 34 10 69 71 19 17 37 85 21 90 6 14 59 60 41 78 26 63 82 78 86 84 58 27 24 26 31 30 39 47 28 57 57 39 59 46 51 38 30 79 84 27 77 60 55 70 9 45 14 77 0 46 90 17 26 44 24 29 83 40 86 10 78 78 20 19 67 15 46 83 26 34 71 21 33 10 45 57 14 8 39 29 88 82 57 67 82 77 55 
71 71 71 82 82 71 71 71 71 82 58 21 54 55 45 33 52 30 41 45 20 55 44 40 26 30 54 66 39 56 53 44 56 25 27 37 32 53 33 41 34 48 38 19 19 57 55 27 20 59 15 41 18 20 34 13 46 7 24 31 35 43 38 32 35 42 36 39 17 33 44 46 0 48 57 21 42 47 54 37 7 42 53 33 37 25 50 21 32 27 46 49 43 46 38 33 56 30 21 31 52 24 44 42 37 12 40 52 34 17 
95 95 95 130 130 95 95 95 95 130 106 50 101 102 78 35 92 72 80 89 57 85 85 70 36 77 101 114 22 94 65 90 97 59 59 82 28 101 65 52 40 60 31 52 65 105 103 74 68 107 58 89 32 34 60 37 91 46 54 79 13 7 72 17 72 83 61 82 46 76 67 90 48 0 104 63 87 82 87 25 55 45 99 16 12 70 87 33 75 49 61 83 91 77 86 64 100 74 33 76 98 53 76 16 41 41 71 75 13 35 
64 64 64 36 36 64 64 64 64 36 16 68 3 35 68 87 30 33 57 19 49 49 27 71 80 27 3 21 96 34 93 14 25 63 65 39 88 15 66 88 86 90 93 64 39 8 12 35 38 27 54 24 71 71 56 70 41 61 54 31 92 98 44 89 61 53 74 26 60 29 80 17 57 104 0 41 40 41 45 94 49 93 6 90 92 33 35 77 31 62 87 42 29 71 21 50 13 46 72 28 8 55 46 99 90 67 68 83 90 69 
52 52 52 72 72 52 52 52 52 72 47 41 37 52 58 55 31 9 50 25 8 35 22 56 47 18 39 55 60 35 72 26 35 42 43 38 53 42 48 62 56 68 59 38 6 44 43 25 17 52 29 35 31 30 21 34 47 28 15 28 52 57 18 51 48 49 54 18 18 12 62 26 21 63 41 0 43 27 34 58 18 64 35 51 51 7 29 42 11 22 65 28 39 60 28 17 36 37 30 12 34 15 25 61 59 33 54 69 50 28 
91 91 91 46 46 91 91 91 91 46 29 39 41 15 28 60 59 44 17 45 51 74 51 33 54 28 37 34 72 65 56 38 58 31 32 5 63 26 30 54 57 54 66 36 37 34 30 18 26 23 29 16 61 63 65 49 3 41 58 16 74 84 60 70 23 12 38 46 56 43 42 44 42 87 40 43 0 64 71 69 35 61 42 71 78 39 62 54 45 64 50 66 11 31 23 61 50 13 63 39 42 58 66 77 59 46 30 44 76 60 
27 27 27 77 77 27 27 27 27 77 54 68 37 68 83 80 12 20 74 22 27 10 14 82 73 35 41 62 83 12 99 29 19 68 70 59 78 50 75 88 82 95 84 65 32 48 50 47 42 63 56 50 51 49 22 60 67 55 27 47 73 75 10 72 73 72 80 17 37 20 89 24 47 82 41 27 64 0 7 82 45 90 34 73 69 26 6 68 19 33 92 2 56 85 42 17 29 61 49 24 32 29 7 84 85 59 80 95 69 48 
20 20 20 81 81 20 20 20 20 81 59 75 41 74 91 87 15 28 82 27 34 4 20 90 80 42 46 66 90 11 106 35 20 76 78 66 84 56 82 96 89 102 91 72 40 53 55 54 49 69 63 56 57 54 27 67 73 62 33 55 78 80 16 78 81 80 88 24 43 27 96 29 54 87 45 34 71 7 0 88 52 97 39 79 74 34 9 74 26 38 100 5 62 93 48 23 32 68 55 32 36 35 11 90 92 66 88 103 74 54 
101 101 101 114 114 101 101 101 101 114 92 30 91 84 55 11 89 67 58 82 54 88 81 46 14 67 90 100 3 92 40 81 93 38 38 65 5 87 43 26 15 35 6 32 56 93 90 60 55 91 41 75 32 35 63 24 72 32 55 65 17 27 72 13 50 62 37 77 45 70 43 83 37 25 94 58 69 82 88 0 44 20 90 13 26 63 86 16 69 52 36 83 75 53 73 65 93 56 35 68 89 53 77 9 15 26 48 50 23 35 
70 70 70 74 74 70 70 70 70 74 50 23 47 48 42 38 48 25 36 39 20 53 39 38 31 22 47 58 46 52 54 37 51 24 26 30 38 45 31 44 39 50 44 19 13 50 47 19 12 51 12 34 25 27 35 20 39 11 26 23 43 51 36 40 32 37 36 34 21 28 44 40 7 55 49 18 35 45 52 44 0 46 46 40 45 20 47 27 28 30 47 46 36 43 30 33 50 24 28 25 45 26 43 49 42 18 37 51 42 24 
113 113 113 107 107 113 113 113 113 107 88 24 91 75 40 12 94 72 46 85 63 98 86 31 18 67 89 94 22 99 19 83 98 30 28 58 18 83 30 7 8 15 14 28 60 90 87 57 55 84 39 70 46 50 74 31 63 35 65 61 37 47 81 32 38 51 23 81 56 75 25 86 42 45 93 64 61 90 97 20 46 0 90 32 46 67 93 24 74 65 16 92 69 37 71 75 95 49 50 72 90 64 87 29 5 30 34 32 42 48 
58 58 58 42 42 58 58 58 58 42 21 65 2 39 68 84 23 27 57 12 43 43 20 71 77 23 7 27 92 28 92 8 20 62 63 40 84 18 65 86 84 89 90 62 34 14 17 33 35 31 51 25 66 66 50 66 43 58 48 30 87 93 37 85 60 54 73 20 54 24 79 10 53 99 6 35 42 34 39 90 46 90 0 86 87 28 29 74 25 56 86 36 31 71 20 44 8 46 66 23 2 50 40 95 87 64 68 83 85 64 
91 91 91 114 114 91 91 91 91 114 91 34 87 86 62 21 81 60 63 77 46 78 74 54 19 63 87 99 12 84 51 77 86 42 43 66 13 86 49 37 25 46 18 35 51 90 88 59 53 91 42 74 22 25 53 21 74 30 45 63 4 15 63 0 55 66 45 70 35 64 52 78 33 16 90 51 71 73 79 13 40 32 86 0 13 57 78 16 63 42 46 74 75 60 71 56 88 58 24 63 84 44 68 10 27 24 55 60 10 25 
83 83 83 119 119 83 83 83 83 119 95 44 89 92 73 34 79 60 73 76 44 72 72 65 32 66 89 103 25 81 65 78 84 52 53 73 27 90 60 51 39 60 32 45 53 94 92 64 57 97 49 79 20 21 47 29 82 37 41 69 9 6 59 13 65 76 57 69 33 64 64 78 37 12 92 51 78 69 74 26 45 46 87 13 0 58 74 27 62 36 60 70 81 72 75 51 88 66 20 63 85 40 63 21 40 33 66 73 3 23 
53 53 53 65 65 53 53 53 53 65 40 43 30 46 57 59 27 5 48 19 15 36 18 55 51 11 31 48 65 32 74 19 31 42 44 34 58 35 48 64 59 69 64 40 7 37 36 21 15 45 30 28 37 37 27 39 42 32 22 22 59 64 20 57 47 46 54 14 26 7 62 20 25 70 33 7 39 26 34 63 20 67 28 57 58 0 27 47 7 29 67 28 33 59 21 22 30 34 38 5 27 23 27 67 63 38 54 69 57 35 
30 30 30 71 71 30 30 30 30 71 49 70 31 64 83 84 6 21 74 18 31 14 10 83 76 34 36 56 88 6 101 25 12 70 71 58 81 46 76 91 85 97 88 67 33 43 45 46 42 59 57 47 56 54 28 63 64 57 33 46 78 80 15 77 73 71 82 15 42 20 89 19 50 87 35 29 62 6 9 86 47 93 29 78 74 27 0 71 19 39 94 7 53 85 39 23 23 60 54 23 27 34 13 88 88 62 81 96 74 53 
89 89 89 98 98 89 89 89 89 98 76 17 75 69 45 13 73 51 46 66 40 74 65 37 6 50 74 84 18 77 40 65 78 25 26 50 10 71 32 26 15 35 16 18 40 77 74 44 39 75 26 59 21 25 50 7 58 16 41 49 21 31 58 16 38 49 29 61 32 54 37 67 21 33 77 42 54 68 74 16 27 24 74 16 27 47 71 0 54 41 34 69 59 44 57 52 77 41 25 52 73 40 64 22 18 9 38 45 24 24 
46 46 46 65 65 46 46 46 46 65 41 51 28 50 64 66 20 2 55 14 18 29 11 63 59 16 30 49 71 24 81 17 23 50 52 40 64 36 56 72 66 77 71 47 14 36 37 27 22 48 38 32 42 41 25 46 48 39 23 28 64 69 15 62 54 53 62 7 29 1 70 15 32 75 31 11 45 19 26 69 28 74 25 63 62 7 19 54 0 30 74 21 38 66 24 19 25 41 42 5 23 24 21 73 70 45 61 76 61 39 
49 49 49 95 95 49 49 49 49 95 70 48 58 74 72 54 43 28 67 44 14 36 38 68 47 41 61 78 53 45 79 48 49 52 54 59 49 65 60 66 56 74 56 46 28 66 66 46 37 75 42 57 20 16 11 34 68 34 7 49 40 42 23 41 62 67 63 36 9 32 72 46 27 49 62 22 64 33 38 52 30 65 56 42 36 29 39 41 30 0 72 33 61 73 50 15 55 55 17 34 54 6 27 52 59 36 67 80 36 17 
117 117 117 96 96 117 117 117 117 96 80 24 86 64 26 25 94 72 34 83 66 101 85 18 28 64 83 85 39 99 6 79 97 24 22 49 33 76 20 9 21 3 30 27 60 83 79 52 53 74 36 63 55 59 80 38 52 38 70 55 51 62 83 47 27 39 12 80 62 74 9 83 46 61 87 65 50 92 100 36 47 16 86 46 60 67 94 34 74 72 0 94 60 22 66 80 92 40 59 71 86 70 90 45 20 36 20 15 56 57 
25 25 25 79 79 25 25 25 25 79 56 69 39 70 85 82 13 22 77 24 29 8 16 84 75 37 43 63 84 12 101 31 20 70 72 61 79 52 77 90 83 97 85 66 34 50 52 49 44 65 58 52 52 49 23 61 69 56 28 50 74 75 11 73 75 74 82 19 38 22 90 26 49 83 42 28 66 2 5 83 46 92 36 74 70 28 7 69 21 33 94 0 58 87 44 18 30 63 50 26 34 30 6 85 87 61 82 97 70 49 
83 83 83 39 39 83 83 83 83 39 19 45 29 13 39 66 50 38 28 36 47 66 42 43 60 22 25 25 78 55 66 28 48 39 40 11 69 15 39 63 64 64 73 42 33 23 19 16 24 16 33 5 62 63 60 53 12 44 54 12 78 87 53 74 33 23 48 38 55 36 52 34 43 91 29 39 11 56 62 75 36 69 31 75 81 33 53 59 38 61 60 58 0 42 14 56 39 20 64 32 31 55 59 82 67 50 40 54 78 60 
112 112 112 74 74 112 112 112 112 74 61 28 71 44 3 42 84 64 14 72 64 95 75 6 40 52 67 65 56 90 26 66 85 21 19 31 48 58 13 29 38 25 48 28 53 65 61 39 43 54 31 46 61 64 79 44 32 39 69 41 65 76 78 60 11 19 15 70 63 65 12 71 46 77 71 60 31 85 93 53 43 37 71 60 72 59 85 44 66 73 22 87 42 0 51 77 78 25 65 61 71 69 85 62 39 41 6 12 68 61 
69 69 69 45 45 69 69 69 69 45 20 46 20 26 48 66 36 24 37 22 36 52 28 50 60 9 17 28 76 42 72 15 35 42 43 20 67 15 45 66 65 69 72 43 23 19 17 14 17 24 32 8 54 55 48 50 25 41 43 10 73 81 40 70 40 34 53 24 45 22 59 21 38 86 21 28 23 42 48 73 30 71 20 71 75 21 39 57 24 50 66 44 14 51 0 43 27 25 56 18 20 44 45 79 68 47 48 63 72 52 
37 37 37 85 85 37 37 37 37 85 60 55 46 69 75 65 28 18 68 31 13 22 24 72 58 34 49 68 66 29 87 36 34 57 59 56 61 55 65 75 67 82 68 52 24 56 56 42 35 67 45 51 33 31 5 44 64 41 10 45 55 57 7 55 65 67 69 24 20 21 78 33 33 64 50 17 61 17 23 65 33 75 44 56 51 22 23 52 19 15 80 18 56 77 43 0 41 54 31 24 42 11 12 66 70 45 71 85 51 30 
50 50 50 49 49 50 50 50 50 49 29 71 10 47 76 88 17 28 65 11 43 37 17 78 81 28 15 35 95 21 99 13 12 68 69 47 88 27 72 91 88 95 94 67 37 22 25 40 39 40 56 33 67 67 47 69 51 61 48 37 89 94 34 87 67 61 79 18 55 24 86 10 56 100 13 36 50 29 32 93 50 95 8 88 88 30 23 77 25 55 92 30 39 78 27 41 0 53 67 25 7 49 35 98 92 68 75 90 87 65 
88 88 88 58 58 88 88 88 88 58 39 26 46 28 23 47 59 40 13 46 42 70 50 24 41 26 43 45 59 64 46 40 60 19 20 9 50 35 19 42 44 44 53 23 30 42 38 14 19 35 16 22 49 51 57 36 16 28 49 15 61 71 55 57 14 12 28 45 46 40 33 45 30 74 46 37 13 61 68 56 24 49 46 58 66 34 60 41 41 55 40 63 20 25 25 54 53 0 51 36 46 49 61 64 47 33 22 37 63 48 
66 66 66 100 100 66 66 66 66 100 76 37 68 76 65 38 58 39 62 56 23 53 51 58 32 46 69 84 36 60 65 57 64 43 45 58 32 71 51 51 41 60 39 36 33 74 73 47 39 79 36 61 4 0 28 21 67 25 21 51 23 27 39 24 55 63 52 49 12 43 60 57 21 33 72 30 63 49 55 35 28 50 66 24 20 38 54 25 42 17 59 50 64 65 56 31 67 51 0 43 65 20 43 35 44 23 59 69 20 3 
52 52 52 61 61 52 52 52 52 61 36 48 25 45 59 64 23 5 50 13 20 34 14 59 57 10 26 44 71 28 78 14 26 46 48 35 63 31 52 69 64 74 69 44 12 32 32 22 18 43 34 27 43 42 29 45 42 37 26 23 64 70 21 62 49 48 58 9 31 4 66 14 31 76 28 12 39 24 32 68 25 72 23 63 63 5 23 52 5 34 71 26 32 61 18 24 25 36 43 0 21 27 26 73 68 43 57 72 62 40 
56 56 56 44 44 56 56 56 56 44 23 65 4 40 68 83 21 26 58 10 41 41 18 71 76 22 9 29 91 27 92 7 18 61 63 40 83 20 65 85 83 89 89 61 33 16 19 33 34 33 51 26 65 64 48 65 44 57 47 30 86 92 35 84 61 54 73 18 53 22 79 8 52 98 8 34 42 32 36 89 45 90 2 84 85 27 27 73 23 54 86 34 31 71 20 42 7 46 65 21 0 48 38 94 86 63 68 83 84 62 
48 48 48 88 88 48 48 48 48 88 63 45 52 68 68 54 38 22 62 38 7 34 32 64 46 34 54 71 55 40 77 41 44 49 51 53 50 58 57 64 56 72 56 43 21 59 59 39 31 68 38 51 22 19 10 33 62 31 1 43 43 46 18 43 58 62 60 30 8 25 68 39 24 53 55 15 58 29 35 53 26 64 50 44 40 23 34 40 24 6 70 30 55 69 44 11 49 49 20 27 48 0 24 55 59 34 63 76 40 19 
27 27 27 82 82 27 27 27 27 82 59 65 43 71 83 77 19 21 75 27 24 10 19 81 69 37 47 67 79 19 97 34 26 67 69 61 73 55 74 86 78 93 80 63 31 53 55 48 42 67 55 53 46 43 16 56 69 52 22 49 67 69 6 67 73 73 79 21 32 22 87 29 44 76 46 25 66 7 11 77 43 87 40 68 63 27 13 64 21 27 90 6 59 85 45 12 35 61 43 26 38 24 0 79 82 56 80 94 63 43 
101 101 101 121 121 101 101 101 101 121 99 38 97 92 64 20 92 71 67 87 57 89 84 56 22 72 96 107 6 95 49 86 97 47 47 73 14 94 52 35 24 44 15 40 61 99 97 67 62 98 49 82 32 35 63 29 80 38 56 71 12 20 73 11 59 71 47 80 46 74 52 88 42 16 99 61 77 84 90 9 49 29 95 10 21 67 88 22 73 52 45 85 82 62 79 66 98 64 35 73 94 55 79 0 24 32 57 60 18 36 
107 107 107 105 105 107 107 107 107 105 86 21 88 74 41 6 90 67 46 81 58 92 81 32 12 63 86 92 18 94 24 79 94 28 27 56 13 81 30 11 3 19 9 25 55 87 84 54 52 83 35 68 40 44 69 25 62 30 60 59 31 42 75 27 38 51 23 77 50 70 27 82 37 41 90 59 59 85 92 15 42 5 87 27 40 63 88 18 70 59 20 87 67 39 68 70 92 47 44 68 86 59 82 24 0 25 34 35 37 42 
82 82 82 89 89 82 82 82 82 89 67 13 65 61 41 21 64 42 40 57 32 67 56 35 13 40 64 74 28 69 42 55 68 20 21 41 20 62 28 30 22 38 26 12 30 67 64 34 29 66 17 49 20 23 44 3 50 6 35 39 28 38 50 24 33 43 28 51 26 45 36 57 12 41 67 33 46 59 66 26 18 30 64 24 33 38 62 9 45 36 36 61 50 41 47 45 68 33 23 43 63 34 56 32 25 0 35 45 29 21 
107 107 107 75 75 107 107 107 107 75 60 22 68 44 7 37 80 60 13 68 58 90 71 2 35 48 65 65 51 85 25 62 82 15 13 29 43 56 7 26 33 24 43 22 48 63 59 35 39 53 25 44 55 58 73 38 31 33 64 38 59 70 73 55 7 18 11 66 57 61 11 67 40 71 68 54 30 80 88 48 37 34 68 55 66 54 81 38 61 67 20 82 40 6 48 71 75 22 59 57 68 63 80 57 34 35 0 15 63 55 
121 121 121 86 86 121 121 121 121 86 73 32 83 56 15 40 95 74 26 83 72 104 86 13 40 63 79 78 53 101 15 77 97 27 25 44 47 70 20 24 35 17 45 33 63 78 73 51 54 66 39 58 65 69 86 47 44 45 77 53 65 76 88 60 22 31 17 81 70 76 8 82 52 75 83 69 44 95 103 50 51 32 83 60 73 69 96 45 76 80 15 97 54 12 63 85 90 37 69 72 83 76 94 60 35 45 15 0 69 66 
84 84 84 117 117 84 84 84 84 117 93 41 87 90 70 31 78 59 70 75 43 73 71 62 28 64 88 101 22 81 61 76 84 49 50 70 23 88 56 47 35 56 28 41 51 92 90 62 55 94 46 76 19 20 47 26 79 34 41 66 5 8 59 9 62 72 53 68 32 62 61 77 34 13 90 50 76 69 74 23 42 42 85 10 3 57 74 24 61 36 56 70 78 68 72 51 87 63 20 62 84 40 63 18 37 29 63 69 0 22 
66 66 66 97 97 66 66 66 66 97 73 34 66 73 62 36 56 37 58 53 21 53 49 55 30 43 66 81 36 59 63 55 62 40 42 54 31 67 48 49 39 58 38 33 30 71 70 43 36 75 33 57 3 3 28 18 63 22 20 48 25 29 37 24 52 60 49 46 10 40 58 55 17 35 69 28 60 48 54 35 24 48 64 25 23 35 53 24 39 17 57 49 60 61 52 30 65 48 3 40 62 19 43 36 42 21 55 66 22 0 
