100 4660.47 0 1680 1 1680
27.62 19.48 68.2 81.98 68.5 75.9 38.5 84.6 30.36 19.46 18.46 38.18 76.59 7.4 26.0 23.73 59.55 87.48 5.85 61.42 83.34 57.38 42.51 47.93 26.74 56.74 74.55 47.22 41.83 60.01 13.95 41.83 58.4 37.2 81.74 68.19 16.36 75.85 51.11 8.33 74.02 1.22 86.22 43.02 83.11 20.69 72.53 90.34 8.62 35.01 52.82 14.27 80.17 27.93 96.7 28.89 62.72 38.7 70.62 90.74 90.54 8.71 41.34 52.91 84.4 25.71 68.17 37.02 62.4 15.06 49.43 18.31 31.32 40.81 30.79 26.8 7.59 50.86 3.36 57.35 40.57 63.16 49.79 52.31 37.97 23.89 86.02 40.05 90.16 63.41 98.3 50.2 94.44 83.67 20.73 97.51 71.08 7.09 25.89 36.01 
12.62 35.78 27.27 79.67 31.54 76.16 49.1 59.93 30.1 40.53 19.33 52.64 32.87 37.38 86.99 20.71 29.44 31.65 26.99 65.73 83.55 65.88 71.27 63.54 58.5 62.97 87.98 60.59 33.73 14.67 70.15 85.29 15.03 38.54 70.89 81.67 23.69 85.75 23.42 50.28 10.67 35.66 72.46 61.65 37.16 33.03 77.64 28.52 84.61 40.61 68.78 82.86 55.28 38.01 76.58 38.23 57.53 76.68 84.12 63.08 73.71 19.74 74.78 45.17 67.37 31.87 10.34 62.2 23.66 43.02 80.49 80.68 65.9 88.95 65.32 23.93 55.48 39.47 65.05 14.61 67.09 77.99 11.32 57.54 16.95 62.53 43.84 12.6 25.82 70.56 73.68 25.33 64.19 65.4 88.34 81.25 39.61 74.19 22.91 19.73 
3 2 7 8 7 7 4 8 3 2 2 4 7 1 3 3 6 8 1 6 8 6 4 5 3 6 7 5 4 6 2 4 6 4 8 7 2 7 5 1 7 1 8 4 8 2 7 9 1 4 5 2 8 3 9 3 6 4 7 9 9 1 4 5 8 3 7 4 6 2 5 2 3 4 3 3 1 5 1 6 4 6 5 5 4 3 8 4 9 6 9 5 9 8 2 9 7 1 3 4 
1 2 3 4 5 6 7 8 9 10 11 12 13 14 15 16 17 18 19 20 21 22 23 24 25 26 27 28 29 30 31 32 33 34 35 36 37 38 39 40 41 42 43 44 45 46 47 48 49 50 51 52 53 54 55 56 57 58 59 60 61 62 63 64 65 66 67 68 69 70 71 72 73 74 75 76 77 78 79 80 81 82 83 84 85 86 87 88 89 90 91 92 93 94 95 96 97 98 99 100 
2 1 2 1 2 2 3 1 2 1 1 3 2 1 2 2 2 1 1 2 1 2 3 2 2 2 2 2 3 2 1 3 2 3 1 2 1 2 2 1 2 1 1 3 1 1 2 3 1 3 2 1 1 2 3 2 2 3 2 3 3 1 3 2 1 2 2 3 2 1 2 1 2 3 2 2 1 2 1 2 3 2 2 2 3 2 1 3 3 2 3 2 3 1 1 3 2 1 2 3 
1 3 1 2 1 1 3 2 1 3 3 3 1 2 1 1 2 2 2 2 2 2 3 2 1 2 1 2 3 2 3 3 2 3 2 1 3 1 2 2 1 2 2 3 2 3 1 2 2 3 2 3 2 1 2 1 2 3 1 2 2 2 3 2 2 1 1 3 2 3 2 3 1 3 1 1 2 2 2 2 3 2 2 2 3 1 2 3 2 2 2 2 2 2 3 2 1 2 1 3 
5 8 2 4 6 8 10 6 10 5 2 8 5 7 8 8 5 10 8 2 7 8 6 6 10 1 9 1 2 6 7 8 1 2 10 5 9 3 5 5 9 7 6 10 9 4 2 2 5 10 6 2 1 10 1 1 5 9 7 4 5 9 2 4 10 7 7 8 7 1 1 3 4 8 8 3 2 9 5 1 7 1 7 6 3 8 7 4 2 2 7 4 10 3 3 7 9 2 5 5 
4488.54 3991.28 3877.8 3439.01 3710.84 3991.19 3788.16 4338.68 3886.18 4452.16 3915.7 4000.02 4371.69 3948.06 4000.25 4000.32 4315.76 3697.13 3995.09 3562.12 3480.33 4010.37 3858.0 3597.62 3887.56 4245.81 4038.15 4364.39 3671.12 4071.88 3485.57 4010.92 4306.78 3723.83 3786.99 4342.93 3965.01 4558.36 4361.35 4417.89 4150.51 3515.95 4312.58 3618.18 3706.15 3450.09 4042.48 3760.67 4328.43 3711.94 4154.56 3775.8 4296.87 3710.62 4245.6 4479.0 4322.46 4105.39 3970.92 3434.0 4273.22 3943.01 3717.16 3450.71 3953.02 3739.1 3502.47 4009.52 3852.05 4367.72 4390.52 4509.97 3473.7 3989.31 4015.67 4525.23 4032.93 3949.59 4379.77 4269.77 3777.42 4262.37 3476.29 4007.71 4517.96 4013.3 4045.31 3414.39 4116.24 3620.68 3295.84 3429.89 3704.1 4544.94 4492.55 3295.77 3968.56 3750.81 4272.47 4300.54 
0.66 0.42 0.22 0.81 0.46 0.24 0.64 0.69 0.61 0.23 0.22 0.26 0.21 0.09 0.32 0.39 0.18 0.53 0.22 0.23 0.28 0.27 0.74 0.77 0.64 0.57 0.96 0.69 0.21 0.4 0.2 0.3 0.58 0.23 0.53 0.28 0.97 0.36 0.21 0.53 0.97 0.16 0.47 0.54 0.92 0.75 0.23 0.22 0.27 0.65 0.8 0.21 0.82 0.62 0.7 0.61 0.28 0.92 0.1 0.65 0.32 0.93 0.18 0.69 0.57 0.25 0.19 0.24 0.17 0.63 0.8 0.3 0.9 0.25 0.39 0.45 0.18 0.96 0.25 0.85 0.16 0.62 0.16 0.81 0.36 0.26 0.22 0.61 0.23 0.18 0.18 0.69 0.69 0.46 0.43 0.11 0.96 0.18 0.4 0.32 
0.53 0.85 0.81 0.67 0.61 0.87 0.68 0.59 0.63 0.58 0.68 1.0 0.61 0.74 0.55 0.57 0.91 0.81 0.7 0.64 1.0 0.9 1.0 0.71 0.74 0.87 0.61 0.89 0.71 0.96 0.71 0.99 0.65 0.98 0.83 0.97 0.93 0.65 0.95 0.95 0.67 0.89 0.96 0.96 1.0 0.54 0.98 0.62 0.85 0.81 1.0 1.0 0.74 0.87 1.0 0.92 0.65 0.74 0.87 0.97 0.62 0.52 0.69 1.0 1.0 0.58 0.76 0.62 0.69 0.9 0.91 0.63 0.99 0.55 0.96 0.94 0.91 0.71 0.76 0.97 0.78 0.58 1.0 0.69 0.94 0.57 0.84 0.54 0.77 0.85 0.53 0.9 0.52 0.77 0.85 0.71 1.0 0.83 0.97 0.79 
0.71 0.64 0.57 0.73 1.0 0.53 0.73 1.0 1.0 1.0 0.51 0.54 0.92 0.59 0.61 0.96 0.56 0.65 1.0 0.52 0.51 0.75 0.5 0.85 0.97 0.97 0.61 1.0 1.0 0.91 0.89 0.52 1.0 1.0 0.83 0.89 0.65 1.0 0.65 0.89 0.55 0.76 1.0 1.0 0.91 1.0 0.92 0.82 0.6 1.0 1.0 0.81 0.58 0.62 1.0 0.7 0.85 0.75 1.0 0.74 0.98 0.75 0.99 0.66 0.59 0.91 0.91 0.67 0.71 0.91 0.82 0.91 0.52 0.65 0.76 1.0 0.53 0.66 0.53 0.7 0.9 0.64 1.0 1.0 0.74 0.57 0.85 1.0 0.96 0.75 0.9 1.0 0.88 0.51 0.68 0.69 0.84 0.91 1.0 0.58 
1.0 0.51 0.56 0.69 0.81 0.76 0.8 0.66 1.0 0.86 1.0 0.6 0.68 0.87 0.99 1.0 0.69 0.73 0.95 0.66 1.0 0.53 1.0 0.95 0.51 0.66 1.0 0.53 0.71 1.0 1.0 0.69 1.0 0.62 0.9 0.54 0.52 0.67 0.8 1.0 0.54 1.0 0.78 0.84 0.89 0.53 0.82 0.96 0.9 0.52 1.0 0.84 0.92 0.76 0.66 0.86 0.95 0.59 0.94 1.0 0.59 0.61 1.0 0.76 1.0 0.75 0.96 0.81 0.51 0.71 0.82 0.51 0.76 0.78 0.55 0.87 0.53 0.61 0.74 0.96 0.78 0.53 0.64 0.75 0.77 0.98 0.72 0.83 1.0 0.52 0.7 0.64 0.68 0.79 1.0 0.61 0.84 0.86 0.67 1.0 
0.51 0.58 0.64 0.92 1.0 0.6 0.71 0.87 0.51 0.93 1.0 0.8 1.0 0.72 0.55 0.73 0.8 1.0 0.56 0.57 1.0 0.89 0.85 0.83 0.76 0.6 1.0 0.71 0.84 0.65 1.0 1.0 0.85 0.69 0.77 0.91 1.0 0.53 0.88 0.61 1.0 0.73 1.0 0.89 0.53 0.91 0.52 0.67 1.0 0.52 0.72 1.0 0.81 0.59 0.78 0.64 1.0 1.0 0.6 1.0 0.88 0.62 0.95 0.77 0.99 0.75 0.79 1.0 0.67 0.5 0.53 0.97 0.99 0.84 1.0 0.87 0.85 0.79 0.81 0.81 0.71 0.91 0.51 0.98 1.0 0.75 0.68 0.85 0.62 0.97 0.59 0.74 0.71 0.83 0.66 0.77 1.0 1.0 1.0 0.71 
0.75 0.7 0.69 0.94 1.0 0.72 0.78 0.76 0.97 0.61 0.56 0.92 0.82 0.66 0.54 0.58 0.72 1.0 0.7 0.93 1.0 0.6 0.73 0.53 1.0 0.98 0.5 0.97 0.95 0.97 1.0 0.99 0.57 0.7 1.0 1.0 0.73 1.0 0.64 1.0 0.79 0.81 0.91 0.8 1.0 0.76 0.94 0.81 0.6 0.7 0.86 0.56 1.0 1.0 0.76 1.0 0.85 0.52 1.0 0.72 0.76 0.66 0.9 0.5 0.85 0.53 0.58 1.0 0.57 0.84 0.55 0.74 0.85 0.6 0.62 0.53 1.0 0.92 1.0 1.0 0.78 0.89 0.67 1.0 0.59 0.6 0.77 0.82 0.64 0.69 0.99 0.81 1.0 0.53 0.97 1.0 0.94 0.93 0.51 0.56 
0.14 0.11 0.11 0.29 0.49 0.15 0.22 0.26 0.31 0.29 0.2 0.24 0.32 0.18 0.1 0.23 0.2 0.39 0.26 0.12 0.51 0.19 0.31 0.25 0.28 0.33 0.19 0.32 0.4 0.55 0.63 0.35 0.31 0.29 0.47 0.42 0.23 0.23 0.28 0.51 0.16 0.4 0.68 0.58 0.43 0.2 0.36 0.26 0.27 0.15 0.62 0.38 0.32 0.24 0.39 0.36 0.44 0.17 0.5 0.52 0.24 0.1 0.58 0.19 0.5 0.16 0.31 0.34 0.1 0.24 0.18 0.21 0.33 0.14 0.25 0.38 0.22 0.21 0.24 0.53 0.3 0.16 0.22 0.5 0.31 0.14 0.27 0.31 0.3 0.23 0.2 0.34 0.22 0.14 0.37 0.23 0.66 0.61 0.33 0.18 
664.46 731.0 640.08 1190.93 695.26 869.36 1324.45 760.93 1384.1 437.73 658.39 707.54 524.25 717.07 781.52 734.35 533.43 978.51 514.64 609.29 1480.43 678.1 885.83 689.25 1235.05 968.5 2071.81 1117.71 791.86 723.66 891.66 620.74 835.7 551.3 1316.0 674.98 2122.52 2071.48 843.12 483.64 2203.13 1076.91 812.84 1347.43 2228.07 1145.97 651.25 474.95 830.01 1155.83 957.11 651.35 820.13 1360.07 836.46 896.23 535.19 2166.96 1180.71 982.84 644.11 2219.78 528.98 1062.45 980.97 1342.77 942.98 564.44 1012.04 749.84 984.84 1535.1 1354.58 438.8 817.22 1924.51 428.34 2194.11 563.1 1081.89 1072.3 883.04 1283.97 1073.23 1849.19 632.27 1397.56 1153.7 587.14 591.96 958.37 1317.41 1152.03 1830.23 2198.36 944.08 2296.27 755.73 635.71 565.81 
94.19 88.19 60.49 357.47 343.29 99.29 358.23 206.62 440.03 102.55 142.72 139.21 152.67 138.25 82.75 153.68 78.61 396.87 111.35 64.22 721.66 128.13 296.16 157.11 375.98 348.22 380.3 362.31 322.67 408.79 621.42 204.74 230.83 139.87 595.4 314.51 407.4 413.93 267.46 243.71 255.05 431.93 590.16 809.53 762.39 221.4 202.14 128.31 209.37 127.85 604.68 220.51 301.79 327.95 336.22 283.32 254.15 370.89 638.13 516.32 156.95 227.39 331.48 223.55 488.34 174.91 263.81 189.51 109.23 194.12 159.92 277.56 445.05 57.54 228.15 739.22 78.72 490.71 130.27 529.72 361.06 144.94 317.19 549.63 573.84 85.87 432.4 333.42 170.03 139.68 202.59 488.24 222.82 276.99 870.99 267.44 1486.39 413.93 240.52 101.75 
2822.3 3155.0 2700.42 5454.65 2976.29 3846.8 6122.25 3304.63 6420.48 1688.67 2791.93 3037.72 2121.24 3085.34 3407.6 3171.76 2167.17 4392.56 2073.18 2546.46 6902.16 2890.52 3929.14 2946.26 5675.26 4342.5 9859.05 5088.53 3459.31 3118.28 3958.29 2603.69 3678.49 2256.49 6080.0 2874.88 10112.62 9857.42 3715.6 1918.22 10515.67 4884.57 3564.18 6237.17 10640.34 5229.87 2756.24 1874.76 3650.05 5279.14 4285.56 2756.75 3600.64 6300.33 3682.28 3981.17 2175.95 10334.8 5403.55 4414.19 2720.55 10598.92 2144.9 4812.23 4404.83 6213.84 4214.9 2322.21 4560.19 3249.21 4424.2 7175.49 6272.91 1693.98 3586.08 9122.56 1641.68 10470.54 2315.51 4909.45 4861.49 3915.18 5919.86 4866.14 8745.93 2661.36 6487.82 5268.48 2435.69 2459.81 4291.84 6087.03 5260.16 8651.14 10491.79 4220.42 10981.33 3278.66 2678.55 2329.05 
-29.04 -59.04 -197.55 1287.36 1216.47 -3.53 1291.13 533.09 1700.15 12.77 213.59 196.07 263.36 191.26 -86.24 268.39 -106.94 1484.37 56.73 -178.88 3108.29 140.65 980.82 285.54 1379.92 1241.1 1401.51 1311.55 1113.35 1543.95 2607.09 523.7 654.16 199.36 2476.98 1072.56 1537.01 1569.65 837.32 718.57 775.26 1659.67 2450.79 3547.65 3311.95 606.98 510.71 141.57 546.83 139.25 2523.39 602.54 1008.95 1139.74 1181.08 916.61 770.75 1354.44 2690.63 2081.61 284.76 636.93 1157.41 617.76 1941.72 374.57 819.06 447.56 46.15 470.61 299.61 887.82 1725.27 -212.31 640.74 3196.1 -106.39 1953.56 151.33 2148.6 1305.31 224.71 1085.93 2248.13 2369.18 -70.66 1662.02 1167.09 350.15 198.38 512.97 1941.2 614.08 884.97 3854.94 837.19 6931.93 1569.65 702.6 8.73 
134.66 79.83 116.33 68.78 111.33 119.74 151.53 86.77 116.59 89.04 78.31 160.0 131.15 78.96 120.01 120.01 129.47 73.94 79.9 106.86 69.61 120.31 154.32 107.93 116.63 127.37 121.14 130.93 146.84 122.16 69.71 160.44 129.2 148.95 75.74 130.29 79.3 136.75 130.84 88.36 124.52 70.32 86.25 144.73 74.12 69.0 121.27 150.43 86.57 148.48 124.64 75.52 85.94 111.32 169.82 134.37 129.67 164.22 119.13 137.36 170.93 78.86 148.69 103.52 79.06 112.17 105.07 160.38 115.56 87.35 131.72 90.2 104.21 159.57 120.47 135.76 80.66 118.49 87.6 128.09 151.1 127.87 104.29 120.23 180.72 120.4 80.91 136.58 164.65 108.62 131.83 102.9 148.16 90.9 89.85 131.83 119.06 75.02 128.17 172.02 
179 79 155 68 148 159 227 86 155 89 78 240 174 78 160 160 172 73 79 142 69 160 231 143 155 169 161 174 220 162 69 240 172 223 75 173 79 182 174 88 166 70 86 217 74 69 161 225 86 222 166 75 85 148 254 179 172 246 158 206 256 78 223 138 79 149 140 240 154 87 175 90 138 239 160 181 80 157 87 170 226 170 139 160 271 160 80 204 246 144 197 137 222 90 89 197 158 75 170 258 
387 1669 1149 1647 224 1 600 55 386 844 1217 821 1295 700 1023 897 1618 1038 1355 765 1552 1306 570 764 1582 317 787 1102 1591 147 222 1414 1647 238 699 425 1014 321 683 288 1005 1312 522 788 369 1455 467 1606 1203 339 1249 277 1372 35 1303 792 218 250 1037 173 944 1554 499 895 1474 910 1192 538 1169 1332 105 1625 747 200 448 705 796 332 1617 1112 1466 1546 183 1112 1440 818 227 1268 1193 1659 762 1117 842 315 474 1365 1090 1552 403 1055 
863 1680 1625 1680 1194 724 1680 994 1680 1680 1570 1050 1680 1577 1680 1680 1680 1680 1680 1680 1680 1680 768 1148 1680 1287 1325 1680 1680 963 1130 1680 1680 406 1391 1680 1680 1680 1036 1680 1680 1680 1680 1295 1680 1680 881 1680 1432 1680 1680 1680 1680 1036 1680 1680 1188 1590 1667 495 1680 1680 1680 1680 1680 1386 1680 1014 1680 1680 643 1680 1680 830 1264 1243 1180 1680 1680 1403 1664 1680 1680 1619 1680 1680 580 1528 1680 1680 930 1680 1472 637 1680 1625 1659 1680 1680 1680 
2
0.0 0.0 
100.0 0.0 
0 100 91 67 99 84 96 79 63 93 76 62 82 60 101 63 29 82 92 111 73 70 84 66 51 60 49 67 75 61 78 104 32 44 103 71 86 70 78 77 92 50 116 64 90 57 104 70 75 115 17 68 61 22 91 67 99 68 75 45 72 97 94 80 48 76 90 72 112 52 98 58 53 26 46 42 46 80 45 79 35 102 52 66 101 67 91 44 102 96 116 69 101 89 100 90 23 99 93 26 81 87 
100 0 30 40 73 114 75 107 62 103 42 44 26 65 83 38 90 31 66 93 27 89 118 87 82 79 64 84 115 76 53 61 71 94 60 53 108 106 28 114 56 50 74 35 112 75 91 38 106 94 85 53 86 84 97 47 123 47 85 85 109 110 116 21 85 69 107 40 68 72 66 45 94 82 72 97 72 35 55 64 65 59 78 100 51 77 41 66 96 41 93 94 122 56 114 106 90 126 81 74 34 41 
91 30 0 24 43 86 45 79 38 74 17 29 11 41 52 31 74 8 36 62 26 62 90 61 60 54 45 58 88 51 25 32 59 74 30 27 79 80 15 87 25 42 46 35 83 51 60 21 79 64 74 28 61 71 67 25 94 25 56 65 83 80 87 20 63 41 78 19 40 50 36 32 71 68 53 77 52 11 47 35 57 29 55 74 22 51 11 50 66 12 63 68 93 25 84 76 76 97 51 64 10 10 
67 40 24 0 49 76 49 69 23 69 12 4 16 25 57 12 51 15 40 68 16 51 79 48 42 39 23 46 75 37 22 45 34 54 44 17 71 66 12 75 33 18 60 18 76 34 63 3 67 71 50 16 46 47 63 8 87 9 48 45 70 76 80 19 44 34 72 7 54 31 44 8 53 44 32 57 31 13 23 31 33 43 37 60 38 39 26 27 67 30 71 56 87 32 80 70 52 90 51 40 14 23 
99 73 43 49 0 54 4 49 36 36 37 50 50 39 10 61 73 44 8 19 62 39 58 40 50 41 51 37 61 39 27 15 69 63 15 32 45 54 51 58 17 64 17 67 48 42 17 47 50 22 82 35 44 77 30 41 56 40 30 57 56 42 51 59 54 23 43 42 16 46 6 55 56 73 53 67 53 41 66 21 75 16 48 50 24 34 31 56 24 31 22 43 55 18 45 41 77 61 12 77 42 33 
84 114 86 76 54 0 49 7 53 19 71 73 87 51 47 85 56 82 55 48 92 24 4 28 40 37 59 30 11 39 61 68 68 40 68 60 8 13 86 8 64 79 69 91 8 42 42 77 9 51 73 61 31 67 24 68 15 67 29 43 12 18 10 94 40 45 12 73 70 48 59 76 32 63 52 42 53 78 78 50 79 69 43 18 75 37 76 60 36 79 54 20 17 62 19 14 61 15 41 75 79 75 
96 75 45 49 4 49 0 45 34 32 38 49 51 36 8 61 69 46 9 18 62 34 54 36 47 38 49 33 56 36 26 18 66 59 19 32 41 50 52 54 19 63 21 67 44 39 15 47 46 22 80 34 40 74 26 41 53 40 26 54 52 38 47 60 51 20 39 42 21 43 9 54 52 70 50 63 50 42 65 19 73 20 45 46 27 30 33 54 21 34 22 39 51 19 41 37 74 57 8 74 43 34 
79 107 79 69 49 7 45 0 46 18 64 66 80 44 43 78 51 76 49 45 85 17 10 21 33 30 52 23 11 32 54 63 62 35 63 53 7 9 79 9 58 72 65 84 10 35 39 70 3 49 67 54 24 61 21 61 20 60 22 37 9 19 14 87 34 38 12 66 66 41 54 69 26 57 45 37 46 71 71 44 73 64 36 12 69 30 70 53 33 72 52 13 22 56 22 13 56 22 36 68 73 69 
63 62 38 23 36 53 34 46 0 47 20 20 35 3 41 33 39 32 28 51 39 28 56 25 22 17 15 22 53 14 15 40 32 36 39 10 48 44 33 52 28 30 52 39 53 13 46 23 44 55 46 9 24 41 42 15 64 14 25 27 47 54 57 41 25 14 49 21 48 13 34 24 33 37 18 39 17 27 31 15 38 39 18 37 39 16 32 19 47 36 56 32 64 26 57 48 43 67 33 40 29 29 
93 103 74 69 36 19 32 18 47 0 61 67 77 46 28 80 64 72 39 28 85 23 23 27 43 36 57 28 29 37 50 51 71 49 51 52 11 27 77 27 49 76 50 86 12 41 22 69 21 31 79 53 32 73 6 60 20 59 22 48 27 6 14 85 45 34 7 65 52 47 42 71 40 69 53 52 54 68 77 39 81 52 44 28 59 32 63 60 16 65 34 23 19 48 10 5 69 24 24 78 69 63 
76 42 17 12 37 71 38 64 20 61 0 15 16 23 46 24 57 11 29 57 24 47 75 44 42 37 28 42 72 34 12 33 43 56 31 10 65 63 15 71 21 29 47 29 70 33 53 10 63 60 58 11 44 55 55 8 81 8 42 47 67 68 74 23 46 27 65 4 42 32 32 20 53 51 35 59 35 7 34 22 44 31 38 58 27 35 15 33 57 20 59 52 80 20 72 63 59 84 41 49 8 11 
62 44 29 4 50 73 49 66 20 67 15 0 21 22 57 12 46 20 41 68 19 48 77 45 38 36 19 43 72 34 23 48 30 50 46 17 69 63 17 72 35 14 62 18 74 31 63 7 64 71 45 15 43 42 62 8 85 9 46 40 67 74 78 23 40 33 70 10 57 27 46 5 49 40 28 52 27 18 19 31 29 45 33 57 42 36 29 22 66 34 72 53 85 34 78 68 47 88 51 35 18 26 
82 26 11 16 50 87 51 80 35 77 16 21 0 38 59 21 68 5 42 70 14 63 91 60 57 53 40 58 88 50 27 41 51 69 40 26 81 79 4 87 32 32 56 23 86 48 67 13 79 72 66 26 60 63 71 20 96 21 58 60 83 84 90 9 59 43 81 14 50 46 44 23 68 61 48 73 47 9 37 38 48 39 52 73 32 51 19 43 71 22 71 68 96 32 88 79 69 100 56 56 8 17 
60 65 41 25 39 51 36 44 3 46 23 22 38 0 43 34 36 35 31 53 41 26 54 23 19 14 12 21 50 12 19 43 29 32 42 14 47 41 36 50 31 29 55 40 51 10 47 26 42 57 43 12 21 38 42 17 63 17 25 24 45 53 56 44 22 16 48 24 51 9 37 25 30 34 14 36 14 30 30 18 36 42 14 35 42 14 35 17 48 40 58 30 63 29 57 47 39 65 35 37 32 32 
101 83 52 57 10 47 8 43 41 28 46 57 59 43 0 69 74 54 17 10 70 36 51 38 51 41 56 36 55 40 34 24 72 62 25 39 38 49 60 52 27 70 22 75 40 44 7 55 44 14 85 42 43 79 22 48 48 47 28 57 51 33 43 69 54 26 35 50 24 49 16 62 54 75 56 66 56 50 72 26 79 26 49 47 34 34 41 60 14 41 15 39 46 27 36 33 78 52 8 80 51 42 
63 38 31 12 61 85 61 78 33 80 24 12 21 34 69 0 52 23 52 80 10 61 88 57 48 48 28 55 84 46 34 57 33 58 55 29 81 75 16 83 45 12 71 6 86 43 75 13 76 83 47 27 55 45 74 20 97 21 58 50 78 87 90 17 50 46 82 19 66 38 56 9 60 44 37 61 36 23 18 43 27 54 44 68 49 49 36 30 78 40 83 65 97 44 91 81 52 100 63 36 23 33 
29 90 74 51 73 56 69 51 39 64 57 46 68 36 74 52 0 66 66 82 63 41 57 37 22 32 28 39 48 33 55 79 20 15 78 49 58 42 64 49 68 40 90 57 61 30 75 54 47 86 17 47 32 12 62 49 71 48 47 16 44 69 65 69 19 49 61 55 87 27 73 45 24 9 21 14 22 63 36 53 31 78 24 38 79 39 71 24 73 75 88 40 73 66 72 61 5 71 65 22 64 68 
82 31 8 15 44 82 46 76 32 72 11 20 5 35 54 23 66 0 36 64 18 58 86 56 53 49 37 53 84 46 22 36 50 67 35 22 76 75 7 83 27 33 51 27 81 45 61 12 74 67 65 22 56 62 66 17 91 18 53 57 78 79 85 15 56 38 76 11 45 43 38 23 65 60 45 70 45 4 38 32 48 34 49 69 27 46 14 41 66 18 66 63 91 26 83 74 67 95 50 56 3 12 
92 66 36 40 8 55 9 49 28 39 29 41 42 31 17 52 66 36 0 28 53 36 59 36 45 36 43 33 60 33 18 14 61 58 14 24 47 52 43 58 10 55 23 58 50 36 24 39 49 30 75 26 39 70 33 32 60 31 28 51 55 45 54 51 48 17 45 33 20 39 6 46 52 65 46 62 45 33 58 13 66 14 42 48 20 29 24 48 30 25 30 41 58 10 49 43 70 64 15 68 34 25 
111 93 62 68 19 48 18 45 51 28 57 68 70 53 10 80 82 64 28 0 81 42 52 45 59 50 66 43 57 49 45 32 82 70 33 50 39 53 71 55 37 81 24 86 40 53 7 66 48 4 94 53 50 89 24 59 45 58 35 66 55 31 42 79 63 37 35 61 28 58 26 73 61 84 65 73 65 61 83 37 90 34 58 52 42 43 51 70 12 51 6 45 43 37 33 33 87 50 18 90 62 52 
73 27 26 16 62 92 62 85 39 85 24 19 14 41 70 10 63 18 53 81 0 67 95 64 57 55 37 62 91 53 36 55 43 68 53 33 87 82 11 91 45 23 70 9 92 50 77 16 83 84 57 32 62 56 79 24 103 25 64 59 86 92 96 7 59 50 88 20 64 47 56 18 69 55 46 71 45 21 28 46 38 52 53 76 46 55 33 39 81 37 84 72 103 44 96 86 63 106 66 47 20 31 
70 89 62 51 39 24 34 17 28 23 47 48 63 26 36 61 41 58 36 42 67 0 28 4 19 13 35 5 25 15 37 51 47 27 50 36 20 17 61 24 43 55 56 67 25 18 35 52 16 47 56 36 9 50 21 43 36 42 8 25 20 29 30 69 22 22 23 49 55 24 42 51 19 45 30 31 30 54 54 28 58 51 20 12 55 12 54 37 32 57 49 5 37 41 33 22 46 39 27 54 55 52 
84 118 90 79 58 4 54 10 56 23 75 77 91 54 51 88 57 86 59 52 95 28 0 31 42 40 61 33 9 42 64 72 70 41 72 64 12 15 89 7 68 82 73 95 11 45 46 80 12 55 74 64 33 69 28 71 15 70 33 45 12 21 12 98 42 48 16 77 74 51 63 79 34 65 54 42 55 82 80 54 82 73 45 20 79 40 80 63 39 83 58 23 17 66 22 18 62 14 45 76 83 79 
66 87 61 48 40 28 36 21 25 27 44 45 60 23 38 57 37 56 36 45 64 4 31 0 15 9 31 2 27 11 35 51 43 24 50 33 24 19 58 27 42 51 57 63 29 14 38 49 19 49 52 33 5 46 25 40 40 39 9 21 22 33 34 67 18 21 27 46 56 20 42 48 16 41 26 28 26 51 50 27 54 51 16 13 55 9 52 33 36 56 51 7 41 41 37 26 42 42 29 50 53 50 
51 82 60 42 50 40 47 33 22 43 42 38 57 19 51 48 22 53 45 59 57 19 42 15 0 9 20 16 36 11 37 59 28 14 58 33 39 27 54 36 48 40 68 54 43 9 53 44 30 64 36 31 10 30 40 36 54 35 24 6 30 48 48 61 3 28 42 42 66 10 51 39 11 25 12 17 13 49 38 32 39 58 4 21 60 16 54 20 51 58 65 20 55 46 52 41 27 55 42 35 51 51 
60 79 54 39 41 37 38 30 17 36 37 36 53 14 41 48 32 49 36 50 55 13 40 9 9 0 21 8 36 3 30 50 34 22 49 27 34 27 50 35 40 41 58 54 39 5 43 40 28 54 44 26 7 38 33 32 50 31 15 16 30 42 43 58 13 19 36 38 56 10 42 38 17 34 16 26 17 44 41 24 44 49 8 21 52 7 47 24 42 51 56 17 51 38 46 35 36 52 33 42 46 45 
49 64 45 23 51 59 49 52 15 57 28 19 40 12 56 28 28 37 43 66 37 35 61 31 20 21 0 30 56 20 29 55 17 30 53 22 56 47 36 56 42 20 67 34 61 16 60 26 49 70 31 19 28 27 53 20 72 20 35 21 50 64 65 42 21 29 58 26 63 10 49 19 31 23 8 33 7 34 19 30 24 53 16 41 52 25 43 4 61 47 71 38 73 40 67 57 30 74 48 25 35 39 
67 84 58 46 37 30 33 23 22 28 42 43 58 21 36 55 39 53 33 43 62 5 33 2 16 8 30 0 30 9 32 48 43 26 47 31 26 21 56 29 39 50 55 61 30 13 36 46 21 48 52 31 7 46 24 38 42 37 8 22 25 33 35 64 19 18 28 43 53 19 39 46 18 42 25 30 26 49 49 24 53 48 16 16 52 7 49 32 34 53 49 10 42 38 37 27 44 44 27 50 50 47 
75 115 88 75 61 11 56 11 53 29 72 72 88 50 55 84 48 84 60 57 91 25 9 27 36 36 56 30 0 38 63 74 63 32 74 61 18 8 86 2 68 76 77 90 19 41 51 76 10 61 66 61 28 60 33 68 24 67 32 37 5 29 21 94 35 47 22 74 77 45 65 74 26 56 48 33 49 79 74 53 74 75 39 15 80 37 79 56 45 82 64 20 27 67 31 24 53 23 48 68 81 78 
61 76 51 37 39 39 36 32 14 37 34 34 50 12 40 46 33 46 33 49 53 15 42 11 11 3 20 9 38 0 27 47 34 25 46 24 36 29 48 38 37 40 56 52 40 4 42 38 30 53 45 23 9 39 33 29 51 28 15 18 33 43 45 56 15 16 37 35 54 10 39 36 20 35 16 29 17 41 39 21 44 47 9 23 49 5 44 23 42 48 55 19 52 35 47 36 38 54 31 42 43 42 
78 53 25 22 27 61 26 54 15 50 12 23 27 19 34 34 55 22 18 45 36 37 64 35 37 30 29 32 63 27 0 26 45 51 24 6 54 54 27 62 13 37 39 40 58 27 41 21 53 48 60 9 36 56 43 14 69 13 31 43 58 57 63 35 41 15 54 16 35 28 22 28 47 52 33 55 33 17 40 10 49 24 33 49 23 26 17 33 45 21 48 42 69 11 60 52 58 73 29 53 19 15 
104 61 32 45 15 68 18 63 40 51 33 48 41 43 24 57 79 36 14 32 55 51 72 51 59 50 55 48 74 47 26 0 72 72 1 33 60 67 44 72 12 62 14 62 63 49 32 43 64 33 86 36 54 82 45 39 71 39 42 65 70 57 66 51 62 31 58 38 9 52 9 53 66 78 58 76 58 34 66 26 75 2 55 63 10 43 22 59 39 20 32 55 70 14 60 55 83 76 27 79 35 24 
32 71 59 34 69 68 66 62 32 71 43 30 51 29 72 33 20 50 61 82 43 47 70 43 28 34 17 43 63 34 45 72 0 31 70 39 67 55 46 63 59 20 84 36 72 30 76 37 59 86 15 36 38 12 67 35 82 35 50 25 58 77 76 50 27 46 70 40 80 24 67 27 36 11 17 32 17 47 15 47 11 70 26 49 68 40 58 12 76 63 88 49 84 57 80 69 19 84 64 7 48 55 
44 94 74 54 63 40 59 35 36 49 56 50 69 32 62 58 15 67 58 70 68 27 41 24 14 22 30 26 32 25 51 72 31 0 72 46 42 26 66 34 62 48 81 64 46 23 63 56 31 74 33 45 19 27 48 49 55 48 34 9 28 53 50 73 10 41 46 55 79 23 64 50 8 23 22 3 22 63 45 46 43 72 18 22 74 29 68 28 60 72 76 26 57 60 56 46 21 55 54 36 64 65 
103 60 30 44 15 68 19 63 39 51 31 46 40 42 25 55 78 35 14 33 53 50 72 50 58 49 53 47 74 46 24 1 70 72 0 31 60 67 42 72 11 61 16 60 63 49 33 41 64 34 85 34 54 80 45 38 72 37 42 64 70 57 66 49 62 30 58 36 10 51 9 51 66 76 57 75 57 32 64 25 74 1 55 63 9 42 20 58 39 18 33 55 70 13 60 56 82 76 27 78 33 22 
71 53 27 17 32 60 32 53 10 52 10 17 26 14 39 29 49 22 24 50 33 36 64 33 33 27 22 31 61 24 6 33 39 46 31 0 55 53 25 61 20 31 46 36 59 23 45 17 52 54 54 3 34 49 46 9 70 8 31 38 56 58 63 34 36 17 55 13 41 23 29 22 43 46 27 50 27 17 34 13 42 31 28 47 29 24 21 27 49 26 54 41 70 18 62 53 52 73 33 46 19 18 
86 108 79 71 45 8 41 7 48 11 65 69 81 47 38 81 58 76 47 39 87 20 12 24 39 34 56 26 18 36 54 60 67 42 60 55 0 17 80 15 56 76 60 87 4 39 33 71 11 43 74 55 28 68 15 63 16 62 23 43 17 11 9 89 40 38 4 68 62 45 51 72 33 64 50 44 51 72 75 44 78 61 41 19 67 32 69 58 27 71 45 18 16 55 14 5 63 18 33 74 73 68 
70 106 80 66 54 13 50 9 44 27 63 63 79 41 49 75 42 75 52 53 82 17 15 19 27 27 47 21 8 29 54 67 55 26 67 53 17 0 77 8 60 67 71 81 20 32 46 67 5 57 59 52 20 53 28 59 28 58 24 29 3 29 23 85 27 39 21 65 71 36 58 65 18 49 40 28 40 71 66 45 66 67 31 6 72 28 71 48 41 74 60 12 31 59 31 22 47 29 42 61 72 69 
78 28 15 12 51 86 52 79 33 77 15 17 4 36 60 16 64 7 43 71 11 61 89 58 54 50 36 56 86 48 27 44 46 66 42 25 80 77 0 85 34 27 59 19 85 46 68 10 77 74 61 25 57 59 71 18 96 19 57 57 81 84 89 8 56 42 80 12 53 43 46 19 65 57 44 69 44 10 32 37 43 41 49 71 35 49 22 39 72 26 73 66 95 33 87 79 64 99 56 51 9 20 
77 114 87 75 58 8 54 9 52 27 71 72 87 50 52 83 49 83 58 55 91 24 7 27 36 35 56 29 2 38 62 72 63 34 72 61 15 8 85 0 67 76 75 89 16 40 49 76 8 59 67 60 28 61 30 67 22 66 31 38 5 27 18 94 36 46 20 73 75 45 63 74 26 57 48 35 49 78 74 52 75 73 39 14 78 36 78 56 43 81 61 19 25 65 28 21 55 22 46 69 80 77 
92 56 25 33 17 64 19 58 28 49 21 35 32 31 27 45 68 27 10 37 45 43 68 42 48 40 42 39 68 37 13 12 59 62 11 20 56 60 34 67 0 50 26 51 60 39 34 31 58 39 74 23 45 69 43 27 70 26 36 54 63 56 63 42 52 21 55 26 21 41 11 41 57 65 46 66 46 24 54 16 63 10 44 55 12 34 14 47 40 15 39 48 68 2 59 53 71 74 25 67 25 15 
50 50 42 18 64 79 63 72 30 76 29 14 32 29 70 12 40 33 55 81 23 55 82 51 40 41 20 50 76 40 37 62 20 48 61 31 76 67 27 76 50 0 76 16 80 36 75 21 69 84 34 28 48 33 72 23 92 23 54 40 70 83 85 30 41 44 77 25 71 31 60 9 51 31 27 50 27 32 5 43 15 60 36 61 56 44 44 19 77 49 85 58 92 48 87 76 40 94 63 23 32 41 
116 74 46 60 17 69 21 65 52 50 47 62 56 55 22 71 90 51 23 24 70 56 73 57 68 58 67 55 77 56 39 14 84 81 16 46 60 71 59 75 26 76 0 76 62 59 28 57 66 24 98 49 61 93 45 53 69 52 48 74 73 55 65 65 71 40 57 52 5 63 17 67 74 89 69 85 69 49 80 36 89 17 65 68 24 51 36 72 35 34 22 60 67 27 57 55 94 74 29 92 49 39 
64 35 35 18 67 91 67 84 39 86 29 18 23 40 75 6 57 27 58 86 9 67 95 63 54 54 34 61 90 52 40 62 36 64 60 36 87 81 19 89 51 16 76 0 92 49 81 19 82 89 49 34 61 48 81 26 103 27 65 55 84 93 97 17 56 52 89 24 71 44 62 15 65 48 42 66 41 28 20 49 29 59 50 75 54 55 41 35 85 45 89 71 104 50 97 87 56 106 69 38 27 38 
90 112 83 76 48 8 44 10 53 12 70 74 86 51 40 86 61 81 50 40 92 25 11 29 43 39 61 30 19 40 58 63 72 46 63 59 4 20 85 16 60 80 62 92 0 44 35 76 14 44 78 60 33 72 18 67 11 66 27 47 19 10 4 93 44 43 5 72 64 50 54 77 37 68 55 48 55 76 80 48 83 64 45 23 71 37 73 63 28 75 46 22 12 59 11 7 67 14 36 79 78 72 
57 75 51 34 42 42 39 35 13 41 33 31 48 10 44 43 30 45 36 53 50 18 45 14 9 5 16 13 41 4 27 49 30 23 49 23 39 32 46 40 39 36 59 49 44 0 46 36 33 57 41 22 12 35 37 28 55 27 20 15 35 47 49 54 13 19 41 34 57 6 42 33 19 31 12 27 12 41 35 23 39 49 5 25 50 10 44 19 46 49 59 22 56 37 51 40 34 57 35 38 42 42 
104 91 60 63 17 42 15 39 46 22 53 63 67 47 7 75 75 61 24 7 77 35 46 38 53 43 60 36 51 42 41 32 76 63 33 45 33 46 68 49 34 75 28 81 35 46 0 62 41 11 88 48 43 82 18 55 41 54 28 59 48 27 37 76 56 31 30 57 30 52 24 68 54 78 59 66 59 57 77 32 84 34 52 45 42 36 49 64 7 49 13 38 39 34 29 28 80 46 12 84 58 50 
70 38 21 3 47 77 47 70 23 69 10 7 13 26 55 13 54 12 39 66 16 52 80 49 44 40 26 46 76 38 21 43 37 56 41 17 71 67 10 76 31 21 57 19 76 36 62 0 68 69 52 16 48 50 63 8 87 9 48 47 71 76 80 17 46 34 72 5 52 33 42 11 55 47 34 59 33 10 25 30 36 41 39 61 36 40 23 29 66 28 69 56 87 30 80 70 55 90 50 43 11 20 
75 106 79 67 50 9 46 3 44 21 63 64 79 42 44 76 47 74 49 48 83 16 12 19 30 28 49 21 10 30 53 64 59 31 64 52 11 5 77 8 58 69 66 82 14 33 41 68 0 52 64 52 21 58 23 59 24 58 22 33 6 23 18 86 31 37 15 65 67 38 54 67 23 54 42 33 43 70 68 43 70 64 33 9 70 28 69 50 36 72 54 11 26 56 25 16 52 25 38 65 71 68 
115 94 64 71 22 51 22 49 55 31 60 71 72 57 14 83 86 67 30 4 84 47 55 49 64 54 70 48 61 53 48 33 86 74 34 54 43 57 74 59 39 84 24 89 44 57 11 69 52 0 99 56 55 93 28 63 48 62 40 70 58 34 45 82 67 40 39 64 28 63 28 76 66 88 69 78 70 63 87 40 94 35 62 56 44 47 53 74 15 52 2 49 45 40 35 37 91 53 22 94 64 55 
17 85 74 50 82 73 80 67 46 79 58 45 66 43 85 47 17 65 75 94 57 56 74 52 36 44 31 52 66 45 60 86 15 33 85 54 74 59 61 67 74 34 98 49 78 41 88 52 64 99 0 51 46 5 77 50 88 50 60 31 61 84 82 64 34 59 77 55 95 36 81 42 41 10 29 32 29 63 29 61 20 85 36 54 84 51 73 26 87 78 100 56 90 72 88 77 12 88 76 10 64 70 
68 53 28 16 35 61 34 54 9 53 11 15 26 12 42 27 47 22 26 53 32 36 64 33 31 26 19 31 61 23 9 36 36 45 34 3 55 52 25 60 23 28 49 34 60 22 48 16 52 56 51 0 33 47 47 7 71 6 32 36 56 60 64 33 34 18 56 12 44 21 32 20 42 43 25 48 25 18 31 15 39 34 27 46 32 24 23 24 51 28 57 41 71 21 63 54 49 74 36 43 19 20 
61 86 61 46 44 31 40 24 24 32 44 43 60 21 43 55 32 56 39 50 62 9 33 5 10 7 28 7 28 9 36 54 38 19 54 34 28 20 57 28 45 48 61 61 33 12 43 48 21 55 46 33 0 41 30 39 44 38 14 16 23 38 38 65 12 23 31 45 60 17 46 45 12 36 21 23 22 51 47 29 49 54 12 13 57 11 53 29 41 57 56 10 45 43 41 31 37 46 34 46 53 51 
22 84 71 47 77 67 74 61 41 73 55 42 63 38 79 45 12 62 70 89 56 50 69 46 30 38 27 46 60 39 56 82 12 27 80 49 68 53 59 61 69 33 93 48 72 35 82 50 58 93 5 47 41 0 71 46 82 46 54 25 56 78 76 63 28 53 71 52 90 30 76 39 35 4 24 27 24 60 28 56 20 80 30 49 79 45 70 22 81 74 94 50 84 67 82 71 8 83 71 11 61 66 
91 97 67 63 30 24 26 21 42 6 55 62 71 42 22 74 62 66 33 24 79 21 28 25 40 33 53 24 33 33 43 45 67 48 45 46 15 28 71 30 43 72 45 81 18 37 18 63 23 28 77 47 30 71 0 55 26 54 17 46 30 13 21 79 43 29 12 59 46 43 36 66 39 66 49 51 50 61 72 33 77 46 41 28 53 27 57 56 12 58 31 22 25 42 16 10 68 31 18 75 63 56 
67 47 25 8 41 68 41 61 15 60 8 8 20 17 48 20 49 17 32 59 24 43 71 40 36 32 20 38 68 29 14 39 35 49 38 9 63 59 18 67 27 23 53 26 67 28 55 8 59 63 50 7 39 46 55 0 78 0 39 40 62 67 72 26 39 25 63 6 48 25 37 13 47 43 28 52 27 14 26 22 36 37 31 53 34 31 23 24 58 28 63 48 78 25 71 62 50 81 43 41 15 19 
99 123 94 87 56 15 53 20 64 20 81 85 96 63 48 97 71 91 60 45 103 36 15 40 54 50 72 42 24 51 69 71 82 55 72 70 16 28 96 22 70 92 69 103 11 55 41 87 24 48 88 71 44 82 26 78 0 77 38 58 27 14 6 104 55 53 15 83 72 61 63 88 47 78 66 57 66 87 91 58 94 73 56 33 80 48 83 74 34 85 51 33 3 69 12 17 76 4 44 89 88 83 
68 47 25 9 40 67 40 60 14 59 8 9 21 17 47 21 48 18 31 58 25 42 70 39 35 31 20 37 67 28 13 39 35 48 37 8 62 58 19 66 26 23 52 27 66 27 54 9 58 62 50 6 38 46 54 0 77 0 38 39 62 66 71 27 38 25 62 7 48 25 36 14 46 43 27 52 27 14 27 22 37 36 31 52 34 30 23 24 57 27 62 47 77 24 70 61 50 80 42 42 15 19 
75 85 56 48 30 29 26 22 25 22 42 46 58 25 28 58 47 53 28 35 64 8 33 9 24 15 35 8 32 15 31 42 50 34 42 31 23 24 57 31 36 54 48 65 27 20 28 48 22 40 60 32 14 54 17 39 38 38 0 30 27 28 32 65 27 15 23 45 47 26 33 49 26 50 32 38 32 49 55 21 59 43 24 20 47 10 47 39 27 50 41 13 39 34 32 22 52 42 19 58 50 46 
45 85 65 45 57 43 54 37 27 48 47 40 60 24 57 50 16 57 51 66 59 25 45 21 6 16 21 22 37 18 43 65 25 9 64 38 43 29 57 38 54 40 74 55 47 15 59 47 33 70 31 36 16 25 46 40 58 39 30 0 32 53 51 64 3 34 46 46 72 14 58 41 11 20 13 12 13 54 37 39 37 64 9 24 66 23 59 20 57 64 72 25 59 52 57 46 21 58 49 31 55 57 
72 109 83 70 56 12 52 9 47 27 67 67 83 45 51 78 44 78 55 55 86 20 12 22 30 30 50 25 5 33 58 70 58 28 70 56 17 3 81 5 63 70 73 84 19 35 48 71 6 58 61 56 23 56 30 62 27 62 27 32 0 29 22 89 30 42 21 68 73 40 61 69 21 52 43 30 44 74 69 48 69 70 34 9 75 32 74 51 43 77 61 15 29 62 31 22 50 27 44 64 75 73 
97 110 80 76 42 18 38 19 54 6 68 74 84 53 33 87 69 79 45 31 92 29 21 33 48 42 64 33 29 43 57 57 77 53 57 58 11 29 84 27 56 83 55 93 10 47 27 76 23 34 84 60 38 78 13 67 14 66 28 53 29 0 10 92 50 41 7 72 57 53 48 78 44 74 59 56 59 74 83 46 87 58 50 31 66 38 70 66 19 71 37 28 13 55 3 7 74 19 30 84 76 69 
94 116 87 80 51 10 47 14 57 14 74 78 90 56 43 90 65 85 54 42 96 30 12 34 48 43 65 35 21 45 63 66 76 50 66 63 9 23 89 18 63 85 65 97 4 49 37 80 18 45 82 64 38 76 21 72 6 71 32 51 22 10 0 98 49 47 8 77 67 54 57 81 41 72 59 52 60 80 84 52 87 67 50 27 74 41 77 67 30 79 47 27 7 62 10 10 71 10 39 83 82 76 
80 21 20 19 59 94 60 87 41 85 23 23 9 44 69 17 69 15 51 79 7 69 98 67 61 58 42 64 94 56 35 51 50 73 49 34 89 85 8 94 42 30 65 17 93 54 76 17 86 82 64 33 65 63 79 26 104 27 65 64 89 92 98 0 63 50 89 20 60 51 53 24 73 61 51 76 50 18 35 46 45 48 57 79 41 57 29 45 80 32 81 74 104 41 96 87 69 108 65 54 17 27 
48 85 63 44 54 40 51 34 25 45 46 40 59 22 54 50 19 56 48 63 59 22 42 18 3 13 21 19 35 15 41 62 27 10 62 36 40 27 56 36 52 41 71 56 44 13 56 46 31 67 34 34 12 28 43 39 55 38 27 3 30 50 49 63 0 31 43 45 69 13 55 41 9 23 13 14 14 52 38 36 39 62 7 22 64 20 57 21 54 62 69 22 56 50 54 43 24 56 46 34 54 55 
76 69 41 34 23 45 20 38 14 34 27 33 43 16 26 46 49 38 17 37 50 22 48 21 28 19 29 18 47 16 15 31 46 41 30 17 38 39 42 46 21 44 40 52 43 19 31 34 37 40 59 18 23 53 29 25 53 25 15 34 42 41 47 50 31 0 38 30 38 23 23 37 35 49 29 45 29 33 46 6 53 30 25 34 33 12 31 33 33 35 41 27 53 20 45 36 53 57 19 54 35 30 
90 107 78 72 43 12 39 12 49 7 65 70 81 48 35 82 61 76 45 35 88 23 16 27 42 36 58 28 22 37 54 58 70 46 58 55 4 21 80 20 55 77 57 89 5 41 30 72 15 39 77 56 31 71 12 63 15 62 23 46 21 7 8 89 43 38 0 68 59 47 48 73 37 67 53 48 53 72 77 43 81 59 43 23 65 33 68 60 23 70 41 21 15 54 10 2 67 19 30 77 73 67 
72 40 19 7 42 73 42 66 21 65 4 10 14 24 50 19 55 11 33 61 20 49 77 46 42 38 26 43 74 35 16 38 40 55 36 13 68 65 12 73 26 25 52 24 72 34 57 5 65 64 55 12 45 52 59 6 83 7 45 46 68 72 77 20 45 30 68 0 47 32 37 15 54 49 34 59 33 8 29 26 39 36 38 59 31 36 19 30 61 24 64 54 83 25 75 66 56 87 46 46 8 15 
112 68 40 54 16 70 21 66 48 52 42 57 50 51 24 66 87 45 20 28 64 55 74 56 66 56 63 53 77 54 35 9 80 79 10 41 62 71 53 75 21 71 5 71 64 57 30 52 67 28 95 44 60 90 46 48 72 48 47 72 73 57 67 60 69 38 59 47 0 60 14 62 72 86 66 83 66 43 75 33 84 11 63 67 18 49 30 68 37 28 26 60 70 23 59 57 91 76 29 88 44 33 
52 72 50 31 46 48 43 41 13 47 32 27 46 9 49 38 27 43 39 58 47 24 51 20 10 10 10 19 45 10 28 52 24 23 51 23 45 36 43 45 41 31 63 44 50 6 52 33 38 63 36 21 17 30 43 25 61 25 26 14 40 53 54 51 13 23 47 32 60 0 46 29 22 26 6 27 6 39 30 26 33 51 6 30 52 15 45 13 52 49 64 27 62 39 57 46 30 63 40 32 40 42 
98 66 36 44 6 59 9 54 34 42 32 46 44 37 16 56 73 38 6 26 56 42 63 42 51 42 49 39 65 39 22 9 67 64 9 29 51 58 46 63 11 60 17 62 54 42 24 42 54 28 81 32 46 76 36 37 63 36 33 58 61 48 57 53 55 23 48 37 14 46 0 51 58 72 52 68 52 35 63 19 72 10 48 54 17 35 25 54 31 24 27 46 61 12 51 46 76 67 18 74 36 26 
58 45 32 8 55 76 54 69 24 71 20 5 23 25 62 9 45 23 46 73 18 51 79 48 39 38 19 46 74 36 28 53 27 50 51 22 72 65 19 74 41 9 67 15 77 33 68 11 67 76 42 20 45 39 66 13 88 14 49 41 69 78 81 24 41 37 73 15 62 29 51 0 50 37 28 52 27 22 14 35 24 50 35 59 47 39 34 21 70 39 77 55 88 39 82 72 45 90 56 32 22 31 
53 94 71 53 56 32 52 26 33 40 53 49 68 30 54 60 24 65 52 61 69 19 34 16 11 17 31 18 26 20 47 66 36 8 66 43 33 18 65 26 57 51 74 65 37 19 54 55 23 66 41 42 12 35 39 47 47 46 26 11 21 44 41 73 9 35 37 54 72 22 58 50 0 31 23 12 24 60 48 41 48 66 16 13 69 23 64 31 51 68 68 17 49 55 47 37 29 48 46 42 62 62 
26 82 68 44 73 63 70 57 37 69 51 40 61 34 75 44 9 60 65 84 55 45 65 41 25 34 23 42 56 35 52 78 11 23 76 46 64 49 57 57 65 31 89 48 68 31 78 47 54 88 10 43 36 4 66 43 78 43 50 20 52 74 72 61 23 49 67 49 86 26 72 37 31 0 19 23 19 57 27 52 21 76 26 44 76 41 66 18 77 71 90 46 80 63 77 67 8 79 66 12 58 63 
46 72 53 32 53 52 50 45 18 53 35 28 48 14 56 37 21 45 46 65 46 30 54 26 12 16 8 25 48 16 33 58 17 22 57 27 50 40 44 48 46 27 69 42 55 12 59 34 42 69 29 25 21 24 49 28 66 27 32 13 43 59 59 51 13 29 53 34 66 6 52 28 23 19 0 24 0 42 25 32 27 57 9 34 57 22 49 8 58 54 71 32 67 44 63 52 24 67 47 25 43 46 
42 97 77 57 67 42 63 37 39 52 59 52 73 36 66 61 14 70 62 73 71 31 42 28 17 26 33 30 33 29 55 76 32 3 75 50 44 28 69 35 66 50 85 66 48 27 66 59 33 78 32 48 23 27 51 52 57 52 38 12 30 56 52 76 14 45 48 59 83 27 68 52 12 23 24 0 25 66 47 50 44 76 21 24 78 33 72 31 63 76 80 29 59 64 59 48 20 57 57 36 67 69 
46 72 52 31 53 53 50 46 17 54 35 27 47 14 56 36 22 45 45 65 45 30 55 26 13 17 7 26 49 17 33 58 17 22 57 27 51 40 44 49 46 27 69 41 55 12 59 33 43 70 29 25 22 24 50 27 66 27 32 13 44 59 60 50 14 29 53 33 66 6 52 27 24 19 0 25 0 41 25 32 27 57 9 34 57 22 48 7 59 53 71 33 68 44 63 52 25 68 47 25 42 45 
80 35 11 13 41 78 42 71 27 68 7 18 9 30 50 23 63 4 33 61 21 54 82 51 49 44 34 49 79 41 17 34 47 63 32 17 72 71 10 78 24 32 49 28 76 41 57 10 70 63 63 18 51 60 61 14 87 14 49 54 74 74 80 18 52 33 72 8 43 39 35 22 60 57 42 66 41 0 36 28 47 31 45 65 26 42 13 38 62 17 63 59 87 23 78 70 64 91 46 53 1 10 
45 55 47 23 66 78 65 71 31 77 34 19 37 30 72 18 36 38 58 83 28 54 80 50 38 41 19 49 74 39 40 66 15 45 64 34 75 66 32 74 54 5 80 20 80 35 77 25 68 87 29 31 47 28 72 26 91 27 55 37 69 83 84 35 38 46 77 29 75 30 63 14 48 27 25 47 25 36 0 46 10 64 34 59 61 44 49 17 79 53 87 57 92 52 87 76 35 93 65 18 37 45 
79 64 35 31 21 50 19 44 15 39 22 31 38 18 26 43 53 32 13 37 46 28 54 27 32 24 30 24 53 21 10 26 47 46 25 13 44 45 37 52 16 43 36 49 48 23 32 30 43 40 61 15 29 56 33 22 58 22 21 39 48 46 52 46 36 6 43 26 33 26 19 35 41 52 32 50 32 28 46 0 53 25 29 40 28 18 25 35 35 28 41 33 58 14 50 41 57 62 20 55 29 24 
35 65 57 33 75 79 73 73 38 81 44 29 48 36 79 27 31 48 66 90 38 58 82 54 39 44 24 53 74 44 49 75 11 43 74 42 78 66 43 75 63 15 89 29 83 39 84 36 70 94 20 39 49 20 77 36 94 37 59 37 69 87 87 45 39 53 81 39 84 33 72 24 48 21 27 44 27 47 10 53 0 73 37 61 71 49 59 20 85 64 95 60 95 61 91 80 29 95 72 9 47 55 
102 59 29 43 16 69 20 64 39 52 31 45 39 42 26 54 78 34 14 34 52 51 73 51 58 49 53 48 75 47 24 2 70 72 1 31 61 67 41 73 10 60 17 59 64 49 34 41 64 35 85 34 54 80 46 37 73 36 43 64 70 58 67 48 62 30 59 36 11 51 10 50 66 76 57 76 57 31 64 25 73 0 55 63 8 43 19 58 40 17 34 56 71 12 61 57 82 77 28 77 32 21 
52 78 55 37 48 43 45 36 18 44 38 33 52 14 49 44 24 49 42 58 53 20 45 16 4 8 16 16 39 9 33 55 26 18 55 28 41 31 49 39 44 36 65 50 45 5 52 39 33 62 36 27 12 30 41 31 56 31 24 9 34 50 50 57 7 25 43 38 63 6 48 35 16 26 9 21 9 45 34 29 37 55 0 25 56 15 50 17 51 54 64 23 58 42 53 43 29 58 41 34 46 47 
66 100 74 60 50 18 46 12 37 28 58 57 73 35 47 68 38 69 48 52 76 12 20 13 21 21 41 16 15 23 49 63 49 22 63 47 19 6 71 14 55 61 68 75 23 25 45 61 9 56 54 46 13 49 28 53 33 52 20 24 9 31 27 79 22 34 23 59 67 30 54 59 13 44 34 24 34 65 59 40 61 63 25 0 68 23 66 42 41 69 58 7 35 54 34 24 43 34 39 56 66 64 
101 51 22 38 24 75 27 69 39 59 27 42 32 42 34 49 79 27 20 42 46 55 79 55 60 52 52 52 80 49 23 10 68 74 9 29 67 72 35 78 12 56 24 54 71 50 42 36 70 44 84 32 57 79 53 34 80 34 47 66 75 66 74 41 64 33 65 31 18 52 17 47 69 76 57 78 57 26 61 28 71 8 56 68 0 46 13 57 48 9 42 60 79 14 69 63 82 84 35 75 26 16 
67 77 51 39 34 37 30 30 16 32 35 36 51 14 34 49 39 46 29 43 55 12 40 9 16 7 25 7 37 5 26 43 40 29 42 24 32 28 49 36 34 44 51 55 37 10 36 40 28 47 51 24 11 45 27 31 48 30 10 23 32 38 41 57 20 12 33 36 49 15 35 39 23 41 22 33 22 42 44 18 49 43 15 23 46 0 43 28 36 46 49 17 48 32 42 32 44 51 25 48 43 41 
91 41 11 26 31 76 33 70 32 63 15 29 19 35 41 36 71 14 24 51 33 54 80 52 54 47 43 49 79 44 17 22 58 68 20 21 69 71 22 78 14 44 36 41 73 44 49 23 69 53 73 23 53 70 57 23 83 23 47 59 74 70 77 29 57 31 68 19 30 45 25 34 64 66 49 72 48 13 49 25 59 19 50 66 13 43 0 47 55 4 52 59 82 14 73 66 73 87 40 65 13 3 
44 66 50 27 56 60 54 53 19 60 33 22 43 17 60 30 24 41 48 70 39 37 63 33 20 24 4 32 56 23 33 59 12 28 58 27 58 48 39 56 47 19 72 35 63 19 64 29 50 74 26 24 29 22 56 24 74 24 39 20 51 66 67 45 21 33 60 30 68 13 54 21 31 18 8 31 7 38 17 35 20 58 17 42 57 28 47 0 64 52 75 40 75 45 70 59 26 75 52 20 39 44 
102 96 66 67 24 36 21 33 47 16 57 66 71 48 14 78 73 66 30 12 81 32 39 36 51 42 61 34 45 42 45 39 76 60 39 49 27 41 72 43 40 77 35 85 28 46 7 66 36 15 87 51 41 81 12 58 34 57 27 57 43 19 30 80 54 33 23 61 37 52 31 70 51 77 58 63 59 62 79 35 85 40 51 41 48 36 55 64 0 55 18 35 32 40 22 21 79 39 15 84 63 55 
96 41 12 30 31 79 34 72 36 65 20 34 22 40 41 40 75 18 25 51 37 57 83 56 58 51 47 53 82 48 21 20 63 72 18 26 71 74 26 81 15 49 34 45 75 49 49 28 72 52 78 28 57 74 58 28 85 27 50 64 77 71 79 32 62 35 70 24 28 49 24 39 68 71 54 76 53 17 53 28 64 17 54 69 9 46 4 52 55 0 51 62 84 16 74 68 78 89 41 69 17 8 
116 93 63 71 22 54 22 52 56 34 59 72 71 58 15 83 88 66 30 6 84 49 58 51 65 56 71 49 64 55 48 32 88 76 33 54 45 60 73 61 39 85 22 89 46 59 13 69 54 2 100 57 56 94 31 63 51 62 41 72 61 37 47 81 69 41 41 64 26 64 27 77 68 90 71 80 71 63 87 41 95 34 64 58 42 49 52 75 18 51 0 52 48 39 38 40 93 55 23 96 64 54 
69 94 68 56 43 20 39 13 32 23 52 53 68 30 39 65 40 63 41 45 72 5 23 7 20 17 38 10 20 19 42 55 49 26 55 41 18 12 66 19 48 58 60 71 22 22 38 56 11 49 56 41 10 50 22 48 33 47 13 25 15 28 27 74 22 27 21 54 60 27 46 55 17 46 32 29 33 59 57 33 60 56 23 7 60 17 59 40 35 62 52 0 35 47 31 20 46 35 31 56 60 57 
101 122 93 87 55 17 51 22 64 19 80 85 96 63 46 97 73 91 58 43 103 37 17 41 55 51 73 42 27 52 69 70 84 57 70 70 16 31 95 25 68 92 67 104 12 56 39 87 26 45 90 71 45 84 25 78 3 77 39 59 29 13 7 104 56 53 15 83 70 62 61 88 49 80 67 59 68 87 92 58 95 71 58 35 79 48 82 75 32 84 48 35 0 68 10 16 78 7 43 91 88 82 
89 56 25 32 18 62 19 56 26 48 20 34 32 29 27 44 66 26 10 37 44 41 66 41 46 38 40 38 67 35 11 14 57 60 13 18 55 59 33 65 2 48 27 50 59 37 34 30 56 40 72 21 43 67 42 25 69 24 34 52 62 55 62 41 50 20 54 25 23 39 12 39 55 63 44 64 44 23 52 14 61 12 42 54 14 32 14 45 40 16 39 47 68 0 58 52 69 73 25 65 24 15 
100 114 84 80 45 19 41 22 57 10 72 78 88 57 36 91 72 83 49 33 96 33 22 37 52 46 67 37 31 47 60 60 80 56 60 62 14 31 87 28 59 87 57 97 11 51 29 80 25 35 88 63 41 82 16 71 12 70 32 57 31 3 10 96 54 45 10 75 59 57 51 82 47 77 63 59 63 78 87 50 91 61 53 34 69 42 73 70 22 74 38 31 10 58 0 10 77 17 33 87 80 73 
90 106 76 70 41 14 37 13 48 5 63 68 79 47 33 81 61 74 43 33 86 22 18 26 41 35 57 27 24 36 52 55 69 46 56 53 5 22 79 21 53 76 55 87 7 40 28 70 16 37 77 54 31 71 10 62 17 61 22 46 22 7 10 87 43 36 2 66 57 46 46 72 37 67 52 48 52 70 76 41 80 57 43 24 63 32 66 59 21 68 40 20 16 52 10 0 66 21 28 77 71 66 
23 90 76 52 77 61 74 56 43 69 59 47 69 39 78 52 5 67 70 87 63 46 62 42 27 36 30 44 53 38 58 83 19 21 82 52 63 47 64 55 71 40 94 56 67 34 80 55 52 91 12 49 37 8 68 50 76 50 52 21 50 74 71 69 24 53 67 56 91 30 76 45 29 8 24 20 25 64 35 57 29 82 29 43 82 44 73 26 79 78 93 46 78 69 77 66 0 77 70 19 65 70 
99 126 97 90 61 15 57 22 67 24 84 88 100 65 52 100 71 95 64 50 106 39 14 42 55 52 74 44 23 54 73 76 84 55 76 73 18 29 99 22 74 94 74 106 14 57 46 90 25 53 88 74 46 83 31 81 4 80 42 58 27 19 10 108 56 57 19 87 76 63 67 90 48 79 67 57 68 91 93 62 95 77 58 34 84 51 87 75 39 89 55 35 7 73 17 21 77 0 49 90 92 86 
93 81 51 51 12 41 8 36 33 24 41 51 56 35 8 63 65 50 15 18 66 27 45 29 42 33 48 27 48 31 29 27 64 54 27 33 33 42 56 46 25 63 29 69 36 35 12 50 38 22 76 36 34 71 18 43 44 42 19 49 44 30 39 65 46 19 30 46 29 40 18 56 46 66 47 57 47 46 65 20 72 28 41 39 35 25 40 52 15 41 23 31 43 25 33 28 70 49 0 72 48 40 
26 74 64 40 77 75 74 68 40 78 49 35 56 37 80 36 22 56 68 90 47 54 76 50 35 42 25 50 68 42 53 79 7 36 78 46 74 61 51 69 67 23 92 38 79 38 84 43 65 94 10 43 46 11 75 41 89 42 58 31 64 84 83 54 34 54 77 46 88 32 74 32 42 12 25 36 25 53 18 55 9 77 34 56 75 48 65 20 84 69 96 56 91 65 87 77 19 90 72 0 54 61 
81 34 10 14 42 79 43 73 29 69 8 18 8 32 51 23 64 3 34 62 20 55 83 53 51 46 35 50 81 43 19 35 48 64 33 19 73 72 9 80 25 32 49 27 78 42 58 11 71 64 64 19 53 61 63 15 88 15 50 55 75 76 82 17 54 35 73 8 44 40 36 22 62 58 43 67 42 1 37 29 47 32 46 66 26 43 13 39 63 17 64 60 88 24 80 71 65 92 48 54 0 10 
87 41 10 23 33 75 34 69 29 63 11 26 17 32 42 33 68 12 25 52 31 52 79 50 51 45 39 47 78 42 15 24 55 65 22 18 68 69 20 77 15 41 39 38 72 42 50 20 68 55 70 20 51 66 56 19 83 19 46 57 73 69 76 27 55 30 67 15 33 42 26 31 62 63 46 69 45 10 45 24 55 21 47 64 16 41 3 44 55 8 54 57 82 15 73 66 70 86 40 61 10 0 
