100 5753.55 0 1680 7 240
82.64 39.11 13.54 59.09 56.73 12.75 83.92 27.35 86.86 15.54 60.99 82.43 76.56 4.35 40.22 58.71 47.23 79.76 90.43 28.38 28.73 38.59 31.7 53.57 81.72 64.73 71.17 2.97 98.02 24.14 64.11 76.52 47.97 50.31 6.2 49.23 59.85 71.23 79.06 28.42 65.52 5.35 51.69 79.42 8.4 37.73 90.34 71.64 19.6 29.18 71.29 40.11 29.81 56.76 46.53 40.17 58.76 8.31 13.82 16.64 4.32 46.15 4.5 71.57 75.41 13.09 62.3 15.39 14.23 90.03 57.1 27.88 49.72 52.19 80.53 94.85 90.26 83.31 19.76 17.76 28.14 68.72 48.68 70.44 79.91 24.68 92.05 63.01 19.95 91.74 64.63 65.52 75.3 71.29 14.86 71.24 64.57 12.55 43.17 57.01 
14.34 69.01 46.68 72.72 70.62 63.23 17.89 39.56 64.08 88.37 65.98 53.58 15.87 86.12 78.22 66.49 80.54 52.48 84.54 34.13 39.71 78.06 51.65 29.64 80.57 35.6 20.26 18.47 22.1 12.94 79.78 30.37 87.75 86.13 11.47 87.8 56.66 69.1 37.29 58.74 21.29 36.72 89.14 23.31 49.26 13.71 51.22 36.46 32.48 49.1 78.42 12.99 21.81 59.61 86.65 34.67 71.99 61.63 56.38 17.01 46.24 62.19 44.54 23.05 57.43 63.36 45.28 53.97 67.38 67.37 61.63 37.36 34.0 25.61 38.99 87.25 14.68 29.79 87.44 41.28 46.24 13.18 21.9 29.08 57.99 78.07 29.44 85.97 62.04 21.47 64.13 46.52 11.4 51.96 84.5 77.83 23.39 30.83 66.42 69.45 
8 4 2 6 6 2 8 3 8 2 6 8 7 1 4 6 5 8 9 3 3 4 3 5 8 6 7 1 9 3 6 7 5 5 1 5 6 7 8 3 6 1 5 8 1 4 9 7 2 3 7 4 3 6 5 4 6 1 2 2 1 5 1 7 7 2 6 2 2 9 6 3 5 5 8 9 9 8 2 2 3 7 5 7 8 3 9 6 2 9 6 6 7 7 2 7 6 2 4 6 
1 2 3 4 5 6 7 8 9 10 11 12 13 14 15 16 17 18 19 20 21 22 23 24 25 26 27 28 29 30 31 32 33 34 35 36 37 38 39 40 41 42 43 44 45 46 47 48 49 50 51 52 53 54 55 56 57 58 59 60 61 62 63 64 65 66 67 68 69 70 71 72 73 74 75 76 77 78 79 80 81 82 83 84 85 86 87 88 89 90 91 92 93 94 95 96 97 98 99 100 
2 1 2 2 2 2 2 3 2 2 2 2 1 3 1 2 2 2 1 3 3 1 3 2 2 2 1 3 1 3 2 1 2 2 3 2 2 1 2 3 2 3 2 2 3 1 1 1 2 3 1 1 3 2 2 1 2 3 2 2 3 2 3 1 1 2 2 2 2 1 2 3 2 2 2 1 1 2 2 2 3 1 2 1 2 3 1 2 2 1 2 2 1 1 2 1 2 2 1 2 
1 3 3 1 1 3 1 3 1 3 1 1 2 2 3 1 3 1 3 3 3 3 3 3 1 1 2 2 3 3 1 2 3 3 2 3 1 2 1 3 1 2 3 1 2 3 3 2 3 3 2 3 3 1 3 3 1 2 3 3 2 3 2 2 2 3 1 3 3 3 1 3 3 3 1 3 3 1 3 3 3 2 3 2 1 3 3 1 3 3 1 1 2 2 3 2 1 3 3 1 
4 9 9 7 2 2 10 8 9 5 6 8 9 8 6 4 7 5 8 9 9 1 7 9 3 2 6 8 3 9 6 5 1 8 1 1 7 1 7 2 9 10 8 4 9 10 7 6 7 1 1 7 5 3 4 2 3 9 10 5 2 10 3 3 7 3 9 8 5 9 7 2 2 6 3 2 1 2 9 6 5 1 10 2 1 10 5 1 8 3 6 3 4 4 4 7 3 5 9 7 
4047.83 4063.02 3700.04 4361.37 4176.12 3785.18 3864.86 4779.95 3860.32 3307.58 4533.01 3846.42 3464.57 4233.43 4749.61 3946.23 4439.76 3280.03 4623.81 3906.38 3934.41 3730.03 4635.1 4230.86 3559.37 3656.56 4457.46 4621.67 3177.16 3727.54 4393.62 3316.35 4183.24 4184.34 4490.54 3624.17 4470.62 3847.48 4263.78 3798.88 3894.85 3877.04 4243.26 4071.97 3597.1 3884.1 4724.49 4377.01 4209.08 4427.49 3864.09 4352.12 3229.64 3501.28 4113.53 4067.72 3586.07 3442.03 3856.55 3318.16 3705.12 3892.46 3195.59 3585.38 4083.89 3235.82 3954.76 4285.54 3275.39 3980.96 4219.86 4201.24 3394.79 4753.78 3424.84 4407.92 4066.66 4021.04 3578.34 4525.99 3278.17 4534.15 3885.14 3869.25 4333.14 3891.18 3258.91 4396.36 3933.25 3726.09 4696.67 3504.75 3419.45 4049.87 3990.66 4392.59 3725.23 3326.28 3737.27 4201.5 
0.38 0.05 0.14 0.28 0.61 0.61 0.18 0.13 0.47 0.53 0.99 0.13 0.16 0.12 0.98 0.33 0.26 0.6 0.12 0.32 0.09 0.36 0.25 0.78 0.76 0.68 0.99 0.12 0.66 0.81 0.98 0.6 0.37 0.11 0.36 0.37 0.24 0.37 0.29 0.6 0.67 0.34 0.11 0.58 0.74 0.17 0.3 0.99 0.27 0.36 0.36 0.26 0.63 0.69 0.45 0.59 0.73 0.06 0.35 0.58 0.59 0.45 0.71 0.71 0.24 0.7 0.32 0.11 0.61 0.61 0.24 0.7 0.62 1.0 0.67 0.63 0.36 0.67 0.13 0.98 0.63 0.36 0.53 0.62 0.36 0.41 0.63 0.36 0.12 0.64 0.98 0.66 0.48 0.38 0.4 0.28 0.72 0.66 0.07 0.26 
0.72 0.83 1.0 1.0 0.59 0.77 0.56 1.0 0.53 0.7 0.69 0.85 0.82 0.96 0.7 0.86 0.7 1.0 0.56 0.69 1.0 0.91 0.67 0.97 1.0 1.0 0.55 0.71 0.62 0.68 0.63 0.94 0.67 0.52 0.62 0.72 0.77 0.53 0.57 0.74 0.7 0.92 0.61 0.65 0.53 0.54 1.0 0.98 0.6 0.51 0.77 0.7 0.8 0.66 0.96 0.68 0.93 0.82 1.0 0.86 0.59 0.84 0.6 0.67 0.61 0.55 0.68 0.7 0.79 0.61 0.76 1.0 0.65 0.97 0.97 0.59 0.89 0.51 0.68 0.8 0.55 0.94 0.97 0.71 0.84 0.96 1.0 0.92 0.61 0.54 0.98 0.88 0.91 0.54 0.88 0.6 1.0 0.92 0.53 0.85 
1.0 0.93 0.53 0.64 0.68 1.0 0.86 0.82 0.95 0.97 0.53 0.57 0.81 0.74 1.0 0.88 1.0 0.57 0.96 0.75 0.87 0.76 0.93 0.68 0.82 0.72 1.0 0.68 0.66 1.0 1.0 0.63 0.79 0.54 0.78 0.51 0.62 0.56 0.91 0.93 0.93 0.66 0.58 0.93 0.94 1.0 0.6 0.78 0.78 0.88 0.53 1.0 0.85 0.65 0.79 0.98 1.0 0.93 0.65 1.0 0.75 0.5 1.0 0.59 0.56 0.84 0.53 0.76 0.83 0.58 0.84 0.54 0.96 0.56 1.0 0.88 0.99 0.69 0.94 0.88 0.53 0.71 0.71 0.6 0.75 0.94 0.54 0.67 1.0 1.0 0.85 0.64 1.0 0.73 0.92 0.59 0.61 1.0 1.0 0.82 
0.91 0.82 0.85 0.8 1.0 0.55 1.0 0.98 0.52 0.74 0.96 0.59 0.93 0.8 0.61 0.67 0.93 0.66 0.64 0.73 0.95 0.98 0.89 0.89 0.83 0.79 0.82 0.82 0.55 0.5 0.68 0.93 0.56 0.74 0.7 1.0 0.84 1.0 1.0 1.0 0.52 0.87 0.73 0.99 0.73 1.0 0.6 1.0 0.53 1.0 0.88 0.64 0.77 0.51 1.0 0.69 1.0 0.54 0.6 0.58 0.59 0.97 1.0 0.53 0.74 0.82 0.85 0.88 0.68 0.8 0.79 0.5 1.0 1.0 0.69 0.52 1.0 0.79 0.67 0.71 1.0 0.56 0.6 0.66 0.57 0.51 1.0 0.59 0.85 0.63 0.81 0.7 0.9 0.6 0.55 0.57 0.72 0.74 0.99 0.84 
0.84 0.57 1.0 0.76 0.54 0.86 0.77 0.73 0.54 0.52 0.67 0.52 0.58 0.62 0.54 0.74 0.64 0.63 0.81 0.61 1.0 0.77 0.82 0.92 0.59 1.0 0.65 1.0 0.73 0.69 0.63 0.58 0.58 0.58 0.59 0.63 0.75 1.0 0.63 0.84 0.95 0.59 0.53 0.56 1.0 0.74 0.86 0.54 0.66 0.64 1.0 1.0 0.56 0.76 1.0 1.0 0.98 1.0 1.0 1.0 1.0 0.54 0.98 0.76 0.59 0.91 0.9 0.96 0.9 1.0 0.84 0.63 0.83 0.93 0.92 0.96 0.93 1.0 0.76 0.66 0.92 0.92 0.71 0.94 0.65 0.78 0.63 0.99 0.55 0.5 0.91 0.86 0.59 0.81 1.0 1.0 0.76 0.55 0.95 0.89 
0.69 1.0 0.61 0.86 0.57 1.0 0.59 1.0 0.68 0.96 0.96 0.7 0.77 1.0 1.0 0.52 1.0 1.0 0.93 0.65 0.9 0.69 0.92 0.73 0.96 0.67 0.5 0.52 0.66 0.65 0.8 0.59 1.0 0.93 0.95 0.75 1.0 0.91 0.87 0.69 0.74 0.99 0.57 0.7 0.59 0.73 1.0 0.6 0.89 0.99 0.64 1.0 0.52 0.78 0.61 0.55 1.0 0.87 0.87 0.85 0.51 1.0 0.64 0.57 0.52 1.0 0.81 0.59 1.0 0.81 0.53 0.86 0.69 0.82 0.56 0.58 1.0 0.52 1.0 0.94 0.89 0.77 0.72 0.78 0.51 0.82 0.99 0.76 0.86 1.0 1.0 0.69 0.79 0.94 1.0 1.0 1.0 0.51 0.84 0.58 
0.38 0.36 0.27 0.33 0.12 0.36 0.22 0.59 0.1 0.25 0.23 0.1 0.27 0.35 0.23 0.2 0.42 0.24 0.26 0.15 0.74 0.36 0.42 0.39 0.39 0.38 0.15 0.21 0.11 0.15 0.22 0.19 0.17 0.11 0.19 0.17 0.3 0.27 0.28 0.4 0.24 0.31 0.08 0.23 0.21 0.29 0.31 0.25 0.15 0.28 0.23 0.45 0.15 0.13 0.46 0.25 0.91 0.36 0.34 0.43 0.13 0.22 0.38 0.09 0.08 0.34 0.23 0.26 0.4 0.23 0.23 0.15 0.36 0.41 0.35 0.15 0.82 0.14 0.33 0.31 0.24 0.27 0.21 0.21 0.12 0.3 0.34 0.28 0.25 0.17 0.61 0.23 0.39 0.18 0.45 0.2 0.33 0.19 0.42 0.3 
1061.7 695.05 746.55 1607.86 1582.94 1170.67 1108.45 1159.5 879.22 1705.14 1440.46 1571.93 669.67 1292.34 1540.99 928.36 1164.92 1679.21 1451.38 817.61 844.03 589.33 1178.95 948.12 1068.22 1296.89 1451.61 1223.73 689.44 872.78 1501.22 1841.27 977.47 1404.3 808.69 818.97 1616.83 828.86 1319.93 1175.43 851.61 844.51 1523.59 1309.5 928.75 844.87 1297.69 1698.56 1036.22 1070.45 1166.78 1649.8 1887.89 874.65 1398.89 1266.98 781.75 517.07 998.88 1497.38 1405.18 1172.19 771.19 735.73 874.62 550.24 803.9 1423.38 1715.2 870.66 868.65 1849.49 1262.41 1775.51 964.78 1165.53 757.81 1363.36 756.31 1496.47 1662.13 1012.06 1298.65 1190.55 669.67 1138.96 1518.2 761.35 1278.59 1159.88 1796.74 794.17 1318.09 776.78 872.83 1358.4 843.55 2142.84 679.48 958.1 
442.76 265.86 226.49 530.94 262.87 459.94 257.95 679.41 73.84 468.87 368.19 106.48 199.85 490.36 345.55 156.5 485.55 374.58 337.16 128.75 649.28 203.73 537.36 351.31 432.56 540.31 299.3 255.33 77.1 137.86 299.5 296.75 147.25 151.5 196.52 146.59 480.34 256.32 358.75 398.57 196.89 220.54 106.47 338.3 128.15 266.05 435.54 415.82 141.18 316.66 320.42 714.73 304.26 124.18 742.18 261.59 706.74 175.15 373.69 678.24 267.22 203.04 277.63 55.04 69.98 177.79 220.75 404.0 760.84 176.22 190.51 318.01 453.6 797.08 344.92 145.27 600.68 204.11 269.51 560.59 391.2 256.45 301.42 217.02 66.15 354.34 533.16 203.57 310.89 153.64 960.45 182.26 486.74 111.79 439.53 230.32 291.87 428.51 272.24 279.92 
4808.48 2975.24 3232.76 7539.28 7414.7 5353.37 5042.26 5297.52 3896.11 8025.68 6702.28 7359.63 2848.37 5961.72 7204.94 4141.81 5324.62 7896.03 6756.9 3588.06 3720.13 2446.65 5394.76 4240.61 4841.1 5984.44 6758.06 5618.67 2947.21 3863.88 7006.12 8706.35 4387.34 6521.51 3543.46 3594.87 7584.17 3644.28 6099.66 5377.17 3758.07 3722.57 7117.96 6047.48 4143.76 3724.37 5988.47 7992.8 4681.09 4852.23 5333.9 7748.99 8939.46 3873.25 6494.43 5834.89 3408.74 2085.36 4494.4 6986.9 6525.91 5360.93 3355.94 3178.64 3873.08 2251.19 3519.51 6616.9 8075.99 3853.3 3843.23 8747.46 5812.07 8377.53 4323.92 5327.66 3289.06 6316.79 3281.56 6982.33 7810.64 4560.29 5993.26 5452.75 2848.36 5194.82 7091.01 3306.74 5892.95 5299.38 8483.68 3470.84 6090.45 3383.9 3864.17 6292.0 3717.74 10214.22 2897.38 4290.5 
1713.81 829.29 632.44 2154.7 814.33 1799.71 789.73 2897.04 -130.8 1844.35 1340.94 32.42 499.23 1951.81 1227.77 282.52 1927.75 1372.92 1185.79 143.76 2746.39 518.67 2186.81 1256.56 1662.82 2201.53 996.49 776.65 -114.52 189.28 997.51 983.77 236.24 257.5 482.6 232.93 1901.69 781.59 1293.75 1492.87 484.45 602.69 32.37 1191.49 140.76 830.23 1677.69 1579.12 205.92 1083.29 1102.09 3073.65 1021.28 120.91 3210.9 807.96 3033.69 375.76 1368.44 2891.18 836.1 515.18 888.16 -224.82 -150.09 388.95 603.74 1519.99 3304.22 381.12 452.57 1090.06 1767.99 3485.38 1224.6 226.35 2503.39 520.55 847.53 2302.95 1456.02 782.25 1007.09 585.09 -169.24 1271.72 2165.8 517.85 1054.44 268.18 4302.24 411.31 1933.72 58.95 1697.63 651.58 959.37 1642.54 861.21 899.61 
121.43 81.26 111.0 130.84 125.28 113.56 115.95 191.2 115.81 99.23 135.99 115.39 69.29 169.34 94.99 118.39 133.19 98.4 92.48 156.26 157.38 74.6 185.4 126.93 106.78 109.7 89.15 184.87 63.54 149.1 131.81 66.33 125.5 125.53 179.62 108.72 134.12 76.95 127.91 151.96 116.85 155.08 127.3 122.16 143.88 77.68 94.49 87.54 126.27 177.1 77.28 87.04 129.19 105.04 123.41 81.35 107.58 137.68 115.7 99.54 148.2 116.77 127.82 71.71 81.68 97.07 118.64 128.57 98.26 79.62 126.6 168.05 101.84 142.61 102.75 88.16 81.33 120.63 107.35 135.78 131.13 90.68 116.55 77.39 129.99 155.65 65.18 131.89 118.0 74.52 140.9 105.14 68.39 81.0 119.72 87.85 111.76 99.79 74.75 126.05 
23 11 21 24 23 21 22 40 22 18 25 21 9 36 13 22 25 18 13 33 33 10 39 24 20 20 12 39 9 31 25 9 23 23 38 20 25 10 24 32 22 33 24 23 30 11 13 12 24 37 11 12 27 20 23 11 20 29 22 18 31 22 27 10 11 18 22 24 18 11 24 36 19 27 19 12 11 22 20 25 28 12 22 11 24 33 9 25 22 10 26 20 9 11 22 12 21 19 10 24 
151 211 6 231 13 33 29 158 136 221 232 218 143 57 184 53 126 67 19 238 196 177 11 27 140 165 12 130 68 229 158 209 4 8 196 18 86 37 149 195 210 142 121 182 236 11 162 190 3 27 153 86 33 232 88 3 48 136 216 175 156 105 80 18 180 97 226 101 131 193 128 16 50 136 68 115 5 98 86 184 18 49 42 214 176 93 232 189 1 189 195 76 150 165 27 203 146 23 223 79 
233 240 47 240 63 106 240 196 204 240 240 240 240 240 240 240 240 113 153 240 240 240 194 126 240 240 111 176 131 240 239 240 160 125 240 240 171 220 240 240 240 215 240 240 240 154 240 240 133 232 240 128 110 240 240 93 195 240 240 240 198 151 240 47 240 129 240 165 217 240 183 163 193 240 197 240 95 236 110 240 169 144 176 240 240 240 240 240 96 240 232 240 240 240 64 240 183 240 240 103 
2
0.0 0.0 
0.0 100.0 
0 14 11 11 6 13 12 9 12 6 15 12 12 14 11 12 12 12 13 13 17 6 7 12 8 8 16 10 10 2 14 3 14 11 14 14 1 14 11 14 12 9 9 5 14 11 7 5 14 11 5 8 15 6 5 11 14 7 13 8 8 3 6 11 6 10 13 9 11 8 9 16 12 6 8 8 12 18 13 12 12 6 7 9 7 10 14 11 13 15 9 13 13 11 10 12 12 15 9 4 11 12 
14 0 17 7 7 9 9 5 16 9 13 2 9 13 16 2 6 9 7 13 13 10 9 6 8 12 11 13 15 11 17 12 9 14 7 7 12 7 10 11 14 7 14 9 7 15 7 13 14 13 10 8 10 13 11 9 6 10 9 5 6 12 7 8 7 15 12 5 11 6 5 13 9 9 11 12 14 13 17 15 3 8 8 15 13 14 12 4 16 9 6 17 10 12 16 12 3 10 14 10 7 9 
11 17 0 9 10 8 8 12 0 8 7 14 7 5 0 15 10 8 10 5 10 8 8 11 9 4 9 3 1 11 2 8 9 2 11 11 10 11 6 7 3 10 2 11 11 1 11 6 5 3 9 9 9 6 7 7 11 6 8 12 11 9 12 8 11 2 6 12 5 11 12 7 7 8 5 4 3 10 1 2 13 10 9 1 4 2 6 12 2 10 11 1 7 5 1 5 13 9 2 10 9 8 
11 7 9 0 4 2 2 3 9 4 6 4 3 6 9 5 1 2 2 6 7 5 4 1 2 5 6 6 8 8 10 8 3 7 2 2 9 3 3 4 7 2 7 6 3 8 5 7 7 6 5 3 4 8 6 2 2 4 2 4 4 8 5 1 6 8 5 3 4 4 3 7 2 4 5 6 7 8 10 8 3 4 3 9 6 7 6 2 9 4 2 10 3 4 9 5 4 4 7 6 0 2 
6 7 10 4 0 7 7 2 10 2 10 5 7 9 10 5 5 7 6 9 12 2 2 5 2 6 10 7 9 4 12 5 8 9 7 7 5 7 6 8 9 2 8 1 8 9 0 5 10 8 2 2 9 6 4 6 7 4 7 2 1 4 1 5 1 8 8 2 6 1 2 11 6 2 5 6 9 12 11 10 5 0 2 9 6 8 9 4 11 9 2 11 7 7 10 8 5 9 8 2 5 7 
13 9 8 2 7 0 0 6 8 6 4 6 1 4 8 8 2 0 2 4 4 7 6 3 4 6 3 5 7 11 9 9 1 6 2 2 11 2 2 1 5 4 7 9 2 7 7 8 5 5 8 5 1 8 8 1 2 6 0 7 6 10 8 2 8 7 3 6 3 6 6 4 1 6 5 6 5 5 9 7 5 7 5 8 7 6 3 4 7 1 5 8 1 3 9 3 6 1 7 8 2 0 
12 9 8 2 7 0 0 6 8 6 4 6 0 4 8 7 2 0 1 4 5 6 5 2 4 5 3 5 7 10 9 9 1 6 2 2 11 2 2 2 5 4 7 8 2 7 7 8 5 5 7 4 2 8 7 1 2 5 0 7 6 9 8 1 8 7 3 6 3 6 6 4 1 6 5 6 5 5 9 6 5 6 5 8 7 6 3 4 7 2 5 8 1 3 8 3 6 2 6 8 2 0 
9 5 12 3 2 6 6 0 12 3 10 3 6 10 11 3 4 6 5 9 11 4 4 4 3 7 10 8 10 6 13 7 7 10 6 6 7 6 6 8 10 2 9 3 6 11 2 7 11 9 4 3 8 8 6 6 5 5 6 0 0 6 2 4 2 10 8 0 7 1 0 11 6 4 6 7 10 12 13 11 3 3 3 10 7 9 9 2 12 7 1 12 7 7 11 8 3 8 9 4 4 6 
12 16 0 9 10 8 8 12 0 8 6 14 7 5 1 14 10 7 10 4 9 8 8 10 8 4 8 3 1 11 2 8 9 2 11 10 11 11 6 7 2 9 2 11 11 1 11 6 4 3 9 9 8 6 7 7 11 6 8 12 11 9 12 8 11 1 5 12 4 11 12 7 7 8 5 4 3 10 1 1 13 10 8 2 5 2 5 12 2 10 11 1 7 4 1 5 13 8 2 10 9 8 
6 9 8 4 2 6 6 3 8 0 9 7 6 8 7 7 5 5 6 7 11 0 0 5 1 4 9 5 6 4 10 3 7 7 7 7 5 7 5 7 7 2 6 3 7 7 3 3 9 6 1 1 8 4 2 5 7 1 6 4 3 3 3 4 3 6 7 3 5 2 4 9 5 0 3 4 7 11 9 8 6 1 0 7 3 6 7 5 9 8 3 9 6 5 7 6 6 8 5 2 4 6 
15 13 7 6 10 4 4 10 6 9 0 10 3 1 7 12 6 4 6 1 2 9 9 7 8 6 2 5 6 13 6 11 3 5 6 6 13 6 4 2 3 8 6 12 6 5 11 10 1 4 10 8 3 9 10 4 6 7 4 11 10 12 12 5 12 6 1 10 4 10 10 0 4 9 6 7 3 3 7 4 10 10 8 7 8 5 1 9 5 4 9 6 3 3 7 2 10 2 6 11 6 4 
12 2 14 4 5 6 6 3 14 7 10 0 7 10 13 1 3 6 4 10 10 7 7 3 5 9 9 10 12 10 15 10 7 12 4 4 11 4 7 8 11 4 11 7 5 13 5 11 11 10 8 5 8 11 9 7 4 8 6 3 4 10 6 5 6 12 9 3 9 4 3 11 7 7 9 10 11 11 14 12 0 6 6 13 10 11 10 1 13 6 3 14 7 9 13 9 0 8 11 8 5 6 
12 9 7 3 7 1 0 6 7 6 3 7 0 3 7 8 3 0 2 3 4 6 5 3 4 5 3 4 6 10 8 9 2 5 3 3 11 3 1 1 4 4 6 8 3 6 7 8 4 4 7 5 2 8 7 1 3 5 0 7 6 9 8 2 8 6 2 6 2 6 6 4 0 6 4 5 4 5 8 6 6 7 5 7 6 5 2 5 6 2 5 7 0 2 8 2 7 2 6 8 2 0 
14 13 5 6 9 4 4 10 5 8 1 10 3 0 5 12 6 3 6 0 4 8 7 7 7 5 3 3 5 12 5 10 4 3 6 6 12 6 3 2 2 7 5 11 6 4 10 8 1 2 9 7 3 8 8 3 6 6 4 10 9 10 11 5 11 4 1 10 3 9 9 2 3 8 5 5 2 5 5 3 10 9 7 6 6 3 0 8 3 5 9 4 2 2 6 1 10 3 5 10 5 4 
11 16 0 9 10 8 8 11 1 7 7 13 7 5 0 14 10 7 10 5 10 7 7 10 8 3 9 3 0 10 3 7 9 2 11 10 10 10 6 7 3 9 1 10 11 1 10 5 5 3 8 8 8 5 6 6 10 5 8 11 10 8 11 7 11 1 5 11 4 10 11 7 7 7 4 3 3 10 1 2 13 9 8 1 4 2 6 11 2 10 10 2 7 4 0 5 13 8 2 9 8 8 
12 2 15 5 5 8 7 3 14 7 12 1 8 12 14 0 5 8 6 11 12 8 7 5 6 10 11 11 13 9 16 10 8 13 6 6 10 6 8 9 12 5 12 7 6 13 5 11 13 11 7 6 9 11 9 8 6 8 8 3 4 10 5 6 5 13 10 3 10 4 3 12 8 7 9 11 12 12 15 13 2 6 6 13 11 12 11 3 14 8 4 15 9 10 14 10 1 9 12 7 6 7 
12 6 10 1 5 2 2 4 10 5 6 3 3 6 10 5 0 3 1 6 7 6 5 0 3 7 5 7 9 10 11 9 3 8 1 1 10 1 4 4 8 3 8 7 2 9 6 9 8 7 7 4 4 9 8 3 1 6 2 5 4 9 6 2 7 9 5 4 5 4 4 7 3 6 6 7 8 7 11 9 3 6 4 10 8 8 6 2 10 3 3 10 4 5 10 5 3 4 8 7 1 2 
12 9 8 2 7 0 0 6 7 5 4 6 0 3 7 8 3 0 2 3 5 6 5 3 4 5 3 4 6 10 8 9 2 5 3 3 10 3 1 1 5 4 6 8 3 6 7 8 5 4 7 4 2 8 7 1 3 5 0 7 6 9 8 1 8 6 2 6 3 6 6 4 0 6 4 5 5 5 8 6 6 6 5 7 6 5 3 5 7 2 5 7 0 3 8 2 6 2 6 8 2 0 
13 7 10 2 6 2 1 5 10 6 6 4 2 6 10 6 1 2 0 6 6 7 6 1 4 7 4 6 9 10 11 10 2 8 1 0 11 1 3 3 7 4 8 8 1 9 7 9 7 7 7 5 3 9 8 3 0 6 2 6 5 10 7 2 7 8 5 5 5 5 5 6 3 6 6 7 7 6 11 8 4 7 5 10 8 8 5 3 9 2 4 10 3 5 10 5 4 3 8 8 2 2 
13 13 5 6 9 4 4 9 4 7 1 10 3 0 5 11 6 3 6 0 4 7 7 6 6 4 4 3 4 11 5 9 4 3 6 6 12 6 2 2 2 7 4 10 6 4 10 8 1 2 9 7 3 7 8 3 6 6 4 10 9 10 10 4 10 4 0 9 2 9 9 2 3 7 5 5 1 5 5 3 9 8 7 5 6 3 0 8 3 5 8 4 2 2 5 1 10 3 4 10 5 4 
17 13 10 7 12 4 5 11 9 11 2 10 4 4 10 12 7 5 6 4 0 11 10 7 9 9 1 7 9 15 8 13 3 7 6 5 15 5 5 3 6 9 9 13 5 8 12 12 4 7 12 10 2 12 12 5 6 10 4 12 11 14 13 7 13 9 4 11 6 11 11 2 5 11 9 10 6 0 9 7 10 12 10 10 10 8 4 9 7 3 10 9 4 6 10 5 10 2 9 13 7 5 
6 10 8 5 2 7 6 4 8 0 9 7 6 8 7 8 6 6 7 7 11 0 0 6 2 3 10 5 6 4 10 3 8 6 8 8 4 8 5 7 7 3 5 3 8 7 3 3 9 6 1 2 8 3 1 5 7 1 6 4 3 2 3 4 3 6 7 4 5 3 5 10 5 0 3 3 7 12 9 7 7 1 1 6 3 6 8 6 9 8 4 9 6 5 7 6 7 8 5 2 5 6 
7 9 8 4 2 6 5 4 8 0 9 7 5 7 7 7 5 5 6 7 10 0 0 5 1 3 9 5 6 4 10 3 7 6 7 7 5 7 5 7 7 2 5 3 7 7 3 3 8 6 1 1 8 4 2 4 7 1 6 4 3 3 3 4 3 6 7 4 4 2 4 9 5 0 3 3 7 11 9 7 6 1 0 6 3 6 7 5 9 8 3 9 6 5 7 6 6 8 5 2 4 5 
12 6 11 1 5 3 2 4 10 5 7 3 3 7 10 5 0 3 1 6 7 6 5 0 3 7 6 7 9 9 11 9 3 8 1 2 10 2 4 4 8 3 8 7 2 9 5 9 8 7 7 4 4 9 8 3 1 6 3 4 4 9 6 2 6 9 6 4 5 4 3 7 3 6 6 7 8 8 11 9 3 6 4 10 8 8 6 1 10 3 3 11 4 5 10 5 3 4 8 7 1 2 
8 8 9 2 2 4 4 3 8 1 8 5 4 7 8 6 3 4 4 6 9 2 1 3 0 4 8 5 7 6 10 5 6 7 5 5 6 5 4 6 7 1 6 4 6 7 3 5 8 6 3 0 6 5 4 3 5 2 4 3 2 5 3 2 4 7 6 3 4 2 3 8 3 2 3 4 7 10 9 8 5 2 0 7 4 6 6 3 9 6 2 9 5 4 8 5 5 6 6 4 2 4 
8 12 4 5 6 6 5 7 4 4 6 9 5 5 3 10 7 5 7 4 9 3 3 7 4 0 8 1 2 7 6 4 7 3 8 8 7 8 3 6 3 5 2 6 8 3 7 3 6 2 4 4 7 3 3 4 8 2 6 7 6 5 7 4 7 2 5 7 2 6 7 7 4 3 0 0 4 10 5 4 9 5 4 3 1 2 5 8 5 8 6 5 5 2 4 4 9 7 1 5 5 5 
16 11 9 6 10 3 3 10 8 9 2 9 3 3 9 11 5 3 4 4 1 10 9 6 8 8 0 6 8 14 8 12 2 7 4 4 14 4 4 2 6 8 8 12 4 8 11 11 4 6 11 8 1 11 11 4 5 8 3 10 10 12 12 5 12 8 3 10 5 10 9 2 4 9 8 8 5 2 9 7 8 10 9 9 9 7 3 8 7 2 9 8 3 5 9 4 9 1 8 12 5 3 
10 13 3 6 7 5 5 8 3 5 5 10 4 3 3 11 7 4 6 3 7 5 5 7 5 1 6 0 2 9 5 6 6 1 7 7 9 7 3 4 2 6 2 8 7 2 8 4 4 0 6 5 6 4 5 3 7 3 5 8 7 7 8 4 8 2 3 8 1 7 8 5 3 5 2 2 2 8 4 2 9 6 5 3 3 1 3 8 4 7 7 4 4 1 3 2 9 6 1 7 5 4 
10 15 1 8 9 7 7 10 1 6 6 12 6 5 0 13 9 6 9 4 9 6 6 9 7 2 8 2 0 9 3 6 8 1 10 9 9 10 5 6 2 8 0 9 10 1 9 4 5 2 7 7 8 4 5 5 10 4 7 10 9 7 10 6 10 0 5 10 3 9 10 7 6 6 3 2 2 10 2 2 12 8 7 1 3 1 5 10 3 9 9 2 6 3 1 4 12 8 1 8 7 7 
2 11 11 8 4 11 10 6 11 4 13 10 10 12 10 9 10 10 10 11 15 4 4 9 6 7 14 9 9 0 13 3 12 10 11 11 1 11 9 12 11 6 8 2 12 10 4 5 13 10 3 5 12 5 3 9 11 5 11 6 5 1 3 8 3 9 11 6 9 5 7 14 9 4 7 7 11 16 12 11 10 3 5 9 6 9 12 9 12 12 6 12 10 9 10 10 9 12 8 2 8 10 
14 17 2 10 12 9 9 13 2 10 6 15 8 5 3 16 11 8 11 5 8 10 10 11 10 6 8 5 3 13 0 10 9 3 11 11 13 11 7 7 3 11 4 13 11 2 13 8 4 4 11 10 8 8 9 7 11 8 9 14 12 11 13 9 13 3 5 13 6 12 13 6 8 10 7 6 3 9 1 2 14 11 10 4 7 4 5 13 1 10 12 0 7 5 3 5 14 8 4 12 10 8 
3 12 8 8 5 9 9 7 8 3 11 10 9 10 7 10 9 9 10 9 13 3 3 9 5 4 12 6 6 3 10 0 11 7 11 11 2 11 8 10 8 6 6 4 11 8 5 1 10 7 2 5 11 2 1 8 11 3 9 7 6 1 5 7 5 6 9 7 7 5 7 12 8 3 4 4 8 14 9 8 10 4 4 6 3 7 10 9 9 11 7 9 9 7 7 8 10 11 5 3 8 9 
14 9 9 3 8 1 1 7 9 7 3 7 2 4 9 8 3 2 2 4 3 8 7 3 6 7 2 6 8 12 9 11 0 7 2 2 12 2 3 1 6 5 8 10 2 8 9 10 5 6 9 6 1 10 9 3 2 7 1 8 7 11 9 3 9 8 3 7 4 7 7 4 2 7 6 7 6 4 10 7 6 8 7 9 8 7 3 5 8 0 6 9 2 4 9 4 7 1 8 10 3 1 
11 14 2 7 9 6 6 10 2 7 5 12 5 3 2 13 8 5 8 3 7 6 6 8 7 3 7 1 1 10 3 7 7 0 9 8 10 9 4 5 1 7 2 10 9 1 10 6 3 1 8 7 6 5 6 5 9 5 6 10 9 8 10 6 10 1 3 10 2 9 10 5 5 7 3 3 1 8 2 0 11 8 7 2 4 0 3 10 2 8 9 2 5 2 2 3 11 6 1 9 7 6 
14 7 11 2 7 2 2 6 11 7 6 4 3 6 11 6 1 3 1 6 6 8 7 1 5 8 4 7 10 11 11 11 2 9 0 0 12 0 4 4 8 4 9 9 0 10 7 10 7 8 8 6 3 10 9 4 0 7 2 6 6 11 8 3 8 9 5 6 6 6 5 6 3 7 7 8 8 6 12 9 4 7 6 11 9 8 6 3 10 2 5 11 4 6 11 6 4 3 9 9 3 2 
14 7 11 2 7 2 2 6 10 7 6 4 3 6 10 6 1 3 0 6 5 8 7 2 5 8 4 7 9 11 11 11 2 8 0 0 12 0 4 3 8 5 9 9 0 9 7 10 7 7 8 6 3 10 9 3 0 7 2 6 6 10 8 3 8 9 5 6 6 6 5 6 3 7 7 8 7 6 11 9 4 7 6 10 9 8 5 3 10 1 5 10 3 6 11 5 5 3 9 9 2 2 
1 12 10 9 5 11 11 7 11 5 13 11 11 12 10 10 10 10 11 12 15 4 5 10 6 7 14 9 9 1 13 2 12 10 12 12 0 12 10 12 11 7 8 3 12 10 5 4 13 10 3 6 13 4 3 9 12 5 11 7 6 1 4 9 4 9 11 7 9 6 8 14 10 4 7 6 11 16 12 11 11 4 5 8 6 9 12 9 12 13 7 12 11 9 9 10 10 13 8 2 9 11 
14 7 11 3 7 2 2 6 11 7 6 4 3 6 10 6 1 3 1 6 5 8 7 2 5 8 4 7 10 11 11 11 2 9 0 0 12 0 4 4 8 5 9 9 0 10 8 10 7 8 8 6 3 10 9 4 0 7 2 6 6 11 8 3 8 9 5 6 6 6 5 6 3 7 7 8 8 6 11 9 4 8 6 11 9 8 6 3 10 1 5 11 4 6 11 6 4 3 9 9 3 2 
11 10 6 3 6 2 2 6 6 5 4 7 1 3 6 8 4 1 3 2 5 5 5 4 4 3 4 3 5 9 7 8 3 4 4 4 10 4 0 2 3 4 5 8 4 5 7 6 4 3 6 4 3 6 6 0 4 4 2 7 6 8 8 2 8 5 2 6 1 6 6 4 0 5 3 4 3 6 7 5 7 6 4 6 5 4 2 5 6 4 5 6 1 1 6 1 7 3 4 7 2 1 
14 11 7 4 8 1 2 8 7 7 2 8 1 2 7 9 4 1 3 2 3 7 7 4 6 6 2 4 6 12 7 10 1 5 4 3 12 4 2 0 4 6 6 10 3 6 9 9 3 4 9 6 1 9 8 2 4 6 1 9 8 10 10 3 10 6 1 8 3 8 8 2 2 7 5 6 4 4 8 5 7 8 6 7 7 5 2 6 6 2 7 7 1 3 8 2 8 1 6 10 4 2 
12 14 3 7 9 5 5 10 2 7 3 11 4 2 3 12 8 5 7 2 6 7 7 8 7 3 6 2 2 11 3 8 6 1 8 8 11 8 3 4 0 7 2 10 8 1 10 6 2 1 8 7 5 6 7 4 8 5 5 10 9 9 10 5 10 2 2 10 2 9 10 4 4 7 4 4 0 7 3 1 11 8 7 3 4 1 2 9 2 7 9 2 4 2 3 2 11 5 2 9 6 5 
9 7 10 2 2 4 4 2 9 2 8 4 4 7 9 5 3 4 4 7 9 3 2 3 1 5 8 6 8 6 11 6 5 7 4 5 7 5 4 6 7 0 7 4 5 8 3 6 8 6 3 1 6 6 5 4 4 3 4 2 2 6 3 2 3 7 6 2 5 1 2 8 4 3 4 5 7 10 10 8 4 2 1 8 6 7 7 2 10 6 1 10 5 5 9 6 4 6 7 4 2 4 
9 14 2 7 8 7 7 9 2 6 6 11 6 5 1 12 8 6 8 4 9 5 5 8 6 2 8 2 0 8 4 6 8 2 9 9 8 9 5 6 2 7 0 8 9 2 9 4 5 2 6 6 8 3 5 5 9 4 7 10 8 7 9 6 9 0 5 9 3 8 9 7 5 5 2 2 3 10 3 2 11 7 6 1 2 1 5 9 3 9 8 3 6 3 1 4 11 8 0 7 7 6 
5 9 11 6 1 9 8 3 11 3 12 7 8 11 10 7 7 8 8 10 13 3 3 7 4 6 12 8 9 2 13 4 10 10 9 9 3 9 8 10 10 4 8 0 9 10 1 5 12 9 2 3 11 6 4 8 9 4 9 3 3 3 1 6 1 9 10 3 8 2 4 12 8 3 6 6 10 14 12 11 7 1 3 9 6 9 11 6 12 10 4 12 9 8 10 9 6 11 8 1 6 8 
14 7 11 3 8 2 2 6 11 7 6 5 3 6 11 6 2 3 1 6 5 8 7 2 6 8 4 7 10 12 11 11 2 9 0 0 12 0 4 3 8 5 9 9 0 10 8 10 7 8 9 6 3 11 10 4 0 7 2 7 7 11 9 3 9 9 5 6 6 7 6 6 4 8 7 9 8 6 11 9 4 8 6 11 9 8 6 4 10 1 5 11 4 6 11 6 5 3 9 10 3 2 
11 15 1 8 9 7 7 11 1 7 5 13 6 4 1 13 9 6 9 4 8 7 7 9 7 3 8 2 1 10 2 8 8 1 10 9 10 10 5 6 1 8 2 10 10 0 10 6 4 2 8 8 7 5 7 6 10 5 7 11 10 9 11 7 11 1 4 11 3 10 11 6 6 7 4 3 2 9 1 1 12 9 8 2 4 1 4 11 2 9 10 1 6 3 1 4 12 7 2 9 8 7 
7 7 11 5 0 7 7 2 11 3 11 5 7 10 10 5 6 7 7 10 12 3 3 5 3 7 11 8 9 4 13 5 9 10 7 7 5 8 7 9 10 3 9 1 8 10 0 6 11 9 2 2 9 6 4 7 7 4 7 1 1 4 0 5 0 9 9 2 7 1 2 11 7 3 6 7 10 13 12 11 5 1 2 10 6 9 10 4 12 9 2 12 8 8 10 8 5 9 8 2 5 7 
5 13 6 7 5 8 8 7 6 3 10 11 8 8 5 11 9 8 9 8 12 3 3 9 5 3 11 4 4 5 8 1 10 6 10 10 4 10 6 9 6 6 4 5 10 6 6 0 9 5 3 5 10 0 1 7 10 3 8 8 6 3 6 7 6 5 8 7 5 6 8 10 7 3 3 2 7 13 7 6 10 4 4 4 1 5 8 9 8 10 7 7 8 6 5 7 10 10 4 4 7 8 
14 14 5 7 10 5 5 11 4 9 1 11 4 1 5 13 8 5 7 1 4 9 8 8 8 6 4 4 5 13 4 10 5 3 7 7 13 7 4 3 2 8 5 12 7 4 11 9 0 3 10 8 4 9 9 4 8 7 5 11 10 11 12 6 12 4 2 11 4 10 11 2 4 9 6 6 2 5 5 3 11 10 8 6 7 4 1 10 3 6 10 4 4 3 6 2 11 4 5 11 7 5 
11 13 3 6 8 5 5 9 3 6 4 10 4 2 3 11 7 4 7 2 7 6 6 7 6 2 6 0 2 10 4 7 6 1 8 7 10 8 3 4 1 6 2 9 8 2 9 5 3 0 7 6 5 5 6 3 8 4 5 9 8 8 9 5 9 1 3 9 1 8 9 5 4 6 3 3 1 7 4 1 10 7 6 3 3 1 3 8 3 7 8 3 4 1 3 2 10 5 2 8 5 5 
5 10 9 5 2 8 7 4 9 1 10 8 7 9 8 7 7 7 7 9 12 1 1 7 3 4 11 6 7 3 11 2 9 8 8 8 3 8 6 9 8 3 6 2 9 8 2 3 10 7 0 2 9 4 2 6 8 2 7 4 3 2 2 5 2 7 8 4 6 3 5 11 6 1 4 4 8 13 10 9 7 1 2 7 4 7 9 6 10 9 4 10 7 6 8 7 7 9 6 1 5 7 
8 8 9 3 2 5 4 3 9 1 8 5 5 7 8 6 4 4 5 7 10 2 1 4 0 4 8 5 7 5 10 5 6 7 6 6 6 6 4 6 7 1 6 3 6 8 2 5 8 6 2 0 7 5 3 4 5 2 5 3 2 4 3 3 3 7 6 3 4 2 3 9 4 1 3 4 7 10 10 8 5 1 0 7 4 6 7 4 9 7 2 9 5 5 8 6 5 7 6 3 3 4 
15 10 9 4 9 1 2 8 8 8 3 8 2 3 8 9 4 2 3 3 2 8 8 4 6 7 1 6 8 12 8 11 1 6 3 3 13 3 3 1 5 6 8 11 3 7 9 10 4 5 9 7 0 10 10 3 3 7 2 9 8 11 10 4 10 7 3 8 4 8 8 3 3 8 7 8 5 3 9 7 7 9 7 9 8 7 3 6 7 1 7 8 2 4 9 3 8 0 7 10 4 2 
6 13 6 8 6 8 8 8 6 4 9 11 8 8 5 11 9 8 9 7 12 3 4 9 5 3 11 4 4 5 8 2 10 5 10 10 4 10 6 9 6 6 3 6 11 5 6 0 9 5 4 5 10 0 1 7 10 3 8 8 7 3 6 7 6 4 8 8 5 6 8 10 7 3 3 2 6 13 7 6 11 5 5 4 1 4 8 9 7 10 7 7 8 6 5 7 10 10 3 4 7 8 
5 11 7 6 4 8 7 6 7 2 10 9 7 8 6 9 8 7 8 8 12 1 2 8 4 3 11 5 5 3 9 1 9 6 9 9 3 9 6 8 7 5 5 4 10 7 4 1 9 6 2 3 10 1 0 6 9 2 8 6 5 2 5 6 4 5 8 6 5 5 6 10 6 2 3 3 7 13 8 7 9 3 3 5 2 5 8 8 8 10 5 8 7 6 6 7 9 9 4 2 6 7 
11 9 7 2 6 1 1 6 7 5 4 7 1 3 6 8 3 1 3 3 5 5 4 3 3 4 4 3 5 9 7 8 3 5 4 3 9 4 0 2 4 4 5 8 4 6 7 7 4 3 6 4 3 7 6 0 4 4 1 6 6 8 7 1 7 5 2 6 2 5 6 4 0 5 3 4 4 6 8 5 6 6 4 6 5 4 3 5 6 3 5 7 1 2 7 2 6 3 5 7 2 1 
14 6 11 2 7 2 2 5 11 7 6 4 3 6 10 6 1 3 0 6 6 7 7 1 5 8 5 7 10 11 11 11 2 9 0 0 12 0 4 4 8 4 9 9 0 10 7 10 8 8 8 5 3 10 9 4 0 7 2 6 6 10 8 3 8 9 5 5 6 6 5 6 3 7 7 8 8 6 12 9 3 7 6 10 9 8 6 3 10 2 5 11 4 6 11 6 4 3 9 9 2 2 
7 10 6 4 4 6 5 5 6 1 7 8 5 6 5 8 6 5 6 6 10 1 1 6 2 2 8 3 4 5 8 3 7 5 7 7 5 7 4 6 5 3 4 4 7 5 4 3 7 4 2 2 7 3 2 4 7 0 5 5 4 4 5 4 5 4 5 5 3 4 5 8 4 1 1 2 5 10 7 6 8 3 2 5 2 4 6 6 7 8 4 7 5 3 6 5 7 7 3 3 4 5 
13 9 8 2 7 0 0 6 8 6 4 6 0 4 8 8 2 0 2 4 4 6 6 3 4 6 3 5 7 11 9 9 1 6 2 2 11 2 2 1 5 4 7 9 2 7 7 8 5 5 7 5 2 8 8 1 2 5 0 7 6 9 8 2 8 7 3 6 3 6 6 4 1 6 5 6 5 5 9 6 5 7 5 8 7 6 3 4 7 2 5 8 1 3 8 3 6 1 6 8 2 0 
8 5 12 4 2 7 7 0 12 4 11 3 7 10 11 3 5 7 6 10 12 4 4 4 3 7 10 8 10 6 14 7 8 10 6 6 7 6 7 9 10 2 10 3 7 11 1 8 11 9 4 3 9 8 6 6 6 5 7 0 1 6 2 5 2 10 9 0 8 1 1 11 6 4 7 8 10 12 13 11 4 3 3 11 8 10 10 3 12 8 1 13 8 8 11 9 3 9 9 4 5 7 
8 6 11 4 1 6 6 0 11 3 10 4 6 9 10 4 4 6 5 9 11 3 3 4 2 6 10 7 9 5 12 6 7 9 6 6 6 6 6 8 9 2 8 3 7 10 1 6 10 8 3 2 8 7 5 6 6 4 6 1 0 5 1 4 2 9 8 1 7 0 1 11 6 3 6 7 9 12 12 10 4 2 2 9 7 8 9 3 11 8 1 12 7 7 10 8 4 8 8 3 4 6 
3 12 9 8 4 10 9 6 9 3 12 10 9 10 8 10 9 9 10 10 14 2 3 9 5 5 12 7 7 1 11 1 11 8 11 10 1 11 8 10 9 6 7 3 11 9 4 3 11 8 2 4 11 3 2 8 10 4 9 6 5 0 4 7 4 7 10 6 7 5 7 12 8 3 5 5 9 15 10 9 10 3 4 7 4 7 10 8 10 11 6 10 9 8 8 9 9 11 6 2 8 9 
6 7 12 5 1 8 8 2 12 3 12 6 8 11 11 5 6 8 7 10 13 3 3 6 3 7 12 8 10 3 13 5 9 10 8 8 4 8 8 10 10 3 9 1 9 11 0 6 12 9 2 3 10 6 5 7 8 5 8 2 1 4 0 6 0 10 10 2 8 1 3 12 7 3 6 7 10 14 13 11 6 2 3 10 7 9 10 5 12 10 3 12 8 8 11 9 5 10 9 2 6 8 
11 8 8 1 5 2 1 4 8 4 5 5 2 5 7 6 2 1 2 4 7 4 4 2 2 4 5 4 6 8 9 7 3 6 3 3 9 3 2 3 5 2 6 6 3 7 5 7 6 5 5 3 4 7 6 1 3 4 2 5 4 7 6 0 6 6 4 4 3 4 4 6 1 4 4 5 5 7 9 7 5 5 3 7 5 5 4 3 8 4 3 8 2 3 8 3 5 4 6 6 0 1 
6 7 11 6 1 8 8 2 11 3 12 6 8 11 11 5 7 8 7 10 13 3 3 6 4 7 12 8 10 3 13 5 9 10 8 8 4 8 8 10 10 3 9 1 9 11 0 6 12 9 2 3 10 6 4 7 8 5 8 2 2 4 0 6 0 10 10 2 8 2 3 12 7 3 6 7 10 14 12 11 6 1 3 10 7 9 10 5 12 10 3 12 9 8 11 9 5 10 9 2 6 8 
10 15 2 8 8 7 7 10 1 6 6 12 6 4 1 13 9 6 8 4 9 6 6 9 7 2 8 2 0 9 3 6 8 1 9 9 9 9 5 6 2 7 0 9 9 1 9 5 4 1 7 7 7 4 5 5 9 4 7 10 9 7 10 6 10 0 4 10 3 9 10 6 5 6 3 2 2 9 2 1 11 8 7 1 3 0 5 10 3 9 9 2 5 3 1 4 11 7 1 8 7 6 
13 12 6 5 8 3 3 8 5 7 1 9 2 1 5 10 5 2 5 0 4 7 7 6 6 5 3 3 5 11 5 9 3 3 5 5 11 5 2 1 2 6 5 10 5 4 9 8 2 3 8 6 3 8 8 2 5 5 3 9 8 10 10 4 10 4 0 8 2 8 8 2 2 7 4 5 2 5 6 4 9 8 6 6 6 4 0 7 4 4 7 5 1 2 6 0 9 2 5 9 4 3 
9 5 12 3 2 6 6 0 12 3 10 3 6 10 11 3 4 6 5 9 11 4 4 4 3 7 10 8 10 6 13 7 7 10 6 6 7 6 6 8 10 2 9 3 6 11 2 7 11 9 4 3 8 8 6 6 5 5 6 0 1 6 2 4 2 10 8 0 7 1 0 11 6 4 6 7 10 12 13 11 3 3 3 10 7 9 9 2 12 7 0 12 7 7 11 8 3 8 9 4 4 6 
11 11 5 4 6 3 3 7 4 5 4 9 2 3 4 10 5 3 5 2 6 5 4 5 4 2 5 1 3 9 6 7 4 2 6 6 9 6 1 3 2 5 3 8 6 3 7 5 4 1 6 4 4 5 5 2 6 3 3 8 7 7 8 3 8 3 2 7 0 6 7 5 2 5 2 3 2 7 5 3 8 6 4 4 3 2 3 7 4 5 6 5 2 0 5 1 8 4 3 7 4 3 
8 6 11 4 1 6 6 1 11 2 10 4 6 9 10 4 4 6 5 9 11 3 2 4 2 6 10 7 9 5 12 5 7 9 6 6 6 6 6 8 9 1 8 2 7 10 1 6 10 8 3 2 8 6 5 5 6 4 6 1 0 5 1 4 2 9 8 1 6 0 1 10 6 2 5 6 9 12 12 10 4 1 2 9 6 8 9 3 11 8 1 11 7 7 10 7 4 8 8 3 4 6 
9 5 12 3 2 6 6 0 12 4 10 3 6 9 11 3 4 6 5 9 11 5 4 3 3 7 9 8 10 7 13 7 7 10 5 5 8 5 6 8 10 2 9 4 6 11 2 8 11 9 5 3 8 8 6 6 5 5 6 1 1 7 3 4 3 10 8 0 7 1 0 10 6 4 6 8 10 11 13 11 2 3 3 10 8 9 9 2 12 7 1 12 7 7 11 8 2 8 9 5 4 6 
16 13 7 7 11 4 4 11 7 9 0 11 4 2 7 12 7 4 6 2 2 10 9 7 8 7 2 5 7 14 6 12 4 5 6 6 14 6 4 2 4 8 7 12 6 6 11 10 2 5 11 9 3 10 10 4 6 8 4 11 11 12 12 6 12 6 2 11 5 10 10 0 4 9 7 8 4 2 7 5 10 10 9 8 8 6 1 9 5 4 10 6 3 4 8 3 11 3 7 12 6 4 
12 9 7 2 6 1 1 6 7 5 4 7 0 3 7 8 3 0 3 3 5 5 5 3 3 4 4 3 6 9 8 8 2 5 3 3 10 3 0 2 4 4 5 8 4 6 7 7 4 4 6 4 3 7 6 0 3 4 1 6 6 8 7 1 7 5 2 6 2 6 6 4 0 5 4 5 4 6 8 5 6 6 4 7 5 5 3 5 6 3 5 7 1 2 7 2 6 3 5 7 2 1 
6 9 8 4 2 6 6 4 8 0 9 7 6 8 7 7 6 6 6 7 11 0 0 6 2 3 9 5 6 4 10 3 7 7 7 7 4 7 5 7 7 3 5 3 8 7 3 3 9 6 1 1 8 3 2 5 7 1 6 4 3 3 3 4 3 6 7 4 5 2 4 9 5 0 3 3 7 11 9 7 7 1 1 6 3 6 7 5 9 8 3 9 6 5 7 6 6 8 5 2 4 6 
8 11 5 5 5 5 5 6 5 3 6 9 4 5 4 9 6 4 6 5 9 3 3 6 3 0 8 2 3 7 7 4 6 3 7 7 7 7 3 5 4 4 2 6 7 4 6 3 6 3 4 3 7 3 3 3 7 1 5 7 6 5 6 4 6 3 4 6 2 5 6 7 4 3 0 1 4 9 6 4 8 4 3 4 1 3 5 7 6 7 5 6 4 2 4 4 8 6 2 5 4 5 
8 12 4 6 6 6 6 7 4 4 7 10 5 5 3 11 7 5 7 5 10 3 3 7 4 0 8 2 2 7 6 4 7 3 8 8 6 8 4 6 4 5 2 6 9 3 7 2 6 3 4 4 8 2 3 4 8 2 6 8 7 5 7 5 7 2 5 7 3 6 8 8 5 3 1 0 4 10 5 4 9 5 4 2 0 2 6 8 5 8 6 5 5 3 3 4 9 7 1 5 5 6 
12 14 3 7 9 5 5 10 3 7 3 11 4 2 3 12 8 5 7 1 6 7 7 8 7 4 5 2 2 11 3 8 6 1 8 7 11 8 3 4 0 7 3 10 8 2 10 7 2 1 8 7 5 6 7 4 8 5 5 10 9 9 10 5 10 2 2 10 2 9 10 4 4 7 4 4 0 7 3 1 11 8 7 4 5 2 2 9 2 7 9 2 4 2 4 2 11 5 3 9 6 5 
18 13 10 8 12 5 5 12 10 11 3 11 5 5 10 12 7 5 6 5 0 12 11 8 10 10 2 8 10 16 9 14 4 8 6 6 16 6 6 4 7 10 10 14 6 9 13 13 5 7 13 10 3 13 13 6 6 10 5 12 12 15 14 7 14 9 5 12 7 12 11 2 6 11 9 10 7 0 10 8 10 12 11 11 11 9 4 10 8 4 11 9 5 7 11 6 11 3 10 14 7 5 
13 17 1 10 11 9 9 13 1 9 7 14 8 5 1 15 11 8 11 5 9 9 9 11 9 5 9 4 2 12 1 9 10 2 12 11 12 11 7 8 3 10 3 12 11 1 12 7 5 4 10 10 9 7 8 8 12 7 9 13 12 10 13 9 12 2 6 13 5 12 13 7 8 9 6 5 3 10 0 2 14 11 9 3 6 3 6 13 2 10 12 0 7 5 2 5 14 9 3 11 9 9 
12 15 2 8 10 7 6 11 1 8 4 12 6 3 2 13 9 6 8 3 7 7 7 9 8 4 7 2 2 11 2 8 7 0 9 9 11 9 5 5 1 8 2 11 9 1 11 6 3 1 9 8 7 6 7 5 9 6 6 11 10 9 11 7 11 1 4 11 3 10 11 5 5 7 4 4 1 8 2 0 12 9 8 3 5 1 4 10 1 8 10 1 5 3 2 3 12 7 2 10 7 6 
12 3 13 3 5 5 5 3 13 6 10 0 6 10 13 2 3 6 4 9 10 7 6 3 5 9 8 9 12 10 14 10 6 11 4 4 11 4 7 7 11 4 11 7 4 12 5 10 11 10 7 5 7 11 9 6 3 8 5 4 4 10 6 5 6 11 9 3 8 4 2 10 6 7 8 9 11 10 14 12 0 6 6 12 10 11 9 1 13 6 3 13 7 8 13 8 0 7 11 8 4 5 
6 8 10 4 0 7 6 3 10 1 10 6 7 9 9 6 6 6 7 8 12 1 1 6 2 5 10 6 8 3 11 4 8 8 7 7 4 8 6 8 8 2 7 1 8 9 1 4 10 7 1 1 9 5 3 6 7 3 7 3 2 3 2 5 1 8 8 3 6 1 3 10 6 1 4 5 8 12 11 9 6 0 1 8 5 7 9 5 10 9 2 10 7 6 9 7 6 9 7 1 5 6 
7 8 9 3 2 5 5 3 8 0 8 6 5 7 8 6 4 5 5 7 10 1 0 4 0 4 9 5 7 5 10 4 7 7 6 6 5 6 4 6 7 1 6 3 6 8 2 4 8 6 2 0 7 5 3 4 6 2 5 3 2 4 3 3 3 7 6 3 4 2 3 9 4 1 3 4 7 11 9 8 6 1 0 7 4 6 7 4 9 7 2 9 5 5 8 6 5 7 6 3 3 5 
9 15 1 9 9 8 8 10 2 7 7 13 7 6 1 13 10 7 10 5 10 6 6 10 7 3 9 3 1 9 4 6 9 2 11 10 8 11 6 7 3 8 1 9 11 2 10 4 6 3 7 7 9 4 5 6 10 5 8 11 9 7 10 7 10 1 6 10 4 9 10 8 7 6 4 2 4 11 3 3 12 8 7 0 3 2 6 11 4 10 9 3 7 4 0 5 12 9 1 8 8 8 
7 13 4 6 6 7 7 7 5 3 8 10 6 6 4 11 8 6 8 6 10 3 3 8 4 1 9 3 3 6 7 3 8 4 9 9 6 9 5 7 4 6 2 6 9 4 6 1 7 3 4 4 8 1 2 5 9 2 7 8 7 4 7 5 7 3 6 7 3 6 8 8 5 3 1 0 5 11 6 5 10 5 4 3 0 3 6 8 6 9 7 6 6 4 4 5 10 8 2 5 6 6 
10 14 2 7 8 6 6 9 2 6 5 11 5 3 2 12 8 5 8 3 8 6 6 8 6 2 7 1 1 9 4 7 7 0 8 8 9 8 4 5 1 7 1 9 8 1 9 5 4 1 7 6 7 4 5 4 8 4 6 10 8 7 9 5 9 0 4 9 2 8 9 6 5 6 3 2 2 9 3 1 11 7 6 2 3 0 4 9 3 8 8 3 5 2 2 3 11 6 1 8 6 6 
14 12 6 6 9 3 3 9 5 7 1 10 2 0 6 11 6 3 5 0 4 8 7 6 6 5 3 3 5 12 5 10 3 3 6 5 12 6 2 2 2 7 5 11 6 4 10 8 1 3 9 7 3 8 8 3 6 6 3 10 9 10 10 4 10 5 0 9 3 9 9 1 3 7 5 6 2 4 6 4 9 9 7 6 6 4 0 8 4 4 8 5 2 2 6 1 10 3 5 10 5 3 
11 4 12 2 4 4 4 2 12 5 9 1 5 8 11 3 2 5 3 8 9 6 5 1 3 8 8 8 10 9 13 9 5 10 3 3 9 3 5 6 9 2 9 6 4 11 4 9 10 8 6 4 6 9 8 5 3 6 4 3 3 8 5 3 5 10 7 2 7 3 2 9 5 5 7 8 9 10 13 10 1 5 4 11 8 9 8 0 11 5 2 12 6 7 11 7 1 6 9 6 3 4 
13 16 2 9 11 7 7 12 2 9 5 13 6 3 2 14 10 7 9 3 7 9 9 10 9 5 7 4 3 12 1 9 8 2 10 10 12 10 6 6 2 10 3 12 10 2 12 8 3 3 10 9 7 7 8 6 10 7 7 12 11 10 12 8 12 3 4 12 4 11 12 5 6 9 6 5 2 8 2 1 13 10 9 4 6 3 4 11 0 9 11 1 6 4 3 4 13 7 4 11 8 7 
15 9 10 4 9 1 2 7 10 8 4 6 2 5 10 8 3 2 2 5 3 8 8 3 6 8 2 7 9 12 10 11 0 8 2 1 13 1 4 2 7 6 9 10 1 9 9 10 6 7 9 7 1 10 10 3 2 8 2 8 8 11 10 4 10 9 4 7 5 8 7 4 3 8 7 8 7 4 10 8 6 9 7 10 9 8 4 5 9 0 7 10 3 5 10 5 6 1 8 10 3 2 
9 6 11 2 2 5 5 1 11 3 9 3 5 9 10 4 3 5 4 8 10 4 3 3 2 6 9 7 9 6 12 7 6 9 5 5 7 5 5 7 9 1 8 4 5 10 2 7 10 8 4 2 7 7 5 5 5 4 5 1 1 6 3 3 3 9 7 0 6 1 1 10 5 3 5 6 9 11 12 10 3 2 2 9 7 8 8 2 11 7 0 11 6 6 10 7 3 7 8 4 3 5 
13 17 1 10 11 8 8 12 1 9 6 14 7 4 2 15 10 7 10 4 9 9 9 11 9 5 8 4 2 12 0 9 9 2 11 10 12 11 6 7 2 10 3 12 11 1 12 7 4 3 10 9 8 7 8 7 11 7 8 13 12 10 12 8 12 2 5 12 5 11 12 6 7 9 6 5 2 9 0 1 13 10 9 3 6 3 5 12 1 10 11 0 7 5 2 5 14 8 3 11 9 8 
13 10 7 3 7 1 1 7 7 6 3 7 0 2 7 9 4 0 3 2 4 6 6 4 5 5 3 4 6 10 7 9 2 5 4 3 11 4 1 1 4 5 6 9 4 6 8 8 4 4 7 5 2 8 7 1 4 5 1 8 7 9 8 2 9 5 1 7 2 7 7 3 1 6 4 5 4 5 7 5 7 7 5 7 6 5 2 6 6 3 6 7 0 2 7 1 7 2 5 8 3 1 
11 12 5 4 7 3 3 7 4 5 3 9 2 2 4 10 5 3 5 2 6 5 5 5 4 2 5 1 3 9 5 7 4 2 6 6 9 6 1 3 2 5 3 8 6 3 8 6 3 1 6 5 4 6 6 2 6 3 3 8 7 8 8 3 8 3 2 7 0 7 7 4 2 5 2 3 2 7 5 3 8 6 5 4 4 2 2 7 4 5 6 5 2 0 5 1 9 4 3 7 4 3 
10 16 1 9 10 9 8 11 1 7 7 13 8 6 0 14 10 8 10 5 10 7 7 10 8 4 9 3 1 10 3 7 9 2 11 11 9 11 6 8 3 9 1 10 11 1 10 5 6 3 8 8 9 5 6 7 11 6 8 11 10 8 11 8 11 1 6 11 5 10 11 8 7 7 4 3 4 11 2 2 13 9 8 0 4 2 6 11 3 10 10 2 7 5 0 5 13 9 2 9 9 8 
12 12 5 5 8 3 3 8 5 6 2 9 2 1 5 10 5 2 5 1 5 6 6 5 5 4 4 2 4 10 5 8 4 3 6 5 10 6 1 2 2 6 4 9 6 4 8 7 2 2 7 6 3 7 7 2 6 5 3 9 8 9 9 3 9 4 0 8 1 7 8 3 2 6 4 4 2 6 5 3 8 7 6 5 5 3 1 7 4 5 7 5 1 1 5 0 9 3 4 8 4 3 
12 3 13 4 5 6 6 3 13 6 10 0 7 10 13 1 3 6 4 10 10 7 6 3 5 9 9 9 12 9 14 10 7 11 4 5 10 4 7 8 11 4 11 6 5 12 5 10 11 10 7 5 8 10 9 6 4 7 6 3 4 9 5 5 5 11 9 3 8 4 2 11 6 6 8 9 11 11 14 12 0 6 5 12 10 11 10 1 13 6 3 14 7 9 13 9 0 8 11 7 4 6 
15 10 9 4 9 1 2 8 8 8 2 8 2 3 8 9 4 2 3 3 2 8 8 4 6 7 1 6 8 12 8 11 1 6 3 3 13 3 3 1 5 6 8 11 3 7 9 10 4 5 9 7 0 10 9 3 3 7 1 9 8 11 10 4 10 7 2 8 4 8 8 3 3 8 6 7 5 3 9 7 7 9 7 9 8 6 3 6 7 1 7 8 2 4 9 3 8 0 7 10 4 2 
9 14 2 7 8 7 6 9 2 5 6 11 6 5 2 12 8 6 8 4 9 5 5 8 6 1 8 1 1 8 4 5 8 1 9 9 8 9 4 6 2 7 0 8 9 2 8 4 5 2 6 6 7 3 4 5 9 3 6 9 8 6 9 6 9 1 5 9 3 8 9 7 5 5 2 1 3 10 3 2 11 7 6 1 2 1 5 9 4 8 8 3 5 3 2 4 11 7 0 7 6 6 
4 10 10 6 2 8 8 4 10 2 11 8 8 10 9 7 7 8 8 10 13 2 2 7 4 5 12 7 8 2 12 3 10 9 9 9 2 9 7 10 9 4 7 1 10 9 2 4 11 8 1 3 10 4 2 7 9 3 8 4 3 2 2 6 2 8 9 4 7 3 5 12 7 2 5 5 9 14 11 10 8 1 3 8 5 8 10 6 11 10 4 11 8 7 9 8 7 10 7 0 6 8 
11 7 9 0 5 2 2 4 9 4 6 5 2 5 8 6 1 2 2 5 7 5 4 1 2 5 5 5 7 8 10 8 3 7 3 2 9 3 2 4 6 2 7 6 3 8 5 7 7 5 5 3 4 7 6 2 2 4 2 5 4 8 6 0 6 7 4 4 4 4 4 6 2 4 4 5 6 7 9 7 4 5 3 8 6 6 5 3 8 3 3 9 3 4 9 4 4 4 6 6 0 2 
12 9 8 2 7 0 0 6 8 6 4 6 0 4 8 7 2 0 2 4 5 6 5 2 4 5 3 4 7 10 8 9 1 6 2 2 11 2 1 2 5 4 6 8 2 7 7 8 5 5 7 4 2 8 7 1 2 5 0 7 6 9 8 1 8 6 3 6 3 6 6 4 1 6 5 6 5 5 9 6 5 6 5 8 6 6 3 4 7 2 5 8 1 3 8 3 6 2 6 8 2 0 
