10 582.53 0 1680 14 120
68.9 75.58 14.02 1.14 70.88 9.55 75.11 14.41 47.32 63.73 
49.77 64.84 51.15 11.19 67.05 10.58 23.92 56.72 66.32 73.09 
7 7 2 1 7 1 7 2 5 6 
1 2 3 4 5 6 7 8 9 10 
1 1 3 3 1 3 1 3 2 1 
1 1 1 1 1 1 1 1 1 2 
4 9 8 1 5 7 8 3 5 10 
4351.46 4183.97 3910.68 3552.8 4263.64 4212.47 3951.14 4073.54 4288.75 3570.35 
0.44 0.42 0.74 0.62 0.37 0.93 0.73 0.31 0.38 0.52 
0.86 0.69 0.53 0.92 0.95 0.77 0.85 1.0 0.57 0.57 
1.0 0.99 0.73 0.56 0.57 0.62 0.67 0.79 0.63 0.96 
0.56 0.63 0.51 1.0 0.65 0.96 0.59 0.9 0.8 0.76 
0.51 1.0 0.82 0.67 0.66 0.56 1.0 0.59 0.61 0.55 
0.53 0.98 0.6 0.74 0.62 0.71 0.68 0.84 0.99 0.83 
0.13 0.42 0.1 0.26 0.14 0.18 0.23 0.36 0.17 0.19 
989.27 857.12 1080.85 887.14 1163.06 2213.04 1275.87 950.85 1026.94 2664.68 
144.98 395.86 106.86 261.24 174.92 432.87 254.25 321.81 177.17 539.53 
4446.34 3785.58 4904.23 3935.72 5315.29 10565.21 5879.36 4254.24 4634.71 12823.42 
224.9 1479.31 34.32 806.18 374.58 1664.35 771.27 1109.07 385.84 2197.67 
87.03 83.68 156.43 142.11 85.27 168.5 79.02 162.94 128.66 71.41 
6 5 16 15 6 18 5 17 12 5 
102 41 58 112 10 32 5 103 7 119 
120 80 97 120 103 98 71 120 100 120 
10
0.0 0.0 0.0 0.0 0.0 0.0 0.0 0.0 0.0 0.0 
100.0 0.0 100.0 0.0 100.0 100.0 100.0 0.0 100.0 0.0 
0 7 0 7 0 0 0 7 0 7 6 5 3 6 5 6 7 3 4 4 
7 0 7 0 7 7 7 0 7 0 6 7 3 0 6 1 5 4 5 6 
0 7 0 7 0 0 0 7 0 7 6 5 3 6 5 6 7 3 4 4 
7 0 7 0 7 7 7 0 7 0 6 7 3 0 6 1 5 4 5 6 
0 7 0 7 0 0 0 7 0 7 6 5 3 6 5 6 7 3 4 4 
0 7 0 7 0 0 0 7 0 7 6 5 3 6 5 6 7 3 4 4 
0 7 0 7 0 0 0 7 0 7 6 5 3 6 5 6 7 3 4 4 
7 0 7 0 7 7 7 0 7 0 6 7 3 0 6 1 5 4 5 6 
0 7 0 7 0 0 0 7 0 7 6 5 3 6 5 6 7 3 4 4 
7 0 7 0 7 7 7 0 7 0 6 7 3 0 6 1 5 4 5 6 
6 6 6 6 6 6 6 6 6 6 0 1 3 5 1 5 1 3 1 1 
5 7 5 7 5 5 5 7 5 7 1 0 4 6 0 6 2 4 2 1 
3 3 3 3 3 3 3 3 3 3 3 4 0 2 4 2 4 0 2 3 
6 0 6 0 6 6 6 0 6 0 5 6 2 0 6 0 5 3 5 6 
5 6 5 6 5 5 5 6 5 6 1 0 4 6 0 5 3 4 1 0 
6 1 6 1 6 6 6 1 6 1 5 6 2 0 5 0 4 3 4 5 
7 5 7 5 7 7 7 5 7 5 1 2 4 5 3 4 0 4 3 3 
3 4 3 4 3 3 3 4 3 4 3 4 0 3 4 3 4 0 2 3 
4 5 4 5 4 4 4 5 4 5 1 2 2 5 1 4 3 2 0 1 
4 6 4 6 4 4 4 6 4 6 1 1 3 6 0 5 3 3 1 0 
