10 452.59 0 1680 7 240
56.7 7.77 26.93 95.01 8.58 85.53 16.92 5.22 97.38 5.58 
18.09 44.01 26.16 62.7 72.27 46.68 79.41 46.31 21.09 61.6 
6 1 3 9 1 8 2 1 9 1 
1 2 3 4 5 6 7 8 9 10 
2 1 3 3 1 2 1 1 3 1 
3 3 2 1 3 3 1 3 1 3 
8 4 9 2 4 7 8 6 4 3 
4165.8 4151.37 4443.1 4081.95 4257.0 3575.42 4465.95 3521.14 4159.32 3198.4 
0.16 0.6 0.6 0.7 0.69 0.69 0.18 0.27 0.71 0.19 
0.54 0.51 0.59 0.72 0.58 0.91 0.89 0.93 0.53 0.51 
0.92 0.62 0.9 0.76 0.91 1.0 1.0 0.62 0.75 0.68 
0.81 0.99 0.99 1.0 0.75 0.68 0.87 1.0 0.66 1.0 
0.89 0.77 0.75 0.85 1.0 0.91 0.89 0.73 0.75 0.81 
0.54 0.94 0.72 1.0 0.84 0.99 0.61 0.82 0.8 0.62 
0.19 0.23 0.28 0.46 0.33 0.56 0.42 0.34 0.16 0.17 
1237.03 784.97 1204.84 2314.82 783.57 1362.33 1115.18 680.81 1094.2 1458.08 
262.18 166.63 398.74 1124.44 263.94 724.65 449.67 191.17 140.94 275.85 
5685.14 3424.87 5524.2 11074.08 3417.84 6311.64 5075.88 2904.04 4970.98 6790.41 
810.9 333.13 1493.7 5122.18 819.7 3123.25 1748.34 455.86 204.71 879.27 
124.97 83.03 177.72 163.28 85.14 107.26 89.32 70.42 166.37 63.97 
23 11 38 34 12 20 12 10 35 9 
195 79 159 24 60 208 23 222 16 145 
240 157 240 102 192 240 47 240 94 240 
10
0.0 0.0 0.0 0.0 0.0 0.0 0.0 0.0 0.0 0.0 
0.0 0.0 100.0 0.0 0.0 0.0 100.0 0.0 0.0 0.0 
0 0 14 0 0 0 14 0 0 0 8 6 5 16 10 13 11 6 14 8 
0 0 14 0 0 0 14 0 0 0 8 6 5 16 10 13 11 6 14 8 
14 14 0 14 14 14 0 14 14 14 14 8 11 14 4 14 3 7 17 5 
0 0 14 0 0 0 14 0 0 0 8 6 5 16 10 13 11 6 14 8 
0 0 14 0 0 0 14 0 0 0 8 6 5 16 10 13 11 6 14 8 
0 0 14 0 0 0 14 0 0 0 8 6 5 16 10 13 11 6 14 8 
14 14 0 14 14 14 0 14 14 14 14 8 11 14 4 14 3 7 17 5 
0 0 14 0 0 0 14 0 0 0 8 6 5 16 10 13 11 6 14 8 
0 0 14 0 0 0 14 0 0 0 8 6 5 16 10 13 11 6 14 8 
0 0 14 0 0 0 14 0 0 0 8 6 5 16 10 13 11 6 14 8 
8 8 14 8 8 8 14 8 8 8 0 7 4 8 10 5 10 8 5 9 
6 6 8 6 6 6 8 6 6 6 7 0 3 12 4 11 5 0 13 2 
5 5 11 5 5 5 11 5 5 5 4 3 0 11 7 8 7 4 10 5 
16 16 14 16 16 16 14 16 16 16 8 12 11 0 12 2 11 13 5 12 
10 10 4 10 10 10 4 10 10 10 10 4 7 12 0 11 1 3 14 1 
13 13 14 13 13 13 14 13 13 13 5 11 8 2 11 0 10 11 4 11 
11 11 3 11 11 11 3 11 11 11 10 5 7 11 1 10 0 5 14 3 
6 6 7 6 6 6 7 6 6 6 8 0 4 13 3 11 5 0 13 2 
14 14 17 14 14 14 17 14 14 14 5 13 10 5 14 4 14 13 0 14 
8 8 5 8 8 8 5 8 8 8 9 2 5 12 1 11 3 2 14 0 
