10 625.55 0 1680 14 120
26.9 31.96 31.18 85.09 95.3 41.17 16.52 71.98 39.11 79.74 
62.62 43.24 59.57 30.43 12.75 52.88 80.1 44.34 36.38 80.6 
3 3 3 8 9 4 2 7 4 8 
1 2 3 4 5 6 7 8 9 10 
1 1 1 3 1 3 3 3 3 3 
3 3 3 2 3 2 3 1 2 2 
2 10 9 5 10 2 7 8 5 6 
4281.21 3926.6 3732.16 3393.45 3819.17 4277.57 4040.79 3796.52 3513.06 4376.89 
0.58 0.18 0.79 0.63 0.22 0.55 0.63 0.29 0.61 0.37 
0.77 1.0 0.51 1.0 0.97 0.65 0.81 1.0 0.81 0.63 
1.0 0.5 0.9 0.98 0.85 0.87 0.95 0.92 1.0 0.98 
0.84 0.64 0.96 1.0 1.0 1.0 0.88 0.63 0.99 0.76 
0.97 1.0 0.72 0.55 0.67 0.53 0.59 0.78 0.55 0.79 
0.97 0.98 0.87 0.95 0.92 1.0 0.56 0.61 0.98 0.79 
0.62 0.32 0.27 0.51 0.51 0.3 0.23 0.28 0.43 0.29 
902.88 1748.66 1223.6 1983.45 1425.8 752.7 1110.88 1116.63 1295.56 901.5 
548.73 602.0 374.99 1066.27 706.54 184.94 187.74 347.81 649.48 304.76 
4014.4 8243.28 5618.01 9417.26 6628.99 3263.52 5054.39 5083.13 5977.79 4007.49 
2243.63 2510.01 1374.96 4831.33 3032.7 424.7 438.72 1239.06 2747.4 1023.78 
85.62 78.53 74.64 135.74 76.38 171.1 161.63 151.86 140.52 175.08 
6 5 5 14 5 18 17 16 15 18 
63 95 0 86 57 21 1 87 7 33 
102 107 66 120 120 114 67 99 19 120 
5
0.0 0.0 0.0 0.0 0.0 
100.0 100.0 100.0 0.0 0.0 
0 0 0 7 7 3 4 3 7 9 4 1 6 5 5 
0 0 0 7 7 3 4 3 7 9 4 1 6 5 5 
0 0 0 7 7 3 4 3 7 9 4 1 6 5 5 
7 7 7 0 0 4 3 4 6 6 4 5 6 3 8 
7 7 7 0 0 4 3 4 6 6 4 5 6 3 8 
3 3 3 4 4 0 1 0 4 6 1 1 3 2 3 
4 4 4 3 3 1 0 1 3 5 0 2 2 0 4 
3 3 3 4 4 0 1 0 4 5 0 1 3 1 3 
7 7 7 6 6 4 3 4 0 1 3 6 1 3 3 
9 9 9 6 6 6 5 5 1 0 4 7 2 4 4 
4 4 4 4 4 1 0 0 3 4 0 2 2 1 3 
1 1 1 5 5 1 2 1 6 7 2 0 4 3 4 
6 6 6 6 6 3 2 3 1 2 2 4 0 2 2 
5 5 5 3 3 2 0 1 3 4 1 3 2 0 4 
5 5 5 8 8 3 4 3 3 4 3 4 2 4 0 
