10 601.4 0 1680 7 240
86.54 45.67 95.38 75.8 42.12 81.75 84.79 27.98 95.36 84.14 
77.74 43.75 38.11 35.25 71.75 31.74 55.32 86.04 78.54 15.48 
8 5 9 7 4 8 8 3 9 8 
1 2 3 4 5 6 7 8 9 10 
3 1 3 3 3 3 3 3 3 3 
1 2 2 2 2 1 1 2 2 1 
8 8 9 10 8 2 3 4 10 7 
4607.23 4648.53 4230.73 3914.88 4626.94 3572.85 3090.96 3997.38 3418.2 3803.72 
0.35 0.49 0.51 0.6 0.49 0.5 0.24 0.33 0.54 0.37 
1.0 0.69 0.85 0.67 0.68 0.78 0.66 1.0 0.64 0.63 
0.59 0.56 0.75 0.62 0.75 0.83 0.57 0.87 0.94 0.79 
1.0 0.96 0.96 0.6 0.72 0.62 0.74 0.74 0.65 0.91 
1.0 0.88 0.55 0.71 0.78 0.8 1.0 0.5 0.61 0.99 
0.71 0.95 0.72 0.89 1.0 0.69 0.81 0.94 0.55 1.0 
0.42 0.31 0.25 0.16 0.29 0.22 0.22 0.3 0.13 0.45 
759.72 1131.77 937.73 955.84 975.26 1431.76 1019.88 690.48 1102.57 644.49 
329.83 372.83 196.89 141.4 234.22 325.33 234.46 218.86 139.03 312.27 
3298.58 5158.87 4188.63 4279.22 4376.31 6658.79 4599.39 2952.41 5012.86 2722.43 
1149.17 1364.14 484.45 207.01 671.11 1126.65 672.32 594.32 195.16 1061.34 
184.29 92.97 169.23 156.6 185.08 142.91 123.64 159.9 136.73 152.15 
39 13 36 33 39 30 26 34 29 32 
50 126 67 139 146 45 83 57 228 0 
128 150 145 240 240 240 240 81 240 24 
5
0.0 0.0 0.0 0.0 0.0 
0.0 100.0 100.0 0.0 100.0 
0 14 14 0 14 16 9 14 11 11 12 14 12 17 12 
14 0 0 14 0 12 10 16 14 7 15 13 4 13 17 
14 0 0 14 0 12 10 16 14 7 15 13 4 13 17 
0 14 14 0 14 16 9 14 11 11 12 14 12 17 12 
14 0 0 14 0 12 10 16 14 7 15 13 4 13 17 
16 12 12 16 12 0 7 5 6 6 6 3 8 1 8 
9 10 10 9 10 7 0 7 4 4 5 5 6 8 6 
14 16 16 14 16 5 7 0 2 8 2 2 11 5 3 
11 14 14 11 14 6 4 2 0 7 0 3 9 6 3 
11 7 7 11 7 6 4 8 7 0 8 6 2 7 10 
12 15 15 12 15 6 5 2 0 8 0 3 10 6 2 
14 13 13 14 13 3 5 2 3 6 3 0 9 3 5 
12 4 4 12 4 8 6 11 9 2 10 9 0 9 12 
17 13 13 17 13 1 8 5 6 7 6 3 9 0 9 
12 17 17 12 17 8 6 3 3 10 2 5 12 9 0 
