130 9166.2 0 1680 1 1680
1.53 5.84 13.1 60.15 17.18 48.4 8.61 51.03 38.33 67.79 94.91 95.32 65.51 41.37 19.95 36.7 79.08 29.37 31.64 61.09 52.99 62.71 73.22 87.59 1.62 5.43 36.65 60.59 20.2 35.86 97.99 15.07 26.88 97.7 25.51 74.33 17.74 9.78 25.07 74.21 85.33 61.63 54.16 47.27 31.5 29.7 97.45 74.62 65.39 73.04 2.79 30.65 8.48 26.35 27.26 9.55 64.89 90.52 8.92 4.16 15.91 15.6 84.06 46.25 14.42 38.78 73.57 20.93 3.02 6.22 43.22 57.27 98.16 29.23 2.68 31.99 14.82 92.64 60.74 62.16 86.43 15.68 39.94 19.07 8.66 82.85 39.23 30.55 7.18 79.58 26.27 49.51 5.4 8.56 4.13 30.24 1.88 57.88 56.72 19.42 56.99 28.87 12.63 80.43 37.01 64.11 25.1 47.94 14.85 84.98 42.11 36.66 14.89 97.6 14.94 9.79 87.31 94.21 71.55 12.57 7.29 95.51 96.79 20.57 81.44 8.18 75.5 25.5 81.08 29.17 
32.18 10.1 48.9 62.52 41.19 31.16 76.16 67.32 23.05 54.71 83.6 30.4 38.98 38.86 12.03 88.19 64.18 46.96 57.96 62.81 52.88 56.73 22.76 63.96 21.92 22.74 76.1 77.18 52.68 71.47 68.09 13.56 30.77 18.5 80.64 28.5 27.58 29.68 52.15 76.35 19.96 49.78 57.84 66.55 75.97 56.46 47.9 47.69 61.07 68.75 33.45 52.91 51.75 43.63 76.96 43.44 40.28 19.29 34.57 27.01 13.07 86.82 24.44 39.3 52.3 65.51 21.82 43.6 31.71 73.23 53.55 28.56 13.81 76.44 16.05 30.9 75.07 81.1 69.79 67.71 13.03 66.35 28.28 21.58 23.81 85.31 34.48 15.1 18.09 75.85 80.6 14.62 76.36 81.22 72.45 14.61 22.57 55.25 25.74 70.34 68.33 49.52 27.59 29.34 24.05 26.57 21.31 77.82 41.63 18.76 19.41 61.24 66.85 15.34 45.92 36.68 73.28 16.81 88.63 70.02 27.95 47.21 61.98 87.97 29.54 84.41 61.16 36.04 23.48 70.86 
1 1 2 6 2 5 1 5 4 7 9 9 6 4 2 4 8 3 3 6 5 6 7 8 1 1 4 6 2 4 9 2 3 9 3 7 2 1 3 7 8 6 5 5 3 3 9 7 6 7 1 3 1 3 3 1 6 9 1 1 2 2 8 5 2 4 7 2 1 1 4 6 9 3 1 3 2 9 6 6 8 2 4 2 1 8 4 3 1 8 3 5 1 1 1 3 1 6 6 2 6 3 2 8 4 6 3 5 2 8 4 4 2 9 2 1 8 9 7 2 1 9 9 2 8 1 7 3 8 3 
1 2 3 4 5 6 7 8 9 10 11 12 13 14 15 16 17 18 19 20 21 22 23 24 25 26 27 28 29 30 31 32 33 34 35 36 37 38 39 40 41 42 43 44 45 46 47 48 49 50 51 52 53 54 55 56 57 58 59 60 61 62 63 64 65 66 67 68 69 70 71 72 73 74 75 76 77 78 79 80 81 82 83 84 85 86 87 88 89 90 91 92 93 94 95 96 97 98 99 100 101 102 103 104 105 106 107 108 109 110 111 112 113 114 115 116 117 118 119 120 121 122 123 124 125 126 127 128 129 130 
2 2 3 3 3 3 2 3 3 1 3 3 3 3 3 3 3 2 2 3 3 3 1 3 2 2 3 3 3 3 3 3 2 3 2 1 3 2 2 1 3 3 3 3 2 2 3 1 3 1 2 2 2 2 2 2 3 3 2 2 3 3 3 3 3 3 1 3 2 2 3 3 3 2 2 2 3 3 3 3 3 3 3 3 2 3 3 2 2 3 2 3 2 2 2 2 2 3 3 3 3 2 3 3 3 3 2 3 3 3 3 3 3 3 3 2 3 3 1 3 2 3 3 3 3 2 1 2 3 2 
3 3 2 1 2 2 3 2 2 1 2 2 1 2 2 2 3 1 1 1 2 1 1 3 3 3 2 1 2 2 2 2 1 2 1 1 2 3 1 1 3 1 2 2 1 1 2 1 1 1 3 1 3 1 1 3 1 2 3 3 2 2 3 2 2 2 1 2 3 3 2 1 2 1 3 1 2 2 1 1 3 2 2 2 3 3 2 1 3 3 1 2 3 3 3 1 3 1 1 2 1 1 2 3 2 1 1 2 2 3 2 2 2 2 2 3 3 2 1 2 3 2 2 2 3 3 1 1 3 1 
9 5 7 3 6 7 6 1 7 6 10 3 10 9 5 6 7 8 9 5 3 4 2 3 2 1 4 2 5 4 4 9 9 4 1 9 4 3 2 6 7 6 5 10 10 9 5 8 6 6 9 6 8 1 4 2 4 1 5 3 2 4 8 9 2 6 3 1 9 1 7 5 6 3 10 4 10 4 3 1 5 3 6 4 8 2 9 4 7 4 8 2 3 4 10 2 9 1 4 4 1 8 6 7 6 1 9 1 10 7 3 3 4 2 4 6 1 7 5 6 2 8 1 6 2 8 1 1 9 8 
3604.01 3544.33 4581.17 4253.3 4809.99 4619.32 4301.74 3690.48 4562.81 4450.1 3413.79 4128.43 3232.4 3552.93 3444.04 4559.93 4543.24 3772.28 3431.89 3988.19 4106.21 4494.36 3119.09 4136.03 3073.38 4197.06 4749.33 3092.41 3691.81 4721.57 4852.79 3435.09 3467.65 4575.63 4107.02 3440.14 4343.17 3978.0 3079.65 4787.69 4661.53 4647.15 3370.77 3480.14 3521.0 3598.79 3830.34 3851.68 4497.86 4587.16 3289.94 4759.37 3673.76 3450.27 4892.07 3079.77 4671.79 3790.58 3496.57 3824.4 3072.85 4695.48 3624.22 3344.81 3096.12 4675.33 4016.62 3727.18 3449.15 3395.62 4553.63 3786.72 4716.88 3904.48 3480.63 4624.84 3433.55 4847.85 4072.47 3503.19 3942.89 4013.36 4325.02 4763.19 3630.43 3121.25 3347.55 4396.02 4649.76 4485.93 3802.37 3102.37 4015.63 4891.82 3521.81 3085.35 3540.77 3794.54 4235.54 4699.93 3333.66 3899.11 4520.23 4596.27 4574.09 4125.9 3482.91 4186.02 3585.7 4563.86 3810.37 4172.77 4852.59 3096.56 4407.25 4553.52 3882.59 4633.07 3871.55 4792.13 3121.71 3755.12 3659.81 4334.56 3113.26 3922.18 3210.98 4148.51 3526.81 3822.39 
0.05 0.79 0.72 0.14 0.37 0.75 0.3 0.46 0.82 0.13 0.64 0.13 0.66 0.07 0.42 0.28 0.46 0.95 0.13 0.71 0.1 0.42 0.37 0.14 0.48 0.54 0.71 0.26 0.44 0.7 0.44 0.21 0.26 0.47 0.58 0.17 0.32 0.14 0.36 0.14 0.4 0.38 0.4 0.65 0.66 0.11 0.81 0.92 0.41 0.43 0.22 0.36 0.98 0.41 0.7 0.31 0.64 0.6 0.84 0.14 0.32 0.47 0.96 0.03 0.13 0.37 0.09 0.4 0.03 0.47 0.41 0.79 0.35 0.1 0.67 0.55 0.65 0.66 0.14 0.58 0.63 0.14 0.44 0.7 0.94 0.08 0.12 0.57 0.78 0.61 0.98 0.27 0.1 0.68 0.67 0.37 0.09 0.56 0.49 0.34 0.41 0.97 0.4 0.79 0.39 0.58 0.23 0.42 0.66 0.61 0.1 0.11 0.69 0.4 0.67 0.13 0.56 0.46 0.58 0.3 0.28 0.93 0.56 0.34 0.44 0.98 0.49 0.49 0.23 0.96 
1.0 0.84 0.84 0.9 1.0 1.0 0.83 0.55 0.91 0.53 0.84 0.82 0.96 0.76 0.93 0.68 1.0 1.0 0.89 1.0 0.62 1.0 0.72 1.0 0.69 0.88 0.56 0.97 0.88 0.68 0.64 0.87 0.94 1.0 1.0 0.91 0.95 0.59 0.63 1.0 0.64 0.88 0.54 1.0 0.51 0.53 0.94 1.0 0.84 0.64 0.65 0.83 0.65 1.0 0.61 0.59 0.56 0.68 0.72 1.0 0.86 0.9 0.51 0.71 0.82 0.98 1.0 0.69 0.66 1.0 0.9 0.79 0.98 0.53 0.77 0.68 0.54 0.93 1.0 0.66 0.88 0.64 0.78 0.67 0.8 0.99 0.87 0.64 0.57 0.77 0.58 0.62 0.79 0.65 0.52 1.0 0.63 0.79 0.59 1.0 0.7 0.72 0.74 0.59 0.81 0.97 0.66 0.86 1.0 1.0 0.58 0.68 1.0 0.88 0.58 0.84 0.77 0.68 1.0 0.53 0.61 0.88 0.97 0.81 0.53 1.0 0.98 0.77 0.69 0.8 
1.0 0.64 1.0 0.57 0.62 1.0 0.93 0.99 0.68 0.55 0.54 0.54 0.74 0.82 0.56 0.82 0.67 0.63 0.87 0.71 1.0 0.55 0.73 0.66 1.0 1.0 0.92 1.0 0.53 0.8 0.67 0.88 0.55 1.0 0.73 0.97 0.99 1.0 0.62 0.84 0.61 1.0 0.88 0.57 0.6 0.67 0.93 0.88 1.0 0.62 0.85 0.8 0.58 0.93 0.96 0.89 0.76 0.74 0.56 1.0 1.0 0.73 0.72 0.57 0.91 1.0 0.78 0.75 0.97 1.0 1.0 0.9 0.67 0.65 0.64 0.55 0.88 0.72 0.8 0.82 0.55 0.57 0.72 0.76 0.91 0.88 0.89 0.84 0.93 1.0 0.97 0.58 0.75 0.66 0.72 0.9 0.68 0.8 0.78 0.97 0.74 0.56 1.0 0.78 1.0 0.61 0.69 0.99 0.73 0.85 0.92 0.77 0.7 0.54 0.84 0.57 0.58 0.76 0.87 0.56 0.74 0.61 0.61 0.65 0.78 0.83 1.0 0.78 0.97 1.0 
1.0 0.55 0.53 0.65 1.0 0.97 0.91 1.0 0.66 0.54 1.0 0.82 0.72 0.96 0.59 0.55 0.56 0.54 0.9 0.6 0.65 0.8 0.64 0.64 0.92 0.71 1.0 0.65 0.85 0.5 0.8 0.65 0.66 0.61 1.0 0.94 0.66 0.64 0.84 0.94 0.98 0.55 0.8 0.61 0.61 1.0 0.52 0.52 0.62 0.86 0.86 1.0 0.72 0.81 0.7 1.0 1.0 0.6 0.62 0.54 0.94 0.66 0.68 0.75 0.78 0.74 0.99 1.0 1.0 0.53 0.77 1.0 0.95 0.9 0.84 0.75 0.53 0.77 0.64 0.74 0.71 0.99 0.61 0.93 0.51 0.76 0.77 0.92 0.83 0.87 0.77 0.91 0.71 0.88 0.76 0.74 0.67 0.98 0.53 0.82 0.55 1.0 0.7 0.72 1.0 0.73 0.79 0.68 0.64 0.95 0.99 0.83 1.0 1.0 0.71 0.99 0.62 0.78 0.96 1.0 0.69 0.69 0.98 0.88 0.52 0.72 0.82 0.79 0.96 0.58 
0.74 0.7 0.8 1.0 0.78 0.88 0.65 0.82 0.59 1.0 0.64 0.65 0.88 0.97 0.74 0.59 0.81 1.0 0.94 0.61 0.6 0.94 0.61 0.59 0.54 0.73 0.78 0.93 0.72 0.72 0.89 0.75 0.97 0.89 0.88 1.0 0.65 0.93 0.67 1.0 0.86 0.72 0.92 1.0 0.88 0.5 0.68 0.85 0.92 1.0 0.71 0.87 1.0 0.88 1.0 0.83 0.93 1.0 0.58 0.89 0.93 0.58 1.0 0.6 0.99 0.73 0.83 0.71 0.68 0.78 0.87 0.93 1.0 0.98 1.0 0.76 0.58 0.97 0.71 0.79 0.72 0.94 0.54 0.69 0.74 0.78 0.54 0.82 0.56 0.55 0.67 0.52 0.94 1.0 0.98 0.66 0.65 0.86 1.0 0.74 0.97 0.63 0.78 0.52 0.78 0.65 0.89 0.92 0.69 0.98 0.92 1.0 0.9 1.0 0.79 0.96 0.66 0.89 0.76 0.73 0.68 0.82 0.94 1.0 0.59 0.95 0.81 0.83 1.0 0.92 
0.74 1.0 0.82 0.81 0.55 0.74 0.68 0.9 0.56 0.98 0.69 0.6 0.83 0.67 0.92 0.72 0.51 0.86 0.81 0.95 0.88 0.88 0.57 1.0 0.8 0.84 1.0 0.5 0.66 1.0 0.56 0.54 0.63 0.98 0.74 1.0 1.0 0.8 0.61 1.0 0.86 0.81 0.78 0.61 0.83 0.64 0.89 0.92 0.99 0.57 1.0 0.62 0.62 1.0 1.0 0.66 0.65 0.83 0.66 1.0 0.94 0.61 0.89 0.82 1.0 0.64 0.55 0.78 0.6 0.61 0.58 1.0 0.75 0.84 0.68 1.0 0.58 1.0 0.92 0.77 0.94 1.0 0.8 0.95 0.96 1.0 0.79 0.92 0.88 0.73 0.95 0.87 0.72 0.97 0.95 0.75 0.68 0.98 0.57 0.81 0.98 0.9 0.57 0.56 0.65 0.88 0.67 0.83 0.69 0.73 0.65 0.9 1.0 0.64 0.8 0.54 0.58 0.76 0.83 0.89 0.89 1.0 0.73 1.0 0.73 0.79 1.0 0.79 1.0 0.85 
0.55 0.2 0.29 0.27 0.26 0.63 0.31 0.41 0.14 0.15 0.2 0.14 0.37 0.39 0.21 0.13 0.16 0.29 0.53 0.24 0.21 0.36 0.12 0.25 0.28 0.38 0.4 0.29 0.19 0.2 0.17 0.2 0.21 0.53 0.47 0.83 0.4 0.28 0.13 0.79 0.28 0.28 0.27 0.21 0.14 0.11 0.28 0.36 0.47 0.2 0.34 0.36 0.17 0.67 0.41 0.29 0.26 0.25 0.1 0.48 0.71 0.15 0.22 0.15 0.58 0.34 0.35 0.29 0.26 0.26 0.35 0.67 0.47 0.26 0.28 0.21 0.08 0.5 0.33 0.25 0.24 0.34 0.15 0.31 0.26 0.52 0.25 0.38 0.22 0.27 0.28 0.15 0.29 0.37 0.26 0.33 0.13 0.52 0.14 0.48 0.27 0.23 0.23 0.1 0.41 0.25 0.21 0.45 0.22 0.57 0.32 0.39 0.63 0.31 0.22 0.24 0.11 0.27 0.53 0.19 0.19 0.3 0.4 0.46 0.09 0.44 0.65 0.32 0.65 0.36 
467.25 2493.42 1130.85 552.95 715.57 1122.86 568.92 941.59 1392.85 428.02 1037.75 605.45 1012.39 310.53 1522.99 509.44 989.16 1825.38 425.89 2373.83 407.78 727.8 511.5 372.63 653.07 1351.73 858.07 483.35 1502.76 960.47 767.66 550.09 492.38 851.9 676.68 421.03 667.93 504.79 519.32 451.59 1042.75 635.28 1497.57 1153.13 1161.77 316.29 2049.18 1898.03 651.14 672.3 521.71 632.03 1982.06 1043.53 984.61 435.98 889.96 1252.86 2128.38 683.03 513.93 905.18 2201.47 440.43 489.7 658.45 393.22 990.02 442.95 1055.39 1003.55 2390.69 567.61 459.79 1152.77 1107.0 1034.93 770.36 504.07 1138.19 2059.9 538.14 671.43 771.18 2486.45 402.96 434.74 800.99 1367.65 912.2 2203.55 542.49 415.15 1009.82 1025.01 591.91 464.48 1036.91 930.65 849.86 882.23 1700.3 686.28 1392.83 516.07 1124.41 403.6 927.4 1282.31 913.8 661.01 563.98 880.58 518.55 808.69 374.79 977.13 1031.17 1649.31 638.77 509.31 2236.19 1109.93 551.36 524.62 1795.81 1103.74 1006.14 496.56 1978.04 
278.8 490.06 346.07 155.84 164.38 674.4 158.83 405.98 157.61 68.35 218.63 71.23 416.22 120.13 326.54 74.86 160.38 542.21 212.57 652.02 80.61 252.7 46.04 87.47 157.12 532.89 344.73 160.45 279.28 168.55 160.43 142.83 87.18 445.73 313.74 354.81 256.69 108.48 65.93 377.41 289.39 207.4 465.61 306.93 168.18 36.79 559.63 650.55 336.75 144.85 181.17 247.66 276.5 719.2 414.74 146.41 220.36 357.39 183.68 314.65 358.68 115.05 608.66 70.15 272.17 255.68 140.73 295.85 125.44 287.58 351.79 1591.88 244.38 117.07 353.34 260.1 83.02 396.43 170.71 307.89 546.97 207.64 90.06 211.35 592.06 200.74 123.3 310.32 327.61 223.47 636.07 73.89 126.13 379.88 220.41 184.26 77.68 583.81 133.46 408.77 195.23 428.48 186.13 141.71 219.69 314.68 79.63 400.84 322.99 483.03 211.59 223.14 552.85 150.66 166.81 86.72 100.76 277.29 888.13 118.53 68.4 721.73 389.03 222.25 61.43 830.81 679.68 328.25 326.53 733.59 
1836.25 11967.1 5154.24 2264.74 3077.84 5114.31 2344.58 4207.97 6464.26 1640.08 4688.77 2527.25 4561.93 1052.63 7114.95 2047.19 4445.81 8626.91 1629.47 11369.16 1538.9 3139.02 2057.52 1363.17 2765.36 6258.66 3790.37 1916.75 7013.81 4302.34 3338.3 2250.45 1961.88 3759.5 2883.41 1605.16 2839.65 2023.95 2096.62 1757.94 4713.74 2676.41 6987.85 5265.64 5308.83 1081.43 9745.88 8990.16 2755.7 2861.5 2108.54 2660.13 9410.31 4717.66 4423.07 1679.9 3949.81 5764.29 10141.88 2915.15 2069.64 4025.91 10507.33 1702.14 1948.48 2792.23 1466.1 4450.09 1714.74 4776.96 4517.75 11453.46 2338.05 1798.96 5263.86 5034.98 4674.66 3351.82 2020.33 5190.93 9799.5 2190.72 2857.16 3355.88 11932.23 1514.82 1673.68 3504.93 6338.27 4061.01 10517.75 2212.47 1575.73 4549.12 4625.05 2459.56 1822.39 4684.56 4153.26 3749.31 3911.17 8001.48 2931.42 6464.15 2080.36 5122.07 1518.01 4137.0 5911.56 4068.99 2805.03 2319.9 3902.88 2092.74 3543.43 1373.96 4385.64 4655.84 7746.55 2693.83 2046.53 10680.94 5049.67 2256.8 2123.1 8479.04 5018.71 4530.72 1982.8 9390.22 
894.01 1950.31 1230.34 279.22 321.88 2872.0 294.13 1529.9 288.07 -158.26 593.13 -143.86 1581.09 100.63 1132.69 -125.7 301.92 2211.05 562.83 2760.08 -96.94 763.51 -269.78 -62.63 285.6 2164.44 1223.67 302.27 896.42 342.76 302.17 214.14 -64.08 1728.65 1068.72 1274.05 783.43 42.41 -170.34 1387.04 946.96 536.99 1828.03 1034.66 340.91 -316.04 2298.16 2752.73 1183.75 224.23 405.87 738.31 882.49 3096.01 1573.69 232.06 601.79 1286.93 418.41 1073.23 1293.39 75.25 2543.3 -149.23 860.83 778.38 203.67 979.24 127.22 937.9 1258.93 7459.4 721.88 85.34 1266.71 800.49 -84.88 1482.14 353.57 1039.45 2234.86 538.21 -49.7 556.76 2460.3 503.71 116.49 1051.59 1138.06 617.37 2680.37 -130.54 130.66 1399.42 602.07 421.32 -111.58 2419.03 167.29 1543.85 476.17 1642.42 430.63 208.56 598.44 1073.42 -101.83 1504.21 1114.95 1915.15 557.94 615.69 2264.25 253.31 334.06 -66.38 3.82 886.47 3940.65 92.66 -158.01 3108.65 1445.13 611.27 -192.87 3654.04 2898.41 1141.25 1132.67 3167.97 
108.12 106.33 183.25 170.13 192.4 184.77 129.05 147.62 182.51 89.0 136.55 165.14 129.3 142.12 137.76 182.4 181.73 113.17 102.96 159.53 164.25 179.77 62.38 165.44 92.2 125.91 189.97 123.7 147.67 188.86 194.11 137.4 104.03 183.03 123.21 68.8 173.73 119.34 92.39 95.75 186.46 185.89 134.83 139.21 105.63 107.96 153.21 77.03 179.91 91.74 98.7 142.78 110.21 103.51 146.76 92.39 186.87 151.62 104.9 114.73 122.91 187.82 144.97 133.79 123.84 187.01 80.33 149.09 103.47 101.87 182.15 151.47 188.68 117.13 104.42 138.75 137.34 193.91 162.9 140.13 157.72 160.53 173.0 190.53 108.91 124.85 133.9 131.88 139.49 179.44 114.07 124.09 120.47 146.75 105.65 92.56 106.22 151.78 169.42 188.0 133.35 116.97 180.81 183.85 182.96 165.04 104.49 167.44 143.43 182.55 152.41 166.91 194.1 123.86 176.29 136.61 155.3 185.32 77.43 191.69 93.65 150.2 146.39 173.38 124.53 117.67 64.22 124.46 141.07 114.67 
144 141 274 255 288 277 172 221 273 89 204 247 193 213 206 273 272 150 137 239 246 269 62 248 122 167 284 185 221 283 291 206 138 274 164 68 260 159 123 95 279 278 202 208 140 143 229 77 269 91 131 190 146 138 195 123 280 227 139 152 184 281 217 200 185 280 80 223 137 135 273 227 283 156 139 184 206 290 244 210 236 240 259 285 145 187 200 175 185 269 152 186 160 195 140 123 141 227 254 281 200 155 271 275 274 247 139 251 215 273 228 250 291 185 264 182 232 277 77 287 124 225 219 260 186 156 64 165 211 152 
1087 1226 1254 980 592 267 1465 1559 1108 1043 973 1594 618 1448 488 877 812 1633 736 1594 1647 1606 161 1313 858 704 1046 582 1554 1019 769 1440 1019 1595 1570 716 1596 857 1271 775 7 531 331 570 1295 113 1085 1154 1535 350 688 428 388 750 438 1547 1611 545 536 1162 397 1094 1438 1534 1577 1312 1124 1085 1498 1338 156 644 850 581 1535 948 1224 489 176 1654 1394 861 1527 439 45 757 1193 1146 113 219 645 1468 328 734 13 1142 197 190 1301 417 36 1251 831 982 1580 1345 286 238 1251 1020 1040 71 302 450 1062 751 19 864 375 138 473 523 806 752 1002 484 814 248 1594 1238 
1680 1653 1680 1478 901 718 1680 1680 1680 1612 1680 1680 1680 1680 1680 1680 1680 1680 1680 1680 1680 1680 1250 1680 1215 966 1680 1647 1680 1680 1574 1680 1680 1680 1680 1680 1680 1680 1680 1680 1639 1680 1396 1680 1680 1367 1680 1680 1680 1274 1680 997 1170 1680 1645 1680 1680 783 1680 1400 1415 1680 1680 1680 1680 1680 1680 1607 1680 1680 583 1638 1490 1680 1680 1680 1486 1680 1643 1680 1680 1548 1680 1575 1536 1468 1668 1314 966 1473 1072 1680 1680 1680 1007 1680 1121 1421 1680 1033 1621 1680 1680 1244 1680 1680 1658 996 1680 1680 1680 995 706 1680 1230 1680 1013 1680 1680 707 1680 1680 1680 1132 1311 1526 1147 1384 1680 1595 
5
0.0 0.0 0.0 0.0 0.0 
0.0 100.0 0.0 100.0 0.0 
0 100 0 100 0 32 11 50 86 44 57 76 84 44 87 126 100 76 56 23 95 101 55 66 87 74 84 76 108 21 23 84 98 56 79 119 20 40 99 84 79 32 31 57 106 87 79 79 81 82 63 108 88 89 100 33 61 52 50 81 44 76 92 35 27 20 88 87 60 54 76 76 48 31 73 68 63 99 81 16 44 76 123 92 91 87 68 48 28 25 118 52 34 19 109 84 51 76 81 72 33 22 80 62 72 88 57 30 85 44 69 32 91 44 87 46 71 68 98 48 37 113 95 113 71 28 106 114 90 86 84 97 44 84 76 
100 0 100 0 100 67 90 52 70 61 84 25 60 85 81 96 118 89 73 90 38 86 60 52 71 70 76 106 94 78 77 43 64 51 45 103 87 74 127 32 103 74 71 54 77 116 79 68 57 39 52 110 91 76 79 66 56 48 62 35 57 88 121 66 73 88 20 113 76 49 51 107 60 68 27 63 91 130 37 83 76 29 94 67 70 122 37 82 80 76 84 76 90 82 83 32 98 24 20 27 90 77 73 93 35 65 58 73 107 84 97 82 52 60 117 90 53 36 129 56 64 91 125 72 32 72 109 103 23 107 17 84 68 111 41 
0 100 0 100 0 32 11 50 86 44 57 76 84 44 87 126 100 76 56 23 95 101 55 66 87 74 84 76 108 21 23 84 98 56 79 119 20 40 99 84 79 32 31 57 106 87 79 79 81 82 63 108 88 89 100 33 61 52 50 81 44 76 92 35 27 20 88 87 60 54 76 76 48 31 73 68 63 99 81 16 44 76 123 92 91 87 68 48 28 25 118 52 34 19 109 84 51 76 81 72 33 22 80 62 72 88 57 30 85 44 69 32 91 44 87 46 71 68 98 48 37 113 95 113 71 28 106 114 90 86 84 97 44 84 76 
100 0 100 0 100 67 90 52 70 61 84 25 60 85 81 96 118 89 73 90 38 86 60 52 71 70 76 106 94 78 77 43 64 51 45 103 87 74 127 32 103 74 71 54 77 116 79 68 57 39 52 110 91 76 79 66 56 48 62 35 57 88 121 66 73 88 20 113 76 49 51 107 60 68 27 63 91 130 37 83 76 29 94 67 70 122 37 82 80 76 84 76 90 82 83 32 98 24 20 27 90 77 73 93 35 65 58 73 107 84 97 82 52 60 117 90 53 36 129 56 64 91 125 72 32 72 109 103 23 107 17 84 68 111 41 
0 100 0 100 0 32 11 50 86 44 57 76 84 44 87 126 100 76 56 23 95 101 55 66 87 74 84 76 108 21 23 84 98 56 79 119 20 40 99 84 79 32 31 57 106 87 79 79 81 82 63 108 88 89 100 33 61 52 50 81 44 76 92 35 27 20 88 87 60 54 76 76 48 31 73 68 63 99 81 16 44 76 123 92 91 87 68 48 28 25 118 52 34 19 109 84 51 76 81 72 33 22 80 62 72 88 57 30 85 44 69 32 91 44 87 46 71 68 98 48 37 113 95 113 71 28 106 114 90 86 84 97 44 84 76 
32 67 32 67 32 0 22 20 66 18 46 44 60 37 69 106 93 64 40 27 66 83 31 39 66 55 65 72 91 10 10 56 74 27 52 102 23 25 97 54 72 16 8 30 85 84 62 58 57 53 37 97 74 70 80 1 35 20 27 51 13 63 89 7 5 23 56 82 45 23 49 72 22 1 41 46 55 98 52 16 30 44 103 70 70 87 36 38 20 10 97 37 33 15 89 54 51 44 49 40 33 9 60 55 42 66 32 12 78 36 62 25 65 16 84 42 45 37 97 19 9 95 93 89 39 7 95 99 58 79 52 79 24 80 47 
11 90 11 90 11 22 0 39 75 33 47 66 72 34 76 115 91 66 45 14 83 91 43 54 76 63 73 68 97 12 12 72 86 44 68 108 9 29 92 73 70 21 19 46 95 80 68 67 70 70 52 99 78 78 89 23 49 41 39 70 33 66 85 24 16 10 77 79 49 43 64 68 36 21 63 57 54 92 70 6 33 65 112 81 80 80 57 38 17 13 107 41 25 8 98 73 43 66 71 62 24 13 68 53 61 77 45 18 77 34 60 22 79 32 79 37 59 57 91 36 26 103 88 102 60 17 97 104 79 78 74 86 32 76 65 
50 52 50 52 50 20 39 0 48 8 39 27 42 36 54 88 84 53 29 37 45 67 16 20 49 40 50 65 75 29 27 35 55 8 32 87 35 22 89 34 64 21 19 12 66 77 48 42 38 32 18 84 61 53 63 18 17 5 14 31 6 52 82 14 23 35 38 75 34 3 30 66 9 19 25 30 48 92 31 34 26 26 85 52 52 81 17 33 27 25 78 29 38 31 71 34 50 28 32 25 38 28 45 49 22 48 15 21 70 34 55 30 45 7 77 41 26 18 90 3 12 78 87 70 21 21 82 84 39 71 35 63 17 72 27 
86 70 86 70 86 66 75 48 0 47 33 53 10 45 10 40 47 24 30 64 34 19 34 28 0 12 6 41 27 71 67 27 14 41 25 38 66 45 57 39 36 54 60 36 19 49 12 7 13 31 31 40 20 5 14 64 31 52 38 35 54 22 52 58 66 66 50 44 27 46 21 42 43 64 54 19 34 61 33 73 42 47 37 7 5 56 44 39 58 64 32 34 55 69 23 38 49 56 54 56 56 70 7 36 41 6 33 58 38 44 36 54 19 49 50 46 23 45 60 48 56 29 57 28 48 63 38 36 47 39 56 15 43 44 32 
44 61 44 61 44 18 33 8 47 0 32 36 42 27 52 88 78 48 24 29 50 66 13 22 48 37 48 58 74 24 21 39 56 11 35 85 27 14 83 40 58 13 13 13 66 71 45 40 39 37 19 80 57 52 62 16 17 13 9 37 7 47 76 10 19 28 45 68 29 11 32 59 4 17 33 28 42 85 37 29 18 33 85 52 52 74 25 26 19 19 79 23 29 25 71 40 41 37 40 33 29 24 43 42 29 48 14 14 64 26 49 21 47 2 71 33 27 25 84 5 8 77 80 72 29 16 78 82 46 65 44 61 9 66 32 
57 84 57 84 57 46 47 39 33 32 0 60 36 12 30 70 46 18 10 34 58 45 24 31 34 22 29 26 51 47 43 46 47 35 42 61 37 21 50 54 26 30 38 31 52 38 22 27 35 47 31 51 31 34 44 45 28 44 25 50 40 18 43 39 44 37 64 36 8 40 35 26 30 45 59 22 9 52 49 48 16 55 66 40 39 42 48 8 30 40 64 9 24 43 54 54 16 62 63 60 24 47 25 9 48 38 26 35 32 13 16 25 46 35 38 13 32 48 51 36 39 57 48 61 52 41 49 57 63 33 66 40 23 33 44 
76 25 76 25 76 44 66 27 53 36 60 0 43 60 62 86 98 67 49 65 30 71 35 29 54 50 57 83 79 54 53 28 51 26 27 89 62 48 106 17 81 49 46 29 65 95 59 49 39 22 28 93 71 58 64 43 32 24 37 18 32 66 99 41 49 63 12 91 52 24 31 84 34 44 3 41 68 109 20 60 50 6 84 52 54 100 12 57 55 52 74 51 64 58 70 18 73 3 5 5 65 54 53 69 12 49 33 48 85 59 74 57 39 35 95 65 31 11 107 30 39 78 104 64 7 48 91 89 16 86 8 68 43 89 21 
84 60 84 60 84 60 72 42 10 42 36 43 0 46 20 46 57 31 30 63 25 28 29 21 11 14 15 49 36 67 63 16 13 34 15 46 64 43 67 28 45 51 55 30 24 58 20 9 3 21 23 50 30 15 22 58 24 45 34 25 47 30 62 53 61 64 40 54 28 39 12 50 38 59 45 15 39 71 23 70 41 37 43 10 11 64 35 40 55 60 36 34 56 65 29 28 52 46 44 47 56 66 13 41 31 6 28 55 48 45 42 52 10 44 59 48 15 36 69 41 51 36 66 29 38 58 48 46 36 48 46 25 40 53 22 
44 85 44 85 44 37 34 36 45 27 12 60 46 0 43 82 57 31 16 21 65 57 25 35 45 33 41 34 64 36 32 53 58 34 48 74 25 13 59 59 36 21 29 31 64 47 35 38 44 53 34 64 43 46 57 37 30 41 23 55 35 31 52 31 34 24 67 45 18 37 42 35 26 36 59 30 19 60 54 36 10 57 79 51 50 49 48 5 19 29 76 11 11 31 67 58 14 62 65 60 11 36 37 18 50 48 28 26 42 1 26 13 55 29 46 5 38 49 59 32 31 70 56 73 53 31 62 70 67 43 68 53 18 42 48 
87 81 87 81 87 69 76 54 10 52 30 62 20 43 0 39 36 15 30 64 45 14 39 36 10 14 5 32 21 73 70 37 23 47 36 33 66 47 46 49 27 56 63 42 22 38 7 13 23 42 38 30 9 6 14 68 37 59 42 46 59 14 42 62 69 66 61 34 26 53 30 33 48 68 64 24 28 50 44 75 42 56 36 16 14 45 53 38 58 66 34 34 54 70 24 48 44 66 64 66 54 73 9 31 50 17 39 61 28 43 28 54 30 54 39 43 31 54 49 53 60 26 46 34 57 66 28 29 57 28 66 10 46 33 41 
126 96 126 96 126 106 115 88 40 88 70 86 46 82 39 0 53 53 69 103 58 25 75 68 39 51 41 64 20 111 108 58 34 80 60 15 106 86 65 69 58 95 100 76 21 64 47 48 50 63 70 35 41 37 26 104 71 92 79 67 94 52 64 98 106 105 79 60 65 86 58 65 84 105 89 59 66 69 66 114 82 80 3 36 36 71 81 77 97 104 12 74 93 109 17 68 82 89 86 91 94 111 46 69 76 40 74 99 56 83 64 93 47 90 65 83 62 81 68 88 97 12 66 23 83 103 36 21 74 55 86 29 84 61 66 
100 118 100 118 100 93 91 84 47 78 46 98 57 57 36 53 0 31 54 77 82 37 67 69 47 47 41 23 34 94 90 74 58 78 72 37 81 68 12 86 21 77 85 73 50 14 38 49 60 78 70 17 26 42 44 92 68 89 70 82 86 31 12 86 91 81 97 12 49 83 66 23 75 92 98 57 38 16 80 93 63 92 50 52 49 19 87 55 76 86 56 56 66 88 48 85 48 100 100 100 66 93 44 38 85 53 69 82 14 58 31 70 67 81 15 54 66 88 15 81 85 43 13 62 91 88 16 31 94 13 102 36 70 15 77 
76 89 76 89 76 64 66 53 24 48 18 67 31 31 15 53 31 0 24 52 57 28 37 38 24 18 17 17 33 66 62 47 38 47 43 43 56 39 38 57 13 49 56 42 38 27 11 22 33 50 39 33 12 22 30 62 37 58 39 53 56 1 31 56 62 55 69 23 19 52 37 18 44 62 68 26 13 41 52 66 34 62 50 31 28 33 56 27 49 58 49 26 42 61 39 57 29 70 70 69 42 65 17 15 55 30 38 54 17 32 12 44 42 50 28 30 36 57 39 51 55 40 36 50 61 59 31 38 66 18 73 24 40 21 48 
56 73 56 73 56 40 45 29 30 24 10 49 30 16 30 69 54 24 0 34 49 45 14 21 31 18 27 35 52 43 39 37 42 25 33 63 36 16 59 44 34 26 32 21 49 47 23 22 28 38 21 56 34 32 43 38 17 35 15 40 32 23 52 32 39 36 54 45 4 30 26 36 20 39 49 14 18 62 39 44 12 44 66 36 35 51 37 10 28 35 62 4 26 39 53 44 25 51 53 50 26 42 23 20 38 33 16 30 40 15 25 23 39 26 48 19 22 38 60 27 31 57 57 58 42 35 54 60 53 41 56 40 16 42 34 
23 90 23 90 23 27 14 37 64 29 34 65 63 21 64 103 77 52 34 0 77 78 36 47 65 52 61 54 85 20 18 66 76 40 61 96 5 19 78 68 56 15 20 40 84 65 56 57 60 64 45 85 65 66 77 27 42 41 32 65 33 53 70 25 21 4 74 65 37 40 56 54 31 25 62 47 40 78 65 17 22 63 100 70 69 66 54 25 9 16 96 29 11 14 87 68 29 65 70 62 10 20 57 39 58 67 38 17 62 20 46 10 71 30 65 23 51 55 77 34 26 91 74 92 58 20 83 91 75 63 73 74 24 62 59 
95 38 95 38 95 66 83 45 34 50 58 30 25 65 45 58 82 57 49 77 0 48 41 30 35 38 40 74 56 74 72 12 26 39 16 64 77 58 92 13 70 63 64 37 39 83 45 35 24 13 32 72 55 39 41 64 35 46 45 14 52 55 87 60 69 77 21 79 49 42 22 75 47 65 33 35 63 96 13 79 57 25 56 30 32 90 30 60 68 70 46 53 73 76 44 12 74 33 28 36 73 74 39 65 24 28 39 65 73 64 67 67 15 51 84 68 26 30 94 47 58 52 91 34 30 67 71 65 16 73 28 47 53 78 18 
101 86 101 86 101 83 91 67 19 66 45 71 28 57 14 25 37 28 45 78 48 0 52 47 18 28 17 41 8 88 84 44 22 59 43 19 81 61 49 56 36 71 77 55 13 44 22 25 31 49 49 24 17 14 7 82 49 71 56 53 72 27 46 76 83 81 67 40 41 65 40 42 61 82 73 37 41 53 51 90 57 65 21 19 17 51 63 53 73 81 21 49 69 85 11 55 57 74 72 75 69 87 23 44 59 22 52 75 34 58 40 68 33 68 45 58 42 64 52 66 74 12 49 25 66 80 23 17 63 34 73 4 60 40 50 
55 60 55 60 55 31 43 16 34 13 24 35 29 25 39 75 67 37 14 36 41 52 0 11 35 24 34 50 60 37 34 30 43 10 25 71 36 16 74 33 48 22 26 6 53 62 32 27 26 29 9 68 45 38 48 29 6 21 4 30 20 36 67 23 32 36 42 59 18 15 20 50 9 30 35 15 33 76 29 40 16 31 71 38 38 66 23 21 27 31 65 15 31 36 57 33 38 37 40 35 32 36 29 34 25 34 2 25 54 24 40 26 36 15 62 30 16 24 75 14 22 63 71 59 28 29 66 69 41 54 43 48 11 56 23 
66 52 66 52 66 39 54 20 28 22 31 29 21 35 36 68 69 38 21 47 30 47 11 0 29 21 31 54 56 46 43 18 34 12 14 67 47 27 76 23 51 33 35 8 46 65 31 22 17 18 2 66 44 33 42 37 5 23 15 19 26 37 70 32 41 47 33 62 23 18 10 55 17 38 29 12 39 79 18 50 27 23 65 31 32 70 18 30 38 41 58 24 42 46 51 23 46 32 32 31 43 46 26 40 17 27 8 35 56 34 45 37 25 23 66 39 5 18 78 20 30 57 74 50 22 38 64 65 31 57 35 43 22 60 13 
87 71 87 71 87 66 76 49 0 48 34 54 11 45 10 39 47 24 31 65 35 18 35 29 0 12 6 41 26 72 68 27 14 42 26 37 67 46 57 39 36 55 61 37 18 49 13 8 14 32 32 39 20 4 13 65 32 53 39 36 55 22 52 59 67 67 51 44 27 47 22 42 44 65 55 20 34 61 34 74 43 47 36 6 5 55 45 40 58 65 31 35 56 70 22 39 49 57 55 57 57 71 8 37 42 6 34 59 38 45 36 54 19 50 50 47 24 46 59 49 57 28 56 27 49 64 37 35 47 39 57 14 44 44 32 
74 70 74 70 74 55 63 40 12 37 22 50 14 33 14 51 47 18 18 52 38 28 24 21 12 0 10 36 36 59 56 28 25 32 25 47 54 34 56 39 32 43 49 27 31 46 9 5 14 31 23 44 22 14 25 53 22 44 28 35 44 17 50 47 55 54 50 42 15 38 19 37 33 54 51 9 24 59 33 62 30 44 48 18 17 52 39 27 46 53 44 22 43 57 35 38 38 53 52 52 44 59 5 27 37 15 24 47 36 32 28 42 25 39 46 35 18 40 58 38 46 39 54 40 43 52 42 44 47 36 54 23 32 40 29 
84 76 84 76 84 65 73 50 6 48 29 57 15 41 5 41 41 17 27 61 40 17 34 31 6 10 0 35 25 70 66 32 20 42 30 37 64 44 51 44 30 53 59 37 22 43 7 8 18 36 33 35 14 5 15 64 32 54 38 40 54 16 46 58 65 63 55 38 23 48 25 36 43 64 58 19 28 55 38 72 40 51 38 13 10 49 48 36 56 63 34 32 52 67 25 43 44 60 59 60 53 69 5 31 45 12 34 57 32 41 30 51 25 50 44 42 26 48 54 48 56 29 50 33 51 62 34 34 52 33 61 13 42 37 36 
76 106 76 106 76 72 68 65 41 58 26 83 49 34 32 64 23 17 35 54 74 41 50 54 41 36 35 0 43 71 67 64 55 60 61 51 58 47 24 75 5 55 63 56 53 12 29 39 50 67 55 34 24 39 45 71 52 70 51 71 66 19 17 65 69 58 86 10 31 65 54 1 56 70 83 42 16 26 69 70 42 78 61 48 46 16 72 33 54 64 63 35 43 66 53 74 25 86 87 85 43 71 35 16 71 48 51 60 9 36 9 48 60 61 12 31 53 73 25 62 64 52 21 65 76 66 33 45 83 10 89 38 49 7 65 
108 94 108 94 108 91 97 75 27 74 51 79 36 64 21 20 34 33 52 85 56 8 60 56 26 36 25 43 0 95 91 52 30 68 52 11 88 69 46 64 37 78 85 63 18 44 29 33 40 57 58 18 20 22 15 90 58 80 64 61 80 32 44 83 91 87 75 39 48 74 48 44 69 90 81 45 46 51 59 97 64 73 17 27 25 50 71 59 80 88 21 56 75 92 14 63 62 83 80 83 75 95 30 49 68 30 60 83 35 64 44 75 42 76 45 63 51 72 49 74 82 9 47 29 75 88 18 9 71 34 81 12 68 40 58 
21 78 21 78 21 10 12 29 71 24 47 54 67 36 73 111 94 66 43 20 74 88 37 46 72 59 70 71 95 0 3 64 80 35 60 106 15 26 96 63 73 17 11 38 90 83 66 63 63 61 44 99 77 74 85 11 42 30 32 60 22 65 88 14 5 16 66 82 47 32 57 71 29 9 51 52 56 96 61 5 31 54 108 76 75 85 46 38 17 7 103 39 29 6 94 63 48 54 59 50 29 0 65 55 51 72 38 12 79 35 62 23 72 23 83 40 52 46 96 27 16 99 92 96 49 8 97 103 68 80 62 83 27 79 56 
23 77 23 77 23 10 12 27 67 21 43 53 63 32 70 108 90 62 39 18 72 84 34 43 68 56 66 67 91 3 0 61 77 33 57 103 13 22 92 61 69 13 8 35 87 79 62 60 60 59 41 95 73 71 81 11 39 29 29 58 21 61 85 12 4 14 64 78 44 30 54 68 25 9 50 48 52 93 58 7 27 53 104 72 72 81 44 34 13 3 99 35 26 4 91 61 44 53 58 49 26 3 61 51 49 68 35 8 75 31 58 19 69 21 79 36 49 45 92 25 14 96 88 93 47 5 93 99 66 76 61 79 24 75 53 
84 43 84 43 84 56 72 35 27 39 46 28 16 53 37 58 74 47 37 66 12 44 30 18 27 28 32 64 52 64 61 0 23 28 4 61 66 46 83 12 60 52 53 26 37 74 36 25 14 5 20 67 47 32 37 54 23 37 34 9 42 45 78 49 58 66 23 70 38 32 10 65 36 55 30 23 51 87 7 68 45 21 56 24 26 80 23 47 57 59 47 41 61 65 42 11 62 31 28 32 61 63 29 54 18 21 27 54 64 52 56 55 11 40 74 56 14 23 86 37 47 50 82 37 24 56 65 61 19 64 29 41 41 68 9 
98 64 98 64 98 74 86 55 14 56 47 51 13 58 23 34 58 38 42 76 26 22 43 34 14 25 20 55 30 80 77 23 0 47 25 38 78 57 69 35 50 65 69 43 13 62 27 20 17 29 37 47 32 16 15 72 38 57 47 33 61 37 65 66 75 78 46 57 40 52 24 56 51 73 54 29 48 73 31 84 54 45 32 7 9 69 46 53 69 74 23 47 68 79 19 34 63 55 52 56 69 80 22 51 41 9 42 68 51 58 50 66 12 57 63 60 28 46 72 55 64 27 69 15 48 72 46 39 41 52 52 21 54 57 32 
56 51 56 51 56 27 44 8 41 11 35 26 34 34 47 80 78 47 25 40 39 59 10 12 42 32 42 60 68 35 33 28 47 0 24 79 39 22 84 28 59 25 25 4 58 72 41 34 30 25 10 77 54 45 55 25 10 11 10 25 14 46 77 21 30 39 34 69 29 5 22 61 9 27 24 23 44 87 25 40 24 23 77 44 44 77 14 31 31 31 70 26 38 36 63 28 48 27 30 25 39 35 37 45 17 39 9 26 64 33 51 31 37 12 73 39 18 15 85 8 19 70 82 62 18 27 75 77 35 65 33 55 17 67 20 
79 45 79 45 79 52 68 32 25 35 42 27 15 48 36 60 72 43 33 61 16 43 25 14 26 25 30 61 52 60 57 4 25 24 0 62 61 41 81 13 57 47 49 22 38 71 33 22 12 6 16 65 45 31 37 50 19 33 29 10 38 42 75 45 54 61 25 67 33 28 6 62 31 51 29 19 47 84 8 64 40 21 57 24 26 77 20 43 52 54 48 37 56 60 43 13 58 30 28 31 57 59 27 50 16 21 23 49 61 47 53 51 13 36 72 52 10 21 83 33 43 51 79 39 23 52 64 61 22 61 30 40 36 65 6 
119 103 119 103 119 102 108 87 38 85 61 89 46 74 33 15 37 43 63 96 64 19 71 67 37 47 37 51 11 106 103 61 38 79 62 0 99 80 49 73 46 89 96 74 25 49 40 45 50 66 69 20 31 33 24 101 69 90 75 71 91 43 49 95 102 98 84 45 59 85 59 52 80 101 91 56 56 54 69 108 75 83 14 37 35 56 82 70 91 99 22 67 85 103 19 72 72 92 90 93 86 106 42 59 78 40 71 94 42 75 53 86 50 87 51 74 61 83 52 85 93 11 51 33 85 99 21 6 79 41 91 23 79 47 68 
20 87 20 87 20 23 9 35 66 27 37 62 64 25 66 106 81 56 36 5 77 81 36 47 67 54 64 58 88 15 13 66 78 39 61 99 0 20 82 67 61 14 16 39 86 70 58 59 61 64 45 89 68 69 80 23 42 38 32 64 30 56 75 21 17 0 73 69 40 38 57 59 30 21 60 48 44 83 64 12 24 61 102 72 71 71 52 28 8 12 98 31 15 9 89 67 34 63 67 59 15 15 59 43 56 68 38 14 67 24 50 12 72 28 70 27 52 53 82 32 23 93 79 93 56 16 87 94 74 68 71 76 24 66 59 
40 74 40 74 40 25 29 22 45 14 21 48 43 13 47 86 68 39 16 19 58 61 16 27 46 34 44 47 69 26 22 46 57 22 41 80 20 0 71 49 47 9 17 21 65 59 39 38 41 45 25 72 50 48 59 24 22 27 12 46 21 39 64 18 23 20 57 57 21 24 36 47 14 23 47 28 30 73 45 28 5 45 82 51 51 62 37 13 12 19 78 12 16 23 69 49 27 50 53 47 16 26 39 30 40 48 18 14 53 12 37 9 51 16 59 19 31 38 72 19 18 73 68 73 41 19 70 76 57 54 56 57 5 54 40 
99 127 99 127 99 97 92 89 57 83 50 106 67 59 46 65 12 38 59 78 92 49 74 76 57 56 51 24 46 96 92 83 69 84 81 49 82 71 0 95 25 80 88 80 62 12 47 58 69 87 77 29 37 53 55 96 75 95 75 91 91 39 7 90 93 81 106 14 55 89 75 24 80 95 106 64 41 4 89 95 66 100 62 63 60 12 94 58 78 89 68 60 67 90 60 94 48 108 109 108 67 95 54 41 93 64 75 85 20 60 34 72 77 86 12 55 74 95 3 87 89 55 3 74 99 90 28 43 103 19 111 48 74 17 86 
84 32 84 32 84 54 73 34 39 40 54 17 28 59 49 69 86 57 44 68 13 56 33 23 39 39 44 75 64 63 61 12 35 28 13 73 67 49 95 0 71 53 53 28 48 85 47 36 25 7 24 79 59 44 48 52 28 33 37 4 40 56 89 48 57 68 11 81 46 30 20 75 37 53 20 32 61 98 5 68 50 12 67 36 38 91 17 54 59 59 57 48 65 65 54 0 70 20 16 22 66 62 41 63 11 33 31 54 75 57 66 59 22 40 85 63 22 17 97 36 46 62 93 46 16 55 77 73 8 75 17 53 44 79 10 
79 103 79 103 79 72 70 64 36 58 26 81 45 36 27 58 21 13 34 56 70 36 48 51 36 32 30 5 37 73 69 60 50 59 57 46 61 47 25 71 0 56 64 54 47 13 24 35 46 63 52 30 19 33 40 71 50 69 50 67 66 15 18 65 70 60 82 10 30 64 51 6 55 71 81 39 17 27 65 72 42 75 55 43 41 19 69 34 55 65 57 35 45 67 47 70 28 83 84 82 46 72 31 17 69 43 50 61 6 37 10 49 55 60 14 33 49 70 26 61 65 46 23 60 74 67 28 40 80 7 86 32 49 8 61 
32 74 32 74 32 16 21 21 54 13 30 49 51 21 56 95 77 49 26 15 63 71 22 33 55 43 53 55 78 17 13 52 65 25 47 89 14 9 80 53 56 0 8 25 74 68 49 47 48 50 31 82 60 58 68 16 28 25 18 50 17 48 73 11 13 14 59 66 30 24 43 56 16 15 47 36 39 81 50 18 14 47 92 60 59 70 38 22 6 9 87 22 17 14 78 53 34 50 54 46 18 16 48 39 42 56 24 5 62 19 46 9 58 14 67 25 38 39 80 18 12 83 77 81 42 10 80 86 60 63 57 66 11 63 44 
31 71 31 71 31 8 19 19 60 13 38 46 55 29 63 100 85 56 32 20 64 77 26 35 61 49 59 63 85 11 8 53 69 25 49 96 16 17 88 53 64 8 0 27 79 76 55 52 52 51 33 89 67 63 74 7 31 22 21 50 13 56 81 4 6 17 57 74 37 23 46 64 17 7 43 41 47 89 50 15 22 45 97 64 64 78 37 30 12 5 91 29 25 11 83 53 42 46 51 43 25 10 54 47 41 61 27 3 70 27 54 17 61 12 75 33 41 37 88 17 7 88 85 85 40 3 87 92 59 71 54 72 16 71 45 
57 54 57 54 57 30 46 12 36 13 31 29 30 31 42 76 73 42 21 40 37 55 6 8 37 27 37 56 63 38 35 26 43 4 22 74 39 21 80 28 54 25 27 0 54 68 36 29 26 24 6 72 49 41 50 29 5 16 8 24 17 41 73 23 32 40 35 65 24 10 19 57 9 30 28 18 39 82 24 42 22 25 73 39 40 72 17 28 31 32 66 22 37 38 59 28 44 31 33 29 37 37 32 41 19 35 4 27 59 30 46 30 34 14 68 36 14 17 81 11 21 65 77 59 21 30 70 72 36 60 36 51 16 62 19 
106 77 106 77 106 85 95 66 19 66 52 65 24 64 22 21 50 38 49 84 39 13 53 46 18 31 22 53 18 90 87 37 13 58 38 25 86 65 62 48 47 74 79 54 0 57 29 27 28 42 48 36 28 17 7 83 49 70 57 46 72 37 59 77 85 86 59 52 46 64 37 54 62 84 68 38 50 66 44 93 62 59 19 14 14 64 59 59 77 84 12 54 75 88 5 48 66 68 65 70 75 90 26 53 55 18 52 78 47 64 50 73 26 68 58 65 40 60 65 66 75 13 62 12 61 82 36 26 54 47 66 15 63 53 45 
87 116 87 116 87 84 80 77 49 71 38 95 58 47 38 64 14 27 47 65 83 44 62 65 49 46 43 12 44 83 79 74 62 72 71 49 70 59 12 85 13 68 76 68 57 0 38 49 60 77 66 30 29 45 50 83 63 83 63 81 79 28 5 77 81 69 96 4 43 77 65 11 68 83 95 53 29 14 79 82 54 89 61 55 53 7 83 46 66 76 65 48 54 78 56 84 36 97 98 96 55 83 44 29 82 56 63 73 10 48 22 60 68 73 1 43 63 84 13 75 77 53 9 70 88 78 29 43 93 10 100 42 61 5 75 
79 79 79 79 79 62 68 48 12 45 22 59 20 35 7 47 38 11 23 56 45 22 32 31 13 9 7 29 29 66 62 36 27 41 33 40 58 39 47 47 24 49 55 36 29 38 0 10 22 39 32 35 13 11 22 61 31 53 35 43 52 10 42 54 61 58 59 33 18 47 27 30 41 61 60 18 21 51 41 67 35 53 44 20 17 44 48 30 51 58 41 27 46 63 31 46 37 62 61 61 47 65 6 24 46 19 32 53 27 35 23 46 31 47 38 36 27 49 49 46 53 34 46 40 53 58 33 37 56 28 63 17 38 32 38 
79 68 79 68 79 58 67 42 7 40 27 49 9 38 13 48 49 22 22 57 35 25 27 22 8 5 8 39 33 63 60 25 20 34 22 45 59 38 58 36 35 47 52 29 27 49 10 0 11 29 24 44 22 11 21 56 24 46 31 33 46 20 52 50 58 58 48 44 20 40 17 40 36 57 50 11 29 62 31 66 34 42 44 13 12 55 39 32 50 56 39 27 48 61 31 36 43 52 51 52 49 63 4 32 36 10 26 51 38 37 32 46 20 42 49 40 17 40 60 40 49 36 57 35 43 55 42 42 45 39 53 21 36 43 28 
81 57 81 57 81 57 70 38 13 39 35 39 3 44 23 50 60 33 28 60 24 31 26 17 14 14 18 50 40 63 60 14 17 30 12 50 61 41 69 25 46 48 52 26 28 60 22 11 0 18 20 53 33 18 25 55 21 41 31 22 44 31 64 49 58 61 37 55 27 35 8 51 34 56 41 13 39 73 20 67 38 33 47 13 14 66 31 38 53 57 40 33 54 62 33 25 51 43 41 43 54 63 15 41 28 9 25 52 49 43 43 50 11 40 60 47 11 32 71 38 47 40 68 32 34 55 51 49 34 50 42 28 37 54 18 
82 39 82 39 82 53 70 32 31 37 47 22 21 53 42 63 78 50 38 64 13 49 29 18 32 31 36 67 57 61 59 5 29 25 6 66 64 45 87 7 63 50 51 24 42 77 39 29 18 0 19 71 51 37 42 51 23 33 32 4 39 48 81 47 56 64 19 73 39 29 12 68 34 52 25 25 53 91 2 66 45 16 61 29 31 83 18 48 55 56 52 42 60 62 48 6 63 26 23 27 61 61 33 56 13 26 26 51 67 52 59 55 16 38 78 57 15 18 89 34 44 55 86 42 19 53 70 66 16 68 24 46 40 72 5 
63 52 63 52 63 37 52 18 31 19 31 28 23 34 38 70 70 39 21 45 32 49 9 2 32 23 33 55 58 44 41 20 37 10 16 69 45 25 77 24 52 31 33 6 48 66 32 24 20 19 0 68 45 35 45 35 3 21 13 20 23 38 71 30 38 45 33 63 23 15 12 55 15 36 28 13 39 80 19 48 25 23 67 33 34 71 17 29 36 38 60 23 41 44 53 24 46 31 32 30 41 43 28 40 17 29 6 33 57 33 45 35 28 20 66 39 8 18 79 18 28 60 75 52 21 36 66 67 32 58 35 46 20 61 14 
108 110 108 110 108 97 99 84 40 80 51 93 50 64 30 35 17 33 56 85 72 24 68 66 39 44 35 34 18 99 95 67 47 77 65 20 89 72 29 79 30 82 89 72 36 30 35 44 53 71 68 0 22 34 32 95 66 89 71 75 88 33 29 89 95 88 90 27 51 83 61 35 76 95 94 54 44 34 73 99 67 86 33 42 40 36 83 60 82 91 40 59 74 95 33 78 58 96 94 96 74 98 40 46 81 45 68 87 25 64 39 77 57 82 31 62 62 84 32 82 88 27 31 48 87 92 2 14 86 24 96 25 72 29 72 
88 91 88 91 88 74 78 61 20 57 31 71 30 43 9 41 26 12 34 65 55 17 45 44 20 22 14 24 20 77 73 47 32 54 45 31 68 50 37 59 19 60 67 49 28 29 13 22 33 51 45 22 0 16 21 73 44 66 48 55 65 12 32 67 73 68 70 25 29 60 40 25 53 73 73 31 25 41 53 78 45 65 37 26 23 36 61 39 61 70 38 37 54 73 28 58 41 74 74 74 55 76 18 28 59 27 45 65 19 44 23 56 40 60 30 43 40 62 39 59 65 28 36 41 65 70 20 26 67 19 75 13 50 25 51 
89 76 89 76 89 70 78 53 5 52 34 58 15 46 6 37 42 22 32 66 39 14 38 33 4 14 5 39 22 74 71 32 16 45 31 33 69 48 53 44 33 58 63 41 17 45 11 11 18 37 35 34 16 0 10 68 35 57 42 41 58 20 48 62 70 68 56 41 28 51 26 40 47 68 60 23 33 57 39 77 45 52 33 9 7 52 49 41 60 67 29 37 57 72 20 43 49 61 60 62 58 74 9 36 46 11 38 62 35 46 34 56 24 54 46 47 28 50 55 52 60 25 52 28 53 66 33 31 52 35 61 10 47 40 37 
100 79 100 79 100 80 89 63 14 62 44 64 22 57 14 26 44 30 43 77 41 7 48 42 13 25 15 45 15 85 81 37 15 55 37 24 80 59 55 48 40 68 74 50 7 50 22 21 25 42 45 32 21 10 0 78 45 66 53 46 68 29 52 72 80 79 60 45 39 60 34 46 57 79 66 33 43 60 44 87 55 58 23 12 10 57 57 52 71 78 19 48 68 83 9 48 59 68 65 69 69 84 20 46 53 16 48 73 40 57 43 67 26 64 51 58 37 58 58 62 70 14 56 19 60 77 31 24 55 40 66 7 57 45 43 
33 66 33 66 33 1 23 18 64 16 45 43 58 37 68 104 92 62 38 27 64 82 29 37 65 53 64 71 90 11 11 54 72 25 50 101 23 24 96 52 71 16 7 29 83 83 61 56 55 51 35 95 73 68 78 0 33 19 25 49 12 62 88 6 6 24 54 81 43 22 48 71 20 1 39 45 54 97 50 17 29 43 101 68 68 86 35 37 20 11 95 36 33 15 87 52 50 42 48 39 33 10 59 54 40 64 30 11 77 35 61 25 63 14 83 41 43 35 96 17 7 93 92 88 37 7 93 98 57 78 51 77 22 78 45 
61 56 61 56 61 35 49 17 31 17 28 32 24 30 37 71 68 37 17 42 35 49 6 5 32 22 32 52 58 42 39 23 38 10 19 69 42 22 75 28 50 28 31 5 49 63 31 24 21 23 3 66 44 35 45 33 0 22 10 24 23 36 68 28 37 42 37 60 20 16 14 53 13 34 31 12 36 78 23 46 22 27 68 34 34 68 20 26 33 36 61 20 37 41 54 28 42 34 35 32 38 41 27 37 20 30 3 31 55 29 42 32 30 19 64 35 10 21 76 17 26 60 73 54 24 34 65 66 36 55 38 45 17 58 18 
52 48 52 48 52 20 41 5 52 13 44 24 45 41 59 92 89 58 35 41 46 71 21 23 53 44 54 70 80 30 29 37 57 11 33 90 38 27 95 33 69 25 22 16 70 83 53 46 41 33 21 89 66 57 66 19 22 0 19 31 8 57 88 17 25 39 35 80 39 5 33 71 14 20 21 34 54 97 32 36 31 24 89 55 55 87 16 39 31 27 81 35 42 33 75 33 55 24 29 21 43 29 49 54 21 51 20 24 75 39 61 34 47 11 83 46 29 16 96 8 15 81 92 73 18 23 87 88 38 76 32 67 23 77 28 
50 62 50 62 50 27 39 14 38 9 25 37 34 23 42 79 70 39 15 32 45 56 4 15 39 28 38 51 64 32 29 34 47 10 29 75 32 12 75 37 50 18 21 8 57 63 35 31 31 32 13 71 48 42 53 25 10 19 0 33 16 38 68 19 27 32 44 60 20 14 25 52 5 26 35 19 34 77 32 36 13 33 76 43 43 67 25 20 23 26 70 15 28 31 62 36 37 38 41 36 29 32 33 35 27 39 6 21 55 22 41 22 40 11 63 28 20 25 76 11 17 67 72 63 29 24 69 72 44 56 44 52 7 58 27 
81 35 81 35 81 51 70 31 35 37 50 18 25 55 46 67 82 53 40 65 14 53 30 19 36 35 40 71 61 60 58 9 33 25 10 71 64 46 91 4 67 50 50 24 46 81 43 33 22 4 20 75 55 41 46 49 24 31 33 0 37 52 85 46 55 64 15 77 42 27 16 72 33 51 21 28 56 94 2 65 46 12 65 34 36 87 15 50 55 56 56 44 61 62 52 3 66 21 19 23 62 60 37 59 10 30 27 51 71 53 62 55 20 37 81 59 18 15 93 33 43 60 89 45 16 52 74 71 12 72 20 50 40 75 6 
44 57 44 57 44 13 33 6 54 7 40 32 47 35 59 94 86 56 32 33 52 72 20 26 55 44 54 66 80 22 21 42 61 14 38 91 30 21 91 40 66 17 13 17 72 79 52 46 44 39 23 88 65 58 68 12 23 8 16 37 0 55 84 8 17 31 43 76 36 10 36 67 11 13 29 35 49 93 38 28 25 32 91 57 57 82 23 33 23 19 84 31 35 25 77 40 49 33 37 29 35 22 49 50 28 53 20 16 72 33 57 27 51 5 79 40 32 24 92 5 6 83 88 76 26 15 86 89 45 73 40 68 17 74 33 
76 88 76 88 76 63 66 52 22 47 18 66 30 31 14 52 31 1 23 53 55 27 36 37 22 17 16 19 32 65 61 45 37 46 42 43 56 39 39 56 15 48 56 41 37 28 10 20 31 48 38 33 12 20 29 62 36 57 38 52 55 0 33 56 62 56 67 24 18 51 36 20 44 62 67 25 13 42 50 66 34 60 49 29 27 34 55 27 49 58 48 26 42 61 38 55 29 69 69 68 43 65 16 16 54 29 37 53 19 32 13 44 41 50 29 30 35 56 41 50 55 39 37 48 60 58 31 38 65 19 71 23 39 23 47 
92 121 92 121 92 89 85 82 52 76 43 99 62 52 42 64 12 31 52 70 87 46 67 70 52 50 46 17 44 88 85 78 65 77 75 49 75 64 7 89 18 73 81 73 59 5 42 52 64 81 71 29 32 48 52 88 68 88 68 85 84 33 0 83 86 74 100 8 48 82 69 17 73 88 100 58 34 9 83 87 59 94 61 58 56 7 88 51 71 81 66 53 60 83 57 88 41 102 102 101 60 88 48 34 87 59 68 78 14 53 27 65 72 78 5 48 68 89 8 80 82 54 4 71 93 83 28 43 98 13 104 44 67 10 80 
35 66 35 66 35 7 24 14 58 10 39 41 53 31 62 98 86 56 32 25 60 76 23 32 59 47 58 65 83 14 12 49 66 21 45 95 21 18 90 48 65 11 4 23 77 77 54 50 49 47 30 89 67 62 72 6 28 17 19 46 8 56 83 0 8 22 52 75 37 18 42 65 15 6 38 39 48 91 46 19 23 40 95 62 62 80 32 31 16 10 89 30 29 16 81 49 45 41 46 38 29 13 53 48 37 58 24 7 71 29 55 20 58 9 77 36 38 32 90 12 2 87 87 82 35 6 87 92 54 72 49 71 16 73 41 
27 73 27 73 27 5 16 23 66 19 44 49 61 34 69 106 91 62 39 21 69 83 32 41 67 55 65 69 91 5 4 58 75 30 54 102 17 23 93 57 70 13 6 32 85 81 61 58 58 56 38 95 73 70 80 6 37 25 27 55 17 62 86 8 0 18 60 79 43 27 51 69 23 4 46 47 53 94 55 11 28 49 103 70 70 83 40 35 15 5 97 35 28 9 89 57 47 49 54 45 28 4 60 52 45 67 33 8 76 32 59 21 67 18 81 38 47 41 94 21 11 95 90 91 43 3 93 99 63 77 57 79 23 76 50 
20 88 20 88 20 23 10 35 66 28 37 63 64 24 66 105 81 55 36 4 77 81 36 47 67 54 63 58 87 16 14 66 78 39 61 98 0 20 81 68 60 14 17 40 86 69 58 58 61 64 45 88 68 68 79 24 42 39 32 64 31 56 74 22 18 0 73 69 40 39 57 58 30 22 60 48 44 82 64 13 24 62 102 72 71 70 53 28 9 12 98 31 14 10 89 68 33 64 68 60 14 16 59 42 57 68 38 14 66 23 50 12 72 28 69 26 52 53 81 32 24 93 78 93 57 17 86 94 75 67 71 76 24 65 59 
88 20 88 20 88 56 77 38 50 45 64 12 40 67 61 79 97 69 54 74 21 67 42 33 51 50 55 86 75 66 64 23 46 34 25 84 73 57 106 11 82 59 57 35 59 96 59 48 37 19 33 90 70 56 60 54 37 35 44 15 43 67 100 52 60 73 0 92 56 34 31 87 43 56 16 43 71 110 17 71 58 11 77 48 50 102 20 63 65 63 67 57 73 69 64 12 79 14 8 18 73 65 52 73 16 45 39 59 86 66 77 66 33 45 97 72 33 19 108 40 50 72 105 55 17 59 89 84 5 87 7 65 51 91 20 
87 113 87 113 87 82 79 75 44 68 36 91 54 45 34 60 12 23 45 65 79 40 59 62 44 42 38 10 39 82 78 70 57 69 67 45 69 57 14 81 10 66 74 65 52 4 33 44 55 73 63 27 25 41 45 81 60 80 60 77 76 24 8 75 79 69 92 0 40 75 61 10 65 81 91 50 27 17 75 81 52 85 57 50 48 11 80 44 65 75 60 45 54 77 51 80 35 94 94 93 54 82 40 27 79 51 60 71 6 47 20 59 64 71 5 42 60 81 16 72 75 48 12 65 84 76 25 39 89 5 96 37 59 3 71 
60 76 60 76 60 45 49 34 27 29 8 52 28 18 26 65 49 19 4 37 49 41 18 23 27 15 23 31 48 47 44 38 40 29 33 59 40 21 55 46 30 30 37 24 46 43 18 20 27 39 23 51 29 28 39 43 20 39 20 42 36 18 48 37 43 40 56 40 0 34 27 32 25 43 52 14 15 57 40 49 16 47 62 33 32 48 40 12 32 40 58 8 28 44 49 45 24 55 56 53 29 47 19 17 41 30 20 35 35 17 21 27 38 31 43 20 23 41 56 32 36 53 52 55 45 40 49 55 55 36 59 36 21 38 35 
54 49 54 49 54 23 43 3 46 11 40 24 39 37 53 86 83 52 30 40 42 65 15 18 47 38 48 65 74 32 30 32 52 5 28 85 38 24 89 30 64 24 23 10 64 77 47 40 35 29 15 83 60 51 60 22 16 5 14 27 10 51 82 18 27 39 34 75 34 0 27 66 10 23 22 28 48 92 28 38 27 22 83 49 50 82 14 35 31 29 75 30 40 34 69 30 51 25 29 22 40 32 43 49 18 45 14 24 69 36 55 32 42 10 78 42 23 14 91 6 16 75 87 67 17 25 81 82 36 70 32 61 19 72 23 
76 51 76 51 76 49 64 30 21 32 35 31 12 42 30 58 66 37 26 56 22 40 20 10 22 19 25 54 48 57 54 10 24 22 6 59 57 36 75 20 51 43 46 19 37 65 27 17 8 12 12 61 40 26 34 48 14 33 25 16 36 36 69 42 51 57 31 61 27 27 0 55 28 49 33 12 41 78 14 61 35 25 56 22 23 70 23 37 48 51 48 31 51 56 42 19 52 35 34 35 51 56 21 43 19 18 18 46 55 41 46 46 15 33 65 46 4 23 77 30 40 49 73 40 26 49 59 58 28 55 35 36 32 59 10 
76 107 76 107 76 72 68 66 42 59 26 84 50 35 33 65 23 18 36 54 75 42 50 55 42 37 36 1 44 71 68 65 56 61 62 52 59 47 24 75 6 56 64 57 54 11 30 40 51 68 55 35 25 40 46 71 53 71 52 72 67 20 17 65 69 58 87 10 32 66 55 0 56 71 84 43 17 25 70 71 42 79 62 49 47 15 73 34 54 64 64 36 43 66 54 75 25 87 88 85 43 71 36 17 72 49 52 61 10 36 10 48 61 61 11 31 54 73 24 63 65 53 21 66 77 66 33 46 84 11 90 39 50 7 66 
48 60 48 60 48 22 36 9 43 4 30 34 38 26 48 84 75 44 20 31 47 61 9 17 44 33 43 56 69 29 25 36 51 9 31 80 30 14 80 37 55 16 17 9 62 68 41 36 34 34 15 76 53 47 57 20 13 14 5 33 11 44 73 15 23 30 43 65 25 10 28 56 0 21 33 24 39 82 33 33 16 32 80 47 47 72 23 24 22 23 74 20 30 28 66 37 40 36 39 33 30 28 38 39 26 43 9 18 61 25 46 22 43 6 68 32 23 24 81 6 13 72 78 67 27 20 74 78 44 62 42 57 8 63 28 
31 68 31 68 31 1 21 19 64 17 45 44 59 36 68 105 92 62 39 25 65 82 30 38 65 54 64 70 90 9 9 55 73 27 51 101 21 23 95 53 71 15 7 30 84 83 61 57 56 52 36 95 73 68 79 1 34 20 26 51 13 62 88 6 4 22 56 81 43 23 49 71 21 0 41 45 54 96 51 15 28 44 102 69 69 85 36 37 18 9 96 36 32 14 88 54 49 44 49 40 32 9 59 54 41 65 31 10 77 34 61 24 64 15 82 40 44 37 95 18 8 93 92 89 39 5 93 98 58 78 52 78 22 78 47 
73 27 73 27 73 41 63 25 54 33 59 3 45 59 64 89 98 68 49 62 33 73 35 29 55 51 58 83 81 51 50 30 54 24 29 91 60 47 106 20 81 47 43 28 68 95 60 50 41 25 28 94 73 60 66 39 31 21 35 21 29 67 100 38 46 60 16 91 52 22 33 84 33 41 0 41 67 109 23 57 49 8 86 54 56 100 11 56 53 49 77 50 63 55 73 21 72 3 8 2 63 50 54 69 13 51 32 46 86 58 74 55 41 32 95 64 32 10 108 28 36 81 104 67 7 45 92 91 20 86 11 70 41 89 23 
68 63 68 63 68 46 57 30 19 28 22 41 15 30 24 59 57 26 14 47 35 37 15 12 20 9 19 42 45 52 48 23 29 23 19 56 48 28 64 32 39 36 41 18 38 53 18 11 13 25 13 54 31 23 33 45 12 34 19 28 35 25 58 39 47 48 43 50 14 28 12 43 24 45 41 0 28 67 26 55 25 35 56 23 23 59 30 25 40 45 50 19 40 50 42 31 39 44 44 43 41 51 14 30 29 20 14 40 44 30 34 36 24 30 54 34 10 31 66 29 37 48 62 45 34 44 52 54 41 45 46 33 24 48 22 
63 91 63 91 63 55 54 48 34 42 9 68 39 19 28 66 38 13 18 40 63 41 33 39 34 24 28 16 46 56 52 51 48 44 47 56 44 30 41 61 17 39 47 39 50 29 21 29 39 53 39 44 25 33 43 54 36 54 34 56 49 13 34 48 53 44 71 27 15 48 41 17 39 54 67 28 0 43 55 56 25 62 63 41 39 33 56 17 38 48 62 18 29 51 52 60 15 70 71 68 30 55 26 2 56 39 35 44 23 20 7 32 50 44 29 17 38 57 42 45 48 53 38 61 60 49 42 51 69 24 74 37 32 24 50 
99 130 99 130 99 98 92 92 61 85 52 109 71 60 50 69 16 41 62 78 96 53 76 79 61 59 55 26 51 96 93 87 73 87 84 54 83 73 4 98 27 81 89 82 66 14 51 62 73 91 80 34 41 57 60 97 78 97 77 94 93 42 9 91 94 82 110 17 57 92 78 25 82 96 109 67 43 0 93 95 68 103 67 67 64 11 97 59 79 90 73 62 67 91 64 98 48 111 112 110 67 96 57 43 96 68 77 86 23 62 36 73 81 87 14 56 77 98 1 89 91 60 4 79 102 91 33 48 107 22 114 52 75 19 89 
81 37 81 37 81 52 70 31 33 37 49 20 23 54 44 66 80 52 39 65 13 51 29 18 34 33 38 69 59 61 58 7 31 25 8 69 64 45 89 5 65 50 50 24 44 79 41 31 20 2 19 73 53 39 44 50 23 32 32 2 38 50 83 46 55 64 17 75 40 28 14 70 33 51 23 26 55 93 0 65 45 14 63 32 34 85 16 49 55 56 54 43 61 62 50 5 65 23 21 25 61 60 35 57 11 28 26 51 69 52 60 55 18 37 80 58 16 17 91 33 44 58 88 44 17 53 72 69 14 70 22 48 40 74 5 
16 83 16 83 16 16 6 34 73 29 48 60 70 36 75 114 93 66 44 17 79 90 40 50 74 62 72 70 97 5 7 68 84 40 64 108 12 28 95 68 72 18 15 42 93 82 67 66 67 66 48 99 78 77 87 17 46 36 36 65 28 66 87 19 11 13 71 81 49 38 61 71 33 15 57 55 56 95 65 0 32 60 111 79 78 83 51 39 17 9 105 40 27 4 97 68 46 60 65 56 27 6 67 54 56 75 42 15 78 35 62 23 76 28 82 39 56 52 94 32 21 102 91 100 54 12 97 104 74 79 68 85 30 78 60 
44 76 44 76 44 30 33 26 42 18 16 50 41 10 42 82 63 34 12 22 57 57 16 27 43 30 40 42 64 31 27 45 54 24 40 75 24 5 66 50 42 14 22 22 62 54 35 34 38 45 25 67 45 45 55 29 22 31 13 46 25 34 59 23 28 24 58 52 16 27 35 42 16 28 49 25 25 68 45 32 0 47 78 48 47 57 39 8 15 24 74 8 15 27 65 50 23 52 55 50 16 31 35 25 41 45 18 19 48 8 32 11 49 20 54 15 30 39 67 22 22 69 63 69 43 24 65 71 58 49 58 53 8 49 40 
76 29 76 29 76 44 65 26 47 33 55 6 37 57 56 80 92 62 44 63 25 65 31 23 47 44 51 78 73 54 53 21 45 23 21 83 61 45 100 12 75 47 45 25 59 89 53 42 33 16 23 86 65 52 58 43 27 24 33 12 32 60 94 40 49 62 11 85 47 22 25 79 32 44 8 35 62 103 14 60 47 0 78 46 47 94 8 53 53 51 68 47 61 57 64 12 69 9 8 11 62 54 47 64 6 42 29 47 79 55 69 54 33 33 89 61 25 8 102 29 38 72 98 58 5 47 85 83 14 80 11 62 40 83 14 
123 94 123 94 123 103 112 85 37 85 66 84 43 79 36 3 50 50 66 100 56 21 71 65 36 48 38 61 17 108 104 56 32 77 57 14 102 82 62 67 55 92 97 73 19 61 44 44 47 61 67 33 37 33 23 101 68 89 76 65 91 49 61 95 103 102 77 57 62 83 56 62 80 102 86 56 63 67 63 111 78 78 0 33 33 68 78 74 94 101 10 70 90 106 14 66 79 87 84 88 91 107 43 65 74 37 71 96 53 79 61 90 44 87 62 79 59 79 65 85 94 9 64 22 80 100 34 19 72 52 84 26 80 58 64 
92 67 92 67 92 70 81 52 7 52 40 52 10 51 16 36 52 31 36 70 30 19 38 31 6 18 13 48 27 76 72 24 7 44 24 37 72 51 63 36 43 60 64 39 14 55 20 13 13 29 33 42 26 9 12 68 34 55 43 34 57 29 58 62 70 72 48 50 33 49 22 49 47 69 54 23 41 67 32 79 48 46 33 0 2 62 45 46 63 69 27 41 62 74 19 36 56 55 53 56 63 75 14 44 41 4 37 64 44 51 43 60 15 53 56 53 25 45 65 51 60 26 62 21 48 67 41 36 44 45 54 17 48 50 31 
91 70 91 70 91 70 80 52 5 52 39 54 11 50 14 36 49 28 35 69 32 17 38 32 5 17 10 46 25 75 72 26 9 44 26 35 71 51 60 38 41 59 64 40 14 53 17 12 14 31 34 40 23 7 10 68 34 55 43 36 57 27 56 62 70 71 50 48 32 50 23 47 47 69 56 23 39 64 34 78 47 47 33 2 0 59 46 45 63 69 27 40 61 74 19 38 54 57 55 58 61 75 13 42 42 5 37 63 42 50 41 59 17 54 54 52 26 47 63 52 60 25 60 22 49 67 39 35 46 42 56 14 48 48 33 
87 122 87 122 87 87 80 81 56 74 42 100 64 49 45 71 19 33 51 66 90 51 66 70 55 52 49 16 50 85 81 80 69 77 77 56 71 62 12 91 19 70 78 72 64 7 44 55 66 83 71 36 36 52 57 86 68 87 67 87 82 34 7 80 83 70 102 11 48 82 70 15 72 85 100 59 33 11 85 83 57 94 68 62 59 0 88 48 67 78 72 51 55 79 63 90 36 102 103 101 56 85 50 32 88 62 68 75 17 50 26 61 75 77 5 44 69 89 11 78 80 60 8 77 93 80 35 50 99 17 105 49 65 11 81 
68 37 68 37 68 36 57 17 44 25 48 12 35 48 53 81 87 56 37 54 30 63 23 18 45 39 48 72 71 46 44 23 46 14 20 82 52 37 94 17 69 38 37 17 59 83 48 39 31 18 17 83 61 49 57 35 20 16 25 15 23 55 88 32 40 53 20 80 40 14 23 73 23 36 11 30 56 97 16 51 39 8 78 45 46 88 0 45 44 43 69 39 53 49 64 17 61 14 16 13 53 45 43 57 5 41 21 38 74 47 62 46 34 24 84 53 21 0 96 20 30 71 92 60 4 39 82 81 22 75 19 60 31 78 14 
48 82 48 82 48 38 38 33 39 26 8 57 40 5 38 77 55 27 10 25 60 53 21 30 40 27 36 33 59 38 34 47 53 31 43 70 28 13 58 54 34 22 30 28 59 46 30 32 38 48 29 60 39 41 52 37 26 39 20 50 33 27 51 31 35 28 63 44 12 35 37 34 24 37 56 25 17 59 49 39 8 53 74 46 45 48 45 0 21 31 71 6 16 34 61 54 16 59 61 56 16 38 32 16 46 43 23 27 40 5 24 16 50 28 46 9 33 46 59 30 31 65 55 68 49 32 58 66 62 41 64 48 16 41 43 
28 80 28 80 28 20 17 27 58 19 30 55 55 19 58 97 76 49 28 9 68 73 27 38 58 46 56 54 80 17 13 57 69 31 52 91 8 12 78 59 55 6 12 31 77 66 51 50 53 55 36 82 61 60 71 20 33 31 23 55 23 49 71 16 15 9 65 65 32 31 48 54 22 18 53 40 38 79 55 17 15 53 94 63 63 67 44 21 0 10 90 23 13 12 81 59 31 56 60 53 13 17 51 37 48 60 29 8 61 18 45 6 63 20 65 23 43 45 78 24 17 85 75 85 48 13 80 87 66 62 63 68 15 62 50 
25 76 25 76 25 10 13 25 64 19 40 52 60 29 66 104 86 58 35 16 70 81 31 41 65 53 63 64 88 7 3 59 74 31 54 99 12 19 89 59 65 9 5 32 84 76 58 56 57 56 38 91 70 67 78 11 36 27 26 56 19 58 81 10 5 12 63 75 40 29 51 64 23 9 49 45 48 90 56 9 24 51 101 69 69 78 43 31 10 0 96 32 23 5 87 59 41 52 57 48 23 6 58 48 47 65 32 5 71 28 55 16 66 18 76 33 46 43 89 22 12 92 85 90 46 4 89 96 65 72 60 76 20 72 51 
118 84 118 84 118 97 107 78 32 79 64 74 36 76 34 12 56 49 62 96 46 21 65 58 31 44 34 63 21 103 99 47 23 70 48 22 98 78 68 57 57 87 91 66 12 65 41 39 40 52 60 40 38 29 19 95 61 81 70 56 84 48 66 89 97 98 67 60 58 75 48 64 74 96 77 50 62 73 54 105 74 68 10 27 27 72 69 71 90 96 0 66 87 101 10 56 78 77 74 79 88 102 39 65 65 30 64 90 56 76 61 86 35 80 66 77 52 70 71 78 87 12 69 11 71 94 40 27 62 55 74 25 75 61 55 
52 76 52 76 52 37 41 29 34 23 9 51 34 11 34 74 56 26 4 29 53 49 15 24 35 22 32 35 56 39 35 41 47 26 37 67 31 12 60 48 35 22 29 22 54 48 27 27 33 42 23 59 37 37 48 36 20 35 15 44 31 26 53 30 35 31 57 45 8 30 31 36 20 36 50 19 18 62 43 40 8 47 70 41 40 51 39 6 23 32 66 0 21 35 57 47 22 53 55 51 21 39 27 19 40 38 18 27 41 10 26 19 44 25 48 15 26 40 61 26 29 61 57 63 44 32 57 63 56 42 58 45 13 43 37 
34 90 34 90 34 33 25 38 55 29 24 64 56 11 54 93 66 42 26 11 73 69 31 42 56 43 52 43 75 29 26 61 68 38 56 85 15 16 67 65 45 17 25 37 75 54 46 48 54 60 41 74 54 57 68 33 37 42 28 61 35 42 60 29 28 14 73 54 28 40 51 43 30 32 63 40 29 67 61 27 15 61 90 62 61 55 53 16 13 23 87 21 0 23 78 65 18 66 69 63 0 29 48 28 56 59 34 21 51 11 35 8 65 30 54 12 46 54 67 34 29 81 63 84 57 26 72 81 73 52 72 64 21 51 55 
19 82 19 82 19 15 8 31 69 25 43 58 65 31 70 109 88 61 39 14 76 85 36 46 70 57 67 66 92 6 4 65 79 36 60 103 9 23 90 65 67 14 11 38 88 78 63 61 62 62 44 95 73 72 83 15 41 33 31 62 25 61 83 16 9 10 69 77 44 34 56 66 28 14 55 50 51 91 62 4 27 57 106 74 74 79 49 34 12 5 101 35 23 0 92 65 42 58 63 54 23 6 62 50 53 70 38 10 74 30 57 18 72 24 77 34 52 49 90 28 18 97 87 95 52 9 92 99 71 75 66 80 25 74 57 
109 83 109 83 109 89 98 71 23 71 54 70 29 67 24 17 48 39 53 87 44 11 57 51 22 35 25 53 14 94 91 42 19 63 43 19 89 69 60 54 47 78 83 59 5 56 31 31 33 48 53 33 28 20 9 87 54 75 62 52 77 38 57 81 89 89 64 51 49 69 42 54 66 88 73 42 52 64 50 97 65 64 14 19 19 63 64 61 81 87 10 57 78 92 0 53 68 74 71 75 78 94 29 55 60 23 57 82 46 67 51 77 31 73 57 67 45 65 63 71 80 8 60 15 67 86 32 22 60 46 71 15 67 52 50 
84 32 84 32 84 54 73 34 38 40 54 18 28 58 48 68 85 57 44 68 12 55 33 23 39 38 43 74 63 63 61 11 34 28 13 72 67 49 94 0 70 53 53 28 48 84 46 36 25 6 24 78 58 43 48 52 28 33 36 3 40 55 88 49 57 68 12 80 45 30 19 75 37 54 21 31 60 98 5 68 50 12 66 36 38 90 17 54 59 59 56 47 65 65 53 0 69 21 17 23 66 62 40 62 12 33 31 54 74 57 65 59 21 40 85 63 21 17 96 36 46 61 93 45 17 55 76 72 9 75 18 52 44 79 10 
51 98 51 98 51 51 43 50 49 41 16 73 52 14 44 82 48 29 25 29 74 57 38 46 49 38 44 25 62 48 44 62 63 48 58 72 34 27 48 70 28 34 42 44 66 36 37 43 51 63 46 58 41 49 59 50 42 55 37 66 49 29 41 45 47 33 79 35 24 51 52 25 40 49 72 39 15 48 65 46 23 69 79 56 54 36 61 16 31 41 78 22 18 42 68 69 0 75 78 73 19 48 41 13 63 54 40 39 34 15 18 25 63 43 35 8 48 62 48 46 45 69 44 77 66 44 56 66 78 35 81 53 32 32 59 
76 24 76 24 76 44 66 28 56 37 62 3 46 62 66 89 100 70 51 65 33 74 37 32 57 53 60 86 83 54 53 31 55 27 30 92 63 50 108 20 83 50 46 31 68 97 62 52 43 26 31 96 74 61 68 42 34 24 38 21 33 69 102 41 49 64 14 94 55 25 35 87 36 44 3 44 70 111 23 60 52 9 87 55 57 102 14 59 56 52 77 53 66 58 74 21 75 0 5 4 66 53 56 72 15 52 35 49 88 61 76 58 42 35 98 67 34 13 110 31 39 81 106 67 9 48 94 92 19 89 8 71 45 92 24 
81 20 81 20 81 49 71 32 54 40 63 5 44 65 64 86 100 70 53 70 28 72 40 32 55 52 59 87 80 59 58 28 52 30 28 90 67 53 109 16 84 54 51 33 65 98 61 51 41 23 32 94 74 60 65 48 35 29 41 19 37 69 102 46 54 68 8 94 56 29 34 88 39 49 8 44 71 112 21 65 55 8 84 53 55 103 16 61 60 57 74 55 69 63 71 17 78 5 0 9 70 59 55 73 15 50 37 53 88 63 77 62 39 40 98 70 34 15 110 35 44 79 107 63 11 53 93 90 13 89 3 69 48 92 23 
72 27 72 27 72 40 62 25 56 33 60 5 47 60 66 91 100 69 50 62 36 75 35 31 57 52 60 85 83 50 49 32 56 25 31 93 59 47 108 22 82 46 43 29 70 96 61 52 43 27 30 96 74 62 69 39 32 21 36 23 29 68 101 38 45 60 18 93 53 22 35 85 33 40 2 43 68 110 25 56 50 11 88 56 58 101 13 56 53 48 79 51 63 54 75 23 73 4 9 0 63 49 56 70 15 53 33 45 87 58 75 55 44 32 97 65 34 12 109 28 36 83 105 69 8 44 94 93 22 88 12 72 42 91 25 
33 90 33 90 33 33 24 38 56 29 24 65 56 11 54 94 66 42 26 10 73 69 32 43 57 44 53 43 75 29 26 61 69 39 57 86 15 16 67 66 46 18 25 37 75 55 47 49 54 61 41 74 55 58 69 33 38 43 29 62 35 43 60 29 28 14 73 54 29 40 51 43 30 32 63 41 30 67 61 27 16 62 91 63 61 56 53 16 13 23 88 21 0 23 78 66 19 66 70 63 0 29 49 28 56 60 34 21 52 11 35 8 65 31 54 12 47 54 67 34 30 81 64 84 58 26 72 81 73 53 73 64 21 51 56 
22 77 22 77 22 9 13 28 70 24 47 54 66 36 73 111 93 65 42 20 74 87 36 46 71 59 69 71 95 0 3 63 80 35 59 106 15 26 95 62 72 16 10 37 90 83 65 63 63 61 43 98 76 74 84 10 41 29 32 60 22 65 88 13 4 16 65 82 47 32 56 71 28 9 50 51 55 96 60 6 31 54 107 75 75 85 45 38 17 6 102 39 29 6 94 62 48 53 59 49 29 0 64 54 50 71 38 11 78 35 62 23 71 23 83 40 52 46 95 26 16 99 92 96 48 7 96 102 68 79 62 83 27 79 55 
80 73 80 73 80 60 68 45 7 43 25 53 13 37 9 46 44 17 23 57 39 23 29 26 8 5 5 35 30 65 61 29 22 37 27 42 59 39 54 41 31 48 54 32 26 44 6 4 15 33 28 40 18 9 20 59 27 49 33 37 49 16 48 53 60 59 52 40 19 43 21 36 38 59 54 14 26 57 35 67 35 47 43 14 13 50 43 32 51 58 39 27 48 62 29 40 41 56 55 56 49 64 0 29 41 13 29 53 34 37 29 47 24 45 45 39 22 44 56 43 51 34 52 36 47 57 38 39 49 34 57 18 37 39 32 
62 93 62 93 62 55 53 49 36 42 9 69 41 18 31 69 38 15 20 39 65 44 34 40 37 27 31 16 49 55 51 54 51 45 50 59 43 30 41 63 17 39 47 41 53 29 24 32 41 56 40 46 28 36 46 54 37 54 35 59 50 16 34 48 52 42 73 27 17 49 43 17 39 54 69 30 2 43 57 54 25 64 65 44 42 32 57 16 37 48 65 19 28 50 55 62 13 72 73 70 28 54 29 0 58 42 36 44 23 19 7 31 52 44 29 15 40 58 42 46 48 56 38 64 62 49 44 54 71 25 76 40 32 24 52 
72 35 72 35 72 42 61 22 41 29 48 12 31 50 50 76 85 55 38 58 24 59 25 17 42 37 45 71 68 51 49 18 41 17 16 78 56 40 93 11 69 42 41 19 55 82 46 36 28 13 17 81 59 46 53 40 20 21 27 10 28 54 87 37 45 57 16 79 41 18 19 72 26 41 13 29 56 96 11 56 41 6 74 41 42 88 5 46 48 47 65 40 56 53 60 12 63 15 15 15 56 50 41 58 0 37 22 43 73 49 62 49 29 29 83 55 19 5 95 24 35 67 91 55 6 44 79 77 17 74 18 56 34 77 9 
88 65 88 65 88 66 77 48 6 48 38 49 6 48 17 40 53 30 33 67 28 22 34 27 6 15 12 48 30 72 68 21 9 39 21 40 68 48 64 33 43 56 61 35 18 56 19 10 9 26 29 45 27 11 16 64 30 51 39 30 53 29 59 58 67 68 45 51 30 45 18 49 43 65 51 20 39 68 28 75 45 42 37 4 5 62 41 43 60 65 30 38 59 70 23 33 54 52 50 53 60 71 13 42 37 0 33 60 45 48 42 56 13 49 56 51 21 42 66 47 56 30 63 24 44 64 43 40 41 45 51 19 45 50 27 
57 58 57 58 57 32 45 15 33 14 26 33 28 28 39 74 69 38 16 38 39 52 2 8 34 24 34 51 60 38 35 27 42 9 23 71 38 18 75 31 50 24 27 4 52 63 32 26 25 26 6 68 45 38 48 30 3 20 6 27 20 37 68 24 33 38 39 60 20 14 18 52 9 31 32 14 35 77 26 42 18 29 71 37 37 68 21 23 29 32 64 18 34 38 57 31 40 35 37 33 34 38 29 36 22 33 0 27 55 26 42 28 34 16 63 32 14 22 76 14 22 63 73 57 26 30 66 69 39 56 40 48 13 58 21 
30 73 30 73 30 12 18 21 58 14 35 48 55 26 61 99 82 54 30 17 65 75 25 35 59 47 57 60 83 12 8 54 68 26 49 94 14 14 85 54 61 5 3 27 78 73 53 51 52 51 33 87 65 62 73 11 31 24 21 51 16 53 78 7 8 14 59 71 35 24 46 61 18 10 46 40 44 86 51 15 19 47 96 64 63 75 38 27 8 5 90 27 21 10 82 54 39 49 53 45 21 11 53 44 43 60 27 0 67 24 51 13 61 14 72 30 41 39 85 18 9 87 82 84 42 5 85 90 60 68 56 71 15 68 46 
85 107 85 107 85 78 77 70 38 64 32 85 48 42 28 56 14 17 40 62 73 34 54 56 38 36 32 9 35 79 75 64 51 64 61 42 67 53 20 75 6 62 70 59 47 10 27 38 49 67 57 25 19 35 40 77 55 75 55 71 72 19 14 71 76 66 86 6 35 69 55 10 61 77 86 44 23 23 69 78 48 79 53 44 42 17 74 40 61 71 56 41 51 74 46 74 34 88 88 87 52 78 34 23 73 45 55 67 0 43 16 55 58 66 11 39 54 75 22 67 71 44 18 59 79 73 23 36 83 1 90 32 55 5 65 
44 84 44 84 44 36 34 34 44 26 13 59 45 1 43 83 58 32 15 20 64 58 24 34 45 32 41 36 64 35 31 52 58 33 47 75 24 12 60 57 37 19 27 30 64 48 35 37 43 52 33 64 44 46 57 35 29 39 22 53 33 32 53 29 32 23 66 47 17 36 41 36 25 34 58 30 20 62 52 35 8 55 79 51 50 50 47 5 18 28 76 10 11 30 67 57 15 61 63 58 11 35 37 19 49 48 26 24 43 0 27 12 54 28 48 6 37 48 61 31 30 70 57 73 52 29 62 70 65 44 66 53 16 44 47 
69 97 69 97 69 62 60 55 36 49 16 74 42 26 28 64 31 12 25 46 67 40 40 45 36 28 30 9 44 62 58 56 50 51 53 53 50 37 34 66 10 46 54 46 50 22 23 32 43 59 45 39 23 34 43 61 42 61 41 62 57 13 27 55 59 50 77 20 21 55 46 10 46 61 74 34 7 36 60 62 32 69 61 43 41 26 62 24 45 55 61 26 35 57 51 65 18 76 77 75 35 62 29 7 62 42 42 51 16 27 0 39 53 51 22 23 44 63 35 52 55 52 31 62 67 56 37 48 75 17 80 36 39 17 56 
32 82 32 82 32 25 22 30 54 21 25 57 52 13 54 93 70 44 23 10 67 68 26 37 54 42 51 48 75 23 19 55 66 31 51 86 12 9 72 59 49 9 17 30 73 60 46 46 50 55 35 77 56 56 67 25 32 34 22 55 27 44 65 20 21 12 66 59 27 32 46 48 22 24 55 36 32 73 55 23 11 54 90 60 59 61 46 16 6 16 86 19 8 18 77 59 25 58 62 55 8 23 47 31 49 56 28 13 55 12 39 0 60 22 59 17 41 46 72 26 21 81 69 81 50 19 75 82 66 56 65 64 14 56 49 
91 52 91 52 91 65 79 45 19 47 46 39 10 55 30 47 67 42 39 71 15 33 36 25 19 25 25 60 42 72 69 11 12 37 13 50 72 51 77 22 55 58 61 34 26 68 31 20 11 16 28 57 40 24 26 63 30 47 40 20 51 41 72 58 67 72 33 64 38 42 15 61 43 64 41 24 50 81 18 76 49 33 44 15 17 75 34 50 63 66 35 44 65 72 31 21 63 42 39 44 65 71 24 52 29 13 34 61 58 54 53 60 0 49 69 58 20 34 79 45 56 39 76 25 36 64 56 51 29 58 40 32 47 63 20 
44 60 44 60 44 16 32 7 49 2 35 35 44 29 54 90 81 50 26 30 51 68 15 23 50 39 50 61 76 23 21 40 57 12 36 87 28 16 86 40 60 14 12 14 68 73 47 42 40 38 20 82 60 54 64 14 19 11 11 37 5 50 78 9 18 28 45 71 31 10 33 61 6 15 32 30 44 87 37 28 20 33 87 53 54 77 24 28 20 18 80 25 30 24 73 40 43 35 40 32 31 23 45 44 29 49 16 14 66 28 51 22 49 0 73 35 29 25 86 4 7 79 83 73 28 15 80 84 46 67 43 63 12 68 32 
87 117 87 117 87 84 79 77 50 71 38 95 59 46 39 65 15 28 48 65 84 45 62 66 50 46 44 12 45 83 79 74 63 73 72 51 70 59 12 85 14 67 75 68 58 1 38 49 60 78 66 31 30 46 51 83 64 83 63 81 79 29 5 77 81 69 97 5 43 78 65 11 68 82 95 54 29 14 80 82 54 89 62 56 54 5 84 46 65 76 66 48 54 77 57 85 35 98 98 97 54 83 45 29 83 56 63 72 11 48 22 59 69 73 0 42 64 85 13 75 77 54 9 71 88 78 30 44 94 11 101 43 61 6 76 
46 90 46 90 46 42 37 41 46 33 13 65 48 5 43 83 54 30 19 23 68 58 30 39 47 35 42 31 63 40 36 56 60 39 52 74 27 19 55 63 33 25 33 36 65 43 36 40 47 57 39 62 43 47 58 41 35 46 28 59 40 30 48 36 38 26 72 42 20 42 46 31 32 40 64 34 17 56 58 39 15 61 79 53 52 44 53 9 23 33 77 15 12 34 67 63 8 67 70 65 12 40 39 15 55 51 32 30 39 6 23 17 58 35 42 0 42 54 55 37 36 70 52 75 58 35 60 69 71 40 73 53 23 39 53 
71 53 71 53 71 45 59 26 23 27 32 31 15 38 31 62 66 36 22 51 26 42 16 5 24 18 26 53 51 52 49 14 28 18 10 61 52 31 74 22 49 38 41 14 40 63 27 17 11 15 8 62 40 28 37 43 10 29 20 18 32 35 68 38 47 52 33 60 23 23 4 54 23 44 32 10 38 77 16 56 30 25 59 25 26 69 21 33 43 46 52 26 46 52 45 21 48 34 34 34 47 52 22 40 19 21 14 41 54 37 44 41 20 29 64 42 0 22 76 26 36 52 72 44 25 44 60 60 31 54 36 38 27 58 12 
68 36 68 36 68 37 57 18 45 25 48 11 36 49 54 81 88 57 38 55 30 64 24 18 46 40 48 73 72 46 45 23 46 15 21 83 53 38 95 17 70 39 37 17 60 84 49 40 32 18 18 84 62 50 58 35 21 16 25 15 24 56 89 32 41 53 19 81 41 14 23 73 24 37 10 31 57 98 17 52 39 8 79 45 47 89 0 46 45 43 70 40 54 49 65 17 62 13 15 12 54 46 44 58 5 42 22 39 75 48 63 46 34 25 85 54 22 0 97 20 30 72 93 60 3 39 82 82 21 76 18 60 32 79 14 
98 129 98 129 98 97 91 90 60 84 51 107 69 59 49 68 15 39 60 77 94 52 75 78 59 58 54 25 49 96 92 86 72 85 83 52 82 72 3 97 26 80 88 81 65 13 49 60 71 89 79 32 39 55 58 96 76 96 76 93 92 41 8 90 94 81 108 16 56 91 77 24 81 95 108 66 42 1 91 94 67 102 65 65 63 11 96 59 78 89 71 61 67 90 63 96 48 110 110 109 67 95 56 42 95 66 76 85 22 61 35 72 79 86 13 55 76 97 0 88 90 58 3 77 101 91 31 46 105 21 112 50 75 18 88 
48 56 48 56 48 19 36 3 48 5 36 30 41 32 53 88 81 51 27 34 47 66 14 20 49 38 48 62 74 27 25 37 55 8 33 85 32 19 87 36 61 18 17 11 66 75 46 40 38 34 18 82 59 52 62 17 17 8 11 33 5 50 80 12 21 32 40 72 32 6 30 63 6 18 28 29 45 89 33 32 22 29 85 51 52 78 20 30 24 22 78 26 34 28 71 36 46 31 35 28 34 26 43 46 24 47 14 18 67 31 52 26 45 4 75 37 26 20 88 0 10 77 84 70 24 19 80 83 42 68 39 62 14 69 28 
37 64 37 64 37 9 26 12 56 8 39 39 51 31 60 97 85 55 31 26 58 74 22 30 57 46 56 64 82 16 14 47 64 19 43 93 23 18 89 46 65 12 7 21 75 77 53 49 47 44 28 88 65 60 70 7 26 15 17 43 6 55 82 2 11 24 50 75 36 16 40 65 13 8 36 37 48 91 44 21 22 38 94 60 60 80 30 31 17 12 87 29 29 18 80 46 45 39 44 36 30 16 51 48 35 56 22 9 71 30 55 21 56 7 77 36 36 30 90 10 0 85 86 80 33 9 86 90 52 72 47 70 15 72 39 
113 91 113 91 113 95 103 78 29 77 57 78 36 70 26 12 43 40 57 91 52 12 63 57 28 39 29 52 9 99 96 50 27 70 51 11 93 73 55 62 46 83 88 65 13 53 34 36 40 55 60 27 28 25 14 93 60 81 67 60 83 39 54 87 95 93 72 48 53 75 49 53 72 93 81 48 53 60 58 102 69 72 9 26 25 60 71 65 85 92 12 61 81 97 8 61 69 81 79 83 81 99 34 56 67 30 63 87 44 70 52 81 39 79 54 70 52 72 58 77 85 0 56 21 74 91 27 14 68 44 79 16 72 50 58 
95 125 95 125 95 93 88 87 57 80 48 104 66 56 46 66 13 36 57 74 91 49 71 74 56 54 50 21 47 92 88 82 69 82 79 51 79 68 3 93 23 77 85 77 62 9 46 57 68 86 75 31 36 52 56 92 73 92 72 89 88 37 4 87 90 78 105 12 52 87 73 21 78 92 104 62 38 4 88 91 63 98 64 62 60 8 92 55 75 85 69 57 63 87 60 93 44 106 107 105 64 92 52 38 91 63 73 82 18 57 31 69 76 83 9 52 72 93 3 84 86 56 0 75 97 87 30 45 102 18 109 48 71 14 84 
113 72 113 72 113 89 102 70 28 72 61 64 29 73 34 23 62 50 58 92 34 25 59 50 27 40 33 65 29 96 93 37 15 62 39 33 93 73 74 46 60 81 85 59 12 70 40 35 32 42 52 48 41 28 19 88 54 73 63 45 76 48 71 82 91 93 55 65 55 67 40 66 67 89 67 45 61 79 44 100 69 58 22 21 22 77 60 68 85 90 11 63 84 95 15 45 77 67 63 69 84 96 36 64 55 24 57 84 59 73 62 81 25 73 71 75 44 60 77 70 80 21 75 0 61 88 47 36 50 59 63 27 69 65 45 
71 32 71 32 71 39 60 21 48 29 52 7 38 53 57 83 91 61 42 58 30 66 28 22 49 43 51 76 75 49 47 24 48 18 23 85 56 41 99 16 74 42 40 21 61 88 53 43 34 19 21 87 65 53 60 37 24 18 29 16 26 60 93 35 43 57 17 84 45 17 26 77 27 39 7 34 60 102 17 54 43 5 80 48 49 93 4 49 48 46 71 44 57 52 67 17 66 9 11 8 58 48 47 62 6 44 26 42 79 52 67 50 36 28 88 58 25 3 101 24 33 74 97 61 0 42 86 84 19 79 15 63 36 82 16 
28 72 28 72 28 7 17 21 63 16 41 48 58 31 66 103 88 59 35 20 67 80 29 38 64 52 62 66 88 8 5 56 72 27 52 99 16 19 90 55 67 10 3 30 82 78 58 55 55 53 36 92 70 66 77 7 34 23 24 52 15 58 83 6 3 17 59 76 40 25 49 66 20 5 45 44 49 91 53 12 24 47 100 67 67 80 39 32 13 4 94 32 26 9 86 55 44 48 53 44 26 7 57 49 44 64 30 5 73 29 56 19 64 15 78 35 44 39 91 19 9 91 87 88 42 0 90 95 61 74 56 75 19 73 48 
106 109 106 109 106 95 97 82 38 78 49 91 48 62 28 36 16 31 54 83 71 23 66 64 37 42 34 33 18 97 93 65 46 75 64 21 87 70 28 77 28 80 87 70 36 29 33 42 51 70 66 2 20 33 31 93 65 87 69 74 86 31 28 87 93 86 89 25 49 81 59 33 74 93 92 52 42 33 72 97 65 85 34 41 39 35 82 58 80 89 40 57 72 92 32 76 56 94 93 94 72 96 38 44 79 43 66 85 23 62 37 75 56 80 30 60 60 82 31 80 86 27 30 47 86 90 0 14 85 22 94 24 70 27 70 
114 103 114 103 114 99 104 84 36 82 57 89 46 70 29 21 31 38 60 91 65 17 69 65 35 44 34 45 9 103 99 61 39 77 61 6 94 76 43 73 40 86 92 72 26 43 37 42 49 66 67 14 26 31 24 98 66 88 72 71 89 38 43 92 99 94 84 39 55 82 58 46 78 98 91 54 51 48 69 104 71 83 19 36 35 50 81 66 87 96 27 63 81 99 22 72 66 92 90 93 81 102 39 54 77 40 69 90 36 70 48 82 51 84 44 69 60 82 46 83 90 14 45 36 84 95 14 0 80 35 91 21 75 41 68 
90 23 90 23 90 58 79 39 47 46 63 16 36 67 57 74 94 66 53 75 16 63 41 31 47 47 52 83 71 68 66 19 41 35 22 79 74 57 103 8 80 60 59 36 54 93 56 45 34 16 32 86 67 52 55 57 36 38 44 12 45 65 98 54 63 75 5 89 55 36 28 84 44 58 20 41 69 107 14 74 58 14 72 44 46 99 22 62 66 65 62 56 73 71 60 9 78 19 13 22 73 68 49 71 17 41 39 60 83 65 75 66 29 46 94 71 31 21 105 42 52 68 102 50 19 61 85 80 0 84 12 61 52 88 19 
86 107 86 107 86 79 78 71 39 65 33 86 48 43 28 55 13 18 41 63 73 34 54 57 39 36 33 10 34 80 76 64 52 65 61 41 68 54 19 75 7 63 71 60 47 10 28 39 50 68 58 24 19 35 40 78 55 76 56 72 73 19 13 72 77 67 87 5 36 70 55 11 62 78 86 45 24 22 70 79 49 80 52 45 42 17 75 41 62 72 55 42 52 75 46 75 35 89 89 88 53 79 34 25 74 45 56 68 1 44 17 56 58 67 11 40 54 76 21 68 72 44 18 59 79 74 22 35 84 0 91 32 56 6 66 
84 17 84 17 84 52 74 35 56 44 66 8 46 68 66 86 102 73 56 73 28 73 43 35 57 54 61 89 81 62 61 29 52 33 30 91 71 56 111 17 86 57 54 36 66 100 63 53 42 24 35 96 75 61 66 51 38 32 44 20 40 71 104 49 57 71 7 96 59 32 35 90 42 52 11 46 74 114 22 68 58 11 84 54 56 105 19 64 63 60 74 58 72 66 71 18 81 8 3 12 73 62 57 76 18 51 40 56 90 66 80 65 40 43 101 73 36 18 112 39 47 79 109 63 15 56 94 91 12 91 0 71 51 95 24 
97 84 97 84 97 79 86 63 15 61 40 68 25 53 10 29 36 24 40 74 47 4 48 43 14 23 13 38 12 83 79 41 21 55 40 23 76 57 48 53 32 66 72 51 15 42 17 21 28 46 46 25 13 10 7 77 45 67 52 50 68 23 44 71 79 76 65 37 36 61 36 39 57 78 70 33 37 52 48 85 53 62 26 17 14 49 60 48 68 76 25 45 64 80 15 52 53 71 69 72 64 83 18 40 56 19 48 71 32 53 36 64 32 63 43 53 38 60 50 62 70 16 48 27 63 75 24 21 61 32 71 0 55 38 47 
44 68 44 68 44 24 32 17 43 9 23 43 40 18 46 84 70 40 16 24 53 60 11 22 44 32 42 49 68 27 24 41 54 17 36 79 24 5 74 44 49 11 16 16 63 61 38 36 37 40 20 72 50 47 57 22 17 23 7 40 17 39 67 16 23 24 51 59 21 19 32 50 8 22 41 24 32 75 40 30 8 40 80 48 48 65 31 16 15 20 75 13 21 25 67 44 32 45 48 42 21 27 37 32 34 45 13 15 55 16 39 14 47 12 61 23 27 32 75 14 15 72 71 69 36 19 70 75 52 56 51 55 0 56 35 
84 111 84 111 84 80 76 72 44 66 33 89 53 42 33 61 15 21 42 62 78 40 56 60 44 40 37 7 40 79 75 68 57 67 65 47 66 54 17 79 8 63 71 62 53 5 32 43 54 72 61 29 25 40 45 78 58 77 58 75 74 23 10 73 76 65 91 3 38 72 59 7 63 78 89 48 24 19 74 78 49 83 58 50 48 11 78 41 62 72 61 43 51 74 52 79 32 92 92 91 51 79 39 24 77 50 58 68 5 44 17 56 63 68 6 39 58 79 18 69 72 50 14 65 82 73 27 41 88 6 95 38 56 0 70 
76 41 76 41 76 47 65 27 32 32 44 21 22 48 41 66 77 48 34 59 18 50 23 13 32 29 36 65 58 56 53 9 32 20 6 68 59 40 86 10 61 44 45 19 45 75 38 28 18 5 14 72 51 37 43 45 18 28 27 6 33 47 80 41 50 59 20 71 35 23 10 66 28 47 23 22 50 89 5 60 40 14 64 31 33 81 14 43 50 51 55 37 55 57 50 10 59 24 23 25 56 55 32 52 9 27 21 46 65 47 56 49 20 32 76 53 12 14 88 28 39 58 84 45 16 48 70 68 19 66 24 47 35 70 0 
