130 6637.57 0 1680 7 240
57.86 47.8 98.62 50.91 76.59 81.66 42.68 5.82 64.27 69.98 4.77 16.66 98.05 90.06 95.59 95.16 79.43 26.82 91.87 23.88 56.8 68.43 49.81 39.8 37.74 97.27 53.59 72.78 17.76 14.33 90.91 8.65 94.89 74.06 82.13 8.29 95.15 4.89 63.56 20.78 39.63 7.47 57.82 40.02 65.07 16.34 92.96 92.5 64.86 80.67 92.59 60.83 24.25 60.5 80.55 81.35 80.71 38.69 96.73 83.29 96.24 51.58 31.66 25.4 3.49 59.73 31.6 24.8 85.17 40.44 59.33 73.96 38.59 46.4 54.03 69.97 58.69 58.17 76.04 84.45 40.96 58.46 47.66 3.4 31.75 76.65 86.04 41.86 80.23 39.71 82.37 36.77 78.98 4.84 58.94 40.6 93.36 72.22 49.67 75.15 49.55 7.57 39.16 25.93 27.29 7.65 91.55 47.8 73.61 4.25 85.91 75.85 97.32 6.27 80.81 50.2 18.84 24.87 18.53 86.6 23.61 48.08 13.35 48.22 95.0 27.23 42.19 74.74 70.32 18.2 
71.4 44.19 23.22 20.09 74.0 49.17 74.11 11.3 68.67 57.56 54.75 46.37 28.3 64.72 17.09 48.19 87.76 52.89 56.08 87.02 22.85 46.29 80.08 73.37 86.24 38.34 35.2 72.93 37.67 44.58 50.63 28.05 68.64 54.91 75.21 72.31 45.9 66.44 36.46 73.74 61.87 62.42 20.6 13.63 31.86 37.81 48.6 88.19 66.86 34.09 57.35 76.73 39.5 89.78 41.78 79.8 83.32 20.86 78.38 23.91 46.74 23.35 61.39 21.76 30.43 11.49 66.57 56.75 32.29 52.7 31.77 78.59 47.88 79.22 56.01 68.09 30.17 38.47 46.53 12.17 36.66 66.34 49.87 74.1 72.53 61.9 31.98 12.97 52.85 46.53 18.22 62.91 69.63 36.91 52.56 43.53 62.83 64.56 49.31 88.75 22.57 20.32 68.8 17.64 26.54 49.8 31.52 35.65 49.73 17.24 26.14 63.06 66.31 29.55 11.55 80.73 22.64 34.45 50.92 34.46 79.4 43.39 69.22 76.42 67.73 19.92 68.08 49.41 80.05 77.2 
6 5 9 5 7 8 4 1 6 7 1 2 9 9 9 9 8 3 9 3 6 7 5 4 4 9 5 7 2 2 9 1 9 7 8 1 9 1 6 2 4 1 6 4 6 2 9 9 6 8 9 6 3 6 8 8 8 4 9 8 9 5 3 3 1 6 3 3 8 4 6 7 4 5 5 7 6 6 7 8 4 6 5 1 3 7 8 4 8 4 8 4 8 1 6 4 9 7 5 7 5 1 4 3 3 1 9 5 7 1 8 7 9 1 8 5 2 3 2 8 3 5 2 5 9 3 4 7 7 2 
1 2 3 4 5 6 7 8 9 10 11 12 13 14 15 16 17 18 19 20 21 22 23 24 25 26 27 28 29 30 31 32 33 34 35 36 37 38 39 40 41 42 43 44 45 46 47 48 49 50 51 52 53 54 55 56 57 58 59 60 61 62 63 64 65 66 67 68 69 70 71 72 73 74 75 76 77 78 79 80 81 82 83 84 85 86 87 88 89 90 91 92 93 94 95 96 97 98 99 100 101 102 103 104 105 106 107 108 109 110 111 112 113 114 115 116 117 118 119 120 121 122 123 124 125 126 127 128 129 130 
3 1 1 1 1 1 1 2 3 1 2 2 1 1 1 1 1 3 1 3 3 1 1 1 1 1 1 1 2 2 1 2 1 1 1 2 1 2 3 2 1 2 3 1 3 2 1 1 3 1 1 3 3 3 1 1 1 1 1 1 1 1 3 3 2 3 3 3 1 1 3 1 1 1 1 1 3 3 1 1 1 3 1 2 3 1 1 1 1 1 1 1 1 2 3 1 1 1 1 1 1 2 1 3 3 2 1 1 1 2 1 1 1 2 1 1 2 3 2 1 3 1 2 1 1 3 1 1 1 2 
1 2 3 2 2 1 3 1 1 2 1 3 3 3 3 3 1 1 3 1 1 2 2 3 3 3 2 2 3 3 3 1 3 2 1 1 3 1 1 3 3 1 1 3 1 3 3 3 1 1 3 1 1 1 1 1 1 3 3 1 3 2 1 1 1 1 1 1 1 3 1 2 3 2 2 2 1 1 2 1 3 1 2 1 1 2 1 3 1 3 1 3 1 1 1 3 3 2 2 2 2 1 3 1 1 1 3 2 2 1 1 2 3 1 1 2 3 1 3 1 1 2 3 2 3 1 3 2 2 3 
7 7 5 7 8 3 9 9 3 2 4 5 8 4 3 1 4 6 2 7 7 10 3 4 1 10 1 4 10 5 5 1 4 3 3 8 1 10 2 5 8 4 2 2 1 1 10 6 7 9 10 9 5 10 5 9 1 10 3 10 7 1 9 2 9 8 3 3 7 7 9 10 7 9 8 10 9 1 5 6 8 2 10 10 2 10 7 3 9 10 1 8 8 9 8 8 2 8 9 7 2 1 6 1 9 1 3 6 9 1 8 8 1 3 7 3 2 7 6 7 9 10 5 6 9 2 10 3 10 7 
4374.51 4524.04 3900.35 4604.44 3509.69 4209.31 3569.14 3264.94 4741.09 3567.55 4680.36 3991.24 3702.81 4685.57 4313.95 3097.27 4688.95 4468.19 3512.44 4431.06 4438.55 4561.14 4467.47 4688.39 3163.56 3592.49 3023.65 4689.61 3155.81 3875.08 4012.12 3080.36 4692.81 4635.85 4215.54 3686.85 3062.63 3254.08 3656.69 4004.09 3247.98 4687.07 3560.63 3669.2 3066.41 3262.3 3745.07 4588.71 4596.33 3376.51 3806.35 3779.07 3798.52 4608.62 3993.2 3815.13 3060.44 3728.11 4342.01 4448.59 4408.23 3145.14 3836.43 3527.69 4574.15 3590.15 4296.13 4635.3 4366.08 4545.61 3245.45 4182.41 4542.16 4189.83 3643.63 3337.99 3678.61 3286.85 3910.15 4615.67 3176.51 3673.37 3652.45 3491.75 3658.46 4510.5 4439.39 4762.63 4603.83 3827.93 3111.56 3266.24 3777.28 4319.01 3204.59 3689.14 3656.3 3441.84 3511.36 4617.73 3520.88 3102.92 4585.59 3142.06 3796.13 3080.62 4523.53 4580.28 3473.22 3188.29 3772.57 3640.71 3141.98 4801.16 4478.59 4351.01 3502.78 4404.45 4511.58 4465.46 4209.6 4245.97 3993.43 4599.93 3859.65 3584.85 4093.28 4652.31 3618.43 4580.54 
0.35 0.26 0.1 0.26 0.27 0.29 0.76 0.35 0.32 0.12 0.54 0.23 0.39 0.59 0.22 0.86 0.75 0.27 0.21 0.24 0.36 0.71 0.21 0.74 0.81 0.66 0.9 0.56 0.74 0.22 0.2 0.86 0.46 0.24 0.25 0.23 0.82 0.68 0.18 0.12 0.25 0.4 0.21 0.18 0.9 0.86 0.58 0.32 0.35 0.31 0.55 0.03 0.2 0.69 0.2 0.6 0.88 0.64 0.2 0.59 0.34 0.84 0.46 0.14 0.26 0.25 0.26 0.22 0.35 0.24 0.34 0.58 0.29 0.33 0.33 0.61 0.17 0.85 0.11 0.23 0.36 0.21 0.54 0.7 0.13 0.7 0.35 0.33 0.3 0.7 0.87 0.3 0.26 0.27 0.43 0.47 0.08 0.27 0.3 0.3 0.06 0.82 0.56 0.85 0.46 0.86 0.29 0.22 0.77 0.86 0.37 0.27 0.9 0.22 0.22 0.28 0.13 0.24 0.55 0.34 0.68 0.61 0.09 0.41 0.52 0.12 0.71 0.24 0.52 0.27 
0.79 0.76 0.61 0.79 0.94 0.6 0.58 0.84 0.88 0.57 0.67 0.85 0.77 0.8 0.93 0.69 0.52 0.56 1.0 0.71 0.85 0.81 0.53 1.0 1.0 0.73 0.55 0.73 0.52 1.0 0.66 1.0 1.0 0.65 0.75 0.76 0.85 1.0 0.88 0.61 0.84 0.75 0.87 0.88 0.95 0.84 0.53 0.78 0.9 0.51 0.51 0.59 0.62 0.88 1.0 0.85 0.79 0.87 0.84 0.51 0.82 0.74 0.57 0.92 0.61 0.78 0.79 1.0 0.74 0.67 0.74 0.57 0.65 0.85 0.74 0.94 0.78 0.71 0.82 0.8 0.57 1.0 0.79 0.67 0.88 1.0 0.78 0.56 0.8 1.0 1.0 0.85 0.84 0.51 0.56 0.55 1.0 0.9 1.0 0.52 0.58 0.64 0.54 0.59 0.92 0.91 0.54 0.89 1.0 0.71 0.51 0.81 0.88 0.96 1.0 0.58 1.0 0.98 0.91 0.87 0.69 1.0 0.96 0.75 0.88 0.85 0.7 0.92 1.0 0.64 
0.96 0.99 1.0 1.0 1.0 0.96 0.6 1.0 0.9 0.64 0.98 0.57 0.7 1.0 0.69 0.77 0.64 0.67 1.0 0.67 0.88 1.0 0.93 0.76 0.64 1.0 0.93 1.0 0.79 0.71 0.89 0.91 0.59 0.94 0.59 0.5 0.51 0.84 0.7 0.66 0.77 0.63 0.82 0.59 0.66 0.7 0.69 0.79 0.88 0.73 0.92 0.55 0.78 1.0 1.0 0.84 1.0 0.81 0.8 0.86 0.51 0.87 0.74 1.0 1.0 0.8 0.56 0.6 0.81 0.78 0.83 1.0 1.0 0.6 0.84 0.88 0.83 0.95 0.73 0.62 0.69 0.75 0.83 0.56 0.5 0.92 1.0 0.88 0.54 0.95 0.7 0.86 0.65 1.0 0.78 0.96 0.59 1.0 0.92 0.55 0.96 0.77 0.86 0.91 0.53 0.63 0.79 0.78 0.91 0.52 0.58 0.6 0.57 0.54 1.0 0.83 0.81 0.71 1.0 0.86 0.5 0.62 0.82 1.0 0.89 0.92 1.0 0.78 0.6 0.54 
0.98 0.99 1.0 0.59 0.68 1.0 0.98 0.65 0.53 0.86 0.57 0.8 0.76 1.0 1.0 0.98 0.63 0.58 0.68 0.61 0.51 0.75 1.0 0.72 0.91 0.72 0.61 0.79 0.91 0.61 0.94 0.84 0.87 1.0 0.85 0.53 0.6 0.96 0.69 0.93 1.0 0.83 0.75 0.78 0.92 0.63 0.55 1.0 0.81 0.72 0.77 0.56 0.78 1.0 1.0 0.7 0.7 0.81 0.8 0.81 0.99 0.94 0.87 1.0 0.95 0.68 0.71 0.67 0.86 0.73 0.97 0.92 0.74 0.65 1.0 1.0 1.0 0.98 0.8 0.79 0.99 0.97 0.86 0.95 0.68 0.52 0.82 0.74 0.58 0.6 0.85 0.7 0.96 0.94 0.66 0.64 0.51 0.53 1.0 0.79 1.0 0.52 1.0 0.67 0.78 0.99 0.8 1.0 1.0 0.51 1.0 0.97 0.93 0.81 0.84 0.73 0.68 0.59 0.56 0.57 0.56 0.62 0.57 0.59 0.99 1.0 0.98 0.92 0.6 0.89 
0.55 0.87 0.92 0.85 0.93 0.73 0.93 1.0 0.51 0.98 0.73 0.83 0.98 0.67 0.99 0.92 0.69 0.81 0.93 0.56 0.7 0.9 0.8 0.68 0.82 0.51 1.0 1.0 0.85 0.81 0.75 0.79 0.54 0.97 1.0 1.0 0.83 0.57 0.94 0.8 0.83 0.54 0.91 0.69 0.51 0.68 0.76 0.88 0.81 0.66 0.92 1.0 0.72 0.74 0.6 0.69 0.77 0.64 0.93 0.89 1.0 0.75 0.83 0.56 0.84 1.0 0.87 0.63 0.96 0.95 0.63 0.59 0.68 0.92 0.73 0.94 0.58 1.0 0.97 0.99 0.96 0.73 0.97 0.74 0.99 0.5 0.89 0.92 0.7 0.65 0.59 0.85 0.67 0.66 0.93 0.57 0.83 0.66 0.51 0.93 1.0 0.76 0.59 0.85 1.0 0.83 1.0 1.0 0.71 0.93 0.61 0.59 0.9 0.65 1.0 0.52 0.51 0.82 0.54 0.75 0.57 0.57 1.0 1.0 0.81 1.0 1.0 1.0 0.6 0.58 
0.83 0.74 0.77 0.92 0.59 0.8 1.0 0.93 0.89 0.61 0.71 0.8 0.86 1.0 0.84 1.0 0.58 0.86 0.87 0.53 0.92 0.5 1.0 1.0 0.71 0.88 1.0 1.0 1.0 0.97 0.61 1.0 0.76 1.0 0.73 0.84 0.94 0.81 0.9 1.0 0.6 0.53 0.68 1.0 0.61 1.0 0.79 0.84 1.0 0.89 1.0 0.78 0.82 1.0 0.71 0.93 0.71 0.62 1.0 0.72 0.66 0.97 0.67 0.77 0.98 1.0 0.55 0.64 0.81 0.99 0.85 0.86 0.95 0.73 0.57 0.59 0.9 0.81 0.68 0.7 0.64 0.73 0.62 0.72 0.53 0.94 1.0 0.54 0.79 0.78 0.9 0.8 0.77 0.95 0.94 0.94 0.69 1.0 0.52 1.0 0.98 1.0 1.0 0.55 0.93 1.0 0.61 0.66 0.98 0.87 0.65 0.94 0.59 1.0 1.0 0.62 1.0 0.68 0.75 0.53 0.91 0.77 0.62 0.57 0.89 0.8 0.83 1.0 0.84 0.86 
0.33 0.48 0.43 0.37 0.35 0.34 0.32 0.51 0.19 0.19 0.19 0.26 0.35 0.53 0.54 0.47 0.08 0.15 0.56 0.09 0.24 0.28 0.39 0.37 0.34 0.23 0.31 0.58 0.32 0.34 0.25 0.6 0.21 0.59 0.27 0.17 0.2 0.37 0.36 0.3 0.32 0.11 0.33 0.28 0.18 0.25 0.12 0.45 0.52 0.16 0.33 0.14 0.22 0.65 0.43 0.32 0.3 0.22 0.5 0.23 0.27 0.44 0.21 0.4 0.47 0.42 0.15 0.16 0.4 0.35 0.32 0.27 0.31 0.22 0.26 0.47 0.34 0.54 0.32 0.27 0.24 0.39 0.34 0.19 0.16 0.23 0.57 0.18 0.14 0.29 0.32 0.35 0.27 0.3 0.25 0.18 0.17 0.32 0.24 0.21 0.54 0.19 0.27 0.17 0.35 0.47 0.21 0.46 0.63 0.15 0.12 0.26 0.25 0.27 0.84 0.11 0.28 0.23 0.21 0.17 0.1 0.17 0.28 0.25 0.56 0.63 0.57 0.65 0.18 0.15 
534.34 547.74 1572.47 525.51 1037.27 1280.5 1629.82 1126.45 1235.02 962.4 2578.09 992.47 887.45 2577.27 1418.23 1232.25 3075.11 976.32 921.53 419.12 480.34 1124.97 1191.4 2633.94 1234.72 1083.97 1091.52 2608.84 1354.1 1503.98 1602.59 1430.39 2309.6 1216.95 1522.83 1055.5 1283.99 980.07 937.97 1522.96 710.67 2223.82 1192.05 1069.39 1301.17 1388.68 972.86 964.83 587.37 1180.95 1032.49 1066.93 1470.42 895.41 1477.11 1626.83 1257.85 924.69 1199.76 982.14 572.36 1228.39 998.64 825.85 1001.54 865.65 1117.6 1264.73 645.47 551.94 1103.76 973.51 646.61 959.8 994.12 1003.49 1198.2 1338.63 1355.18 978.23 1075.64 1007.23 1157.89 1122.75 847.54 1007.91 521.58 1381.38 1396.11 1019.85 1456.63 918.81 845.57 1477.82 1015.32 906.6 723.09 1028.7 1264.61 623.57 697.93 1236.73 1163.27 1296.03 1190.13 1231.97 1108.8 1079.23 1275.85 1206.33 1246.06 777.15 1245.03 1360.87 516.15 1140.02 829.81 500.01 1232.5 466.69 1340.22 1021.39 1284.39 814.47 1309.47 968.64 1011.75 1133.85 1072.8 544.87 
184.04 287.77 798.8 159.53 363.97 492.2 540.01 607.42 239.62 126.26 366.63 263.63 272.06 1387.64 709.24 599.1 231.5 135.11 553.72 40.73 129.33 327.64 424.64 935.85 466.46 187.5 321.14 1754.03 387.26 445.75 387.17 842.17 455.96 755.35 449.36 192.01 283.91 372.58 406.61 481.43 198.83 230.18 413.32 298.47 292.55 381.47 113.35 477.61 291.99 177.39 297.64 140.76 323.06 608.24 637.86 498.99 339.85 213.37 622.91 209.9 143.47 500.75 233.25 325.1 521.79 304.13 185.68 207.33 281.4 219.77 337.77 317.44 246.41 200.58 259.13 457.39 368.09 736.39 533.62 269.54 249.55 429.02 411.28 257.13 137.2 230.45 310.56 225.99 201.23 304.6 544.81 324.9 215.39 454.24 252.36 189.6 141.22 286.27 245.5 137.33 389.86 222.48 372.5 257.69 416.93 615.9 172.42 479.6 800.62 184.7 122.53 177.47 306.46 362.21 442.05 131.08 184.09 102.92 248.45 80.19 186.07 188.38 366.59 175.38 726.16 606.6 545.37 743.78 155.95 100.37 
2171.71 2238.68 7362.35 2127.55 4686.36 5902.49 7649.09 5132.23 5675.08 4311.99 12390.46 4462.34 3937.24 12386.34 6591.17 5661.25 14875.54 4381.6 4107.66 1595.59 1901.71 5124.84 5456.98 12669.69 5673.58 4919.85 4957.61 12544.19 6270.5 7019.9 7512.93 6651.93 11048.0 5584.73 7114.16 4777.49 5919.97 4400.36 4189.86 7114.79 3053.37 10619.08 5460.25 4846.93 6005.87 6443.41 4364.31 4324.13 2436.86 5404.75 4662.46 4834.63 6852.09 3977.04 6885.55 7634.16 5789.25 4123.43 5498.79 4410.7 2361.82 5641.93 4493.18 3629.25 4507.71 3828.27 5088.0 5823.65 2727.35 2259.72 5018.8 4367.53 2733.07 4299.02 4470.59 4517.43 5490.98 6193.16 6275.92 4391.16 4878.18 4536.14 5289.47 5113.74 3737.69 4539.57 2107.92 6406.89 6480.53 4599.23 6783.13 4094.03 3727.87 6889.12 4576.59 4032.98 3115.43 4643.5 5823.06 2617.86 2989.66 5683.66 5316.33 5980.13 5450.67 5659.87 5043.99 4896.14 5879.27 5531.65 5730.31 3385.76 5725.17 6304.36 2080.73 5200.1 3649.06 2000.03 5662.48 1833.47 6201.1 4606.97 5921.94 3572.35 6047.34 4343.21 4558.77 5169.24 4864.01 2224.34 
420.21 938.86 3494.0 297.64 1319.83 1961.01 2200.07 2537.09 698.12 131.28 1333.13 818.15 860.28 6438.2 3046.2 2495.52 657.51 175.55 2268.58 -296.33 146.66 1138.2 1623.19 4179.23 1832.3 437.52 1105.69 8270.15 1436.29 1728.75 1435.84 3710.87 1779.82 3276.76 1746.78 460.05 919.53 1362.89 1533.06 1907.13 494.14 650.91 1566.58 992.35 962.77 1407.35 66.76 1888.07 959.93 386.93 988.2 203.79 1115.31 2541.2 2689.31 1994.93 1199.27 566.83 2614.54 549.49 217.36 2003.73 666.25 1125.49 2108.97 1020.63 428.41 536.63 907.02 598.84 1188.84 1087.19 732.05 502.92 795.67 1786.95 1340.44 3181.93 2168.12 847.68 747.73 1645.12 1556.39 785.64 186.01 652.26 1052.82 629.96 506.13 1023.0 2224.04 1124.5 576.97 1771.18 761.78 448.02 206.09 931.34 727.5 186.66 1449.28 612.38 1362.51 788.45 1584.63 2579.49 362.1 1897.99 3503.12 423.52 112.67 387.37 1032.31 1311.05 1710.23 155.42 420.47 14.62 742.24 -99.07 430.37 441.91 1332.93 376.88 3130.79 2533.02 2226.83 3218.92 279.77 1.85 
174.98 90.48 78.01 92.09 70.19 84.19 71.38 97.95 189.64 71.35 140.41 119.74 74.06 93.71 86.28 61.95 93.78 178.73 70.25 177.24 177.54 91.22 89.35 93.77 63.27 71.85 60.47 93.79 94.67 116.25 80.24 92.41 93.86 92.72 84.31 110.61 61.25 97.62 146.27 120.12 64.96 140.61 142.43 73.38 122.66 97.87 74.9 91.77 183.85 67.53 76.13 151.16 151.94 184.34 79.86 76.3 61.21 74.56 86.84 88.97 88.16 62.9 153.46 141.11 137.22 143.61 171.85 185.41 87.32 90.91 129.82 83.65 90.84 83.8 72.87 66.76 147.14 131.47 78.2 92.31 63.53 146.93 73.05 104.75 146.34 90.21 88.79 95.25 92.08 76.56 62.23 65.32 75.55 129.57 128.18 73.78 73.13 68.84 70.23 92.35 70.42 93.09 91.71 125.68 151.85 92.42 90.47 91.61 69.46 95.65 75.45 72.81 62.84 144.03 89.57 87.02 105.08 176.18 135.35 89.31 168.38 84.92 119.8 92.0 77.19 143.39 81.87 93.05 72.37 137.42 
37 12 11 13 10 12 10 18 40 10 26 22 10 13 12 8 13 38 10 37 38 13 12 13 9 10 8 13 18 22 11 17 13 13 12 21 8 18 31 22 9 26 30 10 26 18 10 13 39 9 10 32 32 39 11 10 8 10 12 12 12 8 32 30 26 30 36 39 12 12 27 11 12 11 10 9 31 28 11 13 9 31 10 19 31 12 12 13 13 10 8 9 10 24 27 10 10 9 10 13 10 17 13 26 32 17 12 13 9 18 10 10 8 27 12 12 20 37 25 12 36 12 22 13 11 30 11 13 10 26 
154 37 137 129 155 24 7 96 17 94 4 166 140 68 93 213 18 131 105 56 113 132 237 221 180 216 203 107 232 191 32 111 50 169 91 199 230 167 62 70 79 210 200 228 160 204 133 138 43 53 128 227 183 170 233 163 150 196 95 160 238 176 71 112 0 10 165 99 113 82 15 124 171 108 192 157 179 139 100 154 145 119 138 17 115 159 180 228 124 36 3 212 183 90 130 129 12 62 67 4 128 25 54 205 116 45 106 127 164 235 221 210 202 208 149 140 213 88 91 40 185 111 126 160 108 109 51 63 237 149 
240 203 222 173 240 102 230 240 75 232 146 240 240 187 120 240 102 240 240 121 150 240 240 240 240 240 240 179 240 240 211 193 87 240 233 240 240 240 240 128 240 240 240 240 238 240 184 182 240 141 240 240 240 211 240 240 240 240 159 240 240 240 240 177 240 102 240 123 240 174 184 155 240 142 240 218 240 211 137 201 240 214 219 125 240 240 240 240 240 240 61 240 240 184 181 237 120 221 240 227 240 221 226 240 240 133 240 188 222 240 240 240 240 235 240 240 240 240 175 240 240 158 240 240 169 240 132 240 240 240 
2
0.0 0.0 
100.0 0.0 
0 14 9 10 17 13 11 13 7 12 10 11 6 8 17 13 18 15 11 7 14 3 13 12 7 6 5 16 12 11 9 8 14 10 14 12 12 4 15 4 12 4 7 5 14 13 13 9 15 13 10 14 14 9 9 8 14 11 11 12 14 16 15 13 7 11 9 15 6 7 15 8 12 10 9 7 9 10 13 12 13 17 10 9 9 3 5 12 15 13 13 9 16 7 12 9 10 9 14 11 10 10 13 11 7 12 11 7 16 11 12 11 16 12 14 10 17 7 11 10 7 15 4 10 4 7 14 12 7 12 10 4 
14 0 13 9 14 7 15 13 12 1 13 12 7 7 14 15 13 15 16 8 15 12 8 11 13 11 13 14 9 14 5 6 14 4 16 13 15 10 15 9 10 10 10 8 8 6 10 5 14 18 13 12 15 13 6 15 12 16 16 6 17 12 15 8 9 4 4 8 10 8 13 9 9 15 8 13 11 13 9 9 12 12 7 12 9 10 11 14 13 6 13 8 12 10 15 5 11 8 16 13 9 16 7 3 11 4 5 7 13 8 12 2 12 14 16 4 11 13 4 6 7 13 11 9 10 12 16 4 11 12 15 11 
9 13 0 4 9 7 2 4 2 11 0 2 7 6 8 4 9 6 3 5 5 5 6 3 1 2 3 7 5 2 7 7 5 9 5 3 3 7 6 7 5 5 2 7 7 8 5 7 5 5 1 6 5 0 6 2 5 3 3 7 5 7 6 6 4 8 9 8 3 5 6 3 5 2 4 1 2 1 5 4 4 9 5 0 3 7 3 3 6 8 4 4 8 3 3 9 2 4 5 2 3 3 7 10 2 8 7 7 7 5 3 10 7 2 5 9 9 1 8 7 6 6 5 4 6 1 5 8 2 3 2 5 
10 9 4 0 7 3 5 4 4 7 4 3 6 4 7 6 7 6 7 3 6 7 3 2 5 4 6 7 1 5 4 4 6 6 7 4 6 6 6 6 2 5 2 6 3 4 3 4 6 8 4 4 6 5 3 6 4 6 7 3 8 5 6 3 3 4 6 4 3 3 5 1 2 6 1 5 1 4 2 1 4 6 1 3 0 7 4 4 5 4 4 1 6 3 5 6 1 1 7 4 0 7 3 6 3 4 3 5 6 1 3 7 6 4 7 6 6 5 5 3 4 5 6 0 6 4 7 4 3 3 6 6 
17 14 9 7 0 6 7 4 10 13 8 6 14 12 0 6 0 3 9 11 4 14 5 5 10 11 12 2 6 8 11 12 4 12 6 5 7 14 3 14 5 13 10 14 5 8 4 11 3 9 7 2 4 9 10 10 3 8 8 8 7 2 3 6 11 10 13 5 11 11 2 9 5 8 9 10 7 7 5 6 4 2 8 8 8 15 11 6 2 8 4 9 2 10 7 13 7 8 5 7 7 9 7 13 10 10 10 13 1 7 5 13 1 6 6 13 3 10 11 10 12 2 13 7 13 10 6 10 10 5 9 13 
13 7 7 3 6 0 8 6 7 6 7 6 8 6 6 8 6 7 10 5 7 10 0 4 8 7 9 7 2 8 5 6 7 6 9 5 9 9 7 9 2 8 6 8 0 1 2 5 7 11 6 4 7 8 4 10 5 9 9 1 10 4 7 0 6 3 6 1 7 6 5 4 2 8 4 8 5 7 1 2 5 4 2 6 4 10 7 7 5 1 6 4 4 6 8 7 4 3 8 7 4 10 0 6 7 3 3 7 6 2 5 6 5 7 9 6 4 8 4 4 6 5 9 3 8 8 9 3 6 5 9 9 
11 15 2 5 7 8 0 3 4 13 1 2 10 9 7 2 8 4 2 7 3 7 7 4 3 5 5 5 6 0 9 9 3 11 2 2 0 9 4 10 5 7 5 10 8 10 6 10 4 3 1 5 3 2 8 3 4 1 1 9 2 7 4 8 6 10 12 9 6 7 6 5 6 0 6 4 4 1 6 5 3 8 7 2 5 10 6 1 6 10 3 6 8 5 0 11 3 6 2 1 5 2 8 12 5 10 9 10 6 6 3 13 6 1 3 11 8 3 11 9 8 5 7 5 9 4 2 10 4 3 1 8 
13 13 4 4 4 6 3 0 6 12 3 2 11 9 3 2 4 1 5 7 1 9 5 1 6 6 8 2 4 3 9 9 1 10 3 1 3 10 1 11 3 9 6 10 5 7 3 9 1 5 3 2 1 4 8 6 1 4 4 7 4 3 2 5 7 8 11 6 7 8 2 5 4 4 6 6 4 3 4 3 0 5 6 4 4 11 7 1 2 7 0 6 4 6 2 11 3 5 2 2 4 5 5 11 6 9 8 10 2 5 1 11 3 2 3 11 5 6 9 8 9 2 9 4 10 6 3 8 6 0 4 9 
7 12 2 4 10 7 4 6 0 10 3 4 6 5 10 6 11 8 5 3 7 3 7 5 1 0 1 9 5 4 6 5 7 8 7 5 5 4 8 5 6 3 1 5 7 8 6 6 8 7 3 7 7 2 5 3 7 5 5 7 7 9 8 7 2 7 8 9 1 3 8 3 6 4 3 0 3 3 6 5 6 10 5 2 3 5 1 5 8 8 6 3 9 1 5 7 3 4 7 4 3 5 7 9 0 8 7 6 9 5 5 9 9 4 7 8 10 1 8 6 4 8 2 4 4 0 7 8 0 5 4 3 
12 1 11 7 13 6 13 12 10 0 11 11 6 5 13 14 12 13 15 6 13 11 7 10 11 10 11 13 7 13 4 4 13 2 15 11 14 8 13 7 8 9 8 7 7 4 8 4 13 16 11 11 14 12 4 13 11 14 14 4 16 11 13 6 8 3 2 7 8 7 11 7 8 13 7 11 9 12 8 8 11 11 6 10 8 8 9 12 11 5 12 6 10 8 13 3 9 6 14 12 8 14 6 1 9 3 3 5 12 6 11 0 11 12 15 2 10 11 2 4 5 12 10 7 8 11 15 3 9 11 13 9 
10 13 0 4 8 7 1 3 3 11 0 1 8 7 7 3 8 5 3 5 4 6 6 3 2 3 4 6 5 1 7 7 4 9 4 2 2 8 5 8 4 6 3 8 6 8 5 8 5 4 0 5 4 1 7 3 4 2 3 7 4 6 5 6 4 8 10 8 4 5 5 4 5 1 4 2 2 0 5 4 3 8 5 0 3 8 4 2 6 8 3 4 7 4 2 9 2 4 4 1 3 3 6 10 3 9 8 8 6 5 3 11 6 1 4 9 8 2 9 7 7 5 6 4 7 2 4 8 3 3 1 6 
11 12 2 3 6 6 2 2 4 11 1 0 9 7 5 3 6 3 4 6 3 7 5 1 4 4 6 4 3 2 7 8 3 9 3 0 3 9 3 9 3 7 4 8 5 7 3 8 3 5 1 3 3 3 7 4 2 3 3 6 4 5 4 5 5 8 10 6 5 6 4 4 3 3 4 4 2 1 4 3 1 6 5 2 3 9 5 1 4 7 1 4 5 4 2 9 1 4 3 1 3 4 5 10 4 8 7 8 4 4 1 11 5 1 4 9 6 4 8 7 7 4 7 3 8 4 3 8 4 1 3 7 
6 7 7 6 14 8 10 11 6 6 8 9 0 2 13 12 14 12 11 3 12 5 8 9 7 5 6 13 7 10 3 1 12 3 13 9 11 2 12 1 8 3 5 1 9 7 9 2 12 13 8 11 12 8 3 9 10 11 11 6 13 12 13 8 3 5 3 9 4 2 11 5 8 10 4 6 7 9 8 7 10 12 5 7 6 2 4 10 12 7 10 5 12 4 10 2 7 5 12 9 6 11 7 4 5 6 5 0 12 6 9 5 12 10 13 3 12 7 5 4 2 12 4 6 2 6 13 5 5 10 10 3 
8 7 6 4 12 6 9 9 5 5 7 7 2 0 11 10 12 11 10 1 10 5 6 7 6 5 6 11 5 8 1 0 10 2 11 8 10 3 11 3 6 3 3 2 6 5 7 1 10 12 7 9 10 7 1 8 9 10 10 4 12 10 11 5 3 3 2 7 3 1 9 3 6 9 3 6 5 8 6 6 8 10 3 6 4 4 4 8 10 5 9 3 10 3 9 2 6 3 11 8 4 10 5 3 4 4 3 1 10 4 8 4 10 8 11 2 10 6 3 2 0 10 4 4 3 6 11 4 4 8 9 4 
17 14 8 7 0 6 7 3 10 13 7 5 13 11 0 5 1 2 8 10 4 13 5 4 10 10 11 1 6 7 11 12 3 12 5 5 7 14 2 14 5 12 9 13 5 8 4 11 2 8 7 2 4 8 10 10 3 7 8 8 7 2 2 6 10 10 13 5 10 11 1 8 5 7 8 10 7 6 5 5 4 3 8 7 7 15 11 5 1 8 4 8 2 10 6 13 6 8 4 6 7 9 6 12 10 10 10 13 1 7 4 13 1 5 5 13 3 10 11 10 11 1 12 7 13 9 5 10 9 4 8 13 
13 15 4 6 6 8 2 2 6 14 3 3 12 10 5 0 6 2 3 9 1 9 7 4 6 7 8 3 6 2 11 11 2 12 0 2 1 11 2 12 5 9 7 11 7 10 5 11 2 3 3 4 1 4 10 5 3 2 2 9 2 5 2 8 8 11 13 8 8 9 4 7 6 3 7 6 5 2 6 5 3 7 8 4 6 12 8 1 4 10 2 7 6 7 1 12 4 7 0 2 6 4 8 13 7 11 10 11 4 7 3 14 5 2 1 12 7 6 11 10 10 4 9 6 10 6 0 11 6 3 3 10 
18 13 9 7 0 6 8 4 11 12 8 6 14 12 1 6 0 4 10 11 5 14 5 5 11 11 12 3 6 8 11 12 4 12 7 6 8 14 4 14 5 13 10 14 5 7 4 11 4 10 8 3 5 9 10 11 4 9 9 8 8 2 4 6 11 10 13 5 11 11 2 9 5 9 9 11 8 8 5 6 5 1 8 8 8 15 12 6 2 7 5 9 1 10 7 13 7 8 6 7 8 10 6 12 10 9 9 13 2 7 5 13 1 7 7 12 2 11 10 10 12 2 13 7 13 10 7 9 10 5 9 13 
15 15 6 6 3 7 4 1 8 13 5 3 12 11 2 2 4 0 6 9 1 11 6 3 7 8 9 1 6 4 11 11 0 12 2 3 4 12 0 13 4 11 8 12 6 9 4 11 0 5 5 2 1 6 10 7 2 4 5 8 4 3 0 7 9 10 13 7 9 10 2 7 5 5 8 8 5 4 5 5 2 5 7 5 6 13 9 3 2 9 2 7 4 8 3 13 5 7 2 4 6 6 7 13 8 10 10 12 2 6 3 13 3 3 2 12 5 7 11 10 10 2 11 6 12 7 2 10 8 2 5 11 
11 16 3 7 9 10 2 5 5 15 3 4 11 10 8 3 10 6 0 9 4 7 9 6 4 6 5 7 8 2 11 11 5 13 3 4 1 10 6 11 7 8 6 10 10 11 8 11 5 1 3 7 4 3 10 2 6 1 0 11 2 9 6 10 7 12 13 11 7 8 7 7 8 1 8 4 5 3 8 7 5 10 9 4 7 11 7 3 8 11 4 8 9 7 2 12 5 8 4 3 6 0 10 14 6 12 11 11 8 8 5 14 8 3 3 13 10 4 12 10 10 7 8 7 9 4 3 12 6 5 1 8 
7 8 5 3 11 5 7 7 3 6 5 6 3 1 10 9 11 9 9 0 9 4 6 6 5 3 5 10 4 7 2 2 9 4 9 6 8 3 9 3 5 3 2 3 6 5 6 2 9 10 5 8 9 5 1 7 7 8 8 4 10 9 9 5 1 4 4 7 2 0 8 1 5 7 1 4 3 6 5 4 7 10 3 4 3 4 2 7 8 6 7 2 9 2 7 3 4 2 9 6 3 8 5 5 2 5 3 2 9 3 6 6 9 7 10 4 9 5 4 2 1 8 3 3 3 4 9 4 3 6 7 3 
14 15 5 6 4 7 3 1 7 13 4 3 12 10 4 1 5 1 4 9 0 10 6 3 6 7 8 2 6 3 10 11 0 12 1 2 3 12 1 12 4 10 7 12 7 9 5 11 1 4 4 3 0 5 9 6 2 3 4 9 3 4 1 7 8 10 13 7 8 9 3 7 5 4 7 7 5 3 6 5 2 6 7 4 6 12 8 2 3 9 1 7 5 7 2 12 4 7 0 3 6 5 7 13 7 10 10 12 3 6 2 13 4 2 1 12 6 6 11 10 10 3 10 6 11 6 1 10 7 2 4 10 
3 12 5 7 14 10 7 9 3 11 6 7 5 5 13 9 14 11 7 4 10 0 10 8 3 2 1 12 8 7 7 6 10 8 10 8 8 3 11 4 9 1 4 4 10 10 9 7 11 9 6 11 10 5 6 5 10 8 8 9 10 12 11 9 3 9 8 11 3 4 11 5 9 7 5 3 6 7 9 8 9 13 7 5 6 3 2 8 11 10 9 6 12 3 8 7 7 6 10 7 6 7 9 9 3 9 8 5 12 8 8 10 12 8 10 8 13 3 9 7 5 11 1 7 2 3 10 9 3 9 6 1 
13 8 6 3 5 0 7 5 7 7 6 5 8 6 5 7 5 6 9 6 6 10 0 3 8 7 9 6 1 7 5 6 6 6 8 5 8 9 6 9 2 8 6 9 0 2 1 6 6 10 6 3 7 7 5 9 4 8 9 2 9 3 6 0 6 4 7 1 7 6 4 4 1 8 4 8 4 6 1 2 4 4 3 6 4 10 7 6 4 2 5 4 3 6 7 7 4 3 7 6 3 9 1 7 7 4 4 8 5 2 4 7 4 6 8 7 3 8 5 4 6 4 9 3 9 7 8 4 6 4 8 9 
12 11 3 2 5 4 4 1 5 10 3 1 9 7 4 4 5 3 6 6 3 8 3 0 5 5 7 4 2 3 7 7 3 8 4 1 4 9 3 9 1 7 4 9 3 6 2 7 3 6 2 2 3 4 6 6 1 5 5 5 6 3 3 4 5 7 9 5 6 6 3 4 2 4 4 5 2 3 2 1 1 5 4 3 3 10 6 2 3 6 1 4 4 5 3 9 1 3 4 2 2 6 4 9 5 7 6 8 3 3 0 10 3 2 5 9 5 5 7 6 7 3 7 2 8 5 4 6 4 1 4 8 
7 13 1 5 10 8 3 6 1 11 2 4 7 6 10 6 11 7 4 5 6 3 8 5 0 1 1 9 6 3 7 7 7 9 6 4 4 6 8 6 6 4 2 6 8 9 7 7 7 6 2 7 6 1 6 2 7 4 4 8 6 9 8 8 3 9 9 9 3 4 8 4 7 3 4 0 3 3 7 6 6 10 6 2 4 6 2 4 8 9 5 5 9 3 4 8 4 5 6 3 4 3 8 10 2 9 8 7 9 6 5 11 9 4 7 9 10 0 9 7 6 8 3 5 5 0 6 9 2 5 2 4 
6 11 2 4 11 7 5 6 0 10 3 4 5 5 10 7 11 8 6 3 7 2 7 5 1 0 1 9 5 4 5 5 7 7 7 5 6 4 8 5 6 2 1 4 7 8 6 6 8 7 3 8 7 3 5 3 7 6 6 7 8 9 8 7 2 7 8 9 1 3 8 2 6 4 3 1 3 4 6 5 6 10 5 2 3 5 1 5 8 8 6 3 9 1 5 7 4 4 7 4 3 5 7 8 0 8 6 5 9 5 5 9 9 5 8 7 10 1 7 5 4 8 2 4 3 1 7 7 0 6 4 3 
5 13 3 6 12 9 5 8 1 11 4 6 6 6 11 8 12 9 5 5 8 1 9 7 1 1 0 10 7 5 7 6 9 9 8 6 6 4 10 5 8 3 3 5 9 10 8 7 9 7 4 9 8 3 6 3 8 6 6 9 8 11 10 9 3 9 9 11 2 4 10 4 8 5 5 1 4 5 8 7 7 12 7 4 5 5 2 6 10 10 7 5 11 3 6 8 5 6 8 5 5 5 9 10 2 9 8 6 10 7 7 10 11 6 8 9 12 1 9 7 5 10 2 6 4 2 8 9 2 7 4 3 
16 14 7 7 2 7 5 2 9 13 6 4 13 11 1 3 3 1 7 10 2 12 6 4 9 9 10 0 6 6 11 11 1 12 4 4 5 13 1 13 4 12 8 13 6 8 4 11 1 7 6 2 2 7 10 9 2 6 6 8 5 2 1 6 9 10 13 6 10 10 1 8 5 6 8 9 6 5 5 5 3 4 8 6 7 14 10 4 1 8 3 8 3 9 5 13 5 8 3 5 6 7 7 13 9 10 10 12 1 7 3 13 2 4 3 13 4 9 11 10 11 1 12 7 12 8 4 10 8 3 7 12 
12 9 5 1 6 2 6 4 5 7 5 3 7 5 6 6 6 6 8 4 6 8 1 2 6 5 7 6 0 6 5 5 5 6 7 4 7 8 6 8 1 7 4 7 2 3 1 5 5 9 4 3 6 6 4 7 3 7 7 2 8 4 6 1 4 4 7 3 5 5 4 3 0 6 2 6 2 5 1 0 3 5 1 4 2 9 6 5 4 3 4 2 4 4 6 6 2 2 6 4 2 8 1 6 5 4 3 6 5 0 3 7 4 5 7 6 5 6 5 4 5 4 7 1 7 5 7 4 4 3 6 7 
11 14 2 5 8 8 0 3 4 13 1 2 10 8 7 2 8 4 2 7 3 7 7 3 3 4 5 6 6 0 9 9 4 11 3 2 1 9 5 9 5 7 4 9 7 9 5 9 4 3 1 5 3 1 8 2 4 1 1 8 3 7 5 7 6 9 11 8 5 7 6 5 6 0 6 3 3 0 6 5 3 8 6 2 4 9 5 1 6 9 3 6 7 5 1 10 3 6 3 1 4 2 7 11 4 10 9 9 6 6 3 12 6 1 3 11 8 3 10 8 8 5 7 5 8 3 3 9 4 3 1 7 
9 5 7 4 11 5 9 9 6 4 7 7 3 1 11 11 11 11 11 2 10 7 5 7 7 5 7 11 5 9 0 1 10 1 11 8 10 5 11 4 6 5 4 3 6 4 6 0 10 12 7 9 11 8 0 9 8 10 11 3 12 9 11 5 3 2 2 7 4 2 9 3 5 9 3 7 5 8 5 5 8 10 3 7 4 5 5 9 9 4 9 3 9 4 9 1 6 3 11 8 4 10 5 2 5 3 2 2 10 4 8 3 9 9 12 2 9 7 2 1 1 9 6 4 4 7 11 2 5 8 9 5 
8 6 7 4 12 6 9 9 5 4 7 8 1 0 12 11 12 11 11 2 11 6 6 7 7 5 6 11 5 9 1 0 10 2 12 8 10 4 11 3 7 4 4 2 7 5 7 1 11 12 7 9 11 8 1 9 9 10 10 4 12 10 11 6 3 3 2 8 3 2 10 3 6 9 3 6 5 8 6 6 8 11 3 7 4 4 4 9 10 5 9 3 10 4 9 1 6 3 11 8 5 10 5 3 4 4 3 1 11 4 8 4 10 9 12 2 10 7 3 2 1 10 5 4 3 6 11 3 5 8 9 4 
14 14 5 6 4 7 3 1 7 13 4 3 12 10 3 2 4 0 5 9 0 10 6 3 7 7 9 1 5 4 10 10 0 12 2 2 3 12 0 12 4 10 7 12 6 8 4 10 0 5 4 2 0 5 9 7 1 4 4 8 4 3 0 6 8 10 12 7 8 9 2 7 5 4 7 7 5 3 5 4 2 5 7 5 6 12 9 2 2 8 1 7 4 7 3 12 4 7 1 3 5 5 7 12 7 10 9 11 2 6 2 13 3 2 2 12 5 7 11 9 10 2 10 6 11 7 2 10 7 2 5 11 
10 4 9 6 12 6 11 10 8 2 9 9 3 2 12 12 12 12 13 4 12 8 6 8 9 7 9 12 6 11 1 2 12 0 13 10 12 6 12 5 7 6 6 4 7 4 8 1 12 14 9 10 12 10 2 11 10 12 12 4 14 10 12 6 5 2 0 7 6 4 10 5 7 11 5 9 7 10 7 7 9 11 4 8 6 6 7 10 11 5 10 5 10 6 11 1 7 5 13 10 6 12 5 1 7 2 2 3 11 5 9 1 11 10 13 0 10 9 1 2 3 11 7 6 5 8 13 2 7 9 11 7 
14 16 5 7 6 9 2 3 7 15 4 3 13 11 5 0 7 2 3 9 1 10 8 4 6 7 8 4 7 3 11 12 2 13 0 3 2 12 3 12 6 10 7 12 8 11 6 12 2 2 4 5 1 5 10 5 4 2 2 10 1 6 3 8 9 11 14 9 9 10 5 8 7 3 8 7 6 3 7 6 4 8 8 5 7 13 9 2 5 10 3 8 7 8 2 13 5 8 0 3 7 4 9 14 7 12 11 12 5 8 4 14 6 2 0 13 8 6 12 11 11 5 10 7 11 6 0 11 7 3 3 11 
12 13 3 4 5 5 2 1 5 11 2 0 9 8 5 2 6 3 4 6 2 8 5 1 4 5 6 4 4 2 8 8 2 10 3 0 3 9 3 10 3 8 5 9 5 7 3 8 2 5 2 3 2 3 7 5 2 3 4 7 4 4 3 5 6 8 10 6 6 7 3 4 3 3 5 5 2 1 4 3 1 6 5 2 3 10 6 1 3 7 0 5 5 5 2 10 2 5 2 1 3 4 5 10 5 8 7 9 4 4 0 11 4 1 3 10 6 5 9 7 7 3 8 4 8 4 3 8 4 0 3 8 
12 15 3 6 7 9 0 3 5 14 2 3 11 10 7 1 8 4 1 8 3 8 8 4 4 6 6 5 7 1 10 10 3 12 2 3 0 10 4 11 6 8 6 10 8 10 6 10 4 2 2 5 2 3 9 3 4 0 1 9 2 7 4 8 7 11 12 9 7 8 6 6 7 1 7 5 4 2 7 6 4 9 8 3 6 11 7 2 6 10 3 7 8 6 0 12 4 7 2 2 5 2 8 13 6 11 10 11 6 7 3 13 7 1 2 12 9 4 11 10 9 5 8 6 9 4 2 11 5 3 1 9 
4 10 7 6 14 9 9 10 4 8 8 9 2 3 14 11 14 12 10 3 12 3 9 9 6 4 4 13 8 9 5 4 12 6 12 9 10 0 12 0 9 1 4 1 10 9 9 5 12 12 8 11 12 7 5 7 11 10 10 8 12 12 13 9 3 7 6 11 3 3 12 5 9 9 5 5 6 8 9 8 10 13 6 7 6 0 3 9 12 9 10 5 13 4 10 5 7 6 12 9 6 9 9 7 4 8 7 3 13 7 9 7 12 9 12 6 13 6 7 5 3 12 2 7 0 5 12 7 4 10 8 1 
15 15 6 6 3 7 4 1 8 13 5 3 12 11 2 2 4 0 6 9 1 11 6 3 8 8 10 1 6 5 11 11 0 12 3 3 4 12 0 13 4 11 8 12 6 9 4 11 0 6 5 2 1 6 10 7 2 5 5 8 4 3 0 7 9 10 13 7 9 10 2 7 5 5 8 8 6 4 5 5 2 5 7 6 6 13 9 3 2 8 2 7 4 8 4 12 5 7 2 4 6 6 7 13 8 10 10 12 2 6 3 13 3 3 2 12 5 8 11 10 10 2 11 6 12 7 3 10 8 2 6 11 
4 9 7 6 14 9 10 11 5 7 8 9 1 3 14 12 14 13 11 3 12 4 9 9 6 5 5 13 8 9 4 3 12 5 12 10 11 0 13 0 9 2 5 0 10 9 9 4 12 12 8 11 12 8 4 8 11 11 11 8 13 12 13 9 3 7 5 11 3 3 12 5 9 10 5 6 7 9 9 8 10 13 6 7 6 1 3 10 12 9 10 5 13 4 10 4 7 6 12 9 6 10 8 6 4 7 6 2 13 7 10 7 12 10 13 5 13 6 6 5 2 12 3 6 1 6 12 7 5 10 9 2 
12 10 5 2 5 2 5 3 6 8 4 3 8 6 5 5 5 4 7 5 4 9 2 1 6 6 8 4 1 5 6 7 4 7 6 3 6 9 4 9 0 8 4 8 2 4 0 6 4 8 4 2 5 5 5 7 2 6 7 4 7 3 4 2 5 5 8 3 6 6 3 4 0 6 3 6 3 4 1 0 2 4 3 4 2 10 6 4 3 4 3 3 3 5 5 8 2 3 5 4 2 7 2 8 5 6 5 8 4 2 2 8 3 4 6 8 4 6 6 5 6 3 8 2 8 6 6 5 5 2 6 8 
4 10 5 5 13 8 7 9 3 9 6 7 3 3 12 9 13 11 8 3 10 1 8 7 4 2 3 12 7 7 5 4 10 6 10 8 8 1 11 2 8 0 3 2 9 9 8 5 10 10 6 10 10 5 4 6 9 8 8 7 10 11 11 8 2 7 6 10 1 2 10 4 8 7 4 3 5 7 8 7 8 12 6 5 5 2 1 8 11 9 9 4 11 2 8 5 6 5 10 7 5 8 8 7 2 8 6 3 11 6 8 8 11 8 10 6 12 4 7 5 3 10 0 5 1 3 10 7 3 8 7 0 
7 10 2 2 10 6 5 6 1 8 3 4 5 3 9 7 10 8 6 2 7 4 6 4 2 1 3 8 4 4 4 4 7 6 7 5 6 4 8 5 4 3 0 4 6 6 5 4 7 8 3 7 7 3 3 4 6 6 6 5 8 8 8 5 1 6 6 7 1 2 7 1 5 5 2 2 2 4 5 4 5 9 3 2 2 5 1 5 7 6 5 2 8 0 5 6 3 2 7 4 2 6 5 7 0 6 5 4 8 3 5 8 8 5 8 6 9 3 6 4 3 7 3 2 3 2 7 6 0 5 5 3 
5 8 7 6 14 8 10 10 5 7 8 8 1 2 13 11 14 12 10 3 12 4 9 9 6 4 5 13 7 9 3 2 12 4 12 9 10 1 12 0 8 2 4 0 9 8 9 3 12 12 8 11 12 7 4 8 10 10 10 7 12 12 12 8 3 6 4 10 3 2 11 4 8 9 4 6 6 8 8 8 10 13 6 7 6 1 3 9 12 8 10 5 12 4 10 3 7 5 12 9 6 10 8 6 4 6 5 1 12 6 9 6 12 9 12 4 12 6 5 4 2 11 3 6 1 6 12 6 5 9 9 2 
14 8 7 3 5 0 8 5 7 7 6 5 9 6 5 7 5 6 10 6 7 10 0 3 8 7 9 6 2 7 6 7 6 7 8 5 8 10 6 10 2 9 6 9 0 2 1 6 6 10 6 3 7 8 5 9 4 9 9 2 9 3 6 0 6 4 7 1 7 6 4 5 1 8 4 8 5 7 1 2 4 3 3 6 4 10 8 6 4 2 5 4 3 6 7 7 4 4 7 6 4 10 1 7 7 4 4 8 5 2 4 7 4 6 8 7 3 8 5 5 7 4 9 3 9 8 8 4 7 4 8 9 
13 6 8 4 8 1 10 7 8 4 8 7 7 5 8 10 7 9 11 5 9 10 2 6 9 8 10 8 3 9 4 5 8 4 11 7 10 9 9 9 4 9 6 8 2 0 4 4 9 13 8 6 9 9 4 11 7 11 11 1 12 6 9 2 6 2 5 2 7 6 6 5 3 10 4 9 6 8 3 4 6 6 3 7 5 10 8 8 7 0 8 4 6 7 9 6 6 4 10 8 5 11 1 4 7 2 2 6 7 3 7 5 6 8 11 5 5 9 3 3 6 7 9 4 8 9 11 2 7 7 10 9 
13 10 5 3 4 2 6 3 6 8 5 3 9 7 4 5 4 4 8 6 5 9 1 2 7 6 8 4 1 5 6 7 4 8 6 3 6 9 4 9 0 8 5 9 1 4 0 7 4 8 5 2 5 6 5 8 2 7 7 4 8 2 4 2 6 5 8 3 6 6 2 4 0 6 4 7 3 5 0 1 2 3 3 5 3 10 7 4 2 4 3 4 3 6 5 8 3 3 5 4 3 8 2 8 6 5 5 8 3 2 2 8 3 4 6 8 3 7 6 5 7 3 9 2 9 6 6 5 6 2 6 9 
9 5 7 4 11 5 10 9 6 4 8 8 2 1 11 11 11 11 11 2 11 7 6 7 7 6 7 11 5 9 0 1 10 1 12 8 10 5 11 4 6 5 4 3 6 4 7 0 11 13 8 9 11 8 1 9 9 11 11 4 12 9 11 5 4 2 2 7 4 2 9 4 6 10 3 7 5 8 6 5 8 10 3 7 4 5 5 9 9 5 9 3 9 4 10 1 6 3 11 8 5 11 5 2 5 3 2 2 10 4 8 3 10 9 12 1 9 7 2 1 1 10 6 4 4 7 12 2 5 8 9 5 
15 14 5 6 3 7 4 1 8 13 5 3 12 10 2 2 4 0 5 9 1 11 6 3 7 8 9 1 5 4 10 11 0 12 2 2 4 12 0 12 4 10 7 12 6 9 4 11 0 5 4 2 1 6 9 7 2 4 5 8 4 3 0 6 8 10 13 7 9 9 2 7 5 5 7 7 5 4 5 5 2 5 7 5 6 13 9 3 2 8 1 7 4 8 3 12 4 7 2 3 6 6 7 12 8 10 9 12 2 6 2 13 3 3 2 12 5 7 11 9 10 2 10 6 11 7 2 10 7 2 5 11 
13 18 5 8 9 11 3 5 7 16 4 5 13 12 8 3 10 5 1 10 4 9 10 6 6 7 7 7 9 3 12 12 5 14 2 5 2 12 6 12 8 10 8 12 10 13 8 13 5 0 4 7 4 4 11 4 6 1 1 12 1 9 5 10 9 13 15 11 9 10 8 9 9 2 9 6 7 4 9 8 6 10 10 5 8 12 8 4 8 12 5 9 10 8 3 14 6 9 3 4 8 2 11 15 8 13 12 13 8 9 6 16 8 4 3 14 11 6 14 12 11 7 9 9 11 6 2 13 7 6 3 10 
10 13 1 4 7 6 1 3 3 11 0 1 8 7 7 3 8 5 3 5 4 6 6 2 2 3 4 6 4 1 7 7 4 9 4 2 2 8 5 8 4 6 3 8 6 8 5 8 4 4 0 5 4 1 6 3 4 2 3 7 4 6 5 6 4 8 10 7 4 5 5 4 5 2 4 3 2 0 5 4 3 8 5 0 3 8 4 1 5 8 2 4 7 4 2 9 2 4 4 1 3 3 6 10 3 8 7 8 6 5 2 11 6 1 4 9 8 2 9 7 6 5 6 4 7 2 4 8 3 2 2 6 
14 12 6 4 2 4 5 2 7 11 5 3 11 9 2 4 3 2 7 8 3 11 3 2 7 8 9 2 3 5 9 9 2 10 5 3 5 11 2 11 2 10 7 11 3 6 2 9 2 7 5 0 3 6 8 8 1 6 7 6 6 1 2 4 8 8 11 4 8 8 0 6 3 6 6 8 4 5 3 3 1 3 5 5 5 12 8 4 0 6 2 6 2 7 5 10 4 5 4 4 4 7 4 10 7 8 7 10 1 4 2 11 1 4 5 10 3 7 8 7 9 0 10 4 10 7 5 7 7 2 6 10 
14 15 5 6 4 7 3 1 7 14 4 3 12 10 4 1 5 1 4 9 0 10 7 3 6 7 8 2 6 3 11 11 0 12 1 2 2 12 1 12 5 10 7 12 7 9 5 11 1 4 4 3 0 5 10 6 2 3 4 9 3 4 1 7 8 10 13 8 8 9 3 7 5 4 7 7 5 3 6 5 2 6 7 5 6 12 8 2 3 9 1 7 5 8 2 12 4 7 0 3 6 5 7 13 7 11 10 12 3 7 2 13 4 2 1 12 6 6 11 10 10 3 10 6 11 6 1 10 7 2 4 10 
9 13 0 5 9 8 2 4 2 12 1 3 8 7 8 4 9 6 3 5 5 5 7 4 1 3 3 7 6 1 8 8 5 10 5 3 3 7 6 8 5 5 3 7 8 9 6 8 6 4 1 6 5 0 7 1 5 2 2 8 5 8 6 7 4 9 10 9 4 5 7 4 6 1 5 2 3 1 6 5 4 9 6 1 4 8 4 3 7 9 4 5 8 3 2 9 3 5 5 2 4 2 7 11 3 9 8 8 7 6 4 11 8 2 5 10 9 1 9 7 7 7 5 5 6 1 5 9 2 4 1 6 
9 6 6 3 10 4 8 8 5 4 7 7 3 1 10 10 10 10 10 1 9 6 5 6 6 5 6 10 4 8 0 1 9 2 10 7 9 5 10 4 5 4 3 4 5 4 5 1 9 11 6 8 10 7 0 8 8 9 10 3 11 8 10 4 3 2 3 6 4 2 8 2 5 9 2 6 4 7 5 4 7 9 2 6 3 5 4 8 8 4 8 2 8 3 8 2 5 2 10 7 3 10 4 3 4 3 1 2 9 3 7 4 9 8 11 2 9 6 2 0 1 8 5 3 4 6 10 2 4 7 8 5 
8 15 2 6 10 10 3 6 3 13 3 4 9 8 10 5 11 7 2 7 6 5 9 6 2 3 3 9 7 2 9 9 7 11 5 5 3 7 7 8 7 6 4 8 9 11 8 9 7 4 3 8 6 1 8 0 7 3 3 10 5 9 7 9 5 10 11 11 5 6 8 6 8 2 6 2 4 3 8 7 6 11 8 3 5 8 4 4 9 11 5 6 10 5 3 10 5 7 6 3 5 2 9 12 4 11 10 9 9 7 6 13 9 4 6 11 11 1 11 9 8 8 5 6 7 2 5 11 4 6 1 6 
14 12 5 4 3 5 4 1 7 11 4 2 10 9 3 3 4 2 6 7 2 10 4 1 7 7 8 2 3 4 8 9 1 10 4 2 4 11 2 11 2 9 6 10 4 7 2 9 2 6 4 1 2 5 8 7 0 5 5 6 5 2 2 4 7 8 11 5 7 8 1 5 3 5 6 7 4 4 3 3 0 4 5 4 4 11 8 2 1 6 1 5 3 6 3 10 3 5 3 3 4 6 5 10 7 8 7 10 2 4 1 11 2 3 4 10 4 7 9 8 8 1 9 4 10 6 4 8 6 1 5 10 
11 16 3 6 8 9 1 4 5 14 2 3 11 10 7 2 9 4 1 8 3 8 8 5 4 6 6 6 7 1 10 10 4 12 2 3 0 10 5 11 6 8 6 10 9 11 7 11 4 1 2 6 3 2 9 3 5 0 0 10 2 7 5 9 7 11 13 10 7 8 6 7 7 1 7 4 5 2 7 6 4 9 8 3 6 11 7 2 6 11 3 7 8 6 1 12 5 7 2 2 6 1 9 13 6 11 10 11 7 7 4 14 7 2 2 12 9 4 12 10 9 6 8 7 9 4 2 11 5 4 1 9 
11 16 3 7 8 9 1 4 5 14 3 3 11 10 8 2 9 5 0 8 4 8 9 5 4 6 6 6 7 1 11 10 4 12 2 4 1 10 5 11 7 8 6 10 9 11 7 11 5 1 3 7 4 2 10 3 5 0 0 10 2 8 5 9 7 11 13 10 7 8 7 7 7 1 7 4 5 2 8 7 5 10 8 3 6 11 7 3 7 11 4 7 9 6 1 12 5 8 3 2 6 1 9 13 6 12 11 11 7 8 4 14 8 2 3 13 10 4 12 10 10 7 8 7 9 4 3 11 5 4 1 8 
12 6 7 3 8 1 9 7 7 4 7 6 6 4 8 9 8 8 11 4 9 9 2 5 8 7 9 8 2 8 3 4 8 4 10 7 9 8 8 8 4 7 5 7 2 1 4 4 8 12 7 6 9 8 3 10 6 10 10 0 11 6 9 1 5 1 5 3 6 5 6 4 3 9 3 8 5 8 3 3 6 6 2 7 4 9 7 7 6 1 7 3 6 6 9 5 5 3 9 7 4 11 1 4 6 1 1 6 7 2 6 4 6 8 10 4 6 8 2 2 5 7 8 3 7 8 10 1 6 6 9 8 
14 17 5 8 7 10 2 4 7 16 4 4 13 12 7 2 8 4 2 10 3 10 9 6 6 8 8 5 8 3 12 12 4 14 1 4 2 12 4 13 7 10 8 12 9 12 8 12 4 1 4 6 3 5 11 5 5 2 2 11 0 8 4 10 9 13 14 10 9 10 6 8 8 3 9 7 6 4 8 7 5 9 9 5 8 13 9 3 6 12 4 9 8 8 2 14 6 9 2 4 7 3 10 15 8 13 12 13 6 9 5 15 7 3 1 14 9 6 13 12 11 6 10 8 11 6 1 12 7 5 3 11 
16 12 7 5 2 4 7 3 9 11 6 5 12 10 2 5 2 3 9 9 4 12 3 3 9 9 11 2 4 7 9 10 3 10 6 4 7 12 3 12 3 11 8 12 3 6 2 9 3 9 6 1 4 8 8 9 2 7 8 6 8 0 3 4 9 8 11 3 9 9 1 7 3 7 7 9 6 6 3 4 3 1 6 7 6 13 10 5 1 6 4 7 0 8 6 11 5 6 5 6 6 9 4 10 8 8 8 11 1 5 3 11 0 5 6 11 1 9 9 8 10 1 11 5 11 9 6 8 8 3 8 12 
15 15 6 6 3 7 4 2 8 13 5 4 13 11 2 2 4 0 6 9 1 11 6 3 8 8 10 1 6 5 11 11 0 12 3 3 4 13 0 13 4 11 8 12 6 9 4 11 0 5 5 2 1 6 10 7 2 5 5 9 4 3 0 7 9 10 13 7 9 10 2 8 5 5 8 8 6 4 5 5 2 5 8 6 6 13 9 3 2 9 2 8 4 8 4 13 5 7 2 4 6 6 7 13 8 10 10 12 2 7 3 13 3 3 2 13 5 8 11 10 11 2 11 6 12 8 3 10 8 3 6 11 
13 8 6 3 6 0 8 5 7 6 6 5 8 5 6 8 6 7 10 5 7 9 0 4 8 7 9 6 1 7 5 6 6 6 8 5 8 9 7 9 2 8 5 8 0 2 2 5 6 10 6 4 7 7 4 9 4 9 9 1 10 4 7 0 6 3 6 2 6 6 4 4 1 8 3 8 4 6 1 2 4 4 2 6 3 9 7 6 5 2 5 3 4 6 7 6 4 3 8 6 3 9 0 6 6 3 3 7 5 1 4 6 4 6 8 6 4 8 4 4 6 5 8 2 8 7 8 3 6 4 8 9 
7 9 4 3 11 6 6 7 2 8 4 5 3 3 10 8 11 9 7 1 8 3 6 5 3 2 3 9 4 6 3 3 8 5 9 6 7 3 9 3 5 2 1 3 6 6 6 4 8 9 4 8 8 4 3 5 7 7 7 5 9 9 9 6 0 5 5 8 0 1 8 1 5 6 2 3 3 5 5 5 6 10 3 3 2 4 1 6 8 7 7 2 9 0 6 5 4 2 8 5 3 7 6 6 1 6 5 3 9 4 6 7 9 6 9 5 10 3 5 3 2 8 2 3 2 3 9 5 1 6 6 2 
11 4 8 4 10 3 10 8 7 3 8 8 5 3 10 11 10 10 12 4 10 9 4 7 9 7 9 10 4 9 2 3 10 2 11 8 11 7 10 7 5 7 6 6 4 2 5 2 10 13 8 8 10 9 2 10 8 11 11 1 13 8 10 3 5 0 3 5 6 4 8 4 5 10 4 8 6 9 4 5 8 8 3 7 5 8 7 9 8 2 9 4 8 6 10 3 6 3 11 9 5 11 3 2 7 0 0 4 9 3 7 3 8 9 12 2 8 9 0 1 4 8 8 4 6 8 11 0 7 8 10 7 
9 4 9 6 13 6 12 11 8 2 10 10 3 2 13 13 13 13 13 4 13 8 7 9 9 8 9 13 7 11 2 2 12 0 14 10 12 6 13 5 8 6 6 4 7 5 8 2 13 15 10 11 13 10 3 11 11 13 13 5 14 11 13 6 5 3 0 8 6 4 11 6 7 12 5 9 8 10 7 7 10 11 5 9 6 6 7 11 11 6 11 5 11 6 12 0 8 5 13 10 7 13 6 1 7 3 3 2 12 6 10 1 11 11 14 0 11 9 2 3 3 11 7 6 5 9 14 3 7 10 11 7 
15 8 8 4 5 1 9 6 9 7 8 6 9 7 5 8 5 7 11 7 7 11 1 5 9 9 11 6 3 8 7 8 7 7 9 6 9 11 7 11 3 10 7 10 1 2 3 7 7 11 7 4 8 9 6 11 5 10 10 3 10 3 7 2 8 5 8 0 8 8 4 6 2 9 6 9 6 8 2 3 5 3 4 7 5 12 9 7 4 2 6 5 3 8 8 8 5 5 8 7 5 11 2 7 8 4 5 9 5 3 5 7 4 7 9 8 3 9 6 5 8 5 10 4 10 9 9 4 8 5 9 11 
6 10 3 3 11 7 6 7 1 8 4 5 4 3 10 8 11 9 7 2 8 3 7 6 3 1 2 10 5 5 4 3 8 6 9 6 7 3 9 3 6 1 1 3 7 7 6 4 9 9 4 8 8 4 4 5 7 7 7 6 9 9 9 6 0 6 6 8 0 1 9 2 6 6 2 2 3 5 6 5 6 10 4 3 3 4 0 6 9 7 7 3 10 0 6 5 4 3 8 5 3 6 6 7 1 7 5 4 9 4 6 8 9 6 9 6 10 3 6 4 2 9 2 4 2 2 9 6 1 6 5 2 
7 8 5 3 11 6 7 8 3 7 5 6 2 1 11 9 11 10 8 0 9 4 6 6 4 3 4 10 5 7 2 2 9 4 10 7 8 3 10 3 6 2 2 2 6 6 6 2 9 10 5 8 9 5 2 6 8 8 8 5 10 9 10 6 1 4 4 8 1 0 9 2 6 7 2 4 4 6 6 5 7 10 3 5 3 3 2 7 9 6 7 2 9 1 7 4 4 2 9 6 3 8 6 5 2 5 4 2 10 4 7 6 9 7 10 4 10 4 4 3 1 9 3 3 2 4 10 5 2 7 7 3 
15 13 6 5 2 5 6 2 8 11 5 4 11 9 1 4 2 2 7 8 3 11 4 3 8 8 10 1 4 6 9 10 2 10 5 3 6 12 2 12 3 10 7 11 4 6 2 9 2 8 5 0 3 7 8 8 1 6 7 6 6 1 2 4 8 8 11 4 9 9 0 7 3 6 7 8 5 5 3 3 2 2 6 6 5 13 9 4 0 6 3 6 2 8 5 11 4 6 4 4 5 8 5 11 8 8 8 11 0 5 2 11 0 4 5 11 3 8 9 8 9 0 11 5 11 8 5 8 7 2 7 11 
8 9 3 1 9 4 5 5 3 7 4 4 5 3 8 7 9 7 7 1 7 5 4 4 4 2 4 8 3 5 3 3 7 5 8 4 6 5 7 5 4 4 1 4 5 5 4 4 7 9 4 6 7 4 2 6 5 7 7 4 8 7 8 4 1 4 6 6 2 2 7 0 4 6 0 3 1 4 4 3 5 8 2 3 1 6 3 5 7 5 5 0 7 1 6 5 2 1 7 4 1 7 4 6 2 5 4 4 7 2 4 7 7 5 8 5 8 4 5 3 3 7 4 1 4 3 8 5 2 4 5 4 
12 9 5 2 5 2 6 4 6 8 5 3 8 6 5 6 5 5 8 5 5 9 1 2 7 6 8 5 0 6 5 6 5 7 7 3 7 9 5 9 0 8 5 8 1 3 0 6 5 9 5 3 5 6 5 8 3 7 7 3 8 3 5 1 5 5 7 2 6 6 3 4 0 7 3 7 3 5 0 0 3 4 2 4 3 10 7 4 3 3 4 3 3 5 6 7 2 3 6 5 2 8 1 7 6 5 4 7 4 1 3 8 3 5 7 7 4 7 5 4 6 3 8 2 8 6 7 4 5 3 7 8 
10 15 2 6 8 8 0 4 4 13 1 3 10 9 7 3 9 5 1 7 4 7 8 4 3 4 5 6 6 0 9 9 4 11 3 3 1 9 5 10 6 7 5 9 8 10 6 10 5 2 2 6 4 1 9 2 5 1 1 9 3 7 5 8 6 10 12 9 6 7 6 6 7 0 6 3 4 1 7 6 4 9 7 2 5 10 6 2 6 10 3 6 8 5 1 11 4 6 3 2 5 1 8 12 5 11 9 10 7 7 4 13 7 2 3 11 9 3 11 9 8 6 7 6 8 3 3 10 4 4 0 7 
9 8 4 1 9 4 6 6 3 7 4 4 4 3 8 7 9 8 8 1 7 5 4 4 4 3 5 8 2 6 3 3 7 5 8 5 7 5 8 5 3 4 2 4 4 4 4 3 7 9 4 6 7 5 2 6 6 7 7 3 9 7 8 3 2 4 5 6 2 2 7 0 3 6 0 4 2 5 3 3 5 8 1 3 1 6 3 5 7 5 5 0 7 2 6 5 2 0 8 5 1 7 3 5 2 4 3 4 7 2 5 6 7 5 8 5 7 4 4 2 2 7 4 1 4 4 8 4 2 5 6 5 
7 13 1 5 10 8 4 6 0 11 2 4 6 6 10 6 11 8 4 4 7 3 8 5 0 1 1 9 6 3 7 6 7 9 7 5 5 5 8 6 6 3 2 6 8 9 7 7 7 6 3 8 7 2 6 2 7 4 4 8 7 9 8 8 3 8 9 9 2 4 8 3 7 3 4 0 3 3 7 6 6 11 6 2 4 6 2 4 8 9 6 4 10 2 4 8 4 5 7 4 4 4 8 10 1 9 8 6 9 6 5 10 9 4 7 9 10 0 8 7 5 8 3 5 4 0 7 8 1 5 3 4 
9 11 2 1 7 5 4 4 3 9 2 2 7 5 7 5 8 5 5 3 5 6 4 2 3 3 4 6 2 3 5 5 5 7 6 2 4 6 6 7 3 5 2 6 5 6 3 5 5 7 2 4 5 3 4 4 4 5 5 5 6 6 6 4 3 6 8 6 3 4 5 1 3 4 2 3 0 2 3 2 3 7 3 1 1 7 3 3 5 6 3 2 6 2 4 7 0 2 5 2 1 5 4 8 2 6 5 6 6 3 2 9 6 3 6 7 7 3 6 5 5 5 5 1 6 3 6 6 2 3 4 5 
10 13 1 4 7 7 1 3 3 12 0 1 9 8 6 2 8 4 3 6 3 7 6 3 3 4 5 5 5 0 8 8 3 10 3 1 2 8 4 9 4 7 4 8 7 8 5 8 4 4 0 5 3 1 7 3 4 2 2 8 4 6 4 6 5 9 10 8 5 6 5 4 5 1 5 3 2 0 5 4 3 8 6 1 4 9 5 1 5 8 2 5 7 4 1 10 2 5 3 0 3 3 7 11 4 9 8 9 6 5 2 11 6 1 3 10 8 3 9 8 7 5 6 4 8 3 3 9 3 2 1 7 
13 9 5 2 5 1 6 4 6 8 5 4 8 6 5 6 5 5 8 5 6 9 1 2 7 6 8 5 1 6 5 6 5 7 7 4 7 9 5 9 1 8 5 8 1 3 0 6 5 9 5 3 6 6 5 8 3 7 8 3 8 3 5 1 5 4 7 2 6 6 3 4 0 7 3 7 3 5 0 1 3 4 2 5 3 10 7 5 3 3 4 3 3 5 6 7 3 3 6 5 3 8 1 7 6 5 4 7 4 1 3 7 3 5 7 7 4 7 5 4 6 4 8 2 8 6 7 4 5 3 7 8 
12 9 4 1 6 2 5 3 5 8 4 3 7 6 5 5 6 5 7 4 5 8 2 1 6 5 7 5 0 5 5 6 4 7 6 3 6 8 5 8 0 7 4 8 2 4 1 5 5 8 4 3 5 5 4 7 3 6 7 3 7 4 5 2 5 5 7 3 5 5 3 3 0 6 3 6 2 4 1 0 2 5 2 3 2 9 6 4 4 4 3 2 4 4 5 7 2 2 6 4 1 7 2 7 5 5 4 7 4 1 2 8 4 4 6 7 5 6 6 4 5 4 7 1 7 5 6 5 4 2 6 7 
13 12 4 4 4 5 3 0 6 11 3 1 10 8 4 3 5 2 5 7 2 9 4 1 6 6 7 3 3 3 8 8 2 9 4 1 4 10 2 10 2 8 5 10 4 6 2 8 2 6 3 1 2 4 7 6 0 4 5 6 5 3 2 4 6 8 10 5 6 7 2 5 3 4 5 6 3 3 3 2 0 5 5 3 4 11 7 2 2 6 1 5 4 6 3 10 2 5 3 2 3 6 5 10 6 8 7 9 3 4 0 11 3 2 4 10 5 6 8 7 8 2 8 4 9 5 4 7 5 0 4 9 
17 12 9 6 2 4 8 5 10 11 8 6 12 10 3 7 1 5 10 10 6 13 4 5 10 10 12 4 5 8 10 11 5 11 8 6 9 13 5 13 4 12 9 13 3 6 3 10 5 10 8 3 6 9 9 11 4 9 10 6 9 1 5 4 10 8 11 3 10 10 2 8 4 9 8 11 7 8 4 5 5 0 7 8 7 14 11 7 2 6 5 8 0 9 8 11 6 7 7 7 7 11 5 11 10 8 8 12 2 6 5 11 2 7 7 11 0 10 9 9 10 3 12 6 13 10 8 8 10 5 9 13 
10 7 5 1 8 2 7 6 5 6 5 5 5 3 8 8 8 7 9 3 7 7 3 4 6 5 7 8 1 6 3 3 7 4 8 5 8 6 7 6 3 6 3 6 3 3 3 3 7 10 5 5 7 6 2 8 5 8 8 2 9 6 8 2 3 3 5 4 4 3 6 2 2 7 1 6 3 6 2 2 5 7 0 4 2 7 5 6 6 3 6 1 6 3 7 5 3 0 8 5 2 8 2 5 4 3 2 5 7 0 5 5 6 6 9 5 6 6 3 2 3 6 6 1 6 5 8 3 4 5 7 6 
9 12 0 3 8 6 2 4 2 10 0 2 7 6 7 4 8 5 4 4 4 5 6 3 2 2 4 6 4 2 7 7 5 8 5 2 3 7 6 7 4 5 2 7 6 7 5 7 5 5 0 5 5 1 6 3 4 3 3 7 5 7 6 6 3 7 9 7 3 5 6 3 4 2 3 2 1 1 5 3 3 8 4 0 2 7 3 2 6 7 3 3 7 3 2 8 1 4 5 1 2 3 6 9 2 8 7 7 6 4 3 10 6 2 5 9 8 2 8 6 6 6 5 3 6 2 5 7 2 3 2 5 
9 9 3 0 8 4 5 4 3 8 3 3 6 4 7 6 8 6 7 3 6 6 4 3 4 3 5 7 2 4 4 4 6 6 7 3 6 6 6 6 2 5 2 6 4 5 3 4 6 8 3 5 6 4 3 5 4 6 6 4 8 6 6 3 2 5 6 5 3 3 5 1 3 5 1 4 1 4 3 2 4 7 2 2 0 7 3 4 6 5 4 1 6 2 5 6 1 1 6 4 0 6 3 7 2 5 4 5 6 2 3 7 6 4 7 6 7 4 5 3 4 5 5 0 5 3 7 5 2 3 5 5 
3 10 7 7 15 10 10 11 5 8 8 9 2 4 15 12 15 13 11 4 12 3 10 10 6 5 5 14 9 9 5 4 12 6 13 10 11 0 13 1 10 2 5 1 10 10 10 5 13 12 8 12 12 8 5 8 11 11 11 9 13 13 13 9 4 8 6 12 4 3 13 6 10 10 6 6 7 9 10 9 11 14 7 7 7 0 4 10 13 10 11 6 13 5 10 5 8 6 12 9 7 10 9 7 5 8 7 3 13 8 10 8 13 10 13 6 14 6 7 6 3 13 2 7 1 6 13 8 5 10 9 2 
5 11 3 4 11 7 6 7 1 9 4 5 4 4 11 8 12 9 7 2 8 2 7 6 2 1 2 10 6 5 5 4 9 7 9 6 7 3 9 3 6 1 1 3 8 8 7 5 9 8 4 8 8 4 4 4 8 7 7 7 9 10 9 7 1 7 7 9 0 2 9 3 7 6 3 2 3 5 7 6 7 11 5 3 3 4 0 6 9 8 7 3 10 1 6 6 4 4 8 5 4 6 7 8 1 7 6 4 10 5 6 8 10 6 9 7 11 2 7 5 3 9 1 4 2 2 9 7 1 6 5 2 
12 14 3 4 6 7 1 1 5 12 2 1 10 8 5 1 6 3 3 7 2 8 6 2 4 5 6 4 5 1 9 9 2 10 2 1 2 9 3 10 4 8 5 9 6 8 4 9 3 4 1 4 2 3 8 4 2 2 3 7 3 5 3 6 6 9 11 7 6 7 4 5 4 2 5 4 3 1 5 4 2 7 6 2 4 10 6 0 4 8 1 5 6 5 1 10 2 5 2 0 4 3 6 11 5 9 8 10 4 5 1 12 5 0 3 11 7 4 9 8 8 4 7 4 9 4 2 9 5 1 2 8 
15 13 6 5 2 5 6 2 8 11 6 4 12 10 1 4 2 2 8 8 3 11 4 3 8 8 10 1 4 6 9 10 2 11 5 3 6 12 2 12 3 11 7 12 4 7 2 9 2 8 5 0 3 7 8 9 1 6 7 6 6 1 2 5 8 8 11 4 9 9 0 7 3 6 7 8 5 5 3 4 2 2 6 6 6 13 9 4 0 6 3 6 2 8 5 11 4 6 4 5 5 8 5 11 8 8 8 11 0 5 3 11 0 4 5 11 3 8 9 8 10 0 11 5 11 8 5 8 8 2 7 11 
13 6 8 4 8 1 10 7 8 5 8 7 7 5 8 10 7 9 11 6 9 10 2 6 9 8 10 8 3 9 4 5 8 5 10 7 10 9 8 9 4 9 6 8 2 0 4 5 8 12 8 6 9 9 4 11 6 11 11 1 12 6 9 2 7 2 6 2 7 6 6 5 3 10 5 9 6 8 3 4 6 6 3 7 5 10 8 8 6 0 7 4 5 7 9 6 6 4 10 8 5 11 1 5 7 2 2 7 7 3 6 5 6 8 10 5 5 9 3 3 6 7 9 4 9 9 10 2 7 7 10 9 
13 13 4 4 4 6 3 0 6 12 3 1 10 9 4 2 5 2 4 7 1 9 5 1 5 6 7 3 4 3 9 9 1 10 3 0 3 10 2 10 3 9 5 10 5 8 3 9 1 5 2 2 1 4 8 5 1 3 4 7 4 4 2 5 7 9 11 6 7 7 3 5 4 3 5 6 3 2 4 3 1 5 6 3 4 11 7 1 3 7 0 5 4 6 2 11 3 5 2 2 4 5 6 11 6 9 8 10 3 5 1 11 3 1 3 11 5 5 9 8 8 2 8 4 9 5 2 8 5 0 4 9 
9 8 4 1 9 4 6 6 3 6 4 4 5 3 8 7 9 7 8 2 7 6 4 4 5 3 5 8 2 6 3 3 7 5 8 5 7 5 7 5 3 4 2 5 4 4 4 3 7 9 4 6 7 5 2 6 5 7 7 3 9 7 8 3 2 4 5 5 3 2 6 0 3 6 0 4 2 5 3 2 5 8 1 3 1 6 3 5 6 4 5 0 7 2 6 5 2 0 8 5 1 7 3 5 3 4 3 4 7 1 4 6 7 5 8 5 7 5 4 2 3 6 5 1 4 4 8 4 3 5 6 5 
16 12 8 6 2 4 8 4 9 10 7 5 12 10 2 6 1 4 9 9 5 12 3 4 9 9 11 3 4 7 9 10 4 10 7 5 8 13 4 13 3 11 8 12 3 6 3 9 4 10 7 2 5 8 8 10 3 8 9 6 8 0 4 4 9 8 11 3 10 9 2 7 3 8 7 10 6 7 3 4 4 0 6 7 6 13 10 6 2 5 4 7 0 9 7 11 5 6 6 6 6 10 4 10 9 8 7 11 2 5 4 11 1 6 7 10 0 10 9 8 10 2 12 6 12 9 7 7 9 4 8 12 
7 10 3 3 10 6 5 6 1 8 4 4 4 3 10 7 10 8 7 2 7 3 6 5 3 1 3 9 4 5 4 4 7 6 8 5 6 4 8 4 5 2 0 4 6 7 6 4 8 8 4 7 8 3 3 5 6 6 6 6 8 8 8 6 0 6 6 8 0 1 8 1 5 5 2 2 2 4 5 4 6 9 3 3 2 5 1 5 8 7 6 2 9 0 6 5 3 2 8 5 2 6 6 7 0 6 5 4 9 4 5 8 8 5 8 6 9 3 6 4 3 8 3 3 3 2 8 6 1 5 5 3 
12 15 3 5 7 8 0 2 5 13 2 2 10 9 6 1 7 3 2 7 2 8 7 3 4 5 6 5 6 1 9 9 3 11 2 2 0 10 4 10 5 8 5 10 7 9 5 10 3 3 2 5 2 2 8 3 3 1 1 9 2 6 4 7 6 10 12 8 6 7 5 6 6 1 6 4 4 1 6 5 3 8 7 2 5 10 6 1 5 9 2 6 7 6 0 11 3 6 2 1 5 2 7 12 5 10 9 10 5 6 2 13 6 1 2 11 8 4 10 9 9 5 8 5 9 4 2 10 5 2 1 8 
9 5 9 6 13 7 11 11 7 3 9 9 2 2 13 12 13 13 12 3 12 7 7 9 8 7 8 13 6 10 1 1 12 1 13 10 12 5 12 4 8 5 6 3 7 6 8 1 12 14 9 10 12 9 2 10 10 12 12 5 14 11 13 6 5 3 0 8 5 4 11 5 7 11 5 8 7 10 7 7 10 11 5 8 6 5 6 10 11 6 11 5 11 5 11 0 8 5 13 10 6 12 6 2 6 4 3 1 12 6 9 2 11 10 13 1 11 9 2 2 2 11 6 6 4 8 13 4 6 10 11 6 
10 11 2 1 7 4 3 3 3 9 2 1 7 6 6 4 7 5 5 4 4 7 4 1 4 4 5 5 2 3 6 6 4 7 5 2 4 7 5 7 2 6 3 7 4 6 3 6 4 6 2 4 4 3 5 5 3 5 5 5 6 5 5 4 4 6 8 5 4 4 4 2 2 4 2 4 0 2 3 2 2 6 3 1 1 8 4 2 4 6 3 2 5 3 3 8 0 2 5 2 1 5 4 8 3 6 5 7 5 2 2 9 5 2 5 8 6 4 7 5 5 4 6 2 6 3 5 6 3 2 4 6 
9 8 4 1 8 3 6 5 4 6 4 4 5 3 8 7 8 7 8 2 7 6 3 3 5 4 6 8 2 6 3 3 7 5 8 5 7 6 7 6 3 5 2 5 4 4 3 3 7 9 4 5 7 5 2 7 5 7 8 3 9 6 7 3 2 3 5 5 3 2 6 1 3 6 0 5 2 5 3 2 5 7 0 4 1 6 4 5 6 4 5 0 6 2 6 5 2 0 8 5 1 8 3 5 3 4 3 4 7 1 4 6 6 5 8 5 7 5 4 2 3 6 5 1 5 4 8 3 3 4 6 5 
14 16 5 7 5 8 2 2 7 14 4 3 12 11 4 0 6 2 4 9 0 10 7 4 6 7 8 3 6 3 11 11 1 13 0 2 2 12 2 12 5 10 7 12 7 10 5 11 2 3 4 4 0 5 10 6 3 2 3 9 2 5 2 8 8 11 13 8 8 9 4 7 6 3 8 7 5 3 6 6 3 7 8 5 6 12 8 2 4 10 2 8 6 8 2 13 5 8 0 3 6 4 8 13 7 11 10 12 4 7 3 14 5 2 0 13 7 6 12 10 10 4 10 7 11 6 0 11 7 3 4 10 
11 13 2 4 7 7 1 2 4 12 1 1 9 8 6 2 7 4 3 6 3 7 6 2 3 4 5 5 4 1 8 8 3 10 3 1 2 9 4 9 4 7 4 9 6 8 4 8 3 4 1 4 3 2 7 3 3 2 2 7 4 6 4 6 5 9 10 7 5 6 4 4 5 2 5 4 2 0 5 4 2 7 5 1 4 9 5 0 5 8 2 5 6 5 1 10 2 5 3 0 3 3 6 11 4 9 8 9 5 5 2 11 5 0 3 10 7 3 9 8 7 4 7 4 8 3 3 9 4 2 2 7 
10 9 3 0 7 4 5 4 3 8 3 3 6 4 7 6 8 6 6 3 6 6 3 2 4 3 5 6 2 4 4 5 5 6 7 3 5 6 6 6 2 5 2 6 4 5 3 5 6 8 3 4 6 4 3 5 4 6 6 4 7 6 6 3 3 5 7 5 3 3 5 1 2 5 1 4 1 3 3 1 3 7 2 2 0 7 4 4 5 5 4 1 6 2 5 6 1 1 6 3 0 6 3 7 3 5 4 6 6 1 3 7 6 4 7 6 6 4 5 4 4 5 5 0 5 3 6 5 2 3 5 6 
10 16 3 7 9 10 2 5 5 14 3 4 11 10 9 4 10 6 0 8 5 7 9 6 3 5 5 7 8 2 10 10 5 12 4 4 2 9 6 10 7 8 6 10 10 11 8 11 6 2 3 7 5 2 10 2 6 1 1 11 3 9 6 9 7 11 13 11 6 8 8 7 8 1 7 4 5 3 8 7 6 11 8 3 6 10 6 3 8 11 5 7 10 6 2 12 5 8 4 3 6 0 10 13 5 12 11 11 8 8 5 14 9 3 4 12 11 3 12 10 9 7 7 7 9 4 4 11 5 5 1 8 
13 7 7 3 7 0 8 5 7 6 6 5 7 5 6 8 6 7 10 5 7 9 1 4 8 7 9 7 1 7 5 5 7 5 9 5 8 9 7 8 2 8 5 8 1 1 2 5 7 11 6 4 7 7 4 9 5 9 9 1 10 4 7 0 6 3 6 2 6 6 5 4 1 8 3 8 4 7 1 2 5 5 2 6 3 9 7 6 5 1 6 3 4 6 7 6 4 3 8 6 3 10 0 6 6 3 3 7 6 1 5 6 5 6 9 6 4 8 4 3 6 5 8 2 8 7 9 3 6 5 8 8 
11 3 10 6 13 6 12 11 9 1 10 10 4 3 12 13 12 13 14 5 13 9 7 9 10 8 10 13 6 11 2 3 12 1 14 10 13 7 13 6 8 7 7 6 7 4 8 2 12 15 10 10 13 11 3 12 10 13 13 4 15 10 13 6 6 2 1 7 7 5 11 6 7 12 5 10 8 11 7 7 10 11 5 9 7 7 8 11 11 5 11 5 10 7 12 2 8 5 13 11 7 13 6 0 8 2 2 4 12 6 10 0 11 11 14 1 10 10 1 3 4 11 8 6 7 9 14 2 8 10 12 8 
7 11 2 3 10 7 5 6 0 9 3 4 5 4 10 7 10 8 6 2 7 3 7 5 2 0 2 9 5 4 5 4 7 7 7 5 6 4 8 4 5 2 0 4 7 7 6 5 8 8 3 7 7 3 4 4 7 6 6 6 8 8 8 6 1 7 7 8 1 2 8 2 6 5 2 1 2 4 6 5 6 10 4 2 2 5 1 5 8 7 6 3 9 0 5 6 3 3 7 4 3 5 6 8 0 7 6 5 9 4 5 8 9 5 8 7 10 2 7 5 3 8 2 3 3 1 7 7 0 5 4 3 
12 4 8 4 10 3 10 9 8 3 9 8 6 4 10 11 9 10 12 5 10 9 4 7 9 8 9 10 4 10 3 4 10 2 12 8 11 8 10 7 6 8 6 6 4 2 5 3 10 13 8 8 11 9 3 11 8 11 12 1 13 8 10 3 6 0 3 4 7 5 8 5 5 11 4 9 6 9 5 5 8 8 3 8 5 8 7 9 8 2 9 4 8 6 10 4 6 4 11 9 5 12 3 2 7 0 1 5 9 4 8 3 8 9 12 3 7 9 1 2 4 8 8 4 7 8 12 0 7 8 10 8 
11 5 7 3 10 3 9 8 7 3 8 7 5 3 10 10 9 10 11 3 10 8 4 6 8 6 8 10 3 9 2 3 9 2 11 7 10 7 10 6 5 6 5 5 4 2 5 2 9 12 7 7 10 8 1 10 7 10 11 1 12 8 10 3 5 0 3 5 5 4 8 4 4 9 3 8 5 8 4 4 7 8 2 7 4 7 6 8 8 2 8 3 7 5 9 3 5 3 10 8 4 11 3 2 6 1 0 4 9 3 7 3 8 8 11 3 7 8 1 1 3 8 7 3 6 7 11 0 6 7 9 7 
7 7 7 5 13 7 10 10 6 5 8 8 0 1 13 11 13 12 11 2 12 5 8 8 7 5 6 12 6 9 2 1 11 3 12 9 11 3 12 2 8 3 4 1 8 6 8 2 12 13 8 10 12 8 2 9 10 11 11 6 13 11 12 7 3 4 2 9 4 2 11 4 7 10 4 6 6 9 7 7 9 12 5 7 5 3 4 10 11 7 10 4 11 4 10 1 7 4 12 9 6 11 7 4 5 5 4 0 12 6 9 4 11 9 13 2 11 7 4 3 1 11 4 5 2 6 12 5 5 9 9 4 
16 13 7 6 1 6 6 2 9 12 6 4 12 10 1 4 2 2 8 9 3 12 5 3 9 9 10 1 5 6 10 11 2 11 5 4 6 13 2 13 4 11 8 12 5 7 3 10 2 8 6 1 3 7 9 9 2 7 7 7 6 1 2 5 9 9 12 5 9 10 0 7 4 7 7 9 6 6 4 4 3 2 7 6 6 13 10 4 0 7 3 7 2 9 5 12 5 7 4 5 6 8 6 12 9 9 9 12 0 6 3 12 1 5 5 12 3 9 10 9 10 0 11 6 12 8 5 9 8 3 7 12 
11 8 5 1 7 2 6 5 5 6 5 4 6 4 7 7 7 6 8 3 6 8 2 3 6 5 7 7 0 6 4 4 6 5 8 4 7 7 6 7 2 6 3 6 2 3 2 4 6 9 5 4 7 6 3 7 4 7 8 2 9 5 7 1 4 3 6 3 4 4 5 2 1 7 2 6 3 5 1 1 4 6 0 4 2 8 5 5 5 3 5 1 5 4 6 6 2 1 7 5 1 8 1 6 4 4 3 6 6 0 4 6 5 5 8 5 5 6 4 3 4 5 7 1 6 5 8 3 4 4 7 7 
12 12 3 3 5 5 3 1 5 11 3 1 9 8 4 3 5 3 5 6 2 8 4 0 5 5 7 3 3 3 8 8 2 9 4 0 3 9 3 10 2 8 5 9 4 7 2 8 2 6 2 2 2 4 7 6 1 4 4 6 5 3 3 4 6 7 10 5 6 7 2 4 3 4 5 5 2 2 3 2 0 5 5 3 3 10 6 1 3 6 1 4 4 5 2 9 2 4 3 2 3 5 5 10 5 8 7 9 3 4 0 10 3 1 4 10 5 5 8 7 7 2 8 3 9 5 3 7 5 0 4 8 
11 2 10 7 13 6 13 11 9 0 11 11 5 4 13 14 13 13 14 6 13 10 7 10 11 9 10 13 7 12 3 4 13 1 14 11 13 7 13 7 8 8 8 6 7 5 8 3 13 16 11 11 13 11 4 13 11 14 14 4 15 11 13 6 7 3 1 7 8 6 11 7 8 13 6 10 9 11 7 8 11 11 5 10 7 8 8 12 11 5 11 6 11 8 13 2 9 6 14 11 7 14 6 0 8 3 3 4 12 6 10 0 11 12 15 1 10 11 2 3 5 12 9 7 7 10 14 3 9 11 13 8 
16 12 7 6 1 5 6 3 9 11 6 5 12 10 1 5 1 3 8 9 4 12 4 3 9 9 11 2 4 6 9 10 3 11 6 4 7 12 3 12 3 11 8 12 4 6 3 10 3 8 6 1 4 8 9 9 2 7 8 6 7 0 3 4 9 8 11 4 9 9 0 7 3 7 7 9 6 6 3 4 3 2 6 6 6 13 10 5 0 6 3 7 1 8 6 11 5 6 5 5 6 9 5 11 9 8 8 11 1 5 3 11 0 5 5 11 2 9 9 8 10 1 11 5 12 8 6 8 8 3 8 12 
12 14 2 4 6 7 1 2 4 12 1 1 10 8 5 2 7 3 3 7 2 8 6 2 4 5 6 4 5 1 9 9 2 10 2 1 1 9 3 10 4 8 5 9 6 8 4 9 3 4 1 4 2 2 8 4 3 2 2 8 3 5 3 6 6 9 11 7 6 7 4 5 5 2 5 4 3 1 5 4 2 7 6 2 4 10 6 0 4 8 1 5 6 5 1 10 2 5 2 0 4 3 6 11 5 9 8 9 5 5 1 12 5 0 3 11 7 4 9 8 8 4 7 4 8 4 2 9 4 1 2 8 
14 16 5 7 6 9 3 3 7 15 4 4 13 11 5 1 7 2 3 10 1 10 8 5 7 8 8 3 7 3 12 12 2 13 0 3 2 12 2 13 6 10 8 12 8 11 6 12 2 3 4 5 1 5 11 6 4 2 3 10 1 6 2 8 9 12 14 9 9 10 5 8 7 3 8 7 6 3 7 6 4 7 9 5 7 13 9 3 5 10 3 8 7 8 2 13 5 8 0 3 7 4 9 14 8 12 11 13 5 8 4 15 5 3 0 14 8 7 12 11 11 4 10 7 12 7 0 12 7 4 4 11 
10 4 9 6 13 6 11 11 8 2 9 9 3 2 13 12 12 12 13 4 12 8 7 9 9 7 9 13 6 11 2 2 12 0 13 10 12 6 12 5 8 6 6 4 7 5 8 1 12 14 9 10 12 10 2 11 10 12 13 4 14 11 13 6 5 2 0 8 6 4 11 5 7 11 5 9 7 10 7 7 10 11 5 9 6 6 7 11 11 5 11 5 10 6 11 1 8 5 13 10 6 12 6 1 7 3 3 2 12 5 10 1 11 11 14 0 10 9 2 2 3 11 7 6 5 8 13 3 7 10 11 7 
17 11 9 6 3 4 8 5 10 10 8 6 12 10 3 7 2 5 10 9 6 13 3 5 10 10 12 4 5 8 9 10 5 10 8 6 9 13 5 13 4 12 9 12 3 5 3 9 5 11 8 3 6 9 9 11 4 9 10 6 9 1 5 4 10 8 11 3 10 10 3 8 4 9 7 10 7 8 4 5 5 0 6 8 7 14 11 7 3 5 5 7 0 9 8 11 6 7 7 7 6 11 4 10 10 7 7 11 3 5 5 10 2 7 8 10 0 10 8 8 10 3 12 6 12 10 8 7 9 5 9 12 
7 13 1 5 10 8 3 6 1 11 2 4 7 6 10 6 11 7 4 5 6 3 8 5 0 1 1 9 6 3 7 7 7 9 6 5 4 6 8 6 6 4 3 6 8 9 7 7 7 6 2 7 6 1 6 1 7 4 4 8 6 9 8 8 3 9 9 9 3 4 8 4 7 3 4 0 3 3 7 6 6 10 6 2 4 6 2 4 8 9 5 5 10 3 4 9 4 5 6 3 4 3 8 10 2 9 8 7 9 6 5 11 9 4 7 9 10 0 9 7 6 8 3 5 5 0 6 9 2 5 2 4 
11 4 8 5 11 4 11 9 8 2 9 8 5 3 11 11 10 11 12 4 11 9 5 7 9 7 9 11 5 10 2 3 11 1 12 9 11 7 11 6 6 7 6 5 5 3 6 2 11 14 9 8 11 9 2 11 9 12 12 2 13 9 11 4 5 0 2 6 6 4 9 5 5 11 4 8 6 9 5 6 8 9 3 8 5 7 7 9 9 3 9 4 9 6 10 2 7 4 12 9 5 12 4 1 7 1 1 4 10 4 8 2 9 9 12 2 8 9 0 1 4 9 8 5 6 8 12 1 7 8 11 7 
10 6 7 3 10 4 9 8 6 4 7 7 4 2 10 10 10 10 10 2 10 7 4 6 7 5 7 10 4 8 1 2 9 2 11 7 10 5 10 5 5 5 4 4 5 3 5 1 9 12 7 7 10 7 0 9 8 10 10 2 12 8 10 4 3 1 3 5 4 3 8 3 4 9 2 7 5 8 4 4 7 9 2 6 3 6 5 8 8 3 8 2 8 4 9 2 5 2 10 8 4 10 3 3 5 2 1 3 9 3 7 3 8 8 11 2 8 7 1 0 2 8 6 3 5 6 11 2 5 7 9 6 
7 7 6 4 12 6 8 9 4 5 7 7 2 0 11 10 12 10 10 1 10 5 6 7 6 4 5 11 5 8 1 1 10 3 11 7 9 3 10 2 6 3 3 2 7 6 7 1 10 11 6 9 10 7 1 8 8 9 10 5 11 10 11 6 2 4 3 8 2 1 9 3 6 8 2 5 5 7 6 5 8 10 3 6 4 3 3 8 10 6 8 3 10 3 9 2 5 3 10 7 4 9 6 4 3 4 3 1 10 4 7 5 10 8 11 3 10 6 4 2 0 10 4 4 2 5 11 4 4 8 8 3 
15 13 6 5 2 5 5 2 8 12 5 4 12 10 1 4 2 2 7 8 3 11 4 3 8 8 10 1 4 5 9 10 2 11 5 3 5 12 2 12 3 10 7 11 4 7 3 10 2 7 5 0 3 7 8 8 1 6 7 7 6 1 2 5 8 8 11 5 9 9 0 7 3 6 7 8 5 5 4 4 2 3 6 6 5 13 9 4 0 7 2 6 2 8 5 11 4 6 4 4 5 7 5 11 8 8 8 11 0 5 2 12 1 4 4 11 3 8 9 8 10 0 11 5 11 8 4 8 7 2 6 11 
4 11 5 6 13 9 7 9 2 10 6 7 4 4 12 9 13 11 8 3 10 1 9 7 3 2 2 12 7 7 6 5 10 7 10 8 8 2 11 3 8 0 3 3 9 9 9 6 10 9 6 10 10 5 5 5 9 8 8 8 10 11 11 8 2 8 7 10 2 3 11 4 8 7 4 3 5 6 8 7 8 12 6 5 5 2 1 7 11 9 8 5 12 3 8 6 6 5 10 7 5 7 8 8 2 8 7 4 11 7 8 9 11 7 10 7 12 3 8 6 4 11 0 6 2 3 10 8 3 8 6 0 
10 9 4 0 7 3 5 4 4 7 4 3 6 4 7 6 7 6 7 3 6 7 3 2 5 4 6 7 1 5 4 4 6 6 7 4 6 7 6 6 2 5 2 6 3 4 2 4 6 9 4 4 6 5 3 6 4 7 7 3 8 5 6 2 3 4 6 4 4 3 5 1 2 6 1 5 1 4 2 1 4 6 1 3 0 7 4 4 5 4 4 1 6 3 5 6 2 1 7 4 0 7 2 6 3 4 3 5 6 1 3 7 5 4 7 6 6 5 5 3 4 5 6 0 6 4 7 4 3 3 6 6 
4 10 6 6 13 8 9 10 4 8 7 8 2 3 13 10 13 12 9 3 11 2 9 8 5 3 4 12 7 8 4 3 11 5 11 8 9 0 12 1 8 1 3 1 9 8 9 4 11 11 7 10 11 6 4 7 10 9 9 7 11 11 12 8 2 6 5 10 2 2 11 4 8 8 4 4 6 8 8 7 9 13 6 6 5 1 2 9 11 9 9 4 12 3 9 4 6 5 11 8 5 9 8 7 3 7 6 2 12 6 9 7 12 8 12 5 12 5 6 5 2 11 2 6 0 5 11 7 4 9 8 1 
7 12 1 4 10 8 4 6 0 11 2 4 6 6 9 6 10 7 4 4 6 3 7 5 0 1 2 8 5 3 7 6 7 8 6 4 4 5 7 6 6 3 2 6 8 9 6 7 7 6 2 7 6 1 6 2 6 4 4 8 6 9 8 7 3 8 9 9 2 4 8 3 6 3 4 0 3 3 6 5 5 10 5 2 3 6 2 4 8 9 5 4 9 2 4 8 3 4 6 3 3 4 7 9 1 8 7 6 8 5 5 10 8 4 7 8 10 0 8 6 5 8 3 4 5 0 6 8 1 5 3 4 
14 16 5 7 6 9 2 3 7 15 4 3 13 11 5 0 7 2 3 9 1 10 8 4 6 7 8 4 7 3 11 11 2 13 0 3 2 12 3 12 6 10 7 12 8 11 6 12 2 2 4 5 1 5 10 5 4 2 3 10 1 6 3 8 9 11 14 9 9 10 5 8 7 3 8 7 6 3 7 6 4 8 8 5 7 13 9 2 5 10 2 8 7 8 2 13 5 8 0 3 6 4 9 14 7 12 11 12 5 8 3 14 6 2 0 13 8 6 12 11 11 4 10 7 11 6 0 11 7 3 3 11 
12 4 8 4 10 3 10 8 8 3 8 8 5 4 10 11 9 10 12 4 10 9 4 6 9 7 9 10 4 9 2 3 10 2 11 8 11 7 10 7 5 7 6 6 4 2 5 2 10 13 8 7 10 9 2 11 8 11 11 1 12 8 10 3 5 0 3 4 6 5 8 5 4 10 4 8 6 9 4 5 7 8 3 7 5 8 7 9 8 2 8 4 7 6 10 4 6 3 11 9 5 11 3 2 7 0 0 5 9 3 7 3 8 9 12 3 7 9 1 2 4 8 8 4 7 8 11 0 7 7 10 8 
7 11 2 3 10 6 4 6 0 9 3 4 5 4 9 6 10 8 6 3 7 3 6 4 2 0 2 8 4 4 5 5 7 7 7 4 5 4 8 5 5 3 0 5 7 7 6 5 7 7 3 7 7 2 4 4 6 5 5 6 7 8 8 6 1 7 7 8 1 2 7 2 5 4 2 1 2 3 5 4 5 10 4 2 2 5 1 5 8 7 5 3 9 1 5 6 3 3 7 4 2 5 6 8 0 7 6 5 8 4 5 9 8 4 7 7 9 2 7 5 4 7 3 3 4 1 7 7 0 5 4 3 
12 12 3 3 5 5 3 0 5 11 3 1 10 8 4 3 5 2 5 6 2 9 4 1 5 6 7 3 3 3 8 8 2 9 3 0 3 10 2 10 2 8 5 9 4 7 2 8 2 6 2 2 2 4 7 6 1 4 4 6 5 3 3 4 6 8 10 5 6 7 2 4 3 4 5 5 3 2 3 2 0 5 5 3 3 10 6 1 2 7 0 5 4 5 2 10 2 4 3 2 3 5 5 10 5 8 7 9 3 4 0 11 3 1 4 10 5 5 8 7 8 2 8 3 9 5 3 7 5 0 4 9 
10 15 2 6 9 9 1 4 4 13 1 3 10 9 8 3 9 5 1 7 4 6 8 4 2 4 4 7 6 1 9 9 5 11 3 3 1 8 6 9 6 7 5 9 8 10 6 9 5 3 2 6 4 1 8 1 5 1 1 9 3 8 6 8 6 10 11 9 5 7 7 5 7 0 6 3 4 1 7 6 4 9 7 2 5 9 5 2 7 10 4 6 8 5 1 11 4 6 4 2 5 1 8 12 4 10 9 9 7 7 4 13 8 2 4 11 9 2 11 9 8 6 6 6 8 3 3 10 4 4 0 7 
4 11 5 6 13 9 8 9 3 9 6 7 3 4 13 10 13 11 8 3 10 1 9 8 4 3 3 12 7 7 5 4 11 7 11 8 9 1 11 2 8 0 3 2 9 9 9 5 11 10 6 10 10 6 5 6 10 9 8 8 11 12 11 9 2 7 7 11 2 3 11 4 8 7 5 4 5 7 8 7 9 13 6 5 5 2 2 8 11 9 9 5 12 3 8 6 6 5 10 7 6 8 8 8 3 8 7 4 12 7 8 8 12 8 11 7 12 4 7 6 3 11 0 6 1 4 11 8 3 9 7 0 
