130 7521.46 0 1680 7 240
84.3 36.84 2.99 9.9 51.28 16.27 98.09 50.41 63.47 42.6 60.2 36.0 24.54 82.26 53.14 70.66 8.4 28.45 36.78 93.15 80.87 16.42 95.82 80.04 46.85 20.43 50.8 93.22 86.8 70.88 69.99 21.1 81.75 97.53 38.86 26.06 92.54 7.08 9.76 57.08 57.45 49.25 53.38 14.74 40.29 62.85 83.81 34.54 34.63 82.85 9.97 25.66 86.04 61.91 25.98 14.49 17.21 56.91 97.09 6.9 42.49 73.18 91.02 8.73 28.96 62.5 47.69 81.04 52.29 96.87 30.19 41.54 1.24 3.5 15.39 24.75 35.73 47.8 38.67 61.1 74.47 16.63 32.17 85.18 7.68 35.74 35.82 60.15 59.13 42.06 42.64 5.68 63.17 49.24 98.54 19.55 62.48 12.42 35.15 1.76 8.59 19.26 26.06 92.73 61.56 73.83 98.63 2.07 6.37 14.02 25.3 35.81 28.63 70.18 97.89 20.96 37.59 2.18 90.84 59.37 82.75 31.33 65.34 93.35 90.46 51.01 97.41 61.17 75.58 80.61 
61.27 22.76 25.92 87.45 65.17 50.84 27.72 15.51 42.86 15.96 75.0 66.8 19.37 48.01 56.63 43.33 14.32 68.02 55.63 17.76 17.07 57.07 42.45 52.61 52.88 70.56 28.51 15.41 22.42 89.44 45.36 64.35 82.33 76.9 70.32 71.43 44.18 43.83 48.1 76.5 78.01 75.19 64.25 63.1 61.73 62.17 72.33 79.87 38.12 41.49 75.06 33.18 68.23 83.26 26.98 79.5 67.49 85.25 33.72 38.81 22.44 52.98 56.39 88.86 89.4 47.62 54.29 33.29 73.1 68.84 28.78 23.04 53.88 88.57 73.06 28.92 39.18 38.18 38.52 79.75 35.63 20.57 79.79 31.04 28.29 70.09 46.44 18.63 21.32 41.26 67.82 80.95 56.6 38.83 59.95 74.07 26.99 46.12 80.61 72.93 23.31 11.66 52.84 46.35 43.68 66.43 38.42 83.73 20.51 13.7 81.75 18.68 63.05 45.58 70.05 89.66 11.44 13.51 39.0 75.19 76.61 80.94 81.68 16.47 52.61 32.61 55.01 17.05 13.98 75.85 
8 4 1 1 5 2 9 5 6 4 6 4 3 8 5 7 1 3 4 9 8 2 9 8 5 2 5 9 8 7 7 2 8 9 4 3 9 1 1 6 6 5 5 2 4 6 8 4 4 8 1 3 8 6 3 2 2 6 9 1 4 7 9 1 3 6 5 8 5 9 3 4 1 1 2 3 4 5 4 6 7 2 3 8 1 4 4 6 6 4 4 1 6 5 9 2 6 2 4 1 1 2 3 9 6 7 9 1 1 2 3 4 3 7 9 2 4 1 9 6 8 3 6 9 9 5 9 6 7 8 
1 2 3 4 5 6 7 8 9 10 11 12 13 14 15 16 17 18 19 20 21 22 23 24 25 26 27 28 29 30 31 32 33 34 35 36 37 38 39 40 41 42 43 44 45 46 47 48 49 50 51 52 53 54 55 56 57 58 59 60 61 62 63 64 65 66 67 68 69 70 71 72 73 74 75 76 77 78 79 80 81 82 83 84 85 86 87 88 89 90 91 92 93 94 95 96 97 98 99 100 101 102 103 104 105 106 107 108 109 110 111 112 113 114 115 116 117 118 119 120 121 122 123 124 125 126 127 128 129 130 
1 2 3 3 1 2 2 1 2 2 2 2 1 1 1 3 3 1 2 2 1 2 2 1 1 2 1 2 1 3 3 2 1 2 2 1 2 3 3 2 2 1 1 2 2 2 1 2 2 1 3 1 1 2 1 2 2 2 2 3 2 3 2 3 1 2 1 1 1 2 1 2 3 3 2 1 2 1 2 2 3 2 1 1 3 2 2 2 2 2 2 3 2 1 2 2 2 2 2 3 3 2 1 2 2 3 2 3 3 2 1 2 1 3 2 2 2 3 2 2 1 1 2 2 2 1 2 2 3 1 
1 2 1 1 2 2 1 2 1 2 1 2 1 1 2 2 1 1 2 1 1 2 1 1 2 2 2 1 1 2 2 2 1 1 2 1 1 1 1 1 1 2 2 2 2 1 1 2 2 1 1 1 1 1 1 2 2 1 1 1 2 2 1 1 1 1 2 1 2 1 1 2 1 1 2 1 2 2 2 1 2 2 1 1 1 2 2 1 1 2 2 1 1 2 1 2 1 2 2 1 1 2 1 1 1 2 1 1 1 2 1 2 1 2 1 2 2 1 1 1 1 1 1 1 1 2 1 1 2 1 
8 10 6 6 9 3 5 2 1 5 1 4 9 4 7 5 8 5 4 7 7 7 7 3 2 10 5 7 4 7 1 7 8 8 6 5 3 4 9 5 6 4 6 9 5 1 3 2 5 5 7 2 10 8 7 2 5 8 6 4 3 7 9 6 6 10 2 6 1 9 8 8 3 2 9 10 1 1 6 10 8 10 5 6 3 1 5 4 8 10 4 5 8 2 4 10 6 7 6 4 7 1 10 5 2 3 9 6 7 3 3 1 3 10 4 7 3 4 7 2 10 7 8 1 1 5 6 4 10 3 
3530.4 4570.64 3620.54 3734.21 4510.35 4019.99 4785.01 4820.43 3930.63 4516.68 3592.03 4705.33 4680.68 4638.19 3220.74 4411.17 3537.18 4454.02 4378.05 3217.12 3244.55 3245.06 3240.82 3943.11 4727.46 4814.02 3682.29 3227.7 4272.64 3225.23 3503.2 3226.16 3538.38 3529.04 3647.63 4169.25 3695.03 4334.2 4399.29 4970.39 3521.57 4476.25 3738.05 4363.08 3749.13 4007.82 3588.4 4860.17 4421.55 4851.16 3211.61 4681.4 4208.84 3529.16 3216.61 4946.84 3702.78 3531.87 3736.35 4333.32 3852.48 3210.27 3933.38 3670.51 3631.97 4459.8 4792.03 3565.63 3512.1 4567.05 3534.66 3539.11 3860.92 4957.05 4572.38 4913.23 4019.95 3525.05 3674.22 4940.3 3529.53 4467.25 4662.9 3601.2 3811.27 3629.03 3561.4 4434.17 3528.65 4123.97 4416.68 3662.01 3534.61 4690.36 4669.79 4231.0 3708.84 3210.67 3644.5 4536.42 3230.27 3814.34 4723.09 3826.37 4751.94 3707.63 4285.78 3660.81 3195.14 4029.41 3622.36 3949.47 4168.18 4541.26 4527.6 3220.25 4348.81 4616.37 3228.16 4654.8 4831.14 3220.47 3537.01 3910.96 3998.37 4361.69 3509.36 4309.61 4537.18 4071.55 
0.55 0.16 0.27 0.04 0.59 0.83 0.77 0.87 0.76 0.91 0.72 0.39 0.55 0.68 0.5 0.71 0.54 0.23 0.47 0.27 0.16 0.06 0.16 0.51 0.95 0.14 0.8 0.25 0.49 0.37 0.71 0.25 0.55 0.54 0.26 0.76 0.52 0.67 0.45 0.19 0.22 0.73 0.11 0.44 0.16 0.72 0.77 0.87 0.45 0.26 0.14 0.87 0.14 0.56 0.28 0.85 0.94 0.56 0.48 0.74 0.69 0.46 0.58 0.6 0.42 0.17 0.92 0.57 0.7 0.55 0.57 0.55 0.91 0.85 0.18 0.16 0.73 0.75 0.28 0.18 0.54 0.13 0.83 0.56 0.74 0.75 0.78 0.49 0.55 0.15 0.47 0.73 0.56 0.87 0.83 0.16 0.56 0.08 0.28 0.57 0.32 0.74 0.13 0.71 0.9 0.66 0.1 0.55 0.49 0.81 0.62 0.72 0.96 0.15 0.53 0.47 0.98 0.78 0.4 0.86 0.16 0.54 0.56 0.72 0.76 0.45 0.53 0.82 0.18 0.94 
1.0 1.0 0.7 0.87 0.97 0.55 0.81 0.71 0.78 0.93 1.0 1.0 0.92 0.98 1.0 0.68 0.57 1.0 0.66 0.68 0.77 1.0 0.82 1.0 0.7 0.61 1.0 0.88 0.98 0.78 0.7 1.0 0.78 0.8 1.0 0.56 1.0 0.98 0.77 0.76 0.79 0.81 0.96 0.9 1.0 0.59 0.64 0.92 0.86 0.54 0.81 0.75 0.78 0.58 0.94 0.84 0.81 0.78 0.64 0.74 0.83 0.71 0.69 0.76 0.65 0.78 0.99 0.58 1.0 0.99 0.77 1.0 0.93 0.7 0.55 0.69 0.53 0.89 0.82 0.73 1.0 0.89 1.0 0.64 1.0 0.86 0.6 0.84 1.0 0.91 0.94 0.69 1.0 0.71 1.0 0.57 1.0 1.0 0.59 0.91 0.82 0.86 0.63 0.63 0.57 0.95 0.64 0.81 0.84 0.69 0.8 0.91 1.0 0.93 1.0 1.0 0.99 0.75 0.72 0.86 0.54 0.84 0.76 0.77 1.0 0.7 0.76 1.0 0.94 0.77 
0.74 0.97 1.0 0.61 0.71 0.72 0.51 0.79 0.62 0.59 1.0 0.98 0.97 1.0 0.69 0.62 0.81 1.0 0.88 1.0 0.52 0.76 0.58 0.77 1.0 0.77 0.71 0.59 0.98 0.96 0.98 0.77 0.9 0.55 1.0 0.68 0.82 0.92 0.51 0.83 0.88 0.63 0.56 0.68 0.95 1.0 0.51 0.57 0.96 0.94 1.0 0.55 0.53 0.66 0.51 0.79 0.67 0.74 0.82 0.97 0.56 0.67 0.84 0.66 1.0 0.92 0.8 0.97 0.99 0.88 0.83 0.77 0.52 0.67 0.67 0.84 0.96 1.0 0.52 0.87 0.58 0.57 0.58 1.0 0.96 1.0 0.83 0.57 0.51 0.96 0.93 0.64 0.89 0.92 0.85 0.55 0.53 1.0 1.0 1.0 0.83 0.89 0.99 0.94 0.61 0.73 0.73 0.95 0.83 0.55 1.0 0.83 0.67 0.56 0.85 0.66 0.55 0.84 0.6 0.61 0.65 0.88 1.0 0.67 1.0 1.0 0.94 0.56 0.9 0.86 
1.0 0.62 0.84 0.99 0.96 0.68 0.84 0.5 0.93 0.75 0.64 0.7 1.0 0.72 0.65 0.71 0.9 0.89 0.59 0.89 0.56 0.59 1.0 0.58 0.51 0.67 0.67 0.86 0.76 0.57 0.63 0.67 0.97 0.93 0.74 0.93 0.81 0.56 1.0 0.62 0.98 0.68 0.82 0.62 0.61 0.62 0.79 0.77 0.62 0.99 0.81 0.51 0.52 0.88 0.76 0.71 0.51 0.69 0.96 0.63 0.73 1.0 0.93 0.54 1.0 0.73 0.82 0.89 1.0 0.98 0.65 0.68 1.0 0.89 0.89 1.0 0.79 1.0 0.57 0.56 0.96 0.83 0.94 0.59 0.52 1.0 0.85 0.93 0.93 0.92 0.91 0.89 0.51 0.84 0.66 0.82 0.76 0.93 0.78 0.82 0.53 1.0 1.0 0.71 1.0 0.55 0.56 0.54 0.97 0.76 0.8 1.0 0.58 1.0 0.75 0.92 0.53 0.92 0.7 0.94 0.59 0.98 0.86 0.99 0.7 1.0 0.77 1.0 1.0 0.97 
0.64 0.74 0.6 0.84 0.97 0.62 0.78 0.98 0.84 0.6 0.73 0.58 0.59 0.6 0.61 0.61 0.98 0.57 0.97 0.8 0.76 0.67 0.57 0.54 0.74 0.61 0.73 1.0 0.65 0.86 0.71 0.7 0.62 1.0 0.91 0.55 1.0 1.0 1.0 0.57 0.7 1.0 0.99 0.5 0.79 0.68 0.63 0.87 1.0 0.5 0.8 0.89 0.9 0.51 1.0 0.98 0.74 0.85 0.6 0.82 1.0 1.0 0.97 0.68 0.99 0.62 0.51 0.59 0.74 0.95 0.65 0.79 0.63 0.53 1.0 0.84 0.51 0.72 0.71 0.9 0.84 1.0 0.69 0.85 0.86 0.78 1.0 0.88 0.84 0.77 1.0 0.62 1.0 1.0 0.95 0.91 0.76 0.94 0.83 0.53 0.89 0.54 0.69 0.97 0.8 0.57 1.0 0.52 0.78 0.71 0.96 0.68 0.56 0.72 0.99 0.86 0.86 0.81 0.56 0.73 0.99 0.88 0.87 0.64 0.92 0.8 0.69 1.0 0.74 0.89 
1.0 0.52 0.72 1.0 0.96 0.53 0.73 0.55 0.89 0.57 0.76 0.52 0.85 0.71 0.68 0.58 0.77 0.63 0.73 0.74 1.0 0.51 0.95 0.66 1.0 0.82 0.69 0.79 0.73 0.85 1.0 0.94 1.0 0.55 1.0 0.52 0.74 0.81 0.81 1.0 0.94 0.66 1.0 1.0 0.89 0.59 1.0 0.83 0.91 0.53 0.7 1.0 0.57 0.87 0.86 0.98 1.0 0.57 0.64 0.56 0.61 0.69 0.67 0.93 0.74 1.0 0.85 0.59 0.64 0.9 0.73 0.95 0.9 1.0 1.0 0.91 0.81 1.0 0.77 0.59 0.5 0.62 0.88 0.98 0.54 1.0 1.0 0.98 0.9 1.0 0.59 0.99 0.86 0.8 1.0 0.71 1.0 0.57 0.87 0.79 0.51 0.87 0.76 0.52 0.75 0.67 0.74 0.59 0.68 1.0 0.93 0.62 0.58 0.72 0.91 0.59 0.82 1.0 0.62 0.98 0.72 1.0 0.51 0.53 0.51 0.97 0.63 0.89 0.89 0.61 
0.47 0.23 0.25 0.44 0.61 0.09 0.2 0.15 0.34 0.14 0.35 0.21 0.45 0.3 0.19 0.11 0.31 0.32 0.24 0.36 0.17 0.15 0.26 0.16 0.27 0.16 0.24 0.35 0.35 0.31 0.31 0.34 0.42 0.22 0.67 0.1 0.49 0.41 0.32 0.22 0.44 0.23 0.44 0.19 0.41 0.15 0.16 0.29 0.47 0.13 0.37 0.19 0.11 0.15 0.32 0.45 0.2 0.19 0.19 0.21 0.2 0.33 0.35 0.17 0.48 0.32 0.28 0.18 0.46 0.73 0.2 0.39 0.28 0.22 0.33 0.44 0.17 0.65 0.13 0.19 0.23 0.26 0.33 0.32 0.23 0.67 0.42 0.39 0.36 0.62 0.47 0.24 0.39 0.44 0.53 0.17 0.31 0.49 0.33 0.31 0.16 0.36 0.32 0.21 0.21 0.15 0.19 0.13 0.36 0.21 0.58 0.32 0.13 0.28 0.58 0.31 0.21 0.47 0.1 0.36 0.15 0.64 0.29 0.17 0.33 0.54 0.24 0.5 0.56 0.34 
1826.97 1237.47 628.67 527.41 1879.25 1249.69 1035.89 1394.93 1380.95 1234.39 1213.58 1458.48 1432.26 2352.44 1517.08 890.44 1568.82 868.76 1363.06 897.12 877.55 989.46 1038.92 1114.54 1726.76 1298.09 1320.86 1228.39 1836.37 916.68 1619.98 997.3 1774.75 1787.66 677.07 1239.56 1305.92 1910.75 1585.45 949.85 634.39 1894.16 597.07 1082.5 724.71 1539.01 1104.36 1321.1 989.86 869.13 1006.41 1190.05 1244.86 1903.73 1235.87 1344.27 1296.15 2101.0 928.79 2174.41 1337.66 1182.63 1257.03 854.3 916.68 1597.82 1164.38 850.05 1706.96 1401.01 1843.64 1880.71 1398.2 1637.76 840.07 1457.32 1482.05 1972.99 732.79 1103.91 1759.91 1345.04 1476.92 893.41 1299.19 1867.37 1381.2 1888.37 1970.39 1385.38 1411.26 1113.41 1811.45 1179.67 1769.94 1406.99 835.79 1145.59 654.03 1412.93 1219.99 1729.89 1271.88 1162.13 1428.43 1028.61 893.72 884.28 1754.41 1440.25 1169.91 1306.17 1057.61 1251.99 1955.24 1074.39 1313.3 1914.04 1365.85 1382.0 1257.53 1404.21 1898.92 1390.68 1321.62 838.26 823.83 2066.14 1764.52 1386.47 
943.52 240.32 147.41 229.92 1210.45 128.2 215.54 268.51 453.73 151.76 336.02 284.27 706.08 743.67 280.35 125.96 488.33 231.15 371.93 333.18 161.31 126.81 252.19 183.24 484.92 221.61 320.81 393.53 647.42 262.86 527.59 324.55 725.38 314.8 473.58 157.4 647.11 821.48 552.84 237.57 285.3 417.12 251.19 188.38 316.95 249.69 225.44 343.77 461.86 147.52 362.33 182.22 154.76 182.2 374.58 634.18 232.23 508.93 180.74 432.77 313.8 362.69 445.05 147.31 460.55 487.57 356.44 158.94 837.45 1050.27 353.72 873.55 411.82 395.39 238.0 686.96 256.42 1282.56 97.3 187.11 316.82 380.39 538.46 325.37 292.92 1106.47 611.47 716.31 688.93 882.22 586.72 274.16 812.93 514.69 924.87 223.66 244.82 583.15 234.13 410.12 209.54 669.2 351.84 227.68 376.57 201.93 162.52 162.17 664.15 312.72 637.89 417.46 159.43 390.09 1037.66 342.96 346.51 856.34 117.75 527.68 181.28 857.57 594.83 296.6 463.1 443.68 195.85 948.25 909.57 489.25 
8634.87 5687.36 2643.34 2137.03 8896.27 5748.43 4679.47 6474.64 6404.75 5671.96 5567.91 6792.41 6661.29 11262.18 7085.38 3952.19 7344.08 3843.79 6315.28 3985.58 3887.76 4447.31 4694.62 5072.68 8133.78 5990.43 6104.31 5641.96 8681.86 4083.39 7599.91 4486.5 8373.76 8438.31 2885.33 5697.81 6029.62 9053.77 7427.25 4249.27 2671.96 8970.81 2485.37 4912.51 3123.56 7195.06 5021.82 6105.5 4449.31 3845.64 4532.03 5450.26 5724.32 9018.63 5679.36 6221.35 5980.76 10005.02 4143.93 10372.04 6188.29 5413.15 5785.13 3771.49 4083.42 7489.1 5321.92 3750.27 8034.81 6505.05 8718.22 8903.55 6491.0 7688.78 3700.35 6786.59 6910.23 9364.93 3163.95 5019.55 8299.57 6225.18 6884.6 3967.03 5995.94 8836.83 6405.98 8941.86 9351.97 6426.88 6556.29 5067.06 8557.26 5398.35 8349.71 6534.93 3678.94 5227.94 2770.15 6564.63 5599.95 8149.44 5859.42 5310.64 6642.16 4643.05 3968.58 3921.39 8272.04 6701.23 5349.54 6030.84 4788.06 5759.94 9276.21 4871.94 6066.51 9070.2 6329.26 6410.0 5787.63 6521.03 8994.59 6453.39 6108.08 3691.3 3619.13 9830.71 8322.6 6432.36 
4217.62 701.58 237.06 649.62 5552.24 141.01 577.71 842.57 1768.67 258.82 1180.11 921.34 3030.38 3218.36 901.77 129.8 1941.66 655.74 1359.63 1165.91 306.55 134.06 760.94 416.21 1924.59 608.07 1104.04 1467.63 2737.09 814.29 2137.97 1122.74 3126.9 1074.0 1867.91 287.01 2735.57 3607.4 2264.22 687.84 926.52 1585.62 755.96 441.89 1084.74 748.46 627.18 1218.87 1809.31 237.6 1311.64 411.11 273.82 411.01 1372.92 2670.91 661.16 2044.66 403.71 1663.85 1068.99 1313.44 1725.23 236.53 1802.75 1937.84 1282.19 294.7 3687.24 4751.33 1268.58 3867.76 1559.12 1476.94 690.0 2934.8 782.12 5912.8 -13.49 435.56 1084.09 1401.94 2192.31 1126.83 964.6 5032.34 2557.34 3081.57 2944.67 3911.1 2433.62 870.79 3564.66 2073.47 4124.36 618.32 724.11 2415.75 670.65 1550.6 547.7 2845.98 1259.22 638.4 1382.87 509.65 312.62 310.84 2820.73 1063.62 2689.47 1587.31 297.17 1450.43 4688.29 1214.79 1232.55 3781.68 88.74 2138.42 406.39 3787.83 2474.15 982.98 1815.5 1718.4 479.26 4241.25 4047.83 1946.23 
70.61 137.12 144.82 149.37 90.21 120.6 143.55 96.41 117.92 135.5 107.76 141.16 93.61 92.76 64.41 176.45 141.49 89.08 131.34 96.51 64.89 97.35 97.22 78.86 94.55 144.42 73.65 96.83 85.45 129.01 140.13 96.78 70.77 105.87 109.43 83.38 110.85 173.37 175.97 149.11 105.65 89.53 74.76 130.89 112.47 120.23 71.77 145.81 132.65 97.02 128.46 93.63 84.18 105.87 64.33 148.41 111.08 105.96 112.09 173.33 115.57 128.41 118.0 146.82 72.64 133.79 95.84 71.31 70.24 137.01 70.69 106.17 154.44 198.28 137.17 98.26 120.6 70.5 110.23 148.21 141.18 134.02 93.26 72.02 152.45 108.87 106.84 133.03 105.86 123.72 132.5 146.48 106.04 93.81 140.09 126.93 111.27 96.32 109.33 181.46 129.21 114.43 94.46 114.79 142.56 148.31 128.57 146.43 127.81 120.88 72.45 118.48 83.36 181.65 135.83 96.61 130.46 184.65 96.84 139.64 96.62 64.41 106.11 117.33 119.95 87.23 105.28 129.29 181.49 81.43 
10 26 31 32 12 22 27 13 22 25 20 26 13 13 9 37 30 12 25 18 9 18 18 11 13 27 10 18 12 27 30 18 10 20 20 11 21 37 37 28 20 12 10 24 21 22 10 27 25 13 27 13 12 20 9 28 21 20 21 37 22 27 22 31 10 25 13 10 10 26 10 20 33 42 26 14 22 10 20 28 30 25 13 10 32 20 20 25 20 23 25 31 20 13 26 24 21 18 20 38 27 21 13 21 27 31 24 31 27 23 10 22 11 38 25 18 24 39 18 26 13 9 20 22 22 12 20 24 38 11 
16 76 20 141 127 94 88 39 64 77 187 129 138 96 157 216 221 75 101 199 75 117 18 162 75 180 90 9 84 31 52 115 175 220 11 30 61 194 46 183 87 175 48 184 61 154 212 90 40 150 225 6 163 108 184 189 103 42 35 141 199 203 179 186 153 94 169 13 235 118 120 126 64 44 89 12 14 130 203 105 220 161 107 28 128 86 95 89 130 15 213 45 121 124 211 142 142 15 2 59 129 28 115 218 215 36 194 104 178 120 218 195 167 79 44 238 121 76 9 12 173 35 224 144 221 168 112 128 107 221 
240 240 152 165 232 165 152 124 101 216 240 240 226 120 198 240 240 240 189 240 240 240 173 240 200 234 201 218 222 156 130 240 213 240 234 145 88 240 240 240 240 240 237 238 146 240 240 240 240 240 240 64 240 186 222 240 240 168 117 240 240 240 240 240 211 240 240 229 240 240 240 207 193 240 120 130 85 201 230 240 240 240 240 79 168 174 163 181 240 100 240 93 219 240 240 240 240 191 171 168 240 116 213 240 240 74 240 240 240 188 240 240 240 238 84 240 240 240 114 240 240 160 240 240 240 199 240 240 137 240 
5
0.0 0.0 0.0 0.0 0.0 
0.0 100.0 0.0 0.0 100.0 
0 14 0 0 14 14 6 3 12 11 7 14 7 10 6 13 10 4 13 11 11 2 10 9 13 11 8 14 13 10 10 8 13 12 16 11 9 16 17 11 10 14 6 7 13 13 12 11 9 10 12 15 12 7 13 10 5 15 14 5 11 9 14 14 5 6 12 15 12 13 11 10 12 12 16 5 6 7 12 10 5 7 8 7 14 11 3 12 12 4 11 8 8 8 8 11 11 12 8 16 10 9 6 12 10 3 3 8 14 10 14 15 11 3 2 12 5 9 11 17 13 5 1 14 13 16 12 14 13 14 8 15 9 10 15 
14 0 14 14 0 13 12 10 2 8 7 17 14 12 13 9 6 12 13 9 12 12 6 8 17 16 6 15 13 9 5 12 17 16 10 12 5 11 14 6 5 15 8 7 8 8 7 9 5 7 10 12 5 10 14 3 10 13 9 11 3 5 8 16 8 12 12 14 2 4 11 9 14 8 14 11 12 6 1 4 10 10 11 10 9 14 11 5 15 10 6 9 14 14 10 7 2 10 11 15 4 13 7 5 3 11 12 7 15 11 11 16 2 11 12 4 12 6 12 14 3 13 12 15 9 12 5 9 17 14 12 15 14 16 12 
0 14 0 0 14 14 6 3 12 11 7 14 7 10 6 13 10 4 13 11 11 2 10 9 13 11 8 14 13 10 10 8 13 12 16 11 9 16 17 11 10 14 6 7 13 13 12 11 9 10 12 15 12 7 13 10 5 15 14 5 11 9 14 14 5 6 12 15 12 13 11 10 12 12 16 5 6 7 12 10 5 7 8 7 14 11 3 12 12 4 11 8 8 8 8 11 11 12 8 16 10 9 6 12 10 3 3 8 14 10 14 15 11 3 2 12 5 9 11 17 13 5 1 14 13 16 12 14 13 14 8 15 9 10 15 
0 14 0 0 14 14 6 3 12 11 7 14 7 10 6 13 10 4 13 11 11 2 10 9 13 11 8 14 13 10 10 8 13 12 16 11 9 16 17 11 10 14 6 7 13 13 12 11 9 10 12 15 12 7 13 10 5 15 14 5 11 9 14 14 5 6 12 15 12 13 11 10 12 12 16 5 6 7 12 10 5 7 8 7 14 11 3 12 12 4 11 8 8 8 8 11 11 12 8 16 10 9 6 12 10 3 3 8 14 10 14 15 11 3 2 12 5 9 11 17 13 5 1 14 13 16 12 14 13 14 8 15 9 10 15 
14 0 14 14 0 13 12 10 2 8 7 17 14 12 13 9 6 12 13 9 12 12 6 8 17 16 6 15 13 9 5 12 17 16 10 12 5 11 14 6 5 15 8 7 8 8 7 9 5 7 10 12 5 10 14 3 10 13 9 11 3 5 8 16 8 12 12 14 2 4 11 9 14 8 14 11 12 6 1 4 10 10 11 10 9 14 11 5 15 10 6 9 14 14 10 7 2 10 11 15 4 13 7 5 3 11 12 7 15 11 11 16 2 11 12 4 12 6 12 14 3 13 12 15 9 12 5 9 17 14 12 15 14 16 12 
14 13 14 14 13 0 8 12 11 4 9 5 8 3 8 3 6 10 1 4 3 12 8 6 6 6 9 3 1 5 9 6 6 5 4 3 9 3 2 6 8 2 11 10 4 4 5 4 9 6 3 1 7 7 2 10 9 1 4 9 10 9 5 4 11 8 1 1 11 8 3 5 4 4 2 9 8 11 12 9 9 7 6 7 4 3 11 7 4 11 7 7 7 6 6 6 11 3 5 2 9 5 10 7 11 12 11 8 2 4 1 3 12 12 12 8 9 7 3 2 9 9 13 3 4 2 8 3 6 1 6 2 7 6 2 
6 12 6 6 12 8 0 4 10 6 4 8 2 4 1 8 6 1 7 5 5 4 6 4 8 6 5 8 7 4 7 2 8 7 10 5 6 10 11 6 7 8 5 5 8 8 7 6 6 5 6 9 8 2 7 8 2 9 9 1 8 6 9 8 4 0 6 9 10 9 5 4 6 7 10 1 0 6 10 7 1 2 2 2 8 5 2 8 7 4 6 3 3 3 2 6 9 6 2 10 7 3 4 8 8 4 2 4 8 4 8 9 10 4 3 8 0 5 5 11 9 1 5 8 8 10 8 9 8 8 2 9 3 5 9 
3 10 3 3 10 12 4 0 8 8 4 13 6 8 5 10 7 3 11 8 9 1 7 6 12 11 4 13 11 7 6 6 12 11 13 9 6 13 15 8 7 13 2 3 10 10 9 9 5 7 9 13 8 4 11 7 3 13 11 3 7 6 11 13 1 5 10 13 9 9 9 7 11 9 14 3 5 4 8 6 3 5 6 5 11 10 2 8 11 0 7 5 8 8 5 8 7 9 6 14 7 8 3 9 6 0 3 5 13 8 11 13 8 0 2 8 4 6 10 14 9 5 1 12 10 13 8 11 12 13 6 14 8 10 13 
12 2 12 12 2 11 10 8 0 6 5 15 11 9 11 7 4 9 11 7 10 10 3 5 15 14 4 13 11 7 2 10 15 14 8 10 3 10 12 4 3 13 6 5 6 6 5 7 3 5 8 10 3 7 12 1 8 11 7 8 1 3 6 14 6 10 10 12 0 2 9 7 12 6 12 8 10 4 0 2 8 7 8 8 7 11 9 3 13 8 4 6 12 11 8 5 1 8 8 13 2 11 5 3 2 9 10 5 13 9 9 14 1 9 10 2 10 4 10 12 1 11 10 13 7 10 3 7 15 12 9 13 12 14 10 
11 8 11 11 8 4 6 8 6 0 5 8 7 3 7 1 2 7 5 1 4 9 3 2 9 8 5 7 4 1 4 5 9 7 4 3 4 4 6 1 3 6 7 6 1 2 1 0 5 1 1 4 3 4 5 6 5 4 2 6 5 4 2 7 7 6 3 5 6 4 2 1 6 1 6 6 6 7 7 5 6 4 3 4 2 5 8 3 6 8 2 3 6 6 3 1 6 2 3 6 4 5 6 3 7 8 8 4 6 3 3 7 7 9 9 4 6 3 3 6 5 7 10 6 1 4 3 3 9 5 4 6 7 8 4 
7 7 7 7 7 9 4 4 5 5 0 12 7 6 6 7 3 4 9 5 7 5 3 3 11 10 0 11 9 4 2 5 12 10 9 7 2 10 12 4 3 10 1 1 6 7 5 5 1 3 6 10 4 3 9 3 2 10 7 3 4 2 7 11 2 5 8 10 5 5 6 4 9 6 11 3 5 2 5 3 3 3 4 3 7 8 4 4 10 3 3 2 7 7 3 4 4 6 5 11 3 7 0 5 3 4 5 1 10 6 8 11 5 4 5 4 5 2 7 11 5 6 5 10 7 10 4 8 12 10 5 11 8 9 9 
14 17 14 14 17 5 8 13 15 8 12 0 7 5 8 8 10 10 3 7 4 12 11 9 1 2 12 2 4 8 12 6 1 1 9 4 12 8 7 10 12 2 13 12 9 9 9 8 12 9 7 6 11 9 2 14 10 6 9 10 14 12 10 0 13 7 5 4 15 13 5 8 2 9 5 9 8 14 16 13 10 9 7 8 9 3 11 12 1 12 10 9 5 5 8 9 15 6 7 4 13 5 12 11 15 12 11 10 2 5 6 1 15 13 12 12 8 11 4 6 14 8 13 1 8 7 12 9 1 3 6 3 5 3 7 
7 14 7 7 14 8 2 6 11 7 7 7 0 4 1 8 7 3 6 5 4 6 8 6 6 4 7 7 6 5 8 1 6 5 10 5 8 10 11 8 8 7 7 7 8 8 8 6 8 6 6 9 9 3 5 10 4 9 9 3 10 8 10 7 7 1 6 8 12 10 4 5 5 8 10 3 1 8 12 9 4 3 3 3 9 4 4 9 5 6 8 4 1 1 3 7 11 6 3 9 9 2 6 9 10 6 4 6 7 4 8 7 11 6 5 10 2 7 5 10 11 1 6 6 8 9 9 9 6 7 2 8 1 3 9 
10 12 10 10 12 3 4 8 9 3 6 5 4 0 4 4 5 6 2 2 1 8 6 4 5 4 7 4 2 2 7 2 5 4 6 0 6 6 6 5 6 4 8 7 4 5 5 3 7 4 2 5 6 4 2 8 5 4 5 5 8 7 6 4 8 4 2 4 10 8 0 2 2 4 6 5 4 9 10 8 5 3 2 3 5 1 7 6 3 8 5 3 3 3 3 4 9 1 2 5 7 2 7 6 9 8 7 5 4 0 3 5 10 8 8 7 5 5 1 6 9 5 9 3 4 5 7 5 5 4 2 5 3 4 5 
6 13 6 6 13 8 1 5 11 7 6 8 1 4 0 8 7 2 7 6 5 4 7 5 7 5 6 8 7 5 8 2 7 6 11 5 7 11 11 7 8 8 6 6 8 9 8 7 7 6 7 9 9 3 6 9 3 9 10 2 9 8 10 8 6 0 6 9 11 10 5 5 6 8 10 2 1 8 11 9 3 3 3 3 9 5 3 9 6 5 7 4 2 2 3 7 10 6 3 10 8 3 6 9 10 4 3 5 8 4 8 8 11 5 4 9 1 7 5 11 10 0 5 7 8 10 9 9 7 8 2 9 2 4 10 
13 9 13 13 9 3 8 10 7 1 7 8 8 4 8 0 3 9 4 2 4 11 4 4 9 8 6 6 4 3 5 6 9 8 2 4 5 3 5 3 4 6 8 8 0 0 1 1 6 3 1 3 3 6 5 7 7 3 1 8 6 6 1 7 9 7 3 5 7 4 3 3 6 1 5 7 7 8 8 6 8 6 5 6 0 5 9 4 7 10 3 5 8 7 5 2 7 2 5 5 5 6 7 3 8 10 10 5 6 4 2 7 8 10 10 5 8 4 4 5 5 9 12 6 0 3 4 1 9 5 6 6 8 8 2 
10 6 10 10 6 6 6 7 4 2 3 10 7 5 7 3 0 6 7 2 5 8 1 1 10 9 3 9 6 2 2 5 10 9 5 5 2 6 8 0 1 8 5 4 3 3 2 2 3 0 3 6 1 4 7 3 5 7 4 5 3 2 3 9 5 6 5 7 5 3 4 2 8 2 8 5 6 5 5 3 5 3 4 4 4 7 7 1 8 6 0 2 7 7 3 0 4 4 4 8 2 6 4 1 4 7 8 2 8 4 5 9 5 7 8 2 6 1 5 8 3 7 9 8 3 6 2 4 10 8 5 8 7 9 6 
4 12 4 4 12 10 1 3 9 7 4 10 3 6 2 9 6 0 9 6 7 2 6 5 9 8 5 10 9 5 7 3 9 8 12 7 6 12 13 7 7 10 4 4 9 9 8 7 6 6 8 11 8 3 8 8 1 11 10 1 8 6 10 10 3 2 8 10 10 10 6 5 8 8 12 1 2 5 10 7 1 3 4 3 10 7 1 8 8 2 7 4 5 4 4 7 9 7 4 12 7 5 4 8 8 2 1 4 10 6 9 10 9 2 1 8 1 6 7 12 10 2 3 9 9 11 8 10 9 10 4 11 5 7 11 
13 13 13 13 13 1 7 11 11 5 9 3 6 2 7 4 7 9 0 4 1 11 8 6 4 4 9 2 0 5 9 5 4 3 6 1 9 4 4 6 8 1 10 10 5 5 6 4 9 6 3 3 8 6 0 11 8 2 5 8 10 9 6 2 10 6 1 1 12 9 2 5 2 5 3 7 6 11 12 10 8 6 5 6 5 2 10 8 2 11 7 6 5 5 5 6 11 2 4 2 9 4 9 8 12 11 10 8 1 3 2 2 12 11 10 9 7 7 1 3 10 8 12 1 5 4 8 5 4 1 4 2 5 4 3 
11 9 11 11 9 4 5 8 7 1 5 7 5 2 6 2 2 6 4 0 3 8 3 2 7 6 5 6 3 1 5 4 8 6 5 2 4 5 6 2 4 5 6 6 2 3 2 1 5 1 1 4 4 3 4 6 5 4 4 5 6 5 4 7 7 5 2 5 7 5 1 0 5 2 6 5 5 7 8 5 5 3 2 3 3 4 7 4 5 7 3 2 5 5 2 2 7 1 2 6 5 4 6 4 7 7 8 3 5 2 3 6 8 8 8 5 5 3 2 6 6 6 9 5 2 5 4 3 8 5 3 6 5 6 4 
11 12 11 11 12 3 5 9 10 4 7 4 4 1 5 4 5 7 1 3 0 9 6 5 4 4 7 3 1 3 8 3 5 3 6 0 7 5 6 5 7 3 9 8 5 5 5 3 8 5 2 4 7 5 1 9 6 4 5 6 9 8 6 4 9 5 1 3 10 8 1 3 2 4 5 6 5 10 11 8 6 5 3 4 5 1 8 7 2 9 6 4 3 3 4 5 10 2 3 4 8 2 8 7 10 9 8 6 3 1 3 4 11 9 9 8 6 6 0 5 9 6 10 2 4 5 7 5 5 3 3 4 3 4 4 
2 12 2 2 12 12 4 1 10 9 5 12 6 8 4 11 8 2 11 8 9 0 8 7 12 10 6 13 11 7 8 6 12 11 13 9 7 14 15 9 8 12 4 4 11 11 10 9 7 8 10 13 10 5 11 8 3 13 12 3 9 7 12 12 3 5 10 13 10 11 9 8 10 10 14 3 4 5 10 8 3 5 6 5 12 9 1 9 11 1 8 6 7 7 6 9 9 9 6 14 8 7 4 10 8 1 1 6 12 8 11 13 9 0 0 9 3 7 9 15 10 4 0 12 11 13 10 12 12 12 6 13 7 9 13 
10 6 10 10 6 8 6 7 3 3 3 11 8 6 7 4 1 6 8 3 6 8 0 2 11 10 2 10 7 3 1 6 11 10 6 6 1 7 9 1 0 9 4 3 4 4 3 3 2 1 4 7 1 4 8 2 4 8 5 5 2 1 4 10 5 6 6 9 4 3 5 3 9 3 9 5 6 4 4 1 5 4 5 4 4 8 6 1 9 6 1 3 8 7 4 2 3 5 5 10 1 7 3 2 3 6 8 2 9 5 6 10 4 7 8 2 7 0 6 9 3 8 8 9 4 7 1 5 11 9 5 10 8 10 7 
9 8 9 9 8 6 4 6 5 2 3 9 6 4 5 4 1 5 6 2 5 7 2 0 9 8 2 8 6 1 3 4 9 8 6 4 2 7 9 2 2 8 4 4 4 4 3 2 3 1 3 7 3 2 6 4 3 7 5 4 4 3 5 9 4 4 5 7 6 4 3 1 7 3 8 3 4 5 6 3 4 2 2 2 4 6 5 3 7 5 2 1 6 5 2 1 5 3 2 8 3 5 3 3 5 6 6 1 8 3 5 9 6 6 6 4 5 1 4 8 5 6 7 8 4 7 3 5 9 7 3 8 6 8 6 
13 17 13 13 17 6 8 12 15 9 11 1 6 5 7 9 10 9 4 7 4 12 11 9 0 1 12 3 5 8 12 6 0 1 10 5 12 9 8 10 12 3 12 12 9 10 10 8 12 9 7 7 12 8 3 14 9 7 10 9 14 12 10 2 12 7 5 5 15 13 6 8 2 9 7 9 7 14 16 13 9 8 7 8 9 3 10 12 2 12 11 9 4 4 8 10 15 7 6 6 13 4 12 12 15 12 10 10 4 5 7 3 16 12 11 13 8 11 5 7 14 7 13 3 9 8 12 9 0 4 6 5 4 2 8 
11 16 11 11 16 6 6 11 14 8 10 2 4 4 5 8 9 8 4 6 4 10 10 8 1 0 10 4 5 7 11 4 1 1 10 4 10 9 8 9 11 4 11 11 9 9 9 7 11 8 6 7 11 7 3 13 8 7 9 7 13 11 10 3 11 5 5 5 14 12 5 7 2 8 7 7 5 12 15 12 8 7 5 6 9 2 9 11 2 10 9 7 2 3 6 9 14 6 5 6 11 2 10 11 13 10 8 9 4 4 7 3 14 10 9 12 6 9 4 7 13 6 11 3 8 8 11 9 1 5 4 5 2 0 8 
8 6 8 8 6 9 5 4 4 5 0 12 7 7 6 6 3 5 9 5 7 6 2 2 12 10 0 11 9 4 2 6 12 11 9 7 1 10 11 3 2 11 2 1 6 6 5 5 0 3 6 9 4 3 9 2 3 10 7 4 3 1 7 11 2 6 8 10 4 4 6 4 9 5 11 4 6 2 4 2 4 3 5 4 7 8 5 3 10 4 3 3 8 7 4 4 3 6 5 11 2 7 1 4 3 4 6 1 11 6 8 12 4 5 6 3 6 1 7 11 4 7 6 10 6 9 4 7 12 10 6 11 8 10 9 
14 15 14 14 15 3 8 13 13 7 11 2 7 4 8 6 9 10 2 6 3 13 10 8 3 4 11 0 2 7 11 6 3 3 7 3 11 6 4 9 10 0 12 12 7 7 8 6 11 8 5 4 10 8 1 13 10 3 7 10 12 11 8 1 12 8 3 2 14 11 4 7 2 7 3 9 8 13 14 12 10 8 6 8 7 3 11 10 2 12 9 8 6 6 7 8 14 5 6 2 11 5 11 10 14 12 11 10 0 4 4 0 14 13 12 11 9 10 3 3 12 9 14 0 6 5 10 7 3 1 6 1 6 4 5 
13 13 13 13 13 1 7 11 11 4 9 4 6 2 7 4 6 9 0 3 1 11 7 6 5 5 9 2 0 4 8 5 5 4 5 1 8 4 4 6 8 2 10 10 4 4 5 4 9 5 2 2 7 6 1 10 8 2 5 8 10 9 5 3 10 6 0 1 11 8 2 4 2 4 3 7 6 11 12 9 8 6 5 6 4 2 10 7 3 10 6 6 5 5 5 5 11 2 4 2 9 4 9 7 11 11 10 7 2 2 2 3 11 11 10 8 7 7 1 3 9 8 12 2 4 3 8 4 5 1 5 2 5 5 3 
10 9 10 10 9 5 4 7 7 1 4 8 5 2 5 3 2 5 5 1 3 7 3 1 8 7 4 7 4 0 4 3 8 7 6 3 4 6 8 2 3 6 5 5 3 3 3 1 4 1 2 5 4 2 5 6 4 6 4 4 5 4 4 7 6 4 3 6 7 5 2 0 5 2 7 4 4 6 8 5 4 2 2 2 4 4 6 4 6 6 2 1 5 4 1 2 7 2 2 7 4 4 5 4 7 6 7 2 6 2 4 7 7 7 7 5 5 2 3 7 6 6 8 6 3 6 4 4 8 6 2 7 5 6 5 
10 5 10 10 5 9 7 6 2 4 2 12 8 7 8 5 2 7 9 5 8 8 1 3 12 11 2 11 8 4 0 7 13 11 7 7 0 8 11 2 0 10 4 3 5 5 4 4 1 3 6 9 2 5 9 1 5 9 6 6 1 0 5 12 4 7 7 10 3 2 6 4 10 4 10 6 7 3 3 0 5 4 6 5 5 9 7 2 10 6 2 4 9 8 5 3 2 6 6 11 0 8 3 2 2 6 8 2 10 7 7 12 3 7 8 1 7 1 7 11 2 8 8 11 5 8 2 6 12 10 6 11 9 11 8 
8 12 8 8 12 6 2 6 10 5 5 6 1 2 2 6 5 3 5 4 3 6 6 4 6 4 6 6 5 3 7 0 6 5 9 3 6 8 9 6 7 6 6 6 6 7 6 5 7 4 5 7 7 2 4 8 3 7 7 3 8 7 8 6 6 1 4 6 10 9 3 3 4 6 8 2 1 7 10 8 3 2 1 2 7 3 5 7 4 6 6 3 1 1 2 5 9 4 1 8 7 1 6 7 9 6 5 4 6 2 6 6 10 6 5 8 2 5 3 8 9 3 7 5 6 8 7 7 6 6 0 7 2 4 7 
13 17 13 13 17 6 8 12 15 9 12 1 6 5 7 9 10 9 4 8 5 12 11 9 0 1 12 3 5 8 13 6 0 1 11 5 12 9 8 11 12 4 12 12 10 10 10 9 13 10 7 8 12 8 4 14 9 7 10 9 14 13 11 2 12 7 6 5 15 14 6 8 3 10 7 9 7 14 16 13 9 8 7 8 10 3 10 12 2 12 11 9 4 4 8 10 15 7 7 6 13 4 12 12 15 12 10 10 4 6 7 3 16 12 11 13 8 11 5 7 14 7 13 3 9 8 12 10 0 5 6 5 4 2 8 
12 16 12 12 16 5 7 11 14 7 10 1 5 4 6 8 9 8 3 6 3 11 10 8 1 1 11 3 4 7 11 5 1 0 9 4 11 8 7 9 11 3 11 11 8 8 9 7 11 8 6 7 11 7 2 13 8 6 9 8 13 11 9 2 11 6 4 4 14 12 5 7 1 8 6 8 6 13 15 12 8 7 6 7 8 2 10 11 1 11 9 8 3 3 6 9 14 5 5 5 12 3 11 11 14 11 9 9 3 4 6 2 14 11 10 12 7 10 4 6 13 7 12 2 8 7 11 9 1 4 5 4 3 2 7 
16 10 16 16 10 4 10 13 8 4 9 9 10 6 11 2 5 12 6 5 6 13 6 6 10 10 9 7 5 6 7 9 11 9 0 6 7 1 4 5 6 7 11 10 2 2 3 4 8 5 4 3 5 8 7 8 10 3 1 10 8 8 2 8 11 10 5 5 8 5 6 6 8 3 4 10 10 11 9 8 10 8 8 8 1 7 12 5 8 12 5 7 10 9 8 5 9 4 7 5 7 9 10 5 10 12 13 8 6 6 3 8 9 13 13 6 11 7 6 4 7 12 14 7 2 2 5 1 10 5 8 6 10 10 2 
11 12 11 11 12 3 5 9 10 3 7 4 5 0 5 4 5 7 1 2 0 9 6 4 5 4 7 3 1 3 7 3 5 4 6 0 7 5 5 5 7 3 8 8 4 4 5 3 8 4 2 4 7 5 1 9 6 3 5 6 9 8 5 4 9 5 1 3 10 8 1 3 2 4 5 6 5 9 11 8 6 4 3 4 5 1 8 7 2 9 6 4 4 3 4 5 10 1 3 4 8 2 8 7 10 9 8 6 3 1 3 4 11 9 9 8 6 6 0 5 9 6 10 3 4 4 7 5 5 3 3 4 4 4 4 
9 5 9 9 5 9 6 6 3 4 2 12 8 6 7 5 2 6 9 4 7 7 1 2 12 10 1 11 8 4 0 6 12 11 7 7 0 9 11 2 1 10 3 2 5 5 4 4 0 2 5 9 2 4 9 2 4 9 6 5 2 0 5 11 4 6 7 10 3 3 6 4 9 4 10 5 6 3 4 1 5 4 5 4 6 8 6 2 10 5 2 3 8 8 4 3 3 6 5 11 1 7 2 3 3 6 7 1 10 6 7 11 3 6 7 2 6 1 7 10 3 7 7 10 5 8 2 6 12 10 6 10 8 10 8 
16 11 16 16 11 3 10 13 10 4 10 8 10 6 11 3 6 12 4 5 5 14 7 7 9 9 10 6 4 6 8 8 9 8 1 5 9 0 2 6 8 5 12 11 3 3 4 4 9 6 3 1 6 9 5 10 10 2 2 11 9 9 3 7 12 10 4 3 10 7 5 6 7 4 2 10 10 12 11 9 11 9 7 8 2 6 12 7 7 13 6 8 9 9 8 5 10 4 7 3 8 8 11 6 11 13 13 9 5 6 2 6 11 13 13 8 11 8 5 2 8 11 15 6 3 0 7 2 9 4 8 4 9 9 0 
17 14 17 17 14 2 11 15 12 6 12 7 11 6 11 5 8 13 4 6 6 15 9 9 8 8 11 4 4 8 11 9 8 7 4 5 11 2 0 8 10 4 13 13 5 5 6 6 11 8 5 2 9 10 5 12 12 2 5 12 11 11 5 6 14 11 4 3 12 9 6 7 6 6 1 11 11 14 13 11 12 10 9 10 5 6 14 9 6 14 8 9 9 9 9 7 13 5 8 2 11 8 12 8 13 14 14 10 4 6 3 5 13 15 14 10 12 10 5 0 11 12 16 5 5 2 9 4 8 3 9 3 10 9 2 
11 6 11 11 6 6 6 8 4 1 4 10 8 5 7 3 0 7 6 2 5 9 1 2 10 9 3 9 6 2 2 6 11 9 5 5 2 6 8 0 1 8 5 5 2 2 1 2 3 1 3 6 1 4 7 4 5 6 3 6 3 3 3 9 6 6 5 7 5 3 4 2 8 1 8 6 6 5 5 3 6 4 4 4 3 7 7 1 8 7 0 3 7 7 4 0 4 3 4 8 2 7 5 1 5 7 8 3 8 4 5 9 5 8 8 2 7 1 5 8 3 8 9 8 3 6 1 4 10 7 5 8 8 9 6 
10 5 10 10 5 8 7 7 3 3 3 12 8 6 8 4 1 7 8 4 7 8 0 2 12 11 2 10 8 3 0 7 12 11 6 7 1 8 10 1 0 10 4 4 4 4 3 4 2 2 5 8 1 4 9 2 5 8 5 6 2 1 4 11 5 7 7 9 3 2 6 3 9 3 10 6 7 4 4 1 6 4 5 5 5 8 7 1 10 6 1 3 8 8 4 2 3 5 5 10 1 8 4 1 3 7 8 2 10 6 6 11 3 7 8 1 7 1 7 10 2 8 8 10 4 8 1 5 12 9 6 10 9 10 7 
14 15 14 14 15 2 8 13 13 6 10 2 7 4 8 6 8 10 1 5 3 12 9 8 3 4 11 0 2 6 10 6 4 3 7 3 10 5 4 8 10 0 12 11 6 6 7 6 11 7 4 4 9 8 1 12 9 3 7 9 12 11 7 1 12 7 3 1 13 11 4 6 2 7 3 9 7 13 14 11 9 8 6 7 6 2 11 10 2 12 8 8 5 5 7 7 13 4 6 2 11 4 11 9 13 12 11 9 0 4 4 1 14 12 12 11 8 9 3 3 12 9 13 0 6 4 10 6 3 1 6 1 5 4 4 
6 8 6 6 8 11 5 2 6 7 1 13 7 8 6 8 5 4 10 6 9 4 4 4 12 11 2 12 10 5 4 6 12 11 11 8 3 12 13 5 4 12 0 0 8 8 7 7 2 5 8 11 6 4 10 4 3 11 9 3 5 3 9 12 0 5 9 12 6 7 7 5 10 7 13 3 5 1 6 4 3 4 5 4 9 9 3 6 11 2 5 4 8 8 5 6 5 8 6 13 4 8 0 6 4 2 4 3 12 7 10 13 5 3 4 6 5 4 9 13 6 6 4 11 8 11 6 9 12 11 6 13 8 10 11 
7 7 7 7 7 10 5 3 5 6 1 12 7 7 6 8 4 4 10 6 8 4 3 4 12 11 1 12 10 5 3 6 12 11 10 8 2 11 13 5 4 11 0 0 7 8 6 6 2 4 7 11 5 3 10 3 3 11 8 3 4 2 8 12 1 5 9 11 5 6 7 5 10 7 12 4 5 1 5 3 3 3 5 4 8 9 4 5 11 2 4 3 8 8 4 5 4 7 5 12 3 8 0 5 3 3 5 2 11 7 9 12 5 3 4 5 5 3 8 12 6 6 5 11 8 11 5 9 12 11 6 12 8 10 10 
13 8 13 13 8 4 8 10 6 1 6 9 8 4 8 0 3 9 5 2 5 11 4 4 9 9 6 7 4 3 5 6 10 8 2 4 5 3 5 2 4 6 8 7 0 0 1 1 6 3 2 3 3 6 6 6 7 4 1 8 6 5 1 8 8 8 4 5 7 4 4 3 7 0 5 7 7 8 7 5 8 6 5 6 0 6 9 3 7 9 3 5 8 7 5 2 7 2 5 6 5 7 7 3 7 10 10 5 6 4 2 8 7 10 10 4 8 4 4 5 5 9 11 7 0 3 3 1 10 5 6 6 8 9 3 
13 8 13 13 8 4 8 10 6 2 7 9 8 5 9 0 3 9 5 3 5 11 4 4 10 9 6 7 4 3 5 7 10 8 2 4 5 3 5 2 4 6 8 8 0 0 1 2 6 3 2 3 3 6 6 6 7 4 0 8 6 5 1 8 9 8 4 5 7 4 4 3 7 1 5 8 8 8 7 6 8 6 5 6 0 6 10 3 7 10 3 5 8 8 5 2 7 3 5 6 5 7 7 3 7 10 10 5 6 4 2 8 7 10 11 4 9 4 4 5 5 9 12 7 0 3 3 1 10 5 6 6 8 9 3 
12 7 12 12 7 5 7 9 5 1 5 9 8 5 8 1 2 8 6 2 5 10 3 3 10 9 5 8 5 3 4 6 10 9 3 5 4 4 6 1 3 7 7 6 1 1 0 1 5 2 2 4 2 5 6 5 6 5 2 7 5 4 1 9 7 7 4 6 6 3 4 2 7 0 6 7 7 7 6 4 7 5 5 5 1 6 9 2 8 8 2 4 8 7 4 1 6 3 5 7 4 7 6 2 6 9 10 4 7 4 3 8 6 9 10 3 8 3 5 6 4 9 11 7 1 4 2 2 10 6 6 7 8 9 4 
11 9 11 11 9 4 6 9 7 0 5 8 6 3 7 1 2 7 4 1 3 9 3 2 8 7 5 6 4 1 4 5 9 7 4 3 4 4 6 2 4 6 7 6 1 2 1 0 5 1 1 4 3 4 5 6 5 4 2 6 5 5 3 7 7 6 3 5 7 5 2 1 5 1 6 6 6 7 7 5 6 4 3 4 2 5 8 3 6 8 2 3 6 6 3 1 7 1 3 6 5 5 6 3 7 8 8 4 6 3 2 7 7 9 9 4 6 3 3 6 5 7 10 6 1 4 3 3 8 5 4 6 6 7 4 
9 5 9 9 5 9 6 5 3 5 1 12 8 7 7 6 3 6 9 5 8 7 2 3 12 11 0 11 9 4 1 7 13 11 8 8 0 9 11 3 2 11 2 2 6 6 5 5 0 3 6 9 3 4 10 1 4 10 7 5 2 0 6 12 3 7 8 10 3 4 7 4 10 5 11 5 6 2 3 1 5 4 5 4 7 9 6 3 11 5 3 3 9 8 4 4 2 6 6 11 1 8 2 3 2 5 7 2 11 7 8 12 3 6 7 3 7 1 8 11 3 8 7 11 6 9 3 7 13 10 6 11 9 11 9 
10 7 10 10 7 6 5 7 5 1 3 9 6 4 6 3 0 6 6 1 5 8 1 1 9 8 3 8 5 1 3 4 10 8 5 4 2 6 8 1 2 7 5 4 3 3 2 1 3 0 3 6 2 3 6 4 4 6 4 5 4 3 4 9 5 5 4 7 5 4 3 1 7 2 8 4 5 5 6 3 5 3 3 3 3 6 6 2 7 6 1 2 6 6 2 0 5 3 3 8 3 5 4 2 5 7 7 2 7 3 4 8 6 7 7 3 6 1 4 8 4 7 8 7 3 6 3 4 9 7 4 8 7 8 6 
12 10 12 12 10 3 6 9 8 1 6 7 6 2 7 1 3 8 3 1 2 10 4 3 7 6 6 5 2 2 6 5 7 6 4 2 5 3 5 3 5 4 8 7 2 2 2 1 6 3 0 3 4 5 4 7 6 3 3 7 7 6 3 6 8 6 1 4 8 6 2 2 4 2 4 6 6 8 9 6 7 5 4 4 2 4 8 5 5 9 4 4 6 5 4 2 8 0 3 5 6 5 7 4 8 9 9 5 4 2 1 6 9 10 9 6 7 4 2 5 7 8 11 5 1 3 5 2 7 4 4 5 6 7 3 
15 12 15 15 12 1 9 13 10 4 10 6 9 5 9 3 6 11 3 4 4 13 7 7 7 7 9 4 2 5 9 7 8 7 3 4 9 1 2 6 8 4 11 11 3 3 4 4 9 6 3 0 7 8 4 10 10 0 3 10 9 9 4 5 11 9 3 2 10 8 4 5 5 4 1 9 9 12 11 9 10 8 7 8 3 5 12 7 5 12 6 7 8 8 7 5 11 3 6 2 9 7 10 7 11 12 12 8 3 5 1 5 11 13 13 8 10 7 4 2 9 10 14 4 3 0 7 2 8 2 7 3 8 8 0 
12 5 12 12 5 7 8 8 3 3 4 11 9 6 9 3 1 8 8 4 7 10 1 3 12 11 4 10 7 4 2 7 12 11 5 7 2 6 9 1 1 9 6 5 3 3 2 3 3 2 4 7 0 5 8 3 6 7 3 7 2 3 3 11 7 8 6 8 3 1 6 4 9 2 9 7 8 6 4 2 7 5 6 5 3 8 8 0 10 8 1 4 9 9 5 2 4 5 6 9 2 8 5 0 4 8 9 4 9 6 5 10 4 9 9 1 8 2 7 9 2 9 10 9 3 6 0 4 12 8 7 9 9 11 6 
7 10 7 7 10 7 2 4 7 4 3 9 3 4 3 6 4 3 6 3 5 5 4 2 8 7 3 8 6 2 5 2 8 7 8 5 4 9 10 4 4 8 4 3 6 6 5 4 4 3 5 8 5 0 6 6 1 8 7 2 6 4 7 8 3 2 5 8 8 7 4 2 6 5 9 1 2 5 8 5 1 0 1 0 7 5 3 5 7 4 4 1 4 4 1 4 7 4 2 9 5 4 3 6 6 4 4 2 8 3 6 9 8 4 4 6 2 3 5 10 7 3 5 8 6 8 6 7 8 8 2 9 4 6 8 
13 14 13 13 14 2 7 11 12 5 9 2 5 2 6 5 7 8 0 4 1 11 8 6 3 3 9 1 1 5 9 4 4 2 7 1 9 5 5 7 9 1 10 10 6 6 6 5 10 6 4 4 8 6 0 11 8 3 6 8 11 10 7 2 10 6 2 2 12 10 3 5 1 6 4 7 6 11 13 10 8 6 5 6 6 1 9 9 1 10 7 6 4 4 5 6 12 3 4 3 10 3 10 8 12 10 10 8 1 3 3 2 13 11 10 10 7 8 1 4 11 7 12 1 5 5 9 6 3 1 4 2 4 4 4 
10 3 10 10 3 10 8 7 1 6 3 14 10 8 9 7 3 8 11 6 9 8 2 4 14 13 2 13 10 6 1 8 14 13 8 9 2 10 12 4 2 12 4 3 6 6 5 6 1 4 7 10 3 6 11 0 6 10 7 7 0 1 6 13 5 8 9 11 1 3 8 6 11 6 12 7 8 3 2 0 6 6 7 6 7 10 7 3 12 6 3 5 10 10 6 4 1 8 7 12 1 10 4 3 1 7 9 3 12 8 9 13 1 7 8 2 8 3 9 12 2 9 8 12 7 10 3 7 14 11 8 12 11 12 10 
5 10 5 5 10 9 2 3 8 5 2 10 4 5 3 7 5 1 8 5 6 3 4 3 9 8 3 10 8 4 5 3 9 8 10 6 4 10 12 5 5 9 3 3 7 7 6 5 4 4 6 10 6 1 8 6 0 9 8 0 6 5 8 10 2 2 7 9 8 8 5 4 7 6 11 0 2 4 8 5 0 1 3 2 8 6 2 6 8 2 5 2 5 5 2 5 7 6 3 11 5 5 2 6 6 2 3 2 9 5 8 10 7 3 3 6 2 4 6 11 8 3 4 9 7 10 6 8 9 9 3 10 5 7 9 
15 13 15 15 13 1 9 13 11 4 10 6 9 4 9 3 7 11 2 4 4 13 8 7 7 7 10 3 2 6 9 7 7 6 3 3 9 2 2 6 8 3 11 11 4 4 5 4 10 6 3 0 7 8 3 10 9 0 4 10 10 9 4 5 12 9 2 1 11 8 4 5 5 4 1 9 9 12 12 10 10 8 6 7 3 4 12 7 5 12 7 7 7 7 7 6 11 3 6 2 9 6 10 7 12 12 12 8 3 4 1 4 12 13 12 8 10 8 3 1 9 10 14 4 3 1 8 3 7 2 7 2 8 7 1 
14 9 14 14 9 4 9 11 7 2 7 9 9 5 10 1 4 10 5 4 5 12 5 5 10 9 7 7 5 4 6 7 10 9 1 5 6 2 5 3 5 7 9 8 1 0 2 2 7 4 3 3 3 7 6 7 8 4 0 9 6 6 0 8 10 9 4 5 7 4 5 4 7 1 5 9 9 9 8 6 9 7 6 7 0 7 11 4 8 11 4 6 9 8 6 3 8 3 6 6 6 8 8 3 8 11 11 6 6 5 2 8 8 11 12 5 9 5 5 5 5 10 13 7 1 3 4 0 10 5 7 6 9 10 2 
5 11 5 5 11 9 1 3 8 6 3 10 3 5 2 8 5 1 8 5 6 3 5 4 9 7 4 10 8 4 6 3 9 8 10 6 5 11 12 6 6 9 3 3 8 8 7 6 5 5 7 10 7 2 8 7 0 10 9 0 7 5 9 10 3 2 7 10 9 8 5 4 7 7 11 0 2 5 9 6 0 2 3 2 9 7 1 7 8 2 6 3 5 4 3 6 8 6 3 11 6 5 3 7 7 2 2 3 9 5 8 10 8 2 2 7 1 5 6 11 8 2 3 9 8 10 7 9 9 9 3 10 5 7 10 
11 3 11 11 3 10 8 7 1 5 4 14 10 8 9 6 3 8 10 6 9 9 2 4 14 13 3 12 10 5 1 8 14 13 8 9 2 9 11 3 2 12 5 4 6 6 5 5 2 4 7 9 2 6 11 0 6 10 6 7 0 1 6 13 5 9 9 11 1 2 8 5 11 5 11 7 8 4 2 0 7 6 7 6 6 10 8 2 12 7 3 5 10 10 6 4 1 7 7 12 1 10 4 2 2 8 9 4 12 8 8 13 1 8 9 1 9 3 9 11 1 10 9 12 6 9 2 7 14 11 8 12 11 12 9 
9 5 9 9 5 9 6 6 3 4 2 12 8 7 8 6 2 6 9 5 8 7 1 3 12 11 1 11 9 4 0 7 13 11 8 8 0 9 11 3 1 11 3 2 5 5 4 5 0 3 6 9 3 4 10 1 5 9 6 5 1 0 6 12 4 7 8 10 3 3 7 4 10 5 11 5 7 2 3 0 5 4 6 5 6 9 6 2 11 5 2 4 9 8 5 3 2 6 6 11 0 8 3 3 2 6 7 2 11 7 8 12 3 6 7 2 7 1 8 11 3 8 8 11 6 9 2 7 13 10 6 11 9 11 9 
14 8 14 14 8 5 9 11 6 2 7 10 10 6 10 1 3 10 6 4 6 12 4 5 10 10 7 8 5 4 5 8 11 9 2 5 5 3 5 3 4 7 9 8 1 1 1 3 6 4 3 4 3 7 7 6 8 4 0 9 6 6 0 9 9 9 5 6 6 4 5 4 8 1 6 8 9 9 7 6 9 7 6 7 0 7 10 3 8 10 3 6 9 9 6 3 7 4 6 6 5 8 8 3 8 11 11 6 7 5 3 8 7 11 11 4 9 5 5 6 5 10 12 8 1 3 3 1 11 6 7 7 9 10 3 
14 16 14 14 16 4 8 13 14 7 11 0 7 4 8 7 9 10 2 7 4 12 10 9 2 3 11 1 3 7 12 6 2 2 8 4 11 7 6 9 11 1 12 12 8 8 9 7 12 9 6 5 11 8 2 13 10 5 8 10 13 12 9 0 12 7 4 3 14 12 5 7 2 8 5 9 8 13 15 12 10 8 7 8 8 3 11 11 1 12 10 8 5 5 7 9 14 5 6 3 12 5 12 11 14 12 11 10 1 5 5 0 15 13 12 12 9 10 4 5 13 9 13 1 8 6 11 8 2 2 6 3 5 4 6 
5 8 5 5 8 11 4 1 6 7 2 13 7 8 6 9 5 3 10 7 9 3 5 4 12 11 2 12 10 6 4 6 12 11 11 9 4 12 14 6 5 12 0 1 8 9 7 7 3 5 8 11 7 3 10 5 2 12 10 3 5 4 9 12 0 5 9 12 7 7 8 6 10 8 13 3 5 2 7 5 2 4 5 4 9 9 2 6 11 1 6 4 8 7 5 6 6 8 6 13 5 8 1 7 4 2 4 3 12 7 10 13 6 2 3 6 5 4 9 13 7 5 3 11 9 12 6 10 12 12 6 13 8 10 11 
6 12 6 6 12 8 0 5 10 6 5 7 1 4 0 7 6 2 6 5 5 5 6 4 7 5 6 8 6 4 7 1 7 6 10 5 6 10 11 6 7 7 5 5 8 8 7 6 7 5 6 9 8 2 6 8 2 9 9 2 9 7 9 7 5 0 6 8 10 9 4 4 5 7 10 1 0 7 10 8 2 2 2 2 8 4 3 8 6 5 6 3 2 2 2 6 9 5 2 9 8 2 5 8 9 4 3 4 7 4 7 8 10 5 4 8 1 6 5 10 10 1 5 7 7 9 8 9 7 8 1 9 2 4 9 
12 12 12 12 12 1 6 10 10 3 8 5 6 2 6 3 5 8 1 2 1 10 6 5 5 5 8 3 0 3 7 4 6 4 5 1 7 4 4 5 7 3 9 9 4 4 4 3 8 4 1 3 6 5 2 9 7 2 4 7 9 8 5 4 9 6 0 2 10 8 1 3 3 4 4 7 6 10 11 8 7 5 4 5 4 2 9 6 3 9 5 5 5 4 4 4 10 1 3 3 8 4 8 6 10 10 9 6 2 2 1 4 11 10 10 7 7 6 1 4 9 7 11 3 3 3 7 4 5 2 4 3 5 5 3 
15 14 15 15 14 1 9 13 12 5 10 4 8 4 9 5 7 10 1 5 3 13 9 7 5 5 10 2 1 6 10 6 5 4 5 3 10 3 3 7 9 1 12 11 5 5 6 5 10 7 4 2 8 8 2 11 9 1 5 10 11 10 6 3 12 8 2 0 12 10 4 6 3 6 1 9 8 12 13 11 10 8 6 7 5 3 11 9 3 12 8 8 6 6 7 7 12 3 6 1 10 5 11 8 12 12 12 9 1 4 2 2 13 13 12 10 9 8 3 2 11 9 14 2 5 3 9 5 5 0 6 0 7 6 3 
12 2 12 12 2 11 10 9 0 6 5 15 12 10 11 7 5 10 12 7 10 10 4 6 15 14 4 14 11 7 3 10 15 14 8 10 3 10 12 5 3 13 6 5 7 7 6 7 3 5 8 10 3 8 12 1 8 11 7 9 1 3 6 14 7 10 10 12 0 2 9 7 13 6 12 9 10 5 0 2 8 8 9 8 7 12 9 3 13 8 4 7 12 12 8 5 1 9 9 13 2 11 6 3 2 9 11 5 13 9 9 14 1 9 10 2 10 4 10 13 1 11 10 13 7 10 3 8 15 12 10 13 12 14 10 
13 4 13 13 4 8 9 9 2 4 5 13 10 8 10 4 3 10 9 5 8 11 3 4 13 12 4 11 8 5 2 9 14 12 5 8 3 7 9 3 2 11 7 6 4 4 3 5 4 4 6 8 1 7 10 3 8 8 4 8 2 3 4 12 7 9 8 10 2 0 7 5 10 4 10 8 9 6 3 3 8 7 7 7 4 10 9 1 11 9 2 6 11 10 7 3 3 6 7 10 2 10 6 1 4 9 11 5 10 8 7 12 3 10 11 1 10 3 8 10 1 11 11 11 4 7 1 5 13 10 8 10 11 12 7 
11 11 11 11 11 3 5 9 9 2 6 5 4 0 5 3 4 6 2 1 1 9 5 3 6 5 6 4 2 2 6 3 6 5 6 1 6 5 6 4 6 4 7 7 4 4 4 2 7 3 2 4 6 4 3 8 5 4 5 5 8 7 5 5 8 4 1 4 9 7 0 2 3 3 5 5 4 8 10 7 6 4 2 3 4 2 7 6 4 8 4 3 4 3 3 4 9 1 2 5 7 2 7 6 9 8 8 5 4 0 3 5 10 8 8 7 5 5 1 5 8 6 9 4 3 5 6 4 6 4 2 5 4 5 4 
10 9 10 10 9 5 4 7 7 1 4 8 5 2 5 3 2 5 5 0 3 8 3 1 8 7 4 7 4 0 4 3 8 7 6 3 4 6 7 2 3 6 5 5 3 3 2 1 4 1 2 5 4 2 5 6 4 5 4 4 5 4 4 7 6 4 3 6 7 5 2 0 5 2 7 4 4 6 7 5 4 2 2 2 4 4 6 4 6 6 2 2 5 4 2 2 7 2 2 7 4 4 5 4 7 7 7 3 6 2 4 7 7 7 7 5 5 2 3 7 6 6 8 6 3 5 4 4 8 6 3 7 5 7 5 
12 14 12 12 14 4 6 11 12 6 9 2 5 2 6 6 8 8 2 5 2 10 9 7 2 2 9 2 2 5 10 4 3 1 8 2 9 7 6 8 9 2 10 10 7 7 7 5 10 7 4 5 9 6 1 11 7 5 7 7 11 10 8 2 10 5 3 3 13 10 3 5 0 7 5 7 5 11 13 10 8 6 4 6 7 0 9 9 0 10 8 6 3 3 5 7 12 4 4 4 10 2 9 9 12 10 9 8 2 3 4 2 13 10 9 10 6 8 2 5 11 6 11 1 6 6 9 7 2 3 4 3 3 2 6 
12 8 12 12 8 4 7 9 6 1 6 9 8 4 8 1 2 8 5 2 4 10 3 3 9 8 5 7 4 2 4 6 10 8 3 4 4 4 6 1 3 7 7 7 0 1 0 1 5 2 2 4 2 5 6 6 6 4 1 7 5 5 1 8 8 7 4 6 6 4 3 2 7 0 6 7 7 7 7 5 7 5 5 5 1 6 9 3 7 9 2 4 7 7 4 1 6 2 4 6 4 6 6 2 7 9 9 4 6 4 3 8 7 9 10 4 8 3 4 6 5 9 11 7 1 4 3 2 9 6 5 6 8 9 4 
16 14 16 16 14 2 10 14 12 6 11 5 10 6 10 5 8 12 3 6 5 14 9 8 7 7 11 3 3 7 10 8 7 6 4 5 10 2 1 8 10 3 13 12 5 5 6 6 11 8 4 1 9 9 4 12 11 1 5 11 11 11 6 5 13 10 4 1 12 10 5 7 5 6 0 11 10 13 13 11 11 9 8 9 5 5 13 9 5 13 8 9 8 8 8 7 13 5 8 1 11 7 12 8 13 14 13 10 3 6 3 4 13 14 14 10 11 9 5 0 11 11 15 4 5 2 9 4 7 2 8 1 8 8 2 
5 11 5 5 11 9 1 3 8 6 3 9 3 5 2 7 5 1 7 5 6 3 5 3 9 7 4 9 7 4 6 2 9 8 10 6 5 10 11 6 6 9 3 4 7 8 7 6 5 4 6 9 7 1 7 7 0 9 9 0 7 5 8 9 3 1 7 9 9 8 5 4 7 7 11 0 1 5 9 6 0 1 2 1 8 6 2 7 7 3 5 2 4 4 2 5 8 6 3 10 6 4 3 7 7 3 2 3 9 4 8 9 8 3 3 7 1 4 6 11 8 2 4 8 7 10 7 9 9 9 3 10 4 6 9 
6 12 6 6 12 8 0 5 10 6 5 8 1 4 1 7 6 2 6 5 5 4 6 4 7 5 6 8 6 4 7 1 7 6 10 5 6 10 11 6 7 7 5 5 7 8 7 6 6 5 6 9 8 2 6 8 2 9 9 2 8 7 9 8 5 0 6 8 10 9 4 4 5 7 10 1 0 7 10 8 2 2 2 2 8 5 3 8 6 4 6 3 2 2 2 6 9 5 2 9 7 3 5 8 9 4 3 4 8 4 7 8 10 5 4 8 1 6 5 10 9 1 5 7 7 9 8 9 7 8 1 9 2 5 9 
7 6 7 7 6 11 6 4 4 7 2 14 8 9 8 8 5 5 11 7 10 5 4 5 14 12 2 13 11 6 3 7 14 13 11 9 3 12 14 5 4 13 1 1 8 8 7 7 2 5 8 12 6 5 11 3 4 12 9 5 4 2 9 13 2 7 10 12 5 6 8 6 11 7 13 5 7 0 4 3 4 5 7 5 9 10 5 5 12 3 5 5 9 9 6 6 3 8 7 13 3 9 1 6 2 4 6 3 13 8 10 14 4 4 6 5 7 4 9 13 5 7 5 12 8 12 5 9 14 12 7 13 10 12 11 
12 1 12 12 1 12 10 8 0 7 5 16 12 10 11 8 5 10 12 8 11 10 4 6 16 15 4 14 12 8 3 10 16 15 9 11 4 11 13 5 4 14 6 5 7 7 6 7 3 6 9 11 4 8 13 2 8 12 8 9 2 3 7 15 7 10 11 13 0 3 10 7 13 7 13 9 10 4 0 2 9 8 9 8 8 12 9 4 14 8 5 7 12 12 8 6 1 9 9 14 3 12 6 4 2 9 11 6 14 10 10 15 0 9 10 3 10 5 11 13 2 12 10 14 8 11 4 8 16 13 10 14 13 14 11 
10 4 10 10 4 9 7 6 2 5 3 13 9 8 9 6 3 7 10 5 8 8 1 3 13 12 2 12 9 5 0 8 13 12 8 8 1 9 11 3 1 11 4 3 5 6 4 5 1 3 6 9 2 5 10 0 5 10 6 6 0 0 6 12 5 8 8 11 2 3 7 5 10 5 11 6 8 3 2 0 6 5 6 5 6 9 7 2 11 6 2 4 10 9 5 3 1 7 6 12 0 9 3 3 1 7 8 3 11 7 8 12 2 7 8 1 8 2 8 11 2 9 8 11 6 9 2 7 13 11 7 11 10 12 9 
5 10 5 5 10 9 1 3 8 6 3 10 4 5 3 8 5 1 8 5 6 3 5 4 9 8 4 10 8 4 5 3 9 8 10 6 5 11 12 6 6 9 3 3 8 8 7 6 5 5 7 10 7 1 8 6 0 10 9 0 7 5 9 10 2 2 7 10 8 8 6 4 8 7 11 0 2 4 9 6 0 2 3 2 8 7 1 7 8 2 6 2 5 5 3 6 7 6 3 11 6 5 3 7 7 2 2 3 10 5 8 10 8 2 2 7 2 4 6 11 8 3 3 9 8 10 7 9 9 9 3 11 5 7 10 
7 10 7 7 10 7 2 5 7 4 3 9 3 3 3 6 3 3 6 3 5 5 4 2 8 7 3 8 6 2 4 2 8 7 8 4 4 9 10 4 4 8 4 3 6 6 5 4 4 3 5 8 5 0 6 6 1 8 7 2 6 4 7 8 4 2 5 8 8 7 4 2 6 5 9 1 2 5 8 5 2 0 1 0 6 5 3 5 7 4 4 1 4 4 0 4 7 4 1 9 5 4 3 5 6 4 4 2 8 3 6 8 7 4 4 6 2 3 5 9 7 3 6 7 6 8 5 7 8 8 2 9 4 6 8 
8 11 8 8 11 6 2 6 8 3 4 7 3 2 3 5 4 4 5 2 3 6 5 2 7 5 5 6 5 2 6 1 7 6 8 3 5 7 9 4 5 6 5 5 5 5 5 3 5 3 4 7 6 1 5 7 3 6 6 3 7 6 6 7 5 2 4 6 9 7 2 2 4 5 8 2 2 7 9 6 3 1 0 1 6 3 5 6 5 5 4 2 3 2 0 4 8 3 0 7 6 2 5 6 8 5 5 3 6 2 5 7 9 6 5 7 3 4 3 8 8 4 7 6 5 7 6 6 7 6 0 7 3 5 7 
7 10 7 7 10 7 2 5 8 4 3 8 3 3 3 6 4 3 6 3 4 5 4 2 8 6 4 8 6 2 5 2 8 7 8 4 4 8 10 4 5 7 4 4 6 6 5 4 4 3 4 8 5 0 6 6 2 7 7 2 6 5 7 8 4 2 5 7 8 7 3 2 6 5 9 1 2 5 8 5 2 0 1 0 6 5 4 5 6 4 4 1 4 3 0 4 7 4 1 9 5 3 3 6 7 4 4 2 7 3 6 8 8 5 4 6 2 3 4 9 7 3 6 7 6 8 6 7 8 7 1 8 4 6 8 
14 9 14 14 9 4 8 11 7 2 7 9 9 5 9 0 4 10 5 3 5 12 4 4 9 9 7 7 4 4 5 7 10 8 1 5 6 2 5 3 5 6 9 8 0 0 1 2 7 3 2 3 3 7 6 7 8 3 0 9 6 6 0 8 9 8 4 5 7 4 4 4 7 1 5 8 8 9 8 6 8 6 6 6 0 6 10 4 7 10 3 5 8 8 6 3 7 3 6 6 5 7 8 3 8 11 11 6 6 5 2 7 8 11 11 5 9 5 5 5 5 10 12 7 0 3 4 0 10 5 6 6 8 9 2 
11 14 11 11 14 3 5 10 11 5 8 3 4 1 5 5 7 7 2 4 1 9 8 6 3 2 8 3 2 4 9 3 3 2 7 1 8 6 6 7 8 2 9 9 6 6 6 5 9 6 4 5 8 5 1 10 6 4 7 7 10 9 7 3 9 4 2 3 12 10 2 4 0 6 5 6 5 10 12 9 7 5 3 5 6 0 8 8 1 9 7 5 3 2 4 6 11 3 3 4 9 2 8 8 11 9 8 7 3 2 4 3 12 9 9 9 6 7 1 5 10 6 10 2 6 5 8 6 3 3 3 4 3 3 5 
3 11 3 3 11 11 2 2 9 8 4 11 4 7 3 9 7 1 10 7 8 1 6 5 10 9 5 11 10 6 7 5 10 10 12 8 6 12 14 7 7 11 3 4 9 10 9 8 6 6 8 12 8 3 9 7 2 12 11 1 8 6 10 11 2 3 9 11 9 9 7 6 9 9 13 2 3 5 9 7 1 3 5 4 10 8 0 8 9 1 7 4 6 6 4 7 8 8 5 12 7 6 3 8 7 1 1 4 11 7 10 11 9 1 1 8 2 6 8 13 9 3 2 10 9 12 8 11 10 11 5 12 6 8 12 
12 5 12 12 5 7 8 8 3 3 4 12 9 6 9 4 1 8 8 4 7 9 1 3 12 11 3 10 7 4 2 7 12 11 5 7 2 7 9 1 1 10 6 5 3 3 2 3 3 2 5 7 0 5 9 3 6 7 4 7 2 2 3 11 6 8 6 9 3 1 6 4 9 3 9 7 8 5 4 2 7 5 6 5 4 8 8 0 10 8 1 4 9 9 5 2 3 5 6 9 1 8 5 0 4 8 9 3 9 6 6 11 4 9 9 1 8 2 7 9 2 9 10 10 3 7 0 4 12 9 7 9 9 11 6 
12 15 12 12 15 4 7 11 13 6 10 1 5 3 6 7 8 8 2 5 2 11 9 7 2 2 10 2 3 6 10 4 2 1 8 2 10 7 6 8 10 2 11 11 7 7 8 6 11 7 5 5 10 7 1 12 8 5 8 8 12 11 8 1 11 6 3 3 13 11 4 6 0 7 5 7 6 12 14 11 8 7 5 6 7 1 9 10 0 11 9 7 3 3 6 8 13 4 5 4 11 3 10 10 13 10 9 9 2 3 5 2 14 11 10 11 7 9 2 5 12 7 12 1 7 6 10 7 2 3 4 3 3 2 6 
4 10 4 4 10 11 4 0 8 8 3 12 6 8 5 10 6 2 11 7 9 1 6 5 12 10 4 12 10 6 6 6 12 11 12 9 5 13 14 7 6 12 2 2 9 10 8 8 5 6 9 12 8 4 10 6 2 12 11 2 7 5 10 12 1 5 9 12 8 9 8 6 10 9 13 3 4 3 8 6 2 4 5 4 10 9 1 8 11 0 7 4 7 7 5 7 7 8 6 13 6 7 2 8 6 0 2 4 12 8 10 13 7 1 2 8 4 5 9 14 8 4 2 11 9 12 8 11 12 12 6 13 7 9 12 
11 6 11 11 6 7 6 7 4 2 3 10 8 5 7 3 0 7 7 3 6 8 1 2 11 9 3 9 6 2 2 6 11 9 5 6 2 6 8 0 1 8 5 4 3 3 2 2 3 1 4 6 1 4 7 3 5 7 4 6 3 2 3 10 6 6 5 8 4 2 4 2 8 2 8 5 6 5 5 2 6 4 4 4 3 7 7 1 9 7 0 3 8 7 4 1 4 4 4 9 2 7 4 1 4 7 8 2 8 5 5 10 5 8 8 2 7 1 6 8 3 8 9 9 3 6 1 4 11 8 5 9 8 9 6 
8 9 8 8 9 7 3 5 6 3 2 9 4 3 4 5 2 4 6 2 4 6 3 1 9 7 3 8 6 1 4 3 9 8 7 4 3 8 9 3 3 8 4 3 5 5 4 3 3 2 4 7 4 1 6 5 2 7 6 3 5 4 6 8 4 3 5 8 7 6 3 2 6 4 9 2 3 5 7 4 2 1 2 1 5 5 4 4 7 4 3 0 5 4 1 3 6 4 2 9 4 4 3 4 6 5 5 1 8 3 6 9 7 5 5 5 3 2 4 9 6 5 6 7 5 7 4 6 9 7 2 8 5 7 7 
8 14 8 8 14 7 3 8 12 6 7 5 1 3 2 8 7 5 5 5 3 7 8 6 4 2 8 6 5 5 9 1 4 3 10 4 8 9 9 7 8 5 8 8 8 8 8 6 9 6 6 8 9 4 4 10 5 7 9 5 10 9 9 5 8 2 5 6 12 11 4 5 3 7 8 4 2 9 12 10 5 4 3 4 8 3 6 9 3 7 8 5 0 0 4 7 11 5 3 8 9 1 7 9 11 7 5 6 6 3 7 6 12 7 6 10 3 7 4 9 11 3 8 5 8 8 9 9 4 6 2 7 0 2 8 
8 14 8 8 14 6 3 8 11 6 7 5 1 3 2 7 7 4 5 5 3 7 7 5 4 3 7 6 5 4 8 1 4 3 9 3 8 9 9 7 8 5 8 8 7 8 7 6 8 6 5 8 9 4 4 10 5 7 8 4 10 8 9 5 7 2 4 6 12 10 3 4 3 7 8 4 2 9 12 9 5 4 2 3 8 2 6 9 3 7 7 4 0 0 3 7 11 5 2 7 9 0 7 9 11 7 5 6 5 3 6 6 12 7 6 9 3 7 3 8 11 3 8 5 7 8 9 8 4 6 1 7 0 2 8 
8 10 8 8 10 6 2 5 8 3 3 8 3 3 3 5 3 4 5 2 4 6 4 2 8 6 4 7 5 1 5 2 8 6 8 4 4 8 9 4 4 7 5 4 5 5 4 3 4 2 4 7 5 1 5 6 2 7 6 3 6 5 6 7 5 2 4 7 8 7 3 2 5 4 8 2 2 6 8 5 3 0 0 0 6 4 4 5 6 5 4 1 4 3 0 3 7 3 1 8 5 3 4 5 7 5 5 2 7 2 5 8 8 5 5 6 3 3 4 8 7 4 6 6 5 7 5 6 8 7 1 8 4 6 7 
11 7 11 11 7 6 6 8 5 1 4 9 7 4 7 2 0 7 6 2 5 9 2 1 10 9 4 8 5 2 3 5 10 9 5 5 3 5 7 0 2 7 6 5 2 2 1 1 4 0 2 5 2 4 6 4 5 6 3 6 4 3 3 9 6 6 4 7 5 3 4 2 7 1 7 5 6 6 6 3 6 4 4 4 3 6 7 2 8 7 1 3 7 7 3 0 5 3 4 8 3 6 5 2 5 8 8 3 7 4 4 9 6 8 8 3 7 2 5 7 4 8 9 8 2 5 2 3 10 7 5 8 7 9 5 
11 2 11 11 2 11 9 7 1 6 4 15 11 9 10 7 4 9 11 7 10 9 3 5 15 14 3 14 11 7 2 9 15 14 9 10 3 10 13 4 3 13 5 4 7 7 6 7 2 5 8 11 4 7 12 1 7 11 8 8 1 2 7 14 6 9 10 12 1 3 9 7 12 6 13 8 9 3 1 1 7 7 8 7 7 11 8 3 13 7 4 6 11 11 7 5 0 8 8 13 2 11 5 4 1 8 10 4 13 9 9 14 0 8 9 2 9 4 10 13 2 10 9 13 7 11 3 8 15 12 9 13 12 13 10 
12 10 12 12 10 3 6 9 8 2 6 6 6 1 6 2 4 7 2 1 2 9 5 3 7 6 6 5 2 2 6 4 7 5 4 1 6 4 5 3 5 4 8 7 2 3 3 1 6 3 0 3 5 4 3 8 6 3 3 6 7 6 4 5 8 5 1 3 9 6 1 2 4 2 5 6 5 8 9 7 6 4 3 4 3 3 8 5 4 8 4 4 5 5 3 3 8 0 3 5 6 4 7 5 9 9 8 5 4 1 2 5 9 9 9 6 6 5 1 5 7 7 10 4 2 3 5 3 7 3 3 4 5 6 3 
8 11 8 8 11 5 2 6 8 3 5 7 3 2 3 5 4 4 4 2 3 6 5 2 6 5 5 6 4 2 6 1 7 5 7 3 5 7 8 4 5 6 6 5 5 5 5 3 6 3 3 6 6 2 4 7 3 6 6 3 7 6 6 6 6 2 3 6 9 7 2 2 4 4 8 3 2 7 9 6 3 1 0 1 6 3 5 6 5 6 4 2 3 2 1 4 8 3 0 7 6 2 5 6 8 6 5 3 6 1 5 7 9 6 6 7 3 4 3 8 8 4 7 5 5 7 6 6 7 6 0 7 3 5 6 
16 15 16 16 15 2 10 14 13 6 11 4 9 5 10 5 8 12 2 6 4 14 10 8 6 6 11 2 2 7 11 8 6 5 5 4 11 3 2 8 10 2 13 12 6 6 7 6 11 8 5 2 9 9 3 12 11 2 6 11 12 11 6 3 13 9 3 1 13 10 5 7 4 6 1 10 9 13 14 12 11 9 7 9 6 4 12 9 4 13 9 9 8 7 8 8 13 5 7 0 11 6 12 9 13 13 13 10 2 5 3 3 14 14 13 10 10 9 4 1 11 11 15 3 6 3 10 5 6 1 7 0 8 7 3 
10 4 10 10 4 9 7 7 2 4 3 13 9 7 8 5 2 7 9 5 8 8 1 3 13 11 2 11 9 4 0 7 13 12 7 8 1 8 11 2 1 11 4 3 5 5 4 5 1 3 6 9 2 5 10 1 5 9 6 6 1 0 5 12 5 8 8 10 2 2 7 4 10 4 11 6 7 3 3 0 6 5 6 5 5 9 7 1 11 6 2 4 9 9 5 3 2 6 6 11 0 9 4 2 2 7 8 3 11 7 7 12 2 7 8 1 8 2 8 11 2 9 9 11 5 9 1 6 13 10 7 11 10 11 8 
9 13 9 9 13 5 3 8 11 5 7 5 2 2 3 6 6 5 4 4 2 7 7 5 4 2 7 5 4 4 8 1 4 3 9 2 7 8 8 7 8 4 8 8 7 7 7 5 8 5 5 7 8 4 3 10 5 6 8 5 10 8 8 5 8 2 4 5 11 10 2 4 2 6 7 4 3 9 12 9 5 4 2 3 7 2 6 8 3 7 7 4 1 0 3 6 11 4 2 6 9 0 7 8 10 7 6 6 5 2 5 5 11 8 7 9 3 7 2 7 10 4 8 4 6 7 8 7 4 5 1 6 1 2 7 
6 7 6 6 7 10 4 3 5 6 0 12 6 7 6 7 4 4 9 6 8 4 3 3 12 10 1 11 9 5 3 6 12 11 10 8 2 11 12 5 4 11 0 0 7 7 6 6 2 4 7 10 5 3 10 4 2 10 8 3 4 3 8 12 1 5 8 11 6 6 7 5 9 6 12 3 5 1 6 3 3 3 5 3 8 8 3 5 10 2 4 3 7 7 4 5 5 7 5 12 4 7 0 5 4 3 5 2 11 7 9 12 5 3 4 5 5 3 8 12 6 6 4 11 7 10 5 9 12 11 5 12 8 10 10 
12 5 12 12 5 7 8 9 3 3 5 11 9 6 9 3 1 8 8 4 7 10 2 3 12 11 4 10 7 4 2 7 12 11 5 7 3 6 8 1 1 9 6 5 3 3 2 3 3 2 4 7 0 6 8 3 6 7 3 7 2 3 3 11 7 8 6 8 3 1 6 4 9 2 8 7 8 6 4 3 7 5 6 6 3 8 8 0 10 8 1 4 9 9 5 2 4 5 6 9 2 8 5 0 4 9 10 4 9 6 5 10 4 9 10 1 8 2 7 9 2 9 10 9 3 6 0 4 12 8 7 9 9 11 6 
10 3 10 10 3 11 8 6 2 7 3 15 10 9 10 8 4 8 12 7 10 8 3 5 15 13 3 14 11 7 2 9 15 14 10 10 3 11 13 5 3 13 4 3 7 7 6 7 2 5 8 11 4 6 12 1 6 12 8 7 2 2 8 14 4 9 10 12 2 4 9 7 12 7 13 7 9 2 2 1 7 6 8 7 8 11 7 4 13 6 4 6 11 11 7 5 1 9 8 13 2 10 4 4 0 7 9 4 13 9 10 14 1 7 8 3 9 4 10 13 3 10 8 13 8 11 4 9 15 12 9 13 11 13 11 
3 11 3 3 11 12 4 0 9 8 4 12 6 8 4 10 7 2 11 7 9 1 6 6 12 10 4 12 11 6 6 6 12 11 12 9 6 13 14 7 7 12 2 3 10 10 9 8 5 7 9 12 8 4 10 7 2 12 11 2 8 6 11 12 2 4 10 12 9 9 8 7 10 9 14 3 4 4 9 7 2 4 5 4 11 9 1 8 10 0 7 5 7 7 5 8 8 9 6 13 7 7 3 9 7 0 2 4 12 8 11 13 8 0 1 8 3 6 9 14 9 4 1 11 10 13 8 11 12 12 6 13 7 9 12 
3 12 3 3 12 11 2 3 10 8 5 11 4 7 3 10 8 1 10 8 8 1 8 6 10 8 6 11 10 7 8 5 10 9 13 8 7 13 14 8 8 11 4 5 10 10 10 8 7 7 9 12 9 4 10 9 3 12 11 2 9 7 11 11 4 3 9 12 11 11 8 7 9 9 13 2 3 6 11 8 2 4 5 4 11 8 1 9 9 2 8 5 5 5 5 8 10 8 5 13 8 6 5 10 9 2 0 5 11 7 11 11 10 2 0 10 2 7 8 13 11 2 2 10 10 12 10 11 10 11 5 12 6 8 12 
8 7 8 8 7 8 4 5 5 4 1 10 6 5 5 5 2 4 8 3 6 6 2 1 10 9 1 10 7 2 2 4 10 9 8 6 1 9 10 3 2 9 3 2 5 5 4 4 2 2 5 8 4 2 8 3 2 8 6 3 4 2 6 10 3 4 6 9 5 5 5 3 8 4 10 3 4 3 6 3 3 2 3 2 6 7 4 3 9 4 2 1 6 6 2 3 4 5 3 10 3 6 2 4 4 4 5 0 9 5 7 10 5 5 5 4 5 1 6 10 5 6 6 9 5 8 4 6 10 9 4 10 7 8 8 
14 15 14 14 15 2 8 13 13 6 10 2 7 4 8 6 8 10 1 5 3 12 9 8 4 4 11 0 2 6 10 6 4 3 6 3 10 5 4 8 10 0 12 11 6 6 7 6 11 7 4 3 9 8 1 12 9 3 6 9 12 11 7 1 12 7 2 1 13 10 4 6 2 6 3 9 8 13 14 11 10 8 6 7 6 3 11 9 2 12 8 8 6 5 7 7 13 4 6 2 11 5 11 9 13 12 11 9 0 4 3 1 14 12 12 10 9 9 3 3 11 9 13 1 6 4 10 6 4 0 6 1 6 5 4 
10 11 10 10 11 4 4 8 9 3 6 5 4 0 4 4 4 6 3 2 1 8 5 3 5 4 6 4 2 2 7 2 6 4 6 1 6 6 6 4 6 4 7 7 4 4 4 3 7 3 2 5 6 3 3 8 5 4 5 5 8 7 5 5 7 4 2 4 9 8 0 2 3 4 6 4 4 8 10 7 5 3 2 3 5 2 7 6 3 8 5 3 3 3 2 4 9 1 1 5 7 2 7 6 9 8 7 5 4 0 3 5 10 8 8 7 5 5 1 6 8 5 9 4 4 5 6 5 5 4 2 5 3 4 5 
14 11 14 14 11 1 8 11 9 3 8 6 8 3 8 2 5 9 2 3 3 11 6 5 7 7 8 4 2 4 7 6 7 6 3 3 7 2 3 5 6 4 10 9 2 2 3 2 8 4 1 1 5 6 3 9 8 1 2 8 8 8 3 5 10 7 1 2 9 7 3 4 4 3 3 8 7 10 10 8 8 6 5 6 2 4 10 6 5 10 5 6 7 6 5 4 9 2 5 3 7 5 9 5 10 11 11 7 3 3 0 5 10 11 11 7 8 6 3 3 8 9 12 4 2 1 6 2 7 3 5 3 7 7 1 
15 16 15 15 16 3 9 13 14 7 11 1 7 5 8 7 9 10 2 6 4 13 10 9 3 3 12 0 3 7 12 6 3 2 8 4 11 6 5 9 11 1 13 12 8 8 8 7 12 8 6 5 10 9 2 13 10 4 8 10 13 12 8 0 13 8 4 2 14 12 5 7 2 8 4 9 8 14 15 12 10 8 7 8 7 3 11 11 2 13 10 9 6 6 8 9 14 5 7 3 12 5 12 10 14 13 11 10 1 5 5 0 15 13 12 12 9 10 4 4 13 9 14 1 7 5 11 7 3 2 6 2 6 4 5 
11 2 11 11 2 12 10 8 1 7 5 15 11 10 11 8 5 9 12 8 11 9 4 6 16 14 4 14 11 7 3 10 16 14 9 11 3 11 13 5 3 14 5 5 7 7 6 7 3 6 9 11 4 8 13 1 7 12 8 8 1 3 7 15 6 10 11 13 1 3 10 7 13 7 13 8 10 4 0 2 8 7 9 8 8 12 9 4 14 7 5 7 12 12 8 6 0 9 9 14 2 11 5 4 1 8 10 5 14 10 10 15 0 9 10 3 10 4 11 13 2 11 10 14 8 11 4 9 16 13 10 14 12 14 11 
3 11 3 3 11 12 4 0 9 9 4 13 6 8 5 10 7 2 11 8 9 0 7 6 12 10 5 13 11 7 7 6 12 11 13 9 6 13 15 8 7 12 3 3 10 10 9 9 6 7 10 13 9 4 11 7 3 13 11 2 8 6 11 13 2 5 10 13 9 10 8 7 10 9 14 3 5 4 9 7 2 4 6 5 11 9 1 9 11 1 8 5 7 7 5 8 8 9 6 14 7 8 3 9 7 0 2 5 12 8 11 13 9 0 1 9 4 6 9 14 10 4 1 12 10 13 9 12 12 12 6 13 7 9 13 
2 12 2 2 12 12 3 2 10 9 5 12 5 8 4 10 8 1 10 8 9 0 8 6 11 9 6 12 10 7 8 5 11 10 13 9 7 13 14 8 8 12 4 4 10 11 10 9 7 7 9 13 9 4 10 8 3 12 12 2 9 7 11 12 3 4 10 12 10 11 8 7 9 10 14 3 4 6 10 8 2 4 5 4 11 9 1 9 10 2 8 5 6 6 5 8 9 9 6 13 8 7 4 10 8 1 0 5 12 8 11 12 10 1 0 9 3 7 9 14 10 3 1 11 10 13 9 12 11 12 5 13 6 8 13 
12 4 12 12 4 8 8 8 2 4 4 12 10 7 9 5 2 8 9 5 8 9 2 4 13 12 3 11 8 5 1 8 13 12 6 8 2 8 10 2 1 11 6 5 4 4 3 4 3 3 6 8 1 6 10 2 6 8 5 7 1 2 4 12 6 8 7 10 2 1 7 5 10 4 10 7 8 5 3 1 7 6 7 6 5 9 8 1 11 8 2 5 10 9 6 3 2 6 7 10 1 9 5 1 3 8 10 4 10 7 7 12 3 9 9 0 9 2 8 10 1 10 10 11 4 8 0 5 13 10 7 10 10 12 7 
5 12 5 5 12 9 0 4 10 6 5 8 2 5 1 8 6 1 7 5 6 3 7 5 8 6 6 9 7 5 7 2 8 7 11 6 6 11 12 7 7 8 5 5 8 9 8 6 7 6 7 10 8 2 7 8 2 10 9 1 9 7 9 9 5 1 7 9 10 10 5 5 6 8 11 1 1 7 10 8 2 2 3 2 9 6 2 8 7 4 7 3 3 3 3 7 9 6 3 10 8 3 5 8 9 3 2 5 9 5 8 9 10 4 3 9 0 6 6 11 10 1 4 8 8 10 8 9 8 9 2 10 3 5 10 
9 6 9 9 6 7 5 6 4 3 2 11 7 5 7 4 1 6 7 3 6 7 0 1 11 9 1 10 7 2 1 5 11 10 7 6 1 8 10 1 1 9 4 3 4 4 3 3 1 1 4 7 2 3 8 3 4 8 5 5 3 1 5 10 4 6 6 8 4 3 5 2 8 3 9 4 6 4 5 2 4 3 4 3 5 7 6 2 9 5 1 2 7 7 3 2 4 5 4 9 2 7 3 2 4 6 7 1 9 5 6 10 4 6 7 2 6 0 6 9 3 7 8 9 4 7 2 5 11 8 5 9 8 9 7 
11 12 11 11 12 3 5 10 10 3 7 4 5 1 5 4 5 7 1 2 0 9 6 4 5 4 7 3 1 3 7 3 5 4 6 0 7 5 5 5 7 3 9 8 4 4 5 3 8 4 2 4 7 5 1 9 6 3 5 6 9 8 5 4 9 5 1 3 10 8 1 3 2 4 5 6 5 9 11 8 6 5 3 4 5 1 8 7 2 9 6 4 4 3 4 5 10 1 3 4 8 2 8 7 10 9 8 6 3 1 3 4 11 9 9 8 6 6 0 5 9 6 10 3 4 4 7 5 5 3 3 4 4 4 4 
17 14 17 17 14 2 11 14 12 6 11 6 10 6 11 5 8 12 3 6 5 15 9 8 7 7 11 3 3 7 11 8 7 6 4 5 10 2 0 8 10 3 13 12 5 5 6 6 11 8 5 2 9 10 4 12 11 1 5 11 11 11 6 5 13 10 4 2 13 10 5 7 5 6 0 11 10 13 13 11 11 9 8 9 5 5 13 9 5 14 8 9 9 8 8 7 13 5 8 1 11 7 12 9 13 14 13 10 3 6 3 4 13 14 14 10 11 9 5 0 11 12 15 4 5 2 9 4 7 2 8 2 9 8 2 
13 3 13 13 3 9 9 9 1 5 5 14 11 9 10 5 3 10 10 6 9 10 3 5 14 13 4 12 9 6 2 9 14 13 7 9 3 8 11 3 2 12 6 6 5 5 4 5 3 4 7 9 2 7 11 2 8 9 5 8 1 3 5 13 7 10 9 11 1 1 8 6 11 5 11 8 9 5 2 2 8 7 8 7 5 10 9 2 12 8 3 6 11 11 7 4 2 7 8 11 2 10 6 2 3 9 11 5 11 8 8 13 2 10 10 1 10 3 9 11 0 11 11 12 5 9 1 6 14 11 9 11 11 13 8 
5 13 5 5 13 9 1 5 11 7 6 8 1 5 0 9 7 2 8 6 6 4 8 6 7 6 7 9 8 6 8 3 7 7 12 6 7 11 12 8 8 9 6 6 9 9 9 7 8 7 8 10 9 3 7 9 3 10 10 2 10 8 10 9 5 1 7 9 11 11 6 6 6 9 11 2 1 7 12 9 3 3 4 3 10 6 3 9 7 4 8 5 3 3 4 8 10 7 4 11 9 4 6 9 10 4 2 6 9 5 9 9 11 4 3 10 1 7 6 12 11 0 5 8 9 11 9 10 7 9 3 10 3 5 11 
1 12 1 1 12 13 5 1 10 10 5 13 6 9 5 12 9 3 12 9 10 0 8 7 13 11 6 14 12 8 8 7 13 12 14 10 7 15 16 9 8 13 4 5 11 12 11 10 7 8 11 14 10 5 12 8 4 14 13 3 9 8 12 13 3 5 11 14 10 11 9 8 11 11 15 4 5 5 10 8 3 6 7 6 12 10 2 10 12 2 9 6 8 8 6 9 9 10 7 15 9 8 4 10 8 1 2 6 13 9 12 14 10 1 1 10 4 8 10 15 11 5 0 13 12 14 10 13 13 13 7 14 8 10 14 
14 15 14 14 15 3 8 12 13 6 10 1 6 3 7 6 8 9 1 5 2 12 9 8 3 3 10 0 2 6 11 5 3 2 7 3 10 6 5 8 10 0 11 11 7 7 7 6 11 7 5 4 9 8 1 12 9 4 7 9 12 11 8 1 11 7 3 2 13 11 4 6 1 7 4 8 7 12 14 11 9 7 6 7 7 2 10 10 1 11 9 7 5 5 6 8 13 4 5 3 11 4 11 9 13 11 10 9 1 4 4 1 14 12 11 11 8 9 3 4 12 8 13 0 6 5 10 7 3 1 5 2 5 4 5 
13 9 13 13 9 4 8 10 7 1 7 8 8 4 8 0 3 9 5 2 4 11 4 4 9 8 6 6 4 3 5 6 9 8 2 4 5 3 5 3 4 6 8 8 0 0 1 1 6 3 1 3 3 6 5 7 7 3 1 8 6 6 1 8 9 7 3 5 7 4 3 3 6 1 5 7 7 8 8 6 8 6 5 6 0 6 9 3 7 9 3 5 8 7 5 2 7 2 5 6 5 6 7 3 8 10 10 5 6 4 2 7 8 10 10 4 8 4 4 5 5 9 12 6 0 3 4 1 9 5 6 6 8 9 3 
16 12 16 16 12 2 10 13 10 4 10 7 9 5 10 3 6 11 4 5 5 13 7 7 8 8 9 5 3 6 8 8 8 7 2 4 8 0 2 6 8 4 11 11 3 3 4 4 9 6 3 0 6 8 5 10 10 1 3 10 9 9 3 6 12 9 3 3 10 7 5 5 6 4 2 10 9 12 11 9 10 8 7 8 3 5 12 7 6 12 6 7 8 8 7 5 11 3 7 3 9 7 10 6 11 13 12 8 4 5 1 5 11 13 13 8 10 7 4 2 9 11 14 5 3 0 7 2 8 3 7 3 9 9 0 
12 5 12 12 5 8 8 8 3 3 4 12 9 7 9 4 2 8 8 4 7 10 1 3 12 11 4 10 8 4 2 7 12 11 5 7 2 7 9 1 1 10 6 5 3 3 2 3 3 3 5 7 0 6 9 3 6 8 4 7 2 2 3 11 6 8 7 9 3 1 6 4 9 3 9 7 8 5 4 2 7 5 6 6 4 8 8 0 10 8 1 4 9 9 5 2 3 5 6 10 1 8 5 0 4 8 10 4 10 6 6 11 4 9 9 0 8 2 7 9 1 9 10 10 4 7 0 4 12 9 7 10 10 11 7 
14 9 14 14 9 3 9 11 7 3 8 9 9 5 9 1 4 10 5 3 5 12 5 5 9 9 7 7 4 4 6 7 10 9 1 5 6 2 4 4 5 6 9 9 1 1 2 3 7 4 2 2 4 7 6 7 8 3 0 9 7 7 1 8 10 9 4 5 8 5 4 4 7 2 4 9 9 9 8 7 9 7 6 7 0 6 11 4 7 11 4 6 9 8 6 3 8 3 6 5 6 7 9 4 9 11 11 6 6 5 2 7 9 12 12 5 9 5 5 4 6 10 13 7 1 2 4 0 10 5 7 5 9 9 2 
13 17 13 13 17 6 8 12 15 9 12 1 6 5 7 9 10 9 4 8 5 12 11 9 0 1 12 3 5 8 12 6 0 1 10 5 12 9 8 10 12 3 12 12 10 10 10 8 13 9 7 8 12 8 3 14 9 7 10 9 14 13 11 2 12 7 5 5 15 13 6 8 2 9 7 9 7 14 16 13 9 8 7 8 10 3 10 12 2 12 11 9 4 4 8 10 15 7 7 6 13 4 12 12 15 12 10 10 4 5 7 3 16 12 11 13 8 11 5 7 14 7 13 3 9 8 12 10 0 5 6 5 4 2 8 
14 14 14 14 14 1 8 13 12 5 10 3 7 4 8 5 8 10 1 5 3 12 9 7 4 5 10 1 1 6 10 6 5 4 5 3 10 4 3 7 9 1 11 11 5 5 6 5 10 7 4 2 8 8 1 11 9 2 5 9 11 10 6 2 12 8 2 0 12 10 4 6 3 6 2 9 8 12 13 11 9 8 6 7 5 3 11 9 3 12 8 7 6 6 7 7 12 3 6 1 10 5 11 8 12 12 11 9 0 4 3 2 13 12 12 10 9 8 3 2 11 9 13 1 5 3 9 5 5 0 6 1 6 5 3 
8 12 8 8 12 6 2 6 9 4 5 6 2 2 2 6 5 4 4 3 3 6 5 3 6 4 6 6 5 2 6 0 6 5 8 3 6 8 9 5 6 6 6 6 6 6 6 4 6 4 4 7 7 2 4 8 3 7 7 3 8 6 7 6 6 1 4 6 10 8 2 3 4 5 8 3 1 7 10 7 3 2 0 1 6 3 5 7 4 6 5 2 2 1 1 5 9 3 0 7 7 1 5 7 9 6 5 4 6 2 5 6 10 6 5 7 2 5 3 8 9 3 7 5 6 7 7 7 6 6 0 7 2 4 7 
15 15 15 15 15 2 9 14 13 6 11 3 8 5 9 6 8 11 2 6 4 13 10 8 5 5 11 1 2 7 11 7 5 4 6 4 10 4 3 8 10 1 13 12 6 6 7 6 11 8 5 3 9 9 2 12 10 2 6 10 12 11 7 3 13 9 3 0 13 10 5 7 3 6 1 10 9 13 14 11 11 9 7 8 6 4 12 9 3 13 9 8 7 7 8 8 13 4 7 0 11 6 12 9 13 13 12 10 1 5 3 2 14 13 13 10 10 9 4 2 11 10 14 2 6 3 10 5 5 1 7 0 7 6 3 
9 14 9 9 14 7 3 8 12 7 8 5 1 3 2 8 7 5 5 5 3 7 8 6 4 2 8 6 5 5 9 2 4 3 10 4 8 9 10 8 9 5 8 8 8 8 8 6 9 7 6 8 9 4 4 11 5 8 9 5 11 9 9 5 8 2 5 7 12 11 4 5 3 8 8 4 2 10 13 10 5 4 3 4 8 3 6 9 3 7 8 5 0 0 4 7 12 5 3 8 10 1 8 9 11 7 6 7 6 3 7 6 12 7 6 10 3 8 4 9 11 3 8 5 8 9 10 9 4 6 2 7 0 2 8 
10 16 10 10 16 6 5 10 14 8 9 3 3 4 4 8 9 7 4 6 4 9 10 8 2 0 10 4 5 6 11 4 2 2 10 4 10 9 9 9 10 4 10 10 9 9 9 7 11 8 7 8 11 6 4 12 7 7 10 7 12 11 10 4 10 4 5 6 14 12 5 7 2 9 8 6 5 12 14 12 7 6 5 6 9 3 8 11 2 9 9 7 2 2 6 9 13 6 5 7 11 2 10 11 13 9 8 8 5 4 7 4 14 9 8 12 5 9 4 8 13 5 10 4 9 9 11 9 2 5 4 6 2 0 8 
15 12 15 15 12 2 9 13 10 4 9 7 9 5 10 2 6 11 3 4 4 13 7 6 8 8 9 5 3 5 8 7 8 7 2 4 8 0 2 6 7 4 11 10 3 3 4 4 9 6 3 0 6 8 4 10 9 1 2 10 9 9 3 6 11 9 3 3 10 7 4 5 6 4 2 9 9 11 11 9 10 8 7 8 2 5 12 6 6 12 6 7 8 8 7 5 10 3 6 3 8 7 10 6 11 12 12 8 4 5 1 5 11 13 13 7 10 7 4 2 8 11 14 5 3 0 7 2 8 3 7 3 8 8 0 
