130 11726.82 0 1680 1 1680
28.44 60.96 18.78 81.73 93.9 15.77 1.22 26.4 24.59 98.72 57.66 35.27 68.46 15.18 19.78 81.07 94.12 4.22 41.72 85.28 48.66 86.84 50.66 52.69 51.25 34.56 2.1 94.58 67.98 6.52 41.04 79.47 93.51 43.06 45.66 24.79 12.25 6.14 86.95 37.07 61.83 7.07 7.54 98.73 52.93 87.06 15.41 20.51 68.91 23.95 72.21 50.94 18.81 9.84 97.02 18.79 36.54 76.41 5.93 8.81 58.15 40.34 92.73 96.54 85.5 8.25 13.66 53.76 76.24 38.9 76.38 47.18 40.45 71.21 36.88 68.7 92.83 47.77 95.08 72.03 16.02 26.76 46.31 16.64 1.43 54.05 16.46 23.47 41.84 98.69 51.23 64.64 63.78 25.44 8.86 46.78 20.53 34.78 3.28 37.34 71.69 53.86 81.62 2.93 85.53 47.53 49.4 24.12 82.77 8.98 60.84 94.93 8.1 82.51 39.48 61.7 40.07 5.9 5.37 59.42 30.58 6.94 59.27 14.58 50.99 50.25 80.75 69.26 92.89 83.45 
27.0 76.85 31.5 81.04 89.56 65.72 88.62 67.54 18.96 19.62 20.82 10.31 12.44 16.48 36.05 67.66 50.41 21.11 17.98 21.48 42.11 26.99 72.34 82.46 37.58 28.53 10.88 20.67 35.18 11.77 34.17 21.83 50.94 19.64 54.05 80.94 75.12 75.64 53.13 40.9 49.01 76.57 83.76 51.33 76.68 29.03 87.22 56.9 50.16 85.39 65.01 20.96 45.25 20.71 14.31 79.11 70.17 47.14 23.36 36.51 61.17 34.09 61.62 87.27 30.22 88.02 58.65 52.43 10.04 49.27 60.26 21.01 48.96 35.58 77.59 21.62 35.86 81.31 57.65 23.21 30.33 36.8 17.0 35.76 77.58 65.96 22.84 85.41 74.48 74.79 17.35 21.29 25.82 15.6 19.48 73.32 53.18 36.37 23.28 77.33 87.92 67.46 38.5 27.28 84.04 87.13 75.75 10.5 73.45 80.04 35.28 72.36 71.46 39.99 36.82 33.58 12.46 69.6 84.4 36.76 81.27 42.05 63.57 16.63 20.77 46.89 24.84 74.48 86.36 63.05 
3 6 2 8 9 2 1 3 3 9 6 4 7 2 2 8 9 1 4 8 5 8 5 5 5 4 1 9 7 1 4 8 9 4 5 3 2 1 8 4 6 1 1 9 5 8 2 2 7 3 7 5 2 1 9 2 4 7 1 1 6 4 9 9 8 1 2 5 7 4 7 5 4 7 4 7 9 5 9 7 2 3 5 2 1 5 2 3 4 9 5 6 6 3 1 5 2 4 1 4 7 5 8 1 8 5 5 3 8 1 6 9 1 8 4 6 4 1 1 6 3 1 6 2 5 5 8 7 9 8 
1 2 3 4 5 6 7 8 9 10 11 12 13 14 15 16 17 18 19 20 21 22 23 24 25 26 27 28 29 30 31 32 33 34 35 36 37 38 39 40 41 42 43 44 45 46 47 48 49 50 51 52 53 54 55 56 57 58 59 60 61 62 63 64 65 66 67 68 69 70 71 72 73 74 75 76 77 78 79 80 81 82 83 84 85 86 87 88 89 90 91 92 93 94 95 96 97 98 99 100 101 102 103 104 105 106 107 108 109 110 111 112 113 114 115 116 117 118 119 120 121 122 123 124 125 126 127 128 129 130 
3 3 2 1 1 2 3 3 3 1 3 3 2 2 2 1 1 3 3 1 3 1 3 3 3 3 3 1 2 3 3 1 1 3 3 3 2 3 1 3 3 3 3 1 3 1 2 2 2 3 2 3 2 3 1 2 3 2 3 3 3 3 1 1 1 3 2 3 2 3 2 3 3 2 3 2 1 3 1 2 2 3 3 2 3 3 2 3 3 1 3 3 3 3 3 3 2 3 3 3 2 3 1 3 1 3 3 3 1 3 3 1 3 1 3 3 3 3 3 3 3 3 3 2 3 3 1 2 1 1 
3 1 3 3 3 3 3 3 3 3 1 1 1 3 3 3 3 3 1 3 2 3 2 2 2 1 3 3 1 3 1 3 3 1 2 3 3 3 3 1 1 3 3 3 2 3 3 3 1 3 1 2 3 3 3 3 1 1 3 3 1 1 3 3 3 3 3 2 1 1 1 2 1 1 1 1 3 2 3 1 3 3 2 3 3 2 3 3 1 3 2 1 1 3 3 2 3 1 3 1 1 2 3 3 3 2 2 3 3 3 1 3 3 3 1 1 1 3 3 1 3 3 1 3 2 2 3 1 3 3 
3 8 6 2 9 9 5 10 5 9 2 5 8 7 5 10 8 5 7 7 10 3 7 4 2 10 6 8 1 7 10 4 2 4 3 7 10 7 10 2 3 2 10 1 9 1 1 9 2 7 3 8 9 5 7 10 6 3 6 4 9 2 7 3 3 1 6 8 10 10 9 2 6 6 9 1 2 8 4 5 5 2 6 5 7 2 6 10 9 5 1 8 10 4 2 2 6 4 7 10 8 6 6 6 9 5 8 7 4 2 7 2 2 6 6 5 2 10 7 4 4 9 2 10 7 8 6 3 4 10 
4538.7 3691.51 4248.95 4481.8 3408.94 3217.61 3099.22 3952.51 3232.71 3573.25 4096.21 3197.88 4061.68 4144.35 3301.38 4058.08 4213.19 3093.48 3782.31 4649.73 3654.65 4229.43 4407.46 4712.24 3950.04 4082.31 4615.72 4486.03 4280.44 4294.25 3744.17 4690.31 3637.4 4659.58 4048.93 3965.7 3813.26 4064.13 3994.98 4285.64 4337.27 3444.42 3606.41 4375.94 4028.82 4243.04 4191.23 3855.94 4478.54 3938.15 4679.5 4591.28 3388.63 3127.88 4108.33 3973.56 3721.09 4697.72 3723.12 4736.1 3070.13 3250.96 4837.31 4260.84 4324.8 4011.4 4670.03 4159.65 3908.99 4038.63 4541.37 3723.12 3789.74 3977.11 4424.78 4115.55 4194.36 3882.67 4768.31 3160.15 3208.85 3647.54 4708.87 3182.16 3970.47 4367.64 3689.16 3788.1 4539.16 3165.92 4381.79 4384.05 4048.12 4604.11 4024.98 3869.73 4398.31 4764.07 4328.03 3967.38 4433.85 4726.17 4609.8 3702.95 3950.3 3074.14 4564.1 4123.92 4743.8 3834.14 3884.39 3329.8 3313.12 4647.8 3692.65 3223.4 3738.32 4072.81 4107.4 4675.61 4708.97 3781.52 4501.85 4142.03 4052.91 4013.63 4014.71 4220.62 4766.05 3849.09 
0.21 0.33 0.25 0.35 0.48 0.29 0.4 0.32 0.64 0.76 0.47 0.46 0.26 0.85 0.43 0.29 0.33 0.71 0.87 0.91 0.28 0.43 0.93 0.4 0.48 0.32 0.24 0.27 0.86 0.91 0.12 0.36 0.36 0.44 0.21 0.89 0.18 0.86 0.2 0.48 0.34 0.28 0.25 0.9 0.47 0.85 0.85 0.25 0.28 0.87 0.24 0.32 0.29 0.52 0.79 0.12 0.25 0.31 0.21 0.43 0.66 0.48 0.91 0.2 0.18 0.82 0.22 0.29 0.11 0.17 0.81 0.31 0.24 0.25 0.32 0.9 0.38 0.27 0.65 0.55 0.67 0.39 0.21 0.6 0.9 0.43 0.23 0.31 0.47 0.39 0.87 0.33 0.35 0.18 0.27 0.48 0.26 0.26 0.93 0.2 0.32 0.23 0.26 0.22 0.68 0.52 0.31 0.92 0.65 0.42 0.9 0.39 0.33 0.23 0.27 0.73 0.44 0.27 0.89 0.36 0.61 0.44 0.28 0.28 0.87 0.26 0.21 0.21 0.64 0.19 
0.97 0.81 0.95 0.65 0.97 0.75 0.56 0.87 0.55 1.0 1.0 0.61 0.65 0.66 0.65 0.59 0.53 0.6 0.75 0.86 0.55 0.81 0.87 0.97 0.66 0.76 0.51 0.85 0.62 0.83 0.89 0.63 0.89 0.75 0.52 1.0 0.71 0.93 0.56 0.65 0.94 0.66 0.87 0.61 0.71 0.96 0.86 1.0 0.6 0.78 0.84 0.72 0.68 0.98 0.88 0.96 0.7 0.97 0.79 0.5 1.0 0.66 0.96 0.65 1.0 0.72 0.86 0.86 0.54 0.75 0.96 1.0 0.63 1.0 0.51 0.67 0.52 0.7 1.0 0.58 0.75 0.73 0.66 0.61 0.54 0.57 0.78 1.0 1.0 0.8 0.52 0.7 0.91 0.97 0.62 0.59 1.0 1.0 0.8 0.59 0.86 0.62 0.82 0.86 0.95 0.97 0.79 0.73 0.83 0.75 0.96 0.84 0.66 0.61 0.97 0.86 0.63 0.84 0.97 0.91 0.73 0.87 0.8 0.92 0.58 0.57 0.87 1.0 0.51 0.57 
0.96 0.95 1.0 0.98 0.62 0.6 0.6 0.92 0.78 0.9 0.94 0.76 0.95 1.0 0.7 1.0 0.88 1.0 0.56 0.72 0.86 0.84 0.96 0.82 0.85 0.69 0.67 0.53 1.0 0.64 0.55 0.95 0.57 0.98 0.86 0.58 0.56 0.67 0.74 0.63 0.91 1.0 0.63 0.55 0.52 0.81 0.8 0.9 0.8 1.0 0.63 0.67 0.98 0.84 1.0 0.88 1.0 0.97 1.0 0.96 0.69 0.77 1.0 1.0 0.94 0.81 0.72 0.88 0.94 0.64 0.95 0.75 0.75 1.0 0.83 1.0 0.88 1.0 0.81 0.7 0.74 0.59 0.72 0.83 0.71 1.0 1.0 0.83 1.0 1.0 0.82 0.9 0.73 0.62 1.0 0.95 0.54 1.0 0.69 0.6 0.71 0.58 0.61 1.0 0.84 0.69 0.82 0.74 0.9 0.89 0.79 1.0 0.92 1.0 0.62 0.86 0.59 0.73 0.69 1.0 0.88 0.87 0.91 0.69 0.77 1.0 0.71 0.71 1.0 0.73 
0.59 0.53 0.66 0.99 1.0 0.62 1.0 1.0 1.0 0.87 0.79 0.56 1.0 0.51 0.89 0.75 0.66 0.77 0.76 0.97 0.93 0.72 0.87 0.57 0.83 0.5 1.0 0.5 0.62 0.83 0.55 0.6 0.5 0.74 1.0 0.51 1.0 1.0 0.61 0.79 0.73 0.96 1.0 1.0 0.9 0.92 0.55 1.0 0.54 0.72 1.0 1.0 0.69 0.56 0.78 0.65 1.0 0.55 0.73 0.97 0.59 0.98 1.0 0.69 0.88 0.95 0.74 0.66 0.71 0.61 1.0 1.0 1.0 0.74 0.65 0.85 0.69 0.92 0.79 0.86 0.88 0.77 0.95 0.92 0.87 0.92 0.53 0.9 0.64 0.79 0.66 1.0 1.0 0.81 0.91 0.6 0.79 0.97 0.61 0.68 0.85 0.89 1.0 0.59 1.0 0.52 0.62 1.0 0.64 0.63 0.89 0.66 0.79 0.96 1.0 0.66 0.92 0.82 0.65 0.78 0.99 0.8 0.66 0.73 0.52 0.65 0.89 0.96 0.61 0.61 
0.68 0.78 0.61 0.84 1.0 0.54 0.64 0.51 0.88 0.86 1.0 0.76 0.64 0.67 0.52 0.67 1.0 0.64 1.0 1.0 0.8 1.0 0.78 1.0 1.0 0.97 0.78 0.9 1.0 0.93 1.0 0.64 0.71 0.86 0.65 0.81 1.0 0.57 0.59 0.78 0.62 0.59 0.98 0.64 0.68 0.99 0.69 0.58 1.0 0.79 0.89 0.94 0.8 0.79 1.0 0.95 0.92 0.61 0.83 1.0 0.58 0.5 1.0 0.69 0.71 0.52 0.58 0.69 1.0 0.77 0.51 0.99 0.55 1.0 1.0 1.0 0.63 0.66 0.6 0.54 1.0 0.56 0.62 0.56 0.96 1.0 0.57 0.88 0.98 0.74 1.0 0.82 0.69 0.89 0.64 0.52 0.98 0.99 0.58 0.77 0.92 1.0 0.93 0.77 0.54 0.66 0.93 0.97 1.0 0.88 0.95 1.0 1.0 0.75 0.66 0.53 0.78 0.54 0.66 0.8 0.58 0.76 0.9 0.92 0.61 0.83 0.96 0.52 0.72 0.81 
0.78 0.64 0.52 0.74 0.5 0.67 0.72 0.86 0.57 0.53 1.0 0.64 0.98 0.82 0.67 0.86 0.52 0.79 0.88 0.7 0.52 0.95 0.77 1.0 0.94 0.94 1.0 1.0 0.84 0.82 0.97 1.0 0.98 0.71 1.0 0.93 0.72 0.87 0.91 1.0 0.66 0.71 1.0 0.62 0.6 0.85 0.72 0.94 0.85 0.57 1.0 0.64 0.79 0.57 0.78 0.5 0.61 0.97 0.94 0.9 1.0 0.62 0.66 1.0 0.86 0.79 0.86 0.91 0.65 0.73 0.9 0.69 0.63 0.56 1.0 0.95 0.6 1.0 0.83 0.52 0.61 0.87 0.98 1.0 0.62 0.7 0.83 0.88 0.85 1.0 0.8 0.82 0.51 0.61 0.86 0.86 0.87 0.89 0.85 0.83 0.75 0.81 0.95 0.57 0.97 0.98 0.89 0.83 0.58 0.71 0.61 0.7 0.56 0.6 0.95 0.92 1.0 0.96 0.97 0.77 0.6 0.52 0.93 0.68 0.65 0.88 0.67 0.74 0.63 0.88 
0.29 0.21 0.2 0.39 0.3 0.1 0.15 0.35 0.22 0.35 0.75 0.13 0.39 0.18 0.14 0.26 0.16 0.23 0.28 0.42 0.19 0.47 0.44 0.45 0.43 0.24 0.27 0.2 0.32 0.34 0.26 0.23 0.18 0.34 0.29 0.22 0.29 0.31 0.13 0.25 0.26 0.27 0.53 0.13 0.14 0.6 0.19 0.49 0.22 0.25 0.47 0.29 0.29 0.21 0.54 0.26 0.4 0.3 0.45 0.42 0.24 0.16 0.63 0.31 0.51 0.23 0.23 0.31 0.24 0.16 0.42 0.51 0.16 0.41 0.28 0.54 0.12 0.42 0.32 0.1 0.3 0.16 0.27 0.26 0.2 0.37 0.19 0.57 0.53 0.47 0.22 0.43 0.23 0.27 0.31 0.15 0.36 0.86 0.17 0.15 0.36 0.26 0.45 0.22 0.42 0.23 0.33 0.44 0.28 0.27 0.39 0.39 0.27 0.26 0.37 0.24 0.27 0.26 0.28 0.44 0.22 0.24 0.4 0.29 0.09 0.27 0.36 0.27 0.14 0.18 
2062.9 1068.39 1015.71 960.66 912.54 1075.63 1977.51 592.89 2361.91 1154.28 994.79 2165.46 982.42 835.6 2011.09 680.77 1248.34 2270.06 653.34 1104.43 584.98 1989.17 1282.9 2027.05 941.66 419.81 1190.82 1237.03 2252.08 1218.6 567.93 1753.5 1082.45 1962.57 1789.4 772.37 618.47 1145.66 672.89 1328.2 1930.03 772.39 550.53 1609.04 1175.74 1323.66 1802.98 1024.55 1486.39 1115.44 1231.8 971.79 1133.43 2063.7 712.17 600.96 837.55 1871.39 995.78 2014.62 1064.23 1056.95 1273.4 1731.75 1738.09 1711.23 945.48 905.82 584.52 607.73 1188.41 964.93 1074.63 1228.63 1172.59 1863.74 1003.75 1436.07 2117.23 1945.59 2180.21 842.11 891.93 1901.65 1130.96 1304.4 1186.69 682.71 887.81 2020.07 1707.57 967.69 551.88 1947.63 1143.15 913.46 892.18 1611.0 1178.75 529.66 1345.4 874.21 658.93 928.47 992.62 2269.29 980.47 898.0 2174.0 1138.32 972.69 1629.13 994.35 778.23 1013.58 2193.98 971.79 646.23 965.72 2101.93 2415.74 1179.38 922.38 597.06 1016.71 881.86 792.15 1480.59 2212.64 697.93 
609.09 204.21 182.89 362.86 257.9 86.1 217.94 209.0 398.61 376.12 755.09 290.89 383.4 148.89 341.08 174.53 174.44 492.09 180.16 505.2 136.18 1075.21 635.38 956.45 354.57 100.57 300.16 261.78 730.46 462.63 160.26 363.23 219.32 720.51 517.59 137.29 174.78 320.72 51.7 343.54 474.09 166.49 284.46 229.96 161.33 792.5 417.03 585.49 299.12 269.81 538.26 282.58 354.0 371.74 384.23 183.86 331.24 659.36 440.4 828.74 253.0 132.06 766.82 448.85 782.42 420.62 228.73 306.59 143.75 97.42 492.62 527.71 198.53 532.97 275.71 1005.54 112.95 592.44 605.43 126.29 577.7 109.39 215.83 532.47 193.64 486.97 237.2 362.86 429.87 897.01 402.69 404.91 141.89 511.8 373.0 129.39 258.42 1361.94 209.85 86.13 519.01 172.77 287.29 204.36 450.56 466.41 321.5 376.76 636.29 331.18 375.0 551.27 284.27 154.38 424.07 532.63 254.56 156.02 290.54 1117.33 499.35 257.08 398.75 183.66 108.74 241.42 318.44 453.32 314.54 127.25 
9814.49 4841.97 4578.55 4303.28 4062.71 4878.17 9387.53 2464.44 11309.56 5271.41 4473.96 10327.28 4412.09 3678.02 9555.46 2903.85 5741.71 10850.3 2766.68 5022.14 2424.89 9445.86 5914.5 9635.27 4208.31 1599.07 5454.09 5685.14 10760.42 5593.02 2339.67 8267.48 4912.23 9312.86 8447.01 3361.85 2592.35 5228.32 2864.43 6140.99 9150.15 3361.97 2252.64 7545.18 5378.69 6118.29 8514.92 4622.74 6931.94 5077.21 5659.02 4358.95 5167.13 9818.49 3060.87 2504.81 3687.73 8856.97 4478.92 9573.12 4821.13 4784.77 5866.98 8158.76 8190.47 8056.14 4227.42 4029.11 2422.59 2538.65 5442.03 4324.67 4873.16 5643.16 5362.94 8818.69 4518.74 6680.33 10086.17 9227.94 10401.05 3710.56 3959.65 9008.25 5154.8 6022.0 5433.46 2913.55 3939.03 9600.37 8037.83 4338.44 2259.39 9238.13 5215.74 4067.32 3960.9 7554.98 5393.74 2148.31 6227.01 3871.06 2794.67 4142.37 4463.11 10846.44 4402.36 3990.0 10369.98 5191.59 4363.45 7645.67 4471.76 3391.17 4567.92 10469.92 4358.94 2731.14 4328.61 10009.66 11578.68 5396.89 4111.9 2485.32 4583.55 3909.28 3460.73 6902.97 10563.2 2989.65 
2545.44 521.03 414.45 1314.31 789.51 -69.52 589.69 544.98 1493.04 1380.61 3275.46 954.47 1417.01 244.46 1205.4 372.67 372.2 1960.46 400.82 2025.98 180.92 4876.05 2676.92 4282.26 1272.83 2.87 1000.79 808.91 3152.3 1813.14 301.32 1316.14 596.58 3102.55 2087.97 186.46 373.91 1103.6 -241.52 1217.71 1870.47 332.47 922.32 649.79 306.67 3462.5 1585.14 2427.43 995.61 849.06 2191.32 912.88 1270.0 1358.68 1421.16 419.3 1156.22 2796.8 1702.01 3643.72 764.98 160.3 3334.1 1744.26 3412.08 1603.12 643.67 1032.97 218.76 -12.92 1963.11 2138.53 492.65 2164.84 878.57 4527.71 64.77 2462.2 2527.15 131.45 2388.5 46.97 579.13 2162.34 468.21 1934.86 685.99 1314.29 1649.37 3985.03 1513.47 1524.56 209.47 2058.99 1364.99 146.94 792.1 6309.71 549.27 -69.34 2095.04 363.83 936.43 521.8 1752.79 1832.07 1107.48 1383.81 2681.46 1155.9 1374.98 2256.33 921.37 271.91 1620.36 2163.15 772.82 280.11 952.69 5086.66 1996.76 785.38 1493.74 418.29 43.71 707.1 1092.22 1766.61 1072.71 136.25 
181.55 147.66 127.47 89.64 68.18 96.53 123.97 158.1 129.31 71.47 163.85 127.92 121.85 124.33 99.04 81.16 84.26 123.74 151.29 92.99 146.19 84.59 176.3 188.49 158.0 163.29 184.63 89.72 128.41 171.77 149.77 93.81 72.75 186.38 161.96 158.63 114.4 162.57 79.9 171.43 173.49 137.78 144.26 87.52 161.15 84.86 125.74 115.68 134.36 157.53 140.38 183.65 101.66 125.12 82.17 119.21 148.84 140.93 148.92 189.44 122.81 130.04 96.75 85.22 86.5 160.46 140.1 166.39 117.27 161.55 136.24 148.92 151.59 119.31 176.99 123.47 83.89 155.31 95.37 94.8 96.27 145.9 188.35 95.46 158.82 174.71 110.67 151.52 181.57 63.32 175.27 175.36 161.92 184.16 161.0 154.79 131.95 190.56 173.12 158.7 133.02 189.05 92.2 148.12 79.01 122.97 182.56 164.96 94.88 153.37 155.38 66.6 132.52 92.96 147.71 128.94 149.53 162.91 164.3 187.02 188.36 151.26 180.07 124.26 162.12 160.55 80.29 126.62 95.32 76.98 
272 221 169 89 68 128 185 237 193 71 245 191 162 165 132 81 84 185 226 92 219 84 264 282 237 244 276 89 171 257 224 93 72 279 242 237 152 243 79 257 260 206 216 87 241 84 167 154 179 236 187 275 135 187 82 158 223 187 223 284 184 195 96 85 86 240 186 249 156 242 181 223 227 159 265 164 83 232 95 126 128 218 282 127 238 262 147 227 272 63 262 263 242 276 241 232 175 285 259 238 177 283 92 222 79 184 273 247 94 230 233 66 198 92 221 193 224 244 246 280 282 226 270 165 243 240 80 168 95 76 
520 571 1333 1012 1336 467 368 1503 1300 1171 578 376 653 1459 815 552 1549 917 1546 7 1252 496 251 131 1139 207 768 1388 1577 1596 1661 1331 606 595 1141 1587 1637 659 1058 664 463 60 234 645 118 341 685 447 781 484 535 1575 1417 1112 1068 1566 529 265 275 1242 681 62 1466 894 986 559 1121 723 911 451 211 89 1138 1626 1580 1031 820 490 1351 166 303 1367 165 1644 1371 66 92 1598 405 633 727 867 118 541 818 546 840 1493 1402 620 1077 1084 1650 380 498 275 106 1531 628 1514 1128 648 960 484 649 1246 1309 947 1035 626 684 1595 281 74 745 1148 756 517 278 1237 
1325 1680 1680 1680 1680 1272 1221 1680 1680 1680 1680 638 1435 1680 1680 1680 1680 1486 1680 718 1680 1514 678 1456 1680 753 1668 1680 1680 1680 1680 1680 1175 1046 1309 1680 1680 850 1462 1680 1680 1409 1606 1680 1420 603 1325 922 1680 1478 1680 1680 1680 1445 1495 1680 909 1094 1553 1680 1680 1127 1680 1680 1680 1270 1680 1410 1680 1680 568 1556 1565 1680 1680 1680 1271 1680 1680 452 730 1653 1490 1680 1680 281 354 1680 1045 919 1627 1680 569 1087 1680 1680 1575 1680 1680 1378 1680 1441 1680 1351 925 1600 1266 1680 1079 1680 1603 1312 1671 699 1680 1680 1680 1680 1680 1526 1466 1680 1630 1045 1598 1680 1160 1680 1680 1680 
10
0.0 0.0 0.0 0.0 0.0 0.0 0.0 0.0 0.0 0.0 
0.0 100.0 100.0 100.0 0.0 100.0 0.0 100.0 100.0 0.0 
0 100 100 100 0 100 0 100 100 0 39 98 36 115 129 67 88 72 31 100 61 36 69 22 41 105 106 21 45 87 64 90 88 97 63 44 11 96 76 13 53 82 106 47 70 84 76 75 101 55 78 76 84 111 93 91 88 60 85 88 97 55 49 22 98 81 79 89 24 37 84 52 111 130 90 88 60 75 76 62 97 51 63 79 85 72 99 94 111 75 34 45 49 39 77 85 28 88 85 123 54 68 68 29 21 86 57 50 23 85 113 86 90 27 119 99 90 26 110 80 70 119 71 91 53 70 41 69 84 69 86 42 86 22 55 68 84 101 126 104 
100 0 0 0 100 0 100 0 0 100 78 65 71 83 94 37 11 41 84 127 97 96 111 84 66 87 106 79 92 115 75 113 57 55 80 79 89 123 93 88 77 111 105 91 64 31 27 25 98 69 80 24 17 110 57 112 20 47 85 28 80 94 57 79 129 28 47 92 76 64 69 77 100 97 110 14 43 71 117 63 86 92 65 96 43 104 112 51 104 105 71 68 95 66 22 63 78 27 49 101 97 101 97 88 81 53 51 72 76 43 72 62 102 72 87 49 55 92 86 21 88 98 29 102 74 90 96 30 16 86 35 58 69 84 94 73 110 73 93 91 
100 0 0 0 100 0 100 0 0 100 78 65 71 83 94 37 11 41 84 127 97 96 111 84 66 87 106 79 92 115 75 113 57 55 80 79 89 123 93 88 77 111 105 91 64 31 27 25 98 69 80 24 17 110 57 112 20 47 85 28 80 94 57 79 129 28 47 92 76 64 69 77 100 97 110 14 43 71 117 63 86 92 65 96 43 104 112 51 104 105 71 68 95 66 22 63 78 27 49 101 97 101 97 88 81 53 51 72 76 43 72 62 102 72 87 49 55 92 86 21 88 98 29 102 74 90 96 30 16 86 35 58 69 84 94 73 110 73 93 91 
100 0 0 0 100 0 100 0 0 100 78 65 71 83 94 37 11 41 84 127 97 96 111 84 66 87 106 79 92 115 75 113 57 55 80 79 89 123 93 88 77 111 105 91 64 31 27 25 98 69 80 24 17 110 57 112 20 47 85 28 80 94 57 79 129 28 47 92 76 64 69 77 100 97 110 14 43 71 117 63 86 92 65 96 43 104 112 51 104 105 71 68 95 66 22 63 78 27 49 101 97 101 97 88 81 53 51 72 76 43 72 62 102 72 87 49 55 92 86 21 88 98 29 102 74 90 96 30 16 86 35 58 69 84 94 73 110 73 93 91 
0 100 100 100 0 100 0 100 100 0 39 98 36 115 129 67 88 72 31 100 61 36 69 22 41 105 106 21 45 87 64 90 88 97 63 44 11 96 76 13 53 82 106 47 70 84 76 75 101 55 78 76 84 111 93 91 88 60 85 88 97 55 49 22 98 81 79 89 24 37 84 52 111 130 90 88 60 75 76 62 97 51 63 79 85 72 99 94 111 75 34 45 49 39 77 85 28 88 85 123 54 68 68 29 21 86 57 50 23 85 113 86 90 27 119 99 90 26 110 80 70 119 71 91 53 70 41 69 84 69 86 42 86 22 55 68 84 101 126 104 
100 0 0 0 100 0 100 0 0 100 78 65 71 83 94 37 11 41 84 127 97 96 111 84 66 87 106 79 92 115 75 113 57 55 80 79 89 123 93 88 77 111 105 91 64 31 27 25 98 69 80 24 17 110 57 112 20 47 85 28 80 94 57 79 129 28 47 92 76 64 69 77 100 97 110 14 43 71 117 63 86 92 65 96 43 104 112 51 104 105 71 68 95 66 22 63 78 27 49 101 97 101 97 88 81 53 51 72 76 43 72 62 102 72 87 49 55 92 86 21 88 98 29 102 74 90 96 30 16 86 35 58 69 84 94 73 110 73 93 91 
0 100 100 100 0 100 0 100 100 0 39 98 36 115 129 67 88 72 31 100 61 36 69 22 41 105 106 21 45 87 64 90 88 97 63 44 11 96 76 13 53 82 106 47 70 84 76 75 101 55 78 76 84 111 93 91 88 60 85 88 97 55 49 22 98 81 79 89 24 37 84 52 111 130 90 88 60 75 76 62 97 51 63 79 85 72 99 94 111 75 34 45 49 39 77 85 28 88 85 123 54 68 68 29 21 86 57 50 23 85 113 86 90 27 119 99 90 26 110 80 70 119 71 91 53 70 41 69 84 69 86 42 86 22 55 68 84 101 126 104 
100 0 0 0 100 0 100 0 0 100 78 65 71 83 94 37 11 41 84 127 97 96 111 84 66 87 106 79 92 115 75 113 57 55 80 79 89 123 93 88 77 111 105 91 64 31 27 25 98 69 80 24 17 110 57 112 20 47 85 28 80 94 57 79 129 28 47 92 76 64 69 77 100 97 110 14 43 71 117 63 86 92 65 96 43 104 112 51 104 105 71 68 95 66 22 63 78 27 49 101 97 101 97 88 81 53 51 72 76 43 72 62 102 72 87 49 55 92 86 21 88 98 29 102 74 90 96 30 16 86 35 58 69 84 94 73 110 73 93 91 
100 0 0 0 100 0 100 0 0 100 78 65 71 83 94 37 11 41 84 127 97 96 111 84 66 87 106 79 92 115 75 113 57 55 80 79 89 123 93 88 77 111 105 91 64 31 27 25 98 69 80 24 17 110 57 112 20 47 85 28 80 94 57 79 129 28 47 92 76 64 69 77 100 97 110 14 43 71 117 63 86 92 65 96 43 104 112 51 104 105 71 68 95 66 22 63 78 27 49 101 97 101 97 88 81 53 51 72 76 43 72 62 102 72 87 49 55 92 86 21 88 98 29 102 74 90 96 30 16 86 35 58 69 84 94 73 110 73 93 91 
0 100 100 100 0 100 0 100 100 0 39 98 36 115 129 67 88 72 31 100 61 36 69 22 41 105 106 21 45 87 64 90 88 97 63 44 11 96 76 13 53 82 106 47 70 84 76 75 101 55 78 76 84 111 93 91 88 60 85 88 97 55 49 22 98 81 79 89 24 37 84 52 111 130 90 88 60 75 76 62 97 51 63 79 85 72 99 94 111 75 34 45 49 39 77 85 28 88 85 123 54 68 68 29 21 86 57 50 23 85 113 86 90 27 119 99 90 26 110 80 70 119 71 91 53 70 41 69 84 69 86 42 86 22 55 68 84 101 126 104 
39 78 78 78 39 78 39 78 78 39 0 59 10 75 90 40 67 40 8 70 29 18 42 16 12 66 69 24 16 57 25 58 50 60 25 6 30 66 40 26 14 51 69 16 32 54 50 53 64 16 39 53 60 74 55 58 61 30 46 58 57 23 20 19 69 52 43 52 22 21 45 13 73 90 57 64 34 35 50 24 58 19 25 43 51 40 64 57 73 43 12 9 20 14 57 46 12 58 49 84 24 36 35 11 20 49 27 11 25 51 74 47 54 25 80 63 53 17 71 56 33 80 48 55 14 33 18 48 61 32 54 26 47 17 23 29 52 62 87 65 
98 65 65 65 98 65 98 65 65 98 59 0 61 21 35 46 60 35 68 68 56 71 64 75 57 22 42 79 61 60 36 56 11 9 40 55 88 65 42 84 47 58 41 59 27 36 48 54 35 43 27 53 53 45 8 54 46 45 27 37 16 56 52 75 72 42 25 33 76 65 15 47 35 37 52 53 50 25 68 35 22 57 34 42 24 55 51 13 39 54 64 52 61 60 59 12 69 38 19 37 60 55 51 70 77 14 46 48 78 23 15 11 43 76 25 16 11 75 22 52 41 34 53 42 45 43 67 55 56 40 30 64 13 76 56 31 55 8 33 26 
36 71 71 71 36 71 36 71 71 36 10 61 0 80 94 34 59 36 13 80 40 26 53 15 4 72 77 17 26 67 31 68 51 61 33 16 26 76 49 23 22 61 77 27 35 49 44 45 71 20 46 46 53 82 56 68 55 25 53 54 63 33 13 14 80 47 42 59 15 11 49 21 79 95 66 57 27 40 61 26 64 30 27 52 49 50 74 57 80 53 2 9 31 4 49 49 8 54 48 90 35 46 45 17 15 50 21 16 17 49 77 50 63 16 84 62 53 21 76 49 42 86 41 64 21 42 28 40 54 40 51 15 51 15 33 35 62 66 92 71 
115 83 83 83 115 83 115 83 83 115 75 21 80 0 14 67 80 56 84 63 64 84 69 92 76 13 33 97 74 59 51 54 32 29 53 70 106 61 47 102 62 59 32 72 45 56 69 75 28 60 37 74 74 34 29 52 66 65 33 57 18 67 72 93 68 62 46 34 95 85 30 62 22 16 50 73 71 40 71 53 21 69 52 46 44 60 46 33 26 58 83 70 73 79 80 31 87 58 40 18 70 62 58 86 95 35 67 64 97 44 12 31 42 95 4 34 32 91 7 72 50 15 74 41 61 51 80 76 76 49 51 84 28 93 67 46 56 14 12 18 
129 94 94 94 129 94 129 94 94 129 90 35 94 14 0 81 92 71 98 70 77 98 81 107 91 25 39 112 88 68 65 62 46 41 67 85 120 68 60 116 76 69 38 86 59 69 82 88 37 74 51 87 86 38 42 60 78 80 46 70 32 80 87 108 75 75 60 45 110 100 45 77 27 3 59 85 85 54 81 68 34 82 67 58 58 72 53 46 31 69 97 85 86 94 93 46 102 70 54 15 83 74 70 100 110 49 81 79 112 57 22 45 52 110 10 46 46 105 19 85 63 17 87 50 75 64 94 90 88 63 63 99 43 107 81 61 66 28 3 28 
67 37 37 37 67 37 67 37 37 67 40 46 34 67 81 0 27 10 47 94 61 58 74 49 29 65 79 46 54 82 40 80 35 40 45 41 56 90 60 54 40 77 79 53 32 17 10 13 72 32 48 13 19 84 38 80 21 10 55 21 56 56 20 45 96 13 21 63 43 30 42 40 77 83 78 23 7 40 82 28 60 54 29 63 24 68 82 35 79 70 35 30 57 29 18 38 42 21 27 83 59 66 62 51 46 31 13 34 44 24 60 38 71 40 72 38 35 55 67 15 54 79 9 71 37 56 58 10 21 52 21 25 43 49 57 39 76 54 79 67 
88 11 11 11 88 11 88 11 11 88 67 60 59 80 92 27 0 32 73 119 88 85 101 73 55 82 100 67 81 107 66 105 52 51 71 68 77 115 85 77 67 102 99 80 56 24 17 13 92 59 72 13 7 104 53 104 14 37 77 22 74 83 46 68 121 19 39 85 65 52 63 67 95 95 102 7 32 63 108 54 80 81 55 87 37 95 105 47 98 96 60 57 84 55 11 57 67 22 43 98 87 92 88 76 69 48 40 62 65 37 70 56 94 61 84 46 49 81 82 11 79 95 18 94 64 81 85 19 5 77 30 46 63 73 84 64 101 69 91 86 
72 41 41 41 72 41 72 41 41 72 40 35 36 56 71 10 32 0 48 86 56 57 69 52 32 54 69 51 51 74 33 72 24 30 38 39 61 82 52 59 36 70 69 50 23 13 16 21 62 28 39 21 24 74 28 71 22 12 45 18 45 52 23 49 88 13 10 54 48 35 32 36 66 72 69 27 15 31 76 22 50 50 23 55 14 62 73 25 69 63 38 30 54 33 26 27 45 18 16 72 55 60 56 51 51 21 15 32 49 14 49 27 62 46 61 28 24 57 56 21 47 68 18 62 33 48 56 20 26 45 14 32 33 52 52 31 69 43 69 57 
31 84 84 84 31 84 31 84 84 31 8 68 13 84 98 47 73 48 0 74 33 13 44 9 17 74 76 20 17 60 33 62 59 69 32 13 23 70 46 19 22 54 75 18 40 61 57 59 71 25 47 60 67 80 64 63 68 38 54 66 66 26 26 14 72 60 52 58 19 23 53 21 80 99 61 70 41 44 52 33 66 22 33 49 59 44 70 66 80 47 14 17 21 18 63 55 9 66 58 92 26 40 39 3 15 58 34 20 21 59 83 56 60 23 89 71 61 8 79 63 39 88 55 61 23 39 16 53 68 39 62 29 56 10 26 37 56 71 95 73 
100 127 127 127 100 127 100 127 127 100 70 68 80 63 70 94 119 86 74 0 41 64 31 83 80 51 31 94 57 13 54 13 71 77 50 64 97 4 34 92 59 19 31 55 63 96 102 108 35 65 47 107 111 31 73 14 107 86 42 99 52 47 83 88 5 99 80 35 92 91 58 60 42 67 16 113 93 55 24 66 46 51 65 31 84 30 17 80 38 26 83 73 52 83 113 64 82 99 79 55 47 34 35 73 89 74 85 66 95 84 73 65 25 96 65 84 74 75 56 108 40 52 104 26 61 39 59 105 113 42 91 94 59 84 47 55 18 62 66 46 
61 97 97 97 61 97 61 97 97 61 29 56 40 64 77 61 88 56 33 41 0 24 13 42 40 52 46 53 16 27 23 29 51 61 17 24 56 36 17 51 21 21 46 14 35 68 70 75 43 28 28 75 80 51 56 30 78 51 31 72 46 6 45 47 39 70 53 32 51 51 40 21 53 76 29 83 58 31 21 34 43 10 32 20 60 11 38 61 52 14 42 34 11 43 79 45 41 73 55 67 7 6 7 32 48 53 49 27 54 60 68 46 29 55 69 67 55 35 58 76 14 63 70 31 24 13 19 71 82 16 66 54 42 43 6 27 23 54 74 49 
36 96 96 96 36 96 36 96 96 36 18 71 26 84 98 58 85 57 13 64 24 0 33 21 30 73 71 32 10 51 34 54 63 74 31 18 33 60 41 28 24 45 71 12 44 71 68 71 67 30 46 72 78 75 68 55 79 48 52 75 66 18 38 27 61 70 59 55 32 37 55 24 77 98 54 82 52 45 40 39 64 16 38 43 67 35 62 72 76 38 27 27 12 31 75 58 22 76 64 90 17 31 32 11 27 64 45 26 34 67 85 60 54 36 89 77 66 11 79 74 35 86 66 55 26 35 5 66 79 35 71 42 58 21 18 39 47 72 95 71 
69 111 111 111 69 111 69 111 111 69 42 64 53 69 81 74 101 69 44 31 13 33 0 53 54 56 45 64 27 19 35 23 62 71 30 37 66 27 22 61 34 14 45 26 47 81 84 88 44 42 37 88 93 49 66 24 91 65 37 85 52 19 59 59 28 83 65 35 63 64 49 35 54 79 24 96 71 42 8 47 48 22 46 23 72 9 33 71 52 11 55 48 22 56 93 55 53 85 67 69 17 9 14 43 60 64 62 41 66 71 75 56 29 67 73 77 66 44 62 90 24 65 84 30 37 22 28 84 95 25 78 68 51 54 19 38 17 62 77 52 
22 84 84 84 22 84 22 84 84 22 16 75 15 92 107 49 73 52 9 83 42 21 53 0 20 83 85 11 26 70 42 72 66 75 41 22 14 79 56 9 31 64 85 28 48 65 58 59 80 32 56 60 67 90 71 72 70 40 63 69 74 36 28 6 81 62 57 68 11 21 61 30 89 107 71 71 42 52 61 40 75 32 41 59 64 53 80 72 89 57 13 23 31 19 62 62 6 69 63 101 36 49 49 10 7 65 37 27 13 64 91 63 69 16 97 77 68 10 88 63 49 97 55 71 31 49 25 53 68 48 66 26 64 0 36 46 66 79 104 82 
41 66 66 66 41 66 41 66 66 41 12 57 4 76 91 29 55 32 17 80 40 30 54 20 0 68 75 21 28 67 29 67 47 56 31 16 30 76 48 27 21 61 75 28 31 45 39 41 69 17 44 42 49 80 52 67 51 20 51 49 59 34 9 18 80 43 38 57 18 10 45 20 77 92 65 53 23 37 62 23 61 31 24 51 44 51 73 53 78 53 6 7 32 3 45 45 13 49 44 87 36 47 45 21 19 46 17 15 20 44 73 46 61 18 81 58 49 25 73 45 41 83 37 62 19 41 31 36 50 39 46 14 48 20 34 32 61 62 88 69 
105 87 87 87 105 87 105 87 87 105 66 22 72 13 25 65 82 54 74 51 52 73 56 83 68 0 21 89 63 46 41 41 30 32 42 60 97 48 35 93 52 45 20 61 37 57 69 75 15 51 26 74 75 24 29 39 68 61 21 59 9 55 66 85 55 63 44 21 87 78 23 52 13 24 37 75 68 31 57 46 8 57 44 33 45 47 33 35 17 45 74 62 61 71 80 27 78 60 39 19 58 49 45 76 86 34 62 55 89 44 22 27 29 87 16 38 32 80 6 73 38 14 73 27 51 39 68 75 77 37 52 78 22 83 55 37 42 13 22 5 
106 106 106 106 106 106 106 106 106 106 69 42 77 33 39 79 100 69 76 31 46 71 45 85 75 21 0 94 61 30 46 24 48 52 44 63 100 29 30 95 55 32 0 59 48 75 85 91 7 57 32 90 92 4 48 22 86 73 25 78 26 52 75 89 36 80 60 18 92 86 37 56 11 36 21 93 80 40 44 55 20 55 53 27 63 38 14 55 7 35 80 68 58 78 96 42 82 78 57 24 54 41 39 76 90 52 73 60 94 62 43 43 17 94 34 59 51 80 25 90 36 21 88 15 56 36 66 90 95 37 70 87 37 86 52 44 28 34 35 16 
21 79 79 79 21 79 21 79 79 21 24 79 17 97 112 46 67 51 20 94 53 32 64 11 21 89 94 0 37 81 49 82 69 78 49 31 10 90 65 9 39 75 94 38 52 63 54 54 88 38 64 55 62 99 73 83 67 39 70 67 80 46 28 5 93 59 58 76 2 16 67 38 97 113 81 67 38 58 72 44 82 42 45 68 65 64 89 74 97 67 14 27 42 19 56 67 12 67 65 108 47 60 59 21 4 67 35 34 2 65 94 67 79 6 102 78 70 22 94 59 58 104 50 80 38 58 36 48 63 57 65 21 69 11 46 52 76 84 110 89 
45 92 92 92 45 92 45 92 92 45 16 61 26 74 88 54 81 51 17 57 16 10 27 26 28 63 61 37 0 43 25 46 55 65 21 12 40 52 31 35 16 37 61 2 36 65 64 67 57 23 36 68 74 66 59 46 74 44 42 69 56 9 35 31 55 65 52 45 36 37 46 16 67 88 45 77 49 36 35 31 54 6 31 34 59 27 54 63 66 30 28 24 4 30 71 49 25 69 56 80 9 23 23 16 32 55 41 19 38 59 76 50 44 39 79 69 58 19 69 70 25 76 63 46 18 25 5 62 75 25 64 42 48 27 9 30 39 62 85 61 
87 115 115 115 87 115 87 115 115 87 57 60 67 59 68 82 107 74 60 13 27 51 19 70 67 46 30 81 43 0 42 5 61 69 37 51 83 9 22 79 46 5 30 42 51 84 90 95 31 51 36 95 99 32 63 7 95 73 33 88 45 34 70 75 13 87 68 27 79 77 48 46 40 66 8 101 80 44 14 54 39 38 52 19 74 16 16 70 37 13 69 60 39 70 100 54 68 88 68 54 34 20 21 60 76 64 72 52 82 73 67 55 17 82 62 75 65 62 52 96 28 51 91 18 48 26 46 92 101 30 81 80 49 70 34 43 5 55 65 41 
64 75 75 75 64 75 64 75 75 64 25 36 31 51 65 40 66 33 33 54 23 34 35 42 29 41 46 49 25 42 0 41 30 40 5 19 56 50 20 51 11 36 45 23 12 45 49 54 39 11 14 54 58 50 34 40 56 31 21 49 32 21 30 44 55 47 30 28 46 40 21 11 48 65 38 61 38 11 42 12 33 21 10 23 37 28 44 39 48 30 34 22 25 32 59 24 37 50 33 59 24 26 22 35 45 31 30 15 49 36 51 25 33 48 55 45 33 40 46 54 13 55 50 33 10 15 30 50 60 12 43 41 23 42 21 5 36 38 62 40 
90 113 113 113 90 113 90 113 113 90 58 56 68 54 62 80 105 72 62 13 29 54 23 72 67 41 24 82 46 5 41 0 58 65 37 52 86 9 20 81 46 8 24 44 49 82 88 94 26 51 33 93 97 27 60 2 93 72 29 85 40 36 70 77 16 85 66 22 80 78 44 47 35 61 3 99 79 41 19 52 34 40 51 17 71 18 10 66 31 15 70 60 41 70 99 50 70 86 65 49 36 22 23 62 78 61 71 52 83 70 62 52 12 83 57 71 61 64 46 94 27 46 90 13 48 25 48 91 99 29 78 81 45 72 36 41 6 50 59 36 
88 57 57 57 88 57 88 57 57 88 50 11 51 32 46 35 52 24 59 71 51 63 62 66 47 30 48 69 55 61 30 58 0 10 34 46 78 67 40 74 39 58 47 53 18 27 38 44 41 34 25 43 44 52 4 56 38 33 28 29 22 51 41 65 74 32 14 36 66 55 13 39 43 48 54 45 39 20 67 25 28 51 25 42 14 53 55 9 46 53 54 42 55 49 49 7 60 30 9 48 54 52 48 62 67 4 35 39 68 14 26 5 45 65 36 15 3 67 32 42 38 44 42 45 37 40 60 44 46 36 21 53 12 66 51 25 56 18 44 34 
97 55 55 55 97 55 97 55 55 97 60 9 61 29 41 40 51 30 69 77 61 74 71 75 56 32 52 78 65 69 40 65 10 0 44 56 87 74 49 84 49 66 51 63 29 27 41 47 45 44 34 46 45 55 5 63 37 41 36 28 26 61 50 75 81 34 20 42 75 63 21 49 45 44 61 44 45 30 76 35 32 61 35 50 16 62 61 5 49 62 63 52 65 58 51 16 69 29 13 46 65 62 57 72 76 10 43 49 77 16 19 15 52 74 32 6 7 77 31 43 47 43 45 51 47 49 71 48 47 46 22 61 20 76 61 35 64 18 40 36 
63 80 80 80 63 80 63 80 80 63 25 40 33 53 67 45 71 38 32 50 17 31 30 41 31 42 44 49 21 37 5 37 34 44 0 18 55 46 16 51 10 32 44 19 17 50 54 59 38 14 15 58 63 49 39 36 61 36 21 55 34 16 33 44 51 52 35 26 47 42 24 11 47 67 35 66 43 15 37 17 33 17 15 20 42 23 41 43 48 25 35 24 21 34 63 28 37 55 38 60 20 21 17 33 46 36 34 16 50 42 54 29 30 49 57 49 38 38 47 59 9 55 54 31 11 11 27 55 65 8 48 44 27 42 16 9 32 41 64 41 
44 79 79 79 44 79 44 79 79 44 6 55 16 70 85 41 68 39 13 64 24 18 37 22 16 60 63 31 12 51 19 52 46 56 18 0 36 60 34 32 8 45 63 12 27 53 51 55 57 12 34 55 61 68 51 52 61 31 40 57 52 18 22 25 64 52 41 45 29 26 40 8 66 85 50 65 36 30 45 21 52 14 21 37 49 34 58 54 67 37 18 11 16 19 59 42 18 57 46 79 20 30 29 15 27 46 28 7 31 48 70 43 48 31 75 60 49 20 65 57 27 74 50 49 9 27 16 50 63 26 52 30 42 23 18 24 46 57 82 59 
11 89 89 89 11 89 11 89 89 11 30 88 26 106 120 56 77 61 23 97 56 33 66 14 30 97 100 10 40 83 56 86 78 87 55 36 0 92 70 4 45 78 99 41 61 73 65 64 94 46 70 65 73 104 83 86 77 49 77 77 88 49 38 12 94 70 68 82 13 26 75 44 103 121 85 77 49 66 74 53 89 46 54 73 75 67 94 83 104 71 23 35 44 28 66 75 18 77 74 115 49 63 63 23 10 76 46 41 12 75 103 76 84 16 110 88 80 22 102 69 63 111 60 85 45 63 38 58 73 62 75 31 77 13 49 60 79 92 118 96 
96 123 123 123 96 123 96 123 123 96 66 65 76 61 68 90 115 82 70 4 36 60 27 79 76 48 29 90 52 9 50 9 67 74 46 60 92 0 30 88 55 15 30 51 59 92 98 104 33 60 43 103 107 30 69 11 103 82 39 95 49 43 79 84 6 95 76 32 88 87 54 55 40 66 13 109 89 51 21 62 43 47 61 27 81 25 15 76 36 22 79 69 48 79 109 60 78 96 75 54 43 29 31 69 85 71 80 61 91 80 71 62 22 91 64 81 71 71 54 104 36 51 100 22 57 35 55 101 109 38 88 90 55 80 43 51 14 59 65 43 
76 93 93 93 76 93 76 93 93 76 40 42 49 47 60 60 85 52 46 34 17 41 22 56 48 35 30 65 31 22 20 20 40 49 16 34 70 30 0 65 26 17 30 29 29 62 68 73 26 31 15 73 77 34 44 20 73 52 15 66 30 22 50 59 35 65 47 14 63 59 27 27 36 59 18 79 59 22 26 32 26 25 30 3 52 13 24 50 35 12 52 41 28 51 78 33 52 67 47 50 24 14 10 46 61 43 50 33 65 52 52 35 14 65 51 55 44 50 41 74 7 45 70 15 28 6 35 70 79 8 59 61 29 56 22 21 16 39 56 31 
13 88 88 88 13 88 13 88 88 13 26 84 23 102 116 54 77 59 19 92 51 28 61 9 27 93 95 9 35 79 51 81 74 84 51 32 4 88 65 0 41 73 95 37 57 71 63 63 90 42 66 64 71 100 79 82 75 47 73 75 84 45 35 9 90 68 65 78 11 24 71 40 99 117 81 76 47 62 69 49 85 41 50 68 72 62 89 80 99 66 20 32 40 26 66 72 14 75 71 111 45 58 58 19 8 73 43 37 11 72 100 73 79 15 107 85 77 17 98 68 59 107 59 81 41 59 33 57 72 58 73 30 73 9 45 56 75 88 114 92 
53 77 77 77 53 77 53 77 77 53 14 47 22 62 76 40 67 36 22 59 21 24 34 31 21 52 55 39 16 46 11 46 39 49 10 8 45 55 26 41 0 40 55 14 20 49 50 54 49 7 25 54 59 60 44 46 58 30 32 53 43 16 24 33 59 50 36 37 36 32 31 0 58 76 44 63 36 22 42 15 43 14 14 30 43 30 51 47 58 32 25 14 17 24 58 34 27 54 40 70 19 26 24 24 35 39 27 6 39 43 61 35 40 38 66 53 42 29 57 55 19 66 49 41 3 20 21 49 61 18 48 34 34 31 16 15 40 49 73 51 
82 111 111 111 82 111 82 111 111 82 51 58 61 59 69 77 102 70 54 19 21 45 14 64 61 45 32 75 37 5 36 8 58 66 32 45 78 15 17 73 40 0 32 36 46 80 85 90 32 46 32 90 94 35 60 10 91 68 30 84 43 28 65 69 19 83 64 25 73 72 44 41 41 67 10 97 75 39 12 48 38 32 47 16 70 10 19 67 39 7 64 54 33 64 95 50 63 84 64 56 28 14 16 54 70 60 66 46 76 69 66 52 16 76 62 72 61 56 51 91 22 52 86 18 42 21 40 87 96 24 76 75 46 65 28 38 3 53 65 41 
106 105 105 105 106 105 106 105 105 106 69 41 77 32 38 79 99 69 75 31 46 71 45 85 75 20 0 94 61 30 45 24 47 51 44 63 99 30 30 95 55 32 0 59 47 74 84 90 6 57 31 90 92 5 48 22 86 73 24 77 25 52 74 88 36 79 60 17 91 85 36 55 10 36 22 92 80 39 44 54 19 55 53 27 62 38 15 54 6 35 80 68 58 78 95 42 82 78 56 24 54 41 38 76 90 51 73 60 94 62 42 42 17 93 34 58 50 80 24 89 36 21 87 15 55 36 65 89 94 36 69 87 36 86 52 43 29 33 35 15 
47 91 91 91 47 91 47 91 91 47 16 59 27 72 86 53 80 50 18 55 14 12 26 28 28 61 59 38 2 42 23 44 53 63 19 12 41 51 29 37 14 36 59 0 34 63 63 67 55 22 34 67 73 64 57 44 73 43 39 68 53 7 35 33 54 64 50 43 37 38 44 14 65 86 43 76 48 34 34 29 52 4 29 32 58 25 52 61 64 29 29 23 4 30 71 47 26 68 54 78 8 21 21 18 34 53 40 18 39 57 74 49 42 40 77 67 56 21 66 69 23 73 62 44 17 23 7 62 74 23 62 42 46 28 8 28 38 60 83 59 
70 64 64 64 70 64 70 64 64 70 32 27 35 45 59 32 56 23 40 63 35 44 47 48 31 37 48 52 36 51 12 49 18 29 17 27 61 59 29 57 20 46 47 34 0 34 39 45 41 15 16 44 48 53 23 48 44 25 23 38 28 33 28 48 64 36 18 31 50 40 14 20 47 60 46 50 32 8 53 8 31 33 7 31 25 39 50 27 49 40 37 25 37 34 50 14 42 38 20 56 37 37 33 43 50 19 25 20 52 24 42 15 39 50 49 33 22 48 41 44 24 52 41 39 18 26 41 42 50 22 31 40 16 48 33 8 45 31 57 38 
84 31 31 31 84 31 84 31 31 84 54 36 49 56 69 17 24 13 61 96 68 71 81 65 45 57 75 63 65 84 45 82 27 27 50 53 73 92 62 71 49 80 74 63 34 0 13 19 68 41 48 18 17 79 28 81 11 24 53 4 50 65 36 62 98 6 15 61 60 47 38 49 70 72 79 17 24 40 87 34 55 63 35 64 12 73 81 22 74 74 51 44 67 45 23 32 58 4 18 74 68 71 67 65 63 23 28 45 61 13 47 32 70 57 60 23 25 70 58 15 58 70 19 70 46 60 70 22 19 56 5 42 38 65 65 42 79 44 68 61 
76 27 27 27 76 27 76 27 27 76 50 48 44 69 82 10 17 16 57 102 70 68 84 58 39 69 85 54 64 90 49 88 38 41 54 51 65 98 68 63 50 85 84 63 39 13 0 6 77 42 56 5 9 89 40 87 12 20 61 15 60 66 30 54 104 7 24 69 52 38 47 49 81 85 85 13 16 47 91 37 65 64 38 70 24 77 89 36 84 79 44 40 67 39 11 42 52 15 29 86 69 75 71 60 55 34 23 44 52 25 60 42 78 48 73 37 37 65 70 5 62 82 5 78 46 64 68 8 11 60 19 33 48 58 66 47 84 57 81 72 
75 25 25 25 75 25 75 25 25 75 53 54 45 75 88 13 13 21 59 108 75 71 88 59 41 75 91 54 67 95 54 94 44 47 59 55 64 104 73 63 54 90 90 67 45 19 6 0 83 46 61 1 8 95 46 93 14 23 67 20 66 70 32 55 109 13 30 75 52 39 53 53 87 91 91 12 18 52 96 42 71 68 43 76 30 82 95 42 90 84 46 43 71 41 5 48 53 19 35 92 73 79 76 63 56 40 26 48 52 31 66 48 84 48 79 42 43 67 76 5 67 88 4 84 51 69 71 6 8 65 25 33 54 59 70 52 90 63 87 78 
101 98 98 98 101 98 101 98 98 101 64 35 71 28 37 72 92 62 71 35 43 67 44 80 69 15 7 88 57 31 39 26 41 45 38 57 94 33 26 90 49 32 6 55 41 68 77 83 0 51 25 83 85 11 41 24 79 66 18 70 18 48 68 83 40 72 53 12 86 79 29 50 10 35 22 86 73 33 44 48 12 51 46 23 55 36 18 48 9 33 74 62 54 72 88 35 76 71 49 24 50 38 35 72 85 44 66 54 88 55 37 36 15 87 30 52 43 75 20 82 31 20 80 13 50 31 62 82 87 32 63 80 29 81 48 37 28 27 33 10 
55 69 69 69 55 69 55 69 69 55 16 43 20 60 74 32 59 28 25 65 28 30 42 32 17 51 57 38 23 51 11 51 34 44 14 12 46 60 31 42 7 46 57 22 15 41 42 46 51 0 26 46 52 62 39 51 51 23 33 46 42 24 18 33 65 42 29 39 35 28 29 7 59 75 49 55 29 20 49 8 43 22 8 34 36 37 55 41 60 39 23 11 25 21 51 30 27 46 33 70 27 33 30 27 35 33 20 5 38 36 58 31 44 36 64 47 36 33 56 48 24 65 42 45 4 25 28 42 53 22 40 30 31 33 24 14 46 46 71 51 
78 80 80 80 78 80 78 80 80 78 39 27 46 37 51 48 72 39 47 47 28 46 37 56 44 26 32 64 36 36 14 33 25 34 15 34 70 43 15 66 25 32 31 34 16 48 56 61 25 26 0 61 64 36 29 32 60 42 7 52 19 30 43 59 49 52 32 14 61 54 12 26 33 51 30 66 49 8 41 22 18 31 21 16 37 28 33 35 34 27 49 37 35 47 66 18 52 52 32 44 33 27 23 49 60 28 41 29 63 37 40 20 22 62 42 40 29 53 32 61 13 40 58 22 25 15 42 59 66 12 44 55 14 57 30 11 30 26 48 25 
76 24 24 24 76 24 76 24 24 76 53 53 46 74 87 13 13 21 60 107 75 72 88 60 42 74 90 55 68 95 54 93 43 46 58 55 65 103 73 64 54 90 90 67 44 18 5 1 83 46 61 0 7 95 45 93 13 23 67 19 66 70 33 55 109 11 30 75 53 40 53 53 86 90 91 11 19 52 95 41 71 68 43 76 29 82 94 40 90 84 47 44 71 41 5 48 54 18 34 91 73 79 76 63 57 39 26 48 53 30 65 47 83 49 78 41 42 68 75 3 67 87 5 83 51 69 72 7 8 65 23 34 53 60 71 52 90 62 86 77 
84 17 17 17 84 17 84 17 17 84 60 53 53 74 86 19 7 24 67 111 80 78 93 67 49 75 92 62 74 99 58 97 44 45 63 61 73 107 77 71 59 94 92 73 48 17 9 8 85 52 64 7 0 96 45 96 8 29 69 16 67 76 40 63 113 12 32 78 60 47 55 59 88 89 94 4 25 55 100 46 72 74 47 79 29 87 97 40 91 88 54 50 77 48 8 49 61 16 35 91 79 84 80 70 64 40 33 54 60 30 64 49 86 56 77 40 42 75 75 3 72 88 12 86 56 73 78 14 2 70 23 41 55 67 76 56 93 62 85 78 
111 110 110 110 111 110 111 110 110 111 74 45 82 34 38 84 104 74 80 31 51 75 49 90 80 24 4 99 66 32 50 27 52 55 49 68 104 30 34 100 60 35 5 64 53 79 89 95 11 62 36 95 96 0 52 25 90 78 29 82 29 56 80 94 37 84 64 22 96 91 41 60 11 36 24 97 85 44 47 59 24 59 58 31 67 42 16 59 7 38 85 73 62 83 100 47 87 82 61 23 58 45 43 81 95 56 78 65 99 66 45 47 21 98 35 62 55 85 27 94 41 21 92 19 61 41 70 94 99 41 74 92 41 91 56 48 32 37 35 19 
93 57 57 57 93 57 93 57 57 93 55 8 56 29 42 38 53 28 64 73 56 68 66 71 52 29 48 73 59 63 34 60 4 5 39 51 83 69 44 79 44 60 48 57 23 28 40 46 41 39 29 45 45 52 0 58 38 37 30 30 22 55 46 70 76 34 17 37 71 59 16 44 42 44 56 46 43 24 70 30 28 55 30 44 16 57 57 6 46 56 59 47 60 54 51 10 65 30 11 45 59 56 52 66 72 7 40 44 72 15 21 9 47 70 33 11 3 72 30 44 42 42 45 47 42 43 65 47 48 40 22 57 14 71 55 29 58 16 41 33 
91 112 112 112 91 112 91 112 112 91 58 54 68 52 60 80 104 71 63 14 30 55 24 72 67 39 22 83 46 7 40 2 56 63 36 52 86 11 20 82 46 10 22 44 48 81 87 93 24 51 32 93 96 25 58 0 92 72 27 84 38 37 70 77 17 84 65 21 81 78 43 46 33 59 1 98 79 40 21 52 32 40 50 17 69 19 8 65 29 16 71 60 42 70 98 49 70 84 64 47 37 23 23 63 78 59 70 52 83 69 60 50 10 84 55 70 60 65 44 93 26 44 89 11 48 25 49 90 98 28 76 81 44 73 37 40 7 48 57 34 
88 20 20 20 88 20 88 20 20 88 61 46 55 66 78 21 14 22 68 107 78 79 91 70 51 68 86 67 74 95 56 93 38 37 61 61 77 103 73 75 58 91 86 73 44 11 12 14 79 51 60 13 8 90 38 92 0 30 65 8 60 75 42 66 109 8 27 72 64 51 50 58 81 81 90 7 28 51 98 44 66 73 45 76 23 84 92 32 84 85 56 51 76 51 16 44 64 8 29 84 78 82 78 72 68 34 34 54 65 24 56 43 82 61 70 32 35 77 68 9 68 80 17 82 55 70 78 20 10 66 16 45 49 70 75 53 90 55 77 72 
60 47 47 47 60 47 60 47 47 60 30 45 25 65 80 10 37 12 38 86 51 48 65 40 20 61 73 39 44 73 31 72 33 41 36 31 49 82 52 47 30 68 73 43 25 24 20 23 66 23 42 23 29 78 37 72 30 0 48 28 52 47 11 37 87 22 20 56 36 23 37 30 72 81 70 33 7 33 72 19 55 44 21 55 26 59 75 36 74 61 26 21 47 21 28 34 34 28 27 80 50 56 53 41 39 30 3 25 37 26 59 34 63 34 70 40 34 46 64 25 45 76 19 64 27 47 48 19 31 43 26 20 39 40 47 31 68 51 78 63 
85 85 85 85 85 85 85 85 85 85 46 27 53 33 46 55 77 45 54 42 31 52 37 63 51 21 25 70 42 33 21 29 28 36 21 40 77 39 15 73 32 30 24 39 23 53 61 67 18 33 7 67 69 29 30 27 65 48 0 57 15 34 50 66 45 57 38 8 68 61 15 32 26 46 25 71 55 15 40 30 12 36 28 14 42 28 27 37 27 27 56 44 40 54 72 21 59 57 36 38 37 29 24 55 67 32 48 36 70 41 37 22 17 69 37 42 32 59 27 66 16 34 64 16 32 18 47 65 72 16 49 62 16 63 34 18 27 24 43 19 
88 28 28 28 88 28 88 28 28 88 58 37 54 57 70 21 22 18 66 99 72 75 85 69 49 59 78 67 69 88 49 85 29 28 55 57 77 95 66 75 53 84 77 68 38 4 15 20 70 46 52 19 16 82 30 84 8 28 57 0 52 69 40 66 101 8 19 64 64 51 41 53 72 72 82 15 28 44 91 39 58 68 39 68 15 77 84 24 76 78 55 48 71 50 23 35 62 0 20 75 73 75 71 69 67 25 32 50 65 15 47 34 74 61 61 23 27 74 60 15 62 72 21 74 50 64 74 23 18 60 7 46 41 69 70 46 83 46 68 63 
97 80 80 80 97 80 97 80 80 97 57 16 63 18 32 56 74 45 66 52 46 66 52 74 59 9 26 80 56 45 32 40 22 26 34 52 88 49 30 84 43 43 25 53 28 50 60 66 18 42 19 66 67 29 22 38 60 52 15 52 0 48 56 76 56 55 36 18 78 69 14 44 20 32 37 67 58 22 55 36 6 50 35 29 37 43 35 29 24 41 66 53 54 62 71 18 69 52 31 28 52 44 40 68 78 26 53 47 80 36 22 18 28 78 23 33 25 72 13 64 31 23 64 27 43 33 61 66 69 31 44 69 13 75 49 28 41 9 29 11 
55 94 94 94 55 94 55 94 94 55 23 56 33 67 80 56 83 52 26 47 6 18 19 36 34 55 52 46 9 34 21 36 51 61 16 18 49 43 22 45 16 28 52 7 33 65 66 70 48 24 30 70 76 56 55 37 75 47 34 69 48 0 40 41 46 66 51 36 45 44 40 16 58 80 35 79 53 31 27 30 46 3 29 24 58 17 44 60 57 21 36 28 6 37 75 45 34 70 54 71 3 13 13 26 42 52 44 22 47 57 70 46 35 48 71 66 54 28 61 72 17 67 66 36 19 16 13 66 78 17 63 48 43 36 0 25 30 56 77 53 
49 57 57 57 49 57 49 57 57 49 20 52 13 72 87 20 46 23 26 83 45 38 59 28 9 66 75 28 35 70 30 70 41 50 33 22 38 79 50 35 24 65 74 35 28 36 30 32 68 18 43 33 40 80 46 70 42 11 50 40 56 40 0 26 84 33 30 57 25 13 42 24 75 88 68 44 14 35 67 20 59 37 21 53 37 55 74 46 77 57 15 11 39 9 36 40 22 40 37 85 42 51 48 30 27 39 8 18 26 37 67 41 63 23 77 50 43 35 69 36 43 80 28 63 22 44 39 27 41 41 37 12 44 28 40 31 65 58 84 67 
22 79 79 79 22 79 22 79 79 22 19 75 14 93 108 45 68 49 14 88 47 27 59 6 18 85 89 5 31 75 44 77 65 75 44 25 12 84 59 9 33 69 88 33 48 62 54 55 83 33 59 55 63 94 70 77 66 37 66 66 76 41 26 0 87 59 56 71 4 15 63 33 92 109 76 67 38 54 67 40 77 37 41 63 62 58 84 71 92 62 11 23 36 16 57 63 6 66 62 104 41 54 54 16 1 64 34 29 7 62 91 64 73 9 98 76 67 17 90 59 53 99 50 75 33 53 31 49 63 52 64 21 65 6 41 48 71 80 105 84 
98 129 129 129 98 129 98 129 129 98 69 72 80 68 75 96 121 88 72 5 39 61 28 81 80 55 36 93 55 13 55 16 74 81 51 64 94 6 35 90 59 19 36 54 64 98 104 109 40 65 49 109 113 37 76 17 109 87 45 101 56 46 84 87 0 101 82 38 91 90 60 60 47 72 19 115 94 57 21 67 50 50 66 33 87 29 21 83 43 26 82 73 50 83 114 67 81 102 81 60 45 33 35 71 88 77 85 66 94 86 77 68 28 94 70 88 77 72 60 109 41 58 105 29 61 40 56 106 115 43 94 94 62 82 46 57 19 66 72 50 
81 28 28 28 81 28 81 28 28 81 52 42 47 62 75 13 19 13 60 99 70 70 83 62 43 63 80 59 65 87 47 85 32 34 52 52 70 95 65 68 50 83 79 64 36 6 7 13 72 42 52 11 12 84 34 84 8 22 57 8 55 66 33 59 101 0 19 65 57 43 43 49 75 78 82 13 21 43 89 35 60 64 37 68 18 76 85 29 79 77 48 43 67 43 17 37 56 7 23 80 69 73 69 63 60 28 25 45 57 18 53 36 74 54 66 29 30 68 64 9 60 76 13 74 47 62 69 16 14 58 11 38 43 62 66 45 82 50 74 66 
79 47 47 47 79 47 79 47 47 79 43 25 42 46 60 21 39 10 52 80 53 59 65 57 38 44 60 58 52 68 30 66 14 20 35 41 68 76 47 65 36 64 60 50 18 15 24 30 53 29 32 30 32 64 17 65 27 20 38 19 36 51 30 56 82 19 0 46 55 43 23 36 56 62 63 33 25 24 72 21 41 50 21 48 7 58 65 15 59 58 44 34 54 39 35 18 51 20 6 62 54 56 52 55 57 10 23 33 57 7 39 17 55 54 50 20 14 60 46 29 42 58 28 54 33 44 57 30 34 40 12 40 23 57 51 27 63 32 58 47 
89 92 92 92 89 92 89 92 92 89 52 33 59 34 45 63 85 54 58 35 32 55 35 68 57 21 18 76 45 27 28 22 36 42 26 45 82 32 14 78 37 25 17 43 31 61 69 75 12 39 14 75 78 22 37 21 72 56 8 64 18 36 57 71 38 65 46 0 74 68 23 38 21 44 19 79 63 23 37 37 13 39 36 12 49 26 19 44 21 24 62 50 42 60 80 29 64 65 44 35 39 28 24 59 72 39 56 43 76 49 41 30 10 76 38 49 39 63 27 75 19 31 72 9 38 20 50 74 80 19 57 69 23 68 36 26 22 28 42 17 
24 76 76 76 24 76 24 76 76 24 22 76 15 95 110 43 65 48 19 92 51 32 63 11 18 87 92 2 36 79 46 80 66 75 47 29 13 88 63 11 36 73 91 37 50 60 52 52 86 35 61 53 60 96 71 81 64 36 68 64 78 45 25 4 91 57 55 74 0 13 64 36 94 110 79 64 36 55 71 41 79 41 42 66 62 62 87 71 95 66 12 24 40 16 54 64 10 64 62 106 45 58 57 20 4 64 33 31 2 62 92 65 77 4 100 76 68 22 91 56 56 101 48 78 36 56 35 46 61 55 62 18 66 10 45 50 74 81 107 87 
37 64 64 64 37 64 37 64 64 37 21 65 11 85 100 30 52 35 23 91 51 37 64 21 10 78 86 16 37 77 40 78 55 63 42 26 26 87 59 24 32 72 85 38 40 47 38 39 79 28 54 40 47 91 59 78 51 23 61 51 69 44 13 15 90 43 43 68 13 0 55 31 87 101 76 51 22 47 72 32 71 41 34 62 49 61 84 59 88 64 9 17 42 7 41 53 15 51 50 97 46 57 55 26 17 52 20 25 14 49 81 54 72 10 90 63 56 30 82 43 52 93 34 73 30 52 39 33 48 50 49 5 57 20 45 42 72 71 97 79 
84 69 69 69 84 69 84 69 69 84 45 15 49 30 45 42 63 32 53 58 40 55 49 61 45 23 37 67 46 48 21 44 13 21 24 40 75 54 27 71 31 44 36 44 14 38 47 53 29 29 12 53 55 41 16 43 50 37 15 41 14 40 42 63 60 43 23 23 64 55 0 32 34 46 41 56 44 9 54 22 18 41 21 28 26 40 42 22 37 40 52 39 45 48 59 6 56 42 21 42 44 40 35 56 64 16 38 34 66 26 29 7 32 64 35 28 17 61 27 52 26 38 51 32 30 27 51 52 57 24 34 54 2 62 41 16 42 17 42 25 
52 77 77 77 52 77 52 77 77 52 13 47 21 62 77 40 67 36 21 60 21 24 35 30 20 52 56 38 16 46 11 47 39 49 11 8 44 55 27 40 0 41 55 14 20 49 49 53 50 7 26 53 59 60 44 46 58 30 32 53 44 16 24 33 60 49 36 38 36 31 32 0 59 77 45 62 36 22 43 15 44 14 14 30 43 30 52 47 59 33 24 13 18 23 58 34 26 54 40 71 19 27 24 23 34 39 27 6 38 43 62 36 41 38 67 53 42 28 57 55 20 66 49 42 2 21 21 49 61 19 48 34 35 31 17 16 41 49 74 51 
111 100 100 100 111 100 111 100 100 111 73 35 79 22 27 77 95 66 80 42 53 77 54 89 77 13 11 97 67 40 48 35 43 45 47 66 103 40 36 99 58 41 10 65 47 70 81 87 10 59 33 86 88 11 42 33 81 72 26 72 20 58 75 92 47 75 56 21 94 87 34 59 0 25 32 88 79 40 54 55 16 61 53 33 58 46 25 49 4 43 82 70 64 80 92 38 85 73 52 14 60 49 46 81 93 47 72 63 97 57 33 39 25 96 23 51 45 85 15 85 41 10 85 23 58 41 72 87 90 41 65 87 33 90 58 44 38 26 24 9 
130 97 97 97 130 97 130 97 97 130 90 37 95 16 3 83 95 72 99 67 76 98 79 107 92 24 36 113 88 66 65 61 48 44 67 85 121 66 59 117 76 67 36 86 60 72 85 91 35 75 51 90 89 36 44 59 81 81 46 72 32 80 88 109 72 78 62 44 110 101 46 77 25 0 58 88 87 55 79 69 33 82 67 57 60 71 51 49 29 68 98 86 86 95 95 47 102 73 56 12 83 73 69 100 110 51 83 80 113 60 24 47 51 111 11 49 48 105 19 87 63 15 89 49 76 64 93 92 91 62 66 100 44 108 80 61 64 30 3 27 
90 110 110 110 90 110 90 110 110 90 57 52 66 50 59 78 102 69 61 16 29 54 24 71 65 37 21 81 45 8 38 3 54 61 35 50 85 13 18 81 44 10 22 43 46 79 85 91 22 49 30 91 94 24 56 1 90 70 25 82 37 35 68 76 19 82 63 19 79 76 41 45 32 58 0 96 77 38 22 50 31 39 48 15 67 18 9 63 29 15 69 59 41 69 96 47 69 83 62 46 36 22 22 61 77 57 68 51 82 67 59 48 9 82 53 68 58 64 43 91 25 43 87 10 46 24 48 88 96 26 74 79 42 72 35 38 7 47 56 32 
88 14 14 14 88 14 88 14 14 88 64 53 57 73 85 23 7 27 70 113 83 82 96 71 53 75 93 67 77 101 61 99 45 44 66 65 77 109 79 76 63 97 92 76 50 17 13 12 86 55 66 11 4 97 46 98 7 33 71 15 67 79 44 67 115 13 33 79 64 51 56 62 88 88 96 0 29 57 103 49 73 77 50 81 30 89 99 40 91 90 58 54 80 52 12 50 65 15 36 91 82 87 83 74 68 41 36 58 64 30 63 50 88 60 77 39 42 79 75 8 74 88 16 88 59 76 81 18 4 72 23 45 56 71 79 58 96 62 84 79 
60 43 43 43 60 43 60 43 43 60 34 50 27 71 85 7 32 15 41 93 58 52 71 42 23 68 80 38 49 80 38 79 39 45 43 36 49 89 59 47 36 75 80 48 32 24 16 18 73 29 49 19 25 85 43 79 28 7 55 28 58 53 14 38 94 21 25 63 36 22 44 36 79 87 77 29 0 40 79 26 62 50 28 62 29 66 82 40 81 68 28 25 52 23 22 41 35 28 32 86 55 63 59 44 39 36 8 30 36 30 64 41 70 33 76 44 39 49 70 21 52 82 13 71 33 54 53 13 27 50 28 17 45 42 53 38 75 57 83 69 
75 71 71 71 75 71 75 71 71 75 35 25 40 40 54 40 63 31 44 55 31 45 42 52 37 31 40 58 36 44 11 41 20 30 15 30 66 51 22 62 22 39 39 34 8 40 47 52 33 20 8 52 55 44 24 40 51 33 15 44 22 31 35 54 57 43 24 23 55 47 9 22 40 55 38 57 40 0 47 15 23 32 13 24 30 34 42 29 41 34 43 31 36 40 58 13 47 44 25 50 35 32 28 46 55 22 33 24 58 29 39 15 31 56 44 35 23 51 35 52 18 45 49 31 21 20 42 50 57 16 37 47 12 53 31 6 38 26 51 31 
76 117 117 117 76 117 76 117 117 76 50 68 61 71 81 82 108 76 52 24 21 40 8 61 62 57 44 72 35 14 42 19 67 76 37 45 74 21 26 69 42 12 44 34 53 87 91 96 44 49 41 95 100 47 70 21 98 72 40 91 55 27 67 67 21 89 72 37 71 72 54 43 54 79 22 103 79 47 0 54 50 31 52 26 78 13 30 76 51 13 63 56 30 64 100 60 61 92 73 68 26 16 20 51 68 69 70 49 74 77 78 61 28 75 74 82 70 52 63 97 29 65 91 30 45 27 36 92 102 31 84 76 56 62 27 45 15 64 78 53 
62 63 63 63 62 63 62 63 63 62 24 35 26 53 68 28 54 22 33 66 34 39 47 40 23 46 55 44 31 54 12 52 25 35 17 21 53 62 32 49 15 48 54 29 8 34 37 42 48 8 22 41 46 59 30 52 44 19 30 39 36 30 20 40 67 35 21 37 41 32 22 15 55 69 50 49 26 15 54 0 39 29 1 35 28 40 55 33 56 42 29 17 33 26 46 22 34 39 25 65 34 38 34 36 42 25 18 13 44 28 50 23 44 42 58 38 28 41 50 42 26 60 37 44 12 27 36 38 48 24 33 32 24 40 30 11 48 39 65 46 
97 86 86 86 97 86 97 86 86 97 58 22 64 21 34 60 80 50 66 46 43 64 48 75 61 8 20 82 54 39 33 34 28 32 33 52 89 43 26 85 43 38 19 52 31 55 65 71 12 43 18 71 72 24 28 32 66 55 12 58 6 46 59 77 50 60 41 13 79 71 18 44 16 33 31 73 62 23 50 39 0 48 37 25 43 39 29 35 18 37 67 54 52 64 76 23 70 58 37 26 49 40 36 67 78 32 56 47 81 42 28 23 22 80 25 39 31 72 14 70 29 22 69 21 43 30 60 71 75 28 50 71 17 75 46 29 35 15 30 7 
51 92 92 92 51 92 51 92 92 51 19 57 30 69 82 54 81 50 22 51 10 16 22 32 31 57 55 42 6 38 21 40 51 61 17 14 46 47 25 41 14 32 55 4 33 63 64 68 51 22 31 68 74 59 55 40 73 44 36 68 50 3 37 37 50 64 50 39 41 41 41 14 61 82 39 77 50 32 31 29 48 0 28 28 57 21 47 60 60 24 32 25 4 33 72 45 30 68 53 74 5 17 17 22 38 52 41 19 43 57 71 46 38 44 73 66 54 25 63 70 19 70 63 40 17 19 11 63 75 19 62 45 44 32 3 26 33 57 79 55 
63 65 65 65 63 65 63 65 65 63 25 34 27 52 67 29 55 23 33 65 32 38 46 41 24 44 53 45 31 52 10 51 25 35 15 21 54 61 30 50 14 47 53 29 7 35 38 43 46 8 21 43 47 58 30 50 45 21 28 39 35 29 21 41 66 37 21 36 42 34 21 14 53 67 48 50 28 13 52 1 37 28 0 33 28 39 53 33 55 40 30 18 32 27 48 21 35 40 25 63 33 36 32 36 43 25 20 13 45 28 49 22 42 43 57 38 28 41 48 44 24 59 39 42 12 26 36 40 49 22 33 34 23 41 30 10 46 38 64 45 
79 96 96 96 79 96 79 96 96 79 43 42 52 46 58 63 87 55 49 31 20 43 23 59 51 33 27 68 34 19 23 17 42 50 20 37 73 27 3 68 30 16 27 32 31 64 70 76 23 34 16 76 79 31 44 17 76 55 14 68 29 24 53 63 33 68 48 12 66 62 28 30 33 57 15 81 62 24 26 35 25 28 33 0 54 14 21 51 32 12 55 44 31 54 81 34 56 69 48 47 27 15 12 49 64 44 53 36 69 53 52 36 10 68 50 56 45 53 39 76 10 43 72 12 31 9 38 73 81 11 61 64 30 59 25 23 14 38 55 30 
85 43 43 43 85 43 85 43 43 85 51 24 49 44 58 24 37 14 59 84 60 67 72 64 44 45 63 65 59 74 37 71 14 16 42 49 75 81 52 72 43 70 62 58 25 12 24 30 55 36 37 29 29 67 16 69 23 26 42 15 37 58 37 62 87 18 7 49 62 49 26 43 58 60 67 30 29 30 78 28 43 57 28 54 0 64 69 11 61 64 51 42 61 46 35 20 58 15 5 61 61 62 58 63 64 10 29 41 63 0 36 19 59 60 49 14 12 68 46 28 48 58 29 59 40 50 65 31 32 46 7 46 26 64 58 33 68 32 56 48 
72 104 104 104 72 104 72 104 104 72 40 55 50 60 72 68 95 62 44 30 11 35 9 53 51 47 38 64 27 16 28 18 53 62 23 34 67 25 13 62 30 10 38 25 39 73 77 82 36 37 28 82 87 42 57 19 84 59 28 77 43 17 55 58 29 76 58 26 62 61 40 30 46 71 18 89 66 34 13 40 39 21 39 14 64 0 28 63 44 3 53 44 22 53 87 46 52 78 59 61 17 4 6 43 59 56 57 36 65 63 66 48 21 66 64 68 57 45 53 83 15 57 78 22 32 13 30 79 89 17 70 65 42 54 17 31 12 52 69 43 
99 112 112 112 99 112 99 112 112 99 64 51 74 46 53 82 105 73 70 17 38 62 33 80 73 33 14 89 54 16 44 10 55 61 41 58 94 15 24 89 51 19 15 52 50 81 89 95 18 55 33 94 97 16 57 8 92 75 27 84 35 44 74 84 21 85 65 19 87 84 42 52 25 51 9 99 82 42 30 55 29 47 53 21 69 28 0 64 21 24 77 66 50 76 100 49 77 85 63 39 45 31 30 70 85 59 74 58 90 69 56 50 11 90 48 68 58 73 38 94 31 36 91 11 53 31 57 93 100 33 77 86 43 80 44 43 16 45 50 28 
94 51 51 51 94 51 94 51 51 94 57 13 57 33 46 35 47 25 66 80 61 72 71 72 53 35 55 74 63 70 39 66 9 5 43 54 83 76 50 80 47 67 54 61 27 22 36 42 48 41 35 40 40 59 6 65 32 36 37 24 29 60 46 71 83 29 15 44 71 59 22 47 49 49 63 40 40 29 76 33 35 60 33 51 11 63 64 0 52 62 60 49 64 55 46 16 66 24 9 51 64 62 57 69 73 8 39 46 73 11 24 15 54 70 37 5 5 74 35 38 47 48 40 53 45 49 69 43 42 46 17 56 21 72 60 34 65 22 45 40 
111 104 104 104 111 104 111 104 104 111 73 39 80 26 31 79 98 69 80 38 52 76 52 89 78 17 7 97 66 37 48 31 46 49 48 67 104 36 35 99 58 39 6 64 49 74 84 90 9 60 34 90 91 7 46 29 84 74 27 76 24 57 77 92 43 79 59 21 95 88 37 59 4 29 29 91 81 41 51 56 18 60 55 32 61 44 21 52 0 41 83 71 63 81 95 41 85 76 55 17 59 47 44 81 94 50 74 63 98 61 38 42 23 97 28 55 49 85 20 88 40 14 88 21 59 41 71 89 93 41 68 89 36 90 57 46 35 30 28 12 
75 105 105 105 75 105 75 105 105 75 43 54 53 58 69 70 96 63 47 26 14 38 11 57 53 45 35 67 30 13 30 15 53 62 25 37 71 22 12 66 32 7 35 29 40 74 79 84 33 39 27 84 88 38 56 16 85 61 27 78 41 21 57 62 26 77 58 24 66 64 40 33 43 68 15 90 68 34 13 42 37 24 40 12 64 3 24 62 41 0 56 47 26 56 89 46 55 78 59 58 21 7 8 47 63 56 59 39 68 64 64 47 18 69 62 68 57 49 51 84 16 54 80 19 35 14 33 80 90 18 71 67 42 57 21 32 8 51 66 41 
34 71 71 71 34 71 34 71 71 34 12 64 2 83 97 35 60 38 14 83 42 27 55 13 6 74 80 14 28 69 34 70 54 63 35 18 23 79 52 20 25 64 80 29 37 51 44 46 74 23 49 47 54 85 59 71 56 26 56 55 66 36 15 11 82 48 44 62 12 9 52 24 82 98 69 58 28 43 63 29 67 32 30 55 51 53 77 60 83 56 0 12 33 5 49 52 7 55 51 93 37 49 47 17 13 52 23 19 14 51 80 53 66 13 87 64 56 21 79 50 45 89 41 67 24 45 29 40 55 43 52 14 54 13 36 38 64 69 95 74 
45 68 68 68 45 68 45 68 68 45 9 52 9 70 85 30 57 30 17 73 34 27 48 23 7 62 68 27 24 60 22 60 42 52 24 11 35 69 41 32 14 54 68 23 25 44 40 43 62 11 37 44 50 73 47 60 51 21 44 48 53 28 11 23 73 43 34 50 24 17 39 13 70 86 59 54 25 31 56 17 54 25 18 44 42 44 66 49 71 47 12 0 27 10 48 39 17 48 40 81 31 40 38 21 24 41 17 8 27 41 68 40 54 25 75 54 45 26 66 46 34 76 39 55 12 35 27 38 52 32 44 20 42 23 29 25 55 56 82 62 
49 95 95 95 49 95 49 95 95 49 20 61 31 73 86 57 84 54 21 52 11 12 22 31 32 61 58 42 4 39 25 41 55 65 21 16 44 48 28 40 17 33 58 4 37 67 67 71 54 25 35 71 77 62 60 42 76 47 40 71 54 6 39 36 50 67 54 42 40 42 45 18 64 86 41 80 52 36 30 33 52 4 32 31 61 22 50 64 63 26 33 27 0 35 75 49 30 72 57 78 4 18 19 20 37 56 44 22 43 60 75 51 41 44 77 70 58 23 67 73 23 73 66 42 20 22 7 66 78 23 66 46 48 31 6 30 35 61 83 59 
39 66 66 66 39 66 39 66 66 39 14 60 4 79 94 29 55 33 18 83 43 31 56 19 3 71 78 19 30 70 32 70 49 58 34 19 28 79 51 26 24 64 78 30 34 45 39 41 72 21 47 41 48 83 54 70 51 21 54 50 62 37 9 16 83 43 39 60 16 7 48 23 80 95 69 52 23 40 64 26 64 33 27 54 46 53 76 55 81 56 5 10 35 0 44 48 12 50 46 90 39 50 48 21 18 48 17 18 18 46 75 48 65 16 84 59 51 26 76 44 44 86 36 65 22 45 33 35 49 42 47 11 50 19 37 35 65 65 91 72 
77 22 22 22 77 22 77 22 22 77 57 59 49 80 93 18 11 26 63 113 79 75 93 62 45 80 96 56 71 100 59 99 49 51 63 59 66 109 78 66 58 95 95 71 50 23 11 5 88 51 66 5 8 100 51 98 16 28 72 23 71 75 36 57 114 17 35 80 54 41 59 58 92 95 96 12 22 58 100 46 76 72 48 81 35 87 100 46 95 89 49 48 75 44 0 53 56 23 40 97 78 84 81 66 58 45 30 53 54 35 71 53 89 50 84 47 48 70 81 7 72 93 9 89 55 74 75 9 7 70 29 35 59 62 75 57 95 67 91 83 
85 63 63 63 85 63 85 63 63 85 46 12 49 31 46 38 57 27 55 64 45 58 55 62 45 27 42 67 49 54 24 50 7 16 28 42 75 60 33 72 34 50 42 47 14 32 42 48 35 30 18 48 49 47 10 49 44 34 21 35 18 45 40 63 67 37 18 29 64 53 6 34 38 47 47 50 41 13 60 22 23 45 21 34 20 46 49 16 41 46 52 39 49 48 53 0 57 36 14 45 48 45 41 57 64 10 35 35 66 20 28 1 38 64 36 22 10 63 29 47 31 41 46 38 32 33 55 48 52 29 28 52 5 63 45 19 49 17 43 29 
28 78 78 78 28 78 28 78 78 28 12 69 8 87 102 42 67 45 9 82 41 22 53 6 13 78 82 12 25 68 37 70 60 69 37 18 18 78 52 14 27 63 82 26 42 58 52 53 76 27 52 54 61 87 65 70 64 34 59 62 69 34 22 6 81 56 51 64 10 15 56 26 85 102 69 65 35 47 61 34 70 30 35 56 58 52 77 66 85 55 7 17 30 12 56 57 0 62 57 97 35 48 47 11 8 58 30 22 13 58 85 58 67 14 92 71 62 14 83 57 46 92 49 68 26 46 25 47 62 45 60 21 59 6 34 41 64 73 99 78 
88 27 27 27 88 27 88 27 27 88 58 38 54 58 70 21 22 18 66 99 73 76 85 69 49 60 78 67 69 88 50 86 30 29 55 57 77 96 67 75 54 84 78 68 38 4 15 19 71 46 52 18 16 82 30 84 8 28 57 0 52 70 40 66 102 7 20 65 64 51 42 54 73 73 83 15 28 44 92 39 58 68 40 69 15 78 85 24 76 78 55 48 72 50 23 36 62 0 21 75 73 76 71 69 67 26 32 50 65 16 48 35 74 61 62 24 27 74 60 15 62 72 20 74 51 64 74 23 18 60 8 46 41 69 70 46 83 47 69 64 
85 49 49 49 85 49 85 49 49 85 49 19 48 40 54 27 43 16 58 79 55 64 67 63 44 39 57 65 56 68 33 65 9 13 38 46 74 75 47 71 40 64 56 54 20 18 29 35 49 33 32 34 35 61 11 64 29 27 36 20 31 54 37 62 81 23 6 44 62 50 21 40 52 56 62 36 32 25 73 25 37 53 25 48 5 59 63 9 55 59 51 40 57 46 40 14 57 21 0 56 57 57 53 61 64 5 30 38 64 5 32 13 53 61 44 13 7 66 40 33 43 53 33 53 37 45 62 36 37 41 13 47 20 63 54 28 63 27 52 43 
123 101 101 101 123 101 123 101 101 123 84 37 90 18 15 83 98 72 92 55 67 90 69 101 87 19 24 108 80 54 59 49 48 46 60 79 115 54 50 111 70 56 24 78 56 74 86 92 24 70 44 91 91 23 45 47 84 80 38 75 28 71 85 104 60 80 62 35 106 97 42 71 14 12 46 91 86 50 68 65 26 74 63 47 61 61 39 51 17 58 93 81 78 90 97 45 97 75 56 0 74 63 60 94 105 51 81 74 108 61 30 45 40 106 16 52 49 98 15 89 54 4 90 38 70 55 85 92 93 54 68 97 40 102 72 55 53 29 12 19 
54 97 97 97 54 97 54 97 97 54 24 60 35 70 83 59 87 55 26 47 7 17 17 36 36 58 54 47 9 34 24 36 54 65 20 20 49 43 24 45 19 28 54 8 37 68 69 73 50 27 33 73 79 58 59 37 78 50 37 73 52 3 42 41 45 69 54 39 45 46 44 19 60 83 36 82 55 35 26 34 49 5 33 27 61 17 45 64 59 21 37 31 4 39 78 48 35 73 57 74 0 13 15 25 42 56 47 25 48 61 73 50 37 49 74 69 58 27 64 75 20 70 69 38 22 19 12 69 81 21 67 50 46 36 3 29 30 59 80 55 
68 101 101 101 68 101 68 101 101 68 36 55 46 62 74 66 92 60 40 34 6 31 9 49 47 49 41 60 23 20 26 22 52 62 21 30 63 29 14 58 26 14 41 21 37 71 75 79 38 33 27 79 84 45 56 23 82 56 29 75 44 13 51 54 33 73 56 28 58 57 40 27 49 73 22 87 63 32 16 38 40 17 36 15 62 4 31 62 47 7 49 40 18 50 84 45 48 76 57 63 13 0 4 39 55 55 54 33 61 62 67 47 24 61 66 68 56 41 55 80 14 59 75 25 29 12 26 76 86 16 68 61 42 50 13 29 16 53 70 45 
68 97 97 97 68 97 68 97 97 68 35 51 45 58 70 62 88 56 39 35 7 32 14 49 45 45 39 59 23 21 22 23 48 57 17 29 63 31 10 58 24 16 38 21 33 67 71 76 35 30 23 76 80 43 52 23 78 53 24 71 40 13 48 54 35 69 52 24 57 55 35 24 46 69 22 83 59 28 20 34 36 17 32 12 58 6 30 57 44 8 47 38 19 48 81 41 47 71 53 60 15 4 0 39 55 50 51 30 60 57 62 42 21 60 62 63 51 42 51 77 9 56 71 23 26 8 27 72 82 11 64 59 38 50 13 25 17 48 67 42 
29 88 88 88 29 88 29 88 88 29 11 70 17 86 100 51 76 51 3 73 32 11 43 10 21 76 76 21 16 60 35 62 62 72 33 15 23 69 46 19 24 54 76 18 43 65 60 63 72 27 49 63 70 81 66 63 72 41 55 69 68 26 30 16 71 63 55 59 20 26 56 23 81 100 61 74 44 46 51 36 67 22 36 49 63 43 70 69 81 47 17 21 20 21 66 57 11 69 61 94 25 39 39 0 17 61 37 22 23 62 85 59 60 25 91 74 64 5 81 66 40 89 58 62 25 40 14 57 71 40 65 32 58 10 26 39 56 73 97 74 
21 81 81 81 21 81 21 81 81 21 20 77 15 95 110 46 69 51 15 89 48 27 60 7 19 86 90 4 32 76 45 78 67 76 46 27 10 85 61 8 35 70 90 34 50 63 55 56 85 35 60 57 64 95 72 78 68 39 67 67 78 42 27 1 88 60 57 72 4 17 64 34 93 110 77 68 39 55 68 42 78 38 43 64 64 59 85 73 94 63 13 24 37 18 58 64 8 67 64 105 42 55 55 17 0 65 35 30 6 64 92 65 75 9 100 77 69 17 91 60 54 101 51 76 35 54 31 50 65 53 65 22 66 6 42 49 72 81 107 86 
86 53 53 53 86 53 86 53 53 86 49 14 50 35 49 31 48 21 58 74 53 64 64 65 46 34 52 67 55 64 31 61 4 10 36 46 76 71 43 73 39 60 51 53 19 23 34 40 44 33 28 39 40 56 7 59 34 30 32 25 26 52 39 64 77 28 10 39 64 52 16 39 47 51 57 41 36 22 69 25 32 52 25 44 10 56 59 8 50 56 52 41 56 48 45 10 58 26 5 51 56 55 50 61 65 0 33 38 66 10 28 9 49 63 40 13 3 66 35 38 40 48 38 48 37 42 61 41 42 38 18 50 15 65 52 26 59 22 47 38 
57 51 51 51 57 51 57 51 51 57 27 46 21 67 81 13 40 15 34 85 49 45 62 37 17 62 73 35 41 72 30 71 35 43 34 28 46 80 50 43 27 66 73 40 25 28 23 26 66 20 41 26 33 78 40 70 34 3 48 32 53 44 8 34 85 25 23 56 33 20 38 27 72 83 68 36 8 33 70 18 56 41 20 53 29 57 74 39 74 59 23 17 44 17 30 35 30 32 30 81 47 54 51 37 35 33 0 22 34 29 61 36 62 31 71 43 36 42 65 29 44 76 22 63 25 45 45 21 34 42 29 17 40 37 44 30 66 53 79 63 
50 72 72 72 50 72 50 72 72 50 11 48 16 64 79 34 62 32 20 66 27 26 41 27 15 55 60 34 19 52 15 52 39 49 16 7 41 61 33 37 6 46 60 18 20 45 44 48 54 5 29 48 54 65 44 52 54 25 36 50 47 22 18 29 66 45 33 43 31 25 34 6 63 80 51 58 30 24 49 13 47 19 13 36 41 36 58 46 63 39 19 8 22 18 53 35 22 50 38 74 25 33 30 22 30 38 22 0 34 41 63 36 46 33 69 52 42 27 60 50 26 70 44 47 4 27 24 44 56 24 45 28 36 28 22 18 47 51 76 55 
23 76 76 76 23 76 23 76 76 23 25 78 17 97 112 44 65 49 21 95 54 34 66 13 20 89 94 2 38 82 49 83 68 77 50 31 12 91 65 11 39 76 94 39 52 61 52 52 88 38 63 53 60 99 72 83 65 37 70 65 80 47 26 7 94 57 57 76 2 14 66 38 97 113 82 64 36 58 74 44 81 43 45 69 63 65 90 73 98 68 14 27 43 18 54 66 13 65 64 108 48 61 60 23 6 66 34 34 0 63 94 67 79 4 102 77 69 24 94 57 58 103 48 80 38 59 38 46 61 57 64 19 68 13 47 52 77 83 109 89 
85 43 43 43 85 43 85 43 43 85 51 23 49 44 57 24 37 14 59 84 60 67 71 64 44 44 62 65 59 73 36 70 14 16 42 48 75 80 52 72 43 69 62 57 24 13 25 31 55 36 37 30 30 66 15 69 24 26 41 15 36 57 37 62 86 18 7 49 62 49 26 43 57 60 67 30 30 29 77 28 42 57 28 53 0 63 69 11 61 64 51 41 60 46 35 20 58 16 5 61 61 62 57 62 64 10 29 41 63 0 35 19 58 60 48 14 12 68 45 28 48 57 29 58 40 50 64 32 32 46 7 46 25 64 58 33 68 32 56 48 
113 72 72 72 113 72 113 72 72 113 74 15 77 12 22 60 70 49 83 73 68 85 75 91 73 22 43 94 76 67 51 62 26 19 54 70 103 71 52 100 61 66 42 74 42 47 60 66 37 58 40 65 64 45 21 60 56 59 37 47 22 70 67 91 77 53 39 41 92 81 29 62 33 24 59 63 64 39 78 50 28 71 49 52 36 66 56 24 38 64 80 68 75 75 71 28 85 48 32 30 73 67 62 85 92 28 61 63 94 35 0 27 50 91 14 24 25 90 18 63 53 27 65 49 60 55 81 68 66 52 41 79 27 91 70 46 63 13 21 27 
86 62 62 62 86 62 86 62 62 86 47 11 50 31 45 38 56 27 56 65 46 60 56 63 46 27 43 67 50 55 25 52 5 15 29 43 76 62 35 73 35 52 42 49 15 32 42 48 36 31 20 47 49 47 9 50 43 34 22 34 18 46 41 64 68 36 17 30 65 54 7 36 39 47 48 50 41 15 61 23 23 46 22 36 19 48 50 15 42 47 53 40 51 48 53 1 58 35 13 45 50 47 42 59 65 9 36 36 67 19 27 0 40 64 35 20 9 64 29 46 32 41 45 39 33 34 56 48 51 31 27 53 6 64 46 20 50 16 43 29 
90 102 102 102 90 102 90 102 102 90 54 43 63 42 52 71 94 62 60 25 29 54 29 69 61 29 17 79 44 17 33 12 45 52 30 48 84 22 14 79 40 16 17 42 39 70 78 84 15 44 22 83 86 21 47 10 82 63 17 74 28 35 63 73 28 74 55 10 77 72 32 41 25 51 9 88 70 31 28 44 22 38 42 10 59 21 11 54 23 18 66 54 41 65 89 38 67 74 53 40 37 24 21 60 75 49 62 46 79 58 50 40 0 79 45 59 49 63 34 83 21 36 80 1 42 20 49 81 88 22 66 74 33 70 35 32 13 38 49 24 
27 72 72 72 27 72 27 72 72 27 25 76 16 95 110 40 61 46 23 96 55 36 67 16 18 87 94 6 39 82 48 83 65 74 49 31 16 91 65 15 38 76 93 40 50 57 48 48 87 36 62 49 56 98 70 84 61 34 69 61 78 48 23 9 94 54 54 76 4 10 64 38 96 111 82 60 33 56 75 42 80 44 43 68 60 66 90 70 97 69 13 25 44 16 50 64 14 61 61 106 49 61 60 25 9 63 31 33 4 60 91 64 79 0 100 74 67 27 92 53 58 102 44 80 37 59 39 42 57 57 60 15 67 15 48 51 77 81 107 88 
119 87 87 87 119 87 119 87 87 119 80 25 84 4 10 72 84 61 89 65 69 89 73 97 81 16 34 102 79 62 55 57 36 32 57 75 110 64 51 107 66 62 34 77 49 60 73 79 30 64 42 78 77 35 33 55 70 70 37 61 23 71 77 98 70 66 50 38 100 90 35 67 23 11 53 77 76 44 74 58 25 73 57 50 49 64 48 37 28 62 87 75 77 84 84 36 92 62 44 16 74 66 62 91 100 40 71 69 102 48 14 35 45 100 0 38 37 95 10 76 54 14 78 44 65 55 84 80 80 54 55 89 33 97 72 51 59 18 7 21 
99 49 49 49 99 49 99 49 49 99 63 16 62 34 46 38 46 28 71 84 67 77 77 77 58 38 59 78 69 75 45 71 15 6 49 60 88 81 55 85 53 72 58 67 33 23 37 42 52 47 40 41 40 62 11 70 32 40 42 23 33 66 50 76 88 29 20 49 76 63 28 53 51 49 68 39 44 35 82 38 39 66 38 56 14 68 68 5 55 68 64 54 70 59 47 22 71 24 13 52 69 68 63 74 77 13 43 52 77 14 24 20 59 74 38 0 11 80 37 39 53 49 42 58 50 55 75 45 42 51 17 60 26 77 66 40 70 25 45 43 
90 55 55 55 90 55 90 55 55 90 53 11 53 32 46 35 49 24 61 74 55 66 66 68 49 32 51 70 58 65 33 61 3 7 38 49 80 71 44 77 42 61 50 56 22 25 37 43 43 36 29 42 42 55 3 60 35 34 32 27 25 54 43 67 77 30 14 39 68 56 17 42 45 48 58 42 39 23 70 28 31 54 28 45 12 57 58 5 49 57 56 45 58 51 48 10 62 27 7 49 58 56 51 64 69 3 36 42 69 12 25 9 49 67 37 11 0 69 33 40 42 45 41 48 40 43 63 43 44 40 19 54 15 68 55 28 59 19 44 36 
26 92 92 92 26 92 26 92 92 26 17 75 21 91 105 55 81 57 8 75 35 11 44 10 25 80 80 22 19 62 40 64 67 77 38 20 22 71 50 17 29 56 80 21 48 70 65 67 75 33 53 68 75 85 72 65 77 46 59 74 72 28 35 17 72 68 60 63 22 30 61 28 85 105 64 79 49 51 52 41 72 25 41 53 68 45 73 74 85 49 21 26 23 26 70 63 14 74 66 98 27 41 42 5 17 66 42 27 24 68 90 64 63 27 95 80 69 0 86 71 44 94 63 65 30 44 16 61 76 43 71 35 63 11 28 44 58 78 102 79 
110 86 86 86 110 86 110 86 86 110 71 22 76 7 19 67 82 56 79 56 58 79 62 88 73 6 25 94 69 52 46 46 32 31 47 65 102 54 41 98 57 51 24 66 41 58 70 76 20 56 32 75 75 27 30 44 68 64 27 60 13 61 69 90 60 64 46 27 91 82 27 57 15 19 43 75 70 35 63 50 14 63 48 39 46 53 38 35 20 51 79 66 67 76 81 29 83 60 40 15 64 55 51 81 91 35 65 60 94 45 18 29 34 92 10 37 33 86 0 74 44 12 74 33 56 45 74 76 78 43 52 82 25 88 61 41 48 13 16 10 
80 21 21 21 80 21 80 21 21 80 56 52 49 72 85 15 11 21 63 108 76 74 90 63 45 73 90 59 70 96 54 94 42 43 59 57 69 104 74 68 55 91 89 69 44 15 5 5 82 48 61 3 3 94 44 93 9 25 66 15 64 72 36 59 109 9 29 75 56 43 52 55 85 87 91 8 21 52 97 42 70 70 44 76 28 83 94 38 88 84 50 46 73 44 7 47 57 15 33 89 75 80 77 66 60 38 29 50 57 28 63 46 83 53 76 39 40 71 74 0 68 86 8 83 52 70 74 10 5 66 21 38 52 63 72 52 90 60 84 76 
70 88 88 88 70 88 70 88 88 70 33 41 42 50 63 54 79 47 39 40 14 35 24 49 41 38 36 58 25 28 13 27 38 47 9 27 63 36 7 59 19 22 36 23 24 58 62 67 31 24 13 67 72 41 42 26 68 45 16 62 31 17 43 53 41 60 42 19 56 52 26 20 41 63 25 74 52 18 29 26 29 19 24 10 48 15 31 47 40 16 45 34 23 44 72 31 46 62 43 54 20 14 9 40 54 40 44 26 58 48 53 32 21 58 54 53 42 44 44 68 0 50 63 22 21 1 30 64 74 2 55 54 28 49 17 15 22 40 60 35 
119 98 98 98 119 98 119 98 98 119 80 34 86 15 17 79 95 68 88 52 63 86 65 97 83 14 21 104 76 51 55 46 44 43 55 74 111 51 45 107 66 52 21 73 52 70 82 88 20 65 40 87 88 21 42 44 80 76 34 72 23 67 80 99 58 76 58 31 101 93 38 66 10 15 43 88 82 45 65 60 22 70 59 43 58 57 36 48 14 54 89 76 73 86 93 41 92 72 53 4 70 59 56 89 101 48 76 70 103 57 27 41 36 102 14 49 45 94 12 86 50 0 86 34 65 51 81 89 90 50 64 93 36 97 67 51 49 25 14 14 
71 29 29 29 71 29 71 29 29 71 48 53 41 74 87 9 18 18 55 104 70 66 84 55 37 73 88 50 63 91 50 90 42 45 54 50 60 100 70 59 49 86 87 62 41 19 5 4 80 42 58 5 12 92 45 89 17 19 64 21 64 66 28 50 105 13 28 72 48 34 51 49 85 89 87 16 13 49 91 37 69 63 39 72 29 78 91 40 88 80 41 39 66 36 9 46 49 20 33 90 69 75 71 58 51 38 22 44 48 29 65 45 80 44 78 42 41 63 74 8 63 86 0 80 46 65 67 2 13 61 24 29 51 55 66 48 86 61 86 75 
91 102 102 102 91 102 91 102 102 91 55 42 64 41 50 71 94 62 61 26 31 55 30 71 62 27 15 80 46 18 33 13 45 51 31 49 85 22 15 81 41 18 15 44 39 70 78 84 13 45 22 83 86 19 47 11 82 64 16 74 27 36 63 75 29 74 54 9 78 73 32 42 23 49 10 88 71 31 30 44 21 40 42 12 59 22 11 53 21 19 67 55 42 65 89 38 68 74 53 38 38 25 23 62 76 48 63 47 80 58 49 39 1 80 44 58 48 65 33 83 22 34 80 0 43 21 50 82 89 23 66 75 33 71 36 32 15 36 47 23 
53 74 74 74 53 74 53 74 74 53 14 45 21 61 75 37 64 33 23 61 24 26 37 31 19 51 56 38 18 48 10 48 37 47 11 9 45 57 28 41 3 42 55 17 18 46 46 51 50 4 25 51 56 61 42 48 55 27 32 50 43 19 22 33 61 47 33 38 36 30 30 2 58 76 46 59 33 21 45 12 43 17 12 31 40 32 53 45 59 35 24 12 20 22 55 32 26 51 37 70 22 29 26 25 35 37 25 4 38 40 60 33 42 37 65 50 40 30 56 52 21 65 46 43 0 22 24 46 58 19 45 32 33 32 19 14 42 48 72 51 
70 90 90 90 70 90 70 90 90 70 33 43 42 51 64 56 81 48 39 39 13 35 22 49 41 39 36 58 25 26 15 25 40 49 11 27 63 35 6 59 20 21 36 23 26 60 64 69 31 25 15 69 73 41 43 25 70 47 18 64 33 16 44 53 40 62 44 20 56 52 27 21 41 64 24 76 54 20 27 27 30 19 26 9 50 13 31 49 41 14 45 35 22 45 74 33 46 64 45 55 19 12 8 40 54 42 45 27 59 50 55 34 20 59 55 55 43 44 45 70 1 51 65 21 22 0 30 66 75 3 56 55 30 50 16 17 20 41 61 36 
41 96 96 96 41 96 41 96 96 41 18 67 28 80 94 58 85 56 16 59 19 5 28 25 31 68 66 36 5 46 30 48 60 71 27 16 38 55 35 33 21 40 65 7 41 70 68 71 62 28 42 72 78 70 65 49 78 48 47 74 61 13 39 31 56 69 57 50 35 39 51 21 72 93 48 81 53 42 36 36 60 11 36 38 65 30 57 69 71 33 29 27 7 33 75 55 25 74 62 85 12 26 27 14 31 61 45 24 38 64 81 56 49 39 84 75 63 16 74 74 30 81 67 50 24 30 0 66 79 31 69 44 54 25 13 35 42 68 90 66 
69 30 30 30 69 30 69 30 30 69 48 55 40 76 90 10 19 20 53 105 71 66 84 53 36 75 90 48 62 92 50 91 44 48 55 50 58 101 70 57 49 87 89 62 42 22 8 6 82 42 59 7 14 94 47 90 20 19 65 23 66 66 27 49 106 16 30 74 46 33 52 49 87 92 88 18 13 50 92 38 71 63 40 73 31 79 93 43 89 80 40 38 66 35 9 48 47 23 36 92 69 76 72 57 50 41 21 44 46 32 68 48 81 42 80 45 43 61 76 10 64 89 2 82 46 66 66 0 14 62 27 27 53 53 66 49 87 63 88 77 
84 16 16 16 84 16 84 16 16 84 61 56 54 76 88 21 5 26 68 113 82 79 95 68 50 77 95 63 75 101 60 99 46 47 65 63 73 109 79 72 61 96 94 74 50 19 11 8 87 53 66 8 2 99 48 98 10 31 72 18 69 78 41 63 115 14 34 80 61 48 57 61 90 91 96 4 27 57 102 48 75 75 49 81 32 89 100 42 93 90 55 52 78 49 7 52 62 18 37 93 81 86 82 71 65 42 34 56 61 32 66 51 88 57 80 42 44 76 78 5 74 90 13 89 58 75 79 14 0 72 25 42 57 68 78 58 96 64 87 80 
69 86 86 86 69 86 69 86 86 69 32 40 40 49 63 52 77 45 39 42 16 35 25 48 39 37 37 57 25 30 12 29 36 46 8 26 62 38 8 58 18 24 36 23 22 56 60 65 32 22 12 65 70 41 40 28 66 43 16 60 31 17 41 52 43 58 40 19 55 50 24 19 41 62 26 72 50 16 31 24 28 19 22 11 46 17 33 46 41 18 43 32 23 42 70 29 45 60 41 54 21 16 11 40 53 38 42 24 57 46 52 31 22 57 54 51 40 43 43 66 2 50 61 23 19 3 31 62 72 0 53 52 26 49 18 13 24 38 59 35 
86 35 35 35 86 35 86 35 35 86 54 30 51 51 63 21 30 14 62 91 66 71 78 66 46 52 70 65 64 81 43 78 21 22 48 52 75 88 59 73 48 76 69 62 31 5 19 25 63 40 44 23 23 74 22 76 16 26 49 7 44 63 37 64 94 11 12 57 62 49 34 48 65 66 74 23 28 37 84 33 50 62 33 61 7 70 77 17 68 71 52 44 66 47 29 28 60 8 13 68 67 68 64 65 65 18 29 45 64 7 41 27 66 60 55 17 19 71 52 21 55 64 24 66 45 56 69 27 25 53 0 45 33 66 63 39 75 39 62 55 
42 58 58 58 42 58 42 58 58 42 26 64 15 84 99 25 46 32 29 94 54 42 68 26 14 78 87 21 42 80 41 81 53 61 44 30 31 90 61 30 34 75 87 42 40 42 33 33 80 30 55 34 41 92 57 81 45 20 62 46 69 48 12 21 94 38 40 69 18 5 54 34 87 100 79 45 17 47 76 32 71 45 34 64 46 65 86 56 89 67 14 20 46 11 35 52 21 46 47 97 50 61 59 32 22 50 17 28 19 46 79 53 74 15 89 60 54 35 82 38 54 93 29 75 32 55 44 27 42 52 45 0 56 26 48 43 75 70 96 79 
86 69 69 69 86 69 86 69 69 86 47 13 51 28 43 43 63 33 56 59 42 58 51 64 48 22 37 69 48 49 23 45 12 20 27 42 77 55 29 73 34 46 36 46 16 38 48 54 29 31 14 53 55 41 14 44 49 39 16 41 13 43 44 65 62 43 23 23 66 57 2 35 33 44 42 56 45 12 56 24 17 44 23 30 26 42 43 21 36 42 54 42 48 50 59 5 59 41 20 40 46 42 38 58 66 15 40 36 68 25 27 6 33 67 33 26 15 63 25 52 28 36 51 33 33 30 54 53 57 26 33 56 0 64 43 18 44 14 40 24 
22 84 84 84 22 84 22 84 84 22 17 76 15 93 107 49 73 52 10 84 43 21 54 0 20 83 86 11 27 70 42 72 66 76 42 23 13 80 56 9 31 65 86 28 48 65 58 59 81 33 57 60 67 91 71 73 70 40 63 69 75 36 28 6 82 62 57 68 10 20 62 31 90 108 72 71 42 53 62 40 75 32 41 59 64 54 80 72 90 57 13 23 31 19 62 63 6 69 63 102 36 50 50 10 6 65 37 28 13 64 91 64 70 15 97 77 68 11 88 63 49 97 55 71 32 50 25 53 68 49 66 26 64 0 36 46 66 79 104 83 
55 94 94 94 55 94 55 94 94 55 23 56 33 67 81 57 84 52 26 47 6 18 19 36 34 55 52 46 9 34 21 36 51 61 16 18 49 43 22 45 16 28 52 8 33 65 66 70 48 24 30 71 76 56 55 37 75 47 34 70 49 0 40 41 46 66 51 36 45 45 41 17 58 80 35 79 53 31 27 30 46 3 30 25 58 17 44 60 57 21 36 29 6 37 75 45 34 70 54 72 3 13 13 26 42 52 44 22 47 58 70 46 35 48 72 66 55 28 61 72 17 67 66 36 19 16 13 66 78 18 63 48 43 36 0 26 30 56 77 53 
68 73 73 73 68 73 68 73 73 68 29 31 35 46 61 39 64 31 37 55 27 39 38 46 32 37 44 52 30 43 5 41 25 35 9 24 60 51 21 56 15 38 43 28 8 42 47 52 37 14 11 52 56 48 29 40 53 31 18 46 28 25 31 48 57 45 27 26 50 42 16 16 44 61 38 58 38 6 45 11 29 26 10 23 33 31 43 34 46 32 38 25 30 35 57 19 41 46 28 55 29 29 25 39 49 26 30 18 52 33 46 20 32 51 51 40 28 44 41 52 15 51 48 32 14 17 35 49 58 13 39 43 18 46 26 0 37 33 58 36 
84 110 110 110 84 110 84 110 110 84 52 55 62 56 66 76 101 69 56 18 23 47 17 66 61 42 28 76 39 5 36 6 56 64 32 46 79 14 16 75 40 3 29 38 45 79 84 90 28 46 30 90 93 32 58 7 90 68 27 83 41 30 65 71 19 82 63 22 74 72 42 41 38 64 7 96 75 38 15 48 35 33 46 14 68 12 16 65 35 8 64 55 35 65 95 49 64 83 63 53 30 16 17 56 72 59 66 47 77 68 63 50 13 77 59 70 59 58 48 90 22 49 86 15 42 20 42 87 96 24 75 75 44 66 30 37 0 50 62 38 
101 73 73 73 101 73 101 73 73 101 62 8 66 14 28 54 69 43 71 62 54 72 62 79 62 13 34 84 62 55 38 50 18 18 41 57 92 59 39 88 49 53 33 60 31 44 57 63 27 46 26 62 62 37 16 48 55 51 24 46 9 56 58 80 66 50 32 28 81 71 17 49 26 30 47 62 57 26 64 39 15 57 38 38 32 52 45 22 30 51 69 56 61 65 67 17 73 47 27 29 59 53 48 73 81 22 53 51 83 32 13 16 38 81 18 25 19 78 13 60 40 25 61 36 48 41 68 63 64 38 39 70 14 79 56 33 50 0 26 18 
126 93 93 93 126 93 126 93 93 126 87 33 92 12 3 79 91 69 95 66 74 95 77 104 88 22 35 110 85 65 62 59 44 40 64 82 118 65 56 114 73 65 35 83 57 68 81 87 33 71 48 86 85 35 41 57 77 78 43 68 29 77 84 105 72 74 58 42 107 97 42 74 24 3 56 84 83 51 78 65 30 79 64 55 56 69 50 45 28 66 95 82 83 91 91 43 99 69 52 12 80 70 67 97 107 47 79 76 109 56 21 43 49 107 7 45 44 102 16 84 60 14 86 47 72 61 90 88 87 59 62 96 40 104 77 58 62 26 0 25 
104 91 91 91 104 91 104 91 91 104 65 26 71 18 28 67 86 57 73 46 49 71 52 82 69 5 16 89 61 41 40 36 34 36 41 59 96 43 31 92 51 41 15 59 38 61 72 78 10 51 25 77 78 19 33 34 72 63 19 63 11 53 67 84 50 66 47 17 87 79 25 51 9 27 32 79 69 31 53 46 7 55 45 30 48 43 28 40 12 41 74 62 59 72 83 29 78 64 43 19 55 45 42 74 86 38 63 55 89 48 27 29 24 88 21 43 36 79 10 76 35 14 75 23 51 36 66 77 80 35 55 79 24 83 53 36 38 18 25 0 
