130 8649.17 0 1680 14 120
91.33 80.52 14.52 50.32 58.22 30.51 3.53 4.29 83.85 74.76 6.32 97.18 40.58 19.0 15.39 92.19 31.29 42.77 8.26 68.31 20.66 84.86 70.29 42.06 41.53 61.57 95.52 76.23 62.82 85.11 49.0 40.65 54.3 9.91 90.95 31.48 29.92 64.49 4.24 15.87 61.26 57.23 31.05 43.21 62.89 24.24 17.88 42.74 41.0 27.95 5.79 1.77 45.8 94.28 96.14 61.96 62.55 92.64 87.26 59.48 24.92 52.01 61.29 28.45 71.78 50.84 7.6 63.56 74.38 62.32 52.47 50.85 6.02 53.0 61.43 85.7 86.49 42.82 62.31 59.41 71.41 90.44 57.33 86.31 31.3 43.09 28.76 50.1 42.08 28.86 98.28 54.28 97.99 84.0 76.51 73.13 40.17 70.99 39.87 69.89 16.53 30.01 35.05 15.56 27.31 29.36 70.9 45.58 7.72 38.77 5.91 6.44 46.38 18.26 15.09 42.3 97.79 75.01 72.41 36.56 46.36 71.05 41.0 40.7 36.79 21.02 87.51 28.34 3.53 46.75 
59.54 24.92 66.71 11.92 35.51 64.16 69.38 59.81 17.55 17.49 45.4 38.25 71.66 25.74 82.54 86.78 60.25 14.97 16.43 11.17 70.67 88.14 24.96 86.77 45.53 87.28 67.53 39.58 82.16 36.97 49.96 41.37 10.62 45.22 14.31 45.12 81.53 23.72 85.93 52.61 61.99 24.97 72.49 66.21 58.58 35.38 69.29 60.12 53.31 27.22 61.93 51.05 63.81 43.19 87.27 54.65 45.61 86.7 11.46 35.83 33.36 84.18 13.78 33.54 42.42 72.01 22.26 57.47 77.19 52.54 66.79 17.02 31.65 61.27 72.89 25.15 88.42 14.37 41.77 42.41 76.18 59.83 75.27 88.22 42.39 63.81 66.02 65.3 69.42 64.8 81.98 59.18 57.79 43.51 12.11 82.85 82.78 51.3 47.72 50.15 48.43 84.19 59.74 24.6 42.45 22.47 84.77 14.32 75.26 42.26 75.35 31.96 32.21 34.31 82.96 28.96 35.63 33.64 74.55 11.35 70.9 89.94 67.27 22.21 23.92 70.49 36.42 55.37 58.95 10.84 
9 8 2 5 6 3 1 1 8 7 1 9 4 2 2 9 3 4 1 7 2 8 7 4 4 6 9 7 6 8 5 4 5 1 9 3 3 6 1 2 6 6 3 4 6 3 2 4 4 3 1 1 5 9 9 6 6 9 8 6 3 5 6 3 7 5 1 6 7 6 5 5 1 5 6 8 8 4 6 6 7 9 6 8 3 4 3 5 4 3 9 5 9 8 7 7 4 7 4 7 2 3 4 2 3 3 7 5 1 4 1 1 5 2 2 4 9 7 7 4 5 7 4 4 4 2 8 3 1 5 
1 2 3 4 5 6 7 8 9 10 11 12 13 14 15 16 17 18 19 20 21 22 23 24 25 26 27 28 29 30 31 32 33 34 35 36 37 38 39 40 41 42 43 44 45 46 47 48 49 50 51 52 53 54 55 56 57 58 59 60 61 62 63 64 65 66 67 68 69 70 71 72 73 74 75 76 77 78 79 80 81 82 83 84 85 86 87 88 89 90 91 92 93 94 95 96 97 98 99 100 101 102 103 104 105 106 107 108 109 110 111 112 113 114 115 116 117 118 119 120 121 122 123 124 125 126 127 128 129 130 
2 3 3 2 2 3 2 2 3 2 2 2 2 3 3 2 3 2 2 2 3 3 2 2 2 2 2 2 2 3 2 2 2 2 2 3 3 2 2 3 2 2 3 2 2 3 3 2 2 3 2 2 2 2 2 2 2 2 3 2 3 2 2 3 2 2 2 2 2 2 2 2 2 2 2 3 3 2 2 2 2 2 2 3 3 2 3 2 2 3 2 2 2 3 2 2 2 2 2 2 3 3 2 3 3 3 2 2 2 2 2 2 2 3 3 2 2 2 2 2 2 2 2 2 2 3 3 3 2 2 
3 3 1 2 1 3 3 3 3 1 3 3 1 1 1 3 3 1 3 1 1 3 1 1 1 1 3 1 1 3 2 1 2 3 3 3 3 1 3 1 1 1 3 1 1 3 1 1 1 3 3 3 2 3 3 1 1 3 3 1 3 2 1 3 1 2 3 1 1 1 2 2 3 2 1 3 3 1 1 1 1 3 1 3 3 1 3 2 1 3 3 2 3 3 1 1 1 1 1 1 1 3 1 1 3 3 1 2 3 1 3 3 2 1 1 1 3 1 1 1 2 1 1 1 1 1 3 3 3 2 
8 3 1 6 3 6 7 8 5 9 7 2 1 6 1 7 9 10 7 5 8 9 5 2 3 7 3 6 1 5 2 8 9 5 7 6 3 10 9 8 9 2 9 2 8 10 5 4 6 3 7 5 5 1 5 6 7 3 2 7 9 2 1 7 2 1 1 9 5 2 1 3 8 9 1 6 2 10 3 8 4 9 6 9 6 7 2 2 9 10 3 10 6 6 7 9 8 8 2 6 6 5 1 8 10 3 8 6 6 7 4 1 6 8 8 1 3 1 5 8 6 9 9 7 10 7 8 6 6 7 
4550.14 4716.51 4045.71 4784.86 4363.55 4258.22 3716.23 4080.81 3133.8 3684.76 4098.99 3644.81 4231.41 3625.85 4528.07 4140.46 3955.67 4771.93 3286.61 3093.29 4499.05 4246.26 3206.02 3702.21 3915.97 3906.6 3740.5 3551.88 4208.93 3198.1 3690.85 4270.37 3274.92 3668.99 3524.18 4701.42 3858.17 4820.65 3604.17 4448.74 3853.58 3528.23 3593.17 3798.85 4155.47 4813.74 3490.86 4100.84 3610.95 4609.84 4083.82 3435.93 3279.94 4322.75 3765.83 3936.77 3266.1 4642.33 3962.12 3958.62 4045.96 3969.76 4545.44 3666.51 3409.12 4497.02 4014.68 3470.67 3484.59 3923.12 4148.15 4463.53 4380.47 3419.51 4143.62 4455.24 3308.91 4802.23 3906.74 4270.14 4241.38 3334.99 4579.87 4032.68 4117.54 3896.66 3840.77 3265.7 4140.26 4904.79 3932.74 4960.04 4628.86 4486.68 3524.35 4029.56 4421.46 4122.03 3629.12 4098.35 4135.82 3151.67 4397.02 4290.64 4855.32 3819.01 4115.55 4524.74 4765.55 3496.28 4267.52 4740.24 4853.21 4525.26 4092.81 4445.64 4360.93 4632.36 3769.48 4528.72 3883.21 4243.21 3398.89 4148.2 4798.49 4262.9 4121.32 3672.68 4085.55 4265.09 
0.48 0.36 0.5 0.54 0.79 0.7 0.57 0.34 0.5 0.76 0.96 0.85 0.42 0.7 0.42 0.53 0.78 0.9 0.85 0.55 0.29 0.81 0.19 0.95 0.59 0.61 0.48 0.6 0.49 0.66 0.87 0.43 0.79 0.44 0.45 0.65 0.64 0.9 0.79 0.38 0.8 0.82 0.77 0.83 0.3 0.92 0.14 0.27 0.64 0.86 0.47 0.75 0.08 0.66 0.28 0.63 0.62 0.47 1.0 0.92 0.8 0.8 0.41 0.57 0.8 0.65 0.52 0.75 0.69 0.88 0.65 0.7 0.37 0.75 0.39 0.72 0.88 0.92 0.48 0.39 0.26 0.79 0.54 0.8 0.68 0.42 0.86 0.98 0.81 0.9 0.72 0.92 0.57 0.64 0.58 0.77 0.34 0.31 0.82 0.53 0.6 0.41 0.43 0.42 0.9 0.66 0.5 0.62 0.61 0.4 0.49 0.58 0.54 0.43 0.51 0.44 0.92 0.54 0.1 0.44 0.53 0.74 0.8 0.48 0.91 0.37 0.46 0.71 0.53 0.92 
1.0 0.99 0.64 0.75 0.95 0.93 0.88 0.89 0.81 1.0 0.81 0.95 0.9 0.56 0.95 0.82 1.0 1.0 0.92 0.72 0.62 0.51 0.88 0.58 0.69 0.76 0.66 0.74 0.6 1.0 0.65 0.65 0.61 0.83 0.8 0.7 0.75 0.59 0.83 0.76 0.67 0.81 0.79 0.79 0.61 0.88 0.6 0.71 0.68 0.81 0.83 1.0 0.99 0.69 0.56 0.88 0.7 0.94 0.79 0.7 0.56 0.53 0.85 0.76 0.95 1.0 0.64 0.54 1.0 0.95 0.96 0.64 0.87 0.82 0.83 1.0 1.0 0.67 0.96 0.79 0.67 0.84 0.58 0.55 0.78 0.53 0.52 0.57 0.64 0.58 1.0 1.0 0.63 0.92 0.78 0.77 0.62 0.51 0.71 0.64 0.89 0.87 0.68 1.0 0.79 1.0 0.51 0.67 0.55 1.0 0.74 1.0 0.66 0.86 0.83 1.0 0.53 1.0 0.81 0.97 0.97 0.92 0.76 0.69 0.65 0.92 0.67 0.95 1.0 0.57 
0.6 0.59 0.82 1.0 0.58 0.68 0.93 0.53 0.57 0.89 0.99 0.89 0.55 0.88 0.61 1.0 0.59 0.79 0.51 0.81 0.54 0.88 0.67 1.0 0.62 1.0 0.82 0.87 0.7 0.88 0.79 0.53 0.87 1.0 0.85 0.85 0.81 0.85 0.98 0.96 0.7 0.77 0.8 0.9 0.87 1.0 0.68 0.77 0.68 0.73 0.77 0.74 0.69 0.55 0.93 0.71 0.93 0.5 0.55 0.74 0.91 0.73 1.0 0.68 0.8 0.81 0.8 0.83 1.0 0.65 0.69 1.0 0.96 0.56 0.78 0.86 0.93 0.94 1.0 0.93 0.52 0.94 1.0 0.73 0.97 0.53 0.83 0.6 0.99 1.0 0.74 0.74 1.0 0.71 0.78 0.69 1.0 0.75 0.61 0.56 0.91 0.85 0.91 0.85 0.58 0.67 0.52 0.98 1.0 0.81 0.98 0.85 0.6 0.81 0.83 0.77 0.58 0.83 0.93 0.77 0.7 0.98 0.77 0.6 0.51 0.83 0.86 0.94 0.72 0.95 
1.0 0.88 0.79 0.92 1.0 1.0 0.74 0.93 0.86 0.92 0.87 0.87 0.81 0.93 0.74 0.8 0.76 0.64 0.62 0.97 0.86 0.56 0.93 0.57 0.71 0.51 1.0 0.84 0.95 0.75 1.0 0.79 1.0 0.83 0.65 0.65 0.58 0.6 0.77 0.55 0.67 0.97 0.87 0.99 0.84 0.97 0.94 0.58 0.97 0.82 0.83 0.54 0.65 1.0 0.57 1.0 1.0 0.72 0.61 1.0 0.65 0.96 0.88 0.83 0.72 1.0 1.0 0.73 0.94 0.65 0.6 0.8 0.99 0.68 0.83 0.85 0.66 0.79 0.82 1.0 0.79 0.64 0.83 0.75 1.0 0.77 0.8 0.64 1.0 1.0 0.58 0.96 0.56 0.91 0.85 1.0 1.0 1.0 0.68 0.61 0.58 0.88 0.8 0.53 1.0 0.56 0.57 1.0 1.0 0.77 0.99 0.56 0.9 0.93 0.82 0.64 0.57 0.68 0.73 0.83 0.56 0.58 0.56 0.93 0.87 0.85 0.8 0.64 0.73 0.58 
0.81 0.65 1.0 0.7 0.9 0.59 0.98 0.79 0.56 0.59 1.0 0.52 0.85 0.92 0.92 0.56 0.77 0.77 1.0 0.64 0.82 0.65 0.66 0.75 0.94 0.55 0.95 1.0 0.72 0.76 0.7 0.74 0.54 1.0 0.62 0.7 0.71 0.53 0.93 0.96 0.78 1.0 0.96 0.65 0.99 1.0 0.6 1.0 0.58 0.57 0.77 0.95 0.74 1.0 0.54 0.9 1.0 0.62 1.0 1.0 0.61 1.0 0.73 0.62 0.51 0.84 0.91 0.53 0.91 0.98 0.96 0.62 0.85 0.66 0.61 0.81 0.65 0.52 0.87 0.86 1.0 0.61 0.55 0.93 0.57 0.64 0.91 1.0 0.52 0.72 0.54 0.9 0.51 0.72 1.0 0.73 0.87 0.99 0.62 0.64 0.6 0.55 1.0 1.0 0.92 0.73 0.91 0.65 0.64 0.78 0.6 0.65 0.79 0.66 0.78 1.0 0.94 0.8 0.99 0.6 1.0 0.9 0.78 0.7 0.54 0.55 0.54 0.98 0.81 0.98 
0.65 0.95 0.97 0.85 0.52 0.51 0.74 0.73 0.85 0.65 0.85 0.57 0.7 0.7 0.52 0.52 1.0 0.92 0.84 1.0 0.55 0.51 0.71 0.65 0.65 0.79 0.9 0.65 0.84 0.88 0.92 0.75 0.6 0.53 1.0 0.67 0.86 0.51 0.96 0.52 0.93 0.54 1.0 0.82 0.65 0.63 0.64 0.51 0.57 1.0 0.56 0.52 0.98 0.51 0.95 0.97 0.68 1.0 0.9 0.57 0.66 0.83 0.57 1.0 0.98 0.87 0.59 0.62 0.7 0.85 0.72 0.5 0.85 0.61 0.75 0.7 0.59 1.0 0.81 0.94 0.63 0.69 0.67 0.88 0.77 0.95 0.72 1.0 1.0 0.68 0.72 0.53 0.84 0.75 0.92 0.62 0.78 1.0 1.0 0.71 0.59 0.6 0.51 1.0 1.0 0.91 0.88 0.5 0.89 0.95 0.58 0.89 0.95 0.85 0.58 0.67 0.95 1.0 0.64 1.0 0.6 0.98 1.0 1.0 0.6 1.0 0.89 0.61 0.66 0.93 
0.32 0.31 0.4 0.41 0.26 0.19 0.44 0.25 0.19 0.31 0.59 0.22 0.24 0.29 0.21 0.19 0.34 0.36 0.25 0.36 0.13 0.08 0.26 0.16 0.19 0.17 0.46 0.35 0.24 0.44 0.33 0.15 0.17 0.37 0.28 0.18 0.22 0.08 0.56 0.2 0.23 0.33 0.53 0.37 0.29 0.53 0.15 0.16 0.15 0.28 0.23 0.2 0.32 0.19 0.15 0.54 0.45 0.21 0.24 0.29 0.13 0.31 0.31 0.27 0.27 0.59 0.28 0.11 0.6 0.34 0.27 0.16 0.59 0.12 0.25 0.41 0.23 0.26 0.56 0.6 0.17 0.21 0.18 0.25 0.33 0.13 0.23 0.22 0.33 0.29 0.17 0.34 0.15 0.32 0.48 0.24 0.42 0.38 0.18 0.1 0.17 0.21 0.25 0.45 0.42 0.25 0.12 0.21 0.31 0.46 0.25 0.28 0.27 0.36 0.26 0.33 0.16 0.45 0.35 0.37 0.23 0.46 0.26 0.27 0.09 0.36 0.22 0.34 0.28 0.29 
817.13 1364.43 1779.51 1698.44 1001.73 2048.1 1003.38 553.92 624.24 1400.5 2196.01 1297.37 1685.73 1913.39 1481.25 963.46 1493.1 1807.02 2007.26 749.85 565.61 1886.36 820.13 1440.71 1406.72 1259.62 1482.32 1706.15 1613.58 977.97 1776.27 634.97 1447.42 627.89 1155.04 1864.69 1186.01 1728.5 1611.49 812.8 1704.87 1108.88 1569.41 1334.72 763.52 1952.45 496.84 820.94 1872.28 1249.93 1434.81 769.36 784.33 1793.38 619.05 1727.47 1107.99 1271.8 1754.72 1305.43 1296.04 1788.77 1299.44 1298.88 1392.36 1742.14 1414.77 1348.27 686.05 1594.65 2093.43 1210.55 867.86 1439.4 1774.1 2440.25 1622.19 1915.09 1142.08 697.85 869.42 1693.26 1481.5 1579.18 1905.07 1342.59 1807.91 1832.38 1815.54 1965.36 1280.12 2176.44 2117.33 1562.39 1277.42 1609.78 548.25 700.71 1688.65 1500.47 1541.0 571.98 1562.07 726.33 1795.79 1273.3 782.43 1796.86 1683.91 1097.85 865.55 1967.12 1812.92 597.28 690.71 1640.92 1381.66 1990.08 524.8 870.38 1622.57 1426.6 1622.91 1241.09 1765.28 1235.75 592.84 1976.14 1882.66 1863.67 
248.67 429.82 806.75 653.6 255.55 314.74 459.22 163.62 117.02 442.58 1223.03 256.53 396.19 565.69 293.19 168.63 470.28 592.14 454.43 218.97 87.64 111.24 196.95 242.46 235.3 212.7 712.12 551.05 364.19 400.75 550.71 120.13 266.34 254.14 294.63 350.93 260.83 133.09 843.38 201.36 362.64 376.71 808.48 498.2 216.33 1056.64 46.5 130.16 381.34 288.27 347.56 169.74 219.89 309.24 119.21 869.73 501.95 310.83 392.22 357.22 225.86 547.61 351.03 370.48 361.61 1004.58 310.16 109.13 402.35 562.15 558.34 181.67 515.95 145.09 437.26 1031.31 307.5 461.84 675.18 419.58 132.42 352.17 208.36 443.58 621.85 149.14 391.02 406.18 520.9 654.01 205.91 704.04 355.87 421.37 581.5 461.73 215.92 296.07 286.31 185.44 350.61 120.81 361.23 313.39 689.19 282.24 107.71 399.1 475.91 468.8 213.15 488.9 498.62 232.24 165.65 543.56 208.8 814.29 174.8 306.55 390.08 629.75 472.02 271.88 136.56 445.98 112.81 700.29 534.52 484.61 
3585.65 6322.14 8397.56 7992.19 4508.63 9740.48 4516.9 2269.61 2621.18 6502.48 10480.04 5986.87 7928.65 9066.94 6906.26 4317.28 6965.5 8535.08 9536.29 3249.26 2328.04 8931.79 3600.63 6703.53 6533.62 5798.09 6911.58 8030.74 7567.91 4389.84 8381.34 2674.84 6737.08 2639.46 5275.21 8823.43 5430.07 8142.51 7557.45 3564.02 8024.33 5044.4 7347.07 6173.6 3317.61 9262.27 1984.21 3604.71 8861.4 5749.63 6674.07 3346.82 3421.67 8466.88 2595.23 8137.36 5039.94 5859.02 8273.58 6027.13 5980.19 8443.84 5997.18 5994.4 6461.82 8210.7 6573.83 6241.35 2930.27 7473.25 9967.13 5552.73 3839.31 6697.02 8370.52 11701.27 7610.93 9075.43 5210.42 2989.25 3847.09 7966.28 6907.52 7395.89 9025.33 6212.96 8539.53 8661.88 8577.72 9326.8 5900.59 10382.19 10086.64 7311.96 5887.12 7548.9 2241.27 3003.56 7943.24 7002.34 7205.01 2359.9 7310.33 3131.65 8478.93 5866.49 3412.17 8484.32 7919.56 4989.27 3827.75 9335.58 8564.62 2486.42 2953.53 7704.61 6408.3 9450.42 2124.0 3851.91 7612.85 6633.01 7614.57 5705.46 8326.38 5678.75 2464.22 9380.68 8913.29 8818.37 
743.33 1649.11 3533.76 2767.98 777.77 1073.7 1796.12 318.12 85.08 1712.91 5615.17 782.63 1480.96 2328.44 965.94 343.13 1851.39 2460.7 1772.14 594.83 -61.81 56.18 484.73 712.3 676.49 563.52 3060.59 2255.25 1320.93 1503.73 2253.55 100.64 831.71 770.7 973.17 1254.64 804.13 165.47 3716.92 506.78 1313.22 1383.53 3542.4 1991.0 581.65 4783.19 -267.48 150.82 1406.72 941.33 1237.8 348.68 599.44 1046.2 96.07 3848.67 2009.73 1054.16 1461.09 1286.09 629.29 2238.06 1255.16 1352.39 1308.04 4522.92 1050.79 45.67 1511.74 2310.75 2291.71 408.33 2079.74 225.47 1686.29 4656.57 1037.49 1809.19 2875.91 1597.91 162.09 1260.87 541.78 1717.88 2609.24 245.69 1455.11 1530.9 2104.49 2770.07 529.57 3020.22 1279.34 1606.85 2407.49 1808.63 579.6 980.36 931.53 427.2 1253.04 104.07 1306.14 1066.97 2945.96 911.21 38.54 1495.51 1879.53 1844.0 565.73 1944.49 1993.1 661.21 328.25 2217.78 543.98 3571.43 374.02 1032.77 1450.38 2648.77 1860.12 859.4 182.79 1729.92 64.03 3001.47 2172.62 1923.05 
136.5 188.66 161.83 143.55 130.91 170.33 111.49 122.42 125.35 110.54 122.97 109.34 126.94 145.03 181.12 124.21 158.23 143.16 98.6 92.8 179.96 169.85 96.18 111.07 117.48 117.2 112.22 106.56 126.27 127.92 110.73 128.11 98.25 110.07 105.73 188.06 154.33 144.62 108.13 177.95 115.61 105.85 143.73 113.97 124.66 192.55 139.63 123.03 108.33 184.39 122.51 103.08 98.4 129.68 112.97 118.1 97.98 139.27 158.48 118.76 161.84 119.09 136.36 146.66 102.27 134.91 120.44 104.12 104.54 117.69 124.44 133.91 131.41 102.59 124.31 178.21 132.36 144.07 117.2 128.1 127.24 100.05 137.4 161.31 164.7 116.9 153.63 97.97 124.21 196.19 117.98 148.8 138.87 179.47 105.73 120.89 132.64 123.66 108.87 122.95 165.43 126.07 131.91 171.63 194.21 152.76 123.47 135.74 142.97 104.89 128.03 142.21 145.6 181.01 163.71 133.37 130.83 138.97 113.08 135.86 116.5 127.3 101.97 124.45 143.95 170.52 164.85 146.91 122.57 127.95 
13 20 17 13 12 18 10 11 13 10 11 10 12 15 19 11 16 13 9 8 19 18 9 10 11 11 10 10 12 13 10 12 9 10 10 20 16 13 10 19 11 10 15 10 11 20 14 11 10 19 11 9 9 12 10 11 9 13 16 11 17 11 12 15 9 12 11 9 9 11 11 12 12 9 11 19 14 13 11 12 12 9 13 17 17 11 16 9 11 21 11 14 13 19 10 11 12 11 10 11 17 13 12 18 20 16 11 12 13 9 12 13 13 19 17 12 12 13 10 12 11 12 9 11 13 18 17 15 11 12 
118 3 29 31 78 62 85 63 3 31 11 119 14 50 8 104 28 102 98 46 99 2 20 48 109 89 14 79 92 18 74 1 111 69 115 49 20 56 26 29 37 16 39 65 54 89 98 29 21 50 56 118 55 7 21 13 107 69 98 12 17 18 20 51 98 56 54 59 106 33 30 31 90 82 15 49 119 39 87 50 69 114 63 67 103 111 53 35 78 42 99 33 46 40 62 81 36 95 86 116 74 90 15 54 110 49 3 96 83 99 2 115 14 96 5 31 54 8 36 27 89 84 40 32 114 14 12 25 55 102 
120 28 63 75 95 115 120 120 98 74 42 120 120 120 28 120 120 120 120 120 120 23 120 120 120 120 95 114 120 57 120 82 120 120 120 102 120 94 88 119 64 105 78 117 93 120 120 58 84 84 119 120 99 34 109 49 120 120 120 87 120 84 34 120 120 83 120 84 120 120 120 55 109 120 113 120 120 109 120 96 102 120 77 89 120 120 120 120 120 113 120 70 120 116 120 120 120 120 120 120 120 120 91 70 120 120 44 116 119 120 42 120 120 120 20 68 81 54 102 46 120 120 120 120 120 94 105 112 120 120 
5
0.0 0.0 0.0 0.0 0.0 
100.0 100.0 0.0 0.0 100.0 
0 0 7 7 0 7 7 2 7 6 3 2 2 8 7 3 8 3 5 1 6 3 6 5 8 2 6 7 3 4 4 7 6 4 7 5 5 7 3 8 4 2 7 1 3 5 6 2 3 5 4 2 4 4 5 2 3 4 7 6 5 5 6 8 6 5 3 7 5 6 4 5 5 5 5 4 6 4 4 4 8 6 6 6 5 5 7 4 6 4 4 3 4 3 3 7 4 7 7 8 5 3 6 4 6 3 2 3 5 4 5 5 6 1 4 1 4 5 4 1 5 8 7 5 6 3 5 3 6 6 2 7 3 2 7 
0 0 7 7 0 7 7 2 7 6 3 2 2 8 7 3 8 3 5 1 6 3 6 5 8 2 6 7 3 4 4 7 6 4 7 5 5 7 3 8 4 2 7 1 3 5 6 2 3 5 4 2 4 4 5 2 3 4 7 6 5 5 6 8 6 5 3 7 5 6 4 5 5 5 5 4 6 4 4 4 8 6 6 6 5 5 7 4 6 4 4 3 4 3 3 7 4 7 7 8 5 3 6 4 6 3 2 3 5 4 5 5 6 1 4 1 4 5 4 1 5 8 7 5 6 3 5 3 6 6 2 7 3 2 7 
7 7 0 0 7 7 6 4 3 4 5 4 4 6 5 3 7 5 2 5 9 4 3 1 4 5 8 5 6 4 7 8 6 7 6 4 4 3 3 6 3 6 4 6 3 6 4 5 5 6 3 5 5 4 2 4 3 5 7 9 5 5 9 6 4 2 7 4 3 5 6 1 6 7 5 6 3 2 5 6 6 8 3 5 5 7 7 6 8 3 5 5 5 5 5 9 5 8 6 5 7 6 6 4 6 3 6 4 2 3 2 7 3 5 4 5 2 4 2 6 3 7 5 7 2 6 8 5 3 3 5 6 4 4 3 
7 7 0 0 7 7 6 4 3 4 5 4 4 6 5 3 7 5 2 5 9 4 3 1 4 5 8 5 6 4 7 8 6 7 6 4 4 3 3 6 3 6 4 6 3 6 4 5 5 6 3 5 5 4 2 4 3 5 7 9 5 5 9 6 4 2 7 4 3 5 6 1 6 7 5 6 3 2 5 6 6 8 3 5 5 7 7 6 8 3 5 5 5 5 5 9 5 8 6 5 7 6 6 4 6 3 6 4 2 3 2 7 3 5 4 5 2 4 2 6 3 7 5 7 2 6 8 5 3 3 5 6 4 4 3 
0 0 7 7 0 7 7 2 7 6 3 2 2 8 7 3 8 3 5 1 6 3 6 5 8 2 6 7 3 4 4 7 6 4 7 5 5 7 3 8 4 2 7 1 3 5 6 2 3 5 4 2 4 4 5 2 3 4 7 6 5 5 6 8 6 5 3 7 5 6 4 5 5 5 5 4 6 4 4 4 8 6 6 6 5 5 7 4 6 4 4 3 4 3 3 7 4 7 7 8 5 3 6 4 6 3 2 3 5 4 5 5 6 1 4 1 4 5 4 1 5 8 7 5 6 3 5 3 6 6 2 7 3 2 7 
7 7 7 7 7 0 2 5 4 2 4 6 6 3 3 6 1 3 5 5 1 4 4 6 3 5 2 2 4 3 2 0 1 2 1 3 3 4 5 3 4 4 3 6 5 2 3 4 3 2 5 5 3 3 5 6 6 3 1 2 2 2 1 3 2 5 3 3 4 1 3 6 1 1 2 2 4 6 2 2 2 2 4 2 2 1 0 2 2 4 3 4 2 3 4 1 2 0 1 3 2 4 1 3 1 5 4 4 5 4 5 2 4 6 3 6 6 3 5 5 4 1 2 1 5 3 2 3 4 4 5 1 4 6 4 
7 7 6 6 7 2 0 5 2 1 4 6 5 0 0 5 1 4 4 6 4 4 2 5 1 5 4 0 5 3 4 3 1 4 0 2 3 2 5 1 3 5 1 6 5 2 1 4 3 2 4 5 3 3 3 5 5 3 1 4 2 1 4 1 1 4 4 1 3 1 3 5 2 3 2 3 2 5 3 3 0 4 2 1 1 3 2 3 4 3 3 4 3 4 4 4 3 2 1 0 4 5 2 3 1 4 5 4 4 4 3 4 2 6 3 6 5 2 4 6 2 1 0 3 3 4 4 4 2 3 5 0 4 6 2 
2 2 4 4 2 5 5 0 4 3 1 0 0 6 5 1 6 1 2 1 5 1 4 3 5 0 5 4 2 2 3 5 4 3 5 2 2 4 1 6 1 1 4 1 1 3 4 1 2 3 2 0 2 2 2 0 1 2 5 6 3 3 5 6 3 2 2 5 2 4 2 3 3 4 3 2 4 2 2 3 5 5 4 3 3 4 5 3 5 2 2 1 2 1 1 6 2 5 5 5 4 2 4 2 4 1 1 1 3 1 3 4 4 0 2 0 2 3 2 1 3 6 4 4 4 2 4 1 3 3 0 5 1 0 4 
7 7 3 3 7 4 2 4 0 1 3 5 4 2 1 3 3 4 2 5 6 3 0 3 1 4 5 1 5 2 5 5 2 5 3 2 2 0 3 2 2 5 1 6 3 3 1 4 3 3 2 4 3 3 1 4 4 3 3 6 3 2 6 2 1 2 5 0 2 2 4 3 3 4 3 3 0 3 3 4 2 6 0 2 2 4 4 4 6 2 3 4 3 4 4 6 3 4 3 1 5 5 3 2 3 3 5 3 2 2 1 5 0 5 2 5 3 1 2 5 1 3 2 4 0 4 5 4 1 1 4 3 3 4 0 
6 6 4 4 6 2 1 3 1 0 2 4 4 2 1 3 2 2 2 4 4 2 1 3 1 3 4 1 3 1 3 3 1 3 1 1 1 1 3 2 2 3 0 5 3 1 0 3 2 1 2 3 2 1 2 4 4 2 2 4 1 0 4 2 0 2 3 1 2 1 2 3 1 3 1 2 1 3 1 2 2 4 1 0 0 3 2 2 4 1 2 3 2 2 2 4 1 3 1 2 3 3 1 1 1 3 4 2 3 2 2 3 1 4 1 4 3 0 2 4 1 2 1 2 2 2 3 2 1 1 3 2 2 4 1 
3 3 5 5 3 4 4 1 3 2 0 1 1 5 4 2 5 0 2 1 4 0 3 3 4 0 4 3 1 1 2 4 3 2 4 1 1 4 1 5 1 1 3 2 1 2 3 0 0 2 2 0 0 1 2 1 2 1 4 4 2 2 4 5 2 2 2 4 2 3 1 3 2 3 2 1 3 2 1 2 4 4 3 2 2 3 4 2 4 1 0 0 1 0 0 5 1 4 4 4 3 1 3 1 2 1 1 0 3 1 2 3 3 1 1 1 2 2 2 1 2 5 3 3 3 1 3 0 3 2 0 4 0 1 3 
2 2 4 4 2 6 6 0 5 4 1 0 0 6 6 1 7 2 3 1 6 2 4 3 6 1 5 5 3 3 4 6 5 4 6 3 3 5 1 7 2 2 5 1 1 4 4 1 2 4 2 1 2 2 3 0 1 3 6 6 4 4 6 7 4 2 3 5 3 5 3 3 4 5 4 3 5 2 3 4 6 6 4 4 4 4 6 3 6 2 2 1 3 2 1 6 3 6 6 6 5 2 4 3 4 1 2 2 3 2 3 4 4 0 3 0 2 4 2 1 4 7 5 4 4 3 5 2 4 4 1 6 2 0 5 
2 2 4 4 2 6 5 0 4 4 1 0 0 6 5 1 6 2 2 1 6 1 4 3 5 1 6 5 3 2 4 6 5 4 5 3 2 5 1 6 2 2 5 1 0 4 4 2 2 4 2 1 2 2 2 0 0 2 6 6 4 4 6 6 4 2 3 5 2 4 3 2 4 5 4 3 4 2 3 4 6 6 4 4 4 4 6 3 6 2 2 1 3 2 1 6 3 6 5 6 5 3 4 2 4 1 2 2 2 2 3 5 4 1 2 1 1 3 2 1 3 6 5 4 4 3 5 2 3 3 1 6 1 0 4 
8 8 6 6 8 3 0 6 2 2 5 6 6 0 0 5 1 4 4 6 4 4 2 5 1 5 5 1 5 3 5 3 1 4 1 3 3 2 5 0 4 5 1 7 5 3 1 5 4 3 4 5 4 3 4 6 6 4 1 5 3 2 4 0 2 4 5 1 4 1 4 5 3 4 2 4 2 5 3 4 0 5 2 2 2 4 3 4 5 4 4 5 4 4 5 4 3 3 1 0 4 5 2 3 2 5 6 4 4 4 3 4 2 6 3 6 5 2 4 6 3 1 1 4 3 4 5 4 3 3 5 1 4 6 2 
7 7 5 5 7 3 0 5 1 1 4 6 5 0 0 5 2 4 4 6 5 4 2 4 0 5 5 0 5 3 5 3 1 4 1 2 2 1 5 1 3 5 0 7 4 3 1 5 4 3 3 5 3 3 3 5 5 3 2 5 2 2 5 0 1 3 5 0 3 1 4 4 2 4 2 3 1 5 3 4 0 5 2 1 2 4 3 4 5 3 4 4 3 4 4 4 3 3 1 0 4 5 2 3 2 4 5 4 4 3 3 4 2 6 3 6 4 2 4 6 2 2 1 4 2 4 5 4 2 2 5 1 4 5 2 
3 3 3 3 3 6 5 1 3 3 2 1 1 5 5 0 6 3 1 2 6 2 3 2 5 2 6 4 3 2 4 6 5 4 5 3 2 4 0 6 1 3 4 2 0 4 3 2 3 4 1 1 2 2 2 1 0 3 6 7 4 4 6 6 3 1 4 4 1 4 3 1 4 5 4 3 3 0 3 4 5 6 3 4 3 5 6 4 6 1 2 2 3 3 2 7 3 6 5 5 5 3 4 2 4 0 3 2 1 1 2 5 3 2 2 2 0 3 1 2 2 6 4 5 3 3 5 2 2 2 2 5 1 0 3 
8 8 7 7 8 1 1 6 3 2 5 7 6 1 2 6 0 4 5 6 3 4 4 6 2 5 3 2 5 4 4 2 1 3 0 3 4 3 6 1 4 5 2 7 5 3 3 5 4 2 5 6 4 4 5 6 6 4 0 3 2 2 3 2 2 5 4 3 4 1 4 6 2 3 2 3 3 6 3 3 1 3 4 2 2 3 1 3 3 4 4 5 3 4 5 3 3 1 1 2 3 5 2 4 2 5 5 4 5 4 4 3 4 6 4 7 6 3 5 6 3 0 1 3 4 4 4 4 4 4 5 0 5 6 4 
3 3 5 5 3 3 4 1 4 2 0 2 2 4 4 3 4 0 3 1 3 1 4 4 4 1 3 3 1 1 1 3 3 1 4 1 2 4 2 5 2 1 3 2 2 1 3 0 0 1 2 1 0 1 3 2 3 0 4 4 1 2 3 5 2 2 1 4 2 3 0 4 1 2 2 0 3 3 1 1 4 3 4 2 2 2 3 1 3 2 0 0 0 0 0 4 1 4 3 4 2 0 2 1 2 2 1 0 3 2 3 2 4 2 2 2 3 2 3 1 3 4 3 2 4 0 2 0 3 3 1 4 1 2 4 
5 5 2 2 5 5 4 2 2 2 2 3 2 4 4 1 5 3 0 4 6 2 1 1 3 3 6 3 4 2 5 6 4 5 4 2 1 2 1 5 1 4 3 4 1 3 2 3 3 3 0 3 2 2 0 2 2 3 5 7 3 3 6 4 2 0 4 3 0 3 4 0 3 5 3 3 2 1 3 4 4 6 1 3 3 5 5 4 6 1 3 2 3 3 2 6 3 6 4 4 5 4 4 2 4 1 4 2 0 1 0 5 2 3 1 3 1 2 0 4 1 5 4 5 1 3 5 3 1 1 3 4 2 2 2 
1 1 5 5 1 5 6 1 5 4 1 1 1 6 6 2 6 1 4 0 5 1 5 4 6 0 4 5 1 3 3 5 5 3 5 3 3 5 2 7 2 1 5 0 2 3 5 1 2 3 3 0 2 2 4 1 2 2 6 5 3 4 5 7 4 3 2 5 3 4 2 4 3 4 3 2 5 3 3 3 6 5 5 4 4 4 5 3 5 3 2 1 2 2 1 5 3 6 5 6 4 1 4 3 4 2 1 2 4 2 4 3 5 0 3 0 3 4 3 0 4 6 5 4 5 2 4 2 4 4 0 6 2 1 5 
6 6 9 9 6 1 4 5 6 4 4 6 6 4 5 6 3 3 6 5 0 4 6 7 5 5 0 4 3 4 2 1 3 2 3 4 4 6 6 5 5 4 4 6 5 2 5 4 3 2 6 5 4 4 6 6 6 3 3 0 3 3 0 5 4 6 2 5 5 3 3 7 2 1 3 3 5 7 3 2 4 0 6 3 3 1 1 2 0 5 3 4 3 3 4 0 3 2 3 5 1 3 2 4 3 6 4 4 7 5 6 1 6 6 4 6 7 5 6 5 5 3 3 1 6 3 1 3 5 5 5 3 5 6 6 
3 3 4 4 3 4 4 1 3 2 0 2 1 4 4 2 4 1 2 1 4 0 3 3 4 1 4 3 2 1 2 4 3 2 4 1 1 3 1 5 1 1 3 2 1 2 3 0 0 2 1 1 0 0 2 1 2 1 4 5 2 2 4 5 2 1 2 3 1 3 1 3 2 3 2 1 3 2 1 2 4 4 3 2 2 3 4 2 4 1 0 0 1 1 0 5 1 4 3 4 3 1 2 1 2 1 1 0 2 1 2 3 3 1 1 2 2 2 2 1 2 5 3 3 3 1 3 0 2 2 1 4 0 1 3 
6 6 3 3 6 4 2 4 0 1 3 4 4 2 2 3 4 4 1 5 6 3 0 2 1 4 6 2 5 2 5 5 2 5 3 2 1 0 3 3 2 4 1 5 3 3 1 4 3 3 1 4 3 2 1 4 3 3 4 6 3 2 6 3 1 1 4 1 1 2 4 2 3 4 3 3 0 2 3 4 3 6 0 2 2 4 4 4 6 2 3 3 3 3 3 6 3 4 3 2 5 4 3 2 3 3 5 3 2 2 1 5 0 4 1 5 2 1 2 5 1 4 2 4 0 4 5 3 0 0 4 3 3 4 0 
5 5 1 1 5 6 5 3 3 3 3 3 3 5 4 2 6 4 1 4 7 3 2 0 4 3 7 4 5 3 6 7 5 6 5 3 2 3 2 5 2 4 4 4 2 4 3 4 4 4 1 3 3 3 1 3 2 4 6 8 4 4 7 5 3 1 5 3 1 4 5 0 4 6 4 4 3 1 4 5 5 7 2 4 4 6 6 5 7 2 4 3 4 4 3 7 4 7 5 4 6 5 5 3 5 2 5 3 0 2 1 6 2 4 2 4 1 2 1 4 2 6 4 6 2 4 6 4 2 2 3 5 3 3 2 
8 8 4 4 8 3 1 5 1 1 4 6 5 1 0 5 2 4 3 6 5 4 1 4 0 5 5 0 5 3 5 4 2 5 2 3 2 1 4 1 3 5 0 7 4 3 1 5 4 3 3 5 3 3 3 5 5 4 2 5 3 2 5 1 1 3 5 0 3 2 4 4 3 4 2 4 1 4 3 4 1 5 1 2 2 4 3 4 5 3 4 4 4 4 4 5 3 3 2 0 5 5 2 3 2 4 5 4 3 3 2 5 1 6 3 6 4 2 3 6 2 2 1 4 2 4 5 4 2 2 5 2 4 5 1 
2 2 5 5 2 5 5 0 4 3 0 1 1 5 5 2 5 1 3 0 5 1 4 3 5 0 4 4 1 2 3 5 4 3 5 2 2 4 1 6 1 1 4 1 1 2 4 0 1 3 2 0 1 1 3 1 1 1 5 5 3 3 5 6 3 2 2 4 2 4 2 3 3 3 3 2 4 2 2 2 5 4 4 3 3 3 5 2 4 2 1 0 2 1 0 5 2 5 4 5 3 1 3 2 3 1 1 1 3 2 3 3 4 0 2 1 2 3 2 0 3 6 4 3 4 1 3 1 3 3 0 5 1 1 4 
6 6 8 8 6 2 4 5 5 4 4 5 6 5 5 6 3 3 6 4 0 4 6 7 5 4 0 4 3 4 1 1 3 1 3 3 4 5 6 5 4 3 4 5 5 2 4 4 3 2 5 4 3 4 5 5 6 3 3 0 2 3 0 5 4 5 2 5 5 3 2 7 2 1 3 2 5 6 2 1 4 0 6 3 3 1 2 2 0 5 3 4 2 3 4 1 3 2 3 5 0 3 2 4 2 5 3 4 6 5 6 1 5 5 4 5 6 4 6 4 5 3 3 1 6 3 0 3 5 5 4 3 4 6 6 
7 7 5 5 7 2 0 4 1 1 3 5 5 1 0 4 2 3 3 5 4 3 2 4 0 4 4 0 4 2 4 3 1 4 1 2 2 1 4 1 3 4 0 6 4 2 0 4 3 2 3 4 3 2 3 5 5 3 2 4 2 1 4 1 1 3 4 1 3 1 3 4 2 3 2 3 1 4 2 3 1 4 2 1 1 3 2 3 4 3 3 4 3 3 4 4 2 3 1 1 4 4 1 2 1 4 5 3 3 3 2 4 1 5 2 5 4 1 3 5 2 2 0 3 2 3 4 3 2 2 4 1 3 5 1 
3 3 6 6 3 4 5 2 5 3 1 3 3 5 5 3 5 1 4 1 3 2 5 5 5 1 3 4 0 2 1 4 4 1 4 2 3 5 3 6 3 0 4 2 3 2 4 1 1 2 3 2 1 2 4 3 3 1 4 3 2 3 3 6 3 4 0 5 3 3 1 5 2 2 2 1 5 4 1 1 5 3 5 3 3 2 3 1 3 3 1 1 1 1 1 4 2 4 4 5 2 0 3 2 3 3 0 1 4 3 4 2 5 2 3 2 4 3 4 1 4 5 4 2 5 1 2 1 4 4 1 4 2 3 5 
4 4 4 4 4 3 3 2 2 1 1 3 2 3 3 2 4 1 2 3 4 1 2 3 3 2 4 2 2 0 3 4 2 3 3 0 0 2 2 4 0 2 2 3 1 1 1 2 1 1 1 2 1 0 1 2 2 1 3 4 1 1 4 4 1 1 2 2 1 2 2 2 1 3 1 1 2 2 1 2 3 4 2 1 1 3 3 2 4 0 1 1 1 1 1 4 1 4 3 3 3 2 2 0 2 1 2 1 2 1 1 3 2 3 0 3 2 1 1 3 1 4 2 3 2 1 3 1 1 1 2 3 1 2 2 
4 4 7 7 4 2 4 3 5 3 2 4 4 5 5 4 4 1 5 3 2 2 5 6 5 3 1 4 1 3 0 2 3 0 3 2 3 5 4 5 3 2 4 4 4 1 4 2 1 2 4 3 2 2 4 4 4 2 3 2 2 2 2 5 3 4 0 5 4 3 1 6 2 1 2 1 5 5 1 1 4 1 5 3 3 1 2 0 1 3 2 2 1 1 2 2 2 3 3 5 0 1 2 3 2 4 2 2 5 4 5 0 5 3 3 4 5 4 4 3 4 4 3 1 5 1 0 2 4 4 3 4 3 4 5 
7 7 8 8 7 0 3 5 5 3 4 6 6 3 3 6 2 3 6 5 1 4 5 7 4 5 1 3 4 4 2 0 2 2 2 3 4 5 6 3 4 4 3 6 5 2 4 4 3 2 5 5 3 4 5 6 6 3 1 1 2 2 1 4 3 5 3 4 5 2 3 7 2 1 2 3 4 6 3 2 3 1 5 3 3 1 0 2 1 4 3 4 3 3 4 1 3 0 1 4 1 4 2 4 2 5 4 4 6 5 5 2 5 6 4 6 6 4 6 5 4 2 2 1 5 3 2 3 5 5 5 2 4 6 5 
6 6 6 6 6 1 1 4 2 1 3 5 5 1 1 5 1 3 4 5 3 3 2 5 2 4 3 1 4 2 3 2 0 3 0 2 2 2 4 2 3 4 1 6 4 1 1 3 3 1 3 4 2 2 3 5 5 2 1 3 1 1 3 2 1 3 3 2 3 0 2 5 1 2 1 2 2 5 2 2 1 3 2 1 1 2 1 2 3 3 2 3 2 3 3 3 2 2 0 1 3 4 0 2 0 4 4 3 4 3 3 3 2 5 2 5 5 2 4 5 2 1 0 2 3 3 3 3 2 3 4 0 3 5 2 
4 4 7 7 4 2 4 3 5 3 2 4 4 4 4 4 3 1 5 3 2 2 5 6 5 3 1 4 1 3 0 2 3 0 3 2 3 5 4 5 3 2 4 4 3 1 4 2 1 1 4 3 2 2 4 4 4 1 3 2 1 2 2 5 3 4 0 4 4 2 1 5 1 0 2 1 4 5 1 0 4 1 5 2 2 0 2 0 1 3 1 2 1 1 2 2 1 3 3 5 0 1 2 2 2 4 2 2 5 3 4 0 4 3 3 4 5 3 4 3 4 4 3 0 5 1 0 1 4 4 3 3 3 4 5 
7 7 6 6 7 1 0 5 3 1 4 6 5 1 1 5 0 4 4 5 3 4 3 5 2 5 3 1 4 3 3 2 0 3 0 2 3 2 5 1 3 5 1 6 5 2 2 4 3 2 4 5 3 3 4 5 6 3 0 3 2 1 3 1 1 4 4 2 4 1 3 5 2 2 1 3 2 5 2 3 0 3 3 1 1 2 1 3 3 3 3 4 3 3 4 3 2 1 0 1 3 4 1 3 1 4 5 3 5 4 4 3 3 6 3 6 5 2 4 5 3 0 0 2 3 3 3 3 3 3 5 0 4 6 3 
5 5 4 4 5 3 2 2 2 1 1 3 3 3 2 3 3 1 2 3 4 1 2 3 3 2 3 2 2 0 2 3 2 2 2 0 0 2 2 3 1 2 2 4 2 1 1 2 1 1 2 2 0 0 2 3 3 1 3 4 0 1 4 3 1 2 2 2 1 1 1 3 1 2 0 1 2 3 0 1 3 3 2 1 0 2 3 1 3 1 1 1 1 1 1 4 0 3 2 3 2 2 1 0 1 2 2 1 2 1 2 2 2 3 0 3 3 1 2 3 1 3 2 2 2 1 3 1 2 2 2 2 1 3 2 
5 5 4 4 5 3 3 2 2 1 1 3 2 3 2 2 4 2 1 3 4 1 1 2 2 2 4 2 3 0 3 4 2 3 3 0 0 2 2 4 0 2 2 4 1 2 1 2 1 2 1 2 1 0 1 2 2 1 3 5 1 1 4 3 1 1 3 2 1 2 2 2 2 3 1 2 1 2 1 2 3 4 1 1 1 3 3 2 4 0 1 1 1 2 1 5 1 4 3 3 3 2 2 0 2 1 3 1 2 0 1 3 1 3 0 3 2 0 1 3 0 4 2 3 2 2 4 1 1 1 2 3 1 2 2 
7 7 3 3 7 4 2 4 0 1 4 5 5 2 1 4 3 4 2 5 6 3 0 3 1 4 5 1 5 2 5 5 2 5 2 2 2 0 4 2 2 5 1 6 4 3 1 4 4 3 2 4 3 3 2 5 4 3 3 6 3 2 6 2 1 2 5 0 2 2 4 3 3 4 3 4 0 3 3 4 2 6 0 2 2 4 4 4 5 2 3 4 3 4 4 5 3 4 3 1 5 5 3 2 3 3 5 3 2 2 1 5 0 5 2 5 3 1 3 5 1 3 2 4 1 4 5 4 1 1 4 3 3 5 0 
3 3 3 3 3 5 5 1 3 3 1 1 1 5 5 0 6 2 1 2 6 1 3 2 4 1 6 4 3 2 4 6 4 4 5 2 2 4 0 6 1 2 4 2 0 3 3 2 2 3 1 1 2 2 1 1 0 2 6 6 3 3 6 6 3 1 4 4 1 4 3 1 3 5 3 3 3 1 3 4 5 6 3 3 3 4 5 4 6 1 2 2 3 2 1 6 3 6 5 5 5 3 4 2 4 0 3 2 1 1 2 5 3 2 2 2 0 2 0 2 2 6 4 4 3 3 5 2 2 2 1 5 1 1 3 
8 8 6 6 8 3 1 6 2 2 5 7 6 0 1 6 1 5 5 7 5 5 3 5 1 6 5 1 6 4 5 3 2 5 1 3 4 2 6 0 4 6 2 8 6 4 2 5 5 3 4 6 4 4 4 6 6 4 2 5 3 3 5 0 2 4 5 2 4 2 5 5 3 4 3 4 2 6 4 4 0 5 3 2 3 4 3 4 5 4 4 5 4 5 5 4 4 3 2 1 5 6 3 4 2 5 6 5 5 4 4 5 3 7 4 7 6 3 5 7 3 1 1 4 3 5 5 5 3 3 6 1 5 7 3 
4 4 3 3 4 4 3 1 2 2 1 2 2 4 3 1 4 2 1 2 5 1 2 2 3 1 4 3 3 0 3 4 3 3 3 1 0 2 1 4 0 2 2 3 1 2 2 1 1 2 0 1 1 0 1 2 2 1 4 5 2 2 5 4 2 0 3 3 0 2 2 2 2 3 2 2 2 2 1 2 4 4 2 2 2 3 4 2 4 0 1 1 1 1 1 5 1 4 3 3 4 2 2 0 2 1 2 1 1 0 1 3 2 2 0 2 2 1 1 2 1 4 3 3 2 2 4 1 1 1 1 4 0 2 2 
2 2 6 6 2 4 5 1 5 3 1 2 2 5 5 3 5 1 4 1 4 1 4 4 5 1 3 4 0 2 2 4 4 2 5 2 2 5 2 6 2 0 4 1 2 2 4 0 1 2 3 1 1 2 3 2 2 1 5 4 2 3 4 6 3 3 1 5 3 4 1 4 2 3 3 1 4 3 2 2 5 4 4 3 3 2 4 2 4 2 1 1 1 1 1 4 2 5 4 5 3 0 3 2 3 2 0 1 4 2 4 2 4 1 2 1 3 3 3 1 3 5 4 3 5 1 2 1 4 4 1 5 1 2 5 
7 7 4 4 7 3 1 4 1 0 3 5 5 1 0 4 2 3 3 5 4 3 1 4 0 4 4 0 4 2 4 3 1 4 1 2 2 1 4 2 2 4 0 6 4 2 0 4 3 2 2 4 3 2 2 5 4 3 2 5 2 1 4 1 0 2 4 0 2 1 3 4 2 3 2 3 1 4 2 3 1 4 1 1 1 3 3 3 4 2 3 3 3 3 3 4 2 3 1 1 4 4 2 2 1 3 4 3 3 2 2 4 1 5 2 5 4 1 3 5 1 2 1 3 2 3 4 3 1 1 4 1 3 5 1 
1 1 6 6 1 6 6 1 6 5 2 1 1 7 7 2 7 2 4 0 6 2 5 4 7 1 5 6 2 3 4 6 6 4 6 4 4 6 2 8 3 1 6 0 2 4 5 2 3 4 3 1 3 3 4 1 2 3 7 6 4 5 6 7 5 4 3 6 4 5 3 4 4 5 4 3 5 3 3 4 7 5 5 5 5 4 6 3 5 3 3 2 3 2 2 6 4 6 6 7 4 2 5 3 5 2 1 2 4 3 4 4 5 0 3 0 3 4 3 0 4 7 6 4 5 3 4 2 5 5 1 6 2 1 6 
3 3 3 3 3 5 5 1 3 3 1 1 0 5 4 0 5 2 1 2 5 1 3 2 4 1 5 4 3 1 4 5 4 3 5 2 1 4 0 6 1 2 4 2 0 3 3 1 2 3 1 1 1 1 2 0 1 2 5 6 3 3 6 5 3 1 3 4 1 4 2 2 3 4 3 2 3 1 2 3 5 5 3 3 3 4 5 3 5 1 2 1 2 2 1 6 2 5 4 5 4 2 3 1 3 0 2 1 2 1 2 4 3 1 1 1 1 2 1 2 2 5 4 4 3 2 4 2 2 2 1 5 0 0 3 
5 5 6 6 5 2 2 3 3 1 2 4 4 3 3 4 3 1 3 3 2 2 3 4 3 2 2 2 2 1 1 2 1 1 2 1 2 3 3 4 2 2 2 4 3 0 2 2 1 0 3 3 1 1 3 3 4 1 2 3 0 1 2 4 1 3 1 3 3 1 1 4 0 1 0 0 3 4 0 0 3 2 3 1 1 1 2 0 2 2 1 2 0 1 2 3 0 2 2 3 1 2 1 1 1 3 2 1 4 2 3 1 3 3 2 4 4 2 3 3 2 3 2 1 4 1 2 1 3 3 2 2 2 4 3 
6 6 4 4 6 3 1 4 1 0 3 4 4 1 1 3 3 3 2 5 5 3 1 3 1 4 4 0 4 1 4 4 1 4 2 1 1 1 3 2 2 4 0 5 3 2 0 3 3 2 2 4 2 2 2 4 4 2 2 5 2 1 5 2 0 2 4 0 2 1 3 3 2 3 2 3 0 3 2 3 2 4 1 1 1 3 3 3 4 2 2 3 2 3 3 5 2 3 2 1 4 4 2 2 2 3 4 2 2 2 1 4 1 5 1 5 3 0 2 5 1 2 1 3 1 3 4 3 1 1 4 2 2 4 1 
2 2 5 5 2 4 4 1 4 3 0 1 2 5 5 2 5 0 3 1 4 0 4 4 5 0 4 4 1 2 2 4 3 2 4 2 2 4 2 5 1 0 4 2 1 2 3 0 0 2 2 0 1 1 3 1 2 1 4 4 2 2 4 5 3 2 1 4 2 3 1 3 2 3 2 1 4 3 1 2 5 4 4 3 2 2 4 1 4 2 1 0 1 0 0 4 1 4 4 5 3 0 3 1 3 2 0 0 3 2 3 2 4 1 2 1 3 3 2 1 3 5 4 2 4 1 3 0 3 3 0 4 1 2 4 
3 3 5 5 3 3 3 2 3 2 0 2 2 4 4 3 4 0 3 2 3 0 3 4 4 1 3 3 1 1 1 3 3 1 3 1 1 4 2 5 1 1 3 3 2 1 3 0 0 1 2 1 0 0 2 2 3 0 4 4 1 2 3 5 2 2 1 3 2 2 0 4 1 2 1 0 3 3 0 1 4 3 3 2 2 2 3 1 3 1 0 1 0 0 1 4 0 3 3 4 2 1 2 1 2 2 1 0 3 2 3 2 3 2 1 2 3 2 2 2 2 4 3 2 3 0 2 0 3 3 1 3 1 2 3 
5 5 6 6 5 2 2 3 3 1 2 4 4 3 3 4 2 1 3 3 2 2 3 4 3 3 2 2 2 1 2 2 1 1 2 1 2 3 3 3 2 2 2 4 3 0 2 2 1 0 3 3 1 1 3 4 4 1 2 3 0 0 2 3 1 3 1 3 3 1 1 4 0 1 0 0 3 4 0 1 2 2 3 1 1 1 1 1 2 2 1 2 1 1 2 3 0 2 1 3 1 2 0 1 0 3 2 1 4 2 3 1 3 4 2 4 4 2 3 3 2 2 1 1 3 1 2 1 3 3 3 2 2 4 3 
4 4 3 3 4 5 4 2 2 2 2 2 2 4 3 1 5 2 0 3 6 1 1 1 3 2 5 3 3 1 4 5 3 4 4 2 1 2 1 4 0 3 2 3 1 3 2 2 2 3 0 2 2 1 0 2 1 2 5 6 3 2 6 4 2 0 4 3 0 3 3 1 3 4 2 3 2 1 2 3 4 5 2 2 2 4 5 3 5 0 2 2 2 2 2 6 2 5 4 4 4 3 3 1 3 1 3 1 0 0 0 4 2 3 1 3 1 1 0 3 1 5 3 4 1 2 5 2 1 1 2 4 1 2 2 
2 2 5 5 2 5 5 0 4 3 0 1 1 5 5 1 6 1 3 0 5 1 4 3 5 0 4 4 2 2 3 5 4 3 5 2 2 4 1 6 1 1 4 1 1 3 4 0 1 3 2 0 1 2 3 1 1 2 5 5 3 3 5 6 3 2 2 5 2 4 2 3 3 4 3 2 4 2 2 3 5 5 4 3 3 3 5 2 5 2 1 0 2 1 0 5 2 5 5 5 4 1 4 2 3 1 1 1 3 2 3 3 4 0 2 0 2 3 2 0 3 6 4 3 4 2 4 1 3 3 0 5 1 1 4 
4 4 5 5 4 3 3 2 3 2 0 2 2 4 3 2 4 0 2 2 4 0 3 3 3 1 3 3 1 1 2 3 2 2 3 0 1 3 2 4 1 1 3 3 1 1 2 1 0 1 2 1 0 0 2 2 2 0 3 4 1 1 4 4 2 2 1 3 2 2 1 3 1 2 1 0 3 3 0 1 3 3 3 1 1 2 3 1 3 1 0 1 0 0 1 4 0 3 3 4 2 1 2 0 2 2 1 0 3 1 2 2 3 2 1 2 3 2 2 2 2 4 2 2 3 0 2 0 2 2 1 3 1 2 3 
4 4 4 4 4 3 3 2 3 1 1 2 2 3 3 2 4 1 2 2 4 0 2 3 3 1 4 2 2 0 2 4 2 2 3 0 0 3 2 4 0 2 2 3 1 1 2 1 0 1 1 2 0 0 2 2 2 0 3 4 1 1 4 4 1 1 2 3 1 2 1 3 1 2 1 1 2 2 1 2 3 4 2 1 1 2 3 1 4 1 0 1 1 1 1 4 1 4 3 3 3 2 2 0 2 1 2 0 2 1 2 3 2 2 0 2 2 1 2 2 1 4 2 2 3 1 3 0 2 2 1 3 0 2 3 
5 5 2 2 5 5 3 2 1 2 2 3 2 4 3 2 5 3 0 4 6 2 1 1 3 3 5 3 4 1 4 5 3 4 4 2 1 2 1 4 1 3 2 4 2 3 2 3 2 3 0 3 2 2 0 2 2 2 4 6 3 2 6 4 2 0 4 2 0 3 3 1 3 4 3 3 1 1 3 4 4 6 1 2 2 4 5 4 6 1 2 2 3 3 2 6 2 5 4 3 5 4 3 1 3 1 4 2 0 1 0 5 1 3 1 3 1 1 0 4 1 5 3 4 1 3 5 3 0 0 3 4 2 2 1 
2 2 4 4 2 6 5 0 4 4 1 0 0 6 5 1 6 2 2 1 6 1 4 3 5 1 5 5 3 2 4 6 5 4 5 3 2 5 1 6 2 2 5 1 0 3 4 1 2 4 2 1 2 2 2 0 0 2 6 6 4 4 6 6 4 2 3 5 2 4 3 2 4 5 4 3 4 2 3 4 6 6 4 4 4 4 6 3 6 2 2 1 3 2 1 6 3 6 5 6 5 2 4 2 4 1 2 2 2 2 3 4 4 0 2 0 2 3 2 1 3 6 5 4 4 2 5 2 3 3 1 6 1 0 4 
3 3 3 3 3 6 5 1 4 4 2 1 0 6 5 0 6 3 2 2 6 2 3 2 5 1 6 5 3 2 4 6 5 4 6 3 2 4 0 6 2 2 4 2 1 4 4 2 3 4 1 1 2 2 2 0 0 3 6 7 4 4 6 6 4 2 4 5 2 5 3 2 4 5 4 3 4 1 3 4 6 6 3 4 4 5 6 4 6 2 3 2 3 3 2 7 3 6 5 6 5 3 4 2 4 1 3 2 2 1 2 5 4 1 2 1 1 3 1 2 3 6 5 5 3 3 5 3 3 3 1 6 1 0 4 
4 4 5 5 4 3 3 2 3 2 1 3 2 4 3 3 4 0 3 2 3 1 3 4 4 1 3 3 1 1 2 3 2 1 3 1 1 3 2 4 1 1 3 3 2 1 2 1 0 1 2 2 0 0 2 2 3 0 3 3 1 1 3 4 2 2 1 3 2 2 0 4 1 2 1 0 3 3 0 1 3 3 3 1 1 2 3 1 3 1 0 1 0 0 1 3 0 3 3 4 2 1 2 1 1 2 1 0 3 2 3 2 3 2 1 2 3 2 2 2 2 4 3 2 3 0 2 0 2 2 1 3 1 3 3 
7 7 7 7 7 1 1 5 3 2 4 6 6 1 2 6 0 4 5 6 3 4 4 6 2 5 3 2 4 3 3 1 1 3 0 3 3 3 6 2 4 5 2 7 5 2 2 4 4 2 5 5 3 3 4 6 6 3 0 3 2 2 3 2 2 5 4 3 4 1 3 6 2 2 2 3 3 6 3 3 1 3 4 2 2 2 1 3 3 4 3 4 3 4 4 2 3 1 0 2 3 4 1 3 1 5 5 4 5 4 4 3 4 6 3 6 6 3 5 6 3 0 1 2 4 3 3 4 4 4 5 0 4 6 4 
6 6 9 9 6 2 4 6 6 4 4 6 6 5 5 7 3 4 7 5 0 5 6 8 5 5 0 4 3 4 2 1 3 2 3 4 5 6 6 5 5 4 5 6 6 3 5 4 4 3 6 5 4 4 6 6 7 3 3 0 3 3 0 5 4 6 3 5 6 3 3 7 3 1 3 3 5 7 3 2 4 0 6 4 4 1 2 2 0 5 4 5 3 4 5 0 3 2 3 5 1 4 3 4 3 6 4 4 7 5 6 1 6 6 5 6 7 5 6 5 5 3 4 1 6 3 1 4 6 6 5 3 5 6 6 
5 5 5 5 5 2 2 3 3 1 2 4 4 3 2 4 2 1 3 3 3 2 3 4 3 3 2 2 2 1 2 2 1 1 2 0 1 3 3 3 2 2 2 4 3 0 2 2 1 0 3 3 1 1 3 4 4 1 2 3 0 0 3 3 1 3 2 2 2 1 1 4 0 1 0 1 2 4 0 1 2 2 3 0 0 1 2 1 2 2 1 2 1 1 2 3 0 2 1 3 2 2 0 1 0 3 3 1 3 2 3 2 3 4 1 4 4 1 3 3 2 2 1 1 3 1 2 1 2 2 3 2 2 4 3 
5 5 5 5 5 2 1 3 2 0 2 4 4 2 2 4 2 2 3 4 3 2 2 4 2 3 3 1 3 1 2 2 1 2 1 1 1 2 3 3 2 3 1 5 3 1 1 2 2 0 2 3 1 1 2 4 4 1 2 3 0 0 3 3 0 2 2 2 2 0 2 4 0 2 0 1 2 4 1 1 2 3 2 0 0 2 2 2 3 2 1 2 1 2 2 3 1 2 1 2 2 3 0 1 0 3 3 2 3 2 2 2 2 4 1 4 4 1 3 4 1 2 1 2 3 2 3 2 2 2 3 1 2 4 2 
6 6 9 9 6 1 4 5 6 4 4 6 6 4 5 6 3 3 6 5 0 4 6 7 5 5 0 4 3 4 2 1 3 2 3 4 4 6 6 5 5 4 4 6 6 2 5 4 3 2 6 5 4 4 6 6 6 3 3 0 3 3 0 5 4 6 2 5 5 3 3 7 2 1 3 3 5 7 3 2 4 0 6 3 3 1 1 2 0 5 3 4 3 3 4 0 3 2 3 5 1 3 2 4 3 6 4 4 7 5 6 1 6 6 4 6 7 5 6 5 5 3 3 1 6 3 1 3 5 6 5 3 5 6 6 
8 8 6 6 8 3 1 6 2 2 5 7 6 0 0 6 2 5 4 7 5 5 3 5 1 6 5 1 6 4 5 4 2 5 1 3 3 2 6 0 4 6 1 7 5 4 2 5 5 3 4 6 4 4 4 6 6 4 2 5 3 3 5 0 2 4 5 1 4 2 5 5 3 4 3 4 2 5 4 4 0 5 3 2 2 4 3 5 5 4 4 5 4 5 5 5 4 3 2 0 5 6 3 4 3 5 6 5 5 4 4 5 2 7 4 7 5 3 5 7 3 1 1 4 3 5 5 5 3 3 6 1 5 6 2 
6 6 4 4 6 2 1 3 1 0 2 4 4 2 1 3 2 2 2 4 4 2 1 3 1 3 4 1 3 1 3 3 1 3 1 1 1 1 3 2 2 3 0 5 3 1 0 3 2 1 2 3 2 1 2 4 4 2 2 4 1 0 4 2 0 2 3 1 2 0 2 3 1 3 1 2 1 3 1 2 2 4 1 0 0 3 2 2 4 2 2 3 2 2 3 4 1 3 1 2 3 3 1 1 1 3 4 2 3 2 2 3 1 4 1 4 3 0 2 4 1 2 1 2 2 2 3 2 1 1 3 2 2 4 2 
5 5 2 2 5 5 4 2 2 2 2 2 2 4 3 1 5 2 0 3 6 1 1 1 3 2 5 3 4 1 4 5 3 4 4 2 1 2 1 4 0 3 2 4 1 3 2 2 2 3 0 2 2 1 0 2 2 2 5 6 3 2 6 4 2 0 4 2 0 3 3 1 3 4 3 3 2 1 2 3 4 5 1 2 2 4 5 3 5 0 2 2 2 2 2 6 2 5 4 3 4 3 3 1 3 1 3 2 0 0 0 4 2 3 1 3 1 1 0 3 1 5 3 4 1 3 5 2 1 1 2 4 1 2 2 
3 3 7 7 3 3 4 2 5 3 2 3 3 5 5 4 4 1 4 2 2 2 4 5 5 2 2 4 0 2 0 3 3 0 4 2 3 5 4 5 3 1 4 3 3 1 4 1 1 1 4 2 1 2 4 3 4 1 4 3 2 2 2 5 3 4 0 5 3 3 0 5 2 1 2 1 4 4 1 1 4 2 5 3 3 1 3 0 2 3 1 2 1 1 2 3 1 3 3 5 1 0 2 2 2 3 1 2 4 3 4 1 5 3 3 3 4 3 4 2 4 4 3 1 5 1 1 1 4 4 2 4 2 3 5 
7 7 4 4 7 3 1 5 0 1 4 5 5 1 0 4 3 4 3 5 5 3 1 3 0 4 5 1 5 2 5 4 2 4 2 2 2 0 4 2 3 5 0 6 4 3 0 4 3 3 3 5 3 3 2 5 5 3 3 5 2 2 5 1 1 2 5 0 2 2 4 3 3 4 2 3 0 4 3 4 1 5 1 2 2 4 3 4 5 2 3 4 3 4 4 5 3 4 2 1 5 5 2 2 2 4 5 3 3 3 2 5 1 5 2 5 4 1 3 5 1 3 1 4 1 4 5 4 1 1 4 2 3 5 1 
5 5 3 3 5 4 3 2 2 2 2 3 2 4 3 1 4 2 0 3 5 1 1 1 3 2 5 3 3 1 4 5 3 4 4 1 1 2 1 4 0 3 2 4 1 3 2 2 2 3 0 2 2 1 0 2 2 2 4 6 2 2 5 4 2 0 3 2 0 3 3 1 3 4 2 2 1 1 2 3 4 5 1 2 2 4 4 3 5 0 2 2 2 2 2 6 2 5 4 3 4 3 3 1 3 1 3 1 1 0 0 4 1 3 0 3 1 1 0 3 1 4 3 4 1 2 5 2 1 0 2 4 1 2 2 
6 6 5 5 6 1 1 4 2 1 3 5 4 1 1 4 1 3 3 4 3 3 2 4 2 4 3 1 3 2 3 2 0 2 1 1 2 2 4 2 2 4 1 5 4 1 1 3 2 1 3 4 2 2 3 4 5 2 1 3 1 0 3 2 0 3 3 2 3 0 2 4 1 2 0 2 2 4 1 2 1 3 2 0 0 2 1 2 3 2 2 3 2 2 3 3 1 2 0 2 2 3 0 2 0 3 4 2 4 3 3 3 2 5 2 5 4 1 3 4 2 1 0 2 3 2 3 2 2 2 4 1 3 5 2 
4 4 6 6 4 3 3 2 4 2 1 3 3 4 4 3 4 0 4 2 3 1 4 5 4 2 2 3 1 2 1 3 2 1 3 1 2 4 3 5 2 1 3 3 2 1 3 1 0 1 3 2 1 1 3 3 3 0 3 3 1 2 3 5 2 3 0 4 3 2 0 4 1 1 1 0 3 4 0 0 4 2 4 2 2 1 2 0 2 2 0 1 0 0 1 3 0 3 3 4 1 1 2 1 2 2 1 1 4 2 3 1 4 3 2 3 4 2 3 2 3 4 3 1 4 0 1 0 3 3 2 3 1 3 4 
5 5 1 1 5 6 5 3 3 3 3 3 2 5 4 1 6 4 0 4 7 3 2 0 4 3 7 4 5 2 6 7 5 5 5 3 2 3 1 5 2 4 4 4 2 4 3 3 4 4 1 3 3 3 1 2 2 4 6 7 4 4 7 5 3 1 5 3 1 4 4 0 4 6 4 4 3 0 4 5 5 7 2 4 3 5 6 5 7 2 3 3 4 4 3 7 4 6 5 4 6 4 4 2 4 1 4 3 0 2 1 6 2 3 2 3 0 2 1 4 2 6 4 5 2 4 6 4 2 2 3 5 2 2 2 
5 5 6 6 5 1 2 3 3 1 2 4 4 3 2 4 2 1 3 3 2 2 3 4 3 3 2 2 2 1 2 2 1 1 2 1 2 3 3 3 2 2 2 4 3 0 2 2 1 0 3 3 1 1 3 4 4 1 2 3 0 0 2 3 1 3 2 3 3 1 1 4 0 1 0 1 3 4 0 1 2 2 3 1 1 1 1 1 2 2 1 2 1 1 2 3 0 2 1 3 1 2 0 1 0 3 3 2 4 2 3 2 3 4 2 4 4 2 3 3 2 2 1 1 3 1 2 1 3 3 3 2 2 4 3 
5 5 7 7 5 1 3 4 4 3 3 5 5 4 4 5 3 2 5 4 1 3 4 6 4 3 1 3 2 3 1 1 2 0 2 2 3 4 5 4 3 3 3 5 4 1 3 3 2 1 4 4 2 2 4 5 5 2 2 1 1 2 1 4 3 4 1 4 4 2 1 6 1 0 1 1 4 5 1 0 3 1 5 2 2 0 1 1 1 3 2 3 1 2 3 1 1 2 2 4 0 2 1 3 1 4 3 3 5 4 5 0 4 4 3 4 5 3 5 4 4 3 3 0 5 2 0 2 4 4 3 3 3 5 5 
5 5 5 5 5 2 2 3 3 1 2 4 4 2 2 4 2 2 3 3 3 2 3 4 2 3 3 2 2 1 2 2 1 2 1 0 1 3 3 3 2 3 2 4 3 0 2 2 1 0 2 3 1 1 3 4 4 1 2 3 0 0 3 3 1 3 2 2 2 0 1 4 0 1 0 1 2 4 0 1 2 3 3 0 0 1 2 1 3 2 1 2 1 1 2 3 0 2 1 3 2 2 0 1 0 3 3 2 3 2 3 2 2 4 1 4 4 1 3 4 2 2 1 1 3 1 2 1 2 2 3 2 2 4 3 
4 4 6 6 4 2 3 2 3 2 1 3 3 4 3 3 3 0 3 2 3 1 3 4 4 2 2 3 1 1 1 3 2 1 3 1 2 4 3 4 2 1 3 3 2 0 3 1 0 0 3 2 0 1 3 3 3 0 3 3 1 1 3 4 2 3 1 3 2 2 0 4 1 1 1 0 3 4 0 0 3 2 3 1 1 1 2 0 2 2 0 1 0 0 1 3 0 3 2 4 1 1 1 1 1 2 2 1 4 2 3 1 3 3 2 3 4 2 3 2 2 3 2 1 4 0 2 0 3 3 2 3 1 3 4 
6 6 3 3 6 4 2 4 0 1 3 5 4 2 1 3 3 3 2 5 5 3 0 3 1 4 5 1 5 2 5 4 2 4 2 2 1 0 3 2 2 4 1 5 3 3 0 4 3 3 2 4 3 2 1 4 4 3 3 5 2 2 5 2 1 2 4 0 1 2 3 3 3 4 2 3 0 3 3 4 2 5 0 1 1 4 4 4 5 2 3 3 3 3 3 5 3 4 3 1 4 4 2 2 2 3 5 3 2 2 1 5 0 5 1 5 3 1 2 5 1 3 2 4 1 3 5 3 0 1 4 2 3 4 0 
4 4 2 2 4 6 5 2 3 3 2 2 2 5 5 0 6 3 1 3 7 2 2 1 4 2 6 4 4 2 5 6 5 5 5 3 2 3 1 6 2 3 4 3 1 4 3 3 3 4 1 2 3 2 1 2 1 3 6 7 4 4 7 5 3 1 4 4 1 4 4 0 4 5 4 4 3 0 3 4 5 7 2 4 3 5 6 4 7 1 3 2 3 3 2 7 3 6 5 5 6 4 4 2 4 1 4 2 0 1 1 5 3 3 2 3 0 2 0 3 2 6 4 5 2 4 6 3 2 2 2 5 2 1 3 
4 4 5 5 4 2 3 2 3 1 1 3 3 3 3 3 3 1 3 3 3 1 3 4 3 2 2 2 1 1 1 3 2 1 2 0 1 3 3 4 1 2 2 3 2 0 2 1 0 0 2 2 0 1 3 3 3 0 3 3 0 1 3 4 1 2 1 3 2 1 0 4 0 1 0 0 3 3 0 1 3 3 3 1 1 1 2 1 3 2 0 1 0 0 1 3 0 3 2 3 2 1 1 1 1 2 2 1 3 2 3 2 3 3 1 3 3 2 3 3 2 3 2 1 3 0 2 0 2 2 2 3 1 3 3 
4 4 6 6 4 2 3 3 4 2 2 4 4 4 4 4 3 1 4 3 2 2 4 5 4 2 1 3 1 2 1 2 2 0 3 1 2 4 4 4 2 2 3 4 3 0 3 2 1 1 3 3 1 2 4 4 4 1 3 2 1 1 2 4 2 3 1 4 3 2 0 5 1 0 1 0 4 4 1 0 3 2 4 2 2 0 2 0 2 3 1 2 0 1 2 2 1 2 2 4 1 1 1 2 1 3 2 2 4 3 4 1 4 3 2 3 4 3 4 3 3 3 2 0 4 1 1 1 3 3 2 3 2 4 4 
8 8 6 6 8 2 0 5 2 2 4 6 6 0 0 5 1 4 4 6 4 4 3 5 1 5 4 1 5 3 4 3 1 4 0 3 3 2 5 0 4 5 1 7 5 3 2 5 4 2 4 5 3 3 4 6 6 3 1 4 2 2 4 0 2 4 4 1 4 1 4 5 2 3 2 3 2 5 3 3 0 4 3 2 2 3 2 4 4 4 4 5 3 4 4 4 3 2 1 1 4 5 2 3 2 5 5 4 5 4 4 4 2 6 3 6 5 2 4 6 3 1 0 3 3 4 4 4 3 3 5 0 4 6 2 
6 6 8 8 6 2 4 5 6 4 4 6 6 5 5 6 3 3 6 5 0 4 6 7 5 4 0 4 3 4 1 1 3 1 3 3 4 6 6 5 4 4 4 5 5 2 4 4 3 2 5 5 3 4 6 6 6 3 3 0 2 3 0 5 4 5 2 5 5 3 2 7 2 1 3 2 5 7 3 2 4 0 6 3 3 1 2 2 0 5 3 4 3 3 4 0 3 2 3 5 1 3 2 4 2 5 4 4 6 5 6 1 6 5 4 5 6 4 6 5 5 3 3 1 6 3 1 3 5 5 4 3 4 6 6 
6 6 3 3 6 4 2 4 0 1 3 4 4 2 2 3 4 4 1 5 6 3 0 2 1 4 6 2 5 2 5 5 2 5 3 2 1 0 3 3 2 4 1 5 3 3 1 4 3 3 2 4 3 2 1 4 3 3 4 6 3 2 6 3 1 1 5 1 1 2 4 2 3 5 3 3 0 2 3 4 3 6 0 2 2 4 4 4 6 2 3 3 3 3 3 6 3 5 3 2 5 4 3 2 3 3 5 3 2 2 1 5 0 5 2 5 2 1 2 5 1 4 2 4 0 4 5 3 0 0 4 3 3 4 0 
6 6 5 5 6 2 1 3 2 0 2 4 4 2 1 4 2 2 3 4 3 2 2 4 2 3 3 1 3 1 3 3 1 2 1 1 1 2 3 2 2 3 1 5 3 1 1 3 2 1 2 3 1 1 2 4 4 1 2 4 0 0 3 2 0 2 3 2 2 0 2 4 1 2 0 1 1 4 1 2 2 3 2 0 0 2 2 2 3 2 2 2 1 2 2 3 1 2 1 2 3 3 0 1 0 3 3 2 3 2 2 3 2 4 1 4 4 1 3 4 1 2 1 2 2 2 3 2 2 2 3 1 2 4 2 
5 5 5 5 5 2 1 3 2 0 2 4 4 2 2 3 2 2 3 4 3 2 2 4 2 3 3 1 3 1 3 3 1 2 1 0 1 2 3 3 2 3 1 5 3 1 1 2 2 1 2 3 1 1 2 4 4 1 2 4 0 0 3 2 0 2 3 2 2 0 2 3 1 2 0 1 1 3 1 2 2 3 2 0 0 2 2 2 3 2 1 2 1 2 2 3 1 2 1 2 3 3 1 1 0 3 3 2 3 2 2 3 2 4 1 4 3 1 2 4 1 2 1 2 2 2 3 2 1 2 3 2 2 4 2 
5 5 7 7 5 1 3 4 4 3 3 4 4 4 4 5 3 2 5 4 1 3 4 6 4 3 1 3 2 3 1 1 2 0 2 2 3 4 4 4 3 2 3 4 4 1 3 2 2 1 4 3 2 2 4 4 5 2 2 1 1 2 1 4 3 4 1 4 4 2 1 5 1 0 1 1 4 5 1 0 3 1 4 2 2 0 1 1 1 3 2 3 1 2 3 1 1 2 2 4 0 2 1 3 1 4 3 2 5 3 4 0 4 4 3 4 5 3 4 4 3 3 3 0 5 1 0 2 4 4 3 3 3 5 4 
7 7 7 7 7 0 2 5 4 2 4 6 6 3 3 6 1 3 5 5 1 4 4 6 3 5 2 2 3 3 2 0 1 2 1 3 3 4 5 3 4 4 3 6 5 2 3 4 3 1 5 5 3 3 5 6 6 3 1 2 2 2 1 3 2 5 3 3 4 1 2 6 1 1 2 2 4 6 2 2 2 2 4 2 2 1 0 2 2 4 3 4 2 3 4 1 2 0 1 3 2 3 1 3 1 5 4 3 5 4 5 2 4 6 3 6 6 3 5 5 4 1 2 1 5 3 2 3 4 4 5 1 4 6 4 
4 4 6 6 4 2 3 3 4 2 2 3 3 4 4 4 3 1 4 3 2 2 4 5 4 2 2 3 1 2 0 2 2 0 3 1 2 4 4 4 2 2 3 3 3 0 3 1 1 1 3 2 1 1 4 3 4 1 3 2 1 2 2 5 2 3 0 4 3 2 0 5 1 1 1 0 4 4 1 0 4 2 4 2 2 1 2 0 2 2 1 2 0 1 2 2 1 3 2 4 1 1 1 2 2 3 2 1 4 3 4 1 4 3 2 3 4 3 4 3 3 4 3 1 4 0 1 1 3 3 2 3 2 4 4 
6 6 8 8 6 2 4 5 6 4 4 6 6 5 5 6 3 3 6 5 0 4 6 7 5 4 0 4 3 4 1 1 3 1 3 3 4 5 6 5 4 4 4 5 5 2 4 4 3 2 5 5 3 4 6 6 6 3 3 0 2 3 0 5 4 5 2 5 5 3 2 7 2 1 3 2 5 7 3 2 4 0 6 3 3 1 2 2 0 5 3 4 3 3 4 0 3 2 3 5 1 3 2 4 2 5 4 4 6 5 6 1 6 5 4 5 6 4 6 5 5 3 3 1 6 3 1 3 5 5 4 3 4 6 6 
4 4 3 3 4 4 3 2 2 1 1 2 2 4 3 1 4 2 1 3 5 1 2 2 3 2 5 3 3 0 3 4 3 3 3 1 0 2 1 4 0 2 2 3 1 2 2 2 1 2 0 2 1 1 1 2 2 1 4 5 2 2 5 4 2 0 3 2 0 2 2 2 2 3 2 2 2 1 2 3 4 5 2 2 2 3 4 2 5 0 1 1 2 2 1 5 2 4 3 3 4 2 2 0 2 1 2 1 1 0 1 4 2 2 0 2 1 1 1 3 1 4 3 3 2 2 4 1 1 1 2 4 0 2 2 
4 4 5 5 4 3 3 2 3 2 0 2 2 4 4 2 4 0 3 2 3 0 3 4 4 1 3 3 1 1 2 3 2 1 3 1 1 3 2 4 1 1 3 3 2 1 2 1 0 1 2 1 0 0 2 2 3 0 3 4 1 1 3 4 2 2 1 3 2 2 0 3 1 2 1 0 3 3 0 1 4 3 3 2 1 2 3 1 3 1 0 1 0 0 1 4 0 3 3 4 2 1 2 1 2 2 1 0 3 1 3 2 3 2 1 2 3 2 2 2 2 4 3 2 3 0 2 0 2 2 1 3 1 2 3 
3 3 5 5 3 4 4 1 4 3 0 1 1 5 4 2 5 0 2 1 4 0 3 3 4 0 4 4 1 1 2 4 3 2 4 1 1 4 2 5 1 1 3 2 1 2 3 0 1 2 2 0 1 1 2 1 2 1 4 5 2 2 4 5 3 2 2 4 2 3 1 3 2 3 2 1 3 2 1 2 5 4 3 2 2 3 4 2 4 1 1 0 1 0 0 5 1 4 4 5 3 1 3 1 3 1 1 0 3 1 3 3 3 1 1 1 2 2 2 1 2 5 4 3 3 1 3 0 3 3 0 4 0 1 4 
4 4 5 5 4 2 3 2 3 2 1 3 3 4 3 3 3 0 3 2 3 1 3 4 4 2 2 3 1 1 1 3 2 1 3 1 1 3 3 4 1 1 3 3 2 0 2 1 0 1 2 2 0 1 3 3 3 0 3 3 1 1 3 4 2 2 1 3 2 2 0 4 1 1 1 0 3 3 0 0 3 3 3 1 1 1 2 0 3 2 0 1 0 0 1 3 0 3 2 4 2 1 1 1 1 2 1 1 3 2 3 2 3 3 1 3 3 2 3 2 2 4 2 1 3 0 2 0 3 3 2 3 1 3 3 
3 3 5 5 3 3 4 1 4 2 0 2 2 4 4 3 4 0 3 2 3 1 3 4 4 1 3 3 1 1 1 3 3 1 3 1 2 4 2 5 1 1 3 2 2 1 3 0 0 1 2 1 0 1 3 2 3 0 4 4 1 2 3 5 2 2 1 4 2 2 0 4 1 2 1 0 3 3 0 1 4 3 3 2 2 2 3 1 3 2 0 0 0 0 1 4 1 4 3 4 2 0 2 1 2 2 1 0 3 2 3 2 3 2 1 2 3 2 3 2 2 4 3 2 4 0 2 0 3 3 1 4 1 2 4 
3 3 5 5 3 4 4 1 4 2 0 1 1 5 4 2 5 0 2 1 4 0 3 3 4 0 4 4 1 1 2 4 3 2 4 1 1 4 1 5 1 1 3 2 1 2 3 0 1 2 2 0 1 1 2 1 2 1 4 5 2 2 4 5 3 2 2 4 2 3 1 3 2 3 2 1 3 2 1 2 4 4 3 2 2 3 4 2 4 1 1 0 1 1 0 5 1 4 4 5 3 1 3 1 3 1 1 0 3 1 3 3 3 1 1 1 2 2 2 1 2 5 3 3 3 1 3 0 3 2 0 4 0 1 4 
7 7 9 9 7 1 4 6 6 4 5 6 6 4 4 7 3 4 6 5 0 5 6 7 5 5 1 4 4 4 2 1 3 2 3 4 5 5 6 4 5 4 4 6 6 3 5 4 4 3 6 5 4 4 6 6 7 3 2 0 3 3 0 5 4 6 3 5 6 3 3 7 3 1 3 3 5 7 3 2 4 0 6 3 3 1 1 2 0 5 4 5 3 4 5 0 3 1 2 5 1 4 2 4 3 6 4 4 7 5 6 1 6 6 5 6 7 5 6 5 5 3 3 1 6 3 2 4 5 6 5 3 5 6 6 
4 4 5 5 4 2 3 2 3 1 1 3 3 3 3 3 3 1 3 3 3 1 3 4 3 2 3 2 2 1 2 3 2 1 2 0 1 3 3 4 1 2 2 4 2 0 2 1 0 0 2 2 0 1 2 3 3 0 3 3 0 1 3 4 1 2 1 3 2 1 0 4 0 1 0 0 3 3 0 1 3 3 3 1 1 1 2 1 3 2 0 1 0 1 1 3 0 3 2 3 2 1 1 1 1 2 2 1 3 2 3 2 3 3 1 3 3 2 3 3 2 3 2 1 3 1 2 1 2 2 2 2 1 3 3 
7 7 8 8 7 0 2 5 4 3 4 6 6 3 3 6 1 4 6 6 2 4 4 7 3 5 2 3 4 4 3 0 2 3 1 3 4 4 6 3 4 5 3 6 5 2 3 4 3 2 5 5 3 4 5 6 6 3 1 2 2 2 2 3 3 5 3 4 5 2 3 6 2 2 2 3 4 6 3 2 2 2 5 2 2 2 0 3 2 4 3 4 3 4 4 1 3 0 1 3 2 4 1 4 2 5 5 4 6 5 5 2 4 6 4 6 6 4 5 6 4 1 2 2 5 3 2 4 4 4 5 1 4 6 4 
7 7 6 6 7 1 1 5 3 1 4 6 5 1 1 5 1 3 4 5 3 3 3 5 2 4 3 1 4 3 3 1 0 3 0 2 3 3 5 2 3 4 1 6 4 2 2 4 3 1 4 5 3 3 4 5 5 3 0 3 1 1 3 2 1 4 3 2 4 0 3 5 1 2 1 2 3 5 2 2 1 3 3 1 1 2 1 2 3 3 3 4 2 3 4 2 2 1 0 2 2 4 1 3 1 4 4 3 5 4 4 3 3 5 3 6 5 2 4 5 3 1 0 2 4 3 3 3 3 3 4 0 4 5 3 
8 8 5 5 8 3 0 5 1 2 4 6 6 0 0 5 2 4 4 6 5 4 2 4 0 5 5 1 5 3 5 4 1 5 1 3 3 1 5 1 3 5 1 7 5 3 1 5 4 3 4 5 4 3 3 6 6 4 2 5 3 2 5 0 2 3 5 1 3 2 4 4 3 4 3 4 1 5 3 4 1 5 2 2 2 4 3 4 5 3 4 5 4 4 5 5 3 3 2 0 5 5 2 3 2 5 6 4 4 4 3 5 2 6 3 6 5 2 4 6 2 2 1 4 2 4 5 4 2 2 5 1 4 6 2 
5 5 7 7 5 2 4 4 5 3 3 5 5 4 4 5 3 2 5 4 1 3 5 6 5 3 0 4 2 3 0 1 3 0 3 2 3 5 5 5 4 3 4 4 4 1 4 3 2 1 4 4 2 3 5 5 5 2 3 1 2 2 1 5 3 4 1 5 4 2 1 6 1 0 2 1 4 6 2 1 4 1 5 3 3 0 2 1 1 4 2 3 2 2 3 1 2 2 2 5 0 2 2 3 2 4 3 3 5 4 5 0 5 4 3 4 5 4 5 4 4 3 3 0 5 2 0 2 4 4 3 3 3 5 5 
3 3 6 6 3 4 5 2 5 3 1 2 3 5 5 3 5 0 4 1 3 1 4 5 5 1 3 4 0 2 1 4 4 1 4 2 2 5 3 6 2 0 4 2 2 2 4 0 1 2 3 1 1 2 4 2 3 1 4 4 2 3 3 6 3 3 0 5 3 3 1 4 2 2 2 1 4 4 1 1 5 3 4 3 3 2 3 1 3 2 1 1 1 0 1 4 1 4 4 5 2 0 3 2 3 2 0 1 4 3 4 2 4 2 2 2 4 3 3 1 3 5 4 2 5 0 2 1 4 4 1 4 2 3 5 
6 6 6 6 6 1 2 4 3 1 3 4 4 2 2 4 2 2 4 4 2 2 3 5 2 3 2 1 3 2 2 2 0 2 1 1 2 3 4 3 2 3 2 5 3 1 2 3 2 0 3 4 2 2 3 4 4 2 1 3 0 0 2 3 1 3 2 2 3 0 2 4 0 1 0 1 2 4 1 1 2 2 3 0 1 1 1 1 2 2 2 3 1 2 3 2 1 1 1 2 2 3 0 2 0 3 3 2 4 3 3 2 3 4 2 4 4 2 3 4 2 2 1 1 3 2 2 2 2 3 3 1 3 4 3 
4 4 4 4 4 3 3 2 2 1 1 3 2 3 3 2 4 1 2 3 4 1 2 3 3 2 4 2 2 0 3 4 2 2 3 0 0 2 2 4 0 2 2 3 1 1 2 1 1 1 1 2 0 0 1 2 2 1 3 4 1 1 4 4 1 1 2 2 1 2 1 2 1 3 1 1 2 2 1 2 3 4 2 1 1 3 3 2 4 0 1 1 1 1 1 4 1 4 3 3 3 2 2 0 2 1 2 0 2 0 1 3 2 3 0 3 2 1 1 3 1 4 2 3 2 1 3 1 1 1 2 3 0 2 2 
6 6 6 6 6 1 1 4 3 1 2 4 4 2 2 4 2 2 4 4 3 2 3 5 2 3 2 1 3 2 2 2 0 2 1 1 2 3 4 2 2 3 1 5 3 1 2 3 2 0 3 3 2 2 3 4 4 1 1 3 0 0 3 3 1 3 2 2 3 0 2 4 0 1 0 1 2 4 1 1 2 2 3 0 0 1 1 2 2 2 2 3 1 2 3 3 1 2 1 2 2 3 0 2 0 3 3 2 4 3 3 2 3 4 2 4 4 2 3 4 2 2 1 1 3 2 2 2 2 3 3 1 2 4 3 
3 3 3 3 3 5 4 1 3 3 1 1 1 5 4 0 5 2 1 2 6 1 3 2 4 1 5 4 3 1 4 5 4 4 4 2 1 3 0 5 1 2 3 2 0 3 3 2 2 3 1 1 2 1 1 1 1 2 5 6 3 3 6 5 3 1 3 4 1 3 2 1 3 4 3 2 3 1 2 3 5 5 3 3 3 4 5 3 5 1 2 1 2 2 1 6 2 5 4 5 4 2 3 1 3 0 2 1 1 0 2 4 3 2 1 2 1 2 1 2 2 5 4 4 3 2 4 2 2 2 1 5 0 1 3 
2 2 6 6 2 4 5 1 5 4 1 2 2 6 5 3 5 1 4 1 4 1 5 5 5 1 3 5 0 2 2 4 4 2 5 2 3 5 3 6 2 0 4 1 2 2 4 0 1 2 3 1 1 2 4 2 3 1 5 4 3 3 4 6 4 3 1 5 3 4 1 4 3 3 3 2 5 4 2 2 5 4 5 3 3 3 4 2 4 2 1 1 1 1 1 4 2 5 4 6 3 0 3 2 3 2 0 1 4 2 4 2 5 1 3 1 4 3 3 1 4 5 4 3 5 1 2 1 4 4 1 5 2 2 5 
3 3 4 4 3 4 4 1 3 2 0 2 2 4 4 2 4 0 2 2 4 0 3 3 4 1 4 3 1 1 2 4 3 2 3 1 1 3 2 5 1 1 3 2 1 1 2 0 0 1 1 1 0 0 2 2 2 0 4 4 1 2 4 5 2 2 2 3 1 2 1 3 2 3 2 1 3 2 1 2 4 4 3 2 2 2 3 1 4 1 0 0 1 0 0 4 1 4 3 4 3 1 2 0 2 1 1 0 2 1 2 3 3 2 1 2 2 2 2 2 2 4 3 2 3 1 3 0 2 2 1 4 0 2 3 
5 5 2 2 5 5 4 3 2 3 3 3 2 4 4 1 5 3 0 4 7 2 2 0 3 3 6 3 4 2 5 6 4 5 5 2 2 2 1 5 1 4 3 4 2 4 2 3 3 4 0 3 3 2 0 2 2 3 5 7 3 3 7 5 3 0 4 3 1 4 4 0 4 5 3 4 2 0 3 4 5 6 2 3 3 5 5 4 6 1 3 3 3 3 3 7 3 6 5 4 5 4 4 2 4 1 4 2 0 1 0 5 2 3 2 3 0 2 0 4 1 5 4 5 1 3 6 3 1 1 3 5 2 2 2 
4 4 3 3 4 4 4 1 2 2 1 2 2 4 3 1 4 2 1 2 5 1 2 2 3 2 5 3 3 1 4 5 3 3 4 1 0 2 1 4 0 2 2 3 1 2 2 2 2 2 0 2 1 1 1 2 1 2 4 5 2 2 5 4 2 0 3 3 0 3 2 2 2 4 2 2 2 1 2 3 4 5 2 2 2 3 4 3 5 0 1 1 2 2 1 5 2 5 4 4 4 3 3 0 3 0 2 1 1 0 1 4 2 2 0 2 1 1 0 3 1 5 3 3 2 2 4 2 1 1 2 4 0 2 2 
5 5 2 2 5 5 3 3 1 2 2 3 3 3 3 2 4 3 0 4 6 2 1 1 2 3 6 2 4 1 5 5 3 4 4 2 1 1 2 4 1 4 2 4 2 3 1 3 3 3 0 3 2 2 0 3 2 3 4 6 3 2 6 4 2 0 4 2 0 3 3 1 3 5 3 3 1 1 3 4 4 6 1 2 2 4 5 4 6 1 3 3 3 3 3 6 3 5 4 3 5 4 3 1 3 2 4 2 0 1 0 5 1 4 1 4 1 1 1 4 1 4 3 4 0 3 5 3 0 0 3 4 2 3 1 
5 5 7 7 5 2 4 4 5 3 3 4 5 4 4 5 3 2 5 3 1 3 5 6 5 3 1 4 2 3 0 2 3 0 3 2 3 5 5 5 3 2 4 4 4 1 4 2 2 1 4 3 2 3 5 4 5 2 3 1 2 2 1 5 3 4 1 5 4 3 1 6 2 0 2 1 5 5 2 1 4 1 5 3 3 0 2 1 1 4 2 3 2 2 3 1 2 2 3 5 0 2 2 3 2 4 2 3 5 4 5 0 5 4 3 4 5 4 5 3 4 4 3 0 5 2 0 2 4 4 3 3 3 5 5 
6 6 3 3 6 4 2 4 0 1 3 4 4 2 2 3 4 4 2 5 6 3 0 2 1 4 5 1 5 2 5 5 2 4 3 2 1 0 3 3 2 4 1 5 3 3 1 4 3 3 2 4 3 2 1 4 4 3 4 6 3 2 6 2 1 2 5 1 1 2 4 2 3 4 2 3 0 3 3 4 2 6 0 2 2 4 4 4 6 2 3 3 3 3 3 6 3 4 3 2 5 4 3 2 3 3 5 3 2 2 1 5 0 5 2 5 3 1 2 5 1 4 2 4 0 4 5 3 0 0 4 3 3 4 0 
1 1 5 5 1 6 6 0 5 4 1 0 1 6 6 2 6 2 3 0 6 1 4 4 6 0 5 5 2 3 3 6 5 3 6 3 3 5 2 7 2 1 5 0 1 3 5 1 2 4 3 0 2 2 3 0 1 2 6 6 4 4 6 7 4 3 3 5 3 5 3 3 4 4 4 3 5 3 3 3 6 5 5 4 4 4 6 3 5 2 2 1 3 2 1 6 3 6 5 6 4 2 4 3 4 2 1 2 3 2 4 4 5 0 3 0 3 4 3 0 4 7 5 4 5 2 4 2 4 4 1 6 2 1 5 
4 4 4 4 4 3 3 2 2 1 1 3 2 3 3 2 4 2 1 3 4 1 1 2 3 2 4 2 3 0 3 4 2 3 3 0 0 2 2 4 0 2 2 3 1 2 1 2 1 2 1 2 1 0 1 2 2 1 3 5 1 1 4 4 1 1 3 2 0 2 2 2 2 3 1 2 1 2 1 2 3 4 2 1 1 3 3 2 4 0 1 1 1 1 1 5 1 4 3 3 3 2 2 0 2 1 3 1 2 0 1 3 2 3 0 3 2 0 1 3 0 4 2 3 2 2 4 1 1 1 2 3 1 2 2 
1 1 5 5 1 6 6 0 5 4 1 0 1 6 6 2 7 2 3 0 6 2 5 4 6 1 5 5 2 3 4 6 5 4 6 3 3 5 2 7 2 1 5 0 1 4 5 1 2 4 3 0 2 2 3 0 1 2 6 6 4 4 6 7 4 3 3 5 3 5 3 3 4 4 4 3 5 3 3 3 6 5 5 4 4 4 6 3 5 2 2 1 3 2 1 6 3 6 6 6 4 2 4 3 4 2 1 2 3 2 4 4 5 0 3 0 3 4 3 0 4 7 5 4 5 2 4 2 4 4 1 6 2 1 5 
4 4 2 2 4 6 5 2 3 3 2 2 1 5 4 0 6 3 1 3 7 2 2 1 4 2 6 4 4 2 5 6 5 5 5 3 2 3 0 6 2 3 4 3 1 4 3 3 3 4 1 2 3 2 1 2 1 3 6 7 4 4 7 5 3 1 4 4 1 4 4 0 4 5 4 4 3 0 3 4 5 6 2 4 3 5 6 4 6 1 3 2 3 3 2 7 3 6 5 5 5 4 4 2 4 1 4 2 0 1 1 5 3 3 2 3 0 2 0 3 2 6 4 5 2 3 6 3 2 2 2 5 2 1 3 
5 5 4 4 5 3 2 3 1 0 2 4 3 2 2 3 3 2 2 4 5 2 1 2 2 3 4 1 3 1 4 4 2 3 2 1 0 1 2 3 1 3 1 4 2 2 0 3 2 2 1 3 2 1 1 3 3 2 3 5 1 1 5 3 0 1 3 1 1 1 2 2 2 3 1 2 1 2 2 3 2 4 1 1 1 3 3 3 4 1 2 2 2 2 2 5 2 4 2 2 4 3 2 1 2 2 3 2 2 1 1 4 1 4 0 4 2 0 2 4 0 3 2 3 1 2 4 2 0 0 3 2 2 3 1 
4 4 2 2 4 5 4 2 2 2 2 2 2 4 4 1 5 3 0 3 6 2 2 1 3 2 6 3 4 1 4 6 4 4 4 2 1 3 0 5 1 3 3 3 1 3 2 2 2 3 0 2 2 2 0 2 1 2 5 6 3 3 6 5 2 0 4 3 0 3 3 1 3 5 3 3 2 0 3 4 4 6 2 3 2 4 5 4 6 1 2 2 3 3 2 6 3 5 4 4 5 3 3 1 3 1 3 2 0 0 1 5 2 3 1 3 0 2 0 3 1 5 4 4 2 3 5 2 1 1 2 4 1 2 2 
1 1 6 6 1 5 6 1 5 4 1 1 1 6 6 2 6 1 4 0 5 1 5 4 6 0 4 5 1 3 3 5 5 3 5 3 3 5 2 7 2 1 5 0 2 3 5 1 2 3 3 0 2 2 4 1 2 2 6 5 3 4 5 7 4 3 2 5 3 4 2 4 3 4 4 2 5 3 3 3 6 5 5 4 4 4 5 3 5 3 2 1 2 2 1 5 3 6 5 6 4 1 4 3 4 2 1 2 4 3 4 3 5 0 3 0 3 4 3 0 4 6 5 4 5 2 4 2 4 4 0 6 2 1 5 
5 5 3 3 5 4 2 3 1 1 2 4 3 3 2 2 3 3 1 4 5 2 1 2 2 3 5 2 4 1 4 4 2 4 3 1 0 1 2 3 1 3 1 4 2 2 1 3 2 2 1 3 2 1 1 3 3 2 3 5 2 1 5 3 1 1 4 1 1 2 3 2 2 4 2 2 1 2 2 3 3 5 1 1 1 3 4 3 5 1 2 2 2 2 2 5 2 4 3 2 4 3 2 1 2 2 4 2 1 1 1 4 1 4 0 4 2 0 1 4 0 3 2 3 1 3 4 2 0 0 3 3 2 3 1 
8 8 7 7 8 1 1 6 3 2 5 7 6 1 2 6 0 4 5 6 3 5 4 6 2 6 3 2 5 4 4 2 1 4 0 3 4 3 6 1 4 5 2 7 5 3 2 5 4 2 5 6 4 4 5 6 6 4 0 3 2 2 3 1 2 5 4 3 4 1 4 6 2 3 2 3 3 6 3 3 1 3 4 2 2 3 1 4 3 4 4 5 4 4 5 3 3 1 1 2 3 5 2 4 2 5 5 4 5 5 4 4 4 7 4 7 6 3 5 6 3 0 1 3 4 4 4 4 4 4 6 0 5 6 4 
7 7 5 5 7 2 0 4 2 1 3 5 5 1 1 4 1 3 4 5 3 3 2 4 1 4 3 0 4 2 3 2 0 3 0 2 2 2 4 1 3 4 1 6 4 2 1 4 3 1 3 4 2 2 3 5 5 3 1 4 1 1 3 1 1 3 3 1 3 0 3 4 1 3 1 2 2 4 2 2 0 3 2 1 1 3 2 3 3 3 3 4 2 3 3 3 2 2 0 1 3 4 1 2 1 4 4 3 4 3 3 3 2 5 2 5 4 2 4 5 2 1 0 2 3 3 4 3 2 2 4 0 3 5 2 
5 5 7 7 5 1 3 4 4 2 3 4 4 4 4 5 3 2 5 4 1 3 4 6 4 3 1 3 2 3 1 1 2 0 2 2 3 4 4 4 3 3 3 4 4 1 3 2 2 1 4 3 2 2 4 4 5 2 2 1 1 2 1 4 2 4 1 4 4 2 1 5 1 0 1 1 4 5 1 0 3 1 4 2 2 0 1 1 1 3 2 3 1 2 3 1 1 2 2 4 0 2 1 3 1 4 3 2 5 3 4 0 4 4 3 4 5 3 4 4 3 3 2 0 5 1 1 2 4 4 3 2 3 5 4 
6 6 2 2 6 5 3 4 0 2 3 4 4 3 2 3 4 4 1 5 6 3 0 2 2 4 6 2 5 2 5 5 3 5 3 2 2 1 3 3 2 5 2 5 3 4 1 4 3 3 1 4 3 3 1 4 3 3 4 6 3 3 6 3 2 1 5 1 1 3 4 2 3 5 3 4 1 2 3 4 3 6 0 2 2 5 5 4 6 2 3 3 3 4 3 6 3 5 4 2 5 5 3 2 3 3 5 3 1 2 0 5 0 5 2 5 2 1 2 5 1 4 3 5 0 4 6 4 0 0 4 4 3 4 0 
3 3 6 6 3 3 4 2 4 2 1 3 3 4 4 3 4 0 3 2 3 1 4 4 4 1 3 3 1 1 1 3 3 1 3 1 2 4 3 5 2 1 3 3 2 1 3 1 0 1 2 2 0 1 3 2 3 0 3 3 1 2 3 5 2 3 1 4 2 2 0 4 1 2 1 0 3 4 0 1 4 3 4 2 2 1 3 0 3 2 0 1 0 0 1 3 1 3 3 4 2 0 2 1 2 2 1 1 3 2 3 2 4 2 2 2 3 2 3 2 3 4 3 1 4 0 2 0 3 3 1 3 1 3 4 
5 5 8 8 5 2 4 4 5 3 3 5 5 5 5 5 4 2 5 4 1 3 5 6 5 3 0 4 2 3 0 2 3 0 3 3 4 5 5 5 4 2 4 4 4 2 4 3 2 2 5 4 2 3 5 5 5 2 3 1 2 3 1 5 3 5 1 5 5 3 1 6 2 0 2 2 5 6 2 1 4 1 5 3 3 0 2 1 1 4 2 3 2 2 3 2 2 2 3 5 0 2 2 3 2 4 2 3 6 4 5 0 5 4 4 4 6 4 5 4 4 4 4 1 6 2 0 2 5 5 3 3 3 5 5 
3 3 5 5 3 3 4 1 4 2 0 2 2 4 4 2 4 0 3 2 3 0 3 4 4 1 3 3 1 1 2 3 3 1 3 1 1 4 2 5 1 1 3 2 2 1 3 0 0 1 2 1 0 0 3 2 3 0 4 4 1 2 3 5 2 2 1 4 2 2 0 4 1 2 1 0 3 3 0 1 4 3 3 2 2 2 3 1 3 1 0 0 0 0 0 4 1 4 3 4 2 1 2 1 2 2 1 0 3 2 3 2 3 2 1 2 3 2 2 2 2 4 3 2 4 0 2 0 3 3 1 3 1 2 4 
6 6 3 3 6 4 2 3 1 1 3 4 3 3 2 2 4 3 1 4 5 2 0 2 2 3 5 2 4 1 4 5 2 4 3 2 1 1 2 3 1 4 1 5 2 3 1 3 3 3 1 3 2 2 0 3 3 2 4 6 2 2 5 3 1 1 4 1 1 2 3 2 3 4 2 3 0 2 2 3 3 5 0 2 1 4 4 3 5 1 2 3 3 3 3 5 2 4 3 2 4 4 2 1 2 2 4 2 1 1 0 4 0 4 1 4 2 0 1 4 0 4 2 4 0 3 5 3 0 0 3 3 2 3 0 
6 6 3 3 6 4 3 3 1 1 2 4 3 3 2 2 4 3 1 4 5 2 0 2 2 3 5 2 4 1 4 5 3 4 3 2 1 1 2 3 1 4 1 5 2 3 1 3 3 3 1 3 2 2 0 3 3 2 4 6 2 2 6 3 1 1 4 1 0 2 3 2 3 4 2 3 1 2 2 3 3 5 0 2 2 4 4 3 5 1 2 3 3 3 2 6 2 4 3 2 4 4 3 1 3 2 4 2 1 1 0 4 0 4 1 4 2 0 1 4 0 4 2 4 0 3 5 3 0 0 3 3 2 3 1 
2 2 5 5 2 5 5 0 4 3 0 1 1 5 5 2 5 1 3 0 5 1 4 3 5 0 4 4 1 2 3 5 4 3 5 2 2 4 1 6 1 1 4 1 1 2 4 0 1 3 2 0 1 1 3 1 1 1 5 5 3 3 5 6 3 2 2 4 2 4 2 3 3 3 3 2 4 2 2 2 5 4 4 3 3 3 5 2 4 2 1 0 2 1 0 5 2 5 4 5 3 1 3 2 3 1 1 1 3 2 3 3 4 1 2 1 2 3 2 0 3 6 4 3 4 1 3 1 3 3 0 5 1 1 4 
7 7 6 6 7 1 0 5 3 2 4 6 6 1 1 5 0 4 4 6 3 4 3 5 2 5 3 1 4 3 4 2 0 3 0 2 3 3 5 1 4 5 1 6 5 2 2 4 3 2 4 5 3 3 4 6 6 3 0 3 2 1 3 1 2 4 4 2 4 1 3 5 2 3 2 3 2 5 3 3 0 3 3 1 2 3 1 3 3 4 3 4 3 4 4 3 2 1 0 1 3 4 1 3 1 5 5 4 5 4 4 3 3 6 3 6 5 2 4 6 3 0 0 2 4 3 3 3 3 3 5 0 4 6 3 
3 3 4 4 3 4 4 1 3 2 0 2 1 4 4 1 5 1 2 2 5 0 3 3 4 1 4 3 2 1 3 4 3 3 4 1 1 3 1 5 0 1 3 2 0 2 2 1 1 2 1 1 1 0 2 1 1 1 4 5 2 2 5 5 2 1 2 3 1 3 1 2 2 3 2 1 3 2 1 2 4 4 3 2 2 3 4 2 4 0 1 0 1 1 0 5 1 4 4 4 3 2 3 0 2 0 2 0 2 0 2 3 3 2 1 2 2 2 1 2 2 5 3 3 3 1 3 1 2 2 1 4 0 1 3 
2 2 4 4 2 6 6 0 4 4 1 0 0 6 5 0 6 2 2 1 6 1 4 3 5 1 6 5 3 2 4 6 5 4 6 3 2 5 1 7 2 2 5 1 0 4 4 2 2 4 2 1 2 2 2 0 0 3 6 6 4 4 6 6 4 2 3 5 2 5 3 2 4 5 4 3 4 1 3 4 6 6 4 4 4 5 6 4 6 2 2 1 3 2 1 6 3 6 5 6 5 3 4 2 4 1 2 2 2 2 3 5 4 1 2 1 1 3 2 1 3 6 5 5 4 3 5 2 3 3 1 6 1 0 4 
7 7 3 3 7 4 2 4 0 1 3 5 4 2 2 3 4 4 2 5 6 3 0 2 1 4 6 1 5 2 5 5 2 5 3 2 2 0 3 3 2 5 1 6 3 3 1 4 3 3 2 4 3 3 1 4 4 3 4 6 3 2 6 2 2 2 5 1 2 2 4 2 3 5 3 4 0 3 3 4 2 6 0 2 2 4 4 4 6 2 3 4 3 4 4 6 3 4 3 2 5 5 3 2 3 3 5 3 2 2 1 5 0 5 2 5 3 1 2 5 1 4 2 4 0 4 5 4 0 1 4 3 3 4 0 
