130 10357.39 0 1680 7 240
3.08 1.65 52.89 92.47 71.88 82.17 73.79 63.68 80.43 57.73 86.19 51.86 64.55 74.46 5.72 58.44 85.43 90.62 9.22 29.87 52.39 59.3 49.6 37.57 76.42 29.17 25.46 86.51 41.42 36.6 18.87 2.86 58.03 80.82 5.36 13.83 61.6 28.47 24.39 80.88 30.89 13.56 90.49 73.21 25.94 62.87 86.28 53.09 49.4 98.56 23.85 9.27 8.77 18.38 69.73 14.27 95.29 47.38 4.64 87.52 38.64 85.81 53.46 38.68 6.1 27.1 94.1 82.61 54.13 26.73 40.63 81.75 30.35 79.77 47.58 82.45 51.84 31.18 34.55 36.01 36.31 39.5 62.81 4.23 27.91 69.97 18.88 23.99 19.39 80.23 28.75 9.44 85.85 37.06 5.54 68.94 91.86 49.61 96.8 48.91 5.45 73.94 3.59 20.85 96.54 19.05 86.58 26.4 46.6 18.74 60.62 73.97 7.82 29.26 86.3 28.51 73.43 69.18 85.18 34.81 42.02 53.06 18.98 80.7 6.1 19.37 3.1 76.18 92.21 95.89 
82.02 45.52 28.53 35.99 58.23 20.07 38.9 46.16 48.36 73.65 45.83 17.42 86.01 70.48 60.55 68.04 17.79 86.02 79.25 23.35 30.27 74.43 61.51 58.21 35.8 35.03 33.81 83.86 48.37 86.2 30.38 58.38 80.9 17.39 72.28 28.9 36.78 11.49 82.42 17.89 79.26 35.32 30.89 73.37 19.79 66.67 57.95 21.4 45.22 11.27 15.5 16.13 27.99 89.64 42.15 34.73 75.77 17.26 48.18 75.51 53.33 69.26 10.12 34.17 32.45 70.32 36.78 61.37 81.28 24.22 69.21 31.73 16.74 47.01 77.08 50.1 53.84 71.93 18.92 62.66 19.26 31.71 34.1 74.32 57.18 62.99 74.2 22.34 84.78 21.91 74.12 71.92 82.53 76.23 80.28 61.98 64.02 66.8 68.65 86.2 83.88 48.2 85.39 60.94 31.7 39.09 18.1 81.2 49.26 76.69 50.59 53.2 26.91 71.24 58.43 56.34 57.39 83.84 36.94 35.51 34.32 50.79 88.34 87.03 64.34 38.64 76.11 58.15 62.54 39.18 
1 1 5 9 7 8 7 6 8 6 8 5 6 7 1 6 8 9 1 3 5 6 5 4 7 3 3 8 4 4 2 1 6 8 1 2 6 3 3 8 3 2 9 7 3 6 8 5 5 9 3 1 1 2 7 2 9 5 1 8 4 8 5 4 1 3 9 8 5 3 4 8 3 8 5 8 5 3 4 4 4 4 6 1 3 7 2 3 2 8 3 1 8 4 1 7 9 5 9 5 1 7 1 2 9 2 8 3 5 2 6 7 1 3 8 3 7 7 8 4 4 5 2 8 1 2 1 7 9 9 
1 2 3 4 5 6 7 8 9 10 11 12 13 14 15 16 17 18 19 20 21 22 23 24 25 26 27 28 29 30 31 32 33 34 35 36 37 38 39 40 41 42 43 44 45 46 47 48 49 50 51 52 53 54 55 56 57 58 59 60 61 62 63 64 65 66 67 68 69 70 71 72 73 74 75 76 77 78 79 80 81 82 83 84 85 86 87 88 89 90 91 92 93 94 95 96 97 98 99 100 101 102 103 104 105 106 107 108 109 110 111 112 113 114 115 116 117 118 119 120 121 122 123 124 125 126 127 128 129 130 
1 1 2 3 3 3 3 2 3 2 3 2 2 3 1 2 3 3 1 2 2 2 2 1 3 2 2 3 1 1 1 1 2 3 1 1 2 2 2 3 2 1 3 3 2 2 3 2 2 3 2 1 1 1 3 1 3 2 1 3 1 3 2 1 1 2 3 3 2 2 1 3 2 3 2 3 2 2 1 1 1 1 2 1 2 3 1 2 1 3 2 1 3 1 1 3 3 2 3 2 1 3 1 1 3 1 3 2 2 1 2 3 1 2 3 2 3 3 3 1 1 2 1 3 1 1 1 3 3 3 
3 3 3 2 1 2 1 2 2 2 2 3 2 1 3 2 2 2 3 2 3 2 3 1 1 2 2 2 1 1 1 3 2 2 3 1 2 2 2 2 2 1 2 1 2 2 2 3 3 2 2 3 3 1 1 1 2 3 3 2 1 2 3 1 3 2 2 2 3 2 1 2 2 2 3 2 3 2 1 1 1 1 2 3 2 1 1 2 1 2 2 3 2 1 3 1 2 3 2 3 3 1 3 1 2 1 2 2 3 1 2 1 3 2 2 2 1 1 2 1 1 3 1 2 3 1 3 1 2 2 
5 5 7 5 7 9 4 3 8 4 4 2 6 2 8 1 6 6 9 2 2 5 7 9 5 3 2 4 10 2 7 4 7 2 5 8 6 3 1 10 7 6 2 3 4 4 2 5 4 8 2 3 5 2 6 9 2 7 9 5 7 10 9 4 8 3 8 10 6 8 9 6 8 10 10 4 9 10 1 4 2 4 5 5 1 9 9 5 3 8 9 2 2 1 2 1 8 8 9 10 5 8 7 4 3 4 10 3 6 8 3 5 5 5 3 7 8 9 1 7 5 6 5 6 3 2 1 2 10 7 
4434.36 4175.72 3748.69 3862.59 3706.38 4885.76 3434.47 3702.17 3345.86 3230.66 3454.53 3381.83 4612.4 3404.56 3918.15 4164.44 4764.53 4813.95 4879.86 3378.36 3392.18 4234.72 3743.14 4869.85 4354.76 3934.33 3381.21 3415.34 3895.28 3410.94 3748.32 3476.67 3751.47 3386.64 3783.79 3754.19 4771.53 4390.2 3844.49 3828.33 3752.46 4693.08 3378.82 4914.62 3400.46 3284.11 3398.01 4008.65 3268.69 3598.37 3412.48 4796.84 4310.02 3381.51 4824.7 4883.7 3377.94 3730.71 4883.57 3850.86 3728.24 4316.61 4865.99 3381.11 3467.0 3502.45 3509.14 4262.38 4747.66 3772.41 4862.62 4612.7 3951.64 4314.84 4172.02 3146.56 4854.1 4460.38 4338.83 3286.47 3399.89 3495.59 3754.31 4210.81 3861.89 4885.08 4869.27 3908.68 4295.31 3394.75 4877.58 3416.7 3378.78 4593.69 3395.52 4592.8 3312.62 3374.81 4865.42 3944.92 3951.28 3622.4 3731.51 3605.68 4361.97 3485.07 4567.45 4441.78 4727.9 3652.17 3721.39 4221.95 3861.0 3832.56 3544.39 3746.23 3454.83 4867.04 3967.34 3734.58 4017.9 4844.46 3681.42 4663.09 3275.46 3397.23 4637.97 3413.14 4452.56 3728.83 
0.14 0.22 0.17 0.24 0.18 0.36 0.8 0.51 0.23 0.71 0.73 0.69 0.24 0.72 0.39 0.57 0.22 0.8 0.37 0.71 0.71 0.16 0.26 0.37 0.44 0.58 0.72 0.71 0.09 0.69 0.17 0.72 0.2 0.73 0.2 0.54 0.62 0.61 0.67 0.07 0.17 0.65 0.69 0.52 0.83 0.68 0.67 0.34 0.75 0.5 0.69 0.64 0.19 0.7 0.46 0.33 0.7 0.29 0.35 0.15 0.27 0.14 0.37 0.72 0.53 0.52 0.55 0.05 0.47 0.37 0.37 0.41 0.26 0.03 0.05 0.83 0.36 0.05 0.84 0.77 0.71 0.76 0.61 0.52 0.59 0.34 0.36 0.45 0.51 0.3 0.37 0.67 0.71 0.67 0.7 0.87 0.39 0.6 0.37 0.07 0.4 0.19 0.25 0.69 0.59 0.8 0.04 0.48 0.76 0.21 0.52 0.32 0.51 0.58 0.58 0.21 0.61 0.37 0.54 0.18 0.22 0.42 0.2 0.77 0.48 0.7 0.57 0.69 0.15 0.16 
1.0 0.59 0.81 0.89 0.67 0.59 0.9 0.6 0.91 0.96 0.68 0.98 0.86 1.0 0.6 0.83 0.6 0.62 0.56 1.0 1.0 0.85 1.0 0.6 0.59 0.88 0.97 0.71 1.0 0.77 1.0 1.0 0.6 0.65 0.98 0.69 0.51 0.81 0.78 0.78 0.82 0.67 1.0 0.66 0.55 0.99 1.0 0.95 0.76 0.64 0.68 0.85 0.82 0.56 0.85 0.91 1.0 1.0 0.91 0.88 1.0 0.7 0.92 0.57 0.84 0.69 0.66 0.68 1.0 0.89 1.0 0.62 0.55 0.51 0.73 0.56 0.85 0.96 0.84 0.87 0.67 0.7 0.8 0.55 0.98 1.0 0.84 0.61 1.0 0.9 0.89 0.66 0.89 0.98 0.75 0.76 1.0 0.73 1.0 0.81 0.99 0.76 0.78 0.58 0.87 0.98 1.0 0.54 0.86 0.78 1.0 0.93 0.89 1.0 0.59 0.74 1.0 0.99 0.69 0.67 1.0 0.83 0.71 0.99 0.69 1.0 0.91 1.0 0.94 0.79 
0.96 0.8 0.85 0.84 0.96 0.93 0.54 0.76 0.81 0.57 0.52 0.68 0.61 0.7 0.76 1.0 0.95 0.79 0.55 0.98 0.77 0.6 0.61 0.68 1.0 0.9 0.62 0.97 0.9 0.6 0.55 0.77 0.82 0.66 0.68 0.67 0.85 0.99 0.58 0.73 0.54 1.0 1.0 1.0 0.92 1.0 1.0 0.55 0.67 0.77 0.98 0.82 0.97 0.74 0.76 0.8 1.0 0.59 0.59 0.69 0.79 0.99 0.64 0.69 1.0 0.55 0.89 0.58 0.63 0.8 0.81 0.71 0.54 0.64 0.73 0.7 0.94 0.9 0.65 0.64 0.64 0.93 0.64 0.71 1.0 1.0 1.0 0.51 0.62 0.99 1.0 0.68 0.51 0.7 0.75 0.51 0.85 0.71 1.0 0.9 0.64 0.53 0.78 0.6 0.95 0.67 0.59 0.7 1.0 0.95 0.92 1.0 0.87 0.56 0.6 0.62 0.73 0.61 0.68 0.69 0.65 0.72 0.98 0.93 0.85 0.95 0.53 0.73 0.98 0.76 
0.65 0.84 0.86 0.71 1.0 0.89 1.0 0.6 0.8 0.65 0.72 0.85 0.65 0.76 1.0 0.71 1.0 0.97 0.52 0.95 0.87 0.71 0.59 0.72 0.98 0.83 0.98 1.0 1.0 1.0 1.0 0.96 0.77 0.98 0.74 1.0 0.67 0.71 0.9 0.92 0.82 0.54 0.53 0.56 0.9 0.72 0.87 0.62 0.76 0.62 0.78 0.58 0.85 0.85 0.9 1.0 0.8 1.0 0.87 0.74 0.9 0.88 0.8 1.0 0.74 0.9 0.64 0.51 0.79 0.94 0.74 1.0 0.55 0.64 1.0 1.0 0.8 0.96 0.97 0.92 0.84 1.0 0.67 0.62 0.53 0.72 1.0 0.62 0.73 0.55 0.59 0.97 1.0 0.94 0.8 0.54 0.79 0.88 0.93 1.0 0.8 0.73 0.71 0.82 0.73 1.0 1.0 0.89 0.63 0.69 0.56 0.91 0.81 0.5 0.61 1.0 1.0 0.58 0.88 0.77 1.0 0.76 0.67 0.63 1.0 0.8 0.75 0.62 0.73 0.83 
0.81 0.95 0.52 0.83 0.9 0.63 0.97 0.87 1.0 1.0 0.79 0.82 0.88 0.78 0.9 0.65 0.84 0.8 0.84 0.98 0.91 0.72 0.62 1.0 0.61 0.95 0.69 0.66 1.0 0.71 0.8 0.53 0.52 0.52 0.53 0.95 1.0 1.0 1.0 0.77 0.7 0.87 0.98 1.0 1.0 0.62 0.58 0.56 0.78 0.53 0.56 0.72 0.77 0.85 0.77 1.0 0.8 1.0 1.0 0.82 0.81 1.0 0.59 0.73 0.71 0.75 0.73 0.79 1.0 0.69 1.0 1.0 0.76 0.88 0.53 0.86 0.61 1.0 0.85 0.87 0.9 0.98 0.77 1.0 0.92 0.73 1.0 0.8 1.0 0.59 0.57 0.93 0.93 0.94 0.99 0.85 0.89 0.99 0.67 0.52 1.0 0.79 0.72 0.87 0.84 0.54 0.82 0.74 0.62 1.0 0.71 0.75 1.0 0.51 0.89 0.69 1.0 0.76 0.55 0.82 0.61 0.89 0.73 0.71 0.79 0.86 1.0 0.91 0.83 0.59 
0.73 0.81 0.56 0.68 0.89 1.0 0.66 0.76 1.0 0.89 0.6 0.58 0.75 0.54 0.88 0.82 0.68 0.58 0.72 1.0 0.63 0.58 0.62 0.9 0.89 1.0 0.95 0.99 0.61 0.95 0.53 1.0 0.86 0.76 0.79 0.99 1.0 0.98 0.83 1.0 0.66 0.96 0.93 0.57 0.6 0.57 1.0 0.94 0.96 1.0 0.79 0.58 0.69 0.98 0.83 0.81 0.58 0.69 0.66 0.74 0.72 0.91 0.69 0.72 0.83 1.0 0.67 0.96 0.7 0.89 0.8 0.5 0.54 0.76 1.0 0.68 1.0 0.89 0.66 0.8 0.81 0.62 0.52 0.64 0.95 0.76 0.97 0.64 0.62 0.85 0.69 0.73 0.88 1.0 0.72 0.93 0.85 0.84 0.51 1.0 0.84 1.0 0.83 0.9 0.8 1.0 0.98 0.79 1.0 0.78 0.77 0.58 1.0 0.78 1.0 0.53 0.69 0.91 0.6 0.87 0.61 0.84 0.69 0.95 0.53 0.66 0.94 0.98 0.97 0.68 
0.37 0.31 0.17 0.3 0.51 0.3 0.32 0.18 0.59 0.32 0.12 0.27 0.23 0.23 0.36 0.31 0.33 0.22 0.1 0.91 0.38 0.15 0.14 0.27 0.32 0.63 0.39 0.45 0.54 0.31 0.23 0.39 0.17 0.16 0.21 0.44 0.29 0.56 0.34 0.4 0.17 0.3 0.48 0.21 0.27 0.25 0.51 0.17 0.28 0.16 0.23 0.17 0.36 0.29 0.36 0.59 0.37 0.41 0.31 0.27 0.41 0.55 0.19 0.21 0.37 0.25 0.18 0.15 0.35 0.41 0.48 0.22 0.07 0.14 0.28 0.23 0.39 0.73 0.3 0.36 0.26 0.39 0.14 0.15 0.45 0.4 0.81 0.1 0.28 0.24 0.21 0.3 0.37 0.61 0.32 0.17 0.52 0.38 0.32 0.38 0.43 0.23 0.26 0.23 0.41 0.36 0.48 0.2 0.34 0.39 0.28 0.37 0.63 0.11 0.19 0.17 0.5 0.24 0.14 0.26 0.24 0.34 0.23 0.39 0.24 0.43 0.34 0.4 0.54 0.2 
1176.3 1139.59 1282.47 1096.48 1071.71 1025.04 2421.87 1414.24 1624.5 2696.82 3091.23 1581.31 1635.17 1617.39 1748.59 730.06 1725.98 2381.78 1049.12 1777.3 1763.1 953.2 1413.24 990.92 1195.72 1170.84 1473.91 2684.54 949.35 1698.85 1113.14 2633.03 1393.24 1469.4 1173.6 1816.16 2247.07 1493.29 782.55 1198.51 1095.52 1732.77 1713.06 1312.17 2866.26 2633.39 1649.75 1516.85 2780.29 1943.89 1646.31 1383.24 1725.34 1626.91 1965.01 944.97 1787.5 1245.92 982.65 1013.18 1133.11 1227.16 958.87 2522.98 1641.98 1201.07 2133.66 1124.41 1844.31 1507.44 821.02 1875.45 1662.57 1207.32 887.17 2669.13 802.63 923.53 1044.77 2662.89 1667.19 2348.41 1443.27 1412.87 953.32 892.62 789.93 1237.27 1500.7 1274.12 893.89 1505.56 1400.22 814.5 1920.98 1144.47 1413.85 2294.42 791.64 961.2 1406.58 1531.48 1488.79 2561.55 1158.73 2629.23 780.07 1370.26 2049.51 1377.03 1782.01 1490.14 1400.29 1240.06 1619.49 1509.7 1758.61 892.63 844.03 1366.57 1068.1 1727.68 1273.47 2183.94 1064.8 1305.24 1080.13 1565.4 1301.97 1066.46 
435.01 407.73 223.35 335.88 494.27 218.1 724.3 288.27 902.04 656.16 412.87 345.48 430.67 396.72 625.92 219.97 567.19 446.6 125.11 1647.35 674.72 158.65 175.45 270.26 357.48 726.22 614.11 1272.52 512.25 570.09 234.27 1088.66 231.63 229.89 179.38 715.09 649.9 815.91 246.89 454.35 181.74 481.98 768.09 319.73 917.72 606.87 869.75 283.17 873.1 302.82 382.71 287.62 570.16 473.72 705.12 572.78 659.56 539.8 308.05 239.04 442.18 734.32 183.1 498.75 715.6 261.19 426.36 174.42 591.44 605.03 398.19 333.38 99.7 180.1 247.47 552.46 335.97 653.64 251.51 880.96 390.94 940.04 187.04 211.01 405.73 404.21 627.18 119.92 422.29 296.19 197.42 420.13 557.63 519.35 583.75 166.93 655.42 862.15 251.89 407.17 531.75 356.01 365.11 606.26 551.97 799.86 375.68 297.88 574.38 488.16 413.97 505.84 828.64 150.58 362.92 203.74 938.51 216.25 105.21 318.22 233.18 555.12 293.49 910.51 255.68 512.22 327.71 580.54 640.66 270.08 
5381.49 5197.93 5912.37 4982.39 4858.56 4625.18 11609.34 6571.2 7622.49 12984.11 14956.15 7406.57 7675.87 7586.97 8242.94 3150.31 8129.92 11408.9 4745.58 8386.48 8315.48 4265.99 6566.22 4454.62 5478.61 5354.18 6869.54 12922.68 4246.75 7994.23 5065.7 12665.15 6466.21 6847.0 5368.01 8580.8 10735.33 6966.47 3412.77 5492.55 4977.61 8163.83 8065.31 6060.87 13831.32 12666.97 7748.77 7084.23 13401.47 9219.46 7731.57 6416.19 8126.7 7634.54 9325.03 4224.83 8437.51 5729.59 4413.24 4565.9 5165.53 5635.82 4294.35 12114.91 7709.91 5505.33 10168.29 5122.04 8721.57 7037.2 3605.1 8877.27 7812.86 5536.61 3935.84 12845.66 3513.15 4117.64 4723.87 12814.47 7835.94 11242.05 6716.37 6564.36 4266.6 3963.12 3449.63 5686.33 7003.5 5870.58 3969.43 7027.81 6501.11 3572.52 9104.91 5222.37 6569.27 10972.1 3458.2 4306.0 6532.9 7157.39 6943.93 12307.74 5293.63 12646.16 3400.33 6351.31 9747.53 6385.14 8410.04 6950.71 6501.45 5700.32 7597.45 7048.49 8293.04 3963.15 3720.14 6332.83 4840.52 8138.38 5867.34 10419.72 4823.98 6026.19 4900.67 7327.01 6009.87 4832.28 
1675.07 1538.66 616.75 1179.38 1971.35 590.5 3121.49 941.33 4010.22 2780.82 1564.34 1227.42 1653.36 1483.58 2629.58 599.87 2335.93 1732.98 125.57 7736.76 2873.61 293.24 377.26 851.3 1287.38 3131.11 2570.57 5862.61 2061.25 2350.45 671.33 4943.32 658.16 649.43 396.91 3075.43 2749.52 3579.53 734.46 1771.74 408.68 1909.92 3340.47 1098.64 4088.58 2534.36 3848.75 915.84 3865.52 1014.08 1413.54 938.09 2350.82 1868.58 3025.62 2363.92 2797.78 2199.0 1040.26 695.18 1710.92 3171.6 415.52 1993.73 3077.99 805.93 1631.78 372.09 2457.21 2525.13 1490.93 1166.88 -1.51 400.5 737.33 2262.31 1179.87 2768.22 757.55 3904.82 1454.71 4200.2 435.21 555.05 1528.67 1521.04 2635.91 99.6 1611.45 980.96 487.11 1600.66 2288.14 2096.73 2418.75 334.64 2777.11 3810.75 759.47 1535.87 2158.73 1280.04 1325.53 2531.29 2259.85 3499.28 1378.4 989.38 2371.89 1940.78 1569.83 2029.21 3643.2 252.89 1314.61 518.71 4192.56 581.26 26.06 1091.12 665.89 2275.58 967.46 4052.53 778.38 2061.12 1138.55 2402.7 2703.28 850.39 
88.69 83.51 112.46 154.5 148.26 195.43 137.38 111.07 133.83 96.92 138.18 101.45 138.37 136.18 78.36 124.93 190.58 192.56 97.6 101.35 101.77 127.04 112.29 97.4 174.19 118.03 101.44 136.61 77.91 68.22 74.97 69.53 112.54 135.47 75.68 75.08 143.15 131.71 115.33 153.13 112.57 93.86 135.15 196.58 102.01 98.52 135.92 120.26 98.06 143.93 102.37 95.94 86.2 67.63 192.99 97.67 135.12 111.92 97.67 154.03 74.56 172.66 145.98 67.62 69.34 105.07 140.37 170.5 142.43 113.17 97.25 184.51 118.55 172.59 125.16 125.86 145.62 133.81 86.78 65.73 68.0 69.91 112.63 84.22 115.86 195.4 97.39 117.26 85.91 135.79 146.33 68.33 135.15 91.87 67.91 183.71 132.5 101.24 194.62 118.35 79.03 144.9 74.63 72.11 174.48 69.7 182.7 133.25 141.84 73.04 111.64 168.88 77.22 114.98 141.78 112.39 138.19 194.68 158.69 74.69 80.36 145.33 73.63 186.52 65.51 67.94 92.76 136.53 178.1 149.15 
12 11 21 33 31 41 29 21 28 18 29 19 26 29 11 23 40 41 13 19 19 24 21 13 37 22 19 29 11 9 10 9 21 29 10 10 27 25 21 32 21 13 28 42 19 18 29 22 18 30 19 13 12 9 41 13 28 21 13 33 10 36 27 9 9 20 30 36 27 21 13 39 22 36 23 26 27 25 12 9 9 9 21 12 22 41 13 22 12 29 27 9 28 13 9 39 28 19 41 22 11 31 10 10 37 9 39 25 27 10 21 36 11 21 30 21 29 41 34 10 11 27 10 39 9 9 13 29 38 31 
27 66 186 58 169 43 111 196 204 34 84 187 199 155 167 204 142 182 161 160 48 100 82 175 218 4 94 23 201 18 203 17 94 115 149 134 30 39 48 224 116 99 204 165 65 161 118 115 58 180 150 142 131 44 32 59 93 67 199 141 222 236 132 174 101 226 3 225 13 212 172 206 84 185 191 11 218 121 162 155 206 66 186 194 231 139 67 237 202 185 124 98 64 24 171 61 39 33 115 118 96 68 135 204 238 172 216 73 229 91 161 95 172 149 131 183 140 223 11 124 138 211 157 13 99 207 143 73 199 140 
149 104 240 240 206 171 135 240 240 125 240 238 240 223 240 240 227 240 189 240 240 192 116 240 240 109 182 47 240 76 227 71 155 240 240 240 182 240 234 240 238 240 240 240 210 240 145 237 240 221 240 240 240 240 224 232 185 240 240 240 240 240 160 240 138 240 172 240 105 240 240 240 240 240 221 133 240 240 196 240 230 151 240 240 240 240 142 240 240 240 240 233 240 69 240 240 240 97 193 240 134 217 163 240 240 240 240 161 240 233 240 240 240 240 199 240 228 240 55 240 216 240 240 236 240 240 240 134 240 240 
10
0.0 0.0 0.0 0.0 0.0 0.0 0.0 0.0 0.0 0.0 
0.0 100.0 0.0 0.0 100.0 0.0 100.0 0.0 100.0 0.0 
0 14 0 0 14 0 14 0 14 0 11 6 8 14 13 12 11 11 13 13 13 7 15 14 8 12 12 17 11 5 8 13 11 9 12 6 6 17 9 13 5 8 14 11 10 4 10 4 12 11 12 5 13 14 4 13 14 8 9 14 4 2 4 13 11 5 17 7 6 16 9 15 7 7 4 10 14 14 13 5 11 12 4 13 12 13 10 11 5 10 5 7 10 10 9 13 10 4 12 11 11 10 17 12 11 13 15 11 16 14 12 12 12 9 14 6 12 12 9 11 11 13 4 11 14 9 13 15 13 7 7 10 12 16 9 6 10 13 15 14 
14 0 14 14 0 14 0 14 0 14 2 7 12 16 11 16 13 11 13 9 14 13 9 11 5 9 16 13 3 11 12 9 8 8 14 10 10 12 9 5 10 5 8 16 4 10 12 13 4 16 5 9 16 11 12 10 13 13 10 18 12 12 10 3 12 9 14 13 7 12 8 13 14 10 9 5 16 13 8 11 7 15 12 13 7 13 9 5 12 7 12 11 13 3 7 11 4 11 3 15 5 4 12 6 2 11 14 8 14 7 2 12 2 6 16 9 17 4 9 4 11 12 10 5 13 7 12 10 15 10 11 10 3 11 5 9 3 12 14 16 
0 14 0 0 14 0 14 0 14 0 11 6 8 14 13 12 11 11 13 13 13 7 15 14 8 12 12 17 11 5 8 13 11 9 12 6 6 17 9 13 5 8 14 11 10 4 10 4 12 11 12 5 13 14 4 13 14 8 9 14 4 2 4 13 11 5 17 7 6 16 9 15 7 7 4 10 14 14 13 5 11 12 4 13 12 13 10 11 5 10 5 7 10 10 9 13 10 4 12 11 11 10 17 12 11 13 15 11 16 14 12 12 12 9 14 6 12 12 9 11 11 13 4 11 14 9 13 15 13 7 7 10 12 16 9 6 10 13 15 14 
0 14 0 0 14 0 14 0 14 0 11 6 8 14 13 12 11 11 13 13 13 7 15 14 8 12 12 17 11 5 8 13 11 9 12 6 6 17 9 13 5 8 14 11 10 4 10 4 12 11 12 5 13 14 4 13 14 8 9 14 4 2 4 13 11 5 17 7 6 16 9 15 7 7 4 10 14 14 13 5 11 12 4 13 12 13 10 11 5 10 5 7 10 10 9 13 10 4 12 11 11 10 17 12 11 13 15 11 16 14 12 12 12 9 14 6 12 12 9 11 11 13 4 11 14 9 13 15 13 7 7 10 12 16 9 6 10 13 15 14 
14 0 14 14 0 14 0 14 0 14 2 7 12 16 11 16 13 11 13 9 14 13 9 11 5 9 16 13 3 11 12 9 8 8 14 10 10 12 9 5 10 5 8 16 4 10 12 13 4 16 5 9 16 11 12 10 13 13 10 18 12 12 10 3 12 9 14 13 7 12 8 13 14 10 9 5 16 13 8 11 7 15 12 13 7 13 9 5 12 7 12 11 13 3 7 11 4 11 3 15 5 4 12 6 2 11 14 8 14 7 2 12 2 6 16 9 17 4 9 4 11 12 10 5 13 7 12 10 15 10 11 10 3 11 5 9 3 12 14 16 
0 14 0 0 14 0 14 0 14 0 11 6 8 14 13 12 11 11 13 13 13 7 15 14 8 12 12 17 11 5 8 13 11 9 12 6 6 17 9 13 5 8 14 11 10 4 10 4 12 11 12 5 13 14 4 13 14 8 9 14 4 2 4 13 11 5 17 7 6 16 9 15 7 7 4 10 14 14 13 5 11 12 4 13 12 13 10 11 5 10 5 7 10 10 9 13 10 4 12 11 11 10 17 12 11 13 15 11 16 14 12 12 12 9 14 6 12 12 9 11 11 13 4 11 14 9 13 15 13 7 7 10 12 16 9 6 10 13 15 14 
14 0 14 14 0 14 0 14 0 14 2 7 12 16 11 16 13 11 13 9 14 13 9 11 5 9 16 13 3 11 12 9 8 8 14 10 10 12 9 5 10 5 8 16 4 10 12 13 4 16 5 9 16 11 12 10 13 13 10 18 12 12 10 3 12 9 14 13 7 12 8 13 14 10 9 5 16 13 8 11 7 15 12 13 7 13 9 5 12 7 12 11 13 3 7 11 4 11 3 15 5 4 12 6 2 11 14 8 14 7 2 12 2 6 16 9 17 4 9 4 11 12 10 5 13 7 12 10 15 10 11 10 3 11 5 9 3 12 14 16 
0 14 0 0 14 0 14 0 14 0 11 6 8 14 13 12 11 11 13 13 13 7 15 14 8 12 12 17 11 5 8 13 11 9 12 6 6 17 9 13 5 8 14 11 10 4 10 4 12 11 12 5 13 14 4 13 14 8 9 14 4 2 4 13 11 5 17 7 6 16 9 15 7 7 4 10 14 14 13 5 11 12 4 13 12 13 10 11 5 10 5 7 10 10 9 13 10 4 12 11 11 10 17 12 11 13 15 11 16 14 12 12 12 9 14 6 12 12 9 11 11 13 4 11 14 9 13 15 13 7 7 10 12 16 9 6 10 13 15 14 
14 0 14 14 0 14 0 14 0 14 2 7 12 16 11 16 13 11 13 9 14 13 9 11 5 9 16 13 3 11 12 9 8 8 14 10 10 12 9 5 10 5 8 16 4 10 12 13 4 16 5 9 16 11 12 10 13 13 10 18 12 12 10 3 12 9 14 13 7 12 8 13 14 10 9 5 16 13 8 11 7 15 12 13 7 13 9 5 12 7 12 11 13 3 7 11 4 11 3 15 5 4 12 6 2 11 14 8 14 7 2 12 2 6 16 9 17 4 9 4 11 12 10 5 13 7 12 10 15 10 11 10 3 11 5 9 3 12 14 16 
0 14 0 0 14 0 14 0 14 0 11 6 8 14 13 12 11 11 13 13 13 7 15 14 8 12 12 17 11 5 8 13 11 9 12 6 6 17 9 13 5 8 14 11 10 4 10 4 12 11 12 5 13 14 4 13 14 8 9 14 4 2 4 13 11 5 17 7 6 16 9 15 7 7 4 10 14 14 13 5 11 12 4 13 12 13 10 11 5 10 5 7 10 10 9 13 10 4 12 11 11 10 17 12 11 13 15 11 16 14 12 12 12 9 14 6 12 12 9 11 11 13 4 11 14 9 13 15 13 7 7 10 12 16 9 6 10 13 15 14 
11 2 11 11 2 11 2 11 2 11 0 5 10 14 10 14 11 10 12 7 12 11 8 10 3 8 14 12 0 9 10 8 7 5 12 7 7 11 7 4 7 3 7 14 1 7 10 10 3 14 3 6 14 10 9 8 12 11 8 16 9 9 7 2 11 6 13 11 4 12 6 11 12 8 7 3 14 11 7 8 5 13 10 12 6 12 8 4 10 5 10 8 10 1 5 9 2 9 2 13 3 1 11 4 0 9 12 6 13 6 0 11 0 3 15 6 15 3 7 2 9 10 7 4 12 5 10 9 13 8 8 8 2 11 2 6 0 10 13 14 
6 7 6 6 7 6 7 6 7 6 5 0 7 13 10 12 10 8 11 8 12 8 10 10 2 8 12 13 4 5 7 9 7 5 10 4 3 13 5 7 3 1 9 12 3 2 8 6 6 11 6 2 12 10 5 9 12 8 6 14 5 4 2 6 9 2 14 7 0 12 5 12 8 5 1 5 13 11 9 4 6 11 5 11 7 11 7 5 6 5 6 5 8 4 4 10 4 4 6 11 5 3 13 6 4 9 13 7 13 8 5 10 5 3 13 2 12 6 6 5 8 10 2 5 12 4 10 11 11 4 5 7 6 12 2 2 4 10 13 13 
8 12 8 8 12 8 12 8 12 8 10 7 0 5 5 4 3 2 4 6 5 1 8 6 8 5 4 9 9 3 0 6 4 4 3 3 3 9 3 8 4 8 7 4 9 5 1 4 8 4 7 5 5 7 4 5 6 1 2 6 4 6 6 10 3 5 9 1 7 8 4 7 2 2 6 7 6 6 7 3 6 4 3 4 6 5 3 6 2 5 2 1 1 9 5 5 8 4 9 4 7 8 9 7 10 5 7 5 8 8 10 4 10 6 6 5 5 8 3 8 3 4 6 6 6 5 5 8 4 2 1 3 9 9 8 5 9 5 7 6 
14 16 14 14 16 14 16 14 16 14 14 13 5 0 4 2 2 4 2 7 1 6 8 5 12 6 2 7 13 9 5 7 7 8 2 9 9 6 7 10 10 13 8 3 13 11 4 9 11 3 10 11 0 6 9 6 3 5 6 3 10 12 12 13 3 11 5 6 12 5 8 4 6 7 12 10 0 3 8 9 8 1 9 2 8 2 6 10 8 8 8 7 4 13 9 5 11 9 12 2 10 12 6 9 13 5 4 7 4 9 14 3 14 10 0 10 2 11 6 12 5 3 12 10 3 9 4 7 1 8 7 6 12 7 12 10 13 3 3 0 
13 11 13 13 11 13 11 13 11 13 10 10 5 4 0 5 2 2 1 2 2 6 4 1 9 2 6 4 9 7 4 2 3 4 3 6 7 4 4 6 8 9 3 5 9 9 3 9 7 5 6 8 4 2 8 1 2 5 3 7 9 10 9 8 2 8 4 6 9 3 4 2 7 5 10 6 4 1 4 8 4 4 8 1 4 1 2 6 7 5 7 5 3 9 6 0 7 8 8 5 6 9 4 5 9 0 2 3 3 5 10 1 10 7 5 8 6 7 3 8 1 0 10 6 2 6 0 3 3 6 5 2 8 4 9 8 10 0 2 4 
12 16 12 12 16 12 16 12 16 12 14 12 4 2 5 0 2 4 4 8 3 4 9 7 12 7 0 9 13 7 4 8 7 8 2 7 8 9 7 11 9 12 9 0 13 9 3 7 12 0 11 10 1 7 8 7 5 4 5 2 8 10 10 13 3 9 8 4 11 7 7 7 4 6 11 10 2 5 9 7 9 1 7 3 9 4 6 10 6 8 6 6 3 13 9 6 11 8 12 0 10 12 8 10 13 6 6 8 7 10 14 4 14 10 2 9 0 11 6 12 5 4 10 10 5 9 5 9 2 7 6 6 13 9 12 9 13 5 6 3 
11 13 11 11 13 11 13 11 13 11 11 10 3 2 2 2 0 1 1 5 2 4 6 4 10 4 3 7 10 6 3 5 4 5 0 6 6 6 4 8 7 10 6 3 10 8 1 7 9 3 8 8 2 4 7 4 3 3 3 5 7 9 9 10 0 8 6 4 9 5 5 4 5 5 9 8 2 3 6 7 6 1 6 1 6 2 3 7 6 6 6 5 1 11 7 3 9 7 10 2 8 10 6 7 11 3 4 5 5 7 11 1 12 8 3 7 3 9 4 9 2 2 9 7 3 6 2 6 1 5 4 3 10 6 10 7 11 2 4 3 
11 11 11 11 11 11 11 11 11 11 10 8 2 4 2 4 1 0 2 4 3 4 5 3 8 3 5 6 9 5 2 4 2 4 2 5 5 6 3 6 6 8 5 4 9 7 1 7 7 4 6 7 4 4 6 2 3 3 2 7 7 8 8 8 1 7 6 4 8 5 3 4 5 3 8 6 4 3 5 6 4 3 6 2 4 2 2 5 5 4 5 4 1 9 5 2 7 6 8 4 6 8 6 5 9 2 4 3 5 6 9 1 10 6 5 6 5 7 2 7 0 1 8 6 3 5 2 5 3 4 3 1 8 6 8 6 9 2 4 4 
13 13 13 13 13 13 13 13 13 13 12 11 4 2 1 4 1 2 0 4 0 6 5 3 10 4 4 5 11 8 4 4 4 6 1 7 8 5 5 8 9 11 5 4 11 9 3 9 9 4 8 9 2 3 8 3 1 5 4 5 9 11 10 10 1 9 4 6 10 4 6 3 6 6 10 8 2 1 6 8 6 2 8 0 6 0 4 7 7 6 7 6 3 11 7 2 9 8 10 3 8 10 4 7 11 2 2 5 3 7 11 0 12 8 3 8 4 9 4 9 2 1 10 8 1 7 1 5 1 6 5 3 10 5 10 8 11 1 2 2 
13 9 13 13 9 13 9 13 9 13 7 8 6 7 2 8 5 4 4 0 5 8 2 2 7 0 8 5 6 8 6 0 2 3 6 6 7 4 4 3 8 8 1 8 7 8 5 9 4 8 3 8 7 2 8 1 4 7 4 10 9 10 9 6 4 8 5 8 8 4 3 4 9 6 9 4 7 3 1 8 2 6 9 4 1 4 2 3 8 3 8 6 5 7 4 2 5 8 5 8 4 6 4 2 7 2 5 1 5 2 7 4 7 5 8 7 8 4 3 5 3 3 9 4 4 4 3 2 6 6 6 3 5 3 7 7 7 3 5 7 
13 14 13 13 14 13 14 13 14 13 12 12 5 1 2 3 2 3 0 5 0 6 6 3 11 5 4 5 11 8 5 5 5 7 2 8 8 5 6 9 9 12 6 4 12 10 3 9 10 4 9 10 2 4 9 4 1 5 5 5 9 11 11 11 2 10 4 6 11 4 6 3 6 6 11 9 1 2 6 9 7 2 8 0 7 0 5 8 8 7 8 6 3 12 8 3 10 9 11 3 9 11 5 8 12 3 2 6 3 7 12 1 13 9 2 9 3 9 5 10 3 2 11 8 1 8 2 5 1 7 6 4 11 5 11 9 12 2 2 1 
7 13 7 7 13 7 13 7 13 7 11 8 1 6 6 4 4 4 6 8 6 0 9 8 9 7 4 11 10 3 1 8 6 6 4 4 4 10 4 10 5 9 9 4 10 5 3 3 10 4 9 6 5 8 3 7 7 0 3 6 4 6 6 11 4 5 10 0 8 9 5 8 1 3 6 8 6 7 9 3 7 4 3 5 8 6 5 8 2 6 2 2 2 10 6 7 9 4 10 4 8 9 10 8 11 6 8 7 9 9 11 5 11 7 6 5 4 9 4 9 4 6 6 8 7 6 6 9 5 3 2 4 11 10 9 5 10 6 8 7 
15 9 15 15 9 15 9 15 9 15 8 10 8 8 4 9 6 5 5 2 6 9 0 2 9 2 10 3 7 10 8 1 4 5 7 8 9 3 6 3 10 9 1 10 8 10 7 11 5 10 4 10 8 2 10 2 5 9 6 11 11 12 11 6 6 10 4 10 10 3 5 3 10 8 11 5 8 4 1 10 4 8 11 5 2 5 4 5 10 5 10 8 7 8 6 3 6 10 6 9 5 8 3 4 8 3 5 3 5 2 8 5 8 7 9 9 10 5 5 6 5 4 11 5 5 6 4 0 7 8 8 5 6 2 8 9 8 4 5 8 
14 11 14 14 11 14 11 14 11 14 10 10 6 5 1 7 4 3 3 2 3 8 2 0 9 2 7 3 9 9 6 2 3 5 4 8 8 2 5 5 9 10 2 7 9 10 5 10 7 7 6 10 6 0 10 1 2 7 5 9 10 12 11 8 4 10 3 8 10 1 5 1 9 7 11 6 5 1 3 9 4 5 9 3 3 3 4 6 9 5 9 7 5 10 6 1 7 9 8 6 6 9 2 5 9 1 2 3 3 4 10 3 10 7 6 9 7 7 5 8 3 2 11 6 2 6 1 2 5 7 6 4 8 2 9 9 10 1 2 5 
8 5 8 8 5 8 5 8 5 8 3 2 8 12 9 12 10 8 10 7 11 9 9 9 0 7 12 12 2 6 7 7 6 4 10 4 4 12 5 5 4 0 8 12 1 4 8 7 4 12 4 3 12 9 6 8 11 8 6 15 6 6 4 4 9 3 12 8 1 11 4 11 9 6 4 3 13 10 7 5 5 11 7 10 6 11 6 3 7 4 7 6 8 1 3 9 2 6 3 11 3 1 11 5 2 9 12 6 13 7 3 9 3 2 13 3 13 4 6 2 7 9 4 3 11 3 9 9 11 5 6 6 4 11 0 3 2 10 12 13 
12 9 12 12 9 12 9 12 9 12 8 8 5 6 2 7 4 3 4 0 5 7 2 2 7 0 8 5 7 7 5 0 1 3 5 6 6 4 3 4 7 8 1 7 7 8 4 9 5 7 4 7 7 2 8 0 4 6 3 9 8 10 9 6 4 7 5 7 8 4 3 3 8 5 9 4 6 3 1 7 2 6 8 4 2 4 2 3 7 3 7 5 4 7 4 1 5 8 6 7 4 7 4 3 7 1 4 1 5 2 7 3 8 5 7 6 8 4 3 5 2 3 9 4 4 4 2 2 5 5 5 2 6 4 7 6 7 2 4 6 
12 16 12 12 16 12 16 12 16 12 14 12 4 2 6 0 3 5 4 8 4 4 10 7 12 8 0 9 13 7 5 8 8 8 2 8 8 9 7 12 9 13 9 0 13 10 4 8 12 0 11 10 2 8 8 7 5 4 6 2 8 10 11 14 4 10 8 5 12 8 8 7 4 7 11 11 2 6 10 8 9 2 7 4 10 4 7 10 7 9 7 6 3 14 9 6 12 8 13 0 11 13 9 10 14 6 6 8 7 11 14 4 15 11 2 9 0 12 7 12 5 5 11 11 5 9 5 9 2 7 6 6 13 9 13 9 14 5 6 3 
17 13 17 17 13 17 13 17 13 17 12 13 9 7 4 9 7 6 5 5 5 11 3 3 12 5 9 0 11 12 9 4 6 8 7 11 11 0 8 7 12 13 4 9 12 13 8 13 9 9 8 13 7 3 13 4 4 10 8 10 13 15 14 10 6 13 1 11 13 1 8 2 12 10 14 9 7 3 5 12 7 7 13 5 6 5 7 8 12 8 12 10 8 12 9 4 10 13 10 9 8 11 0 7 12 4 3 6 2 5 12 5 12 10 7 12 9 9 8 10 6 5 14 9 3 9 4 3 7 10 10 7 10 1 12 12 12 4 3 6 
11 3 11 11 3 11 3 11 3 11 0 4 9 13 9 13 10 9 11 6 11 10 7 9 2 7 13 11 0 8 9 7 6 5 11 6 6 11 6 4 7 3 6 13 1 7 9 10 2 13 3 6 13 9 8 7 11 10 7 16 9 9 7 1 10 6 12 10 4 11 5 11 11 7 6 2 13 10 6 8 4 12 9 11 5 11 7 3 9 4 9 8 10 1 4 8 1 8 1 13 2 1 10 4 0 8 12 6 12 5 0 10 1 3 14 5 14 2 6 1 8 9 7 3 11 4 9 8 12 7 7 7 1 10 2 5 0 10 12 13 
5 11 5 5 11 5 11 5 11 5 9 5 3 9 7 7 6 5 8 8 8 3 10 9 6 7 7 12 8 0 3 8 6 5 6 1 1 11 3 9 1 6 9 7 7 2 4 1 8 7 7 2 8 9 0 7 9 3 4 9 1 3 3 9 6 2 11 2 5 11 4 10 3 1 3 6 9 9 8 0 6 7 0 7 8 8 5 6 0 5 1 1 4 8 4 8 7 0 8 7 7 7 11 7 8 7 10 6 11 9 9 7 9 5 9 2 8 8 4 7 5 7 3 6 9 4 7 10 8 1 2 5 9 11 6 2 8 8 10 9 
8 12 8 8 12 8 12 8 12 8 10 7 0 5 4 4 3 2 4 6 5 1 8 6 7 5 5 9 9 3 0 6 4 4 3 3 3 9 3 8 4 8 7 4 9 5 1 4 8 4 7 5 5 6 4 5 6 1 2 7 4 6 6 9 3 5 8 1 7 8 3 7 2 2 6 6 6 6 7 3 5 4 3 4 6 5 3 6 3 5 2 1 1 9 5 5 7 4 9 4 7 8 8 6 9 5 7 5 8 8 10 4 10 6 6 4 5 8 2 8 3 4 6 6 6 5 4 8 4 2 1 2 9 9 8 4 9 5 7 6 
13 9 13 13 9 13 9 13 9 13 8 9 6 7 2 8 5 4 4 0 5 8 1 2 7 0 8 4 7 8 6 0 2 3 6 7 7 4 4 3 8 8 0 8 7 9 5 10 5 8 4 8 7 1 9 1 4 7 4 10 9 10 9 6 4 8 5 8 8 4 4 3 9 6 9 4 7 3 1 8 2 6 9 4 1 4 3 4 8 3 8 6 5 7 5 2 5 8 5 8 4 7 3 3 7 2 4 1 5 2 7 4 8 5 8 7 8 4 4 5 3 3 10 4 4 5 3 1 6 6 6 3 6 3 7 7 8 3 4 7 
11 8 11 11 8 11 8 11 8 11 7 7 4 7 3 7 4 2 4 2 5 6 4 3 6 1 8 6 6 6 4 2 0 1 5 4 5 6 2 3 6 6 3 7 6 6 3 7 4 7 3 6 7 3 6 2 5 5 2 10 7 8 7 6 3 6 6 6 6 5 1 5 7 4 7 3 7 4 2 6 1 6 6 4 2 4 1 3 6 1 6 4 4 6 3 2 4 6 5 7 3 5 5 2 6 2 6 0 6 3 7 3 7 4 7 5 8 4 1 4 2 3 7 3 5 3 3 4 6 4 4 1 5 5 6 5 6 3 6 7 
9 8 9 9 8 9 8 9 8 9 5 5 4 8 4 8 5 4 6 3 7 6 5 5 4 3 8 8 5 5 4 3 1 0 6 3 3 7 1 4 4 4 4 8 5 5 4 6 3 8 3 4 8 5 5 3 6 5 2 10 6 7 5 5 5 4 8 6 4 7 0 7 7 3 5 2 8 6 4 5 1 7 6 6 3 6 2 2 5 0 5 3 4 5 1 4 3 5 4 8 2 4 7 2 5 4 7 2 8 4 5 5 6 2 9 3 9 3 1 3 3 5 6 2 6 1 5 5 7 3 3 2 5 7 4 3 5 5 7 8 
12 14 12 12 14 12 14 12 14 12 12 10 3 2 3 2 0 2 1 6 2 4 7 4 10 5 2 7 11 6 3 6 5 6 0 6 7 7 5 9 8 10 6 2 11 8 2 7 9 2 8 8 2 5 7 4 3 3 4 4 8 9 9 11 1 8 6 4 10 5 5 4 4 5 10 8 2 3 7 7 6 0 7 1 7 2 4 8 6 6 6 5 1 11 7 3 9 7 10 2 8 10 6 8 11 3 4 5 5 8 12 1 12 8 2 8 2 9 4 10 3 2 9 8 3 7 3 6 1 5 4 3 11 7 10 8 11 3 4 2 
6 10 6 6 10 6 10 6 10 6 7 4 3 9 6 7 6 5 7 6 8 4 8 8 4 6 8 11 6 1 3 7 4 3 6 0 0 10 2 7 1 5 7 7 6 2 4 3 6 7 6 2 8 8 2 6 8 3 3 10 2 3 3 7 5 2 11 3 3 10 2 9 4 1 3 5 9 8 7 1 5 7 2 7 6 7 4 5 2 4 2 1 4 6 3 7 5 1 7 7 5 5 10 5 7 6 9 5 10 7 7 6 8 3 9 1 8 6 3 6 5 6 3 5 8 3 7 9 8 0 1 4 7 10 5 1 6 7 9 9 
6 10 6 6 10 6 10 6 10 6 7 3 3 9 7 8 6 5 8 7 8 4 9 8 4 6 8 11 6 1 3 7 5 3 7 0 0 11 3 7 1 4 8 8 6 1 5 3 6 8 6 1 9 8 2 7 9 4 3 10 2 3 2 8 6 1 11 3 3 10 3 9 5 1 2 5 9 9 7 1 5 8 2 7 6 8 4 5 2 4 2 2 5 6 3 7 5 1 7 8 5 5 11 6 7 7 10 5 11 8 7 7 8 3 10 1 9 6 3 6 5 7 2 5 9 3 7 9 8 1 2 4 7 10 5 1 6 8 10 10 
17 12 17 17 12 17 12 17 12 17 11 13 9 6 4 9 6 6 5 4 5 10 3 2 12 4 9 0 11 11 9 4 6 7 7 10 11 0 8 7 12 12 4 9 11 13 7 13 8 9 7 12 7 2 12 4 3 10 7 10 13 14 13 9 6 12 1 11 12 1 8 2 11 9 13 8 6 3 4 12 6 7 12 5 5 4 6 8 11 7 11 10 7 11 9 3 9 12 9 8 8 11 0 7 11 4 2 5 2 5 11 5 11 9 7 11 9 8 7 9 6 4 13 8 3 9 4 2 6 10 9 6 9 0 11 11 11 3 3 6 
9 9 9 9 9 9 9 9 9 9 7 5 3 7 4 7 4 3 5 4 6 4 6 5 5 3 7 8 6 3 3 4 2 1 5 2 3 8 0 5 4 5 5 7 6 4 3 5 5 7 4 4 7 5 4 4 6 4 1 9 5 6 5 6 4 4 8 4 5 7 0 7 5 2 5 3 7 6 5 4 2 6 4 5 4 5 1 3 4 2 4 2 3 6 2 4 4 4 6 6 4 5 8 4 6 4 7 2 8 5 7 4 7 3 8 3 7 5 0 5 2 4 5 3 6 2 4 6 6 2 2 1 6 7 5 3 6 5 7 7 
13 5 13 13 5 13 5 13 5 13 4 7 8 10 6 11 8 6 8 3 9 10 3 5 5 4 12 7 4 9 8 3 3 4 9 7 7 7 5 0 8 6 3 11 4 8 7 10 1 11 1 7 11 5 9 4 8 9 6 13 10 10 9 2 7 8 8 9 7 7 4 7 11 7 8 2 10 7 2 8 2 10 9 8 2 8 5 2 9 3 9 7 8 4 4 5 3 9 2 11 2 4 7 1 4 5 8 3 8 1 4 7 4 4 11 7 12 1 5 2 6 7 9 2 8 4 6 4 9 7 7 5 2 6 5 7 4 6 8 10 
5 10 5 5 10 5 10 5 10 5 7 3 4 10 8 9 7 6 9 8 9 5 10 9 4 7 9 12 7 1 4 8 6 4 8 1 1 12 4 8 0 4 9 9 6 0 6 3 7 9 7 1 10 9 1 8 10 5 4 11 2 2 1 8 7 0 12 4 3 11 4 11 5 2 1 5 10 10 8 1 6 8 2 9 7 9 5 6 2 5 2 2 6 6 4 8 6 1 7 8 6 6 12 7 7 8 11 6 12 9 7 8 8 4 11 1 9 7 4 6 6 8 1 6 10 3 8 10 9 2 3 5 8 11 5 1 6 9 11 11 
8 5 8 8 5 8 5 8 5 8 3 1 8 13 9 12 10 8 11 8 12 9 9 10 0 8 13 13 3 6 8 8 6 4 10 5 4 12 5 6 4 0 8 12 2 4 8 7 4 12 4 3 13 10 6 8 11 8 6 15 6 6 4 4 9 3 13 8 1 12 5 11 9 6 3 3 13 11 8 5 5 11 7 11 6 11 7 4 7 4 7 6 9 2 3 9 3 5 4 12 4 2 12 5 3 9 12 6 13 7 3 10 3 2 13 3 13 4 6 3 8 10 4 4 11 3 10 10 12 5 6 7 4 11 0 3 2 10 12 13 
14 8 14 14 8 14 8 14 8 14 7 9 7 8 3 9 6 5 5 1 6 9 1 2 8 1 9 4 6 9 7 0 3 4 6 7 8 4 5 3 9 8 0 9 7 9 6 10 4 9 3 9 8 2 9 2 5 8 5 11 10 11 10 5 5 9 5 9 8 4 4 4 10 7 10 4 8 4 0 9 2 7 9 5 1 5 3 4 9 4 9 7 6 7 5 3 5 9 5 9 4 7 3 3 7 3 5 2 5 1 7 5 7 6 8 8 9 4 4 5 4 4 10 4 5 5 4 1 7 7 7 4 5 3 7 8 7 4 5 8 
11 16 11 11 16 11 16 11 16 11 14 12 4 3 5 0 3 4 4 8 4 4 10 7 12 7 0 9 13 7 4 8 7 8 2 7 8 9 7 11 9 12 9 0 13 9 3 7 12 0 11 9 2 8 7 7 5 4 5 2 8 10 10 13 3 9 8 4 11 8 7 7 4 6 10 10 3 6 9 7 9 2 7 4 9 4 6 10 6 9 6 6 3 13 9 6 12 8 13 0 11 12 9 10 14 6 6 8 7 10 14 4 14 10 3 9 0 11 6 12 5 5 10 10 5 9 5 9 2 7 6 6 13 9 12 9 13 5 6 3 
10 4 10 10 4 10 4 10 4 10 1 3 9 13 9 13 10 9 11 7 12 10 8 9 1 7 13 12 1 7 9 7 6 5 11 6 6 11 6 4 6 2 7 13 0 6 9 9 3 13 3 5 13 9 8 8 11 9 7 15 8 8 6 3 10 5 12 9 3 11 5 11 11 7 5 3 13 11 7 7 5 12 8 11 6 11 7 3 8 4 8 7 9 0 3 9 1 7 2 12 3 0 11 4 1 9 12 6 13 6 1 10 1 2 14 5 13 3 6 2 8 10 6 3 11 4 9 9 12 6 7 7 3 10 1 5 0 10 12 13 
4 10 4 4 10 4 10 4 10 4 7 2 5 11 9 9 8 7 9 8 10 5 10 10 4 8 10 13 7 2 5 9 6 5 8 2 1 13 4 8 0 4 9 9 6 0 6 3 7 9 7 0 10 10 2 8 11 5 5 12 2 1 0 8 8 0 13 5 3 12 4 11 6 3 1 6 11 10 9 1 6 9 2 9 8 10 6 6 3 5 3 3 7 6 4 9 6 1 8 9 6 6 12 7 7 9 12 7 13 9 7 9 8 4 11 1 10 7 5 6 7 9 0 6 11 4 9 11 10 3 4 6 8 12 5 1 6 9 12 11 
10 12 10 10 12 10 12 10 12 10 10 8 1 4 3 3 1 1 3 5 3 3 7 5 8 4 4 8 9 4 1 5 3 4 2 4 5 7 3 7 6 8 6 3 9 6 0 5 8 3 7 6 4 5 5 4 4 2 2 6 6 8 7 9 1 6 7 3 8 6 4 5 3 3 7 6 4 4 6 5 5 2 5 2 6 3 2 6 4 5 4 3 0 9 5 3 8 5 9 3 7 8 7 6 10 3 5 4 6 7 10 2 10 6 5 6 4 8 2 8 1 2 7 6 4 5 3 6 3 3 2 2 9 7 8 6 10 3 5 4 
4 13 4 4 13 4 13 4 13 4 10 6 4 9 9 7 7 7 9 9 9 3 11 10 7 9 8 13 10 1 4 10 7 6 7 3 3 13 5 10 3 7 10 7 9 3 5 0 10 7 9 4 9 10 1 9 10 3 5 10 0 2 3 11 7 3 13 2 6 12 6 11 3 3 4 8 10 10 10 1 8 8 0 8 9 9 6 8 1 7 1 3 5 9 6 9 9 1 10 7 8 9 13 9 10 9 11 8 12 11 10 8 11 7 10 4 8 9 5 9 7 8 3 8 10 6 9 11 8 3 3 6 11 13 8 4 9 9 11 10 
12 4 12 12 4 12 4 12 4 12 3 6 8 11 7 12 9 7 9 4 10 10 5 7 4 5 12 9 2 8 8 5 4 3 9 6 6 8 5 1 7 4 4 12 3 7 8 10 0 12 1 6 11 7 8 5 9 9 6 14 9 9 8 1 8 6 10 9 5 9 4 8 11 7 7 1 11 8 4 8 2 10 9 9 3 9 5 1 9 3 9 7 8 3 3 7 1 8 0 11 1 2 8 2 2 7 9 4 10 3 2 8 3 3 12 6 12 0 5 1 6 8 8 1 9 3 7 6 10 6 7 6 1 8 3 6 3 8 10 11 
11 16 11 11 16 11 16 11 16 11 14 11 4 3 5 0 3 4 4 8 4 4 10 7 12 7 0 9 13 7 4 8 7 8 2 7 8 9 7 11 9 12 9 0 13 9 3 7 12 0 11 9 2 8 7 7 5 4 5 2 8 10 10 13 3 9 8 4 11 8 7 7 4 6 10 10 3 6 9 7 9 1 7 4 9 4 6 10 6 9 6 6 3 13 9 6 11 8 12 0 10 12 9 10 13 6 6 8 7 10 14 4 14 10 2 9 0 11 6 12 5 5 10 10 5 9 5 9 2 7 6 6 13 9 12 9 13 5 6 3 
12 5 12 12 5 12 5 12 5 12 3 6 7 10 6 11 8 6 8 3 9 9 4 6 4 4 11 8 3 7 7 4 3 3 8 6 6 7 4 1 7 4 3 11 3 7 7 9 1 11 0 6 10 6 8 4 8 8 5 13 9 9 7 2 7 6 9 9 5 8 3 7 10 6 7 1 10 7 3 7 1 9 8 8 2 8 4 1 8 2 8 6 7 3 3 6 1 8 1 10 0 3 7 0 3 5 8 3 9 2 3 7 3 2 11 5 11 0 4 1 5 7 8 1 8 3 6 5 9 6 6 5 2 7 4 6 3 7 9 10 
5 9 5 5 9 5 9 5 9 5 6 2 5 11 8 10 8 7 9 8 10 6 10 10 3 7 10 13 6 2 5 8 6 4 8 2 1 12 4 7 1 3 9 9 5 0 6 4 6 9 6 0 11 10 2 8 10 5 5 12 3 2 1 7 8 0 13 5 2 12 4 11 6 3 1 5 11 10 8 2 6 9 3 9 7 10 6 5 3 5 3 3 7 5 3 8 5 2 7 9 5 5 12 6 6 8 11 6 12 8 7 8 7 3 11 0 10 6 5 5 7 9 1 5 10 3 9 10 10 3 4 6 7 12 4 0 6 9 11 11 
13 16 13 13 16 13 16 13 16 13 14 12 5 0 4 1 2 4 2 7 2 5 8 6 12 7 2 7 13 8 5 7 7 8 2 8 9 7 7 11 10 13 8 2 13 10 4 9 11 2 10 11 0 6 9 6 3 5 6 3 9 11 11 13 3 10 6 6 12 6 8 5 6 7 12 10 0 4 8 9 8 1 8 2 9 2 6 10 8 9 7 7 3 13 9 5 11 9 12 1 10 12 7 10 14 5 4 7 5 9 14 3 14 10 0 10 1 11 6 12 5 3 11 10 3 9 4 8 1 7 6 6 13 8 12 10 14 4 4 1 
14 11 14 14 11 14 11 14 11 14 10 10 7 6 2 7 4 4 3 2 4 8 2 0 9 2 8 3 9 9 6 1 3 5 5 8 8 2 5 5 9 10 2 8 9 10 5 10 7 8 6 10 6 0 10 1 2 7 5 9 10 12 11 8 4 10 3 8 10 2 5 1 9 7 11 6 6 2 2 9 4 6 10 3 3 3 4 6 9 5 9 7 5 9 6 1 7 10 7 7 6 9 2 5 9 1 2 3 3 3 9 3 10 7 6 9 8 6 5 7 3 2 11 6 2 6 2 1 5 7 7 4 8 2 9 9 10 2 3 5 
4 12 4 4 12 4 12 4 12 4 9 5 4 9 8 8 7 6 8 8 9 3 10 10 6 8 8 13 8 0 4 9 6 5 7 2 2 12 4 9 1 6 9 7 8 2 5 1 8 7 8 2 9 10 0 8 10 3 4 10 0 2 2 10 7 2 12 3 5 11 5 11 4 2 3 7 10 10 9 0 7 8 0 8 8 9 6 7 1 6 1 2 5 8 5 8 7 0 9 7 7 7 12 8 9 8 11 7 12 10 9 7 9 5 10 2 8 8 5 8 6 8 2 7 10 5 8 11 8 2 3 5 9 12 6 2 8 9 11 10 
13 10 13 13 10 13 10 13 10 13 8 9 5 6 1 7 4 2 3 1 4 7 2 1 8 0 7 4 7 7 5 1 2 3 4 6 7 4 4 4 8 8 2 7 8 8 4 9 5 7 4 8 6 1 8 0 3 6 3 9 9 10 9 7 3 8 4 7 8 3 3 3 8 5 9 5 6 2 2 7 3 5 8 3 2 3 2 4 7 3 7 6 4 8 5 1 6 8 6 6 4 7 3 3 8 1 4 1 4 3 8 3 8 6 6 7 7 5 3 6 2 2 9 4 3 5 2 2 5 5 5 2 6 3 8 7 8 2 4 6 
14 13 14 14 13 14 13 14 13 14 12 12 6 3 2 5 3 3 1 4 1 7 5 2 11 4 5 4 11 9 6 4 5 6 3 8 9 3 6 8 10 11 5 5 11 11 4 10 9 5 8 10 3 2 10 3 0 7 5 6 10 12 11 10 3 10 2 8 11 2 6 1 8 7 12 8 3 0 5 9 6 3 9 1 6 1 4 8 9 7 9 7 4 11 8 2 9 10 10 5 8 11 3 7 11 2 1 5 2 6 12 2 12 9 4 9 5 9 5 10 3 1 12 8 0 8 1 4 3 8 7 4 10 4 11 9 12 1 1 3 
8 13 8 8 13 8 13 8 13 8 11 8 1 5 5 4 3 3 5 7 5 0 9 7 8 6 4 10 10 3 1 7 5 5 3 3 4 10 4 9 5 8 8 4 9 5 2 3 9 4 8 5 5 7 3 6 7 0 3 6 4 6 6 10 3 5 9 1 7 9 5 8 1 2 6 7 6 7 8 3 7 4 3 5 7 5 4 7 2 6 2 2 2 10 6 6 8 4 10 3 8 9 9 8 10 6 8 6 9 9 11 4 11 7 6 5 4 9 4 9 4 5 6 7 7 6 5 9 5 3 2 4 10 10 9 5 10 6 8 6 
9 10 9 9 10 9 10 9 10 9 8 6 2 6 3 5 3 2 4 4 5 3 6 5 6 3 6 8 7 4 2 4 2 2 4 3 3 7 1 6 4 6 5 5 7 5 2 5 6 5 5 5 6 5 4 3 5 3 0 8 5 7 6 7 2 5 7 4 6 6 1 6 5 2 6 4 6 5 5 4 3 5 4 4 4 4 1 4 4 3 4 2 2 7 3 3 6 4 7 5 5 6 7 4 8 3 6 3 7 5 8 3 8 4 7 4 6 6 0 6 1 3 6 4 5 3 3 6 5 2 1 0 7 7 6 4 7 4 6 6 
14 18 14 14 18 14 18 14 18 14 16 14 6 3 7 2 5 7 5 10 5 6 11 9 15 9 2 10 16 9 7 10 10 10 4 10 10 10 9 13 11 15 11 2 15 12 6 10 14 2 13 12 3 9 10 9 6 6 8 0 10 12 13 16 6 12 9 7 14 9 10 8 6 9 13 13 3 7 11 10 11 3 9 5 11 6 9 12 9 11 8 8 6 16 12 8 14 10 15 3 13 15 10 12 16 8 7 10 8 12 16 6 17 13 2 12 1 14 9 14 7 6 13 13 6 11 7 11 4 9 8 8 15 11 15 11 16 7 7 4 
4 12 4 4 12 4 12 4 12 4 9 5 4 10 9 8 7 7 9 9 9 4 11 10 6 8 8 13 9 1 4 9 7 6 8 2 2 13 5 10 2 6 10 8 8 2 6 0 9 8 9 3 9 10 0 9 10 4 5 10 0 2 2 10 7 3 13 3 5 12 5 11 4 3 3 7 10 10 10 1 8 8 0 9 9 9 6 8 1 6 1 3 6 8 5 9 8 0 9 8 8 8 13 8 9 9 11 8 12 10 10 8 10 6 10 3 8 9 5 8 7 8 2 8 10 5 9 11 9 3 3 6 10 13 7 3 9 9 11 10 
2 12 2 2 12 2 12 2 12 2 9 4 6 12 10 10 9 8 11 10 11 6 12 12 6 10 10 15 9 3 6 10 8 7 9 3 3 14 6 10 2 6 11 10 8 1 8 2 9 10 9 2 11 12 2 10 12 6 7 12 2 0 1 10 9 2 14 5 4 14 6 13 6 4 2 8 12 12 11 2 8 10 3 10 10 11 8 8 3 7 3 4 8 8 6 10 8 2 9 10 8 7 14 9 9 10 13 9 14 11 9 10 9 6 12 3 11 9 7 8 8 10 1 8 12 6 10 12 11 4 5 7 10 14 6 3 8 11 13 12 
4 10 4 4 10 4 10 4 10 4 7 2 6 12 9 10 9 8 10 9 11 6 11 11 4 9 11 14 7 3 6 9 7 5 9 3 2 13 5 9 1 4 10 10 6 0 7 3 8 10 7 1 11 11 2 9 11 6 6 13 2 1 0 8 8 1 14 5 2 13 5 12 6 4 0 6 12 11 9 2 7 10 3 10 8 10 7 7 3 6 4 4 7 6 4 10 6 2 8 10 7 6 13 7 7 9 12 8 13 10 7 9 8 5 12 2 11 8 6 7 8 9 0 6 11 4 10 11 10 3 4 7 8 13 5 2 6 10 12 12 
13 3 13 13 3 13 3 13 3 13 2 6 10 13 8 13 10 8 10 6 11 11 6 8 4 6 14 10 1 9 9 6 6 5 11 7 8 9 6 2 8 4 5 13 3 8 9 11 1 13 2 7 13 8 10 7 10 10 7 16 10 10 8 0 9 7 11 11 6 10 5 10 12 8 8 3 13 10 5 9 4 12 10 10 4 10 6 3 10 4 10 8 10 2 4 8 2 9 0 13 2 2 9 3 2 8 11 5 11 4 2 9 2 4 13 7 14 1 7 1 8 9 9 3 10 4 9 7 12 8 8 7 0 8 4 7 2 9 11 13 
11 12 11 11 12 11 12 11 12 11 11 9 3 3 2 3 0 1 1 4 2 4 6 4 9 4 4 6 10 6 3 4 3 5 1 5 6 6 4 7 7 9 5 3 10 8 1 7 8 3 7 8 3 4 7 3 3 3 2 6 7 9 8 9 0 7 6 4 9 5 4 4 5 4 9 7 3 3 6 6 5 2 6 1 5 2 3 6 6 5 5 4 1 10 6 2 8 7 9 3 7 9 6 6 10 2 4 4 5 6 10 1 11 7 4 7 4 8 3 8 1 1 9 7 3 6 2 5 2 5 4 2 9 6 9 7 10 2 4 3 
5 9 5 5 9 5 9 5 9 5 6 2 5 11 8 9 8 7 9 8 10 5 10 10 3 7 10 13 6 2 5 8 6 4 8 2 1 12 4 8 0 3 9 9 5 0 6 3 6 9 6 0 10 10 2 8 10 5 5 12 3 2 1 7 7 0 12 5 2 11 4 11 6 3 1 5 11 10 8 2 6 9 3 9 7 9 6 5 3 5 3 3 6 5 3 8 5 2 7 9 5 5 12 6 6 8 11 6 12 8 7 8 7 3 11 0 10 6 5 6 6 8 1 5 10 3 9 10 10 2 3 5 7 12 4 0 6 9 11 11 
17 14 17 17 14 17 14 17 14 17 13 14 9 5 4 8 6 6 4 5 4 10 4 3 12 5 8 1 12 11 8 5 6 8 6 11 11 1 8 8 12 13 5 8 12 13 7 13 10 8 9 13 6 3 12 4 2 9 7 9 13 14 14 11 6 12 0 10 13 1 8 1 11 10 14 9 5 2 5 12 7 6 12 4 6 4 6 9 11 8 11 10 7 13 9 4 10 12 10 7 9 12 1 8 12 4 1 6 1 6 12 4 13 10 6 12 8 9 7 10 6 4 14 9 2 9 4 3 5 10 9 7 11 2 12 12 13 3 1 5 
7 13 7 7 13 7 13 7 13 7 11 7 1 6 6 4 4 4 6 8 6 0 10 8 8 7 5 11 10 2 1 8 6 6 4 3 3 11 4 9 4 8 9 4 9 5 3 2 9 4 9 5 6 8 3 7 8 1 4 7 3 5 5 11 4 5 10 0 7 10 5 9 1 2 6 8 7 8 9 3 7 5 2 6 8 6 5 8 1 6 1 2 3 10 6 7 9 3 10 4 8 9 10 8 10 7 9 7 10 9 11 5 11 7 7 5 5 9 4 9 5 6 5 8 8 6 6 10 6 3 2 4 10 11 8 5 10 7 9 7 
6 7 6 6 7 6 7 6 7 6 4 0 7 12 9 11 9 8 10 8 11 8 10 10 1 8 12 13 4 5 7 8 6 4 10 3 3 12 5 7 3 1 8 11 3 3 8 6 5 11 5 2 12 10 5 8 11 7 6 14 5 4 2 6 9 2 13 7 0 12 4 11 8 5 2 4 12 11 8 4 5 11 5 10 7 11 6 5 5 4 6 5 8 3 3 9 4 4 5 11 5 3 12 6 4 9 12 6 13 8 5 9 5 2 13 2 12 5 5 4 8 9 3 4 11 3 9 10 11 4 5 6 6 12 2 2 3 10 12 13 
16 12 16 16 12 16 12 16 12 16 12 12 8 5 3 7 5 5 4 4 4 9 3 1 11 4 8 1 11 11 8 4 5 7 5 10 10 1 7 7 11 12 4 8 11 12 6 12 9 8 8 12 6 2 11 3 2 9 6 9 12 14 13 10 5 11 1 10 12 0 7 0 10 9 13 8 5 2 4 11 6 6 11 4 5 3 5 8 11 7 10 9 6 11 8 3 9 11 9 7 8 11 1 7 11 3 1 5 1 5 11 4 12 9 6 11 8 8 6 9 5 3 13 8 2 8 3 2 5 9 8 6 9 1 11 11 12 2 1 5 
9 8 9 9 8 9 8 9 8 9 6 5 4 8 4 7 5 3 6 3 6 5 5 5 4 3 8 8 5 4 3 4 1 0 5 2 3 8 0 4 4 5 4 7 5 4 4 6 4 7 3 4 8 5 5 3 6 5 1 10 5 6 5 5 4 4 8 5 4 7 0 7 6 2 5 2 8 6 4 4 2 6 5 5 3 6 1 2 4 1 4 3 4 5 1 4 4 4 5 7 3 4 7 3 6 4 7 2 8 4 6 5 6 2 8 3 8 4 1 4 3 5 5 2 6 1 5 6 7 2 2 2 5 7 4 3 6 5 7 8 
15 13 15 15 13 15 13 15 13 15 11 12 7 4 2 7 4 4 3 4 3 8 3 1 11 3 7 2 11 10 7 3 5 7 4 9 9 2 7 7 11 11 4 7 11 11 5 11 8 7 7 11 5 1 11 3 1 8 6 8 11 13 12 10 4 11 1 9 11 0 7 0 9 8 12 8 4 1 4 10 6 5 10 3 5 2 5 7 10 7 10 8 6 11 8 2 9 11 9 6 8 10 1 7 11 2 1 5 1 5 11 3 11 9 5 10 7 8 6 9 4 2 12 8 1 8 2 3 4 8 8 5 9 2 11 10 11 2 1 4 
7 14 7 7 14 7 14 7 14 7 12 8 2 6 7 4 5 5 6 9 6 1 10 9 9 8 4 12 11 3 2 9 7 7 4 4 5 11 5 11 5 9 10 4 11 6 3 3 11 4 10 6 6 9 4 8 8 1 5 6 4 6 6 12 5 6 11 1 8 10 6 9 0 4 7 9 6 8 10 4 8 5 3 6 9 7 6 9 2 7 2 3 3 11 7 7 10 4 11 4 9 10 11 9 12 7 9 8 10 10 12 6 12 8 6 6 4 10 5 10 5 6 6 9 8 7 7 10 5 4 3 5 12 11 10 6 11 7 9 7 
7 10 7 7 10 7 10 7 10 7 8 5 2 7 5 6 5 3 6 6 6 3 8 7 6 5 7 10 7 1 2 6 4 3 5 1 1 9 2 7 2 6 7 6 7 3 3 3 7 6 6 3 7 7 2 5 7 2 2 9 3 4 4 8 4 3 10 2 5 9 2 8 4 0 4 5 7 7 7 2 5 6 2 6 6 6 3 5 2 4 2 0 3 7 3 6 6 2 7 6 5 6 9 6 8 5 8 4 9 7 8 5 8 4 8 2 7 6 2 6 3 5 4 5 7 3 5 8 6 0 0 3 8 9 6 2 7 6 8 8 
4 9 4 4 9 4 9 4 9 4 7 1 6 12 10 11 9 8 10 9 11 6 11 11 4 9 11 14 6 3 6 9 7 5 10 3 2 13 5 8 1 3 10 10 5 1 7 4 7 10 7 1 12 11 3 9 12 6 6 13 3 2 0 8 9 1 14 6 2 13 5 12 7 4 0 6 12 11 9 3 7 10 4 10 8 11 7 6 4 6 4 4 8 5 4 10 6 2 7 10 6 5 13 7 6 9 13 7 13 9 7 9 7 4 12 2 11 7 6 6 8 10 0 6 12 4 10 11 11 4 5 7 8 13 4 2 6 10 13 12 
10 5 10 10 5 10 5 10 5 10 3 5 7 10 6 10 8 6 8 4 9 8 5 6 3 4 11 9 2 6 6 4 3 2 8 5 5 8 3 2 5 3 4 10 3 6 6 8 1 10 1 5 10 6 7 5 8 7 4 13 7 8 6 3 7 5 9 8 4 8 2 8 9 5 6 0 10 8 4 6 1 9 7 8 3 8 4 0 7 1 7 5 7 3 1 6 1 6 2 10 0 2 8 1 3 6 9 3 9 3 3 7 3 1 11 4 11 1 4 1 5 7 6 0 8 2 6 6 9 5 5 4 2 8 3 4 3 7 9 10 
14 16 14 14 16 14 16 14 16 14 14 13 6 0 4 2 2 4 2 7 1 6 8 5 13 6 2 7 13 9 6 7 7 8 2 9 9 6 7 10 10 13 8 3 13 11 4 10 11 3 10 11 0 6 10 6 3 6 6 3 10 12 12 13 3 11 5 7 12 5 8 4 6 7 12 10 0 3 8 9 8 1 9 2 8 2 6 10 8 9 8 7 4 13 9 5 12 10 12 2 10 13 6 9 14 5 3 7 4 9 14 3 14 11 0 10 2 11 7 12 5 3 12 10 3 9 4 7 1 8 7 6 13 7 13 10 14 3 3 0 
14 13 14 14 13 14 13 14 13 14 11 11 6 3 1 5 3 3 1 3 2 7 4 1 10 3 6 3 10 9 6 3 4 6 3 8 9 3 6 7 10 11 4 6 11 10 4 10 8 6 7 10 4 2 10 2 0 7 5 7 10 12 11 10 3 10 2 8 11 2 6 1 8 7 11 8 3 0 4 9 6 4 9 2 5 1 4 7 9 6 8 7 4 11 7 1 9 10 9 5 7 10 3 6 11 1 1 4 2 5 11 2 11 8 4 9 6 8 5 9 3 1 11 7 0 7 1 3 3 7 6 4 9 3 10 9 11 1 1 3 
13 8 13 13 8 13 8 13 8 13 7 9 7 8 4 9 6 5 6 1 6 9 1 3 7 1 10 5 6 8 7 1 2 4 7 7 7 4 5 2 8 8 0 9 7 9 6 10 4 9 3 8 8 2 9 2 5 8 5 11 10 11 9 5 6 8 5 9 8 4 4 4 10 7 9 4 8 4 0 9 2 8 9 6 1 6 3 3 9 3 9 7 6 7 5 3 5 9 4 9 3 6 4 2 6 3 5 2 6 1 6 5 7 5 9 7 10 3 4 5 4 4 10 3 5 5 4 2 7 7 6 4 5 3 7 7 7 4 6 8 
5 11 5 5 11 5 11 5 11 5 8 4 3 9 8 7 7 6 8 8 9 3 10 9 5 7 8 12 8 0 3 8 6 5 7 1 1 12 4 8 1 5 9 7 7 1 5 1 8 7 7 2 9 9 0 7 9 3 4 10 1 2 2 9 6 2 12 3 4 11 4 10 4 2 3 6 9 9 9 0 6 7 1 8 8 8 5 6 1 5 1 2 5 7 4 8 7 0 8 7 7 7 11 7 8 8 10 6 11 9 9 7 9 5 10 2 8 8 4 7 6 7 2 6 9 4 8 10 8 1 2 5 9 11 6 2 8 8 10 10 
11 7 11 11 7 11 7 11 7 11 5 6 6 8 4 9 6 4 6 2 7 7 4 4 5 2 9 7 4 6 5 2 1 1 6 5 5 6 2 2 6 5 2 9 5 6 5 8 2 9 1 6 8 4 7 3 6 7 3 11 8 8 7 4 5 6 7 7 5 6 2 6 8 5 7 1 8 6 2 6 0 7 7 6 1 6 2 1 7 1 7 5 5 5 2 4 3 7 3 8 1 4 6 1 5 4 7 1 8 2 5 5 5 3 9 5 9 2 2 3 3 5 7 1 6 2 4 4 7 4 4 3 4 6 4 5 5 5 7 8 
12 15 12 12 15 12 15 12 15 12 13 11 4 1 4 1 1 3 2 6 2 4 8 5 11 6 2 7 12 7 4 6 6 7 0 7 8 7 6 10 8 11 7 2 12 9 2 8 10 1 9 9 1 6 8 5 3 4 5 3 8 10 10 12 2 9 6 5 11 6 6 5 5 6 10 9 1 4 8 7 7 0 7 2 8 2 5 9 6 7 6 6 2 12 8 4 10 8 11 1 9 11 7 9 12 4 4 6 5 9 13 2 13 9 2 9 2 10 5 11 4 3 10 9 3 8 3 7 0 6 5 4 12 7 11 8 12 3 4 2 
4 12 4 4 12 4 12 4 12 4 10 5 3 9 8 7 6 6 8 9 8 3 11 9 7 8 7 13 9 0 3 9 6 6 7 2 2 12 4 9 2 7 9 7 8 2 5 0 9 7 8 3 8 10 0 8 9 3 4 9 0 3 3 10 6 3 12 2 5 11 5 10 3 2 4 7 9 9 9 1 7 7 0 8 8 8 6 7 0 6 0 2 5 9 5 8 8 1 9 7 8 8 12 8 9 8 11 7 12 10 10 7 10 6 9 3 8 9 5 8 6 8 3 7 9 5 8 11 8 2 3 5 10 12 7 3 9 8 10 9 
13 13 13 13 13 13 13 13 13 13 12 11 4 2 1 3 1 2 0 4 0 5 5 3 10 4 4 5 11 7 4 4 4 6 1 7 7 5 5 8 9 11 5 4 11 9 2 8 9 4 8 9 2 3 8 3 1 5 4 5 9 10 10 10 1 9 4 6 10 4 5 3 6 6 10 8 2 2 6 8 6 2 8 0 6 0 4 7 7 6 7 6 3 11 7 2 9 8 10 3 8 10 5 7 11 2 2 5 3 7 11 0 12 8 3 8 4 9 4 9 2 1 10 8 1 7 1 5 1 6 5 3 10 5 10 8 11 1 2 2 
12 7 12 12 7 12 7 12 7 12 6 7 6 8 4 9 6 4 6 1 7 8 2 3 6 2 10 6 5 8 6 1 2 3 7 6 6 5 4 2 7 6 1 9 6 8 6 9 3 9 2 7 9 3 8 2 6 7 4 11 9 10 8 4 5 7 6 8 7 5 3 5 9 6 8 3 8 5 1 8 1 8 8 6 0 6 3 2 8 2 8 6 6 6 3 3 4 8 4 9 2 5 5 1 6 3 6 1 7 1 6 5 6 4 9 6 10 3 3 4 4 5 9 2 6 4 4 3 7 6 6 3 4 4 6 6 6 4 6 8 
13 13 13 13 13 13 13 13 13 13 12 11 5 2 1 4 2 2 0 4 0 6 5 3 11 4 4 5 11 8 5 4 4 6 2 7 8 4 5 8 9 11 5 4 11 10 3 9 9 4 8 10 2 3 9 3 1 5 4 6 9 11 10 10 2 9 4 6 11 3 6 2 7 6 11 8 2 1 6 8 6 2 8 0 6 0 4 7 8 6 7 6 3 11 7 2 9 9 10 4 8 10 4 7 11 2 2 5 3 7 12 1 12 8 3 9 4 9 5 9 3 1 11 8 1 7 1 5 1 7 6 4 10 5 11 9 11 1 2 2 
10 9 10 10 9 10 9 10 9 10 8 7 3 6 2 6 3 2 4 2 5 5 4 4 6 2 7 7 7 5 3 3 1 2 4 4 4 6 1 5 5 7 3 6 7 6 2 6 5 6 4 6 6 4 6 2 4 4 1 9 6 8 7 6 3 6 6 5 6 5 1 5 6 3 7 4 6 4 3 5 2 5 6 4 3 4 0 3 5 2 5 3 3 7 3 2 5 6 6 6 4 6 6 3 7 2 5 1 6 4 7 3 8 4 7 5 7 5 0 5 1 3 7 4 4 3 3 4 5 3 3 0 6 6 6 5 7 3 5 6 
11 5 11 11 5 11 5 11 5 11 4 5 6 10 6 10 7 5 7 3 8 8 5 6 3 3 10 8 3 6 6 4 3 2 8 5 5 8 3 2 6 4 4 10 3 6 6 8 1 10 1 5 10 6 7 4 8 7 4 12 8 8 7 3 6 5 9 8 5 8 2 7 9 5 6 0 10 7 3 6 1 9 7 7 2 7 3 0 7 1 7 5 7 3 2 5 1 7 2 10 0 3 7 1 3 5 8 2 9 3 4 6 4 2 10 5 11 1 3 1 5 6 7 0 8 2 6 5 9 5 5 4 2 7 3 5 4 6 8 10 
5 12 5 5 12 5 12 5 12 5 10 6 2 8 7 6 6 5 7 8 8 2 10 9 7 7 7 12 9 0 3 8 6 5 6 2 2 11 4 9 2 7 9 6 8 3 4 1 9 6 8 3 8 9 1 7 9 2 4 9 1 3 3 10 6 3 11 1 5 11 4 10 2 2 4 7 8 9 9 1 7 6 0 7 8 8 5 7 0 6 0 1 4 9 5 8 8 1 9 6 7 8 11 8 9 7 10 7 11 9 10 7 10 6 9 3 7 8 4 8 5 7 3 7 9 5 7 10 7 2 2 5 10 11 7 3 9 8 10 9 
10 7 10 10 7 10 7 10 7 10 5 5 5 8 5 8 6 4 6 3 7 6 5 5 4 3 9 8 4 5 5 3 1 0 6 4 4 7 2 3 5 4 4 9 4 5 5 7 3 9 2 5 9 5 6 3 7 6 3 11 6 7 6 4 5 5 8 6 4 7 1 7 7 4 6 1 9 6 3 5 1 7 6 6 2 6 2 1 6 0 6 4 5 4 1 4 2 6 3 8 1 4 7 1 5 4 7 2 8 3 5 5 5 2 9 4 9 2 2 3 3 5 6 1 7 1 5 5 7 3 4 2 4 7 4 4 5 5 8 9 
5 12 5 5 12 5 12 5 12 5 10 6 2 8 7 6 6 5 7 8 8 2 10 9 7 7 7 12 9 1 2 8 6 5 6 2 2 11 4 9 2 7 9 6 8 3 4 1 9 6 8 3 7 9 1 7 9 2 4 8 1 3 4 10 5 3 11 1 6 10 4 10 2 2 4 7 8 8 9 1 7 6 0 7 8 7 5 7 0 6 0 1 4 9 5 7 8 1 9 6 7 8 11 8 9 7 10 7 11 9 10 6 10 6 8 3 7 8 4 8 5 7 4 7 9 5 7 10 7 2 2 5 10 11 7 3 9 7 10 8 
7 11 7 7 11 7 11 7 11 7 8 5 1 7 5 6 5 4 6 6 6 2 8 7 6 5 6 10 8 1 1 6 4 3 5 1 2 10 2 7 2 6 7 6 7 3 3 3 7 6 6 3 7 7 2 6 7 2 2 8 3 4 4 8 4 3 10 2 5 9 3 8 3 0 4 5 7 7 7 2 5 6 2 6 6 6 3 5 1 4 1 0 3 7 3 6 6 2 8 5 6 7 9 6 8 6 8 5 9 7 8 5 9 4 8 3 7 7 2 7 4 5 4 5 7 3 6 8 6 0 0 3 8 9 6 3 8 6 8 8 
10 13 10 10 13 10 13 10 13 10 10 8 1 4 3 3 1 1 3 5 3 2 7 5 8 4 3 8 10 4 1 5 4 4 1 4 5 7 3 8 6 9 6 3 9 7 0 5 8 3 7 7 3 5 5 4 4 2 2 6 6 8 7 10 1 6 7 3 8 6 4 6 3 3 8 7 4 4 6 5 5 2 5 3 6 3 3 7 4 5 4 3 0 10 5 4 8 5 9 3 7 9 7 7 10 4 5 5 6 7 10 2 11 7 4 6 4 8 3 8 2 3 7 7 4 5 3 7 3 4 2 2 9 7 9 6 10 3 5 4 
10 3 10 10 3 10 3 10 3 10 1 4 9 13 9 13 11 9 11 7 12 10 8 10 1 7 14 12 1 8 9 7 6 5 11 6 6 11 6 4 6 2 7 13 0 6 9 9 3 13 3 5 13 9 8 8 11 10 7 16 8 8 6 2 10 5 13 10 3 11 5 11 11 7 5 3 13 11 7 7 5 12 9 11 6 11 7 3 9 4 9 7 10 0 4 9 2 7 2 13 3 0 11 4 0 9 12 6 13 6 1 10 1 3 14 5 14 3 7 2 8 10 6 3 11 4 10 9 12 7 7 7 2 11 1 5 0 10 12 14 
9 7 9 9 7 9 7 9 7 9 5 4 5 9 6 9 7 5 7 4 8 6 6 6 3 4 9 9 4 4 5 5 3 1 7 3 3 9 2 4 4 3 5 9 3 4 5 6 3 9 3 3 9 6 5 5 8 6 3 12 5 6 4 4 6 3 9 6 3 8 1 8 7 3 4 1 9 7 5 4 2 8 5 7 3 7 3 2 5 1 5 3 5 4 0 6 2 5 4 9 2 3 9 3 4 5 9 3 9 5 4 6 5 1 10 2 10 3 2 3 4 6 5 2 8 0 6 7 8 3 3 3 4 8 3 2 4 6 9 10 
13 11 13 13 11 13 11 13 11 13 9 10 5 5 0 6 3 2 2 2 3 7 3 1 9 1 6 4 8 8 5 2 2 4 3 7 7 3 4 5 8 9 3 6 9 9 3 9 7 6 6 8 5 1 8 1 2 6 3 8 9 10 10 8 2 8 4 7 9 3 4 2 7 6 10 6 5 1 3 8 4 4 8 2 3 2 2 5 8 4 7 6 4 9 6 0 7 8 7 6 6 8 3 5 9 0 3 2 3 4 9 2 10 7 5 8 6 6 3 7 2 1 10 5 2 5 0 2 4 6 5 2 8 3 9 8 9 1 3 5 
10 4 10 10 4 10 4 10 4 10 2 4 8 11 7 11 9 7 9 5 10 9 6 7 2 5 12 10 1 7 7 5 4 3 9 5 5 9 4 3 6 3 5 12 1 6 8 9 1 11 1 5 11 7 7 6 9 8 6 14 8 8 6 2 8 5 10 9 4 9 4 9 10 6 6 1 12 9 5 7 3 10 8 9 4 9 5 1 8 2 8 6 8 2 2 7 0 7 1 11 1 1 9 2 2 7 10 4 11 4 2 8 2 1 12 5 12 1 5 0 6 8 6 1 9 2 8 7 10 5 6 5 2 9 2 5 2 8 10 12 
4 11 4 4 11 4 11 4 11 4 9 4 4 9 8 8 7 6 8 8 9 4 10 9 6 8 8 13 8 0 4 8 6 5 7 1 1 12 4 9 1 5 9 8 7 1 5 1 8 8 8 2 9 10 0 8 10 4 4 10 0 2 2 9 7 2 12 3 4 11 4 11 4 2 2 6 10 10 9 0 7 8 1 8 8 9 6 7 1 6 1 2 5 7 5 8 7 0 8 8 7 7 12 7 8 8 11 7 12 9 9 8 9 5 10 2 8 8 5 7 6 8 2 7 10 4 8 10 8 2 3 5 9 12 6 2 8 9 11 10 
12 3 12 12 3 12 3 12 3 12 2 6 9 12 8 12 10 8 10 5 11 10 6 8 3 6 13 10 1 8 9 5 5 4 10 7 7 9 6 2 7 4 5 13 2 8 9 10 0 12 1 7 12 7 9 6 10 10 7 15 9 9 8 0 9 7 10 10 5 9 5 9 11 7 7 2 12 9 4 8 3 11 9 10 4 10 6 2 9 3 9 8 9 2 4 7 1 8 0 12 2 2 9 2 2 7 10 5 11 4 1 9 2 3 13 6 13 1 6 1 7 9 8 2 10 4 8 7 11 7 7 6 0 8 3 6 2 8 10 12 
11 15 11 11 15 11 15 11 15 11 13 11 4 2 5 0 2 4 3 8 3 4 9 6 11 7 0 9 13 7 4 8 7 8 2 7 8 8 6 11 8 12 9 0 12 9 3 7 11 0 10 9 1 7 7 6 5 3 5 3 8 10 10 13 3 9 7 4 11 7 7 6 4 6 10 10 2 5 9 7 8 1 7 3 9 4 6 10 6 8 6 5 3 13 9 6 11 8 12 0 10 12 8 9 13 5 6 7 7 10 13 3 14 10 2 9 1 11 6 11 4 4 10 10 5 8 5 8 2 6 5 5 12 9 12 9 13 5 6 3 
11 5 11 11 5 11 5 11 5 11 3 5 7 10 6 10 8 6 8 4 9 8 5 6 3 4 11 8 2 7 7 4 3 2 8 5 5 8 4 2 6 4 4 11 3 6 7 8 1 10 0 5 10 6 7 4 8 8 5 13 8 8 7 2 7 5 9 8 5 8 3 8 9 5 6 0 10 7 3 7 1 9 8 8 2 8 4 0 7 1 7 6 7 3 2 6 1 7 2 10 0 2 8 1 3 5 9 3 9 3 3 7 3 2 11 5 11 1 4 1 5 7 7 0 8 2 6 5 9 5 5 4 2 7 3 5 3 7 9 10 
10 4 10 10 4 10 4 10 4 10 1 3 8 12 9 12 10 8 10 6 11 9 8 9 1 7 13 11 1 7 8 7 5 4 10 5 5 11 5 4 6 2 7 12 0 6 8 9 2 12 3 5 12 9 7 7 11 9 6 15 8 7 6 2 9 5 12 9 3 11 4 10 10 6 5 2 13 10 6 7 4 11 8 10 5 10 6 3 8 4 8 7 9 0 3 8 1 7 2 12 2 0 11 3 1 8 11 5 12 5 1 9 2 2 13 4 13 2 6 1 7 9 6 2 11 3 9 8 11 6 7 6 2 10 1 4 1 9 11 13 
17 12 17 17 12 17 12 17 12 17 11 13 9 6 4 8 6 6 4 4 5 10 3 2 11 4 9 0 10 11 8 3 5 7 6 10 11 0 8 7 12 12 3 9 11 12 7 13 8 9 7 12 7 2 12 3 3 9 7 10 13 14 13 9 6 12 1 10 12 1 7 1 11 9 13 8 6 3 4 11 6 7 12 5 5 4 6 7 11 7 11 9 7 11 9 3 9 12 9 8 8 11 0 7 11 3 2 5 2 5 11 5 11 9 7 11 9 8 7 9 5 4 13 8 3 9 4 2 6 9 9 6 9 0 11 11 11 3 2 6 
12 6 12 12 6 12 6 12 6 12 4 6 7 9 5 10 7 5 7 2 8 8 4 5 5 3 10 7 4 7 6 3 2 2 8 5 6 7 4 1 7 5 3 10 4 7 6 9 2 10 0 6 10 5 8 3 7 8 4 12 8 9 7 3 6 6 8 8 6 7 3 7 9 6 7 1 9 6 2 7 1 9 8 7 1 7 3 1 8 1 8 6 7 4 3 5 2 7 2 9 1 3 7 0 4 4 8 2 8 2 4 6 4 3 10 5 10 1 4 2 4 6 8 1 7 3 5 4 8 5 6 4 3 6 4 5 4 6 8 9 
11 2 11 11 2 11 2 11 2 11 0 4 10 13 9 13 11 9 11 7 12 11 8 9 2 7 14 12 0 8 9 7 6 5 11 7 7 11 6 4 7 3 7 14 1 7 10 10 2 13 3 6 14 9 9 8 11 10 8 16 9 9 7 2 10 6 12 10 4 11 6 11 12 8 6 3 14 11 6 8 5 12 9 11 6 11 7 3 9 5 9 8 10 0 4 9 2 8 2 13 3 1 11 4 0 9 12 6 13 6 0 10 0 3 14 6 14 2 7 1 8 10 7 3 11 4 10 9 12 7 8 7 2 10 2 6 0 10 12 14 
13 11 13 13 11 13 11 13 11 13 9 9 5 5 0 6 3 2 2 2 3 6 3 1 9 1 6 4 8 7 5 2 2 4 3 6 7 4 4 5 8 9 3 6 9 9 3 9 7 6 5 8 5 1 8 1 2 6 3 8 9 10 9 8 2 8 4 7 9 3 4 2 7 5 9 6 5 1 3 8 4 4 8 2 3 2 2 5 7 4 7 6 4 9 5 0 7 8 7 5 5 8 3 4 9 0 3 2 4 4 9 2 9 6 5 7 6 6 3 7 2 1 10 5 2 5 0 3 4 6 5 2 8 3 8 7 9 1 3 5 
15 14 15 15 14 15 14 15 14 15 12 13 7 4 2 6 4 4 2 5 2 8 5 2 12 4 6 3 12 10 7 4 6 7 4 9 10 2 7 8 11 12 5 6 12 12 5 11 9 6 8 11 4 2 11 4 1 8 6 7 11 13 12 11 4 11 1 9 12 1 7 1 9 8 13 9 3 1 5 10 7 4 11 2 6 2 5 8 10 7 10 8 5 12 9 3 10 11 10 6 9 11 2 8 12 3 0 6 0 6 12 3 12 10 4 10 6 9 6 10 4 2 13 9 1 9 2 4 3 9 8 5 10 3 12 10 12 2 0 3 
11 8 11 11 8 11 8 11 8 11 6 7 5 7 3 8 5 3 5 1 6 7 3 3 6 1 8 6 6 6 5 1 0 2 5 5 5 5 2 3 6 6 2 8 6 7 4 8 4 8 3 6 7 3 7 1 5 6 3 10 8 9 8 5 4 6 6 7 6 5 2 5 8 4 7 3 7 4 2 6 1 6 7 5 1 5 1 2 7 2 7 5 5 6 3 2 4 7 5 7 3 5 5 2 6 2 6 0 6 2 6 4 7 4 8 5 8 3 2 4 2 3 8 2 5 3 3 3 6 4 4 2 5 5 6 5 6 3 6 7 
16 14 16 16 14 16 14 16 14 16 13 13 8 4 3 7 5 5 3 5 3 9 5 3 13 5 7 2 12 11 8 5 6 8 5 10 11 2 8 8 12 13 5 7 13 13 6 12 10 7 9 12 5 3 12 4 2 9 7 8 12 14 13 11 5 12 1 10 13 1 8 1 10 9 13 9 4 2 6 11 8 5 12 3 7 3 6 9 11 8 11 9 6 13 9 3 11 12 11 7 9 12 2 8 13 4 0 6 0 7 13 4 13 10 5 11 7 10 7 11 5 3 14 9 2 9 3 4 4 10 9 6 11 3 12 11 13 3 1 4 
14 7 14 14 7 14 7 14 7 14 6 8 8 9 5 10 7 6 7 2 7 9 2 4 7 2 11 5 5 9 8 2 3 4 8 7 8 5 5 1 9 7 1 10 6 9 7 11 3 10 2 8 9 3 10 3 6 9 5 12 10 11 10 4 6 8 6 9 8 5 4 5 10 7 9 3 9 5 1 9 2 9 10 7 1 7 4 3 9 3 9 7 7 6 5 4 4 9 4 10 3 5 5 2 6 4 6 2 7 0 6 6 6 5 10 7 11 3 5 4 5 5 10 3 6 5 5 2 8 7 7 5 4 4 6 7 6 5 7 9 
12 2 12 12 2 12 2 12 2 12 0 5 10 14 10 14 11 9 11 7 12 11 8 10 3 7 14 12 0 9 10 7 7 5 12 7 7 11 7 4 7 3 7 14 1 7 10 10 2 14 3 7 14 9 9 8 12 11 8 16 10 9 7 2 10 7 12 11 5 11 6 11 12 8 7 3 14 11 6 9 5 13 10 11 6 12 7 4 10 5 10 8 10 1 4 9 2 9 1 13 3 1 11 4 0 9 12 6 13 6 0 11 0 3 14 6 14 3 7 2 9 10 8 3 12 5 10 9 13 8 8 8 2 10 2 6 1 10 12 14 
12 12 12 12 12 12 12 12 12 12 11 10 4 3 1 4 1 1 0 4 1 5 5 3 9 3 4 5 10 7 4 4 3 5 1 6 7 5 4 7 8 10 5 4 10 9 2 8 8 4 7 8 3 3 7 3 2 4 3 6 8 10 9 9 1 8 4 5 9 4 5 3 6 5 9 7 3 2 5 7 5 2 7 0 5 1 3 6 7 5 6 5 2 10 6 2 8 8 9 3 7 9 5 6 10 2 3 4 4 6 11 0 11 7 3 7 4 8 3 8 1 0 9 7 2 6 1 5 2 5 4 3 9 5 9 7 10 1 3 3 
12 2 12 12 2 12 2 12 2 12 0 5 10 14 10 14 12 10 12 7 13 11 8 10 3 8 15 12 1 9 10 8 7 6 12 8 8 11 7 4 8 3 7 14 1 8 10 11 3 14 3 7 14 10 9 8 12 11 8 17 10 9 8 2 11 7 13 11 5 12 6 11 12 8 7 3 14 11 7 9 5 13 10 12 6 12 8 4 10 5 10 9 11 1 5 10 2 9 2 14 3 2 11 4 0 9 12 7 13 6 0 11 0 4 15 6 15 3 8 2 9 11 8 4 12 5 10 9 13 8 9 8 2 11 3 7 1 11 13 14 
9 6 9 9 6 9 6 9 6 9 3 3 6 10 7 10 8 6 8 5 9 7 7 7 2 5 11 10 3 5 6 5 4 2 8 3 3 9 3 4 4 2 6 10 2 4 6 7 3 10 2 3 10 7 5 6 9 7 4 13 6 6 5 4 7 3 10 7 2 9 2 9 8 4 4 1 11 8 5 5 3 9 6 8 4 8 4 2 6 2 6 4 7 3 1 7 1 5 3 10 2 2 9 3 3 6 10 4 10 5 3 7 4 0 11 3 11 3 4 2 5 7 5 1 9 1 7 7 9 4 4 4 3 9 2 3 3 7 10 11 
14 16 14 14 16 14 16 14 16 14 15 13 6 0 5 2 3 5 3 8 2 6 9 6 13 7 2 7 14 9 6 8 7 9 2 9 10 7 8 11 11 13 8 3 14 11 5 10 12 2 11 11 0 6 10 6 4 6 7 2 10 12 12 13 4 11 6 7 13 6 8 5 6 8 12 11 0 4 9 10 9 2 9 3 9 3 7 10 9 9 8 8 4 14 10 5 12 10 13 2 11 13 7 10 14 5 4 8 5 10 14 3 15 11 0 11 2 12 7 12 5 4 12 11 4 10 4 8 1 8 7 6 13 8 13 11 14 4 4 1 
6 9 6 6 9 6 9 6 9 6 6 2 5 10 8 9 7 6 8 7 9 5 9 9 3 6 9 12 5 2 4 7 5 3 8 1 1 11 3 7 1 3 8 9 5 1 6 4 6 9 5 0 10 9 2 7 9 5 4 12 3 3 2 7 7 0 12 5 2 11 3 10 6 2 2 4 10 9 7 2 5 9 3 8 6 9 5 5 3 4 3 3 6 5 2 8 5 2 6 9 5 4 11 5 6 7 10 5 11 7 6 7 6 3 11 0 10 6 4 5 6 8 2 4 9 2 8 9 9 2 3 5 7 11 4 0 5 8 10 10 
12 17 12 12 17 12 17 12 17 12 15 12 5 2 6 0 3 5 4 8 3 4 10 7 13 8 0 9 14 8 5 8 8 9 2 8 9 9 7 12 9 13 9 0 13 10 4 8 12 0 11 10 1 8 8 7 5 4 6 1 8 11 11 14 4 10 8 5 12 8 8 7 4 7 11 11 2 6 10 8 9 2 8 4 10 4 7 11 7 9 7 7 4 14 10 6 12 8 13 1 11 13 9 10 14 6 6 8 7 11 14 4 15 11 2 10 0 12 7 12 5 5 11 11 5 9 5 9 2 7 6 6 13 9 13 10 14 5 6 3 
12 4 12 12 4 12 4 12 4 12 3 6 8 11 7 11 9 7 9 4 9 9 5 7 4 4 12 9 2 8 8 4 4 3 9 6 6 8 5 1 7 4 4 11 3 7 8 9 0 11 0 6 11 6 8 5 9 9 6 14 9 9 8 1 8 6 9 9 5 8 4 8 10 6 7 1 11 8 3 8 2 10 9 9 3 9 5 1 8 2 8 7 8 3 3 6 1 8 1 11 1 2 8 1 2 6 9 3 10 3 3 8 3 3 12 6 12 0 5 1 6 7 8 1 9 3 7 6 10 6 7 5 1 7 3 6 3 7 9 11 
9 9 9 9 9 9 9 9 9 9 7 6 3 6 3 6 4 2 4 3 5 4 5 5 6 3 7 8 6 4 2 4 1 1 4 3 3 7 0 5 4 6 4 6 6 5 2 5 5 6 4 5 6 5 5 3 5 4 0 9 5 7 6 7 3 5 7 4 5 6 1 6 5 2 6 4 7 5 4 4 2 5 5 4 3 5 0 3 4 2 4 2 3 7 2 3 5 5 6 6 4 6 7 4 7 3 6 2 7 5 7 3 8 4 7 4 7 5 0 5 2 3 6 3 5 2 4 5 5 2 2 0 6 7 6 4 7 4 6 7 
11 4 11 11 4 11 4 11 4 11 2 5 8 12 8 12 9 7 9 5 10 9 6 8 2 5 12 10 1 7 8 5 4 3 10 6 6 9 5 2 6 3 5 12 2 6 8 9 1 12 1 5 12 7 8 6 10 9 6 14 8 8 7 1 8 6 10 9 4 9 4 9 10 6 6 1 12 9 5 7 3 11 8 9 4 9 5 1 8 3 8 7 8 2 3 7 0 7 1 11 1 1 9 2 1 7 10 4 11 4 2 8 2 2 12 5 12 1 5 0 7 8 7 1 9 3 8 7 11 6 6 6 1 8 2 5 2 8 10 12 
11 11 11 11 11 11 11 11 11 11 9 8 3 5 1 5 2 0 2 3 3 4 5 3 7 2 5 6 8 5 3 3 2 3 3 5 5 6 2 6 6 8 4 5 8 7 1 7 6 5 5 7 5 3 6 2 3 4 1 7 7 8 8 8 1 6 6 5 8 5 3 4 5 3 8 5 5 3 4 6 3 4 6 2 4 3 1 5 5 3 5 4 2 8 4 2 6 6 7 4 5 7 5 4 8 2 4 2 5 5 9 1 9 5 5 6 5 6 2 7 0 1 8 5 3 4 2 4 4 4 3 1 8 5 8 6 8 2 4 5 
13 12 13 13 12 13 12 13 12 13 10 10 4 3 0 4 2 1 1 3 2 6 4 2 9 3 5 5 9 7 4 3 3 5 2 6 7 4 4 7 8 10 4 5 10 9 2 8 8 5 7 9 3 2 8 2 1 5 3 6 8 10 9 9 1 8 4 6 9 3 5 2 6 5 10 7 3 1 4 7 5 3 8 1 5 1 3 6 7 5 7 5 3 10 6 1 8 8 9 4 7 9 4 6 10 1 2 3 3 5 10 0 11 7 4 8 5 7 3 8 1 0 10 6 1 6 0 4 2 6 5 3 9 4 9 8 10 0 2 3 
4 10 4 4 10 4 10 4 10 4 7 2 6 12 10 10 9 8 10 9 11 6 11 11 4 9 11 14 7 3 6 10 7 6 9 3 2 13 5 9 1 4 10 10 6 0 7 3 8 10 8 1 11 11 2 9 12 6 6 13 2 1 0 9 9 1 14 5 3 13 5 12 6 4 0 6 12 11 10 2 7 10 3 10 9 11 7 7 3 6 4 4 7 6 5 10 6 2 8 10 7 6 13 8 7 10 13 8 14 10 8 9 8 5 12 2 11 8 6 7 8 10 0 7 12 5 10 11 11 4 4 7 8 13 5 2 7 10 13 12 
11 5 11 11 5 11 5 11 5 11 4 5 6 10 6 10 7 6 8 4 8 8 5 6 3 4 11 9 3 6 6 4 3 2 8 5 5 8 3 2 6 4 4 10 3 6 6 8 1 10 1 5 10 6 7 4 8 7 4 13 8 8 6 3 7 5 9 8 4 8 2 8 9 5 6 0 10 7 3 6 1 9 7 8 2 8 4 0 7 1 7 5 7 3 2 5 1 7 2 10 0 2 8 1 3 5 9 2 9 3 3 7 4 1 11 4 11 1 3 1 5 6 7 0 8 2 6 5 9 5 5 4 2 7 3 4 3 6 9 10 
14 13 14 14 13 14 13 14 13 14 12 12 6 3 2 5 3 3 1 4 1 7 5 2 11 4 5 3 11 9 6 4 5 6 3 8 9 3 6 8 10 11 5 5 11 11 4 10 9 5 8 10 3 2 10 3 0 7 5 6 10 12 11 10 3 10 2 8 11 2 6 1 8 7 12 8 3 0 5 9 6 3 9 1 6 1 4 8 9 7 9 7 4 11 8 2 9 10 10 5 8 11 3 7 11 2 1 5 2 6 12 2 12 9 4 9 5 9 5 9 3 1 12 8 0 8 1 4 3 8 7 4 10 4 11 9 12 1 1 3 
9 7 9 9 7 9 7 9 7 9 5 4 5 9 6 9 6 5 7 4 8 6 6 6 3 4 9 9 4 4 5 5 3 1 7 3 3 9 2 4 3 3 5 9 4 4 5 6 3 9 3 3 9 6 5 5 8 6 3 11 5 6 4 4 6 3 9 6 3 8 1 8 7 3 4 2 9 7 5 4 2 8 5 7 4 7 3 2 5 1 5 3 5 4 0 5 2 4 4 8 2 3 9 3 4 5 9 3 9 5 5 6 5 1 10 2 9 3 2 3 4 6 5 2 8 0 6 7 8 3 3 3 4 8 3 2 4 6 9 9 
13 12 13 13 12 13 12 13 12 13 10 10 5 4 0 5 2 2 1 3 2 6 4 1 9 2 5 4 9 7 4 3 3 5 3 7 7 4 4 6 8 10 4 5 9 9 3 9 7 5 6 9 4 2 8 2 1 5 3 7 9 10 10 9 2 9 4 6 9 3 5 2 7 5 10 6 4 1 4 8 4 3 8 1 4 1 3 6 7 5 7 6 3 10 6 0 8 8 8 5 6 9 4 5 10 0 2 3 3 5 10 1 10 7 4 8 5 7 4 8 2 0 10 6 1 6 0 3 3 6 5 3 8 4 9 8 10 0 2 4 
15 10 15 15 10 15 10 15 10 15 9 11 8 7 3 9 6 5 5 2 5 9 0 2 9 2 9 3 8 10 8 1 4 5 6 9 9 2 6 4 10 10 1 9 9 11 6 11 6 9 5 10 8 1 11 2 4 9 6 11 11 12 11 7 5 10 3 10 10 2 6 3 10 8 11 6 7 3 2 10 4 7 11 5 3 5 4 5 10 5 10 8 7 9 7 2 7 10 7 8 5 8 2 4 9 3 4 3 4 2 9 5 9 7 8 9 9 6 5 7 4 4 11 5 4 7 3 0 7 8 8 5 7 1 9 9 9 3 4 7 
13 15 13 13 15 13 15 13 15 13 13 11 4 1 3 2 1 3 1 6 1 5 7 5 11 5 2 7 12 8 4 6 6 7 1 8 8 6 6 9 9 12 7 2 12 10 3 8 10 2 9 10 1 5 8 5 3 5 5 4 9 11 10 12 2 10 5 6 11 5 7 4 5 6 11 9 1 3 7 8 7 0 8 1 7 1 5 9 7 7 7 6 3 12 8 4 10 8 11 2 9 11 6 8 12 4 3 6 4 8 13 2 13 9 1 9 2 10 5 11 4 2 11 9 3 8 3 7 0 7 6 4 11 7 11 9 12 3 3 1 
7 10 7 7 10 7 10 7 10 7 8 4 2 8 6 7 5 4 6 6 7 3 8 7 5 5 7 10 7 1 2 6 4 3 5 0 1 10 2 7 2 5 7 7 6 3 3 3 6 7 6 3 7 7 2 5 8 3 2 9 3 4 3 8 5 2 10 3 4 9 2 8 4 0 4 5 8 7 7 1 4 6 2 6 6 7 3 5 2 3 2 0 4 7 3 6 5 2 7 6 5 6 9 5 7 6 9 4 10 7 8 5 8 4 8 2 7 6 2 6 4 6 4 5 8 3 6 8 7 0 1 3 7 9 5 2 7 6 9 8 
7 11 7 7 11 7 11 7 11 7 8 5 1 7 5 6 4 3 5 6 6 2 8 6 6 5 6 10 7 2 1 6 4 3 4 1 2 9 2 7 3 6 7 6 7 4 2 3 7 6 6 4 6 7 3 5 7 2 1 8 3 5 4 8 4 3 9 2 5 8 2 8 3 0 5 5 7 6 6 2 4 5 3 5 6 6 3 5 2 4 2 0 2 7 3 5 6 3 7 5 5 7 9 6 8 5 8 4 9 7 8 4 9 4 7 3 6 7 2 6 3 5 4 5 7 3 5 8 6 1 0 2 8 9 6 3 8 5 8 7 
10 10 10 10 10 10 10 10 10 10 8 7 3 6 2 6 3 1 3 3 4 4 5 4 6 2 6 7 7 5 2 3 1 2 3 4 4 6 1 5 5 7 4 6 7 6 2 6 6 6 5 6 6 4 5 2 4 4 0 8 6 7 7 7 2 5 7 4 6 6 2 5 5 3 7 4 6 4 4 5 3 4 5 3 3 4 0 4 5 2 5 3 2 7 3 2 5 5 6 5 4 6 6 4 7 2 5 2 6 5 8 3 8 4 6 5 6 5 0 6 1 3 7 4 4 3 3 5 4 3 2 0 7 6 6 5 8 3 5 6 
12 3 12 12 3 12 3 12 3 12 2 6 9 12 8 13 10 8 10 5 11 11 6 8 4 6 13 10 1 9 9 6 5 5 11 7 7 9 6 2 8 4 5 13 3 8 9 11 1 13 2 7 13 8 9 6 10 10 7 15 10 10 8 0 9 7 11 10 6 9 5 9 12 8 8 2 13 9 5 9 4 12 10 10 4 10 6 2 10 4 10 8 9 2 4 8 2 9 0 12 2 2 9 3 2 8 10 5 11 4 2 9 2 3 13 7 13 1 6 1 8 9 8 2 10 4 8 7 11 7 8 7 0 8 3 7 2 9 11 13 
16 11 16 16 11 16 11 16 11 16 11 12 9 7 4 9 6 6 5 3 5 10 2 2 11 4 9 1 10 11 9 3 5 7 7 10 10 0 7 6 11 11 3 9 10 12 7 13 8 9 7 12 8 2 12 3 4 10 7 11 13 14 13 8 6 12 2 11 12 1 7 2 11 9 13 8 7 3 3 11 6 7 12 5 4 5 6 7 11 7 11 9 7 11 8 3 9 12 8 9 7 10 0 6 10 3 3 5 3 4 10 5 11 9 8 11 9 7 7 8 5 4 13 7 4 8 4 1 7 9 9 6 8 0 11 11 11 4 3 7 
9 5 9 9 5 9 5 9 5 9 2 2 8 12 9 12 10 8 10 7 11 9 8 9 0 7 13 12 2 6 8 7 6 4 10 5 5 11 5 5 5 0 7 12 1 5 8 8 3 12 4 4 12 9 6 8 11 9 6 15 7 6 5 4 9 4 12 8 2 11 4 11 10 6 4 3 13 10 7 6 4 11 7 10 6 11 6 3 7 4 7 6 9 1 3 9 2 6 3 12 3 1 11 4 2 8 12 6 12 6 2 9 3 2 13 4 13 3 6 2 8 9 5 3 11 3 9 9 11 5 6 6 3 11 0 4 1 10 12 13 
6 9 6 6 9 6 9 6 9 6 6 2 5 10 8 9 7 6 8 7 9 5 9 9 3 6 9 12 5 2 4 7 5 3 8 1 1 11 3 7 1 3 8 9 5 1 6 4 6 9 6 0 10 9 2 7 9 5 4 11 3 3 2 7 7 0 12 5 2 11 3 10 6 2 2 4 10 9 7 2 5 8 3 8 6 9 5 5 3 4 3 3 6 5 2 8 5 2 6 9 5 4 11 5 6 7 10 5 11 7 6 7 7 3 11 0 10 6 4 5 6 8 2 4 9 2 8 9 9 2 3 5 7 11 4 0 5 8 10 10 
10 3 10 10 3 10 3 10 3 10 0 4 9 13 10 13 11 9 11 7 12 10 8 10 2 7 14 12 0 8 9 8 6 5 11 6 6 11 6 4 6 2 7 13 0 6 10 9 3 13 3 6 14 10 8 8 12 10 7 16 9 8 6 2 10 6 13 10 3 12 6 11 11 7 6 3 14 11 7 8 5 12 9 11 6 11 7 4 9 5 9 8 10 0 4 9 2 8 2 13 3 1 11 4 0 9 12 6 13 6 1 10 1 3 14 5 14 3 7 2 8 10 7 3 12 4 10 9 12 7 8 8 2 11 1 5 0 10 12 14 
13 12 13 13 12 13 12 13 12 13 10 10 5 3 0 5 2 2 1 3 2 6 4 1 10 2 5 4 10 8 5 3 3 5 3 7 8 3 5 6 9 10 4 5 10 9 3 9 8 5 7 9 4 2 9 2 1 6 4 7 9 11 10 9 2 9 3 7 10 2 5 2 7 6 10 7 3 1 4 8 5 3 8 1 4 1 3 6 8 5 7 6 3 10 6 1 8 9 8 5 7 9 3 6 10 1 2 3 3 5 10 1 11 7 4 8 5 7 4 8 2 0 10 6 1 6 0 3 3 6 5 3 9 4 10 8 10 0 2 3 
15 14 15 15 14 15 14 15 14 15 13 13 7 3 2 6 4 4 2 5 2 8 5 2 12 4 6 3 12 10 7 4 6 7 4 9 10 3 7 8 11 12 5 6 12 12 5 11 10 6 9 11 4 3 11 4 1 8 6 7 11 13 12 11 4 11 1 9 12 1 7 1 9 8 13 9 3 1 6 10 7 4 10 2 6 2 5 8 10 8 10 8 5 12 9 3 10 11 10 6 9 11 2 8 12 3 0 6 1 7 12 3 13 10 4 10 6 9 6 10 4 2 13 9 1 9 2 4 3 9 8 5 11 3 12 10 12 2 0 3 
14 16 14 14 16 14 16 14 16 14 14 13 6 0 4 3 3 4 2 7 1 7 8 5 13 6 3 6 13 9 6 7 7 8 2 9 10 6 7 10 11 13 8 3 13 11 4 10 11 3 10 11 1 5 10 6 3 6 6 4 10 12 12 13 3 11 5 7 13 5 8 4 7 8 12 10 0 3 8 10 8 2 9 2 8 2 6 10 9 9 8 8 4 14 10 5 12 10 12 3 10 13 6 9 14 5 3 7 4 9 14 3 14 11 1 10 3 11 7 12 5 3 12 10 3 9 4 7 1 8 7 6 13 7 13 10 14 3 3 0 
