130 5399.73 0 1680 14 120
82.36 45.86 2.51 30.85 59.23 2.31 38.44 63.88 94.14 48.81 3.46 27.19 5.11 15.48 25.24 3.22 17.57 92.06 62.53 59.84 32.0 93.93 93.54 5.42 51.89 64.72 51.74 50.15 42.39 36.0 41.76 68.64 31.58 7.82 80.09 40.57 72.92 95.59 8.89 36.32 92.89 38.32 41.98 29.72 35.45 36.71 50.83 62.45 31.6 56.88 82.33 37.0 69.58 81.12 25.47 61.66 26.09 95.69 17.83 47.66 87.42 36.86 2.14 96.12 15.44 2.56 7.38 62.78 85.31 96.5 3.03 45.92 23.58 79.71 76.53 65.44 90.43 30.51 13.0 53.99 80.8 9.04 3.25 58.34 81.01 62.14 81.58 93.88 2.5 50.16 81.27 37.22 6.68 29.44 28.85 60.9 93.06 29.64 68.6 61.82 9.63 84.8 48.25 6.63 61.23 52.7 98.61 90.76 40.47 72.19 83.32 52.08 61.04 79.21 70.81 86.04 16.6 30.91 37.79 24.02 63.96 42.45 64.33 63.68 24.71 49.29 8.83 71.29 62.73 75.77 
43.98 18.13 65.29 27.63 83.74 29.49 45.71 82.86 57.83 44.82 80.59 79.82 42.35 89.55 80.05 20.46 73.85 12.59 15.24 48.24 24.39 53.81 71.91 29.71 51.14 34.25 16.67 61.81 51.16 49.74 21.19 37.03 60.93 21.27 89.25 49.37 31.06 83.8 43.9 50.29 47.86 25.19 29.8 10.66 29.72 85.13 41.05 16.14 41.46 34.84 78.86 29.43 65.94 71.51 40.86 33.56 73.49 46.58 80.14 50.11 32.52 78.11 20.96 44.53 74.23 26.35 18.55 69.71 36.68 26.27 37.11 32.2 70.77 30.73 49.25 64.76 75.77 23.6 60.96 61.43 44.92 40.42 51.76 35.32 37.92 24.13 72.93 58.14 31.06 10.28 11.19 33.56 65.08 76.25 64.51 27.98 47.14 12.59 69.87 36.49 16.87 33.03 82.59 61.4 74.74 19.01 57.41 58.51 30.51 30.82 48.92 89.7 57.93 44.03 72.29 77.39 63.51 86.83 54.74 74.13 32.68 22.55 41.17 74.1 18.07 15.38 22.98 52.94 62.33 83.16 
8 5 1 3 6 1 4 6 9 5 1 3 1 2 3 1 2 9 6 6 3 9 9 1 5 6 5 5 4 4 4 7 3 1 8 4 7 9 1 4 9 4 4 3 4 4 5 6 3 6 8 4 7 8 3 6 3 9 2 5 8 4 1 9 2 1 1 6 8 9 1 5 3 8 7 6 9 3 2 5 8 1 1 6 8 6 8 9 1 5 8 4 1 3 3 6 9 3 7 6 1 8 5 1 6 5 9 9 4 7 8 5 6 8 7 8 2 3 4 3 6 4 6 6 3 5 1 7 6 7 
1 2 3 4 5 6 7 8 9 10 11 12 13 14 15 16 17 18 19 20 21 22 23 24 25 26 27 28 29 30 31 32 33 34 35 36 37 38 39 40 41 42 43 44 45 46 47 48 49 50 51 52 53 54 55 56 57 58 59 60 61 62 63 64 65 66 67 68 69 70 71 72 73 74 75 76 77 78 79 80 81 82 83 84 85 86 87 88 89 90 91 92 93 94 95 96 97 98 99 100 101 102 103 104 105 106 107 108 109 110 111 112 113 114 115 116 117 118 119 120 121 122 123 124 125 126 127 128 129 130 
2 2 1 1 3 1 1 3 2 2 1 1 1 2 1 1 2 2 3 3 1 2 2 1 2 3 2 2 1 1 1 1 1 1 2 1 1 2 1 1 2 1 1 1 1 1 2 3 1 3 2 1 1 2 1 3 1 2 2 2 2 1 1 2 2 1 1 3 2 2 1 2 1 2 1 3 2 1 2 2 2 1 1 3 2 3 2 2 1 2 2 1 1 1 1 3 2 1 1 3 1 2 2 1 3 2 2 2 1 1 2 2 3 2 1 2 2 1 1 1 3 1 3 3 1 2 1 1 3 1 
2 1 1 1 3 1 2 3 2 1 1 1 1 1 1 1 1 2 3 3 1 2 2 1 1 3 1 1 2 2 2 3 1 1 2 2 3 2 1 2 2 2 2 1 2 2 1 3 1 3 2 2 3 2 1 3 1 2 1 1 2 2 1 2 1 1 1 3 2 2 1 1 1 2 3 3 2 1 1 1 2 1 1 3 2 3 2 2 1 1 2 2 1 1 1 3 2 1 3 3 1 2 1 1 3 1 2 2 2 3 2 1 3 2 3 2 1 1 2 1 3 2 3 3 1 1 1 3 3 3 
3 10 10 4 9 2 9 9 4 8 1 10 4 6 7 9 6 2 4 3 6 9 7 8 1 4 3 5 9 9 6 3 5 5 1 2 10 5 3 10 5 1 2 6 6 4 7 6 10 7 2 4 7 4 7 4 3 3 1 8 4 5 2 6 8 8 8 1 4 7 1 3 8 5 4 8 3 9 10 8 7 7 5 5 5 2 3 5 9 8 9 9 9 4 3 1 6 8 6 7 3 6 3 10 4 5 1 1 1 3 2 3 5 1 9 1 7 6 2 7 5 4 8 7 9 1 2 9 4 2 
4368.92 3875.86 3840.19 4429.58 3586.33 3746.16 3502.98 3396.35 3540.21 3292.19 3438.47 3795.53 3617.63 3438.25 4000.43 3640.31 3425.56 3750.55 4452.35 4368.75 3686.07 3449.21 3607.28 3475.46 3458.53 4480.59 4368.35 4389.82 3487.03 3432.72 3768.32 4368.93 4029.76 3684.37 3453.46 3701.04 4534.05 3938.78 4368.65 4018.44 4773.18 3391.78 3757.08 3492.95 3293.82 4772.26 3923.49 3397.59 4378.96 3902.73 3752.8 3914.34 4219.5 3957.75 3785.39 3598.74 4368.76 4368.81 3422.58 3562.68 4705.59 4831.85 3656.81 3661.24 3679.24 3550.29 3557.38 3455.7 4300.39 3996.87 3393.2 4368.73 3737.62 3990.23 3438.88 3684.3 4368.93 3683.69 3900.3 3434.79 3836.21 4364.47 4236.46 4638.2 4283.58 3762.22 4368.32 3746.71 3472.4 3475.85 3399.44 3640.42 3621.35 4884.55 4368.69 3476.5 3559.22 3350.85 3713.31 3572.34 4368.51 3408.33 4368.72 4419.8 4215.89 4872.84 3435.29 3431.58 3410.96 4368.75 3702.71 4368.32 3815.82 3405.71 3435.85 3475.0 4256.46 3652.11 3761.53 4336.33 4074.31 4173.41 3268.38 3887.53 3464.24 3440.28 3690.86 3467.31 4554.46 3753.0 
0.48 0.54 0.54 0.46 0.36 0.38 0.3 0.61 0.55 0.65 0.89 0.57 0.5 0.45 0.39 0.33 0.48 0.41 0.48 0.37 0.59 0.53 0.35 0.59 0.69 0.46 0.52 0.43 0.29 0.54 0.59 0.23 0.41 0.41 0.69 0.47 0.57 0.46 0.54 0.55 0.47 0.6 0.4 0.5 0.45 0.42 0.23 0.58 0.58 0.53 0.58 0.5 0.52 0.52 0.41 0.46 0.75 0.49 0.68 0.93 0.54 0.45 0.49 0.54 0.95 0.77 0.56 0.88 0.53 0.5 0.8 0.4 0.86 0.44 0.48 0.63 0.57 0.48 0.58 0.66 0.11 0.46 0.39 0.44 0.44 0.58 0.55 0.47 0.5 0.85 0.36 0.43 0.53 0.45 0.8 0.81 0.57 0.84 0.42 0.5 0.43 0.54 0.48 0.55 0.45 0.43 0.98 0.57 0.8 0.62 0.47 0.49 0.44 0.77 0.35 0.63 0.28 0.56 0.45 0.38 0.47 0.49 0.73 0.41 0.54 0.89 0.39 0.58 0.45 0.59 
0.61 1.0 1.0 1.0 0.54 0.94 0.57 0.72 1.0 0.72 0.51 1.0 0.87 0.96 0.72 0.94 0.8 0.94 0.66 0.56 0.69 0.72 0.96 0.74 0.75 0.98 0.51 0.69 1.0 0.55 0.8 1.0 0.73 0.91 0.96 0.74 0.68 1.0 0.77 0.83 0.73 0.7 0.54 0.5 0.53 0.81 0.8 0.89 0.56 0.57 0.98 0.51 0.85 0.5 1.0 0.87 0.99 0.54 0.69 0.89 0.67 0.65 1.0 0.96 0.77 0.52 0.68 0.92 0.74 1.0 1.0 0.81 0.84 0.7 0.95 1.0 0.69 0.73 0.61 1.0 0.9 0.66 0.76 0.96 0.52 1.0 0.82 0.92 0.89 0.52 0.86 0.91 0.74 0.58 0.99 0.81 0.88 0.63 0.78 0.51 1.0 0.84 0.73 0.83 0.65 1.0 1.0 0.61 0.98 0.64 0.87 1.0 0.92 1.0 0.78 0.99 0.85 0.82 0.9 0.95 0.51 0.99 0.74 1.0 0.66 0.82 1.0 0.93 1.0 0.94 
0.87 0.61 0.77 1.0 0.82 0.65 0.66 1.0 0.95 0.93 0.81 0.94 1.0 0.64 0.99 0.79 0.72 0.95 0.55 0.82 1.0 0.73 0.88 0.98 1.0 0.62 0.66 1.0 0.73 0.55 0.65 0.61 1.0 0.6 0.58 0.82 0.63 0.97 0.62 0.56 0.84 0.71 0.52 0.87 1.0 0.76 1.0 0.99 0.93 0.66 0.97 1.0 1.0 0.83 0.82 1.0 0.68 0.51 0.56 0.69 0.93 1.0 0.63 0.79 1.0 0.6 0.67 0.67 0.91 0.98 0.95 0.87 0.55 0.78 0.86 0.91 0.53 0.73 0.87 0.62 0.78 0.92 0.97 0.61 0.82 0.89 0.63 1.0 0.97 1.0 0.53 0.6 0.95 0.91 0.61 1.0 0.91 0.9 0.91 0.52 0.54 0.97 0.52 1.0 1.0 0.52 0.94 1.0 0.77 0.56 0.71 0.7 0.7 0.99 0.6 0.99 0.98 0.99 0.86 0.79 0.99 0.59 1.0 0.82 0.57 1.0 0.86 0.87 0.68 0.55 
0.93 0.67 0.7 1.0 0.65 0.62 0.54 1.0 0.81 0.61 1.0 0.58 0.56 0.95 0.72 0.55 0.89 0.97 0.58 0.58 0.81 0.63 0.93 1.0 0.71 0.87 0.89 0.56 0.65 0.82 0.58 0.6 0.56 0.83 0.9 0.68 0.95 0.84 0.67 0.57 1.0 0.66 1.0 1.0 0.58 1.0 0.62 0.98 0.97 0.67 0.86 0.54 0.89 0.68 0.56 0.61 1.0 0.59 0.79 0.81 0.95 1.0 0.85 0.67 1.0 0.93 1.0 0.6 0.88 0.95 0.88 0.69 0.77 0.51 0.57 0.93 0.56 1.0 0.82 0.8 0.9 0.91 0.89 0.99 1.0 0.9 0.69 0.69 1.0 0.99 0.67 0.56 0.99 0.68 0.88 0.75 1.0 0.68 1.0 0.51 0.9 0.58 0.86 1.0 0.96 0.73 0.52 1.0 0.77 0.67 0.6 0.83 0.68 0.72 0.53 0.57 1.0 0.55 0.78 0.52 0.55 0.75 0.75 0.72 0.84 0.71 0.84 0.57 0.52 0.55 
0.88 0.54 0.78 1.0 0.59 0.67 0.77 0.86 0.96 1.0 0.98 0.51 0.68 0.65 0.58 0.97 0.89 0.67 0.8 0.65 0.64 0.76 0.92 0.78 0.75 1.0 0.97 0.63 1.0 0.59 1.0 0.85 1.0 1.0 0.53 0.8 0.57 0.69 0.56 0.56 0.54 0.76 0.64 0.69 0.91 0.7 0.81 1.0 0.9 1.0 0.66 0.84 0.5 0.71 0.86 1.0 0.74 1.0 1.0 0.91 0.54 0.59 0.57 0.84 0.89 0.88 1.0 0.81 0.6 0.6 0.93 0.94 0.7 0.69 0.74 0.71 1.0 1.0 0.52 0.86 0.85 1.0 0.58 0.76 0.59 1.0 0.68 0.73 0.99 0.98 1.0 0.55 0.83 0.78 0.68 0.78 0.82 0.68 0.97 0.61 0.85 0.67 0.88 0.87 0.71 0.51 0.95 1.0 0.72 0.66 0.75 0.95 1.0 0.8 0.66 0.75 0.87 0.75 0.77 1.0 0.85 0.75 0.56 0.96 0.59 0.76 0.54 0.61 0.62 0.65 
0.82 0.66 0.77 0.89 0.61 0.72 0.51 0.84 0.7 0.9 0.55 0.5 0.53 0.93 0.69 0.57 0.59 1.0 0.6 0.57 0.58 0.98 0.89 0.52 0.84 0.8 0.87 0.82 0.88 0.73 0.82 0.76 1.0 0.6 0.86 0.62 0.92 0.87 0.75 0.76 1.0 0.73 0.6 0.5 0.8 0.99 0.58 1.0 0.7 1.0 0.68 0.97 1.0 0.77 0.62 0.83 0.57 0.81 0.65 0.55 0.65 1.0 0.84 0.59 0.67 0.64 0.5 0.77 0.69 1.0 0.9 0.91 0.73 0.98 0.55 0.86 0.95 1.0 0.93 0.6 0.76 1.0 1.0 0.65 1.0 0.81 0.84 0.96 1.0 0.88 0.98 0.82 0.85 0.55 0.57 0.61 0.82 0.75 1.0 1.0 1.0 0.97 0.75 0.71 0.64 0.64 1.0 0.89 0.56 0.57 0.59 0.82 0.56 1.0 0.82 0.55 0.84 1.0 1.0 0.55 0.74 0.62 0.76 0.61 0.89 0.55 1.0 1.0 0.71 0.52 
0.35 0.15 0.32 0.89 0.1 0.18 0.08 0.52 0.52 0.37 0.22 0.14 0.18 0.35 0.2 0.23 0.27 0.58 0.1 0.1 0.21 0.25 0.64 0.29 0.33 0.42 0.25 0.2 0.42 0.11 0.24 0.24 0.41 0.27 0.23 0.2 0.21 0.49 0.13 0.11 0.33 0.18 0.11 0.15 0.22 0.42 0.23 0.86 0.32 0.25 0.36 0.23 0.38 0.16 0.24 0.45 0.29 0.13 0.2 0.25 0.21 0.38 0.26 0.25 0.46 0.16 0.23 0.23 0.25 0.55 0.7 0.42 0.18 0.19 0.19 0.52 0.2 0.53 0.21 0.26 0.41 0.55 0.38 0.28 0.25 0.64 0.21 0.45 0.85 0.44 0.29 0.14 0.49 0.15 0.2 0.29 0.54 0.19 0.69 0.08 0.42 0.31 0.22 0.51 0.28 0.12 0.46 0.54 0.24 0.09 0.16 0.46 0.24 0.57 0.13 0.23 0.61 0.33 0.47 0.21 0.18 0.2 0.24 0.34 0.17 0.24 0.39 0.28 0.16 0.1 
966.0 1978.85 1824.67 915.45 1078.31 1103.68 906.89 843.94 860.58 1164.29 1667.87 1904.31 949.17 1094.57 1070.85 821.04 977.99 1526.72 847.17 902.75 1084.01 1038.73 1050.49 808.87 1450.59 960.12 931.52 848.89 833.55 1015.72 1237.04 906.77 871.03 1076.35 1453.96 968.43 2122.58 1200.55 1061.81 2009.14 1084.91 1267.9 817.61 1142.51 909.92 948.63 728.79 1078.92 2162.13 1083.49 1011.25 714.59 702.14 1103.03 954.99 1022.79 1108.92 989.11 1556.28 1015.05 1202.66 1162.93 1122.92 1145.61 1139.39 1139.62 749.97 1425.74 797.82 1146.81 1528.11 966.27 1016.21 912.72 1092.46 847.99 837.81 915.03 1945.78 1147.81 803.57 804.28 1179.07 936.33 945.57 1283.9 890.92 1132.2 1060.7 996.32 791.72 1061.26 1024.31 715.1 1111.85 1821.77 1021.78 958.2 1084.01 1215.33 891.86 1213.46 920.44 2004.05 664.47 984.14 1563.02 1373.13 1354.83 927.85 687.26 1038.19 772.17 1486.22 740.27 1726.05 653.53 1232.32 992.38 1087.49 663.6 1004.21 1158.35 870.2 1063.9 1495.81 898.76 1196.21 1096.38 1039.22 
318.48 261.68 581.32 796.58 102.65 200.32 81.72 435.44 440.42 402.78 305.18 271.66 170.32 413.98 205.22 165.37 237.9 816.57 101.3 113.22 222.87 258.74 690.73 191.42 425.45 462.62 248.53 193.34 363.49 120.57 278.31 236.53 342.53 290.01 336.45 186.39 414.93 559.05 82.93 208.32 360.25 236.68 68.54 175.81 197.71 351.44 142.28 870.2 643.61 309.2 315.57 179.53 296.77 169.82 234.85 448.86 344.05 112.07 312.98 303.68 268.01 416.71 258.92 360.8 516.48 169.75 195.32 336.35 183.62 627.26 1066.47 416.86 220.38 141.21 251.31 480.76 166.9 510.69 395.21 242.73 364.41 478.03 495.19 259.77 266.25 893.22 193.58 452.28 878.1 425.46 194.52 149.15 535.03 93.71 247.48 555.96 596.48 167.29 784.97 79.02 376.6 424.08 224.53 999.33 200.67 152.85 775.78 801.81 320.81 81.78 98.67 490.79 181.41 858.0 86.41 416.18 385.27 404.2 491.45 240.46 123.72 199.87 288.8 342.02 195.89 346.73 342.35 329.29 163.18 53.16 
4330.0 9394.23 8623.34 4077.23 4891.55 5018.42 4034.44 3719.69 3802.91 5321.47 7839.33 9021.54 4245.83 4972.86 4854.26 3605.19 4389.95 7133.6 3735.87 4013.74 4920.06 4693.66 4752.47 3544.36 6752.97 4300.61 4157.62 3744.43 3667.74 4578.61 5685.18 4033.85 3855.17 4881.76 6769.81 4342.13 10112.9 5502.74 4809.03 9545.71 4924.56 5839.52 3588.05 5212.54 4049.6 4243.13 3143.96 4894.62 10310.63 4917.43 4556.26 3072.94 3010.71 5015.16 4274.97 4613.96 5044.62 4445.57 7281.42 4575.25 5513.32 5314.64 5114.6 5228.07 5196.93 5198.09 3249.83 6628.68 3489.11 5234.03 7140.53 4331.33 4581.03 4063.59 4962.31 3739.93 3689.04 4075.17 9228.91 5239.03 3517.84 3521.4 5395.33 4181.67 4227.86 5919.51 3954.62 5161.0 4803.49 4481.59 3458.58 4806.29 4621.57 3075.52 5059.24 8608.84 4608.91 4291.0 4920.05 5576.65 3959.3 5567.31 4102.22 9520.24 2822.35 4420.68 7315.09 6365.65 6274.17 4139.25 2936.3 4690.96 3360.86 6931.09 3201.35 8130.25 2767.65 5661.59 4461.89 4937.46 2818.0 4521.06 5291.75 3850.99 4819.51 6979.07 3993.81 5481.06 4981.88 4696.09 
1092.41 808.38 2406.62 3482.92 13.26 501.59 -91.38 1677.2 1702.11 1513.9 1025.92 858.28 351.61 1569.91 526.1 326.87 689.5 3582.86 6.49 66.1 614.36 793.69 2953.63 457.09 1627.23 1813.09 742.64 466.68 1317.47 102.87 891.55 682.66 1212.67 950.03 1182.26 431.97 1574.64 2295.25 -85.37 541.58 1301.26 683.39 -157.31 379.04 488.57 1257.22 211.38 3850.99 2718.05 1046.01 1077.86 397.64 983.86 349.08 674.27 1744.3 1220.24 60.37 1064.89 1018.39 840.03 1583.56 794.58 1303.99 2082.4 348.74 476.6 1181.73 418.1 2636.32 4832.35 1584.29 601.9 206.03 756.54 1903.78 334.51 2053.45 1476.07 713.66 1322.03 1890.17 1975.96 798.87 831.24 3966.09 467.91 1761.41 3890.48 1627.28 472.61 245.77 2175.16 -31.45 737.39 2279.79 2482.39 336.44 3424.87 -104.89 1383.0 1620.42 622.65 4496.66 503.35 264.24 3378.91 3509.07 1104.05 -91.08 -6.65 1953.97 407.07 3789.98 -67.94 1580.9 1426.36 1521.0 1957.24 702.3 118.62 499.33 944.0 1210.09 479.43 1233.66 1211.73 1146.43 315.89 -234.19 
131.07 116.28 76.8 88.59 143.45 74.92 70.06 135.85 106.21 98.77 68.77 75.91 72.35 103.15 80.01 72.81 102.77 112.52 178.09 174.75 73.72 103.48 108.22 69.51 103.76 179.22 131.05 131.69 69.74 68.65 75.37 87.38 80.6 73.69 103.6 74.02 90.68 118.16 87.37 80.37 143.2 67.84 75.14 69.86 65.88 95.45 117.7 135.9 87.58 156.11 112.58 78.29 84.39 118.73 75.71 143.95 87.38 131.06 102.68 106.88 141.17 96.64 73.14 109.84 110.38 71.01 71.15 138.23 129.01 119.91 67.86 131.06 74.75 119.71 68.78 147.37 131.07 73.67 117.01 103.04 115.09 87.29 84.73 185.53 128.51 150.49 131.05 112.4 69.45 104.28 101.98 72.81 72.43 97.69 87.37 139.06 106.78 67.02 74.27 142.89 87.37 102.25 131.06 88.4 168.64 146.19 103.06 102.95 68.22 87.38 111.08 131.05 152.63 102.17 68.72 104.25 127.69 73.04 75.23 86.73 162.97 83.47 130.74 155.5 69.28 103.21 73.82 69.35 182.18 75.06 
12 11 5 6 15 5 5 14 10 9 4 5 5 9 5 5 9 10 19 18 5 9 10 4 9 19 12 12 4 4 5 6 5 5 9 5 6 11 6 5 13 4 5 4 4 6 11 14 6 16 10 5 6 11 5 15 6 12 9 10 13 6 5 10 10 5 5 14 12 11 4 12 5 11 4 15 12 5 11 9 10 6 6 19 12 16 12 10 4 9 9 5 5 6 6 14 10 4 5 15 6 9 12 6 18 13 9 9 4 6 10 12 16 9 4 9 12 5 5 6 17 5 14 16 4 9 5 4 19 5 
3 88 33 45 115 13 92 72 5 98 4 66 97 112 61 56 94 31 20 65 93 26 77 61 63 90 20 64 60 66 83 56 8 96 65 52 118 34 104 89 58 115 31 67 6 96 77 64 43 76 111 67 45 17 27 27 5 29 29 102 32 67 36 71 57 88 3 118 113 8 35 69 62 38 11 69 4 31 37 53 84 41 88 7 113 45 108 6 71 85 61 104 115 96 81 63 118 74 95 67 26 52 58 96 8 5 90 72 119 10 9 100 19 81 85 36 44 55 20 79 10 18 91 69 9 70 0 110 107 111 
64 120 97 120 120 42 120 113 90 110 87 120 120 120 107 116 120 81 120 87 120 120 106 96 120 115 34 120 99 120 120 100 120 120 120 115 120 54 120 120 120 120 120 120 88 120 120 120 75 120 120 120 81 96 64 120 120 51 100 120 44 104 60 120 120 120 33 120 120 77 120 120 120 120 26 93 57 70 52 104 120 120 120 113 120 111 120 49 104 120 120 116 120 120 103 120 120 112 120 120 110 120 97 115 23 17 120 120 120 83 66 120 120 120 104 59 74 120 105 120 63 35 120 88 93 120 32 120 120 120 
10
0.0 0.0 0.0 0.0 0.0 0.0 0.0 0.0 0.0 0.0 
100.0 0.0 100.0 0.0 100.0 0.0 0.0 0.0 0.0 100.0 
0 7 0 7 0 7 7 7 7 0 7 6 2 5 4 5 4 4 7 5 1 2 4 1 2 5 2 9 7 5 5 7 6 5 5 6 7 4 4 4 6 6 3 5 5 4 7 6 4 4 7 6 5 6 5 2 5 7 4 6 6 5 5 6 4 6 2 7 1 4 7 3 5 7 2 5 5 4 7 8 4 5 2 7 6 5 6 5 2 4 6 4 3 6 7 7 6 7 4 7 8 5 2 2 3 6 7 6 5 6 5 7 3 2 4 6 7 7 5 7 6 3 5 6 5 6 2 2 4 2 6 6 6 4 6 6 5 6 5 5 
7 0 7 0 7 0 0 0 0 7 6 3 4 2 7 2 4 7 7 4 5 6 3 6 5 1 5 6 4 5 2 7 8 2 5 5 3 5 4 4 3 5 4 1 8 4 5 9 3 4 7 3 3 2 3 6 4 4 3 4 8 3 6 7 3 5 5 7 5 4 6 6 1 7 5 1 1 6 6 7 2 4 5 6 6 6 8 2 4 5 6 2 3 4 6 4 7 7 2 3 5 3 4 5 5 4 7 2 6 5 1 6 6 4 6 4 8 7 3 5 6 7 6 6 7 8 4 6 4 5 5 3 5 6 2 3 1 6 6 8 
0 7 0 7 0 7 7 7 7 0 7 6 2 5 4 5 4 4 7 5 1 2 4 1 2 5 2 9 7 5 5 7 6 5 5 6 7 4 4 4 6 6 3 5 5 4 7 6 4 4 7 6 5 6 5 2 5 7 4 6 6 5 5 6 4 6 2 7 1 4 7 3 5 7 2 5 5 4 7 8 4 5 2 7 6 5 6 5 2 4 6 4 3 6 7 7 6 7 4 7 8 5 2 2 3 6 7 6 5 6 5 7 3 2 4 6 7 7 5 7 6 3 5 6 5 6 2 2 4 2 6 6 6 4 6 6 5 6 5 5 
7 0 7 0 7 0 0 0 0 7 6 3 4 2 7 2 4 7 7 4 5 6 3 6 5 1 5 6 4 5 2 7 8 2 5 5 3 5 4 4 3 5 4 1 8 4 5 9 3 4 7 3 3 2 3 6 4 4 3 4 8 3 6 7 3 5 5 7 5 4 6 6 1 7 5 1 1 6 6 7 2 4 5 6 6 6 8 2 4 5 6 2 3 4 6 4 7 7 2 3 5 3 4 5 5 4 7 2 6 5 1 6 6 4 6 4 8 7 3 5 6 7 6 6 7 8 4 6 4 5 5 3 5 6 2 3 1 6 6 8 
0 7 0 7 0 7 7 7 7 0 7 6 2 5 4 5 4 4 7 5 1 2 4 1 2 5 2 9 7 5 5 7 6 5 5 6 7 4 4 4 6 6 3 5 5 4 7 6 4 4 7 6 5 6 5 2 5 7 4 6 6 5 5 6 4 6 2 7 1 4 7 3 5 7 2 5 5 4 7 8 4 5 2 7 6 5 6 5 2 4 6 4 3 6 7 7 6 7 4 7 8 5 2 2 3 6 7 6 5 6 5 7 3 2 4 6 7 7 5 7 6 3 5 6 5 6 2 2 4 2 6 6 6 4 6 6 5 6 5 5 
7 0 7 0 7 0 0 0 0 7 6 3 4 2 7 2 4 7 7 4 5 6 3 6 5 1 5 6 4 5 2 7 8 2 5 5 3 5 4 4 3 5 4 1 8 4 5 9 3 4 7 3 3 2 3 6 4 4 3 4 8 3 6 7 3 5 5 7 5 4 6 6 1 7 5 1 1 6 6 7 2 4 5 6 6 6 8 2 4 5 6 2 3 4 6 4 7 7 2 3 5 3 4 5 5 4 7 2 6 5 1 6 6 4 6 4 8 7 3 5 6 7 6 6 7 8 4 6 4 5 5 3 5 6 2 3 1 6 6 8 
7 0 7 0 7 0 0 0 0 7 6 3 4 2 7 2 4 7 7 4 5 6 3 6 5 1 5 6 4 5 2 7 8 2 5 5 3 5 4 4 3 5 4 1 8 4 5 9 3 4 7 3 3 2 3 6 4 4 3 4 8 3 6 7 3 5 5 7 5 4 6 6 1 7 5 1 1 6 6 7 2 4 5 6 6 6 8 2 4 5 6 2 3 4 6 4 7 7 2 3 5 3 4 5 5 4 7 2 6 5 1 6 6 4 6 4 8 7 3 5 6 7 6 6 7 8 4 6 4 5 5 3 5 6 2 3 1 6 6 8 
7 0 7 0 7 0 0 0 0 7 6 3 4 2 7 2 4 7 7 4 5 6 3 6 5 1 5 6 4 5 2 7 8 2 5 5 3 5 4 4 3 5 4 1 8 4 5 9 3 4 7 3 3 2 3 6 4 4 3 4 8 3 6 7 3 5 5 7 5 4 6 6 1 7 5 1 1 6 6 7 2 4 5 6 6 6 8 2 4 5 6 2 3 4 6 4 7 7 2 3 5 3 4 5 5 4 7 2 6 5 1 6 6 4 6 4 8 7 3 5 6 7 6 6 7 8 4 6 4 5 5 3 5 6 2 3 1 6 6 8 
7 0 7 0 7 0 0 0 0 7 6 3 4 2 7 2 4 7 7 4 5 6 3 6 5 1 5 6 4 5 2 7 8 2 5 5 3 5 4 4 3 5 4 1 8 4 5 9 3 4 7 3 3 2 3 6 4 4 3 4 8 3 6 7 3 5 5 7 5 4 6 6 1 7 5 1 1 6 6 7 2 4 5 6 6 6 8 2 4 5 6 2 3 4 6 4 7 7 2 3 5 3 4 5 5 4 7 2 6 5 1 6 6 4 6 4 8 7 3 5 6 7 6 6 7 8 4 6 4 5 5 3 5 6 2 3 1 6 6 8 
0 7 0 7 0 7 7 7 7 0 7 6 2 5 4 5 4 4 7 5 1 2 4 1 2 5 2 9 7 5 5 7 6 5 5 6 7 4 4 4 6 6 3 5 5 4 7 6 4 4 7 6 5 6 5 2 5 7 4 6 6 5 5 6 4 6 2 7 1 4 7 3 5 7 2 5 5 4 7 8 4 5 2 7 6 5 6 5 2 4 6 4 3 6 7 7 6 7 4 7 8 5 2 2 3 6 7 6 5 6 5 7 3 2 4 6 7 7 5 7 6 3 5 6 5 6 2 2 4 2 6 6 6 4 6 6 5 6 5 5 
7 6 7 6 7 6 6 6 6 7 0 3 5 3 3 5 3 3 1 2 6 4 5 5 4 5 5 2 2 1 3 1 2 5 2 1 2 2 2 3 3 1 3 5 3 3 1 2 5 3 0 3 3 4 3 4 2 2 3 1 2 3 1 1 4 1 4 0 5 2 0 4 5 0 5 5 5 2 0 1 5 2 4 0 0 1 2 3 5 2 0 5 5 1 0 2 2 1 5 3 2 3 5 4 4 1 0 4 2 1 5 0 3 5 2 2 1 1 3 1 0 3 1 0 2 2 4 4 3 4 1 3 1 2 4 3 5 1 1 2 
6 3 6 3 6 3 3 3 3 6 3 0 4 1 4 3 2 4 4 1 5 4 3 5 4 3 4 3 1 2 1 4 5 3 2 1 0 3 2 2 0 2 3 2 5 2 2 5 3 2 3 0 0 1 1 4 1 1 1 1 5 1 3 4 2 1 4 4 4 2 3 4 3 4 4 3 2 3 3 3 3 1 4 2 3 3 5 1 3 3 3 3 3 1 2 1 4 4 3 0 2 1 4 4 3 1 3 1 4 1 2 2 4 4 4 0 4 4 0 2 3 5 3 3 4 5 3 5 2 4 1 0 2 4 1 0 2 3 3 5 
2 4 2 4 2 4 4 4 4 2 5 4 0 3 4 2 2 4 6 3 1 2 1 1 1 3 1 7 5 4 3 6 6 2 3 4 4 3 3 2 4 5 2 3 5 2 5 6 1 2 6 3 3 4 3 2 3 5 2 4 5 3 4 5 2 4 1 6 1 3 6 2 3 6 1 2 3 4 6 7 2 3 1 6 5 4 6 3 0 3 5 1 0 4 5 5 5 6 2 5 6 3 0 2 1 4 6 4 4 4 3 6 3 0 4 4 6 6 3 5 5 3 4 5 4 6 1 2 2 1 4 4 4 4 3 4 3 4 4 5 
5 2 5 2 5 2 2 2 2 5 3 1 3 0 4 2 1 4 5 1 4 3 2 4 3 2 3 4 2 2 0 4 5 1 2 2 1 2 1 1 0 2 2 1 5 1 3 6 1 1 4 0 0 1 0 4 1 2 0 1 5 0 3 4 1 2 3 4 3 2 4 3 2 4 3 2 1 3 3 4 2 1 3 3 3 3 5 0 2 2 3 1 2 2 3 2 4 5 2 1 3 0 3 3 2 2 4 1 4 2 1 3 4 2 4 1 5 4 0 2 4 4 3 3 4 5 2 4 1 3 2 0 2 4 0 1 1 3 3 5 
4 7 4 7 4 7 7 7 7 4 3 4 4 4 0 5 3 0 3 2 3 2 4 3 2 6 3 5 4 2 4 3 2 5 2 3 4 1 2 2 4 3 2 5 1 2 3 2 4 2 3 4 4 5 4 1 3 4 3 3 1 4 1 1 3 3 2 3 2 2 4 1 6 3 3 5 5 1 3 4 5 3 2 4 2 1 2 4 3 1 3 4 4 3 3 4 1 3 5 5 5 3 3 2 2 3 3 5 1 3 5 4 0 4 0 4 3 2 4 3 3 0 1 3 1 1 3 2 2 2 3 4 3 0 5 4 5 2 1 1 
5 2 5 2 5 2 2 2 2 5 5 3 2 2 5 0 2 5 6 3 3 4 0 4 3 0 3 6 4 4 2 6 7 0 3 4 3 4 3 2 2 4 3 0 7 3 5 7 1 2 6 2 2 2 2 4 3 4 2 3 6 2 5 6 1 4 3 6 3 3 6 4 0 6 3 0 0 5 5 6 0 3 3 5 5 5 7 2 2 4 5 0 1 4 5 4 6 6 0 3 5 2 2 3 3 4 6 2 5 4 1 5 5 2 5 3 7 6 2 4 5 5 4 5 5 6 2 4 3 3 4 2 4 5 1 3 0 5 4 6 
4 4 4 4 4 4 4 4 4 4 3 2 2 1 3 2 0 3 4 0 3 2 2 3 2 3 2 4 2 1 1 4 4 2 1 2 2 1 0 0 1 2 1 2 4 0 2 4 2 0 3 1 1 2 1 2 0 2 0 1 3 1 2 3 0 1 2 4 2 0 3 2 3 4 2 2 2 2 3 4 2 1 2 3 2 2 4 1 2 1 3 2 2 1 3 2 3 4 2 2 3 0 2 2 1 2 3 2 2 1 2 3 2 2 2 2 4 3 1 2 3 3 1 2 2 4 2 2 0 2 2 1 1 2 2 2 2 2 2 3 
4 7 4 7 4 7 7 7 7 4 3 4 4 4 0 5 3 0 2 2 4 2 5 3 2 6 3 5 4 2 4 2 2 5 2 3 4 1 2 3 4 3 2 5 1 2 3 2 4 3 3 4 4 5 4 1 3 4 3 3 1 4 1 1 4 3 2 3 3 2 3 1 6 3 3 5 6 0 3 4 5 3 3 3 2 1 1 4 3 1 2 4 4 3 3 4 1 2 5 5 5 4 4 2 2 3 3 5 0 3 6 3 1 4 0 4 3 2 4 3 2 0 1 2 0 1 3 2 2 2 3 4 2 0 5 4 5 2 1 0 
7 7 7 7 7 7 7 7 7 7 1 4 6 5 3 6 4 2 0 3 6 5 6 6 5 7 5 3 3 2 5 0 1 6 3 2 4 3 3 4 4 2 4 6 2 3 2 1 6 4 0 4 4 5 4 4 3 3 4 3 1 4 1 1 5 2 4 0 5 3 1 4 7 0 5 6 6 2 1 2 6 3 5 2 1 2 1 5 5 2 1 6 6 3 1 3 1 0 6 4 3 4 6 4 4 3 0 5 2 2 6 1 3 6 2 4 0 0 4 2 1 3 2 1 1 1 5 4 4 5 2 4 2 2 5 4 6 1 2 2 
5 4 5 4 5 4 4 4 4 5 2 1 3 1 2 3 0 2 3 0 4 2 3 3 3 3 3 3 2 0 1 3 3 3 0 1 2 1 0 0 1 1 1 3 3 0 1 4 2 0 3 1 1 2 1 3 0 2 1 0 3 1 2 2 1 1 2 3 3 0 2 2 3 3 3 3 3 2 2 3 3 0 2 2 2 1 3 2 2 1 2 2 3 0 2 1 3 3 3 2 3 1 3 2 2 1 3 2 2 1 3 2 2 3 2 1 3 3 1 1 2 3 1 2 2 3 2 3 1 2 1 1 1 2 2 2 3 1 1 3 
1 5 1 5 1 5 5 5 5 1 6 5 1 4 3 3 3 4 6 4 0 1 2 1 1 4 1 7 6 4 4 6 6 3 4 5 5 3 3 3 5 5 2 4 5 3 6 6 2 3 6 4 4 5 4 2 4 6 3 5 5 4 4 5 3 5 1 7 1 3 6 2 4 7 0 3 4 4 6 7 3 4 1 6 5 4 6 4 1 3 6 2 2 5 6 5 5 6 3 6 7 4 1 1 2 5 6 5 4 5 4 6 3 1 4 5 6 6 4 6 6 3 4 6 4 5 1 2 3 1 5 4 5 4 4 5 4 5 4 5 
2 6 2 6 2 6 6 6 6 2 4 4 2 3 2 4 2 2 5 2 1 0 3 1 0 4 0 6 5 3 3 5 4 3 2 4 4 2 2 2 4 4 1 4 3 2 4 4 2 2 5 3 3 4 3 0 3 5 2 3 3 3 3 3 2 4 0 5 0 2 5 0 4 5 0 4 4 2 5 6 3 3 0 5 4 2 4 4 1 2 4 3 2 3 4 4 3 5 3 5 6 3 1 0 1 4 5 4 3 3 4 5 1 1 2 4 5 4 3 4 4 1 2 4 3 4 1 0 1 0 4 4 3 2 4 4 4 3 2 3 
4 3 4 3 4 3 3 3 3 4 5 3 1 2 4 0 2 5 6 3 2 3 0 3 3 1 2 6 4 3 2 6 6 0 3 4 3 3 2 2 3 4 2 1 6 2 4 7 0 2 6 2 2 2 2 3 3 4 1 3 6 2 4 5 1 4 2 6 2 3 5 3 1 6 2 1 1 4 5 6 0 3 2 5 5 4 6 2 1 3 5 0 0 3 5 4 5 6 0 3 5 2 1 2 2 4 6 2 4 4 1 5 4 1 4 3 6 6 2 4 5 4 4 5 5 6 1 3 2 2 4 3 4 4 2 3 1 4 4 5 
1 6 1 6 1 6 6 6 6 1 5 5 1 4 3 4 3 3 6 3 1 1 3 0 0 5 1 7 6 4 4 6 5 4 3 5 5 3 3 3 5 5 2 4 4 3 5 5 3 3 6 4 4 5 4 1 4 6 3 4 4 4 4 4 3 5 1 6 0 3 6 1 4 6 1 4 5 3 6 7 3 4 1 6 5 3 5 4 2 3 5 3 2 4 5 5 4 6 4 6 7 4 1 1 2 5 6 5 4 5 5 6 2 2 3 5 6 5 4 5 5 2 3 5 4 5 1 1 2 1 5 5 4 3 5 5 4 4 3 4 
2 5 2 5 2 5 5 5 5 2 4 4 1 3 2 3 2 2 5 3 1 0 3 0 0 4 0 6 5 3 4 5 4 3 2 4 4 2 2 2 4 4 1 4 3 2 4 5 2 2 5 4 3 4 3 0 3 5 2 3 4 3 3 4 2 4 0 5 0 2 5 0 4 5 0 4 4 2 5 6 3 3 0 5 4 3 4 4 1 2 4 3 2 3 4 4 4 5 3 5 6 3 1 0 1 4 5 4 3 4 4 5 1 1 2 4 5 4 3 4 4 2 3 4 3 4 1 0 2 0 4 4 3 2 4 4 4 3 2 3 
5 1 5 1 5 1 1 1 1 5 5 3 3 2 6 0 3 6 7 3 4 4 1 5 4 0 3 6 4 4 2 6 7 0 4 4 3 4 3 3 2 4 3 0 7 3 5 8 1 3 6 2 2 2 2 5 3 4 2 3 7 2 5 6 2 4 4 6 4 3 6 4 0 6 3 0 0 5 5 6 1 3 3 5 5 5 7 1 2 4 5 1 2 4 5 4 6 7 0 3 5 2 3 4 3 4 6 1 5 4 0 5 5 2 5 3 7 6 2 4 6 6 4 5 6 7 3 5 3 4 4 2 4 5 1 3 0 5 5 6 
2 5 2 5 2 5 5 5 5 2 5 4 1 3 3 3 2 3 5 3 1 0 2 1 0 3 0 6 5 3 3 5 5 3 2 4 4 2 2 2 4 4 1 3 4 2 4 5 2 2 5 3 3 4 3 1 3 5 2 3 4 3 3 4 2 4 0 5 0 2 5 1 3 5 0 3 4 3 5 6 2 3 0 5 4 3 5 3 0 2 4 2 1 4 5 4 4 5 3 5 6 3 0 0 1 4 5 4 3 4 4 5 2 1 3 4 5 5 3 4 5 2 3 4 3 4 0 1 1 0 4 4 4 3 4 4 3 4 3 4 
9 6 9 6 9 6 6 6 6 9 2 3 7 4 5 6 4 5 3 3 7 6 6 7 6 6 6 0 2 3 4 2 4 6 3 2 2 4 4 4 3 2 5 6 5 4 1 5 6 4 2 3 3 4 4 6 3 2 4 2 4 4 4 4 5 2 6 2 7 4 1 6 6 2 7 6 6 4 1 1 6 3 6 1 2 4 4 4 6 4 2 6 6 2 1 2 4 3 6 2 0 4 7 6 5 2 2 4 4 2 5 1 5 7 4 2 3 3 3 1 2 6 3 2 4 4 6 6 4 6 2 3 2 4 4 3 5 3 4 5 
7 4 7 4 7 4 4 4 4 7 2 1 5 2 4 4 2 4 3 2 6 5 4 6 5 4 5 2 0 2 2 3 4 4 2 1 0 3 2 3 1 1 3 3 5 2 1 5 4 3 3 1 1 2 2 5 2 0 2 1 4 2 3 4 3 1 4 3 5 2 2 4 4 3 5 4 3 3 2 2 4 1 4 1 2 3 4 2 4 3 2 4 4 1 2 0 4 3 4 0 1 2 5 4 4 0 3 2 3 1 3 2 4 5 4 0 3 3 1 1 2 5 3 2 4 4 4 5 3 5 1 1 1 4 2 0 3 2 3 4 
5 5 5 5 5 5 5 5 5 5 1 2 4 2 2 4 1 2 2 0 4 3 3 4 3 4 3 3 2 0 2 2 2 4 0 1 2 1 1 1 2 1 2 4 3 1 1 3 3 1 2 2 1 3 2 3 0 2 2 0 2 2 1 2 2 1 3 2 3 0 2 2 4 2 3 4 4 1 1 3 4 1 3 1 1 1 2 2 3 1 1 3 4 0 1 1 2 2 4 2 3 1 3 2 2 1 2 3 1 0 4 2 2 3 1 2 2 2 1 1 1 3 0 1 1 2 3 3 1 3 1 2 0 1 3 2 4 0 1 2 
5 2 5 2 5 2 2 2 2 5 3 1 3 0 4 2 1 4 5 1 4 3 2 4 4 2 3 4 2 2 0 4 5 1 2 2 1 2 2 1 0 2 2 1 5 1 2 6 2 1 4 0 0 0 0 4 1 2 1 1 5 0 4 4 1 2 3 4 4 2 4 3 2 4 3 2 1 3 3 4 2 1 3 3 3 3 5 0 2 3 3 1 2 2 3 2 4 5 2 1 3 0 3 3 2 2 4 0 4 2 1 3 4 3 4 1 5 4 0 2 4 4 3 3 4 5 3 4 2 3 2 0 2 4 0 1 1 3 3 5 
7 7 7 7 7 7 7 7 7 7 1 4 6 4 3 6 4 2 0 3 6 5 6 6 5 6 5 2 3 2 4 0 1 6 3 2 4 3 3 4 4 2 4 6 2 3 2 2 6 4 0 4 4 5 4 4 3 3 4 2 1 4 1 1 4 2 5 0 5 3 1 4 6 0 5 6 6 2 1 1 6 3 5 1 1 2 1 5 5 2 1 6 6 2 1 3 1 0 6 4 3 4 6 4 4 2 0 5 2 2 6 1 3 6 2 3 0 0 4 2 0 3 2 1 2 1 5 5 4 5 2 4 2 2 5 4 6 1 2 2 
6 8 6 8 6 8 8 8 8 6 2 5 6 5 2 7 4 2 1 3 6 4 6 5 4 7 5 4 4 2 5 1 0 6 3 3 4 3 3 4 5 3 4 7 1 4 3 0 6 4 1 5 4 6 5 4 3 4 4 3 0 5 1 0 5 3 4 1 5 3 2 4 7 1 5 7 7 2 2 3 6 4 4 3 2 2 0 5 5 2 2 6 6 3 2 4 0 0 7 5 4 4 6 4 4 3 1 6 1 3 7 2 3 6 2 4 1 0 4 3 1 3 2 2 1 0 5 4 4 4 3 5 3 2 6 5 6 2 2 1 
5 2 5 2 5 2 2 2 2 5 5 3 2 1 5 0 2 5 6 3 3 3 0 4 3 0 3 6 4 4 1 6 6 0 3 4 3 3 3 2 2 4 2 0 6 2 4 7 1 2 6 2 2 2 2 4 3 4 2 3 6 2 5 6 1 4 3 6 3 3 5 4 0 6 3 0 0 4 5 6 0 2 3 5 5 4 6 1 2 4 5 0 1 3 5 4 6 6 0 3 5 2 2 3 2 3 6 2 5 4 0 5 4 2 5 3 6 6 2 4 5 5 4 5 5 6 2 4 2 3 4 2 4 5 1 3 0 4 4 6 
5 5 5 5 5 5 5 5 5 5 2 2 3 2 2 3 1 2 3 0 4 2 3 3 2 4 2 3 2 0 2 3 3 3 0 1 2 0 0 1 2 1 1 3 3 0 2 3 3 1 2 2 1 3 1 2 0 2 1 1 2 1 1 2 2 1 2 3 3 0 2 2 4 3 3 3 3 1 2 3 3 1 2 2 1 1 3 2 2 0 2 3 3 1 2 2 2 3 3 2 3 1 3 2 1 1 2 3 1 1 3 2 2 3 1 2 3 2 1 2 2 2 0 2 2 3 2 2 1 2 1 2 1 1 3 2 3 1 1 2 
6 5 6 5 6 5 5 5 5 6 1 1 4 2 3 4 2 3 2 1 5 4 4 5 4 4 4 2 1 1 2 2 3 4 1 0 1 2 2 2 1 0 3 4 4 2 0 4 4 2 2 1 1 3 2 4 1 1 2 0 3 2 2 2 2 0 3 2 4 1 1 3 4 2 4 4 4 2 1 2 4 1 3 1 1 2 3 2 4 2 1 4 4 0 1 0 3 2 4 2 2 1 4 3 3 0 2 2 2 0 4 1 3 4 2 1 2 2 1 0 1 4 1 1 2 3 4 4 2 4 0 1 0 2 3 1 4 1 2 3 
7 3 7 3 7 3 3 3 3 7 2 0 4 1 4 3 2 4 4 2 5 4 3 5 4 3 4 2 0 2 1 4 4 3 2 1 0 3 2 2 0 1 3 3 5 2 1 5 3 2 3 1 1 1 1 5 1 0 2 1 4 1 3 4 2 1 4 3 5 2 2 4 3 3 4 3 3 3 2 3 3 1 4 2 2 3 5 1 4 3 2 3 4 1 2 0 4 4 3 0 2 1 4 4 3 1 3 1 3 1 3 2 4 4 4 0 4 4 1 1 3 5 3 2 4 4 4 5 2 4 1 0 1 4 1 0 3 2 3 5 
4 5 4 5 4 5 5 5 5 4 2 3 3 2 1 4 1 1 3 1 3 2 3 3 2 4 2 4 3 1 2 3 3 3 0 2 3 0 0 1 2 2 1 4 2 1 2 3 3 1 3 2 2 3 2 1 1 3 1 1 2 2 1 2 2 2 1 3 2 0 3 1 4 3 2 4 4 1 3 4 3 2 2 3 2 1 3 3 2 0 2 3 3 1 2 2 2 3 4 3 4 2 3 1 1 2 3 3 1 1 4 3 1 3 1 3 3 2 2 2 2 1 0 2 1 2 2 2 1 2 2 2 1 1 3 3 4 1 0 2 
4 4 4 4 4 4 4 4 4 4 2 2 3 1 2 3 0 2 3 0 3 2 2 3 2 3 2 4 2 1 2 3 3 3 0 2 2 0 0 0 2 2 1 3 3 0 2 4 2 0 3 1 1 3 1 2 0 2 1 1 3 1 2 3 1 1 1 3 2 0 3 1 3 3 2 3 3 1 3 4 2 1 1 3 2 1 3 2 2 1 2 2 2 1 2 2 3 3 3 2 3 1 2 2 1 2 3 2 2 1 3 3 2 2 2 2 4 3 1 2 2 2 1 2 2 3 2 2 0 2 2 2 1 2 2 2 3 2 1 3 
4 4 4 4 4 4 4 4 4 4 3 2 2 1 2 2 0 3 4 0 3 2 2 3 2 3 2 4 3 1 1 4 4 2 1 2 2 1 0 0 2 2 0 2 4 0 2 4 1 0 4 1 1 2 1 2 1 3 0 1 3 1 2 3 0 2 1 4 2 0 3 2 3 4 2 2 3 2 3 4 2 1 1 3 2 2 4 1 1 1 3 2 2 1 3 2 3 4 2 2 4 1 2 1 1 2 4 2 2 2 3 3 2 2 2 2 4 3 1 2 3 3 1 3 2 4 1 2 0 1 2 1 2 2 2 2 2 2 2 3 
6 3 6 3 6 3 3 3 3 6 3 0 4 0 4 2 1 4 4 1 5 4 3 5 4 2 4 3 1 2 0 4 5 2 2 1 0 2 2 2 0 2 2 2 5 2 2 5 2 2 4 0 0 1 0 4 1 1 1 1 5 0 3 4 1 1 3 4 4 2 3 4 2 4 4 2 2 3 3 3 2 0 3 2 3 3 5 0 3 3 3 2 3 1 3 1 4 4 2 0 2 0 4 4 3 1 4 1 3 1 2 3 4 3 4 0 4 4 0 2 3 4 2 3 4 5 3 4 2 3 1 0 2 4 1 0 2 3 3 5 
6 5 6 5 6 5 5 5 5 6 1 2 5 2 3 4 2 3 2 1 5 4 4 5 4 4 4 2 1 1 2 2 3 4 1 0 1 2 2 2 2 0 3 4 3 2 0 3 4 2 1 2 1 3 2 4 1 1 2 0 3 2 2 2 3 0 4 2 4 1 1 3 4 2 4 4 4 2 1 2 4 1 4 0 1 1 3 2 4 2 1 4 4 0 0 1 2 2 4 2 2 2 4 3 3 0 1 3 2 0 4 1 3 4 2 1 2 2 2 0 1 3 1 0 2 3 4 4 2 4 0 2 0 2 3 2 4 1 1 3 
3 4 3 4 3 4 4 4 4 3 3 3 2 2 2 3 1 2 4 1 2 1 2 2 1 3 1 5 3 2 2 4 4 2 1 3 3 1 1 0 2 3 0 3 4 1 3 4 2 0 4 2 2 3 2 1 1 3 1 2 3 2 2 3 1 2 0 4 1 1 4 1 3 4 1 3 3 2 4 5 2 2 0 4 3 2 4 2 1 1 3 2 2 2 3 3 3 4 2 3 5 1 1 1 0 3 4 3 2 2 3 4 1 1 2 3 4 4 2 3 3 2 2 3 2 4 1 1 0 1 3 2 2 2 3 3 3 2 2 3 
5 1 5 1 5 1 1 1 1 5 5 2 3 1 5 0 2 5 6 3 4 4 1 4 4 0 3 6 3 4 1 6 7 0 3 4 3 4 3 2 2 4 3 0 7 3 4 7 1 2 6 2 2 1 2 5 3 3 2 3 6 2 5 6 1 3 3 6 4 3 5 4 0 6 3 0 0 5 5 6 1 2 3 5 5 5 7 1 2 4 5 1 2 3 5 3 6 6 0 3 5 2 3 4 3 3 6 1 5 4 0 5 5 2 5 3 6 6 2 4 5 5 4 5 5 6 3 4 3 3 4 2 4 5 1 2 0 5 4 6 
5 8 5 8 5 8 8 8 8 5 3 5 5 5 1 7 4 1 2 3 5 3 6 4 3 7 4 5 5 3 5 2 1 6 3 4 5 2 3 4 5 3 4 7 0 4 4 1 6 4 3 5 5 6 5 3 4 5 4 4 0 5 1 1 5 4 4 3 4 3 4 3 7 3 4 7 7 1 3 4 6 4 4 4 2 2 1 5 5 2 3 6 6 4 3 4 1 2 6 6 5 5 5 3 4 4 3 6 1 3 7 4 2 5 1 5 2 2 5 4 2 2 2 3 1 0 4 3 3 4 4 5 3 1 6 5 6 2 2 0 
4 4 4 4 4 4 4 4 4 4 3 2 2 1 2 3 0 2 3 0 3 2 2 3 2 3 2 4 2 1 1 3 4 2 0 2 2 1 0 0 2 2 1 3 4 0 2 4 2 0 3 1 1 2 1 2 0 2 0 1 3 1 2 3 1 1 2 3 2 0 3 2 3 3 2 3 3 2 3 4 2 1 1 3 2 2 4 1 2 1 2 2 2 1 3 2 3 3 3 2 3 1 2 2 1 2 3 2 2 1 3 3 2 2 2 2 4 3 1 2 3 2 1 2 2 3 1 2 0 2 2 1 1 2 2 2 2 2 1 3 
7 5 7 5 7 5 5 5 5 7 1 2 5 3 3 5 2 3 2 1 6 4 4 5 4 5 4 1 1 1 2 2 3 4 2 0 1 2 2 2 2 0 3 4 4 2 0 4 4 2 1 2 2 3 2 4 1 1 3 1 3 2 2 2 3 0 4 1 5 2 1 4 5 1 5 5 4 2 0 1 5 1 4 0 1 2 3 3 4 2 1 4 5 1 0 0 3 2 5 2 1 2 5 4 3 0 1 3 2 0 4 0 4 5 3 1 2 2 2 0 1 4 2 1 2 3 4 4 3 4 0 2 0 3 3 2 4 1 2 3 
6 9 6 9 6 9 9 9 9 6 2 5 6 6 2 7 4 2 1 4 6 4 7 5 5 8 5 5 5 3 6 2 0 7 3 4 5 3 4 4 5 3 4 7 1 4 4 0 6 4 2 5 5 7 5 4 4 5 5 4 1 5 2 1 5 4 5 2 5 4 3 4 8 2 5 7 7 2 3 4 7 5 5 3 2 2 0 6 6 3 2 6 6 4 3 4 1 1 7 6 5 5 6 4 4 4 2 6 2 4 7 3 3 6 2 5 1 1 5 4 2 3 3 3 1 0 5 4 4 5 4 5 3 2 6 5 7 2 2 1 
4 3 4 3 4 3 3 3 3 4 5 3 1 1 4 1 2 4 6 2 2 2 0 3 2 1 2 6 4 3 2 6 6 1 3 4 3 3 2 1 2 4 2 1 6 2 4 6 0 2 6 2 2 2 2 3 3 4 1 3 5 2 4 5 1 3 2 6 2 2 5 3 1 6 2 1 1 4 5 6 0 2 2 5 4 4 6 2 1 3 5 0 0 3 5 4 5 6 1 3 5 2 1 2 2 3 6 2 4 3 1 5 3 1 4 3 6 5 2 4 5 4 3 5 4 6 1 3 2 2 4 2 3 4 2 3 1 4 4 5 
4 4 4 4 4 4 4 4 4 4 3 2 2 1 2 2 0 3 4 0 3 2 2 3 2 3 2 4 3 1 1 4 4 2 1 2 2 1 0 0 2 2 0 2 4 0 2 4 2 0 4 1 1 2 1 2 1 3 0 1 3 1 2 3 1 2 1 4 2 0 3 1 3 4 2 2 3 2 3 4 2 1 1 3 2 2 4 1 1 1 3 2 2 1 3 2 3 4 2 3 4 1 2 1 1 2 4 2 2 2 3 3 2 2 2 2 4 3 1 2 3 3 1 3 2 4 1 2 0 1 2 2 2 2 2 2 2 2 2 3 
7 7 7 7 7 7 7 7 7 7 0 3 6 4 3 6 3 3 0 3 6 5 6 6 5 6 5 2 3 2 4 0 1 6 2 2 3 3 3 4 4 1 4 6 3 3 1 2 6 4 0 4 3 5 4 4 3 3 4 2 2 4 2 1 4 2 5 0 5 3 1 4 6 0 5 6 6 2 0 1 6 3 5 1 1 2 2 4 5 2 0 6 6 2 1 2 1 0 6 4 2 4 6 4 4 2 0 5 2 2 6 1 4 6 2 3 0 0 3 1 0 4 2 1 2 2 5 5 3 5 2 4 2 2 5 3 6 1 2 2 
6 3 6 3 6 3 3 3 3 6 3 0 3 0 4 2 1 4 4 1 4 3 2 4 4 2 3 3 1 2 0 4 5 2 2 1 1 2 1 1 0 2 2 2 5 1 2 5 2 1 4 0 0 1 0 4 1 1 1 1 4 0 3 4 1 1 3 4 4 1 3 3 2 4 3 2 2 3 3 4 2 0 3 2 3 3 5 0 3 2 3 2 3 1 3 1 4 4 2 1 3 0 3 3 2 1 4 1 3 1 2 3 4 3 3 1 4 4 0 2 3 4 2 3 4 5 3 4 2 3 1 0 2 3 1 1 2 3 3 4 
5 3 5 3 5 3 3 3 3 5 3 0 3 0 4 2 1 4 4 1 4 3 2 4 3 2 3 3 1 1 0 4 4 2 1 1 1 2 1 1 0 1 2 2 5 1 2 5 2 1 3 0 0 1 0 3 1 1 1 1 4 0 3 4 1 1 3 4 3 1 3 3 2 4 3 2 2 3 3 3 2 0 3 2 2 3 4 0 3 2 2 2 3 1 2 1 4 4 2 1 3 0 3 3 2 1 3 1 3 1 2 3 3 3 3 1 4 4 0 2 3 4 2 2 3 4 3 4 1 3 1 0 1 3 1 1 2 2 2 4 
6 2 6 2 6 2 2 2 2 6 4 1 4 1 5 2 2 5 5 2 5 4 2 5 4 2 4 4 2 3 0 5 6 2 3 3 1 3 3 2 1 3 3 1 6 2 3 7 2 2 5 1 1 0 1 5 2 2 2 2 6 1 4 5 2 2 4 5 5 3 4 4 2 5 4 2 1 4 4 4 2 1 4 3 4 4 6 0 3 4 4 2 3 2 4 2 5 5 2 1 3 1 4 4 3 2 5 0 5 2 1 4 5 3 5 1 5 5 1 3 4 5 4 4 5 6 3 5 3 4 2 1 3 5 0 1 1 4 4 6 
5 3 5 3 5 3 3 3 3 5 3 1 3 0 4 2 1 4 4 1 4 3 2 4 3 2 3 4 2 2 0 4 5 2 1 2 1 2 1 1 0 2 2 2 5 1 2 5 2 1 4 0 0 1 0 3 1 2 0 1 4 0 3 4 1 1 3 4 3 1 3 3 2 4 3 2 2 3 3 4 2 0 3 3 3 3 5 0 2 2 3 2 2 1 3 1 4 4 2 1 3 0 3 3 2 1 4 1 3 1 2 3 3 3 3 1 4 4 0 2 3 4 2 3 3 4 2 4 1 3 2 0 2 3 1 1 1 3 3 4 
2 6 2 6 2 6 6 6 6 2 4 4 2 4 1 4 2 1 4 3 2 0 3 1 0 5 1 6 5 3 4 4 4 4 2 4 5 1 2 2 4 4 1 5 3 2 4 4 3 2 4 4 3 5 3 0 3 5 3 3 3 3 2 3 3 4 1 5 1 2 5 0 5 5 1 4 5 2 4 5 4 3 1 4 3 2 3 4 2 2 4 3 3 3 4 4 3 4 4 5 6 3 2 0 1 4 4 5 2 3 5 5 0 2 1 4 4 4 3 4 4 1 2 4 2 3 2 0 2 1 4 4 3 2 4 5 4 3 2 2 
5 4 5 4 5 4 4 4 4 5 2 1 3 1 3 3 0 3 3 0 4 3 3 4 3 3 3 3 2 0 1 3 3 3 0 1 1 1 0 1 1 1 1 3 4 0 1 4 3 1 3 1 1 2 1 3 0 1 1 0 3 1 2 3 1 0 2 3 3 0 2 2 3 3 3 3 3 2 2 3 3 0 2 2 1 1 3 1 3 1 2 2 3 0 2 1 3 3 3 2 3 1 3 2 2 1 3 2 2 0 3 2 2 3 2 1 3 3 1 1 2 3 1 2 2 3 2 3 1 3 1 1 0 2 2 1 3 1 1 3 
7 4 7 4 7 4 4 4 4 7 2 1 5 2 4 4 2 4 3 2 6 5 4 6 5 4 5 2 0 2 2 3 4 4 2 1 0 3 2 3 1 1 3 3 5 2 1 5 4 3 3 1 1 2 2 5 1 0 2 1 4 2 3 4 3 1 4 3 5 2 2 4 4 3 5 4 3 3 2 2 4 1 4 1 2 3 4 2 4 3 2 4 4 1 2 0 4 3 4 0 1 2 5 4 4 0 3 2 3 1 3 2 4 5 4 0 3 3 1 1 2 5 2 2 4 4 4 5 3 4 1 1 1 4 2 0 3 2 3 4 
4 3 4 3 4 3 3 3 3 4 3 1 2 0 3 2 0 3 4 1 3 2 1 3 2 2 2 4 2 2 1 4 4 2 1 2 2 1 1 0 1 2 1 2 4 0 3 5 1 0 4 1 1 2 0 3 1 2 0 1 4 0 3 4 0 2 2 4 2 1 4 2 2 4 2 2 2 3 3 4 2 1 2 3 3 2 4 1 1 2 3 1 2 1 3 2 4 4 2 2 4 0 2 2 1 2 4 2 3 2 2 3 3 2 3 2 4 4 1 2 3 3 2 3 3 4 1 3 1 2 2 1 2 3 1 2 2 2 2 4 
6 4 6 4 6 4 4 4 4 6 1 1 4 1 3 3 1 3 3 0 5 3 3 4 3 3 3 2 1 0 1 2 3 3 1 0 1 1 1 1 1 0 2 3 4 1 1 4 3 1 2 1 1 2 1 3 0 1 1 0 3 1 2 3 2 0 3 2 4 1 2 3 4 2 4 3 3 2 2 2 3 0 3 1 1 2 3 2 3 1 1 3 4 0 1 0 3 3 3 1 2 1 4 3 2 0 2 2 2 0 3 1 3 4 2 1 3 2 1 1 2 3 1 1 2 3 3 4 1 3 0 1 0 2 2 1 3 1 2 3 
6 8 6 8 6 8 8 8 8 6 2 5 5 5 1 6 3 1 1 3 5 3 6 4 4 7 4 4 4 2 5 1 0 6 2 3 4 2 3 3 5 3 3 6 0 3 3 1 5 3 2 4 4 6 4 3 3 4 4 3 0 4 1 0 4 3 4 2 4 3 3 3 7 2 4 6 6 1 3 3 6 4 4 3 2 1 0 5 5 2 2 5 5 3 2 4 0 1 6 5 4 4 5 3 3 3 2 6 1 3 6 3 2 5 1 4 1 1 4 3 2 2 2 2 0 0 4 3 3 4 3 4 2 1 5 5 6 2 1 0 
5 3 5 3 5 3 3 3 3 5 3 1 3 0 4 2 1 4 4 1 4 3 2 4 3 2 3 4 2 2 0 4 5 2 1 2 1 2 1 1 0 2 2 2 5 1 2 5 2 1 4 0 0 1 0 3 1 2 0 1 4 0 3 4 1 1 3 4 3 1 3 3 2 4 3 2 2 3 3 4 2 0 3 3 3 3 5 0 2 2 3 2 2 1 3 1 4 4 2 1 3 0 3 3 2 1 4 1 3 1 2 3 3 3 3 1 4 4 0 2 3 4 2 3 3 4 2 4 1 3 1 0 2 3 1 1 2 2 2 4 
5 6 5 6 5 6 6 6 6 5 1 3 4 3 1 5 2 1 1 2 4 3 4 4 3 5 3 4 3 1 4 1 1 5 1 2 3 1 2 2 3 2 2 5 1 2 2 2 4 2 2 3 3 4 3 2 2 3 3 2 1 3 0 0 3 2 3 2 3 1 2 2 5 2 3 5 5 0 2 3 5 2 3 2 1 0 1 4 4 1 1 4 4 2 2 3 0 1 5 4 3 3 4 2 2 2 2 4 0 2 5 2 1 4 0 3 2 1 3 2 1 2 0 1 0 1 3 3 2 3 2 3 1 0 4 3 5 0 0 1 
6 7 6 7 6 7 7 7 7 6 1 4 5 4 1 6 3 1 1 2 5 3 5 4 4 6 4 4 4 2 4 1 0 6 2 2 4 2 3 3 4 2 3 6 1 3 2 1 5 3 1 4 4 5 4 3 3 4 4 3 0 4 0 0 4 3 3 2 4 2 2 3 6 2 4 6 6 1 2 3 6 3 4 2 1 1 0 4 4 2 1 5 5 3 2 3 0 1 6 4 4 4 5 3 3 3 1 5 0 2 6 2 2 5 1 4 1 1 4 2 1 2 1 1 0 0 4 3 3 4 3 4 2 1 5 4 6 1 1 0 
4 3 4 3 4 3 3 3 3 4 4 2 2 1 3 1 0 4 5 1 3 2 1 3 2 2 2 5 3 2 1 4 5 1 2 2 2 2 1 0 1 3 1 1 5 1 3 5 1 1 4 1 1 2 1 3 1 3 0 2 4 1 3 4 0 2 2 5 2 1 4 2 2 5 2 1 2 3 4 5 1 1 2 3 3 3 5 1 1 2 3 1 1 2 3 2 4 5 1 2 4 0 2 2 1 2 4 2 3 2 2 4 3 1 3 2 5 4 1 3 4 3 2 3 3 5 1 3 1 2 2 1 2 3 1 2 1 3 3 4 
6 5 6 5 6 5 5 5 5 6 1 1 4 2 3 4 1 3 2 1 5 4 4 5 4 4 4 2 1 1 2 2 3 4 1 0 1 2 1 2 1 0 2 3 4 1 0 4 3 2 2 1 1 2 1 4 0 1 2 0 3 1 2 3 2 0 3 2 4 1 1 3 4 2 4 4 4 2 1 2 4 1 3 1 1 2 3 2 3 2 1 3 4 0 1 0 3 2 4 1 2 1 4 3 3 0 2 2 2 0 3 1 3 4 2 1 3 2 1 0 1 4 1 1 2 3 3 4 2 3 0 1 0 2 2 1 3 1 2 3 
2 5 2 5 2 5 5 5 5 2 4 4 1 3 2 3 2 2 4 2 1 0 2 1 0 4 0 6 4 3 3 5 4 3 2 3 4 1 1 1 3 4 0 3 4 2 4 5 2 1 5 3 3 4 3 1 2 4 2 3 4 3 3 3 2 3 0 5 0 2 5 0 4 5 0 3 4 2 4 6 3 3 0 4 3 2 4 3 1 2 4 2 2 3 4 4 3 4 3 4 5 2 1 0 0 4 5 4 3 3 4 5 1 1 2 4 5 4 3 4 4 2 2 4 3 4 0 1 1 0 3 3 3 2 3 4 3 3 2 3 
7 7 7 7 7 7 7 7 7 7 0 4 6 4 3 6 4 3 0 3 7 5 6 6 5 6 5 2 3 2 4 0 1 6 3 2 3 3 3 4 4 2 4 6 3 3 1 2 6 4 0 4 4 5 4 5 3 3 4 2 2 4 2 2 5 2 5 0 6 3 1 4 6 0 6 6 6 2 1 1 6 3 5 1 1 2 2 4 5 3 1 6 6 2 1 2 2 0 6 4 2 4 6 5 4 2 0 5 2 2 6 1 4 6 3 3 0 0 4 2 0 4 2 1 2 2 5 5 4 5 2 4 2 3 5 3 6 1 2 2 
1 5 1 5 1 5 5 5 5 1 5 4 1 3 2 3 2 3 5 3 1 0 2 0 0 4 0 7 5 3 4 5 5 3 3 4 5 2 2 2 4 4 1 4 4 2 5 5 2 2 5 4 3 5 3 1 3 5 2 4 4 3 3 4 2 4 0 6 0 3 6 1 4 6 0 3 4 3 5 6 3 3 0 5 4 3 5 4 1 2 5 2 2 4 5 5 4 5 3 5 6 3 1 0 1 4 5 4 3 4 4 5 2 1 3 5 5 5 3 5 5 2 3 5 3 4 1 1 2 0 4 4 4 3 4 5 4 4 3 4 
4 4 4 4 4 4 4 4 4 4 2 2 3 2 2 3 0 2 3 0 3 2 3 3 2 3 2 4 2 0 2 3 3 3 0 1 2 0 0 0 2 1 1 3 3 0 2 4 2 0 3 1 1 3 1 2 0 2 1 1 3 1 1 2 1 1 2 3 3 0 3 2 3 3 2 3 3 1 2 3 3 1 2 2 2 1 3 2 2 0 2 2 3 1 2 2 2 3 3 2 3 1 3 2 1 1 3 2 2 1 3 2 2 3 2 2 3 3 1 2 2 2 1 2 2 3 2 2 0 2 1 2 1 2 2 2 3 1 1 3 
7 6 7 6 7 6 6 6 6 7 0 3 6 4 4 6 3 3 1 2 6 5 5 6 5 6 5 1 2 2 4 1 2 5 2 1 2 3 3 3 3 1 4 5 4 3 1 3 5 3 1 3 3 4 3 5 2 2 4 2 3 3 2 2 4 1 5 1 6 3 0 4 6 1 5 6 5 3 0 0 6 2 5 0 1 2 3 4 5 3 1 5 6 2 0 1 2 1 6 3 1 3 6 5 4 1 1 4 2 1 5 0 4 6 3 2 1 1 3 1 1 4 2 1 3 3 5 5 3 5 1 3 1 3 4 2 5 1 2 3 
3 6 3 6 3 6 6 6 6 3 4 4 2 3 1 4 2 1 4 2 2 0 3 1 0 4 1 6 4 2 3 4 4 4 2 3 4 1 1 2 4 3 1 4 3 2 4 4 3 1 4 3 3 4 3 0 2 4 2 3 3 3 2 3 2 3 0 4 1 2 4 0 4 4 1 4 4 1 4 5 3 3 1 4 3 2 3 3 2 1 3 3 3 3 4 4 3 4 4 4 5 3 2 0 1 3 4 4 2 3 4 4 0 2 1 4 4 4 3 4 3 1 2 3 2 3 1 0 1 0 3 3 3 1 4 4 4 3 2 2 
5 1 5 1 5 1 1 1 1 5 5 3 3 2 6 0 3 6 7 3 4 4 1 4 4 0 3 6 4 4 2 6 7 0 4 4 3 4 3 3 2 4 3 0 7 3 5 8 1 3 6 2 2 2 2 5 3 4 2 4 7 2 5 6 2 4 4 6 4 3 6 4 0 6 3 0 0 5 6 6 1 3 3 5 5 5 7 2 2 4 5 1 2 4 5 4 6 7 0 3 5 2 3 4 3 4 6 2 5 4 0 5 5 2 5 3 7 6 2 5 6 6 4 5 6 7 3 5 3 4 4 2 4 5 1 3 0 5 5 6 
7 7 7 7 7 7 7 7 7 7 0 4 6 4 3 6 4 3 0 3 7 5 6 6 5 6 5 2 3 2 4 0 1 6 3 2 3 3 3 4 4 2 4 6 3 3 1 2 6 4 0 4 4 5 4 5 3 3 4 2 2 4 2 2 5 2 5 0 6 3 1 4 6 0 6 6 6 2 0 1 6 3 5 1 1 2 2 4 6 3 1 6 6 2 1 2 2 0 6 4 2 4 6 5 5 2 0 5 2 2 6 1 4 6 3 3 0 1 4 1 0 4 2 1 2 2 5 5 4 5 2 4 2 3 5 3 6 1 2 3 
2 5 2 5 2 5 5 5 5 2 5 4 1 3 3 3 2 3 5 3 0 0 2 1 0 3 0 7 5 3 3 5 5 3 3 4 4 2 2 2 4 4 1 3 4 2 5 5 2 2 5 3 3 4 3 1 3 5 2 4 4 3 3 4 2 4 0 6 0 2 5 1 3 6 0 3 4 3 5 6 2 3 0 5 4 3 5 3 0 2 5 2 1 4 5 4 4 5 3 5 6 3 0 1 1 4 5 4 3 4 4 5 2 1 3 4 6 5 3 5 5 2 3 5 3 5 0 1 2 0 4 4 4 3 4 4 3 4 3 4 
5 1 5 1 5 1 1 1 1 5 5 3 2 2 5 0 2 5 6 3 3 4 1 4 4 0 3 6 4 4 2 6 7 0 3 4 3 4 3 2 2 4 3 0 7 3 5 7 1 2 6 2 2 2 2 4 3 4 2 3 6 2 5 6 1 4 3 6 3 3 6 4 0 6 3 0 0 5 5 6 0 3 3 5 5 5 7 2 2 4 5 1 1 4 5 4 6 6 0 3 5 2 2 4 3 4 6 2 5 4 0 5 5 2 5 3 7 6 2 4 5 5 4 5 5 6 2 4 3 3 4 2 4 5 1 3 0 5 5 6 
5 1 5 1 5 1 1 1 1 5 5 2 3 1 5 0 2 6 6 3 4 4 1 5 4 0 4 6 3 4 1 6 7 0 3 4 3 4 3 3 2 4 3 0 7 3 4 7 1 3 6 2 2 1 2 5 3 3 2 3 6 2 5 6 2 4 4 6 4 3 5 4 0 6 4 0 0 5 5 6 1 2 3 5 5 5 7 1 3 4 5 1 2 3 5 3 6 6 0 3 5 2 3 4 3 3 6 1 5 4 0 5 5 3 5 3 7 6 2 4 5 6 4 5 5 7 3 5 3 4 4 2 4 5 1 3 0 5 5 6 
4 6 4 6 4 6 6 6 6 4 2 3 4 3 1 5 2 0 2 2 4 2 4 3 2 5 3 4 3 1 3 2 2 4 1 2 3 1 1 2 3 2 2 5 1 2 2 2 4 2 2 3 3 4 3 2 2 3 3 2 1 3 0 1 3 2 2 2 3 1 3 1 5 2 3 5 5 0 2 3 4 2 2 3 1 0 2 4 3 0 2 4 4 2 2 3 1 2 5 4 4 3 4 2 2 2 2 4 0 2 5 3 1 4 0 3 2 2 3 2 2 1 0 2 0 1 3 2 2 2 2 3 2 0 4 3 5 1 0 1 
7 6 7 6 7 6 6 6 6 7 0 3 6 3 3 5 3 3 1 2 6 5 5 6 5 5 5 1 2 1 3 1 2 5 2 1 2 3 3 3 3 1 4 5 3 3 0 3 5 3 0 3 3 4 3 4 2 2 3 2 3 3 2 2 4 1 4 1 5 2 0 4 6 0 5 5 5 2 0 1 5 2 5 0 1 2 2 4 5 2 0 5 5 1 0 1 2 1 5 3 1 3 5 4 4 1 0 4 2 1 5 0 4 5 3 2 1 1 3 1 0 4 2 0 2 2 5 5 3 5 1 3 1 3 4 2 5 1 2 3 
8 7 8 7 8 7 7 7 7 8 1 3 7 4 4 6 4 4 2 3 7 6 6 7 6 6 6 1 2 3 4 1 3 6 3 2 3 4 4 4 3 2 5 6 4 4 1 4 6 4 1 4 3 4 4 5 3 2 4 2 3 4 3 3 5 2 6 1 6 3 0 5 6 1 6 6 6 3 1 0 6 3 6 1 2 3 3 4 6 3 1 6 6 2 1 2 3 2 6 3 1 4 6 5 5 2 1 4 3 2 6 0 5 6 4 3 2 2 4 1 1 5 3 1 3 3 6 6 4 6 2 3 2 4 5 3 6 2 3 4 
4 2 4 2 4 2 2 2 2 4 5 3 2 2 5 0 2 5 6 3 3 3 0 3 3 1 2 6 4 4 2 6 6 0 3 4 3 3 2 2 2 4 2 1 6 2 5 7 0 2 6 2 2 2 2 4 3 4 2 3 6 2 5 6 1 4 3 6 3 3 6 3 1 6 2 0 1 4 5 6 0 3 2 5 5 4 6 2 1 4 5 0 1 3 5 4 6 6 0 3 5 2 2 3 2 4 6 2 5 4 1 5 4 1 4 3 6 6 2 4 5 5 4 5 5 6 2 4 2 3 4 3 4 5 2 3 1 5 4 6 
5 4 5 4 5 4 4 4 4 5 2 1 3 1 3 3 1 3 3 0 4 3 3 4 3 3 3 3 1 1 1 3 4 2 1 1 1 2 1 1 0 1 2 2 4 1 1 5 2 1 3 0 0 1 0 3 0 1 1 0 4 0 2 3 1 1 3 3 3 1 2 3 3 3 3 3 2 2 2 3 3 0 3 2 2 2 4 1 3 2 2 2 3 0 2 1 3 3 3 1 2 0 3 3 2 1 3 1 3 1 2 2 3 3 3 1 4 3 0 1 2 4 2 2 3 4 3 4 1 3 1 0 1 3 1 1 2 2 2 4 
2 5 2 5 2 5 5 5 5 2 4 4 1 3 2 3 2 3 5 2 1 0 2 1 0 3 0 6 4 3 3 5 4 3 2 3 4 2 1 1 3 4 0 3 4 1 4 5 2 1 5 3 3 4 3 1 2 4 2 3 4 3 3 4 2 3 0 5 0 2 5 1 3 5 0 3 3 2 5 6 2 3 0 4 4 3 4 3 1 2 4 2 1 3 4 4 4 5 3 4 5 2 1 0 0 4 5 4 3 3 3 5 1 1 2 4 5 4 3 4 4 2 2 4 3 4 0 1 1 0 3 3 3 2 3 4 3 3 2 3 
7 6 7 6 7 6 6 6 6 7 0 2 6 3 4 5 3 3 2 2 6 5 5 6 5 5 5 1 1 1 3 1 3 5 2 1 2 3 3 3 2 0 4 5 4 3 0 3 5 3 1 2 2 3 3 4 2 1 3 1 3 3 2 2 3 1 4 1 5 2 0 4 5 1 5 5 5 3 0 1 5 2 4 0 1 2 3 3 5 2 1 5 5 1 0 1 3 2 5 2 1 3 5 4 4 1 1 3 2 1 5 0 4 5 3 2 2 2 2 0 1 4 2 0 3 3 5 5 3 5 1 2 1 3 4 2 5 1 2 3 
6 6 6 6 6 6 6 6 6 6 0 3 5 3 2 5 2 2 1 2 5 4 5 5 4 5 4 2 2 1 3 1 2 5 1 1 2 2 2 2 3 1 3 5 2 2 1 2 4 2 1 3 2 4 3 3 1 2 3 1 2 3 1 1 3 1 3 1 4 2 1 3 5 1 4 5 5 1 1 2 5 2 4 1 0 1 2 3 4 1 0 4 5 1 0 2 1 1 5 3 2 3 5 3 3 1 1 4 1 1 5 1 3 5 2 2 1 1 2 1 0 3 1 0 1 2 4 4 2 4 1 3 1 1 4 3 5 0 1 2 
5 6 5 6 5 6 6 6 6 5 1 3 4 3 1 5 2 1 2 1 4 2 4 3 3 5 3 4 3 1 3 2 2 4 1 2 3 1 1 2 3 1 2 5 2 2 2 2 4 2 2 3 3 4 3 2 1 3 2 2 1 3 0 1 3 2 2 2 3 1 2 2 5 2 3 5 5 0 2 3 4 2 3 2 1 0 1 3 3 0 1 4 4 2 2 2 1 2 5 4 3 3 4 2 2 2 2 4 0 2 5 2 1 4 0 3 2 1 3 2 1 2 0 1 0 1 3 2 2 3 2 3 1 0 4 3 5 0 0 1 
6 8 6 8 6 8 8 8 8 6 2 5 6 5 2 7 4 1 1 3 6 4 6 5 4 7 5 4 4 2 5 1 0 6 3 3 5 3 3 4 5 3 4 7 1 4 3 0 6 4 2 5 4 6 5 3 3 4 4 3 0 5 1 0 5 3 4 2 5 3 3 3 7 2 5 7 7 2 2 3 6 4 4 3 2 1 0 5 5 2 2 6 6 3 2 4 0 1 7 5 4 4 6 4 4 4 2 6 1 3 7 3 3 6 2 4 1 1 4 3 1 2 2 2 1 0 5 4 4 4 3 5 3 1 6 5 6 2 2 1 
5 2 5 2 5 2 2 2 2 5 3 1 3 0 4 2 1 4 5 2 4 4 2 4 4 1 3 4 2 2 0 5 5 1 2 2 1 3 2 1 0 2 2 1 5 1 3 6 2 1 4 0 0 0 0 4 1 2 1 2 5 0 4 4 1 2 3 4 4 2 4 3 2 4 3 2 1 4 4 4 2 1 3 3 3 3 5 0 2 3 3 1 2 2 3 2 5 5 2 1 3 0 3 3 2 2 4 0 4 2 1 3 4 3 4 1 5 4 0 3 4 4 3 3 4 5 3 4 2 3 2 0 2 4 0 1 1 3 3 5 
2 4 2 4 2 4 4 4 4 2 5 3 0 2 3 2 2 3 5 2 1 1 1 2 1 2 0 6 4 3 2 5 5 2 2 4 4 2 2 1 3 4 1 2 5 2 4 6 1 1 5 3 3 3 2 2 3 4 1 3 5 2 4 4 1 3 1 5 1 2 5 2 2 6 0 2 3 3 5 6 1 3 1 5 4 3 5 2 0 2 4 1 0 3 5 4 4 5 2 4 6 2 0 1 1 4 5 3 4 3 3 5 2 0 3 4 6 5 2 4 5 3 3 4 4 5 0 2 1 1 4 3 3 3 3 4 2 4 3 4 
4 5 4 5 4 5 5 5 5 4 2 3 3 2 1 4 1 1 2 1 3 2 3 3 2 4 2 4 3 1 3 2 2 4 0 2 3 0 1 1 3 2 1 4 2 1 2 3 3 1 2 2 2 4 2 2 1 3 2 1 2 2 1 2 2 2 2 3 2 0 3 1 4 3 2 4 4 0 2 3 4 2 2 2 1 0 2 3 2 0 2 3 3 1 2 2 2 2 4 3 4 2 3 2 1 2 2 3 1 1 4 2 1 3 1 3 3 2 2 2 2 2 0 2 1 2 2 2 1 2 2 2 1 1 3 3 4 1 0 2 
6 6 6 6 6 6 6 6 6 6 0 3 5 3 3 5 3 2 1 2 6 4 5 5 4 5 4 2 2 1 3 1 2 5 2 1 2 2 2 3 3 1 3 5 3 2 1 2 5 3 0 3 2 4 3 4 2 2 3 1 2 3 1 1 3 1 4 1 5 2 1 3 5 1 5 5 5 2 0 1 5 2 4 1 0 1 2 3 4 2 0 5 5 1 0 1 2 1 5 3 2 3 5 4 3 1 0 4 1 1 5 0 3 5 2 2 1 1 3 1 0 3 1 0 2 2 4 4 3 4 1 3 1 2 4 3 5 0 1 2 
4 2 4 2 4 2 2 2 2 4 5 3 1 1 4 0 2 4 6 2 2 3 0 3 3 1 2 6 4 3 1 6 6 0 3 4 3 3 2 2 2 4 2 1 6 2 4 6 0 2 6 2 2 2 2 3 2 4 1 3 5 2 4 5 1 3 2 6 2 2 5 3 1 6 2 1 1 4 5 6 0 2 2 5 4 4 6 1 1 3 5 0 0 3 5 3 5 6 0 3 5 2 1 2 2 3 6 2 4 3 1 5 4 1 4 3 6 5 2 4 5 4 3 5 4 6 1 3 2 2 3 2 3 4 1 3 1 4 4 5 
3 3 3 3 3 3 3 3 3 3 5 3 0 2 4 1 2 4 6 3 2 2 0 2 2 2 1 6 4 4 2 6 6 1 3 4 4 3 2 2 3 4 2 2 6 2 5 6 0 2 6 3 3 3 2 3 3 4 2 4 5 2 4 5 1 4 2 6 2 3 6 3 2 6 1 1 2 4 5 6 1 3 1 5 5 4 6 2 0 3 5 0 0 4 5 4 5 6 1 4 6 2 0 2 2 4 6 3 4 4 2 5 3 0 4 4 6 6 3 5 5 4 4 5 5 6 1 3 2 2 4 3 4 4 2 4 2 4 4 5 
6 4 6 4 6 4 4 4 4 6 1 1 4 2 3 4 1 3 3 0 5 3 3 4 3 4 4 2 1 0 2 2 3 3 1 0 1 1 1 1 1 0 2 3 4 1 1 4 3 1 2 1 1 2 1 3 0 1 1 0 3 1 2 3 2 0 3 2 4 1 2 3 4 2 4 4 3 2 1 2 3 0 3 1 1 2 3 2 3 1 1 3 4 0 1 0 3 3 3 1 2 1 4 3 2 0 2 2 2 0 3 1 3 4 2 1 3 2 1 1 2 3 1 1 2 3 3 4 2 3 0 1 0 2 2 1 3 1 1 3 
7 6 7 6 7 6 6 6 6 7 0 2 5 3 3 5 3 3 1 2 6 4 5 5 4 5 5 1 2 1 3 1 2 5 2 1 2 2 2 3 3 0 3 5 3 3 0 3 5 3 1 3 2 4 3 4 2 2 3 1 2 3 2 2 3 1 4 1 5 2 0 4 5 1 5 5 5 2 0 1 5 2 4 0 0 2 2 3 5 2 0 5 5 1 0 1 2 1 5 2 1 3 5 4 4 1 1 4 2 1 5 0 3 5 2 2 1 1 2 0 0 4 2 0 2 2 4 5 3 4 1 2 1 2 4 2 5 1 2 3 
7 4 7 4 7 4 4 4 4 7 2 1 5 2 4 4 2 4 3 1 5 4 4 5 4 4 4 2 0 1 2 3 4 4 2 0 0 2 2 2 1 1 3 3 4 2 0 4 4 2 2 1 1 2 1 4 1 0 2 0 4 1 3 3 2 0 4 2 5 2 1 4 4 2 4 4 3 3 1 2 4 1 4 1 2 2 4 2 4 2 1 3 4 0 1 0 3 3 4 1 1 1 4 4 3 0 2 2 3 0 3 1 4 4 3 0 3 3 1 0 2 4 2 1 3 4 4 5 2 4 0 1 1 3 2 1 3 2 2 4 
6 7 6 7 6 7 7 7 7 6 2 4 5 4 1 6 3 1 1 3 5 3 5 4 4 6 4 4 4 2 4 1 0 6 2 3 4 2 3 3 4 2 3 6 1 3 3 1 5 3 1 4 4 5 4 3 3 4 4 3 0 4 0 0 4 3 3 2 4 2 2 3 6 2 4 6 6 1 2 3 6 3 4 3 1 1 0 5 4 2 2 5 5 3 2 3 0 1 6 5 4 4 5 3 3 3 2 5 0 2 6 2 2 5 1 4 1 1 4 3 1 2 1 2 0 0 4 3 3 4 3 4 2 1 5 4 6 1 1 0 
7 7 7 7 7 7 7 7 7 7 1 4 6 5 3 6 4 2 0 3 6 5 6 6 5 7 5 3 3 2 5 0 0 6 3 2 4 3 3 4 4 2 4 6 2 3 2 1 6 4 0 4 4 5 4 4 3 3 4 3 1 4 1 1 5 2 4 0 5 3 1 4 7 0 5 6 6 2 1 2 6 3 5 2 1 2 1 5 5 2 1 6 6 3 1 3 1 0 6 4 3 4 6 4 4 3 0 5 1 2 6 1 3 6 2 4 0 0 4 2 1 3 2 1 1 1 5 4 4 5 2 4 2 2 5 4 6 1 2 2 
4 2 4 2 4 2 2 2 2 4 5 3 2 2 5 0 2 5 6 3 3 3 0 4 3 0 3 6 4 4 2 6 7 0 3 4 3 4 3 2 2 4 2 0 6 3 5 7 1 2 6 2 2 2 2 4 3 4 2 3 6 2 5 6 1 4 3 6 3 3 6 4 0 6 3 0 0 5 5 6 0 3 3 5 5 5 7 2 2 4 5 0 1 3 5 4 6 6 0 3 5 2 2 3 3 4 6 2 5 4 1 5 4 2 5 3 7 6 2 4 5 5 4 5 5 6 2 4 3 3 4 2 4 5 1 3 0 5 4 6 
7 3 7 3 7 3 3 3 3 7 3 0 5 1 5 3 2 5 4 2 6 5 3 6 5 3 5 2 0 2 1 4 5 3 2 2 0 3 2 2 0 2 3 3 6 2 2 6 3 3 4 1 1 1 1 5 2 0 2 1 5 1 4 4 2 1 4 4 5 2 3 4 3 4 5 3 3 4 3 3 3 1 4 2 3 4 5 1 4 3 3 3 4 1 2 1 5 4 3 0 2 1 4 4 4 1 4 1 4 2 2 2 5 4 4 0 4 4 1 2 3 5 3 3 4 5 4 5 3 4 1 1 2 4 1 0 3 3 3 5 
8 5 8 5 8 5 5 5 5 8 2 2 6 3 5 5 3 5 3 3 7 6 5 7 6 5 6 0 1 3 3 3 4 5 3 2 2 4 3 4 2 2 5 5 5 3 1 5 5 4 2 3 3 3 3 6 3 1 4 2 4 3 3 4 4 2 5 2 6 3 1 5 5 2 6 5 5 4 1 1 5 2 5 1 2 3 4 3 6 4 2 5 6 2 1 1 4 3 5 2 0 3 6 5 5 1 2 3 4 2 5 1 5 6 4 2 3 3 3 1 2 5 3 2 4 4 5 6 4 6 1 2 2 4 4 2 5 3 3 5 
5 3 5 3 5 3 3 3 3 5 3 1 3 0 3 2 0 4 4 1 4 3 2 4 3 2 3 4 2 1 0 4 4 2 1 1 1 2 1 1 0 2 1 2 5 1 2 5 2 1 4 0 0 1 0 3 1 2 0 1 4 0 3 4 0 1 2 4 3 1 3 3 2 4 3 2 2 3 3 4 2 0 2 3 3 3 4 0 2 2 3 2 2 1 3 1 4 4 2 1 3 0 3 3 2 1 4 1 3 1 2 3 3 2 3 1 4 4 0 2 3 4 2 3 3 4 2 3 1 3 1 0 2 3 1 1 2 2 2 4 
2 4 2 4 2 4 4 4 4 2 5 4 0 3 3 2 2 4 6 3 1 1 1 1 1 3 0 7 5 3 3 6 6 2 3 4 4 3 2 2 4 4 1 3 5 2 5 6 1 2 6 3 3 4 3 2 3 5 2 4 5 3 4 5 2 4 1 6 1 3 6 2 3 6 0 2 3 4 5 6 2 3 1 5 5 4 6 3 0 3 5 1 0 4 5 4 5 6 2 4 6 3 0 1 1 4 6 4 4 4 3 6 3 0 3 4 6 6 3 5 5 3 3 5 4 5 0 2 2 1 4 3 4 4 3 4 3 4 4 5 
2 5 2 5 2 5 5 5 5 2 4 4 2 3 2 3 2 2 4 2 1 0 2 1 0 4 0 6 4 2 3 4 4 3 2 3 4 1 2 1 4 3 1 4 3 2 4 4 2 1 4 3 3 4 3 0 2 4 2 3 3 3 2 3 2 3 0 5 0 2 5 0 4 5 1 4 4 2 4 5 3 3 0 4 3 2 4 3 1 2 4 2 2 3 4 4 3 4 3 4 5 3 1 0 0 4 4 4 2 3 4 5 1 1 2 4 5 4 3 4 4 1 2 4 2 4 1 0 1 0 3 3 3 2 4 4 4 3 2 3 
3 5 3 5 3 5 5 5 5 3 4 3 1 2 2 3 1 2 4 2 2 1 2 2 1 3 1 5 4 2 2 4 4 2 1 3 3 1 1 1 3 3 0 3 4 1 3 4 2 1 4 2 2 3 2 1 2 4 1 2 3 2 2 3 1 3 0 4 1 1 4 1 3 5 1 3 3 2 4 5 2 2 0 4 3 2 4 2 1 1 3 2 2 2 4 3 3 4 3 4 5 2 1 0 0 3 4 3 2 3 3 4 1 1 2 3 5 4 2 3 4 2 2 3 3 4 0 1 0 0 3 3 3 2 3 3 3 3 2 3 
6 4 6 4 6 4 4 4 4 6 1 1 4 2 3 4 2 3 3 1 5 4 4 5 4 4 4 2 0 1 2 2 3 3 1 0 1 2 2 2 1 0 3 3 4 2 0 4 3 2 2 1 1 2 1 4 1 0 2 0 3 1 2 3 2 0 4 2 4 1 1 3 4 2 4 4 3 2 1 2 4 1 4 1 1 2 4 2 4 2 1 3 4 0 1 0 3 3 4 1 1 1 4 4 3 0 2 2 3 0 3 1 4 4 3 0 3 3 1 0 2 4 2 1 3 3 4 4 2 4 0 1 0 3 2 1 3 1 2 4 
7 7 7 7 7 7 7 7 7 7 0 3 6 4 3 6 3 3 0 3 6 5 6 6 5 6 5 2 3 2 4 0 1 6 2 2 3 3 3 4 4 1 4 6 3 3 1 2 6 4 0 4 3 5 4 4 3 3 4 2 2 4 2 1 4 2 5 0 5 3 1 4 6 0 5 6 6 2 0 1 6 3 5 1 1 2 2 4 5 2 0 6 6 2 1 2 2 0 6 4 2 4 6 4 4 2 0 5 2 2 6 1 4 6 3 3 0 0 3 1 0 4 2 1 2 2 5 5 3 5 2 4 2 2 5 3 6 1 2 2 
6 2 6 2 6 2 2 2 2 6 4 1 4 1 5 2 2 5 5 2 5 4 2 5 4 1 4 4 2 3 0 5 6 2 3 2 1 3 2 2 1 3 3 1 6 2 3 6 2 2 5 1 1 0 1 5 2 2 2 2 6 1 4 5 2 2 4 5 4 2 4 4 2 5 4 2 1 4 4 4 2 1 4 3 4 4 6 0 3 3 4 2 3 2 4 2 5 5 2 1 3 1 4 4 3 2 5 0 4 2 1 4 5 3 4 1 5 5 1 3 4 5 3 4 5 6 3 5 3 4 2 1 3 5 0 1 1 4 4 6 
5 6 5 6 5 6 6 6 6 5 2 4 4 4 1 5 2 0 2 2 4 3 4 4 3 5 3 4 3 1 4 2 1 5 1 2 3 1 2 2 3 2 2 5 1 2 2 2 4 2 2 3 3 5 3 2 2 3 3 2 1 3 0 0 3 2 3 2 3 2 2 2 5 2 3 5 5 0 2 3 5 3 3 2 1 0 1 4 4 1 1 4 4 2 2 3 0 1 5 4 4 3 4 2 2 3 2 4 0 2 5 2 1 4 0 3 2 1 3 2 1 1 1 1 0 1 3 2 2 3 2 3 2 0 4 4 5 1 0 1 
6 5 6 5 6 5 5 5 5 6 1 1 4 2 3 4 1 3 2 1 5 3 4 5 4 4 4 2 1 0 2 2 3 4 1 0 1 1 1 2 1 0 2 4 3 1 0 4 3 2 2 1 1 2 1 3 0 1 2 0 3 1 2 2 2 0 3 2 4 1 1 3 4 2 4 4 4 2 1 2 4 1 3 1 1 2 3 2 3 1 1 3 4 0 1 0 2 2 4 2 2 1 4 3 3 0 2 2 2 0 3 1 3 4 2 1 3 2 1 0 1 3 1 1 2 3 3 4 2 3 0 1 0 2 2 1 3 1 1 3 
5 1 5 1 5 1 1 1 1 5 5 2 3 1 5 1 2 6 6 3 4 4 1 5 4 0 4 5 3 4 1 6 7 0 3 4 3 4 3 3 2 4 3 0 7 3 4 7 1 3 6 2 2 1 2 5 3 3 2 3 6 2 5 6 2 3 4 6 4 3 5 4 0 6 4 0 0 5 5 6 1 2 3 5 5 5 7 1 3 4 5 1 2 3 5 3 6 6 1 2 5 2 3 4 3 3 6 1 5 3 0 5 5 3 5 3 6 6 2 4 5 6 4 5 5 6 3 5 3 4 4 2 4 5 1 2 0 5 4 6 
7 6 7 6 7 6 6 6 6 7 0 2 6 3 4 5 3 3 1 2 6 5 5 6 5 5 5 1 2 2 3 1 2 5 2 1 2 3 3 3 3 1 4 5 4 3 0 3 5 3 1 3 3 4 3 5 2 2 3 1 3 3 2 2 4 1 5 1 5 2 0 4 5 1 5 5 5 3 0 0 5 2 5 0 1 2 3 3 5 2 0 5 5 1 0 1 2 1 5 2 1 3 6 5 4 1 1 4 2 1 5 0 4 5 3 2 2 1 3 0 1 4 2 0 2 3 5 5 3 5 1 3 1 3 4 2 5 1 2 3 
3 6 3 6 3 6 6 6 6 3 3 4 3 4 0 5 2 1 3 2 3 1 4 2 1 5 2 5 4 2 4 3 3 4 2 3 4 1 2 2 4 3 1 5 2 2 4 3 3 2 4 4 3 5 3 0 2 4 3 3 2 3 1 2 3 3 1 4 2 2 4 0 5 4 2 5 5 1 4 5 4 3 1 4 3 1 3 4 2 1 3 4 3 3 3 4 2 3 4 5 5 3 3 1 1 4 4 5 1 3 5 4 0 3 1 4 4 3 3 4 3 0 1 3 1 2 2 1 2 1 3 4 3 1 4 4 5 2 1 1 
2 4 2 4 2 4 4 4 4 2 5 4 0 2 4 2 2 4 6 3 1 1 1 2 1 2 1 7 5 3 3 6 6 2 3 4 4 3 2 2 3 4 1 2 5 2 5 6 1 2 6 3 3 3 3 2 3 5 2 4 5 3 4 5 1 4 1 6 1 3 6 2 2 6 1 2 3 4 5 6 1 3 1 5 5 4 6 3 0 3 5 1 0 4 5 4 5 6 2 4 6 2 0 1 1 4 6 3 4 4 3 5 3 0 4 4 6 6 3 5 5 3 3 5 4 5 0 2 2 1 4 3 4 4 3 4 2 4 4 5 
4 6 4 6 4 6 6 6 6 4 2 4 4 4 0 5 2 0 2 2 4 2 4 3 2 5 3 4 4 1 4 2 2 5 1 2 4 1 2 2 4 2 2 5 1 2 3 2 4 2 2 3 3 5 3 1 2 4 3 2 1 3 0 1 3 2 2 3 3 2 3 1 5 3 3 5 5 0 3 4 4 3 2 3 2 0 2 4 3 1 2 4 4 2 2 3 1 2 5 4 4 3 3 2 2 3 3 4 0 2 5 3 1 4 0 4 2 2 3 3 2 1 1 2 0 1 3 2 2 2 3 3 2 0 4 4 5 1 0 1 
6 4 6 4 6 4 4 4 4 6 2 0 4 1 4 3 2 4 4 1 5 4 3 5 4 3 4 2 0 2 1 3 4 3 2 1 0 3 2 2 0 1 3 3 5 2 1 5 3 2 3 1 1 1 1 4 1 0 2 1 4 1 3 4 2 1 4 3 5 2 2 4 3 3 4 3 3 3 2 3 3 1 4 2 2 3 4 1 4 3 2 3 4 1 2 0 4 4 3 0 2 1 4 4 3 0 3 1 3 1 3 2 4 4 4 0 4 3 1 1 3 5 2 2 4 4 4 5 2 4 1 0 1 4 2 0 3 2 3 4 
7 8 7 8 7 8 8 8 8 7 1 4 6 5 3 7 4 3 0 3 6 5 6 6 5 7 5 3 3 2 5 0 1 6 3 2 4 3 4 4 4 2 4 6 2 4 2 1 6 4 0 4 4 5 4 4 3 3 4 3 1 4 2 1 5 3 5 0 5 3 1 4 7 0 6 7 7 2 1 2 6 4 5 2 1 2 1 5 6 3 1 6 6 3 1 3 1 0 7 4 3 4 6 5 5 3 0 5 2 3 6 2 4 6 2 4 0 0 4 2 1 4 2 1 2 1 5 5 4 5 3 4 2 2 5 4 6 1 2 2 
7 7 7 7 7 7 7 7 7 7 1 4 6 4 2 6 3 2 0 3 6 4 6 5 4 6 5 3 3 2 4 0 0 6 2 2 4 2 3 3 4 2 4 6 2 3 2 1 5 3 0 4 4 5 4 4 3 3 4 2 1 4 1 1 4 2 4 0 5 3 1 4 6 1 5 6 6 2 1 2 6 3 4 2 1 1 1 4 5 2 1 5 6 2 1 3 1 0 6 4 3 4 6 4 4 3 0 5 1 2 6 1 3 6 2 3 0 0 4 2 0 3 2 1 1 1 5 4 3 4 2 4 2 2 5 4 6 1 2 2 
5 3 5 3 5 3 3 3 3 5 3 0 3 0 4 2 1 4 4 1 4 3 2 4 3 2 3 3 1 1 0 4 4 2 1 1 1 2 1 1 0 2 2 2 5 1 2 5 2 1 3 0 0 1 0 3 1 1 1 1 4 0 3 4 1 1 3 4 3 1 3 3 2 4 3 2 2 3 3 4 2 0 3 2 2 3 4 0 2 2 3 2 3 1 2 1 4 4 2 1 3 0 3 3 2 1 3 1 3 1 2 3 3 3 3 1 4 4 0 2 3 4 2 2 3 4 2 4 1 3 1 0 1 3 1 1 2 2 2 4 
7 5 7 5 7 5 5 5 5 7 1 2 5 2 3 4 2 3 2 1 6 4 4 5 4 4 4 1 1 1 2 2 3 4 2 0 1 2 2 2 2 0 3 4 4 2 0 4 4 2 1 2 2 3 2 4 1 1 2 1 3 2 2 2 3 0 4 2 5 2 1 4 5 1 5 4 4 2 1 1 4 1 4 0 1 2 3 3 4 2 1 4 5 1 0 0 3 2 4 2 1 2 5 4 3 0 1 3 2 0 4 0 4 5 3 1 2 2 2 0 1 4 2 1 2 3 4 4 2 4 0 2 0 3 3 1 4 1 2 3 
6 6 6 6 6 6 6 6 6 6 0 3 5 4 3 5 3 2 1 2 6 4 5 5 4 6 5 2 2 1 4 0 1 5 2 1 3 2 2 3 3 1 3 5 2 3 1 2 5 3 0 3 3 4 3 4 2 2 3 2 2 3 1 1 4 1 4 0 5 2 1 3 6 0 5 5 5 2 0 1 5 2 4 1 0 1 1 4 5 2 0 5 5 2 0 2 1 1 5 3 2 3 5 4 4 2 0 4 1 1 5 1 3 5 2 3 1 0 3 1 0 3 1 0 1 2 4 4 3 4 1 3 1 2 4 3 5 0 1 2 
3 7 3 7 3 7 7 7 7 3 3 5 3 4 0 5 3 0 3 3 3 1 4 2 2 6 2 6 5 3 4 3 3 5 2 4 5 1 2 3 4 3 2 5 2 2 4 3 4 3 4 4 4 5 4 1 3 5 3 3 2 4 2 2 3 4 2 4 2 2 4 1 6 4 2 5 6 1 4 5 5 4 2 4 3 2 2 4 3 2 3 4 4 3 4 4 2 3 5 5 5 4 3 1 2 4 4 5 1 3 6 4 0 3 1 5 4 3 4 4 3 0 2 3 1 2 3 1 2 2 4 4 3 1 5 5 5 2 2 1 
5 6 5 6 5 6 6 6 6 5 1 3 4 3 1 4 1 1 2 1 4 2 4 3 3 4 3 3 3 0 3 2 2 4 0 1 3 0 1 1 2 1 2 4 2 1 2 3 3 1 2 2 2 4 2 2 1 2 2 1 2 2 0 1 2 1 2 2 3 1 2 2 4 2 3 4 4 0 2 3 4 2 2 2 1 0 2 3 3 0 1 3 4 1 2 2 1 2 4 3 3 2 3 2 2 2 2 3 1 1 4 2 1 3 1 2 2 2 2 2 1 2 0 1 1 2 3 2 1 2 1 2 1 1 3 3 4 0 0 2 
6 6 6 6 6 6 6 6 6 6 0 3 5 3 3 5 2 2 1 2 6 4 5 5 4 5 4 2 2 1 3 1 2 5 2 1 2 2 2 3 3 0 3 5 3 2 1 3 5 3 1 3 2 4 3 4 2 2 3 1 2 3 1 1 3 1 4 1 5 2 1 3 5 1 5 5 5 2 0 1 5 2 4 0 0 1 2 3 4 2 0 5 5 1 0 1 2 1 5 3 2 3 5 4 3 1 1 4 1 1 5 0 3 5 2 2 1 1 2 1 0 3 1 0 2 2 4 4 3 4 1 3 1 2 4 2 5 0 1 2 
5 7 5 7 5 7 7 7 7 5 2 4 4 4 1 5 2 0 1 2 4 3 5 4 3 6 3 4 4 1 4 2 1 5 2 2 4 1 2 2 4 2 2 5 1 2 2 1 4 2 2 4 3 5 3 2 2 4 3 2 0 3 0 0 3 2 3 2 3 2 3 2 6 2 3 5 5 0 2 3 5 3 3 3 1 0 1 4 4 1 2 4 5 2 2 3 0 1 5 4 4 3 4 2 3 3 2 5 0 2 5 2 1 4 0 4 2 1 3 2 1 1 1 2 0 1 3 3 2 3 2 4 2 0 5 4 5 1 0 0 
6 8 6 8 6 8 8 8 8 6 2 5 6 5 1 6 4 1 1 3 5 4 6 5 4 7 4 4 4 2 5 1 0 6 3 3 4 2 3 4 5 3 4 6 0 3 3 0 6 4 2 5 4 6 4 3 3 4 4 3 0 4 1 0 5 3 4 2 4 3 3 3 7 2 5 6 7 1 2 3 6 4 4 3 2 1 0 5 5 2 2 6 6 3 2 4 0 1 6 5 4 4 5 4 4 3 2 6 1 3 6 3 2 5 1 4 1 1 4 3 2 2 2 2 1 0 5 3 3 4 3 5 3 1 6 5 6 2 1 0 
2 4 2 4 2 4 4 4 4 2 4 3 1 2 3 2 2 3 5 2 1 1 1 1 1 3 0 6 4 3 3 5 5 2 2 4 4 2 2 1 3 4 1 3 4 1 4 5 1 1 5 3 3 3 2 2 2 4 1 3 4 2 3 4 1 3 0 5 1 2 5 1 3 5 0 2 3 3 5 6 2 3 0 5 4 3 5 3 0 2 4 1 1 3 4 4 4 5 2 4 5 2 0 1 0 4 5 3 3 3 3 5 2 0 3 4 5 5 2 4 4 3 3 4 3 5 0 1 1 0 4 3 3 3 3 4 2 3 3 4 
2 6 2 6 2 6 6 6 6 2 4 5 2 4 2 4 2 2 4 3 2 0 3 1 0 5 1 6 5 3 4 5 4 4 2 4 5 2 2 2 4 4 1 4 3 2 4 4 3 2 5 4 4 5 4 0 3 5 3 4 3 4 3 3 3 4 1 5 1 2 5 0 5 5 1 4 5 2 5 6 4 4 1 5 4 2 4 4 2 2 4 3 3 4 5 5 3 4 4 5 6 3 2 0 1 4 5 5 2 4 5 5 1 2 2 5 5 4 4 4 4 1 2 4 3 3 1 0 2 1 4 4 4 2 4 5 4 3 2 3 
4 4 4 4 4 4 4 4 4 4 3 2 2 1 2 3 0 2 4 1 3 1 2 2 2 3 1 4 3 1 2 4 4 2 1 2 2 1 0 0 2 2 0 3 3 0 3 4 2 0 3 2 1 3 1 2 1 3 1 1 3 1 2 3 1 2 1 4 2 0 3 1 3 4 2 3 3 2 3 4 2 1 1 3 2 2 4 2 1 1 3 2 2 2 3 2 3 4 3 3 4 1 2 1 0 2 3 3 2 2 3 3 2 2 2 2 4 3 1 2 3 2 1 3 2 3 1 2 0 1 2 2 2 2 2 2 3 2 1 3 
2 5 2 5 2 5 5 5 5 2 4 4 1 3 2 3 2 2 5 2 1 0 2 1 0 4 0 6 5 3 3 5 4 3 2 4 4 2 2 1 3 4 1 3 4 2 4 5 2 1 5 3 3 4 3 1 3 4 2 3 4 3 3 4 2 3 0 5 0 2 5 0 4 5 0 3 4 2 5 6 3 3 0 5 4 3 4 3 1 2 4 2 2 3 4 4 4 5 3 4 6 3 1 0 0 4 5 4 3 3 4 5 1 1 2 4 5 4 3 4 4 2 2 4 3 4 0 1 1 0 4 3 3 2 4 4 3 3 2 3 
6 5 6 5 6 5 5 5 5 6 1 1 4 2 3 4 2 3 2 1 5 4 4 5 4 4 4 2 1 1 2 2 3 4 1 0 1 2 2 2 1 0 3 4 4 2 0 4 4 2 2 1 1 2 2 4 1 1 2 0 3 1 2 3 2 0 3 2 4 1 1 3 4 2 4 4 4 2 1 2 4 1 3 1 1 2 3 2 4 2 1 3 4 0 1 0 3 2 4 1 1 1 4 3 3 0 2 2 2 0 4 1 3 4 3 1 3 2 1 0 1 4 1 1 2 3 4 4 2 4 0 1 0 2 2 1 3 1 2 3 
6 3 6 3 6 3 3 3 3 6 3 0 4 0 4 2 1 4 4 1 4 4 3 5 4 2 4 3 1 2 0 4 5 2 2 1 0 2 2 1 0 2 2 2 5 1 2 5 2 2 4 0 0 1 0 4 1 1 1 1 4 0 3 4 1 1 3 4 4 2 3 3 2 4 4 2 2 3 3 3 3 0 3 2 3 3 5 0 3 2 3 2 3 1 2 1 4 4 2 1 2 0 3 3 3 1 4 1 3 1 2 3 4 3 3 0 4 4 0 2 3 4 2 3 4 5 3 4 2 3 1 0 2 3 1 0 2 2 3 4 
6 5 6 5 6 5 5 5 5 6 1 2 4 2 3 4 1 2 2 1 5 3 4 4 3 4 4 2 1 0 2 2 3 4 1 0 1 1 1 2 2 0 2 4 3 1 0 3 3 2 2 2 1 3 2 3 0 1 2 0 2 2 1 2 2 0 3 2 4 1 1 3 4 2 4 4 4 2 1 2 4 1 3 1 1 1 3 2 3 1 1 3 4 0 1 1 2 2 4 2 2 2 4 3 3 0 2 3 2 0 4 1 3 4 2 1 2 2 1 0 1 3 1 1 2 3 3 4 2 3 0 2 0 2 3 2 4 0 1 3 
4 6 4 6 4 6 6 6 6 4 2 4 4 4 0 5 2 0 2 2 4 2 4 3 2 5 3 4 4 1 4 2 2 5 1 2 4 1 2 2 4 2 2 5 1 2 3 2 4 2 2 3 3 5 3 2 2 4 3 2 1 3 0 1 3 2 2 3 3 2 3 1 5 3 3 5 5 0 3 4 5 3 2 3 1 0 1 4 3 1 2 4 4 2 2 3 1 2 5 4 4 3 4 2 2 3 2 5 0 2 5 3 1 4 0 4 2 2 3 3 2 1 1 2 0 1 3 2 2 2 2 3 2 0 4 4 5 1 0 1 
6 2 6 2 6 2 2 2 2 6 4 1 3 0 5 1 2 5 5 2 4 4 2 5 4 1 4 4 2 3 0 5 6 1 3 3 1 3 2 2 1 3 3 1 6 2 3 6 2 2 5 1 1 0 1 4 2 2 1 2 5 1 4 5 1 2 3 5 4 2 4 4 1 5 4 1 1 4 4 5 2 1 3 4 4 4 6 0 3 3 4 1 2 2 4 2 5 5 1 1 4 1 3 4 3 2 5 0 4 2 1 4 4 3 4 2 5 5 1 3 4 5 3 4 5 6 3 4 2 4 2 1 3 4 0 1 1 4 4 5 
6 3 6 3 6 3 3 3 3 6 3 0 4 1 4 3 2 4 4 2 5 4 3 5 4 3 4 3 0 2 1 4 5 3 2 1 0 3 2 2 0 2 3 2 5 2 2 5 3 2 3 1 1 1 1 5 1 0 2 1 5 1 3 4 2 1 4 3 5 2 2 4 3 3 4 3 3 3 2 3 3 1 4 2 3 3 5 1 4 3 3 3 4 1 2 1 4 4 3 0 2 1 4 4 3 1 3 1 4 1 2 2 4 4 4 0 4 4 1 1 3 5 3 2 4 5 4 5 2 4 1 0 2 4 1 0 2 3 3 5 
5 1 5 1 5 1 1 1 1 5 5 2 3 1 5 0 2 5 6 3 4 4 1 4 4 0 3 5 3 4 1 6 6 0 3 4 3 4 3 2 2 4 3 0 6 2 4 7 1 2 6 2 2 1 1 4 3 3 2 3 6 2 5 6 1 3 3 6 4 3 5 4 0 6 3 0 0 5 5 6 1 2 3 5 5 5 6 1 2 4 5 1 2 3 5 3 6 6 0 3 5 2 3 4 3 3 6 1 5 3 0 5 5 2 5 3 6 6 2 4 5 5 4 5 5 6 2 4 3 3 3 2 4 5 1 2 0 4 4 6 
6 6 6 6 6 6 6 6 6 6 1 3 4 3 2 5 2 2 1 1 5 3 4 4 3 5 4 3 2 0 3 1 2 4 1 1 2 1 2 2 3 1 2 5 2 2 1 2 4 2 1 3 2 4 3 3 1 2 2 1 2 2 0 1 3 1 3 1 4 1 1 3 5 1 4 5 5 1 1 2 5 2 3 1 0 0 2 3 4 1 0 4 4 1 1 2 1 1 5 3 3 2 4 3 3 1 1 4 1 1 5 1 2 4 1 2 1 1 2 1 0 2 0 0 1 2 3 3 2 3 1 2 0 1 4 3 4 0 0 2 
5 6 5 6 5 6 6 6 6 5 1 3 4 3 1 4 2 1 2 1 4 2 4 3 2 5 3 4 3 1 3 2 2 4 1 2 3 0 1 2 3 1 2 4 2 1 2 2 4 2 2 3 2 4 3 2 1 3 2 2 1 2 0 1 3 2 2 2 3 1 2 2 5 2 3 5 5 0 2 3 4 2 2 2 1 0 2 3 3 0 1 4 4 1 2 2 1 2 4 3 3 2 4 2 2 2 2 4 0 1 4 2 1 4 0 3 2 2 2 2 1 2 0 1 0 1 3 2 1 2 2 3 1 0 4 3 4 0 0 1 
5 8 5 8 5 8 8 8 8 5 2 5 5 5 1 6 3 0 2 3 5 3 5 4 3 6 4 5 4 2 5 2 1 6 2 3 5 2 3 3 5 3 3 6 0 3 3 1 5 3 2 4 4 6 4 2 3 4 4 3 0 4 1 0 4 3 3 2 4 3 3 2 6 3 4 6 6 1 3 4 6 4 3 3 2 1 1 5 4 2 2 5 5 3 3 4 0 2 6 5 5 4 5 3 3 4 2 6 1 3 6 3 1 5 1 4 2 2 4 3 2 1 2 2 0 0 4 3 3 3 3 4 3 1 5 5 6 2 1 0 
