130 11753.86 0 1680 14 120
4.1 29.71 69.29 41.72 91.14 65.52 9.43 81.03 9.99 37.75 80.67 49.36 6.56 82.15 7.13 41.46 26.13 87.19 84.7 12.78 84.73 68.49 75.26 62.14 68.35 76.6 12.47 51.35 83.11 43.01 40.84 27.76 16.32 32.22 64.52 95.78 35.34 18.22 61.3 47.22 17.37 96.28 25.29 87.0 58.94 35.95 84.25 2.17 95.99 42.56 40.56 38.17 3.58 91.68 29.49 26.15 6.72 46.13 1.97 49.45 9.33 60.93 94.43 48.36 50.41 13.3 70.91 20.35 47.99 58.28 76.2 28.99 13.48 84.53 61.02 53.99 53.66 41.66 26.29 7.55 57.21 8.96 40.54 37.85 87.7 82.55 18.79 24.56 15.45 64.8 41.84 69.57 7.6 14.39 93.13 32.0 42.0 73.91 75.65 26.88 6.98 14.06 26.85 62.39 57.97 84.25 6.76 96.72 64.59 25.95 50.02 2.93 64.41 17.6 41.72 74.63 47.47 25.56 69.45 92.29 91.1 58.76 71.68 93.84 38.47 17.45 13.25 87.64 90.69 58.13 
17.47 80.22 38.49 65.34 28.08 25.54 16.73 86.76 52.56 73.97 47.47 18.79 60.21 84.17 35.75 51.8 76.04 17.65 42.29 60.17 33.9 57.55 20.78 46.86 37.21 45.45 56.91 76.77 46.06 38.69 76.57 58.98 49.95 45.65 34.11 35.62 23.61 74.88 44.44 70.18 70.04 65.73 17.05 35.19 46.85 53.88 79.16 37.55 28.85 82.01 75.0 80.72 59.42 82.44 22.43 55.02 36.61 51.17 62.38 69.95 42.28 36.1 66.13 76.83 32.46 43.81 76.47 36.56 60.34 67.31 47.76 78.88 18.88 26.96 48.11 88.14 47.43 87.08 26.77 54.62 16.77 38.56 48.81 18.92 16.73 80.24 40.45 37.73 58.14 40.88 76.84 68.85 52.54 41.49 53.21 66.65 82.98 10.76 36.67 67.85 23.97 47.57 79.75 55.56 48.76 40.23 60.83 11.23 20.24 59.29 64.63 33.48 66.24 31.95 75.57 34.65 72.0 76.84 82.3 10.3 45.3 19.11 85.38 81.88 70.48 60.81 72.98 52.82 22.36 44.92 
1 3 7 4 9 6 1 8 1 4 8 5 1 8 1 4 3 8 8 2 8 7 7 6 7 7 2 5 8 4 4 3 2 3 6 9 4 2 6 5 2 9 3 8 6 4 8 1 9 4 4 4 1 9 3 3 1 5 1 5 1 6 9 5 5 2 7 2 5 6 7 3 2 8 6 5 5 4 3 1 6 1 4 4 8 8 2 3 2 6 4 7 1 2 9 3 4 7 7 3 1 2 3 6 6 8 1 9 6 3 5 1 6 2 4 7 5 3 7 9 9 6 7 9 4 2 2 8 9 6 
1 2 3 4 5 6 7 8 9 10 11 12 13 14 15 16 17 18 19 20 21 22 23 24 25 26 27 28 29 30 31 32 33 34 35 36 37 38 39 40 41 42 43 44 45 46 47 48 49 50 51 52 53 54 55 56 57 58 59 60 61 62 63 64 65 66 67 68 69 70 71 72 73 74 75 76 77 78 79 80 81 82 83 84 85 86 87 88 89 90 91 92 93 94 95 96 97 98 99 100 101 102 103 104 105 106 107 108 109 110 111 112 113 114 115 116 117 118 119 120 121 122 123 124 125 126 127 128 129 130 
3 2 3 1 2 3 3 3 3 1 3 1 3 3 3 1 2 3 3 3 3 3 3 3 3 3 3 1 3 1 1 2 3 2 3 2 1 3 3 1 3 2 2 3 3 1 3 3 2 1 1 1 3 2 2 2 3 1 3 1 3 3 2 1 1 3 3 3 1 3 3 2 3 3 3 1 1 1 2 3 3 3 1 1 3 3 3 2 3 3 1 3 3 3 2 2 1 3 3 2 3 3 2 3 3 3 3 2 3 2 1 3 3 3 1 3 1 2 3 2 2 3 3 2 1 3 3 3 2 3 
3 2 1 1 1 3 3 2 3 1 2 3 3 2 3 1 2 2 2 1 2 1 1 3 1 1 1 3 2 1 1 2 1 2 3 1 1 1 3 3 1 1 2 2 3 1 2 3 1 1 1 1 3 1 2 2 3 3 3 3 3 3 1 3 3 1 1 1 3 3 1 2 1 2 3 3 3 1 2 3 3 3 1 1 2 2 1 2 1 3 1 1 3 1 1 2 1 1 1 2 3 1 2 3 3 2 3 1 3 2 3 3 3 1 1 1 3 2 1 1 1 3 1 1 1 1 1 2 1 3 
8 2 6 4 8 7 8 3 7 4 1 10 4 5 3 7 5 9 8 5 1 4 1 4 4 3 7 7 5 6 10 4 9 10 7 4 2 8 7 9 5 1 8 10 1 6 1 5 9 10 1 2 6 6 2 8 10 10 6 7 9 9 6 4 9 2 7 7 4 1 6 2 10 10 10 6 10 5 9 4 7 8 7 9 8 8 4 9 9 8 10 2 3 4 7 2 5 6 10 2 1 7 3 4 7 4 4 6 4 5 7 10 10 1 6 7 5 4 3 2 3 9 10 8 5 7 3 5 9 3 
3819.83 3315.83 3789.81 4232.43 4466.58 3275.16 4278.2 4320.8 3358.84 4397.12 3405.26 4713.25 4394.48 4265.03 4709.2 3301.55 4247.87 4818.98 4458.45 4273.05 3354.93 4441.01 3343.42 4247.71 4414.14 4139.17 3189.7 3490.95 4275.85 3860.48 4828.71 4350.71 4511.64 4757.52 3301.83 4423.12 3214.66 3878.53 3375.7 4482.95 4247.44 3489.05 4466.85 4877.43 3496.48 3650.37 3431.13 4267.42 4350.82 4731.62 3302.81 3137.56 4017.57 3970.11 3086.72 3780.83 4896.71 4910.62 3786.51 3351.78 4617.52 4622.45 3704.94 4267.78 4769.78 3373.74 3299.93 3392.61 4387.23 3429.07 3862.41 3073.15 4697.94 4700.04 4869.2 3980.22 4735.45 4262.29 4579.33 4445.04 3340.27 3836.46 3590.44 4862.45 3544.33 3887.62 4288.58 4399.43 4478.97 4445.18 4697.45 3083.62 3973.21 4363.7 3334.44 3145.87 4275.22 3945.03 4908.15 3105.06 3582.01 3344.87 4661.68 4429.72 3378.65 4408.16 4437.56 3778.58 4218.88 4263.18 3322.47 4952.7 4907.79 3325.79 4037.71 3244.39 4246.94 4433.57 4060.5 3174.44 4751.33 4386.45 4796.21 4394.08 4269.14 3598.73 3905.96 4240.55 4489.44 4832.36 
0.91 0.81 0.84 0.18 0.92 0.88 0.89 0.71 0.28 0.2 0.17 0.28 0.29 0.82 0.66 0.11 0.83 0.37 0.91 0.82 0.27 0.43 0.24 0.5 0.58 0.72 0.39 0.18 0.83 0.74 0.28 0.3 0.32 0.26 0.59 0.48 0.79 0.91 0.18 0.37 0.81 0.13 0.88 0.26 0.17 0.22 0.36 0.83 0.33 0.26 0.28 0.78 0.59 0.5 0.82 0.89 0.3 0.31 0.14 0.16 0.32 0.34 0.34 0.36 0.35 0.78 0.9 0.48 0.38 0.3 0.86 0.78 0.25 0.27 0.28 0.57 0.28 0.84 0.34 0.5 0.29 0.86 0.7 0.36 0.87 0.9 0.49 0.33 0.36 0.93 0.29 0.83 0.74 0.56 0.54 0.84 0.82 0.28 0.29 0.83 0.4 0.08 0.71 0.35 0.11 0.45 0.4 0.44 0.53 0.82 0.14 0.29 0.28 0.14 0.24 0.69 0.82 0.51 0.73 0.81 0.78 0.35 0.28 0.91 0.83 0.12 0.67 0.81 0.33 0.67 
1.0 0.9 1.0 0.52 0.89 1.0 0.73 0.62 0.75 1.0 0.82 0.57 0.93 0.73 0.51 0.98 0.77 0.98 0.84 0.91 0.91 0.68 0.84 0.65 0.96 0.53 0.72 0.94 1.0 1.0 1.0 0.83 0.93 0.84 0.67 0.77 0.9 0.75 0.94 0.97 0.94 0.66 0.69 0.51 0.81 0.62 0.76 0.5 0.57 0.68 0.66 0.55 0.61 0.73 0.98 0.81 0.95 0.83 0.91 0.57 0.51 1.0 0.94 0.71 0.8 0.52 0.62 0.68 0.87 1.0 0.84 0.52 0.93 0.68 0.61 0.63 0.62 0.69 0.64 0.79 0.8 0.63 0.82 0.61 0.9 0.96 0.8 0.6 0.54 1.0 0.91 0.78 0.86 1.0 0.8 0.66 0.98 0.53 0.91 1.0 0.88 0.93 0.64 1.0 0.81 0.72 0.85 0.98 0.82 0.63 0.77 1.0 0.83 0.88 0.85 0.99 0.68 0.96 0.54 0.69 1.0 0.59 0.75 0.85 0.82 0.65 0.87 0.64 0.88 0.66 
0.86 0.88 0.78 0.83 1.0 1.0 0.82 0.55 0.51 0.68 0.52 1.0 0.9 0.81 0.53 0.98 0.65 0.98 0.88 1.0 0.93 0.74 1.0 0.56 1.0 1.0 0.82 1.0 0.78 0.69 0.75 0.92 0.82 0.8 0.74 0.75 0.53 0.76 0.81 0.51 0.9 0.77 0.54 0.57 0.86 1.0 0.67 0.6 0.93 0.96 0.6 0.7 0.69 0.79 0.87 0.81 0.59 0.8 0.96 1.0 0.75 0.62 0.84 0.74 0.93 1.0 0.85 0.62 0.97 0.99 0.81 0.69 0.7 0.58 0.86 0.57 1.0 0.69 0.64 0.71 0.68 0.58 0.87 0.56 1.0 0.66 1.0 0.87 0.54 0.55 0.56 1.0 0.79 0.6 0.54 0.97 0.92 0.59 0.64 0.65 0.69 0.66 0.83 0.98 0.8 0.83 0.66 1.0 0.63 0.94 0.88 0.92 0.91 0.85 0.68 1.0 0.95 0.77 0.98 1.0 0.56 1.0 0.76 1.0 1.0 0.78 0.67 0.7 0.96 0.95 
0.53 0.6 0.83 0.89 0.7 1.0 0.66 0.81 0.79 0.97 0.51 0.59 0.94 0.85 1.0 0.92 0.84 1.0 0.75 0.75 0.99 0.53 0.63 0.86 0.8 0.98 0.97 0.61 1.0 0.51 0.98 0.87 1.0 1.0 0.93 0.84 0.99 0.58 0.74 0.94 1.0 0.77 0.64 0.8 0.98 0.95 1.0 0.91 0.95 0.57 0.58 0.52 0.57 0.83 0.64 1.0 0.7 0.71 0.94 0.55 0.95 1.0 0.86 0.88 0.96 0.73 0.64 0.71 0.89 0.72 0.86 0.55 1.0 0.91 0.76 0.53 0.67 0.78 0.56 0.89 0.56 1.0 0.95 1.0 0.53 0.94 1.0 0.89 0.63 0.82 0.95 1.0 0.98 0.71 0.6 1.0 1.0 0.52 0.71 0.74 0.97 1.0 1.0 0.8 0.51 0.53 0.77 0.97 0.95 0.58 0.53 1.0 0.72 0.8 0.64 0.57 0.75 0.74 0.68 1.0 0.52 0.85 0.53 0.54 0.7 0.79 1.0 0.98 0.84 0.76 
0.85 0.6 0.8 1.0 0.78 0.79 0.73 0.67 0.75 1.0 0.74 0.77 0.84 0.96 0.63 0.92 0.74 0.8 1.0 1.0 1.0 1.0 0.71 0.86 0.79 1.0 1.0 0.5 0.96 0.73 0.76 0.59 0.92 0.9 0.72 0.52 0.99 1.0 0.72 0.58 0.92 0.73 0.65 0.52 1.0 0.99 0.8 1.0 0.6 0.92 0.7 1.0 0.57 0.95 1.0 0.68 0.97 0.83 0.69 0.5 1.0 0.96 0.96 0.87 0.55 0.62 0.74 0.95 0.5 0.85 0.77 0.94 1.0 0.91 0.57 0.79 1.0 0.75 0.96 0.68 0.7 0.75 0.57 0.73 0.61 0.92 0.82 0.87 0.56 1.0 0.95 0.72 0.96 0.83 0.81 1.0 0.87 0.99 0.51 1.0 1.0 0.55 0.87 0.53 1.0 0.86 0.73 0.98 1.0 1.0 0.64 0.86 0.6 1.0 0.71 0.71 0.75 0.9 0.86 0.95 0.76 0.71 0.75 0.62 0.76 0.73 1.0 0.89 0.88 1.0 
0.89 0.85 0.87 0.72 0.52 0.79 0.78 1.0 0.81 0.71 0.7 0.54 0.91 0.69 0.9 0.65 0.91 0.72 0.95 0.91 0.92 0.51 0.97 0.81 0.79 0.75 0.96 0.58 1.0 0.77 1.0 0.63 0.65 0.72 1.0 0.55 0.67 0.61 0.73 0.66 0.73 0.52 0.64 0.78 0.69 0.69 1.0 0.9 0.7 0.86 1.0 1.0 0.62 0.86 0.9 1.0 0.87 0.98 1.0 0.52 0.95 1.0 0.54 0.81 1.0 0.79 0.78 0.87 1.0 1.0 1.0 1.0 0.68 0.93 0.61 1.0 0.68 1.0 0.7 0.76 0.57 0.75 0.7 0.93 0.93 0.89 0.83 0.81 0.71 0.9 0.75 0.66 0.81 0.52 0.61 0.75 1.0 0.75 1.0 1.0 0.81 0.55 0.61 0.81 0.81 1.0 0.61 0.75 0.59 0.61 0.95 0.92 0.95 1.0 0.77 0.78 0.58 0.52 0.8 0.74 0.67 0.61 0.58 0.53 0.85 0.9 0.94 0.53 0.95 0.67 
0.34 0.24 0.45 0.28 0.25 0.62 0.23 0.18 0.19 0.47 0.11 0.14 0.6 0.33 0.15 0.52 0.28 0.56 0.52 0.62 0.78 0.14 0.36 0.22 0.48 0.38 0.55 0.17 0.75 0.2 0.56 0.25 0.46 0.43 0.33 0.14 0.31 0.2 0.3 0.18 0.57 0.15 0.1 0.1 0.48 0.4 0.41 0.25 0.21 0.29 0.16 0.2 0.08 0.4 0.5 0.45 0.33 0.39 0.57 0.08 0.35 0.6 0.35 0.33 0.39 0.19 0.19 0.25 0.37 0.61 0.45 0.18 0.44 0.31 0.14 0.15 0.29 0.28 0.16 0.26 0.12 0.21 0.27 0.23 0.28 0.49 0.55 0.33 0.07 0.41 0.35 0.37 0.52 0.19 0.13 0.48 0.78 0.12 0.21 0.48 0.47 0.19 0.28 0.34 0.27 0.27 0.19 0.71 0.29 0.21 0.22 0.73 0.31 0.6 0.2 0.31 0.21 0.26 0.25 0.49 0.15 0.22 0.13 0.15 0.37 0.26 0.54 0.2 0.59 0.32 
1470.88 2519.52 1033.2 1474.51 1838.46 1398.75 2024.52 1076.4 1099.41 1784.54 1213.71 642.55 1701.98 1288.87 940.31 972.4 1286.7 948.5 2079.61 1267.93 1041.37 1275.64 1154.34 1729.54 2144.02 1058.73 1268.47 996.69 1338.46 1152.34 616.07 2167.84 638.07 550.13 1380.38 1902.06 2661.62 2040.16 1041.62 765.29 1501.35 619.99 1697.92 605.64 774.18 738.33 1258.3 1449.79 761.11 601.1 1269.54 2225.3 1151.42 1031.02 2307.77 1509.99 634.43 610.47 948.96 992.3 803.58 802.11 918.4 1311.94 684.81 2917.11 1274.41 1207.51 1625.89 1171.26 1185.34 2470.97 612.45 638.99 639.78 1003.01 681.18 1302.21 784.78 1233.28 1119.23 2033.76 1204.65 848.6 1901.57 1494.47 1382.46 897.57 720.65 1743.16 604.15 2610.42 1542.65 1541.63 1140.47 2705.87 1464.46 870.57 578.37 2609.29 1023.85 849.02 1214.23 1841.18 950.87 1780.87 1788.4 1019.69 1379.29 1458.04 1129.38 593.75 592.75 879.63 836.8 1212.98 1555.19 1529.33 1063.97 2665.89 1393.94 851.11 652.02 2100.06 1362.88 751.95 1084.9 1325.54 592.5 829.97 
533.48 630.91 516.61 416.26 577.36 822.48 407.09 205.35 193.85 855.56 165.02 73.53 1035.5 446.1 163.61 544.56 394.88 517.83 1086.95 781.75 703.63 211.82 440.85 366.83 925.37 411.4 713.59 187.85 978.23 238.22 379.59 573.81 299.04 240.89 598.52 222.33 742.9 481.32 338.12 110.72 872.81 104.98 130.43 52.14 402.19 316.6 524.93 441.48 165.24 175.47 205.57 442.06 110.52 461.35 970.99 719.63 198.0 203.48 553.02 72.26 282.62 448.79 319.18 461.68 278.28 519.94 277.71 265.43 622.53 733.31 523.12 497.78 249.13 202.94 119.14 129.62 191.12 359.89 135.29 326.09 111.57 464.61 300.21 173.4 509.4 741.77 789.7 272.02 38.87 711.23 195.59 1035.15 798.4 295.23 159.98 1456.9 1155.93 96.46 106.08 1369.45 508.68 186.05 339.92 630.22 239.77 456.56 376.76 746.28 450.24 253.34 205.06 447.64 183.71 534.58 152.37 338.46 304.27 321.72 255.83 1385.28 203.05 191.43 80.76 289.79 420.59 212.93 586.96 296.57 328.49 267.18 
6854.39 12097.6 4665.98 6872.56 8692.29 6493.77 9622.59 4881.98 4997.05 8422.68 5568.57 2712.75 8009.91 5944.36 4201.55 4362.02 5933.48 4242.5 9898.03 5839.67 4706.86 5878.19 5271.72 8147.68 10220.09 4793.64 5842.34 4483.43 6192.31 5261.7 2580.37 10339.18 2690.35 2250.67 6401.91 9010.29 12808.1 9700.81 4708.1 3326.46 7006.77 2599.93 7989.62 2528.22 3370.91 3191.63 5791.5 6748.93 3305.53 2505.52 5847.68 10626.48 5257.08 4655.12 11038.87 7049.95 2672.13 2552.37 4244.8 4461.48 3517.91 3510.56 4092.0 6059.72 2924.04 14085.55 5872.06 5537.55 7629.45 5356.32 5426.72 11854.87 2562.27 2694.95 2698.91 4515.05 2905.9 6011.05 3423.92 5666.42 5096.15 9668.78 5523.23 3743.0 9007.83 6972.36 6412.29 3987.84 3103.27 8215.79 2520.76 12552.08 7213.26 7208.15 5202.36 13029.35 6822.28 3852.84 2391.85 12546.47 4619.27 3745.11 5571.16 8705.92 4254.37 8404.34 8442.01 4598.45 6396.47 6790.19 5146.88 2468.76 2463.75 3898.13 3684.0 5564.9 7275.95 7146.67 4819.84 12829.47 6469.71 3755.53 2760.11 10000.32 6314.39 3259.74 4924.49 6127.72 2462.52 3649.86 
2167.39 2654.57 2083.03 1581.31 2386.82 3612.38 1535.47 526.73 469.26 3777.78 325.09 -132.37 4677.48 1730.52 318.06 2222.8 1474.4 2089.13 4934.76 3408.77 3018.17 559.1 1704.24 1334.17 4126.85 1556.99 3067.95 439.24 4391.13 691.09 1397.94 2369.04 995.19 704.44 2492.62 611.67 3214.51 1906.59 1190.58 53.61 3864.06 24.88 152.16 -239.28 1510.95 1082.99 2124.64 1707.38 326.21 377.34 527.83 1710.28 52.59 1806.73 4354.93 3098.13 490.0 517.4 2265.12 -138.72 913.11 1743.94 1095.89 1808.39 891.4 2099.71 888.57 827.17 2612.63 3166.55 2115.58 1988.88 745.64 514.71 95.68 148.11 455.58 1299.44 176.45 1130.45 57.83 1823.05 1001.05 367.01 2047.01 3208.86 3448.52 860.1 -305.66 3056.17 477.95 4675.76 3492.0 976.15 299.92 6784.48 5279.63 -17.7 30.39 6347.26 2043.39 430.26 1199.6 2651.09 698.87 1782.82 1383.79 3231.38 1751.19 766.7 525.31 1738.22 418.57 2172.9 261.84 1192.31 1021.33 1108.62 779.16 6426.4 515.23 457.17 -96.19 948.94 1602.93 564.67 2434.8 982.87 1142.46 835.91 
152.79 99.47 151.59 84.65 134.0 131.01 171.13 172.83 134.35 87.94 136.21 94.27 175.78 170.6 188.37 66.03 127.44 192.76 178.34 170.92 134.2 177.64 133.74 169.91 176.57 165.57 127.59 69.82 171.03 77.21 96.57 130.52 180.47 142.73 132.07 132.69 64.29 155.14 135.03 89.66 169.9 104.67 134.01 195.1 139.86 73.01 137.25 170.7 130.52 94.63 66.06 62.75 160.7 119.1 92.6 113.42 195.87 98.21 151.46 67.04 184.7 184.9 111.15 85.36 95.4 134.95 132.0 135.7 87.74 137.16 154.5 92.19 187.92 188.0 194.77 79.6 94.71 85.25 137.38 177.8 133.61 153.46 71.81 97.25 141.77 155.5 171.54 131.98 179.16 177.81 93.95 123.34 158.93 174.55 100.03 94.38 85.5 157.8 196.33 93.15 143.28 133.79 139.85 177.19 135.15 176.33 177.5 113.36 168.76 127.9 66.45 198.11 196.31 133.03 80.75 129.78 84.94 133.01 162.42 95.23 142.54 175.46 191.85 131.82 85.38 143.95 156.24 169.62 134.68 193.29 
16 9 16 6 12 14 18 18 14 6 14 6 18 18 20 4 12 20 19 18 14 19 14 18 18 17 13 4 18 5 6 12 19 13 14 12 4 16 14 6 18 9 12 20 14 5 14 18 12 6 4 4 17 11 8 10 20 7 16 4 19 19 10 6 6 14 14 14 6 14 16 8 20 20 20 5 6 6 13 19 14 16 5 6 15 16 18 12 19 19 6 13 17 18 9 8 6 16 21 8 15 14 13 18 14 18 19 10 18 12 4 21 21 14 5 13 6 12 17 9 13 18 20 12 6 15 16 18 12 20 
111 62 26 42 50 91 61 75 22 60 24 13 27 44 17 56 104 110 41 110 11 68 83 101 11 35 13 36 79 16 59 82 88 68 32 29 15 8 113 64 94 93 7 115 52 20 117 12 38 27 107 71 109 115 101 16 20 83 22 85 76 110 53 70 19 88 22 111 12 117 40 85 27 37 51 40 101 12 110 42 97 81 88 35 102 39 117 32 23 101 72 64 50 76 30 37 92 53 54 69 62 67 103 9 30 7 35 28 8 41 57 49 50 57 50 112 97 38 18 57 82 82 111 23 114 113 43 112 103 80 
120 104 120 120 103 120 104 102 120 120 80 28 71 117 110 120 120 120 120 120 87 115 120 120 33 109 54 52 120 84 120 111 120 120 120 57 106 47 120 81 116 120 24 120 70 120 120 120 120 120 120 120 120 120 120 120 46 98 120 111 115 120 120 84 111 120 75 120 74 120 86 99 100 120 120 120 118 26 120 120 120 107 120 120 120 113 120 98 79 120 103 112 83 120 120 83 120 120 118 120 81 120 120 112 118 58 69 45 37 120 78 98 120 120 120 120 120 96 120 120 120 120 120 40 120 120 120 120 120 120 
2
0.0 0.0 
0.0 0.0 
0 0 1 6 5 5 6 5 1 8 3 5 6 3 4 8 2 4 5 6 6 4 6 6 5 5 5 6 4 6 6 4 6 4 3 3 5 7 3 5 5 6 5 8 2 6 5 4 8 2 7 6 6 6 4 8 2 4 2 4 4 6 3 5 8 6 4 3 7 2 5 6 6 6 1 6 5 7 5 6 2 3 4 2 4 3 6 8 3 3 4 5 6 6 3 3 7 5 6 5 6 5 1 3 6 5 5 6 4 6 4 4 5 2 6 2 6 5 6 5 7 6 7 4 7 8 5 4 5 7 6 5 
0 0 1 6 5 5 6 5 1 8 3 5 6 3 4 8 2 4 5 6 6 4 6 6 5 5 5 6 4 6 6 4 6 4 3 3 5 7 3 5 5 6 5 8 2 6 5 4 8 2 7 6 6 6 4 8 2 4 2 4 4 6 3 5 8 6 4 3 7 2 5 6 6 6 1 6 5 7 5 6 2 3 4 2 4 3 6 8 3 3 4 5 6 6 3 3 7 5 6 5 6 5 1 3 6 5 5 6 4 6 4 4 5 2 6 2 6 5 6 5 7 6 7 4 7 8 5 4 5 7 6 5 
1 1 0 4 4 4 6 4 0 7 2 4 5 3 3 7 1 3 4 5 6 3 5 5 5 4 4 5 2 5 6 3 4 3 2 2 4 6 2 4 4 4 3 7 1 6 4 3 7 1 6 5 4 5 2 7 1 3 1 3 3 4 1 4 7 5 3 1 6 1 4 5 5 4 0 5 4 6 4 5 1 2 3 1 3 2 5 7 1 2 3 4 5 5 2 1 6 4 5 5 5 3 0 2 4 4 4 5 3 6 4 3 4 1 5 1 4 5 4 4 6 6 6 3 6 7 4 3 4 6 6 4 
6 6 4 0 4 1 5 4 4 3 2 0 4 4 2 3 3 2 0 6 4 1 5 3 5 3 4 4 2 1 4 3 0 1 2 2 4 5 4 0 3 1 1 4 4 5 3 1 3 3 5 0 0 0 2 4 4 1 3 2 2 1 3 3 4 1 3 2 2 3 1 2 4 0 4 5 3 1 2 0 3 2 4 3 2 4 6 3 2 3 1 3 0 2 2 2 4 0 0 5 4 0 4 2 0 2 3 4 2 6 4 1 1 3 2 3 0 4 1 0 2 6 5 4 3 4 0 1 1 4 6 3 
5 5 4 4 0 2 1 0 4 3 4 3 1 2 4 3 4 2 4 1 1 4 1 1 1 0 0 0 4 3 1 1 3 3 3 2 0 1 2 4 0 2 4 2 3 1 0 2 3 4 2 3 3 3 4 3 3 3 4 1 5 2 4 0 2 3 1 4 2 3 2 2 0 4 4 1 0 3 1 3 3 4 1 4 2 2 2 3 3 3 4 0 3 2 4 3 2 3 3 2 0 3 4 3 4 1 1 1 4 2 1 3 2 4 2 3 3 0 2 4 3 2 1 1 3 3 3 4 4 1 1 0 
5 5 4 1 2 0 4 3 4 3 2 0 3 3 2 3 3 0 1 4 3 2 3 1 3 1 2 2 2 1 3 1 0 1 2 1 2 4 3 1 2 0 1 3 3 3 1 0 3 3 4 1 0 1 2 3 3 1 3 1 2 0 2 2 3 0 2 2 2 2 0 1 2 1 3 4 1 1 1 1 2 2 3 3 1 3 4 3 2 2 1 2 0 2 2 2 3 0 1 4 3 1 3 2 1 1 1 3 2 5 3 1 0 3 1 2 0 3 0 1 2 5 3 3 2 3 0 1 2 3 4 1 
6 6 6 5 1 4 0 1 5 4 6 5 1 3 6 4 6 3 5 0 1 6 0 2 1 2 1 1 5 4 1 3 4 5 5 4 1 0 3 6 2 4 6 2 4 0 2 4 3 6 0 5 4 5 6 3 4 5 6 3 6 4 5 2 2 4 2 5 3 5 3 3 1 5 5 0 2 5 3 5 4 6 2 5 3 3 0 3 5 4 5 2 4 3 6 5 1 5 5 1 1 5 6 5 5 2 2 0 6 1 1 5 3 6 3 5 4 1 4 5 4 1 1 2 4 3 4 5 6 1 0 2 
5 5 4 4 0 3 1 0 4 4 4 3 1 1 4 4 4 2 4 1 1 4 1 2 0 1 0 1 4 3 1 1 4 3 3 2 0 2 2 4 1 3 4 3 2 1 1 2 4 4 2 4 3 4 5 4 2 3 4 2 5 3 4 0 3 3 1 3 3 3 2 3 1 4 3 1 1 4 1 4 2 4 0 4 2 2 1 4 3 3 4 1 4 3 4 3 2 3 4 1 1 4 4 3 4 2 1 1 4 2 0 3 3 4 2 3 3 0 3 4 4 2 2 0 4 4 3 4 5 2 1 1 
1 1 0 4 4 4 5 4 0 7 2 4 5 2 3 7 1 3 4 5 5 3 5 5 4 4 4 5 2 5 5 2 4 3 2 2 4 6 1 4 4 4 3 7 1 5 4 3 6 1 6 5 4 5 3 7 1 2 1 3 3 4 1 3 7 5 3 1 6 1 4 5 5 4 0 5 4 6 3 5 1 2 3 1 3 2 5 6 1 1 2 4 4 5 2 1 6 3 5 4 4 3 0 2 4 4 4 5 3 6 3 3 4 1 5 1 4 4 4 4 6 5 6 3 6 7 4 3 4 6 5 4 
8 8 7 3 3 3 4 4 7 0 5 3 2 5 5 0 6 3 3 4 3 5 3 2 4 3 3 2 5 2 2 4 2 4 5 4 3 3 5 4 3 2 4 1 6 3 3 3 0 6 4 2 3 3 5 0 5 4 6 3 5 2 6 3 1 2 4 5 1 5 3 2 2 3 6 4 3 1 3 2 5 5 5 6 3 5 5 0 5 5 5 3 2 1 5 5 2 3 2 5 3 4 6 5 3 2 3 3 5 5 4 4 2 6 1 5 2 3 2 4 0 5 3 5 0 0 3 4 4 2 4 3 
3 3 2 2 4 2 6 4 2 5 0 2 5 3 0 5 1 2 2 6 5 0 5 4 5 3 4 4 0 3 5 2 2 1 0 1 4 6 2 1 3 2 1 6 2 5 3 1 5 1 6 3 2 2 0 6 2 1 1 2 0 3 0 3 6 3 3 0 4 1 2 3 4 2 2 5 3 4 3 3 2 0 4 1 2 3 6 5 1 1 0 4 2 4 0 0 5 1 3 5 4 1 2 0 2 3 3 5 0 6 4 1 2 1 4 1 2 4 3 2 4 6 5 4 4 6 2 0 1 5 6 3 
5 5 4 0 3 0 5 3 4 3 2 0 3 4 2 3 3 1 0 5 4 2 4 2 4 2 3 3 2 0 3 2 0 1 2 2 3 4 3 1 2 0 1 4 4 4 2 1 3 3 5 0 0 0 2 3 3 1 3 1 2 0 3 3 4 0 3 2 2 2 1 1 3 0 4 4 2 1 2 0 3 2 4 3 1 3 5 3 2 2 1 3 0 2 2 2 4 0 0 5 3 0 4 2 0 2 2 4 2 6 4 1 1 3 1 3 0 3 0 0 2 5 4 4 2 4 0 1 1 3 5 2 
6 6 5 4 1 3 1 1 5 2 5 3 0 3 5 2 5 2 4 2 0 4 1 1 1 1 1 0 4 2 0 2 3 3 4 3 1 1 3 4 1 2 4 1 4 0 1 3 2 5 1 3 3 3 5 2 4 3 5 2 5 2 5 1 1 3 2 4 2 4 2 2 0 4 5 1 1 3 1 3 4 5 2 5 2 3 2 2 4 4 4 1 3 1 5 4 0 3 3 2 0 4 5 4 4 1 1 0 5 2 2 3 2 5 1 4 3 1 2 4 2 2 0 2 2 2 3 4 5 0 1 1 
3 3 3 4 2 3 3 1 2 5 3 4 3 0 4 5 3 2 4 2 3 3 2 3 1 2 1 2 3 4 3 1 4 3 3 2 1 3 1 4 2 3 4 4 1 2 2 2 4 3 3 4 4 4 4 5 1 3 3 2 4 3 3 1 4 4 0 3 4 2 2 3 2 4 2 2 2 4 2 4 1 3 0 3 2 0 2 4 2 2 3 1 4 3 3 2 3 3 4 1 2 3 3 3 4 2 2 2 4 3 1 3 3 3 3 2 4 2 3 4 4 3 3 0 5 5 3 3 4 3 2 1 
4 4 3 2 4 2 6 4 3 5 0 2 5 4 0 5 1 2 1 6 5 0 5 4 5 4 4 5 0 3 5 3 2 1 1 2 4 6 3 1 4 2 1 6 3 6 3 2 5 1 6 3 2 2 0 6 3 1 1 2 0 3 1 4 6 3 3 1 4 1 2 3 5 2 2 6 3 3 3 3 2 0 4 1 2 3 6 5 1 2 0 4 2 4 0 1 6 1 3 5 5 1 2 1 2 4 3 5 0 7 5 1 3 1 4 2 2 5 3 1 4 7 6 4 4 6 2 0 1 5 6 3 
8 8 7 3 3 3 4 4 7 0 5 3 2 5 5 0 6 3 4 4 2 5 3 2 4 3 3 2 5 2 2 4 3 4 5 4 3 3 5 4 3 2 4 1 6 3 3 3 0 6 4 2 3 3 5 0 5 4 6 3 5 2 6 3 1 2 4 5 0 5 2 2 2 3 6 4 2 2 3 2 5 5 5 6 3 5 4 0 5 5 5 3 2 1 5 5 2 3 2 5 3 4 6 5 3 2 3 3 5 5 4 4 2 6 1 5 2 3 2 4 0 5 2 4 0 0 3 4 4 2 4 3 
2 2 1 3 4 3 6 4 1 6 1 3 5 3 1 6 0 2 3 5 5 1 5 4 4 4 4 5 1 4 5 2 3 2 1 1 4 6 2 2 3 3 2 6 1 5 3 2 6 0 6 4 3 3 1 6 1 1 0 2 1 3 0 3 6 4 3 0 5 0 3 4 5 3 1 5 3 5 3 4 1 1 3 0 2 2 5 6 0 1 1 4 3 5 1 0 6 2 4 5 4 2 0 0 3 4 3 5 1 6 4 2 3 0 4 0 3 4 3 3 5 6 6 3 5 7 3 1 2 5 6 3 
4 4 3 2 2 0 3 2 3 3 2 1 2 2 2 3 2 0 2 4 3 2 3 1 3 1 2 2 2 1 3 0 1 1 1 0 2 4 2 2 1 1 2 4 2 3 1 0 3 2 4 2 1 2 2 4 2 1 2 0 2 1 2 1 3 1 1 2 2 1 0 1 2 2 3 3 1 2 0 2 2 2 2 2 0 2 4 3 1 1 1 1 1 2 2 2 3 1 2 3 2 1 3 1 2 1 1 3 2 4 2 1 1 3 1 2 1 2 1 2 2 4 3 2 3 4 1 1 2 3 4 1 
5 5 4 0 4 1 5 4 4 3 2 0 4 4 1 4 3 2 0 6 4 1 5 3 5 3 4 4 1 1 4 2 1 1 1 2 4 5 3 0 3 1 0 5 4 5 3 1 4 3 6 1 1 0 2 4 3 1 3 2 1 1 2 3 4 1 3 2 3 2 1 2 4 0 4 5 3 2 2 1 3 2 4 2 2 4 6 4 2 2 1 3 1 3 2 2 5 0 1 5 4 0 3 2 0 2 2 4 1 6 4 1 1 3 2 3 1 4 1 0 3 6 5 4 3 4 0 1 0 4 5 3 
6 6 5 6 1 4 0 1 5 4 6 5 2 2 6 4 5 4 6 0 1 6 1 3 0 2 1 2 6 4 2 3 5 5 5 4 2 1 3 6 2 4 6 3 4 1 2 4 4 6 1 5 5 5 6 4 4 5 5 3 6 4 5 2 3 5 2 5 4 4 4 4 2 6 5 0 2 5 3 5 4 6 2 5 4 3 0 4 5 4 5 2 5 3 6 5 2 5 5 1 1 5 5 5 6 3 3 1 6 0 1 5 4 6 3 5 5 1 4 6 4 0 1 2 4 4 5 5 6 2 0 2 
6 6 6 4 1 3 1 1 5 3 5 4 0 3 5 2 5 3 4 1 0 5 0 1 1 1 1 0 5 3 0 2 3 4 4 3 1 0 3 5 1 3 5 1 4 0 1 3 2 5 1 4 3 4 5 2 4 4 5 2 6 3 5 1 1 3 2 5 2 4 2 2 0 4 5 1 1 3 2 4 4 5 2 5 3 3 1 2 4 4 5 1 3 2 5 5 0 4 4 2 0 4 5 5 4 1 1 0 5 2 2 4 2 5 2 4 3 0 3 4 3 2 0 2 3 2 3 4 5 0 1 1 
4 4 3 1 4 2 6 4 3 5 0 2 4 3 0 5 1 2 1 6 5 0 5 3 5 3 4 4 0 2 5 2 2 1 0 1 4 6 3 1 3 2 0 5 3 5 3 1 5 1 6 2 2 2 0 5 2 1 1 2 0 2 1 3 5 2 3 1 4 1 2 3 4 1 2 5 3 3 3 2 2 0 4 1 2 3 6 5 1 1 0 3 2 4 0 1 5 1 2 5 4 1 2 0 1 3 3 5 0 6 4 0 2 2 3 2 2 4 2 1 4 6 5 4 4 5 1 0 0 5 6 3 
6 6 5 5 1 3 0 1 5 3 5 4 1 2 5 3 5 3 5 1 0 5 0 2 1 1 1 1 5 3 0 2 4 4 5 3 1 0 3 5 1 3 5 2 4 0 2 3 3 5 0 4 4 4 6 3 4 4 5 3 6 3 5 1 2 4 2 5 3 4 3 3 1 5 5 0 1 4 2 4 4 5 2 5 3 3 1 3 4 4 5 1 4 2 5 5 1 4 4 1 0 4 5 5 5 2 2 0 5 1 1 4 3 5 2 4 4 0 3 5 3 1 0 2 3 3 4 5 5 1 0 2 
6 6 5 3 1 1 2 2 5 2 4 2 1 3 4 2 4 1 3 3 1 3 2 0 2 0 1 1 4 1 1 2 2 2 3 2 1 2 3 3 1 1 3 2 4 2 1 2 1 4 2 2 2 2 4 2 3 3 4 1 4 1 4 1 1 1 2 4 1 3 1 1 0 3 4 2 0 2 1 2 3 4 3 4 2 3 3 1 3 3 3 1 2 0 4 4 1 2 2 3 1 3 5 3 3 0 0 1 4 3 2 3 1 4 0 4 2 1 1 3 1 3 1 2 2 2 2 3 4 1 2 1 
5 5 5 5 1 3 1 0 4 4 5 4 1 1 5 4 4 3 5 0 1 5 1 2 0 2 1 1 5 4 1 2 4 4 4 3 1 1 2 5 1 4 5 3 3 1 2 3 4 5 1 4 4 5 5 4 3 4 5 3 6 3 4 1 3 4 1 4 3 4 3 3 1 5 4 0 2 5 2 5 3 5 1 4 3 2 0 4 4 3 5 1 4 3 5 4 2 4 5 0 1 4 4 4 5 2 2 1 5 1 0 4 3 5 3 4 4 0 4 5 4 1 2 1 4 4 4 5 5 2 1 2 
5 5 4 3 0 1 2 1 4 3 3 2 1 2 4 3 4 1 3 2 1 3 1 0 2 0 0 1 3 2 1 1 2 2 3 2 0 2 2 3 0 1 3 2 3 1 0 1 2 4 2 2 2 2 4 3 2 2 4 1 4 1 3 0 2 2 1 3 2 3 1 1 1 3 4 2 0 3 0 3 2 3 2 3 1 2 2 2 3 2 3 0 2 1 3 3 2 2 2 2 1 2 4 3 3 0 0 1 4 3 1 2 1 4 1 3 2 1 2 3 2 3 2 1 2 3 2 3 3 1 2 0 
5 5 4 4 0 2 1 0 4 3 4 3 1 1 4 3 4 2 4 1 1 4 1 1 1 0 0 0 4 3 1 1 3 3 3 2 0 1 2 4 0 2 4 2 3 1 0 2 3 4 2 3 3 3 4 3 2 3 4 1 5 2 4 0 2 3 1 3 2 3 2 2 0 4 4 1 0 3 1 4 3 4 1 4 2 2 2 3 3 3 4 0 3 2 4 3 2 3 3 1 0 3 4 3 4 1 1 1 4 2 1 3 2 4 2 3 3 0 2 4 3 2 1 1 3 3 3 4 4 1 1 0 
6 6 5 4 0 2 1 1 5 2 4 3 0 2 5 2 5 2 4 2 0 4 1 1 1 1 0 0 4 2 0 2 3 3 4 3 1 1 3 4 1 2 4 2 4 1 1 2 2 5 1 3 3 3 5 2 3 3 5 2 5 2 4 1 1 3 2 4 2 4 2 2 0 4 4 1 1 3 1 3 3 4 2 4 2 3 2 2 4 3 4 0 3 1 4 4 1 3 3 2 0 3 5 4 4 1 1 0 5 2 1 3 2 5 1 4 3 0 2 4 2 2 1 2 2 2 3 4 4 0 1 1 
4 4 2 2 4 2 5 4 2 5 0 2 4 3 0 5 1 2 1 6 5 0 5 4 5 3 4 4 0 3 5 2 2 1 0 1 4 6 2 1 3 2 1 6 2 5 3 1 5 1 6 2 2 2 0 5 2 0 1 2 0 2 1 3 5 2 3 0 4 1 2 3 4 1 2 5 3 3 3 2 2 0 4 1 2 3 6 5 1 1 0 3 2 4 0 1 5 1 2 5 4 1 2 0 1 3 3 5 0 6 4 0 2 1 3 1 2 4 2 1 4 6 5 4 4 6 2 0 1 5 6 3 
6 6 5 1 3 1 4 3 5 2 3 0 2 4 3 2 4 1 1 4 3 2 3 1 4 2 3 2 3 0 3 2 0 2 3 2 3 4 3 2 2 0 2 3 4 3 2 1 2 4 4 0 0 0 3 2 4 2 4 1 3 0 3 2 3 0 3 3 1 3 1 0 2 1 4 4 2 0 2 1 3 3 4 4 2 4 5 2 3 3 2 2 0 1 3 3 3 1 0 4 3 1 4 3 1 1 2 3 3 5 4 2 0 4 1 4 0 3 0 1 1 5 3 4 1 3 1 2 2 3 4 2 
6 6 6 4 1 3 1 1 5 2 5 3 0 3 5 2 5 3 4 2 0 5 0 1 1 1 1 0 5 3 0 2 3 4 4 3 1 1 3 5 1 3 4 1 4 0 1 3 2 5 1 3 3 4 5 2 4 4 5 2 5 2 5 1 1 3 2 4 2 4 2 2 0 4 5 1 1 3 2 4 4 5 2 5 3 3 2 2 4 4 4 1 3 1 5 4 0 3 3 2 0 4 5 4 4 1 1 0 5 2 2 4 2 5 1 4 3 1 3 4 2 2 0 2 2 2 3 4 5 0 1 1 
4 4 3 3 1 1 3 1 2 4 2 2 2 1 3 4 2 0 2 3 2 2 2 2 2 1 1 2 2 2 2 0 2 1 2 0 1 3 1 3 1 2 2 4 1 3 1 1 4 2 3 3 2 3 3 4 1 1 2 0 3 2 2 1 4 2 0 2 3 1 1 2 2 3 2 3 1 3 0 3 1 2 1 2 0 1 3 4 1 1 2 1 2 2 2 2 3 2 3 2 2 2 2 2 3 1 1 2 3 4 2 1 1 2 2 1 2 2 2 2 3 4 3 1 3 4 2 2 3 3 3 1 
6 6 4 0 3 0 4 4 4 2 2 0 3 4 2 3 3 1 1 5 3 2 4 2 4 2 3 3 2 0 3 2 0 1 2 2 3 4 3 1 2 0 1 4 4 4 2 1 3 3 5 0 0 0 2 3 3 1 3 1 2 0 3 3 3 0 3 3 2 3 1 1 3 0 4 4 2 1 2 0 3 2 4 3 1 4 5 2 3 3 2 3 0 2 2 3 4 0 0 5 3 1 4 2 1 2 2 4 2 6 4 1 1 4 1 3 0 3 0 1 2 5 4 4 2 3 0 2 1 3 5 2 
4 4 3 1 3 1 5 3 3 4 1 1 3 3 1 4 2 1 1 5 4 1 4 2 4 2 3 3 1 2 4 1 1 0 1 1 3 5 2 1 2 1 1 4 3 4 2 0 4 2 5 1 1 1 1 4 2 0 2 1 1 1 1 2 4 1 2 1 3 1 1 2 3 1 3 4 2 2 2 2 2 1 3 1 1 2 5 4 1 1 0 2 1 3 1 1 4 0 1 4 3 0 2 1 1 2 2 4 1 5 3 0 1 2 2 2 1 3 1 1 3 5 4 3 3 4 1 0 1 4 5 2 
3 3 2 2 3 2 5 3 2 5 0 2 4 3 1 5 1 1 1 5 4 0 5 3 4 3 3 4 0 3 4 2 2 1 0 1 3 5 2 1 3 2 1 5 2 5 3 1 5 1 5 2 2 2 1 5 2 0 1 2 1 2 0 3 5 2 2 0 4 0 2 3 4 2 2 5 3 3 2 3 1 0 3 0 1 2 5 5 0 1 0 3 2 4 0 0 5 1 2 4 4 1 1 0 2 3 2 4 1 6 4 0 2 1 3 1 2 4 2 2 4 6 5 3 4 5 2 0 1 5 5 3 
3 3 2 2 2 1 4 2 2 4 1 2 3 2 2 4 1 0 2 4 3 1 3 2 3 2 2 3 1 2 3 0 2 1 1 0 2 4 1 2 2 2 2 4 2 3 1 0 4 2 4 2 2 2 2 4 1 0 1 1 2 2 1 2 4 2 1 1 3 1 1 2 3 2 2 3 2 3 1 3 1 1 2 1 0 1 4 4 1 0 1 2 2 3 1 1 4 1 2 3 3 1 2 1 2 2 1 3 2 5 2 1 1 2 2 1 2 3 2 2 3 4 4 2 3 5 1 1 2 3 4 1 
5 5 4 4 0 2 1 0 4 3 4 3 1 1 4 3 4 2 4 2 1 4 1 1 1 0 0 1 4 3 1 1 3 3 3 2 0 2 2 4 0 2 4 3 3 1 0 2 3 4 2 3 3 3 4 3 2 3 4 1 4 2 3 0 3 3 1 3 3 3 2 2 1 4 3 1 1 3 1 4 2 4 1 3 2 2 2 3 3 2 3 0 3 2 4 3 2 3 3 1 0 3 4 3 4 1 1 1 4 2 0 3 2 4 2 3 3 0 2 4 3 2 2 1 3 4 3 3 4 2 2 0 
7 7 6 5 1 4 0 2 6 3 6 4 1 3 6 3 6 4 5 1 0 6 0 2 1 2 1 1 6 4 1 3 4 5 5 4 2 0 4 6 2 4 6 2 5 0 2 4 3 6 0 5 4 5 6 3 4 5 6 3 6 4 6 2 2 4 3 5 3 5 3 3 1 5 5 1 2 4 3 5 5 6 3 6 4 4 1 3 5 5 5 2 4 3 6 5 1 5 5 2 1 5 6 5 5 2 2 0 6 1 2 5 3 6 3 5 4 1 4 5 3 1 0 2 3 3 4 5 6 1 1 2 
3 3 2 4 2 3 3 2 1 5 2 3 3 1 3 5 2 2 3 3 3 3 3 3 2 2 2 3 2 3 3 1 3 2 2 1 2 4 0 3 2 3 3 5 0 3 2 2 5 2 4 4 3 4 3 5 0 2 2 2 3 3 2 2 5 3 1 2 4 1 2 3 3 3 1 3 2 4 2 4 0 2 1 2 1 0 3 5 1 1 2 2 3 4 2 1 4 3 4 2 3 3 2 2 4 2 2 3 3 4 2 2 3 2 3 1 3 2 3 3 4 4 4 1 5 5 3 2 3 4 3 2 
5 5 4 0 4 1 6 4 4 4 1 1 4 4 1 4 2 2 0 6 5 1 5 3 5 3 4 4 1 2 5 3 1 1 1 2 4 6 3 0 3 2 0 5 4 5 3 1 4 2 6 1 1 1 1 5 3 1 2 2 1 2 2 4 5 2 3 2 3 2 2 2 4 0 4 5 3 2 3 1 3 1 4 2 2 4 6 4 2 2 1 4 1 3 1 2 5 1 1 6 4 0 3 1 0 3 3 5 1 7 5 1 2 3 3 3 1 4 2 0 3 7 5 4 3 5 1 1 0 5 6 3 
5 5 4 3 0 2 2 1 4 3 3 2 1 2 4 3 3 1 3 2 1 3 1 1 1 0 0 1 3 2 1 1 2 2 3 2 0 2 2 3 0 2 3 2 3 1 0 1 2 4 2 2 2 3 4 3 2 2 3 1 4 2 3 0 2 2 1 3 2 2 1 1 1 3 3 2 0 3 0 3 2 3 1 3 1 2 2 2 3 2 3 0 2 1 3 3 2 2 3 2 1 2 4 3 3 0 0 1 4 3 1 2 1 4 1 3 2 1 2 3 2 3 2 1 3 3 2 3 3 1 2 0 
6 6 4 1 2 0 4 3 4 2 2 0 2 3 2 2 3 1 1 4 3 2 3 1 4 1 2 2 2 0 3 2 0 1 2 2 2 4 3 2 2 0 2 3 4 3 1 1 2 3 4 0 0 0 3 3 3 1 3 1 3 0 3 2 3 0 2 3 1 3 0 0 2 1 4 4 1 1 1 1 3 3 3 3 1 3 4 2 2 2 2 2 0 1 3 3 3 1 0 4 3 1 4 2 1 1 1 3 2 5 3 1 0 4 1 3 0 3 0 1 1 5 3 3 2 3 0 2 2 3 4 1 
5 5 3 1 4 1 6 4 3 4 1 1 4 4 1 4 2 2 0 6 5 0 5 3 5 3 4 4 1 2 4 2 1 1 1 2 4 6 3 0 3 2 0 5 3 5 3 1 4 2 6 1 1 1 1 5 3 1 2 2 1 2 2 3 5 2 3 1 3 2 2 2 4 1 3 5 3 2 3 2 3 1 4 2 2 3 6 4 2 2 0 3 1 3 1 2 5 1 1 5 4 0 3 1 0 3 3 5 1 7 4 0 2 2 3 2 1 4 2 0 3 6 5 4 4 5 1 0 0 5 6 3 
8 8 7 4 2 3 2 3 7 1 6 4 1 4 6 1 6 4 5 3 1 5 2 2 3 2 2 2 6 3 1 4 4 4 5 4 3 2 5 5 2 3 5 0 6 2 2 4 1 7 2 4 4 4 6 1 5 5 6 3 6 3 6 3 0 3 4 6 1 5 3 2 1 4 6 2 2 3 3 4 5 6 4 6 4 5 3 1 5 5 5 2 3 1 6 6 0 4 4 4 2 4 7 6 5 2 2 2 6 3 3 5 3 7 2 6 3 2 3 5 2 3 1 4 2 1 4 5 5 1 3 3 
2 2 1 4 3 3 4 2 1 6 2 4 4 1 3 6 1 2 4 4 4 3 4 4 3 3 3 4 2 4 4 1 4 3 2 2 3 5 0 4 3 4 3 6 0 4 3 2 6 2 5 4 4 4 3 6 0 2 1 2 3 4 2 2 6 4 2 2 5 1 3 4 4 4 0 4 3 5 2 5 0 2 2 1 2 0 4 6 1 1 3 3 4 4 2 1 5 3 4 3 3 3 1 2 4 3 3 4 3 5 2 3 3 1 4 1 4 3 4 4 5 4 5 2 5 6 3 3 4 5 4 3 
6 6 6 5 1 3 0 1 5 3 5 4 0 2 6 3 5 3 5 1 0 5 0 2 1 1 1 1 5 3 0 3 4 4 5 3 1 0 3 5 1 3 5 2 4 0 2 3 3 6 0 4 4 4 6 3 4 4 5 3 6 3 5 1 2 4 2 5 3 4 3 3 1 5 5 0 2 4 2 4 4 5 2 5 3 3 1 3 4 4 5 1 4 2 5 5 1 4 4 1 0 4 5 5 5 2 2 0 6 1 1 4 3 6 2 4 4 0 3 5 3 1 0 2 3 3 4 5 5 1 0 2 
5 5 4 3 0 1 2 1 4 3 3 2 1 2 3 3 3 1 3 2 1 3 2 1 2 0 0 1 3 2 1 1 2 2 3 1 0 2 2 3 0 1 3 2 3 2 0 1 2 4 2 2 2 2 4 3 2 2 3 0 4 1 3 0 2 2 1 3 2 2 1 1 1 3 3 2 0 2 0 3 2 3 2 3 1 2 2 2 2 2 3 0 2 1 3 3 2 2 2 2 1 2 4 3 3 0 0 1 3 3 1 2 1 4 1 3 2 1 1 3 2 3 2 1 2 3 2 3 3 2 2 0 
4 4 3 1 2 0 4 2 3 3 1 1 3 2 2 3 2 0 1 4 3 1 3 2 3 1 2 2 1 1 3 1 1 0 1 0 2 4 2 1 1 1 1 4 2 3 1 0 3 2 4 2 1 1 2 4 2 0 2 0 2 1 2 2 4 1 1 1 2 1 0 1 2 1 2 3 1 2 1 2 2 2 3 2 0 2 4 3 1 1 1 2 1 2 2 1 4 0 2 4 3 1 2 1 1 1 1 3 2 5 3 0 1 2 2 2 1 3 1 1 3 5 3 2 3 4 1 1 2 3 4 1 
8 8 7 3 3 3 3 4 6 0 5 3 2 4 5 0 6 3 4 4 2 5 3 1 4 2 3 2 5 2 2 4 3 4 5 4 3 3 5 4 2 2 4 1 6 3 2 3 0 6 3 2 3 3 5 0 5 4 6 3 5 2 5 3 1 2 4 5 0 5 2 2 2 3 6 3 2 2 3 3 5 5 4 6 3 5 4 0 5 5 5 3 3 1 5 5 1 3 3 4 3 4 6 5 4 2 2 2 5 4 4 4 2 6 1 5 3 3 2 4 1 4 2 4 1 0 3 4 5 1 4 3 
2 2 1 3 4 3 6 4 1 6 1 3 5 3 1 6 0 2 3 6 5 1 5 4 5 4 4 5 1 4 5 2 3 2 1 2 4 6 2 2 4 3 2 7 2 6 4 2 6 0 6 4 3 4 1 7 2 2 0 3 1 4 0 4 6 4 3 0 5 1 3 4 5 3 1 5 4 5 3 4 1 1 4 0 2 2 6 6 1 1 1 4 3 5 1 0 6 2 4 5 5 2 1 1 3 4 4 5 1 7 4 2 3 0 4 1 3 5 4 3 5 6 6 4 6 7 3 1 2 6 6 4 
7 7 6 5 2 4 0 2 6 4 6 5 1 3 6 4 6 4 6 1 1 6 0 2 1 2 2 1 6 4 1 3 5 5 5 4 2 0 4 6 2 4 6 2 5 0 2 4 3 6 0 5 5 5 6 3 4 5 6 3 7 4 6 2 2 4 3 6 3 5 4 3 1 5 5 0 2 5 3 5 4 6 2 6 4 4 1 3 5 5 6 2 5 3 6 5 1 5 5 2 1 5 6 6 6 3 3 1 6 1 2 5 4 6 3 5 5 1 4 6 4 1 1 2 4 3 5 6 6 1 0 2 
6 6 5 0 3 1 5 4 5 2 3 0 3 4 3 2 4 2 1 5 4 2 4 2 4 2 3 3 2 0 3 3 0 1 2 2 3 5 4 1 2 0 1 4 4 4 2 2 2 4 5 0 0 0 3 3 4 2 4 2 3 0 3 3 3 0 3 3 2 3 1 1 3 0 4 4 2 0 2 0 4 3 4 3 2 4 5 2 3 3 2 3 0 2 3 3 4 1 0 5 4 1 4 3 1 2 2 4 2 6 4 2 1 4 1 3 0 4 0 1 1 6 4 4 2 3 0 2 2 3 5 2 
6 6 4 0 3 0 4 3 4 3 2 0 3 4 2 3 3 1 1 5 3 2 4 2 4 2 3 3 2 0 3 2 0 1 2 2 3 4 3 1 2 0 1 4 4 4 2 1 3 3 5 0 0 0 2 3 3 1 3 1 2 0 3 3 3 0 3 2 2 3 1 1 3 0 4 4 2 1 2 0 3 2 4 3 1 4 5 3 2 2 2 2 0 2 2 3 4 0 0 5 3 1 4 2 1 2 2 3 2 6 4 1 1 4 1 3 0 3 0 1 2 5 4 4 2 3 0 1 1 3 5 2 
6 6 5 0 3 1 5 4 5 3 2 0 3 4 2 3 3 2 0 5 4 2 4 2 5 2 3 3 2 0 4 3 0 1 2 2 3 5 4 1 3 0 1 4 4 4 2 1 3 4 5 0 0 0 2 3 4 2 3 2 2 1 3 3 4 0 3 3 2 3 1 1 3 0 4 5 2 1 2 0 3 2 4 3 2 4 5 3 3 3 2 3 0 2 2 3 4 1 0 5 4 1 4 2 0 2 2 4 2 6 4 1 1 4 2 3 0 4 0 0 2 6 4 4 2 3 0 2 1 4 5 2 
4 4 2 2 4 2 6 5 3 5 0 2 5 4 0 5 1 2 2 6 5 0 6 4 5 4 4 5 0 3 5 3 2 1 1 2 4 6 3 1 4 3 1 6 3 6 4 2 5 1 6 3 2 2 0 6 3 1 1 3 0 3 1 4 6 3 3 1 4 2 3 3 5 2 2 6 4 4 3 3 2 0 4 1 2 3 6 5 1 2 0 4 3 4 0 1 6 2 3 6 5 1 2 1 2 4 3 5 0 7 5 1 3 1 4 2 2 5 3 2 4 7 6 4 5 6 2 0 1 6 6 4 
8 8 7 4 3 3 3 4 7 0 6 3 2 5 6 0 6 4 4 4 2 5 3 2 4 3 3 2 5 2 2 4 3 4 5 4 3 3 5 5 3 3 5 1 6 3 3 4 0 7 3 3 3 3 6 0 6 5 6 3 6 3 6 3 1 3 4 6 1 6 3 2 2 4 7 3 3 2 3 3 6 6 5 6 4 5 4 0 6 5 5 3 3 1 6 6 2 4 3 5 3 4 7 6 4 2 3 3 6 5 4 4 3 7 2 6 3 3 3 4 1 5 2 5 1 0 3 5 5 2 4 3 
2 2 1 4 3 3 4 2 1 5 2 3 4 1 3 5 1 2 3 4 4 2 4 3 3 2 2 3 2 4 4 1 3 2 2 1 2 4 0 3 2 3 3 5 0 4 2 2 5 2 4 4 3 4 3 6 0 2 1 2 3 3 2 2 5 4 1 1 4 1 3 3 3 4 1 3 2 5 2 4 0 2 2 1 2 0 4 5 1 1 2 2 3 4 2 1 5 3 4 3 3 3 1 2 4 3 2 4 3 4 2 2 3 2 4 1 3 3 3 3 5 4 4 2 5 6 3 2 3 4 4 2 
4 4 3 1 3 1 5 3 2 4 1 1 3 3 1 4 1 1 1 5 4 1 4 3 4 2 3 3 0 2 4 1 1 0 0 0 3 5 2 1 2 1 1 5 2 4 2 0 4 2 5 2 1 2 1 5 2 0 1 1 1 1 1 2 4 2 2 1 3 1 1 2 3 1 2 4 2 3 2 2 2 1 3 1 1 2 5 4 1 1 0 2 1 3 1 1 4 0 2 4 3 0 2 1 1 2 2 4 1 5 3 0 1 2 2 1 1 3 1 1 3 5 4 3 3 5 1 0 1 4 5 2 
2 2 1 3 4 3 6 4 1 6 1 3 5 3 1 6 0 2 3 5 5 1 5 4 5 4 4 5 1 4 5 2 3 2 1 1 4 6 2 2 3 3 2 6 1 5 3 2 6 0 6 4 3 3 1 6 1 1 0 3 1 3 0 3 6 4 3 0 5 0 3 4 5 3 1 5 3 4 3 4 1 1 3 0 2 2 5 6 0 1 1 4 3 5 1 0 6 2 4 5 4 2 0 0 3 4 3 5 1 6 4 2 3 0 4 0 3 4 3 3 5 6 6 3 5 7 3 1 2 5 6 3 
4 4 3 2 1 1 3 2 3 3 2 1 2 2 2 3 2 0 2 3 2 2 3 1 3 1 1 2 2 1 2 0 1 1 2 1 1 3 2 2 1 1 2 3 2 3 0 0 3 3 3 2 1 2 3 3 2 1 3 0 3 1 2 1 3 1 1 2 2 2 0 1 2 2 3 3 1 2 0 2 2 2 2 2 0 2 3 3 2 1 2 1 1 2 2 2 3 1 2 3 2 1 3 2 2 1 0 2 2 4 2 1 1 3 1 2 1 2 1 2 2 4 3 2 3 4 1 2 2 2 3 0 
4 4 3 2 5 2 6 5 3 5 0 2 5 4 0 5 1 2 1 6 6 0 6 4 6 4 5 5 0 3 5 3 2 1 1 2 4 6 3 1 4 3 1 6 3 6 4 2 5 1 7 3 2 2 0 6 3 1 1 3 0 3 1 4 6 3 4 1 5 2 3 4 5 2 3 6 4 4 3 3 3 0 5 1 2 4 6 5 1 2 1 4 3 4 0 1 6 2 3 6 5 1 2 1 2 4 4 6 0 7 5 1 3 2 4 2 2 5 3 1 5 7 6 5 5 6 2 1 1 6 6 4 
6 6 4 1 2 0 4 3 4 2 3 0 2 3 3 2 3 1 1 4 3 2 3 1 3 1 2 2 2 0 2 2 0 1 2 2 2 4 3 2 2 0 2 3 4 3 1 1 2 4 4 0 0 1 3 3 3 1 3 1 3 0 3 2 3 0 2 3 1 3 0 0 2 1 4 3 1 1 1 1 3 3 3 3 1 3 4 2 3 2 2 2 0 1 3 3 3 1 1 4 3 1 4 2 1 1 1 3 3 5 3 1 0 4 1 3 0 3 0 1 1 5 3 3 1 3 0 2 2 2 4 1 
3 3 1 3 4 2 5 4 1 6 0 3 5 3 1 6 0 2 2 5 5 1 5 4 4 3 4 4 1 3 5 2 3 1 0 1 3 6 2 2 3 3 2 6 2 5 3 2 5 0 6 3 3 3 1 6 2 1 0 2 1 3 0 3 6 3 3 0 5 0 3 3 4 2 1 5 3 4 3 3 1 0 3 0 2 2 5 5 0 1 1 3 3 4 0 0 6 2 3 5 4 2 1 0 2 3 3 5 1 6 4 1 3 0 4 0 3 4 3 2 5 6 5 3 5 6 2 1 2 5 5 3 
5 5 4 3 0 2 2 0 3 3 3 3 1 1 4 3 3 1 3 2 1 3 1 1 1 0 0 1 3 2 1 1 3 2 3 2 0 2 2 4 0 2 3 3 2 1 0 2 3 4 2 3 3 3 4 3 2 2 3 1 4 2 3 0 3 3 0 3 2 2 1 2 1 3 3 1 0 3 0 3 2 4 1 3 1 2 2 3 3 2 3 0 3 2 3 3 2 3 3 2 1 3 3 3 3 1 0 1 4 3 1 2 2 4 2 3 3 0 2 3 3 2 2 1 3 4 2 3 4 2 2 0 
8 8 7 4 2 3 2 3 7 1 6 4 1 4 6 1 6 3 4 3 1 5 2 1 3 2 2 1 5 3 1 4 3 4 5 4 3 2 5 5 2 3 5 0 6 2 2 4 1 6 2 3 3 4 6 1 5 4 6 3 6 3 6 3 0 3 3 6 1 5 3 2 1 4 6 2 2 3 3 4 5 6 4 6 4 5 3 1 5 5 5 2 3 1 6 5 0 4 3 4 2 4 6 5 4 2 2 1 6 3 3 4 3 6 2 6 3 2 3 4 2 3 1 4 2 1 4 5 5 1 3 3 
6 6 5 1 3 0 4 3 5 2 3 0 3 4 3 2 4 1 1 5 3 2 4 1 4 2 3 3 2 0 3 2 0 1 2 2 3 4 3 2 2 0 2 3 4 4 2 1 2 4 4 0 0 0 3 3 4 2 4 1 3 0 3 3 3 0 3 3 1 3 1 0 2 1 4 4 2 0 2 0 3 3 4 3 2 4 5 2 3 3 2 2 0 1 3 3 3 1 0 5 3 1 4 3 1 1 2 3 3 5 4 2 0 4 1 3 0 3 0 1 1 5 3 4 1 3 0 2 2 3 4 2 
4 4 3 3 1 2 2 1 3 4 3 3 2 0 3 4 3 1 3 2 2 3 2 2 1 1 1 2 3 3 2 0 3 2 2 1 1 3 1 3 1 2 3 4 2 2 1 1 4 3 3 3 3 3 3 4 1 2 3 1 4 2 3 0 3 3 0 2 3 2 1 2 2 3 2 2 1 3 1 3 1 3 1 2 1 1 2 4 2 1 3 1 3 2 3 2 3 2 3 2 1 3 3 2 3 1 1 2 3 3 1 2 2 3 2 2 3 1 2 3 3 3 3 1 4 4 2 3 3 3 2 1 
3 3 1 2 4 2 5 3 1 5 0 2 4 3 1 5 0 2 2 5 5 1 5 4 4 3 3 4 0 3 4 2 3 1 0 1 3 5 2 2 3 3 1 6 2 5 3 1 5 0 6 3 2 3 1 6 1 1 0 2 1 3 0 3 6 3 2 0 4 0 2 3 4 2 1 5 3 4 2 3 1 0 3 0 1 2 5 5 0 0 1 3 3 4 0 0 5 2 3 4 4 1 1 0 2 3 3 5 1 6 4 1 3 1 3 0 3 4 3 2 4 6 5 3 5 6 2 1 2 5 5 3 
7 7 6 2 2 2 3 3 6 1 4 2 2 4 4 0 5 2 3 4 2 4 3 1 3 2 2 2 4 1 2 3 2 3 4 3 3 3 4 3 2 1 3 1 5 3 2 2 0 5 3 2 2 2 4 1 4 3 5 2 5 1 5 2 1 1 3 4 0 4 2 1 2 2 5 3 2 1 2 2 4 4 4 5 2 4 4 0 4 4 4 2 2 0 4 4 2 2 2 4 2 3 5 4 3 1 2 2 4 5 4 3 1 5 0 4 2 2 1 3 0 4 2 4 0 1 2 3 4 2 4 2 
2 2 1 3 3 2 5 3 1 5 1 2 4 2 1 5 0 1 2 4 4 1 4 3 4 3 3 4 1 3 4 1 3 1 0 1 3 5 1 2 2 3 2 5 1 4 2 1 5 1 5 3 3 3 2 6 1 1 0 2 2 3 0 2 5 3 2 0 4 0 2 3 4 3 1 4 3 4 2 3 0 1 2 0 1 1 5 5 0 0 1 3 3 4 1 0 5 2 3 4 3 2 1 0 3 3 2 4 1 5 3 1 2 1 3 0 3 3 3 2 4 5 5 3 5 6 2 1 2 4 5 2 
5 5 4 1 2 0 3 2 4 3 2 1 2 2 2 2 3 0 1 4 2 2 3 1 3 1 2 2 2 1 2 1 1 1 2 1 2 3 2 2 1 0 2 3 3 3 1 0 2 3 4 1 1 1 3 3 3 1 3 0 3 0 3 1 3 1 1 2 2 2 0 0 2 1 3 3 1 2 1 1 2 2 3 3 0 3 4 2 2 2 2 1 1 1 2 2 3 1 1 3 2 1 3 2 2 1 1 2 2 4 3 1 0 3 1 2 1 2 0 1 2 4 3 3 2 3 0 2 2 2 4 1 
6 6 5 2 2 1 3 3 5 2 3 1 2 3 3 2 4 1 2 4 2 3 3 1 3 1 2 2 3 0 2 2 1 2 3 2 2 3 3 2 1 0 2 2 4 3 1 1 2 4 3 1 1 1 3 2 3 2 4 1 4 0 3 2 2 0 2 3 1 3 0 0 1 2 4 3 1 1 1 1 3 3 3 4 1 3 4 1 3 3 3 1 1 0 3 3 2 1 1 4 2 2 4 3 2 0 1 2 3 4 3 2 0 4 0 3 1 2 0 2 1 4 2 3 1 2 1 2 3 2 3 1 
6 6 5 4 0 2 1 1 5 2 4 3 0 2 5 2 5 2 4 2 0 4 1 0 1 1 0 0 4 2 0 2 3 3 4 3 1 1 3 4 1 2 4 1 4 1 1 2 2 5 1 3 3 3 5 2 3 3 5 2 5 2 4 1 1 2 2 4 2 4 2 1 0 4 4 1 1 3 1 3 3 4 2 4 2 3 2 2 4 3 4 0 3 1 4 4 1 3 3 2 0 3 5 4 4 1 1 0 5 2 2 3 2 5 1 4 3 0 2 4 2 2 1 2 2 2 3 4 4 0 2 1 
6 6 4 0 4 1 5 4 4 3 2 0 4 4 2 3 3 2 0 6 4 1 5 3 5 3 4 4 1 1 4 3 0 1 2 2 4 5 3 0 3 1 1 4 4 5 3 1 3 3 5 0 0 0 2 4 4 1 3 2 2 1 2 3 4 1 3 2 2 3 1 2 4 0 4 5 3 1 2 1 3 2 4 3 2 4 6 3 2 2 1 3 0 2 2 2 4 0 0 5 4 0 4 2 0 2 2 4 2 6 4 1 1 3 2 3 0 4 1 0 2 6 5 4 3 4 0 1 1 4 5 3 
1 1 0 4 4 3 5 3 0 6 2 4 5 2 2 6 1 3 4 5 5 2 5 4 4 4 4 4 2 4 5 2 4 3 2 2 3 5 1 4 3 4 3 6 0 5 3 2 6 1 5 4 4 4 2 7 1 2 1 3 3 4 1 3 6 4 2 1 5 1 3 4 4 4 0 5 3 5 3 5 1 2 3 1 2 1 5 6 1 1 2 3 4 5 2 1 6 3 5 4 4 3 0 2 4 4 3 5 3 5 3 3 4 1 4 0 4 4 4 4 6 5 5 3 6 7 4 3 3 5 5 3 
6 6 5 5 1 4 0 1 5 4 5 4 1 2 6 4 5 3 5 0 1 5 0 2 0 2 1 1 5 4 1 3 4 4 5 3 1 1 3 5 2 4 5 2 4 0 2 3 3 5 0 4 4 5 6 3 3 4 5 3 6 3 5 1 2 4 2 5 3 4 3 3 1 5 5 0 2 4 2 5 4 5 2 5 3 3 0 3 4 4 5 1 4 3 5 5 1 4 5 1 0 5 5 5 5 2 2 0 6 1 1 4 3 5 3 4 4 0 4 5 4 1 1 1 4 3 4 5 6 1 0 2 
5 5 4 3 0 1 2 1 4 3 3 2 1 2 3 2 3 1 3 2 1 3 1 0 2 0 0 1 3 2 1 1 2 2 3 2 1 2 2 3 0 1 3 2 3 2 0 1 2 4 2 2 2 2 4 3 2 2 3 1 4 1 3 0 2 2 1 3 2 3 1 1 1 3 3 2 0 2 0 3 2 3 2 3 1 2 2 2 3 2 3 0 2 1 3 3 2 2 2 2 1 2 4 3 3 0 0 1 3 3 2 2 1 4 1 3 2 1 1 3 2 3 2 2 2 3 2 3 3 1 2 0 
7 7 6 1 3 1 5 4 6 1 4 1 3 4 3 2 5 2 2 5 3 3 4 2 5 3 3 3 3 0 3 3 1 2 3 3 3 4 4 2 3 1 2 3 5 4 2 2 2 5 5 0 1 1 4 2 5 3 4 2 4 1 4 3 3 0 3 4 1 4 2 1 3 1 5 4 2 0 2 0 4 4 5 4 2 5 5 2 4 4 3 3 1 1 4 4 3 2 0 5 3 2 5 4 2 2 2 4 3 6 4 2 1 5 1 4 1 4 1 2 1 6 4 4 1 2 1 3 3 3 5 3 
5 5 4 2 1 1 3 1 3 3 3 2 1 2 3 3 3 0 2 3 2 3 2 1 2 0 1 1 3 2 2 0 2 2 2 1 1 3 2 3 0 1 3 3 2 2 0 1 3 3 3 2 2 2 3 3 2 2 3 0 3 1 3 0 3 2 1 2 2 2 1 1 1 2 3 2 0 2 0 2 2 3 2 3 0 2 3 3 2 2 2 0 2 1 3 2 2 2 2 2 1 2 3 2 2 0 0 2 3 4 2 2 1 3 1 2 2 1 1 2 2 3 2 2 3 3 1 2 3 2 3 0 
6 6 5 0 3 1 5 4 5 2 3 0 3 4 3 2 4 2 1 5 4 2 4 2 5 3 4 3 2 1 4 3 0 2 3 3 4 5 4 1 3 1 2 4 5 4 3 2 3 4 5 0 0 0 3 3 4 2 4 2 3 1 3 3 4 0 3 3 2 3 1 1 3 1 5 5 3 0 2 0 4 3 5 4 2 4 6 2 3 3 2 3 0 2 3 3 4 1 0 5 4 1 5 3 1 2 2 4 3 6 5 2 1 4 2 4 0 4 1 1 2 6 4 5 2 3 1 2 2 4 5 3 
2 2 1 3 3 2 4 2 1 5 2 3 4 1 2 5 1 2 3 4 4 2 4 3 3 2 3 3 2 3 4 1 3 2 1 1 2 5 0 3 2 3 3 5 0 4 2 2 5 1 4 4 3 3 2 6 0 2 1 2 3 3 1 2 5 3 1 1 4 0 2 3 3 3 1 4 2 4 2 4 0 2 2 1 1 0 4 5 1 0 2 2 3 4 2 1 5 2 4 3 3 2 1 1 3 3 2 4 2 5 2 2 3 1 3 0 3 3 3 3 5 4 4 2 5 6 3 2 3 4 4 2 
3 3 2 2 4 2 6 4 2 5 0 2 5 3 0 5 1 2 2 6 5 0 5 4 5 3 4 4 0 3 5 2 2 1 0 1 4 6 2 1 3 3 1 6 2 5 3 2 5 1 6 3 2 2 0 6 2 1 1 2 0 3 0 4 6 3 3 0 4 1 2 3 4 2 2 5 3 4 3 3 2 0 4 1 2 3 6 5 1 1 0 4 2 4 0 1 6 1 3 5 5 1 2 0 2 3 3 5 0 7 4 1 3 1 4 1 2 4 3 2 4 6 6 4 5 6 2 0 1 5 6 3 
4 4 3 4 1 3 2 0 3 5 4 4 2 0 4 5 3 2 4 2 2 4 2 3 1 2 1 2 4 4 2 1 4 3 3 2 1 3 1 4 1 3 4 4 2 2 2 3 4 4 2 4 4 4 4 5 2 3 3 2 5 3 3 1 4 4 1 3 4 2 3 3 2 4 3 2 2 5 2 5 2 4 0 3 2 1 2 4 3 2 4 1 4 3 4 3 3 3 4 1 1 4 3 3 4 2 2 2 4 2 0 3 3 4 3 3 4 1 4 4 4 2 3 0 5 5 4 4 5 3 2 2 
2 2 1 3 4 3 5 4 1 6 1 3 5 3 1 6 0 2 2 5 5 1 5 4 4 3 4 4 1 4 5 2 3 1 0 1 3 6 2 2 3 3 2 6 1 5 3 2 6 0 6 3 3 3 1 6 1 1 0 2 1 3 0 3 6 3 2 0 5 0 3 4 4 3 1 5 3 4 3 4 1 1 3 0 2 2 5 6 0 1 1 3 3 4 1 0 6 2 3 5 4 2 1 0 3 4 3 5 1 6 4 1 3 0 4 0 3 4 3 2 5 6 5 3 5 6 3 1 2 5 5 3 
4 4 3 2 2 1 3 2 3 3 2 1 2 2 2 3 2 0 2 4 3 2 3 2 3 1 2 2 2 2 3 0 1 1 1 0 2 4 1 2 1 1 2 4 2 3 1 0 3 2 4 2 1 2 2 4 2 1 2 0 2 1 2 1 4 2 1 1 2 1 0 1 2 2 2 3 1 2 0 2 1 2 2 2 0 2 4 3 1 1 1 1 2 2 2 1 3 1 2 3 2 1 2 1 2 1 1 3 2 4 2 1 1 2 2 2 1 2 1 2 3 4 3 2 3 4 1 1 2 3 4 1 
3 3 2 4 2 3 3 2 2 5 3 3 3 0 3 5 2 2 4 3 3 3 3 3 2 2 2 3 3 4 3 1 4 2 2 1 2 4 0 4 2 3 3 5 0 3 2 2 5 2 4 4 4 4 3 5 0 2 2 2 4 3 2 2 5 4 1 2 4 1 3 3 3 4 1 3 2 5 2 4 0 3 1 2 2 0 3 5 2 1 3 2 4 4 3 2 4 3 4 2 2 3 2 2 4 3 2 3 3 4 1 3 3 2 3 1 4 2 3 4 5 3 4 1 5 6 3 3 4 4 3 2 
6 6 5 6 2 4 0 1 5 5 6 5 2 2 6 4 5 4 6 0 1 6 1 3 0 2 2 2 6 5 2 3 5 5 5 4 2 1 3 6 2 4 6 3 4 1 2 4 4 6 1 5 5 5 6 4 4 5 5 3 6 4 5 2 3 5 2 5 4 5 4 4 2 6 5 0 2 5 3 6 4 6 2 5 4 3 0 4 5 4 5 2 5 3 6 5 2 5 5 1 1 5 5 5 6 3 3 1 6 0 1 5 4 6 3 5 5 1 4 6 4 0 2 2 5 4 5 5 6 2 0 2 
8 8 7 3 3 3 3 4 6 0 5 3 2 4 5 0 6 3 4 4 2 5 3 1 4 2 3 2 5 2 2 4 2 4 5 4 3 3 5 4 2 2 4 1 6 3 2 3 0 6 3 2 3 3 5 0 5 4 6 3 5 2 5 3 1 2 4 5 0 5 2 1 2 3 6 3 2 2 3 2 5 5 4 6 3 5 4 0 5 5 5 3 2 1 5 5 2 3 2 5 3 4 6 5 3 2 2 2 5 5 4 4 2 6 1 5 2 3 2 4 0 5 2 4 0 0 3 4 4 1 4 3 
3 3 1 2 3 2 5 3 1 5 1 2 4 2 1 5 0 1 2 5 4 1 4 3 4 3 3 4 1 3 4 1 3 1 0 1 3 5 1 2 3 2 2 5 1 4 2 1 5 1 5 3 2 3 1 6 1 1 0 2 1 3 0 3 5 3 2 0 4 0 2 3 4 2 1 4 3 4 2 3 1 1 3 0 1 2 5 5 0 0 1 3 3 4 1 0 5 2 3 4 4 2 1 0 2 3 2 4 1 5 3 1 2 1 3 0 2 4 3 2 4 5 5 3 4 6 2 1 2 4 5 2 
3 3 2 3 3 2 4 3 1 5 1 2 4 2 2 5 1 1 2 4 4 1 4 3 3 2 3 3 1 3 4 1 3 1 1 0 2 5 1 2 2 2 2 5 1 4 2 1 5 1 5 3 2 3 2 5 1 1 1 1 2 2 1 2 5 3 1 0 4 0 2 3 3 2 1 4 2 4 2 3 0 1 2 1 1 1 4 5 0 0 1 2 3 3 1 0 5 2 3 4 3 2 1 1 3 2 2 4 2 5 3 1 2 1 3 0 2 3 2 2 4 5 4 2 4 5 2 1 2 4 4 2 
4 4 3 1 4 1 5 4 2 5 0 1 4 3 0 5 1 1 1 5 5 0 5 3 5 3 4 4 0 2 4 2 2 0 0 1 3 5 2 1 3 2 0 5 3 5 3 1 5 1 6 2 2 2 0 5 2 0 1 2 1 2 1 3 5 2 3 1 4 1 2 3 4 1 2 5 3 3 2 2 2 0 4 1 1 3 5 5 1 1 0 3 2 3 0 1 5 1 2 5 4 1 2 0 1 3 3 5 0 6 4 0 2 1 3 1 2 4 2 1 4 6 5 4 4 5 1 0 1 5 5 3 
5 5 4 3 0 2 2 1 4 3 4 3 1 1 4 3 4 1 3 2 1 3 1 1 1 0 0 0 3 2 1 1 3 2 3 2 0 2 2 4 0 2 3 2 3 1 0 2 3 4 2 3 2 3 4 3 2 2 4 1 4 2 3 0 2 2 1 3 2 3 1 1 0 3 3 1 0 3 0 3 2 4 1 3 1 2 2 3 3 2 3 0 3 2 4 3 2 2 3 2 0 3 4 3 3 1 0 1 4 3 1 3 1 4 1 3 2 0 2 3 2 2 1 1 3 3 2 3 4 1 2 0 
6 6 5 0 3 0 4 4 4 2 2 0 3 4 2 2 3 1 1 5 3 2 4 2 4 2 3 3 2 0 3 2 0 1 2 2 3 4 3 1 2 0 1 3 4 4 2 1 3 3 5 0 0 0 3 3 3 1 3 1 3 0 3 3 3 0 3 3 2 3 1 1 3 0 4 4 2 1 2 0 3 2 4 3 2 4 5 2 3 3 2 3 0 2 2 3 4 1 0 5 3 1 4 2 1 2 2 4 2 6 4 1 1 4 1 3 0 3 0 1 2 5 4 4 2 3 0 2 2 3 5 2 
6 6 5 2 2 2 3 3 5 1 4 2 1 3 4 1 5 2 3 3 2 4 2 0 3 1 2 1 4 1 1 2 2 3 4 3 2 3 4 3 1 1 3 1 4 2 1 2 1 5 3 2 2 2 4 1 4 3 5 2 4 1 4 2 1 1 2 4 0 4 1 0 1 2 5 3 1 1 1 2 4 4 3 4 2 4 3 1 4 3 3 2 2 0 4 4 2 2 2 4 2 3 5 4 3 1 1 2 4 4 3 3 1 5 0 4 2 2 1 3 0 4 2 3 1 1 2 3 4 1 3 1 
3 3 2 2 4 2 6 4 2 5 0 2 5 3 0 5 1 2 2 6 5 0 5 4 5 3 4 4 0 3 5 2 2 1 0 1 4 6 2 1 3 3 1 6 2 5 3 2 5 1 6 3 2 2 0 6 2 1 1 2 0 3 0 3 6 3 3 0 4 1 2 3 4 2 2 5 3 4 3 3 2 0 4 1 2 3 6 5 1 1 0 4 2 4 0 0 6 2 3 5 4 1 2 0 2 3 3 5 0 7 4 1 3 1 4 1 2 4 3 2 4 6 5 4 5 6 2 0 1 5 6 3 
3 3 1 2 3 2 5 3 1 5 0 2 4 2 1 5 0 2 2 5 5 1 5 4 4 3 3 4 1 3 4 2 3 1 0 1 3 5 1 2 3 3 2 6 1 5 3 1 5 0 5 3 3 3 1 6 1 1 0 2 1 3 0 3 5 3 2 0 4 0 2 3 4 2 1 5 3 4 2 3 1 1 3 0 1 2 5 5 0 0 1 3 3 4 0 0 5 2 3 4 4 2 1 0 2 3 3 4 1 6 3 1 3 0 3 0 3 4 3 2 4 5 5 3 5 6 2 1 2 5 5 3 
7 7 6 4 2 3 1 2 6 2 5 4 0 3 6 2 6 3 5 2 0 5 1 1 2 2 2 1 5 3 0 3 4 4 5 4 2 1 4 5 2 3 5 0 5 1 2 4 1 6 1 4 4 4 6 2 5 4 6 3 6 3 6 2 0 3 3 5 2 5 3 2 1 4 6 1 2 3 2 4 5 6 3 6 3 4 2 2 5 5 5 2 4 2 6 5 0 4 4 3 1 4 6 5 5 2 2 1 6 3 3 4 3 6 2 5 4 1 3 5 2 3 0 3 2 2 4 5 5 0 2 2 
5 5 4 0 3 0 5 3 3 3 1 0 3 3 1 3 2 1 0 5 4 1 4 2 4 2 3 3 1 1 3 2 0 0 1 1 3 5 3 1 2 1 1 4 3 4 2 0 3 2 5 1 0 1 2 4 3 0 2 1 2 1 2 3 4 1 2 2 2 2 1 1 3 0 3 4 2 2 2 1 2 1 3 2 1 3 5 3 2 2 1 2 1 2 2 2 4 0 1 4 3 0 3 1 1 2 2 4 1 6 4 0 1 3 2 2 0 3 1 0 2 5 4 3 3 4 0 1 1 4 5 2 
6 6 5 0 3 1 5 4 5 2 3 0 3 4 3 2 4 2 1 5 4 2 4 2 5 2 3 3 2 0 3 3 0 1 2 2 3 5 4 1 3 0 1 4 4 4 2 2 3 4 5 0 0 0 3 3 4 2 4 2 3 1 3 3 3 0 3 3 2 3 1 1 3 0 5 5 2 0 2 0 4 3 4 3 2 4 5 2 3 3 2 3 0 2 3 3 4 1 0 5 4 1 4 3 1 2 2 4 2 6 4 2 1 4 1 4 0 4 0 1 1 6 4 4 2 3 0 2 2 3 5 2 
5 5 5 5 2 4 1 1 4 5 5 5 2 1 5 5 5 3 5 1 2 5 1 3 0 2 1 2 5 4 2 2 5 4 4 3 1 2 2 6 2 4 5 4 3 1 2 4 4 5 2 5 5 5 6 5 3 4 5 3 6 4 5 2 4 5 2 4 4 4 3 4 2 5 4 1 2 5 2 5 3 5 1 5 3 2 1 5 4 4 5 2 5 4 5 4 3 4 5 0 1 5 4 5 5 3 2 2 5 1 0 4 4 5 4 4 5 1 4 5 5 1 2 1 5 5 4 5 6 3 1 2 
6 6 5 4 0 3 1 1 4 3 4 3 0 2 5 3 4 2 4 1 0 4 0 1 1 1 0 0 4 3 0 2 3 3 4 3 0 1 3 4 1 3 4 2 3 0 1 3 3 5 1 4 3 4 5 3 3 3 4 2 5 3 4 1 2 3 1 4 2 3 2 2 0 4 4 0 1 3 1 4 3 5 1 4 2 2 1 3 4 3 4 0 3 2 4 4 1 3 4 1 0 4 4 4 4 1 1 0 5 2 1 3 2 5 2 4 3 0 3 4 3 2 1 1 3 3 3 4 5 1 1 1 
5 5 3 0 3 1 5 4 3 4 1 0 4 3 1 4 2 1 0 5 4 1 4 3 4 2 3 3 1 1 4 2 1 0 1 1 3 5 3 0 2 1 0 4 3 4 2 1 4 2 5 1 1 1 1 4 3 0 2 1 1 1 2 3 4 1 3 1 3 2 1 2 3 0 3 5 2 2 2 1 2 1 4 2 1 3 5 4 2 2 1 3 1 3 1 2 4 0 1 5 4 0 3 1 0 2 2 4 1 6 4 0 1 2 2 2 1 4 1 0 3 6 4 4 3 4 0 0 1 4 5 2 
1 1 0 4 4 3 6 4 0 6 2 4 5 3 2 6 0 3 3 5 5 2 5 5 4 4 4 5 2 4 5 2 4 2 1 2 4 6 2 3 4 4 3 7 1 5 4 2 6 1 6 4 4 4 2 7 1 2 0 3 2 4 1 3 6 4 3 1 5 1 3 4 5 4 0 5 4 5 3 5 1 2 3 1 2 2 5 6 1 1 2 4 4 5 2 1 6 3 4 4 4 3 0 1 4 4 4 5 2 6 4 2 4 0 5 0 4 4 4 4 6 6 6 3 6 7 4 2 3 6 5 3 
3 3 2 2 3 2 5 3 2 5 0 2 4 3 1 5 0 1 2 5 5 0 5 3 4 3 3 4 0 3 4 2 2 1 0 1 3 5 2 1 3 2 1 6 2 5 3 1 5 1 6 3 2 2 1 6 2 1 0 2 1 2 0 3 5 3 2 0 4 0 2 3 4 2 2 5 3 4 2 3 1 0 3 0 1 2 5 5 0 1 0 3 2 4 0 0 5 1 3 5 4 1 1 0 2 3 3 5 1 6 4 1 2 1 3 1 2 4 2 2 4 6 5 3 4 6 2 0 1 5 5 3 
6 6 4 0 4 1 5 4 4 3 2 0 4 4 2 3 3 2 0 6 4 1 5 3 5 3 4 4 1 1 4 3 1 1 2 2 4 5 4 0 3 1 0 5 4 5 3 1 4 3 6 1 1 0 2 4 4 1 3 2 2 1 2 3 4 1 3 2 3 3 2 2 4 0 4 5 3 2 2 1 3 2 4 3 2 4 6 3 2 3 1 3 1 3 2 2 5 1 1 5 4 0 4 2 0 3 3 4 1 6 5 1 1 3 2 3 1 4 1 0 3 6 5 4 3 4 1 1 1 4 6 3 
5 5 4 2 1 1 2 2 4 2 3 2 1 2 4 2 4 1 2 3 1 3 2 0 2 0 1 1 3 1 1 1 2 2 3 2 1 2 2 3 0 1 3 2 3 2 0 1 2 4 3 2 2 2 4 2 3 2 4 1 4 1 3 1 2 1 1 3 1 3 1 0 1 2 4 2 0 2 0 2 3 3 2 4 1 3 3 2 3 2 3 1 2 1 3 3 2 2 2 3 1 2 4 3 3 0 0 1 3 4 2 2 1 4 0 3 2 1 1 3 1 3 2 2 2 2 2 3 3 1 3 0 
5 5 4 3 1 1 2 1 4 3 3 2 1 2 3 3 3 1 2 3 1 3 2 0 2 0 1 1 3 2 1 1 2 2 2 1 1 2 2 3 0 1 3 2 3 2 0 1 2 4 3 2 2 2 3 3 2 2 3 0 4 1 3 0 2 2 1 3 2 2 1 1 1 2 3 2 0 2 0 2 2 3 2 3 1 2 3 2 2 2 3 0 2 1 3 3 2 2 2 2 1 2 4 3 3 0 0 1 3 3 2 2 1 4 1 3 2 1 1 3 2 3 2 2 2 3 2 3 3 2 3 0 
6 6 5 4 1 3 0 1 5 3 5 4 0 2 5 3 5 3 4 1 0 5 0 1 1 1 1 0 5 3 0 2 4 4 4 3 1 0 3 5 1 3 5 2 4 0 1 3 2 5 1 4 3 4 5 3 4 4 5 2 6 3 5 1 1 3 2 5 2 4 2 2 0 4 5 0 1 4 2 4 4 5 2 5 3 3 1 2 4 4 5 1 4 2 5 4 1 4 4 2 0 4 5 5 4 1 1 0 5 2 2 4 3 5 2 4 3 0 3 4 3 2 0 2 3 3 3 4 5 0 1 1 
4 4 3 2 4 2 6 4 3 5 0 2 5 4 0 5 1 2 1 6 5 0 5 4 5 4 4 5 0 3 5 3 2 1 1 2 4 6 3 1 4 2 1 6 3 6 3 2 5 1 6 2 2 2 0 6 3 1 1 2 0 3 1 4 6 3 3 1 4 1 2 3 5 2 3 6 3 3 3 3 2 0 4 1 2 3 6 5 1 2 0 4 2 4 0 1 6 1 2 5 5 1 2 1 1 3 3 5 0 7 5 1 3 1 4 2 2 5 3 1 4 7 6 4 4 6 2 0 0 5 6 3 
6 6 6 6 2 5 1 2 6 5 6 6 2 3 7 5 6 4 6 0 2 6 1 3 1 3 2 2 6 5 2 4 6 5 6 5 2 1 4 7 3 5 7 3 5 1 3 5 4 7 1 6 6 6 7 5 4 5 6 4 7 5 6 3 3 5 3 6 5 5 4 4 2 6 5 1 3 6 4 6 5 7 2 6 4 4 0 5 5 5 6 3 6 4 7 6 3 6 6 1 2 6 6 6 6 4 3 2 7 0 2 6 5 6 4 5 6 2 5 6 5 0 2 2 5 5 5 6 7 3 0 3 
4 4 4 4 1 3 1 0 3 4 4 4 2 1 5 4 4 2 4 1 2 4 1 2 0 1 1 1 4 4 2 2 4 3 4 2 0 2 2 5 1 3 4 3 2 1 1 3 4 4 2 4 4 4 5 4 2 3 4 2 5 3 4 1 3 4 1 4 4 3 3 3 2 4 3 1 2 4 2 5 2 4 0 4 2 1 1 4 3 3 4 1 4 3 4 3 3 4 4 0 1 4 4 4 5 2 2 2 5 2 0 3 3 4 3 3 4 1 3 4 4 2 2 0 4 4 4 4 5 2 1 1 
4 4 3 1 3 1 5 3 3 4 1 1 3 3 1 4 2 1 1 5 4 0 4 3 4 2 3 3 0 2 4 1 1 0 0 1 3 5 2 1 2 1 0 5 3 4 2 0 4 2 5 2 1 1 1 4 2 0 2 1 1 1 1 2 4 2 2 1 3 1 1 2 3 1 3 4 2 2 2 2 2 1 3 1 1 3 5 4 1 1 0 3 1 3 1 1 4 0 2 4 3 0 2 1 1 2 2 4 1 6 3 0 1 2 2 2 1 3 1 1 3 5 4 3 3 5 1 0 1 4 5 2 
5 5 4 1 2 0 3 3 4 2 2 1 2 3 3 2 3 1 1 4 2 2 3 1 3 1 2 2 2 0 2 1 1 1 2 1 2 3 3 2 1 0 2 3 3 3 1 1 2 3 4 1 1 1 3 3 3 1 3 1 3 0 3 2 3 0 2 3 1 2 0 0 2 1 4 3 1 1 1 1 3 3 3 3 1 3 4 2 2 2 2 1 1 1 3 3 3 1 1 4 2 1 4 2 1 1 1 3 3 5 3 1 0 4 1 3 0 2 0 1 1 4 3 3 2 3 0 2 2 2 4 1 
2 2 1 3 4 3 6 4 1 6 1 3 5 3 1 6 0 3 3 6 5 2 5 4 5 4 4 5 1 4 5 2 4 2 1 2 4 6 2 3 4 4 2 7 1 6 4 2 6 0 6 4 4 4 1 7 2 2 0 3 2 4 0 4 6 4 3 1 5 1 3 4 5 3 1 5 4 5 3 4 1 1 4 0 2 2 6 6 1 1 1 4 4 5 1 0 6 3 4 5 5 2 0 1 3 4 4 5 1 6 4 2 4 0 4 1 4 5 4 3 5 6 6 4 6 7 3 2 2 6 6 4 
6 6 5 2 2 1 3 2 5 1 4 1 1 3 4 1 4 1 2 3 2 3 2 0 3 1 2 1 3 1 1 2 1 2 3 2 2 3 3 3 1 1 3 2 4 2 1 2 1 4 3 1 1 2 4 2 4 2 4 1 4 1 4 2 2 1 2 3 0 3 1 0 1 2 4 3 1 1 1 2 3 4 3 4 2 3 3 1 3 3 3 1 1 0 4 3 2 2 1 4 2 2 5 3 2 0 1 2 4 4 3 2 1 4 0 4 1 2 1 2 1 4 2 3 1 2 1 3 3 1 3 1 
2 2 1 3 3 2 5 3 1 5 1 3 4 2 2 5 0 2 3 5 4 2 4 4 4 3 3 4 1 4 4 1 3 2 1 1 3 5 1 3 3 3 2 6 1 4 3 2 5 1 5 3 3 3 2 6 1 1 0 2 2 3 0 3 6 3 2 0 4 0 2 3 4 3 0 4 3 4 2 4 0 1 3 0 2 1 5 5 0 0 1 3 3 4 1 0 5 2 4 4 4 2 0 1 3 3 3 4 2 5 3 2 3 1 4 0 3 4 3 3 5 5 5 3 5 6 3 2 2 5 5 3 
6 6 4 0 3 0 4 3 4 2 2 0 3 4 2 2 3 1 1 5 3 2 4 2 4 2 3 3 2 0 3 2 0 1 2 2 3 4 3 1 2 0 1 3 4 4 2 1 3 3 5 0 0 0 2 3 3 1 3 1 2 0 3 3 3 0 3 3 2 3 1 1 3 0 4 4 2 1 2 0 3 2 4 3 1 4 5 2 2 2 2 2 0 2 2 3 4 0 0 5 3 1 4 2 1 2 2 3 2 6 4 1 0 4 1 3 0 3 0 1 2 5 4 4 2 3 0 2 2 3 5 2 
5 5 5 4 0 3 1 0 4 3 4 3 1 2 5 3 4 2 4 1 0 4 0 1 0 1 0 0 4 3 1 2 3 3 4 3 0 1 2 4 1 3 4 2 3 0 1 3 3 5 1 4 3 4 5 3 3 3 4 2 5 3 4 0 2 3 1 4 2 3 2 2 0 4 4 0 1 4 1 4 3 4 1 4 2 2 1 3 4 3 4 0 3 2 4 4 1 3 4 1 0 4 4 4 4 1 1 0 5 2 1 3 2 5 2 4 3 0 3 4 3 2 1 1 3 3 3 4 5 1 1 1 
6 6 4 1 2 0 4 3 4 2 3 0 2 3 3 2 3 1 1 4 3 2 3 1 4 2 2 2 2 0 3 2 0 1 2 2 2 4 3 2 2 0 2 3 4 3 1 1 2 4 4 0 0 0 3 3 3 1 3 1 3 0 3 2 3 0 2 3 1 3 0 0 2 1 4 4 1 1 1 1 3 3 4 3 1 3 4 2 3 2 2 2 0 1 3 3 3 1 0 4 3 1 4 2 1 1 1 3 3 5 3 1 0 4 1 3 0 3 0 1 1 5 3 3 1 3 0 2 2 3 4 2 
5 5 4 0 4 1 5 4 4 4 2 0 4 4 1 4 3 2 0 6 4 1 5 3 5 3 4 4 1 1 4 2 1 1 2 2 4 5 3 0 3 1 0 5 4 5 3 1 4 3 6 1 1 0 2 4 3 1 3 2 1 1 2 3 4 1 3 2 3 2 1 2 4 0 4 5 3 2 2 1 3 2 4 2 2 4 6 4 2 2 1 3 1 3 2 2 5 0 1 5 4 0 4 2 0 3 3 4 1 6 4 1 1 3 2 3 1 4 1 0 3 6 5 4 3 4 1 1 0 4 6 3 
7 7 6 2 3 2 4 4 6 0 4 2 2 4 4 0 5 2 3 4 3 4 3 1 4 2 3 2 4 1 2 3 2 3 4 3 3 3 4 3 2 1 3 2 5 3 2 3 1 5 4 1 2 2 4 1 5 3 5 2 5 1 5 3 2 1 3 4 0 4 2 1 2 2 6 4 2 1 2 2 5 4 4 5 3 5 4 0 4 4 4 2 2 0 4 4 2 2 1 5 3 3 6 4 3 1 2 3 4 5 4 3 1 5 1 5 2 3 1 3 0 5 3 4 0 1 2 4 4 2 4 2 
6 6 6 6 2 5 1 2 5 5 6 5 2 3 7 5 6 4 6 0 2 6 1 3 1 3 2 2 6 5 2 4 5 5 6 4 2 1 4 7 3 5 6 3 4 1 3 5 4 6 1 6 5 6 7 5 4 5 6 4 7 5 6 2 3 5 3 6 4 5 4 4 2 6 5 1 3 6 3 6 4 6 2 6 4 3 0 5 5 5 6 2 5 4 6 5 3 5 6 1 2 6 6 6 6 3 3 2 7 0 2 5 4 6 4 5 5 2 5 6 5 0 2 2 5 5 5 6 7 3 0 3 
7 7 6 5 1 3 1 2 6 3 5 4 0 3 6 2 6 3 5 1 0 5 0 1 2 2 1 1 5 3 0 3 4 4 5 4 2 0 4 5 2 3 5 1 5 0 2 3 2 6 1 4 4 4 6 2 4 4 6 3 6 3 5 2 1 3 3 5 2 5 3 2 1 5 5 1 2 4 2 4 4 6 3 5 3 4 2 2 5 4 5 1 4 2 5 5 0 4 4 2 1 4 6 5 5 2 2 0 6 2 2 4 3 6 2 5 4 1 3 5 3 2 0 2 3 2 4 5 5 0 1 2 
4 4 3 4 1 3 2 0 3 5 4 4 2 0 4 4 3 2 4 2 2 4 2 2 1 1 1 2 4 4 2 1 4 3 3 2 1 2 1 4 1 3 4 4 2 2 1 2 4 4 2 4 4 4 4 5 2 3 3 2 5 3 3 1 4 4 1 3 4 3 3 3 2 4 3 1 2 4 2 5 2 4 0 3 2 1 2 4 3 2 4 1 4 3 4 3 3 3 4 1 1 4 3 3 4 2 2 2 4 2 0 3 3 4 3 3 4 1 3 4 4 2 2 0 4 5 3 4 5 3 2 1 
7 7 6 3 3 2 4 4 6 0 4 2 2 5 4 0 5 3 3 4 3 4 3 2 4 2 3 2 4 1 2 3 2 3 4 3 3 3 5 3 3 2 4 2 5 3 2 3 1 6 4 2 2 2 5 1 5 3 5 3 5 1 5 3 2 1 4 5 0 5 2 1 2 3 6 4 2 1 3 2 5 5 5 5 3 5 5 0 4 4 4 3 2 1 5 5 2 3 2 5 3 3 6 4 3 2 2 3 4 5 4 3 2 6 1 5 2 3 1 3 0 5 3 4 0 1 2 4 4 2 4 3 
8 8 7 4 3 3 3 4 7 0 6 4 2 5 6 0 7 4 4 4 2 5 3 2 4 3 3 2 6 3 2 4 3 4 5 5 4 3 5 5 3 3 5 1 6 3 3 4 0 7 3 3 3 3 6 0 6 5 7 4 6 3 6 4 1 3 4 6 1 6 3 2 2 4 7 3 3 2 3 3 6 6 5 6 4 6 4 0 6 5 5 3 3 1 6 6 2 4 3 5 3 4 7 6 4 2 3 3 6 5 4 5 3 7 2 6 3 3 3 4 1 5 2 5 1 0 4 5 5 2 4 3 
5 5 4 0 3 0 4 3 4 3 2 0 3 3 2 3 3 1 0 5 3 1 4 2 4 2 3 3 2 1 3 2 0 1 2 1 3 4 3 1 2 0 1 4 3 4 2 1 3 3 5 0 0 0 2 3 3 1 3 1 2 0 2 2 4 0 2 2 2 2 0 1 3 0 4 4 2 1 1 1 3 2 4 3 1 3 5 3 2 2 1 2 0 2 2 2 4 0 0 4 3 0 4 2 1 2 2 3 2 5 4 1 0 3 1 3 0 3 0 1 2 5 4 3 2 4 0 1 1 3 5 2 
4 4 3 1 4 1 5 4 3 4 0 1 4 3 0 4 1 1 1 5 4 0 5 3 5 3 4 4 0 2 4 2 2 0 0 1 3 5 2 1 3 2 0 5 3 5 3 1 4 1 6 2 1 2 0 5 2 0 1 2 1 2 1 3 5 2 3 1 3 1 2 2 4 1 3 5 3 3 2 2 2 0 4 1 1 3 5 4 1 1 0 3 2 3 0 1 5 1 2 5 4 0 2 0 1 3 3 4 0 6 4 0 2 2 3 2 2 4 2 1 4 6 5 4 4 5 1 0 0 5 5 3 
5 5 4 1 4 2 6 5 4 4 1 1 5 4 1 4 2 2 0 6 5 0 5 4 5 3 4 4 1 2 5 3 1 1 1 2 4 6 3 0 3 2 0 5 4 5 3 2 5 2 6 2 1 1 1 5 3 1 2 2 1 2 2 4 5 2 3 2 4 2 2 3 4 1 3 6 3 3 3 2 3 1 5 2 2 4 6 4 2 2 1 4 2 4 1 2 5 1 2 6 5 1 3 1 1 3 3 5 0 7 5 1 2 2 3 2 2 5 2 0 4 7 5 5 4 5 1 0 0 5 6 3 
7 7 6 4 1 3 1 2 6 2 5 3 0 3 5 2 5 3 4 2 0 5 1 1 2 1 1 0 5 3 0 3 3 4 5 3 2 1 4 5 1 3 5 1 5 1 2 3 1 6 1 3 3 4 6 2 4 4 5 2 6 2 5 2 1 3 3 5 2 4 2 2 0 4 5 1 1 3 2 4 4 5 3 5 3 4 2 1 4 4 5 1 3 1 5 5 0 4 3 3 1 4 6 5 4 1 2 0 5 3 2 4 2 6 1 5 3 1 3 4 2 3 0 3 2 2 3 5 5 0 2 2 
6 6 6 6 1 4 0 1 5 4 6 5 1 2 6 4 6 4 5 0 1 6 0 2 1 2 1 1 6 4 1 3 5 5 5 4 2 1 3 6 2 4 6 3 4 0 2 4 4 6 0 5 5 5 6 4 4 5 6 3 6 4 5 2 3 4 2 5 4 5 4 3 2 5 5 0 2 5 3 5 4 6 2 5 4 3 0 4 5 4 5 2 5 3 6 5 2 5 5 1 1 5 5 5 6 3 3 1 6 0 1 5 4 6 3 5 5 1 4 6 4 0 1 2 4 4 5 5 6 2 0 2 
5 5 4 3 0 1 2 1 4 3 3 2 1 1 3 3 3 1 3 2 1 3 2 1 2 0 0 1 3 2 1 1 2 2 3 1 0 2 2 3 0 1 3 3 3 2 0 1 3 4 2 2 2 2 4 3 2 2 3 0 4 1 3 0 3 2 1 3 2 2 1 1 1 3 3 2 0 3 0 3 2 3 2 3 1 2 2 3 2 2 3 0 2 1 3 3 2 2 2 2 1 2 3 3 3 0 0 1 3 3 1 2 1 4 1 3 2 1 2 3 2 3 2 1 3 3 2 3 3 2 2 0 
