130 12563.41 0 1680 1 1680
30.75 91.07 96.71 74.78 68.92 80.65 48.66 39.35 5.55 84.66 57.2 98.11 53.87 40.1 12.49 97.16 92.12 72.37 87.1 90.84 7.05 69.28 6.77 69.26 31.22 57.16 7.29 31.82 64.32 60.62 93.65 73.78 24.21 48.93 25.72 93.58 38.78 9.32 16.88 57.31 26.67 18.16 87.65 15.93 43.19 92.24 26.31 51.56 35.35 65.26 37.34 17.48 14.18 71.56 86.65 53.92 69.94 84.75 71.47 31.81 87.59 12.65 73.22 5.66 73.13 19.43 95.32 15.61 39.73 3.35 49.48 3.94 21.04 6.11 74.95 6.65 53.33 15.1 3.82 41.05 4.3 95.12 24.79 46.54 45.99 53.76 45.89 73.51 39.23 42.24 53.64 17.96 32.15 13.89 43.31 64.41 94.06 28.18 43.06 9.82 26.63 82.46 12.94 94.09 57.97 84.62 59.46 7.83 3.68 49.03 87.74 16.08 58.72 40.09 1.54 21.07 82.95 14.75 72.99 68.74 81.03 25.59 9.89 9.2 13.8 86.21 52.99 2.23 9.42 82.29 
45.55 24.35 16.38 39.15 57.1 58.7 64.59 70.36 22.14 34.8 76.14 81.74 63.69 69.85 63.38 42.27 16.78 35.12 69.72 68.43 83.21 41.89 70.74 75.98 65.47 20.1 16.14 80.31 52.42 13.23 15.82 76.91 89.93 66.11 61.72 10.1 32.87 27.81 27.95 29.52 60.42 58.75 72.24 12.65 19.18 23.0 62.64 62.01 11.49 14.38 80.41 61.65 26.76 88.35 59.41 44.97 33.03 40.54 81.15 74.86 28.37 17.32 55.74 53.27 68.63 25.83 21.51 49.72 35.25 28.91 44.48 87.09 63.79 60.67 72.3 51.02 56.71 50.96 43.86 78.41 89.83 69.68 83.49 52.61 89.69 82.81 78.05 17.37 87.79 14.62 42.21 34.35 46.56 54.51 46.34 11.65 77.43 33.17 44.66 73.54 18.2 32.15 37.36 27.87 45.79 27.2 14.26 36.59 31.36 33.25 51.12 49.91 15.3 16.79 81.33 32.95 55.49 80.97 11.21 50.64 52.74 26.03 77.97 21.46 25.95 19.67 15.83 56.01 37.28 46.92 
3 9 9 7 7 8 5 4 1 8 6 9 5 4 2 9 9 7 8 9 1 7 1 7 3 6 1 3 6 6 9 7 3 5 3 9 4 1 2 6 3 2 8 2 4 9 3 5 4 6 4 2 2 7 8 5 7 8 7 3 8 2 7 1 7 2 9 2 4 1 5 1 2 1 7 1 5 2 1 4 1 9 3 5 5 5 5 7 4 4 5 2 3 2 4 6 9 3 4 1 3 8 2 9 6 8 6 1 1 5 8 2 6 4 1 2 8 2 7 7 8 3 1 1 2 8 5 1 1 8 
1 2 3 4 5 6 7 8 9 10 11 12 13 14 15 16 17 18 19 20 21 22 23 24 25 26 27 28 29 30 31 32 33 34 35 36 37 38 39 40 41 42 43 44 45 46 47 48 49 50 51 52 53 54 55 56 57 58 59 60 61 62 63 64 65 66 67 68 69 70 71 72 73 74 75 76 77 78 79 80 81 82 83 84 85 86 87 88 89 90 91 92 93 94 95 96 97 98 99 100 101 102 103 104 105 106 107 108 109 110 111 112 113 114 115 116 117 118 119 120 121 122 123 124 125 126 127 128 129 130 
3 1 1 3 3 3 3 3 3 3 3 1 3 3 1 1 1 3 3 1 3 3 3 3 3 3 3 3 3 3 1 3 3 3 3 1 3 3 1 3 3 1 3 1 3 1 3 3 3 3 3 1 1 3 3 3 3 3 3 3 3 1 3 3 3 1 1 1 3 3 3 3 1 3 3 3 3 1 3 3 3 1 3 3 3 3 3 3 3 3 3 1 3 1 3 3 1 3 3 3 3 3 1 1 3 3 3 3 3 3 3 1 3 3 3 1 3 1 3 3 3 3 3 3 1 3 3 3 3 3 
2 2 2 2 2 3 3 1 1 3 2 2 3 1 3 2 2 2 3 2 1 2 1 2 2 2 1 2 2 2 2 2 2 3 2 2 1 1 3 2 2 3 3 3 1 2 2 3 1 2 1 3 3 2 3 3 2 3 2 2 3 3 2 1 2 3 2 3 1 1 3 1 3 1 2 1 3 3 1 1 1 2 2 3 3 3 3 2 1 1 3 3 2 3 1 2 2 2 1 1 2 3 3 2 2 3 2 1 1 3 3 3 2 1 1 3 3 3 2 2 3 2 1 1 3 3 3 1 1 3 
6 6 9 7 2 7 7 8 9 1 4 9 7 9 7 10 2 5 3 10 4 6 1 9 3 8 1 10 7 10 3 1 10 6 9 9 10 3 8 1 1 8 4 4 10 6 6 5 7 9 8 2 6 8 5 9 1 2 1 4 8 7 10 4 5 2 5 7 6 9 4 4 7 3 4 7 1 1 2 5 6 2 8 8 1 10 6 5 6 10 2 1 1 3 2 1 3 3 6 10 9 6 7 10 10 8 4 1 5 9 5 4 6 9 1 4 1 9 2 2 8 9 2 5 5 9 4 1 6 7 
4081.79 3833.54 4878.05 3435.35 3835.09 3430.88 3407.0 4840.73 4771.7 3397.36 4386.27 4970.12 3364.25 4744.32 3362.51 4247.17 4389.86 4503.13 3234.02 4169.51 3619.18 4058.06 3520.45 4907.3 3613.32 4893.32 4207.19 4050.82 3420.03 3767.37 3153.74 3488.55 4555.35 4046.31 4778.11 4954.15 4226.65 3512.3 4863.43 3735.31 3811.77 4706.28 4181.77 4038.65 4503.26 4021.1 3988.87 4557.27 3449.53 4968.64 4783.99 3848.97 3878.95 4872.53 4424.1 4800.17 3357.13 4145.51 3557.05 3756.65 4882.16 3449.11 3981.17 3884.23 4484.65 3864.38 4418.05 3454.19 3978.44 4899.3 4399.01 4157.86 3396.09 3689.08 4575.18 3381.0 3417.61 4367.82 4411.45 4506.1 3846.11 4024.83 4709.86 4899.67 3723.56 4320.43 3811.25 4473.5 3917.13 4235.8 4359.11 3764.51 3475.21 3048.08 3882.63 3344.63 3740.89 3680.82 4049.57 3804.33 4766.37 4006.86 3415.65 4547.14 3826.31 4884.14 3785.65 3670.47 4550.44 4798.74 4496.02 3793.21 3791.85 4751.17 3512.78 3850.74 3493.08 4878.75 4334.3 4439.08 4849.95 4804.24 4383.47 4421.12 4460.03 4793.4 4504.02 3969.08 3806.7 3424.74 
0.39 0.39 0.37 0.62 0.49 0.9 0.77 0.57 0.24 0.54 0.54 0.37 0.83 0.38 0.86 0.87 0.43 0.35 0.66 0.63 0.37 0.38 0.85 0.3 0.61 0.61 0.39 0.52 0.7 0.61 0.78 0.35 0.64 0.4 0.32 0.25 0.3 0.65 0.76 0.94 0.34 0.59 0.43 0.47 0.93 0.39 0.39 0.3 0.83 0.33 0.68 0.44 0.38 0.61 0.98 0.29 0.51 0.5 0.69 0.34 0.78 0.67 0.55 0.41 0.77 0.51 0.64 0.9 0.35 0.46 0.55 0.56 0.83 0.57 0.36 0.7 0.5 0.25 0.47 0.4 0.38 0.46 0.69 0.83 0.8 0.3 0.35 0.33 0.37 0.37 0.46 0.92 0.39 0.53 0.45 0.33 0.8 0.71 0.38 0.92 0.24 0.35 0.76 0.9 0.84 0.83 0.4 0.71 0.72 0.42 0.3 0.61 0.35 0.25 0.78 0.42 0.67 0.5 0.52 0.51 0.68 0.25 0.5 0.37 0.44 0.4 0.42 0.42 0.36 0.64 
0.51 0.94 0.75 0.67 0.64 0.69 0.78 0.8 0.8 0.79 0.87 1.0 0.95 0.61 0.92 0.84 0.75 0.65 1.0 0.73 0.65 0.64 0.87 0.91 0.69 1.0 0.96 0.82 0.53 0.71 0.81 0.98 1.0 0.93 0.92 0.79 0.76 0.75 0.75 0.97 1.0 0.9 0.71 1.0 1.0 0.97 0.68 1.0 0.96 0.89 1.0 0.72 0.51 0.86 0.62 0.57 0.73 1.0 0.71 0.86 0.58 0.89 0.7 1.0 0.63 0.89 0.64 0.8 0.75 1.0 0.71 0.73 0.86 0.92 1.0 0.55 0.95 0.53 0.98 0.64 0.54 1.0 1.0 0.9 1.0 0.89 0.99 0.93 1.0 0.91 0.65 0.69 0.96 0.61 0.64 0.89 0.97 0.57 0.86 0.6 0.87 0.52 1.0 0.63 0.9 0.8 0.53 0.7 0.64 0.93 0.81 1.0 0.56 0.73 0.83 0.67 0.53 0.62 0.93 0.82 0.62 0.72 0.78 0.96 0.71 0.85 0.55 0.72 1.0 0.67 
0.66 0.88 0.86 0.53 0.99 0.94 1.0 0.91 0.98 0.6 1.0 0.94 0.62 0.79 0.7 0.95 0.96 0.94 0.68 0.71 1.0 1.0 0.92 0.92 0.97 0.65 0.78 0.98 0.98 0.96 0.7 1.0 0.56 0.91 0.74 0.71 0.93 0.67 0.77 0.64 0.86 0.67 0.57 0.63 0.63 0.8 1.0 0.52 0.89 0.55 0.6 0.9 0.86 1.0 0.8 1.0 1.0 0.8 0.53 0.99 0.64 0.64 0.8 1.0 0.56 0.53 0.89 0.51 0.98 0.77 0.76 0.82 0.87 0.88 0.55 0.88 0.57 0.58 0.96 0.77 0.87 0.82 0.6 0.69 1.0 1.0 0.59 0.59 0.91 0.71 0.77 0.61 1.0 0.69 0.73 0.6 0.65 0.7 0.81 0.69 0.97 0.54 0.96 0.81 0.64 1.0 1.0 0.76 0.85 0.6 0.89 0.81 0.94 0.63 0.94 0.64 0.74 0.97 0.71 1.0 0.59 0.67 1.0 0.61 0.86 0.95 0.81 0.87 0.56 0.85 
1.0 0.98 0.89 1.0 1.0 0.64 0.71 0.84 0.67 0.55 0.55 0.89 0.92 0.77 1.0 0.63 0.81 1.0 0.71 0.78 0.73 0.59 0.99 1.0 0.97 1.0 0.91 0.74 1.0 1.0 0.62 0.81 1.0 0.62 0.9 0.54 0.76 0.68 1.0 1.0 0.51 0.57 0.98 0.79 0.67 0.94 1.0 1.0 0.77 0.69 1.0 0.69 0.69 0.64 0.73 1.0 0.53 0.85 0.82 0.82 0.79 0.95 0.53 0.72 1.0 0.96 0.84 0.68 0.72 0.55 0.5 1.0 1.0 0.82 0.79 0.65 0.71 1.0 0.8 0.92 0.55 0.68 0.97 0.94 0.92 0.64 1.0 0.61 0.65 0.83 0.72 1.0 0.56 1.0 0.84 0.82 1.0 0.57 0.98 0.51 0.69 0.91 0.71 0.56 0.95 0.7 0.93 0.67 0.63 0.89 0.55 0.59 0.91 0.64 0.85 1.0 0.58 1.0 1.0 0.71 0.91 0.75 0.92 0.94 1.0 1.0 1.0 0.67 0.78 0.71 
0.51 0.98 0.58 0.91 0.85 0.79 0.88 0.68 0.84 1.0 0.55 0.97 0.66 0.8 0.74 0.59 0.67 0.7 0.81 0.88 0.72 0.73 1.0 0.69 0.56 0.59 0.79 1.0 1.0 0.79 0.72 0.81 0.97 0.97 0.94 0.65 0.78 0.72 0.84 0.75 0.87 1.0 0.51 0.82 1.0 0.81 1.0 0.98 0.51 0.7 1.0 0.55 0.77 0.54 0.81 0.7 0.58 1.0 0.94 0.82 1.0 1.0 0.72 0.57 0.98 0.92 0.61 0.51 1.0 0.59 0.95 0.63 0.95 0.81 0.64 0.74 0.97 0.78 0.65 0.93 0.62 0.77 1.0 0.72 1.0 1.0 0.96 0.83 1.0 0.85 0.68 0.88 0.78 0.63 0.95 0.61 1.0 1.0 0.56 1.0 0.97 1.0 0.82 0.98 0.76 0.85 0.98 0.69 0.8 0.63 0.83 0.94 0.82 0.54 0.55 1.0 0.75 0.99 0.8 0.73 0.93 0.52 1.0 0.86 0.94 0.55 0.72 0.5 0.73 0.96 
1.0 0.6 0.85 0.51 0.52 0.55 0.9 0.6 0.83 0.64 0.6 0.54 0.93 1.0 0.59 0.63 0.66 0.79 0.62 0.74 0.76 1.0 0.89 0.76 0.56 0.68 0.56 0.79 0.84 0.97 0.53 0.53 1.0 0.62 0.67 1.0 0.51 1.0 0.61 1.0 0.87 0.57 1.0 0.99 1.0 0.76 0.95 0.63 0.89 0.61 0.51 0.88 1.0 0.98 0.98 0.74 0.73 0.56 1.0 0.74 0.87 0.8 0.96 0.89 0.8 0.6 0.95 0.78 0.6 1.0 0.76 0.75 0.65 0.82 0.89 0.69 0.87 0.9 0.94 0.88 0.97 1.0 0.55 0.65 0.63 0.72 1.0 0.77 0.66 0.56 0.72 0.72 0.66 0.64 0.73 0.5 0.61 0.51 1.0 0.74 0.88 0.81 0.69 0.7 1.0 1.0 0.61 1.0 0.93 1.0 0.68 0.51 0.52 0.98 0.93 0.71 0.61 0.89 0.81 0.71 1.0 1.0 0.6 0.58 0.51 0.84 0.64 0.92 0.91 0.58 
0.17 0.48 0.28 0.16 0.28 0.18 0.44 0.25 0.37 0.17 0.16 0.44 0.33 0.29 0.28 0.19 0.26 0.34 0.24 0.26 0.26 0.27 0.7 0.44 0.2 0.26 0.3 0.47 0.44 0.52 0.13 0.34 0.55 0.32 0.38 0.19 0.21 0.25 0.3 0.47 0.33 0.19 0.2 0.4 0.42 0.45 0.64 0.32 0.3 0.15 0.31 0.22 0.23 0.29 0.28 0.3 0.16 0.38 0.29 0.43 0.26 0.44 0.21 0.36 0.28 0.25 0.27 0.11 0.32 0.25 0.2 0.28 0.46 0.45 0.25 0.16 0.32 0.21 0.46 0.37 0.15 0.43 0.32 0.27 0.58 0.41 0.57 0.21 0.39 0.26 0.18 0.27 0.28 0.17 0.27 0.14 0.38 0.12 0.38 0.16 0.49 0.21 0.39 0.2 0.41 0.47 0.29 0.25 0.26 0.32 0.22 0.23 0.21 0.16 0.34 0.3 0.1 0.53 0.43 0.3 0.31 0.19 0.43 0.28 0.29 0.37 0.21 0.19 0.29 0.23 
1337.71 1630.27 633.41 1397.68 1070.75 1177.18 1809.95 1200.77 579.61 1156.19 1771.56 656.5 1594.56 631.26 1616.75 2480.39 980.75 1764.47 1197.1 1867.09 1396.91 1242.84 1774.65 610.83 933.94 1258.99 974.35 2094.12 1270.34 2309.71 1100.96 1099.64 2061.91 1143.3 559.23 533.83 1898.35 781.69 1477.33 1641.66 1039.85 1180.5 1293.36 1532.24 2709.35 1251.8 1236.17 1527.06 1701.48 631.08 1319.85 1168.6 1271.48 1263.67 2235.32 555.5 1368.93 1454.82 1294.34 1522.89 1580.76 1809.89 2143.87 1671.62 1682.5 1518.77 1902.23 1761.37 1595.24 637.67 1513.77 1870.15 2094.14 870.8 1360.13 1274.3 1048.46 943.52 1098.08 1183.9 1166.26 1417.57 1218.03 1430.44 1548.34 1963.36 1638.99 1566.52 1679.93 1872.19 1419.74 1552.53 1093.59 862.78 1255.04 1136.93 1037.5 890.87 1459.07 2419.61 607.54 1278.87 1522.05 2303.57 2337.5 1506.16 1420.38 1415.85 2022.08 717.83 1459.47 1627.95 1493.95 603.89 1252.89 1321.15 1397.25 601.58 1450.76 1320.54 1251.74 584.29 1320.64 1198.82 1458.85 597.09 1335.45 943.57 1220.58 1347.37 
242.06 771.35 183.37 261.05 247.47 151.44 736.69 307.34 213.02 171.29 298.44 268.38 490.19 159.13 397.84 562.45 228.12 575.21 345.73 353.32 404.49 378.97 1285.1 293.95 197.97 307.42 300.85 1002.56 515.01 1045.07 133.73 469.07 1114.39 329.72 201.66 99.45 397.98 164.53 369.99 733.08 307.84 277.02 243.09 561.56 1177.31 610.84 802.58 568.2 583.69 98.03 400.0 308.27 220.13 341.96 532.07 155.16 252.03 511.51 338.61 574.1 437.54 786.03 467.23 580.39 433.61 355.87 426.02 147.23 465.26 167.32 321.87 538.69 1113.93 406.59 344.17 237.0 326.06 220.71 444.84 466.26 159.65 658.34 356.67 415.58 946.21 786.7 894.84 339.98 668.15 546.09 298.18 409.26 283.14 181.88 326.92 160.77 427.33 98.82 521.13 360.9 340.37 228.03 621.7 473.96 1043.42 684.58 493.12 375.46 458.91 215.44 386.43 409.49 283.05 98.3 448.26 357.41 118.44 314.79 640.92 312.74 379.92 116.67 607.41 331.2 465.52 248.22 202.51 173.62 353.57 300.49 
6188.55 7651.35 2667.06 6488.38 4853.75 5385.92 8549.76 5503.86 2398.03 5280.97 8357.78 2782.51 7472.78 2656.3 7583.77 11901.96 4403.74 8322.37 5485.49 8835.47 6484.55 5714.22 8373.26 2554.15 4169.71 5794.93 4371.74 9970.58 5851.72 11048.56 5004.81 4998.18 9809.55 5216.49 2296.15 2169.13 8991.75 3408.45 6886.64 7708.31 4699.26 5402.49 5966.81 7161.18 13046.77 5759.02 5680.87 7135.28 8007.41 2655.4 6099.27 5343.01 5857.39 5818.34 10676.61 2277.5 6344.66 6774.09 5971.72 7114.45 7403.8 8549.43 10219.33 7858.08 7912.5 7093.87 9011.15 8306.83 7476.18 2688.36 7068.87 8850.76 9970.68 3853.99 6300.64 5871.48 4742.3 4217.6 4990.38 5419.51 5331.31 6587.84 5590.15 6652.22 7241.72 9316.78 7694.97 7332.6 7899.65 8860.96 6598.69 7262.67 4967.97 3813.88 5775.18 5184.65 4687.49 3954.37 6795.37 11598.05 2537.71 5894.35 7110.24 11017.87 11187.49 7030.82 6601.89 6579.23 9610.42 3089.15 6797.34 7639.75 6969.75 2519.44 5764.47 6105.75 6486.26 2507.88 6753.82 6102.69 5758.68 2421.43 6103.18 5494.1 6794.26 2485.47 6177.27 4217.83 5602.89 6236.87 
710.32 3356.73 416.84 805.27 737.34 257.2 3183.44 1036.72 565.11 356.45 992.18 841.9 1950.96 295.65 1489.22 2312.23 640.61 2376.04 1228.63 1266.58 1522.46 1394.83 5925.51 969.75 489.85 1037.11 1004.27 4512.8 2075.05 4725.37 168.65 1845.36 5071.97 1148.58 508.31 -2.76 1489.88 322.64 1349.97 3165.41 1039.2 885.12 715.46 2307.82 5386.54 2554.19 3512.89 2340.99 2418.46 -9.85 1500.02 1041.33 600.63 1209.81 2160.37 275.78 760.14 2057.56 1193.07 2370.49 1687.71 3430.13 1836.17 2401.93 1668.03 1279.33 1630.1 236.15 1826.28 336.62 1109.33 2193.43 5069.65 1532.93 1220.84 685.0 1130.29 603.55 1724.2 1831.32 298.23 2791.68 1283.34 1577.92 4231.03 3433.49 3974.2 1199.89 2840.73 2230.47 990.9 1546.31 915.69 409.42 1134.61 303.87 1636.63 -5.88 2105.63 1304.52 1201.86 640.15 2608.5 1869.8 4717.08 2922.91 1965.62 1377.28 1794.55 577.18 1432.13 1547.44 915.24 -8.52 1741.31 1287.03 92.19 1073.93 2704.6 1063.71 1399.61 83.37 2537.05 1156.02 1827.6 741.08 512.56 368.12 1267.85 1002.46 
163.27 76.67 97.56 137.41 153.4 137.24 136.28 193.63 190.87 135.89 175.45 99.4 134.57 189.77 67.25 84.94 87.8 180.13 129.36 83.39 144.77 162.32 140.82 196.29 144.53 195.73 168.29 162.03 136.8 150.69 63.07 139.54 182.21 161.85 191.12 99.08 169.07 140.49 97.27 149.41 152.47 94.13 167.27 80.77 180.13 80.42 159.55 182.29 137.98 198.75 191.36 76.98 77.58 194.9 176.96 192.01 134.29 165.82 142.28 150.27 195.29 68.98 159.25 155.37 179.39 77.29 88.36 69.08 159.14 195.97 175.96 166.31 67.92 147.56 183.01 135.24 136.7 87.36 176.46 180.24 153.84 80.5 188.39 195.99 148.94 172.82 152.45 178.94 156.69 169.43 174.36 75.29 139.01 60.96 155.31 133.79 74.82 147.23 161.98 152.17 190.65 160.27 68.31 90.94 153.05 195.37 151.43 146.82 182.02 191.95 179.84 75.86 151.67 190.05 140.51 77.01 139.72 97.58 173.37 177.56 194.0 192.17 175.34 176.84 89.2 191.74 180.16 158.76 152.27 136.99 
244 76 97 206 230 205 204 290 286 203 263 99 201 284 67 84 87 270 194 83 217 243 211 294 216 293 252 243 205 226 63 209 273 242 286 99 253 210 97 224 228 94 250 80 270 80 239 273 206 298 287 76 77 292 265 288 201 248 213 225 292 68 238 233 269 77 88 69 238 293 263 249 67 221 274 202 205 87 264 270 230 80 282 293 223 259 228 268 235 254 261 75 208 60 232 200 74 220 242 228 285 240 68 90 229 293 227 220 273 287 269 75 227 285 210 77 209 97 260 266 290 288 263 265 89 287 270 238 228 205 
1276 1255 1624 1109 982 11 308 1282 799 766 1613 884 855 127 311 1364 1185 1256 493 1156 1519 433 111 1175 915 1260 521 1456 899 1103 1520 1028 425 125 38 372 1060 620 975 519 235 311 200 166 1674 88 968 29 808 705 1427 1540 1608 898 1660 1437 65 1396 245 1150 1264 1029 756 1077 868 520 1059 717 808 621 883 1026 1063 50 764 1507 1660 1546 915 1395 838 343 550 1607 1466 55 565 124 1642 1012 1505 1449 800 499 1288 1661 1246 713 687 785 1241 1479 314 764 886 472 1478 141 1406 37 984 958 747 732 1267 608 1025 555 1473 1094 1622 1345 210 980 361 109 735 510 1493 568 
1680 1680 1680 1680 1680 627 1043 1680 1680 1680 1680 1680 1680 909 1140 1680 1680 1680 1676 1465 1680 1680 893 1680 1602 1451 1680 1680 1680 1271 1680 1680 1680 458 1680 1296 1680 1680 1680 1680 1159 1400 746 1538 1680 539 1680 433 1680 1156 1680 1680 1680 1680 1680 1680 1680 1680 1169 1680 1680 1680 1183 1434 1680 1207 1680 979 1680 1521 1680 1680 1231 1328 1680 1680 1680 1680 1295 1680 1680 1243 1001 1680 1680 482 1680 457 1680 1628 1680 1680 1680 1680 1680 1680 1680 1495 1303 1680 1621 1680 1025 1680 1680 852 1680 1206 1680 1079 1388 1680 1009 1680 1680 1680 1240 1620 1680 1680 1680 1680 1559 1680 1680 277 1680 1680 1680 1090 
2
0.0 0.0 
100.0 100.0 
0 0 62 118 127 96 81 90 60 49 78 106 61 99 64 50 38 113 124 97 92 96 18 90 30 73 46 98 84 37 80 105 125 77 26 59 46 129 77 72 74 90 47 45 91 88 91 120 45 64 95 107 42 42 74 72 95 77 96 103 73 40 113 83 85 47 79 76 123 52 75 71 74 13 41 39 79 49 68 51 56 46 11 99 29 66 47 56 50 110 41 95 78 68 62 47 68 109 96 72 70 28 86 106 63 118 79 111 104 63 68 82 100 52 103 92 18 70 94 24 114 84 93 78 24 79 75 117 99 44 63 97 
0 0 62 118 127 96 81 90 60 49 78 106 61 99 64 50 38 113 124 97 92 96 18 90 30 73 46 98 84 37 80 105 125 77 26 59 46 129 77 72 74 90 47 45 91 88 91 120 45 64 95 107 42 42 74 72 95 77 96 103 73 40 113 83 85 47 79 76 123 52 75 71 74 13 41 39 79 49 68 51 56 46 11 99 29 66 47 56 50 110 41 95 78 68 62 47 68 109 96 72 70 28 86 106 63 118 79 111 104 63 68 82 100 52 103 92 18 70 94 24 114 84 93 78 24 79 75 117 99 44 63 97 
62 62 0 63 72 44 39 51 26 26 34 54 40 76 29 26 25 66 67 42 61 64 44 38 34 49 19 36 37 34 34 44 69 53 44 27 16 72 15 27 22 31 15 18 62 36 29 65 17 26 34 46 35 20 25 59 57 23 41 54 54 29 59 33 43 26 48 22 68 15 13 32 18 49 20 28 51 24 25 16 26 34 51 68 38 17 46 43 35 51 43 32 23 17 1 19 12 47 70 12 12 34 27 53 19 65 27 56 42 24 30 22 57 15 41 30 46 15 53 38 54 38 50 20 38 32 25 61 37 30 22 51 
118 118 63 0 9 22 39 35 58 69 85 12 61 57 54 68 87 18 7 21 45 44 102 27 96 56 72 34 84 81 38 32 8 55 93 59 75 14 52 81 74 34 73 80 48 76 48 1 75 54 57 27 77 82 76 66 35 42 22 17 60 77 5 78 36 90 47 71 5 79 52 87 46 107 80 92 50 88 49 80 89 73 108 45 88 52 79 69 70 18 81 49 41 73 62 82 52 29 53 63 52 94 64 11 79 4 39 7 33 84 87 42 26 79 33 51 106 70 32 95 22 34 30 65 97 81 77 6 39 94 82 24 
127 127 72 9 0 31 49 45 68 78 91 22 71 65 63 77 96 25 4 30 54 52 111 37 105 65 81 39 89 91 48 36 3 64 103 68 84 7 60 88 80 41 82 89 56 80 53 7 84 64 61 31 87 91 83 76 44 51 31 26 69 87 15 84 45 98 57 77 5 87 60 94 54 116 89 100 60 96 59 88 96 83 118 53 98 61 89 79 79 23 91 54 50 80 71 91 61 32 61 70 60 104 70 21 86 11 48 16 37 91 94 50 35 87 38 56 115 77 41 104 24 44 39 71 106 87 83 11 43 102 89 33 
96 96 44 22 31 0 18 20 36 47 71 10 40 48 32 46 66 22 28 4 32 33 80 6 74 37 50 25 71 59 16 29 30 37 71 37 54 34 36 66 58 19 52 59 35 64 37 23 53 32 48 26 55 61 61 49 23 21 7 10 42 55 16 65 16 70 29 56 27 60 35 72 25 85 59 71 33 69 27 60 71 51 86 36 66 31 58 48 48 21 60 40 21 57 43 62 32 29 42 46 32 73 52 10 61 22 18 15 29 66 71 26 17 59 28 41 84 54 18 73 27 12 14 50 75 67 62 22 31 74 65 10 
81 81 39 39 49 18 0 11 21 32 72 27 22 38 16 31 56 31 46 22 22 24 67 15 63 18 38 38 73 43 6 44 48 20 55 21 43 53 38 66 59 29 42 50 24 69 45 41 42 18 56 42 39 51 62 31 17 19 24 22 24 41 34 68 4 63 12 58 44 53 36 71 23 71 48 62 16 62 15 54 66 35 72 29 51 22 39 29 31 39 42 50 21 55 38 55 27 45 32 47 28 61 57 28 59 38 15 33 43 64 70 31 19 53 43 49 71 53 14 59 46 6 12 53 62 69 63 41 44 66 62 16 
90 90 51 35 45 20 11 0 32 42 83 24 29 28 27 42 68 23 43 24 12 14 77 20 74 20 49 45 84 53 17 49 44 19 64 32 55 50 49 77 70 37 54 62 15 79 54 37 54 29 65 46 48 63 73 31 6 30 27 18 24 51 31 79 7 75 12 69 39 65 47 82 34 81 59 74 14 74 27 66 78 44 82 18 61 34 46 36 39 41 50 58 31 67 50 66 39 49 23 58 40 72 67 26 70 33 26 31 49 76 81 40 10 65 48 58 82 64 3 69 48 14 5 64 73 80 74 39 51 78 74 11 
60 60 26 58 68 36 21 32 0 10 60 46 14 52 5 10 36 53 64 37 38 42 45 30 42 23 17 45 63 23 19 52 66 27 35 1 23 70 33 53 48 36 22 31 39 61 45 60 22 3 54 52 19 31 51 32 38 20 38 43 28 19 53 59 26 44 24 48 63 36 30 57 20 50 27 42 27 44 9 36 49 15 51 46 30 12 25 18 13 53 25 50 22 43 24 36 19 55 47 37 20 39 51 46 44 58 20 51 51 49 55 31 41 35 50 48 50 41 35 37 58 24 34 44 41 58 52 58 48 47 47 37 
49 49 26 69 78 47 32 42 10 0 58 57 18 59 15 0 27 64 75 48 47 51 34 41 32 30 9 53 62 12 30 60 76 35 24 10 16 81 37 52 47 44 16 24 48 62 51 70 15 14 58 61 10 23 50 36 48 29 48 54 33 8 63 59 36 37 33 48 74 31 35 54 27 39 19 34 35 37 19 31 44 8 40 55 19 19 20 19 10 63 17 55 31 41 24 29 24 63 55 38 25 29 53 57 42 69 30 62 59 46 52 38 52 30 58 53 39 41 46 26 68 35 45 46 30 57 51 69 56 39 44 48 
78 78 34 85 91 71 72 83 60 58 0 80 74 110 63 58 41 93 86 68 94 97 61 66 48 83 50 51 6 63 66 55 88 87 70 61 44 88 34 6 12 52 43 38 96 14 37 86 45 60 31 60 66 41 9 93 89 53 65 81 88 58 82 8 75 31 82 14 89 29 36 7 49 64 44 38 85 28 58 30 21 66 67 101 64 51 78 77 68 68 73 37 52 17 36 33 44 59 104 25 43 51 21 77 16 88 57 79 54 14 9 44 87 29 53 34 59 18 84 59 68 69 81 20 55 3 9 80 47 34 15 80 
106 106 54 12 22 10 27 24 46 57 80 0 49 48 42 56 77 14 19 12 35 34 91 16 85 43 61 31 79 69 26 32 21 43 81 47 64 26 45 75 68 27 63 70 37 72 44 14 64 42 54 28 65 72 70 55 24 32 14 5 48 66 7 74 23 81 35 65 17 70 44 81 36 96 69 82 38 79 38 71 81 61 97 36 77 42 67 57 58 20 69 46 31 66 53 73 42 30 43 56 42 84 60 3 71 11 28 7 32 76 81 35 16 70 32 48 95 63 20 83 26 22 18 59 86 76 71 15 36 85 75 12 
61 61 40 61 71 40 22 29 14 18 74 49 0 41 12 18 46 52 68 43 30 34 50 36 50 12 28 56 78 25 24 62 70 16 35 12 34 75 47 68 62 46 34 42 30 75 58 63 33 15 68 62 20 42 65 18 33 31 44 45 15 25 56 73 25 56 17 62 66 49 44 71 32 54 38 53 18 56 19 49 62 16 54 38 33 25 17 7 11 60 21 63 34 57 38 48 32 64 36 51 34 47 65 50 58 60 30 56 61 63 69 43 39 48 60 61 55 56 33 42 66 27 33 59 47 72 66 63 60 58 61 38 
99 99 76 57 65 48 38 28 52 59 110 48 41 0 47 59 87 39 65 53 16 15 91 49 91 29 68 74 112 66 44 78 66 24 74 51 75 71 76 103 97 66 74 83 14 107 83 59 74 50 94 74 60 83 100 27 25 57 56 43 26 66 54 107 35 96 28 96 60 88 74 108 61 94 79 94 25 96 51 88 101 57 94 12 73 59 52 44 52 68 59 87 59 93 74 88 65 77 5 85 66 88 95 52 96 54 53 56 77 100 107 68 32 87 77 87 96 91 30 83 74 42 33 91 88 107 101 63 79 99 99 38 
64 64 29 54 63 32 16 27 5 15 63 42 12 47 0 15 41 48 60 34 33 37 50 26 47 19 22 43 66 27 15 50 62 23 39 5 28 66 34 57 51 34 27 36 34 63 45 55 27 2 55 50 23 36 54 30 33 18 34 38 24 24 48 62 20 49 19 51 59 40 31 61 19 55 32 47 22 48 6 40 53 19 56 41 35 13 27 19 16 50 28 50 21 46 27 41 20 53 42 39 21 45 53 42 48 53 18 47 49 53 59 30 36 40 48 48 55 44 30 42 55 19 29 47 46 61 55 54 47 52 51 32 
50 50 26 68 77 46 31 42 10 0 58 56 18 59 15 0 28 63 74 47 46 50 35 40 33 29 9 52 62 13 29 60 76 34 25 9 16 80 37 52 47 43 16 24 47 62 50 70 15 13 58 60 10 24 50 36 47 28 47 53 33 9 63 59 35 38 33 48 73 31 34 55 27 40 20 35 34 38 18 31 44 8 41 55 20 18 20 18 10 62 17 55 30 41 24 30 23 63 54 38 25 30 53 56 42 68 29 61 58 46 52 37 51 31 57 53 40 41 45 27 67 34 44 46 31 57 51 68 55 40 44 48 
38 38 25 87 96 66 56 68 36 27 41 77 46 87 41 28 0 87 92 66 74 78 20 60 9 58 18 62 47 25 52 69 94 62 29 36 13 97 40 35 35 56 14 7 75 50 53 89 13 39 56 72 30 5 36 64 74 45 64 75 61 22 82 46 61 12 60 38 92 14 39 35 41 25 8 6 63 13 41 12 21 32 27 82 23 35 42 45 36 76 36 57 46 29 25 8 35 73 82 34 35 10 47 76 26 88 48 80 67 27 33 47 76 13 66 54 21 31 70 17 79 57 69 39 14 42 37 85 62 12 26 71 
113 113 66 18 25 22 31 23 53 64 93 14 52 39 48 63 87 0 25 25 29 26 98 27 94 43 69 45 93 75 34 46 26 41 87 53 74 32 59 89 81 41 72 80 31 86 58 19 73 49 69 42 70 82 84 52 20 43 28 12 46 73 16 88 27 92 35 79 20 81 57 94 47 103 79 92 37 90 46 82 93 66 104 27 83 51 69 59 62 34 73 61 43 79 65 84 54 44 35 69 54 92 74 17 84 14 39 19 46 89 94 48 12 81 46 62 103 76 19 91 39 29 19 73 94 90 84 25 51 95 87 15 
124 124 67 7 4 28 46 43 64 75 86 19 68 65 60 74 92 25 0 26 53 51 107 33 100 63 77 35 84 87 45 31 1 62 99 65 80 6 55 83 76 37 78 85 55 76 48 6 80 60 57 26 83 87 78 74 42 47 27 24 67 83 12 79 43 93 55 73 5 83 55 89 50 112 85 96 58 92 55 84 92 80 114 52 94 57 86 76 76 18 88 49 46 76 66 86 57 28 60 66 56 99 65 18 81 11 44 12 32 86 89 46 34 82 33 52 111 72 39 100 19 41 37 67 102 83 78 6 39 98 85 31 
97 97 42 21 30 4 22 24 37 48 68 12 43 53 34 47 66 25 26 0 37 38 81 7 74 40 51 21 67 60 19 24 28 41 72 38 53 32 33 63 55 16 52 59 40 60 33 23 53 34 43 21 57 60 58 53 28 20 3 13 46 56 16 62 20 69 33 53 26 58 32 69 24 85 58 71 37 67 28 59 69 53 87 41 67 31 60 51 50 17 62 36 20 54 41 61 31 24 47 44 30 73 48 10 59 22 17 14 24 64 68 23 22 58 24 37 84 51 22 73 23 15 19 47 75 64 59 20 27 73 62 15 
92 92 61 45 54 32 22 12 38 47 94 35 30 16 33 46 74 29 53 37 0 3 81 33 80 18 56 57 96 56 28 62 54 15 66 38 61 59 60 88 81 50 61 69 2 91 66 47 61 36 77 59 50 70 84 24 10 41 40 29 19 55 41 91 19 83 14 80 48 74 58 93 45 84 66 81 12 82 36 74 87 46 85 8 63 44 45 35 42 54 51 71 43 77 59 74 49 62 10 69 50 77 79 37 80 42 37 42 61 85 91 52 18 73 61 70 86 75 14 73 60 26 18 75 77 91 85 50 63 85 84 23 
96 96 64 44 52 33 24 14 42 51 97 34 34 15 37 50 78 26 51 38 3 0 85 34 84 22 59 58 98 60 30 62 52 19 70 41 65 58 63 91 84 51 64 73 4 93 68 45 64 39 79 59 54 73 87 27 9 43 41 28 23 59 40 93 21 86 17 83 47 77 60 96 47 88 69 85 16 85 39 77 90 50 89 4 67 47 49 39 45 53 55 72 45 80 62 78 52 62 9 71 53 81 81 37 83 40 39 41 62 88 94 54 17 77 62 72 90 78 15 77 59 28 18 77 81 94 87 48 64 89 87 23 
18 18 44 102 111 80 67 77 45 34 61 91 50 91 50 35 20 98 107 81 81 85 0 74 12 62 29 80 67 24 65 88 109 67 18 45 28 113 59 55 56 73 30 26 81 71 73 104 28 49 77 90 30 23 56 64 83 60 80 88 64 26 97 66 71 29 67 58 107 34 58 54 57 4 23 22 68 32 53 33 39 34 7 89 17 49 39 46 39 93 32 77 62 50 44 29 51 91 87 54 52 10 67 91 46 103 63 95 86 46 51 65 86 34 85 74 5 52 80 8 97 69 80 60 5 61 57 101 81 27 45 83 
90 90 38 27 37 6 15 20 30 41 66 16 36 49 26 40 60 27 33 7 33 34 74 0 68 34 44 24 67 53 11 29 35 35 65 31 47 40 31 61 54 17 46 53 35 60 34 29 47 26 45 27 50 55 57 46 24 15 8 15 39 49 22 61 14 64 27 52 33 54 30 67 19 79 52 65 30 63 21 54 65 46 80 37 60 25 53 43 43 24 54 38 15 51 37 56 26 30 43 42 26 67 48 16 56 28 11 21 29 61 66 22 20 53 28 38 78 49 19 67 30 8 15 46 69 63 57 27 30 68 60 13 
30 30 34 96 105 74 63 74 42 32 48 85 50 91 47 33 9 94 100 74 80 84 12 68 0 62 25 71 54 26 60 78 102 67 25 42 20 105 49 43 43 65 22 16 80 58 63 97 21 45 65 81 32 14 44 67 80 53 73 83 65 25 91 53 68 17 66 46 101 22 48 41 50 16 15 10 68 19 48 21 27 35 19 88 22 43 43 48 39 85 36 66 54 38 35 17 43 82 87 43 44 4 56 84 33 97 56 89 77 34 39 56 83 22 75 63 11 40 77 12 89 65 76 48 7 49 45 94 71 15 33 79 
73 73 49 56 65 37 18 20 23 30 83 43 12 29 19 29 58 43 63 40 18 22 62 34 62 0 39 57 86 37 24 63 64 4 47 22 45 70 52 76 71 47 45 53 18 82 62 57 44 22 72 61 32 53 73 12 24 34 42 38 5 37 51 81 20 67 8 70 60 59 50 80 37 66 49 64 6 67 24 59 72 28 66 26 45 32 27 16 23 58 32 67 37 66 47 59 39 64 24 59 40 59 71 45 68 54 32 51 62 72 79 47 30 59 61 65 67 64 24 54 64 25 26 66 59 81 74 58 62 69 71 31 
46 46 19 72 81 50 38 49 17 9 50 61 28 68 22 9 18 69 77 51 56 59 29 44 25 39 0 52 54 14 35 59 79 44 25 17 6 83 33 43 40 44 6 14 56 54 47 74 5 20 54 61 16 14 42 46 55 30 50 59 43 9 67 51 43 28 42 41 77 22 31 45 27 34 10 25 44 28 23 21 34 16 36 64 19 20 28 28 19 64 23 52 32 33 18 20 22 63 63 32 23 22 47 61 33 73 33 65 58 37 43 36 58 21 57 49 33 34 52 22 68 40 51 39 24 49 43 71 54 30 35 54 
98 98 36 34 39 25 38 45 45 53 51 31 56 74 43 52 62 45 35 21 57 58 80 24 71 57 52 0 50 65 33 7 36 59 77 46 52 37 22 48 41 9 50 54 60 41 13 35 52 42 23 9 63 57 43 69 49 25 18 34 62 60 31 44 39 61 51 38 38 51 23 54 25 85 56 65 55 59 36 52 58 60 87 62 71 34 70 62 59 16 70 15 22 41 36 55 29 11 68 31 28 71 30 28 47 37 25 28 6 52 54 15 43 50 5 17 82 38 43 74 18 32 40 32 74 47 43 29 5 65 50 36 
84 84 37 84 89 71 73 84 63 62 6 79 78 112 66 62 47 93 84 67 96 98 67 67 54 86 54 50 0 68 67 53 86 90 75 65 49 86 35 11 15 51 48 43 98 9 36 85 50 63 28 57 70 46 12 96 90 54 64 81 91 63 81 5 76 37 84 15 88 34 37 13 50 71 49 44 87 34 61 35 27 70 73 102 69 53 83 81 72 66 78 34 53 21 39 38 47 57 106 26 45 57 19 76 21 87 58 78 52 20 15 45 87 34 51 32 65 21 85 65 65 70 82 20 61 5 11 78 45 40 21 81 
37 37 34 81 91 59 43 53 23 12 63 69 25 66 27 13 25 75 87 60 56 60 24 53 26 37 14 65 68 0 42 72 89 42 12 22 19 93 47 57 54 56 20 25 56 69 62 83 18 26 68 73 5 23 56 40 58 41 60 66 39 5 76 65 48 37 42 55 86 34 45 58 39 28 19 32 43 38 31 33 45 9 29 64 7 31 16 22 14 75 10 66 43 48 33 31 35 75 62 47 37 23 62 69 46 81 43 74 71 49 56 50 63 34 70 64 30 48 56 17 80 47 56 54 22 63 57 81 67 38 48 60 
80 80 34 38 48 16 6 17 19 30 66 26 24 44 15 29 52 34 45 19 28 30 65 11 60 24 35 33 67 42 0 39 46 26 54 20 39 51 32 60 53 23 38 46 30 62 39 40 39 15 50 38 38 47 56 36 23 12 20 23 29 39 33 62 9 58 18 52 43 48 29 65 16 69 44 58 22 57 11 49 61 34 70 35 50 17 41 32 31 36 43 43 14 49 32 50 21 40 38 40 22 58 50 27 53 38 9 32 38 58 64 24 23 48 37 43 69 47 18 57 42 4 16 46 60 63 57 39 38 62 56 18 
105 105 44 32 36 29 44 49 52 60 55 32 62 78 50 60 69 46 31 24 62 62 88 29 78 63 59 7 53 72 39 0 33 65 84 54 59 33 29 53 46 16 58 62 64 44 18 33 60 49 25 4 71 64 48 75 53 32 21 36 68 68 30 48 44 67 56 43 35 57 30 59 33 93 64 72 60 65 44 59 64 68 95 66 78 41 77 69 66 13 77 18 29 47 43 62 37 4 72 38 35 78 34 28 53 36 32 27 1 57 59 23 46 57 2 20 90 44 47 81 12 38 44 37 82 52 48 26 8 72 56 40 
125 125 69 8 3 30 48 44 66 76 88 21 70 66 62 76 94 26 1 28 54 52 109 35 102 64 79 36 86 89 46 33 0 64 101 67 81 5 57 85 77 38 80 86 56 77 50 7 82 62 58 28 85 88 80 75 44 49 29 26 68 85 13 81 44 95 56 74 5 85 57 91 52 114 87 98 59 93 57 86 94 81 116 53 96 59 87 77 78 20 90 51 47 77 68 88 58 29 61 67 58 101 67 19 83 12 46 14 34 88 91 47 35 84 34 53 113 74 41 102 21 42 39 68 104 84 80 8 40 99 86 33 
77 77 53 55 64 37 20 19 27 35 87 43 16 24 23 34 62 41 62 41 15 19 67 35 67 4 44 59 90 42 26 65 64 0 51 27 50 69 56 81 75 50 49 58 14 86 65 56 49 26 75 63 36 58 77 11 21 37 44 37 4 42 50 85 21 72 8 74 59 64 53 85 40 70 54 69 4 71 28 64 77 32 70 22 49 36 30 20 27 59 36 69 40 70 51 63 43 65 20 63 44 64 75 45 72 53 34 50 64 77 83 50 29 63 63 68 72 68 23 59 65 26 25 70 63 85 78 58 64 74 75 31 
26 26 44 93 103 71 55 64 35 24 70 81 35 74 39 25 29 87 99 72 66 70 18 65 25 47 25 77 75 12 54 84 101 51 0 34 28 105 58 63 62 68 29 31 65 77 73 95 27 39 79 85 16 29 63 47 69 53 72 78 48 16 88 73 59 41 53 64 98 41 56 64 52 20 26 34 53 42 44 40 50 20 19 73 6 43 21 30 24 87 15 77 56 55 44 36 47 87 70 56 49 21 71 82 53 93 55 87 83 55 62 61 74 40 82 74 24 57 68 13 92 59 67 63 18 70 64 93 79 40 54 72 
59 59 27 59 68 37 21 32 1 10 61 47 12 51 5 9 36 53 65 38 38 41 45 31 42 22 17 46 65 22 20 54 67 27 34 0 23 71 34 55 49 37 22 31 39 62 47 61 22 4 56 54 18 31 52 31 38 21 39 44 27 19 54 60 26 45 24 49 64 37 32 58 21 49 27 43 26 44 10 37 50 14 50 46 29 13 23 17 12 54 23 51 24 44 25 36 20 56 46 38 22 39 52 47 46 59 22 52 52 50 57 32 41 36 51 50 49 43 35 37 59 25 34 46 40 59 53 59 50 47 48 38 
46 46 16 75 84 54 43 55 23 16 44 64 34 75 28 16 13 74 80 53 61 65 28 47 20 45 6 52 49 19 39 59 81 50 28 23 0 85 31 37 34 45 1 8 62 50 45 76 1 25 51 61 22 8 36 53 60 32 52 62 49 14 70 46 47 21 47 36 80 15 29 39 29 33 5 19 50 21 28 15 28 22 35 69 21 22 34 35 25 65 29 49 34 28 16 13 23 63 70 28 24 19 43 63 27 76 35 68 58 30 37 36 62 15 56 47 31 29 57 22 69 44 56 35 22 43 37 73 53 24 29 58 
129 129 72 14 7 34 53 50 70 81 88 26 75 71 66 80 97 32 6 32 59 58 113 40 105 70 83 37 86 93 51 33 5 69 105 71 85 0 59 86 78 41 83 89 62 77 51 12 85 66 58 28 90 91 81 81 49 52 32 31 74 89 19 81 49 97 62 75 11 87 59 92 55 118 90 101 64 96 61 88 95 86 119 59 100 63 92 82 83 21 94 51 51 79 71 91 61 29 67 69 61 105 67 24 85 17 50 19 34 89 92 50 41 87 35 53 116 76 46 106 20 47 44 69 107 85 81 12 40 102 88 38 
77 77 15 52 60 36 38 49 33 37 34 45 47 76 34 37 40 59 55 33 60 63 59 31 49 52 33 22 35 47 32 29 57 56 58 34 31 59 0 29 22 18 30 33 62 30 14 54 32 31 21 32 47 35 25 64 54 19 31 46 58 42 49 30 41 38 49 20 57 28 2 35 15 64 35 42 53 36 27 29 36 45 66 67 52 21 57 52 45 38 54 18 17 20 15 32 14 33 71 10 12 49 19 43 26 55 23 46 27 31 35 10 52 28 26 16 61 17 49 53 40 34 46 14 53 31 25 49 22 43 29 45 
72 72 27 81 88 66 66 77 53 52 6 75 68 103 57 52 35 89 83 63 88 91 55 61 43 76 43 48 11 57 60 53 85 81 63 55 37 86 29 0 7 48 36 32 90 16 34 83 38 54 30 57 59 34 4 86 83 47 60 76 81 52 78 11 69 25 75 10 86 22 31 6 43 59 37 33 79 23 52 23 16 59 62 95 57 44 71 70 62 65 67 35 46 10 29 27 38 57 98 19 37 45 19 73 10 84 51 75 51 8 6 40 81 23 50 32 54 12 78 53 65 63 75 16 50 6 4 77 45 29 9 75 
74 74 22 74 80 58 59 70 48 47 12 68 62 97 51 47 35 81 76 55 81 84 56 54 43 71 40 41 15 54 53 46 77 75 62 49 34 78 22 7 0 40 33 30 83 15 27 75 35 48 24 50 56 33 2 81 76 40 53 69 76 49 70 11 62 27 69 3 78 21 23 13 36 60 36 34 73 25 46 23 20 55 63 88 56 38 68 66 57 57 63 28 39 6 24 26 32 50 91 12 31 46 13 65 10 77 44 67 44 12 13 32 74 21 43 25 55 6 71 53 58 56 68 8 50 10 3 69 38 31 11 68 
90 90 31 34 41 19 29 37 36 44 52 27 46 66 34 43 56 41 37 16 50 51 73 17 65 47 44 9 51 56 23 16 38 50 68 37 45 41 18 48 40 0 43 48 52 44 17 35 45 32 28 17 54 51 43 60 41 15 13 29 53 52 30 46 30 56 42 38 38 46 18 53 16 78 49 59 46 55 27 47 55 51 80 55 63 25 61 53 49 20 61 21 13 39 30 50 21 19 60 29 20 64 32 25 45 36 16 27 15 49 53 9 37 45 14 21 76 36 36 66 24 24 33 31 67 48 43 30 14 61 48 30 
47 47 15 73 82 52 42 54 22 16 43 63 34 74 27 16 14 72 78 52 61 64 30 46 22 45 6 50 48 20 38 58 80 49 29 22 1 83 30 36 33 43 0 8 62 48 44 75 2 24 49 60 22 9 35 52 59 31 51 61 49 15 68 45 46 22 47 35 78 15 28 39 27 35 6 20 49 22 26 14 28 23 36 69 23 21 35 35 26 63 30 48 32 27 14 14 21 61 69 27 22 21 42 62 26 74 34 66 56 30 37 35 61 14 55 45 32 28 56 23 67 43 54 34 24 42 36 72 51 24 28 57 
45 45 18 80 89 59 50 62 31 24 38 70 42 83 36 24 7 80 85 59 69 73 26 53 16 53 14 54 43 25 46 62 86 58 31 31 8 89 33 32 30 48 8 0 70 46 46 82 9 33 50 64 28 2 32 61 68 38 57 69 57 21 75 41 55 13 55 32 85 9 31 33 34 31 5 12 58 13 35 8 20 30 34 77 25 29 41 42 33 69 35 50 39 24 18 6 28 66 78 27 28 16 41 69 22 81 41 73 60 24 30 40 70 9 59 47 28 25 64 22 72 51 63 33 20 38 33 78 55 16 23 65 
91 91 62 48 56 35 24 15 39 48 96 37 30 14 34 47 75 31 55 40 2 4 81 35 80 18 56 60 98 56 30 64 56 14 65 39 62 62 62 90 83 52 62 70 0 93 69 49 62 37 80 62 50 70 86 22 12 43 43 31 18 55 43 92 21 84 14 82 51 75 60 94 47 85 67 82 12 83 37 75 88 47 85 7 63 45 45 35 42 56 50 73 45 79 61 75 51 64 8 71 52 77 81 40 82 44 39 45 64 87 93 54 21 74 63 73 86 77 17 73 62 28 20 77 77 93 87 52 66 86 85 25 
88 88 36 76 80 64 69 79 61 62 14 72 75 107 63 62 50 86 76 60 91 93 71 60 58 82 54 41 9 69 62 44 77 86 77 62 50 77 30 16 15 44 48 46 93 0 28 77 51 60 19 49 71 49 14 93 84 49 57 74 88 64 73 5 71 41 80 13 79 37 32 20 46 75 51 49 83 39 57 38 33 70 78 97 71 50 82 79 71 57 78 26 47 21 37 41 43 48 101 23 41 61 12 69 24 79 53 70 43 25 22 38 81 37 42 24 70 20 79 68 57 65 76 16 65 11 13 70 37 45 25 74 
91 91 29 48 53 37 45 54 45 51 37 44 58 83 45 50 53 58 48 33 66 68 73 34 63 62 47 13 36 62 39 18 50 65 73 47 45 51 14 34 27 17 44 46 69 28 0 49 46 43 10 22 61 49 29 74 59 27 30 46 68 56 45 30 47 50 57 24 52 41 16 41 26 78 49 55 61 48 38 42 46 59 80 72 66 33 70 64 58 30 68 4 25 29 29 45 27 22 77 20 25 63 16 41 35 51 30 42 16 39 41 15 54 40 16 3 74 26 53 68 30 40 50 18 67 34 30 43 10 55 38 47 
120 120 65 1 7 23 41 37 60 70 86 14 63 59 55 70 89 19 6 23 47 45 104 29 97 57 74 35 85 83 40 33 7 56 95 61 76 12 54 83 75 35 75 82 49 77 49 0 76 56 58 28 79 84 78 68 36 44 24 19 61 79 7 79 37 91 49 72 3 81 53 89 47 109 82 94 52 90 51 82 90 75 110 46 90 54 81 71 71 19 83 50 43 75 64 84 54 30 54 64 53 96 65 13 80 5 41 8 33 85 88 44 28 80 34 52 107 71 33 96 22 36 31 66 99 83 78 6 39 95 84 25 
45 45 17 75 84 53 42 54 22 15 45 64 33 74 27 15 13 73 80 53 61 64 28 47 21 44 5 52 50 18 39 60 82 49 27 22 1 85 32 38 35 45 2 9 62 51 46 76 0 25 51 62 20 8 37 52 60 32 52 62 48 13 70 47 47 22 47 37 80 16 30 40 29 33 5 20 49 22 27 16 29 21 34 69 20 22 33 34 24 65 28 50 34 29 17 14 23 63 69 29 24 19 44 63 28 76 35 68 58 31 38 37 62 16 57 47 31 30 57 21 69 44 55 36 22 44 38 73 53 24 30 58 
64 64 26 54 64 32 18 29 3 14 60 42 15 50 2 13 39 49 60 34 36 39 49 26 45 22 20 42 63 26 15 49 62 26 39 4 25 66 31 54 48 32 24 33 37 60 43 56 25 0 53 49 23 34 51 33 35 17 34 39 27 23 49 59 22 46 22 48 59 37 29 58 17 53 30 45 25 46 5 38 51 19 54 44 34 10 28 20 17 49 28 48 19 43 24 38 17 51 45 37 19 43 50 42 45 54 17 48 48 50 56 28 37 37 47 46 53 42 32 41 55 20 30 44 44 58 52 54 46 49 48 34 
95 95 34 57 61 48 56 65 54 58 31 54 68 94 55 58 56 69 57 43 77 79 77 45 65 72 54 23 28 68 50 25 58 75 79 56 51 58 21 30 24 28 49 50 80 19 10 58 51 53 0 30 68 53 26 84 70 38 40 57 78 63 54 23 58 51 68 21 60 43 24 36 35 81 54 57 72 48 48 44 45 67 84 83 72 42 78 73 67 38 76 7 35 28 35 48 35 29 88 22 34 67 10 51 34 60 41 51 24 37 37 25 65 42 23 7 77 25 64 72 37 51 61 17 71 27 25 51 18 55 36 58 
107 107 46 27 31 26 42 46 52 61 60 28 62 74 50 60 72 42 26 21 59 59 90 27 81 61 61 9 57 73 38 4 28 63 85 54 61 28 32 57 50 17 60 64 62 49 22 28 62 49 30 0 71 67 52 74 49 32 19 32 67 69 26 52 42 71 54 47 30 60 32 63 33 95 66 75 58 69 43 62 68 68 97 62 80 42 77 69 66 8 77 23 30 51 46 65 38 2 69 41 37 81 38 24 57 31 32 23 5 61 63 24 43 60 6 25 92 47 44 83 8 36 41 41 84 56 52 21 12 75 60 36 
42 42 35 77 87 55 39 48 19 10 66 65 20 60 23 10 30 70 83 57 50 54 30 50 32 32 16 63 70 5 38 71 85 36 16 18 22 90 47 59 56 54 22 28 50 71 61 79 20 23 68 71 0 27 58 35 53 39 57 61 34 7 72 67 43 41 37 57 82 37 45 61 37 34 23 36 38 42 28 36 49 4 34 58 12 29 12 16 8 72 7 65 41 49 34 34 34 73 56 48 36 28 63 66 49 77 40 71 69 52 59 48 58 37 68 63 35 50 51 22 77 43 51 55 27 65 59 77 66 42 51 56 
42 42 20 82 91 61 51 63 31 23 41 72 42 83 36 24 5 82 87 60 70 73 23 55 14 53 14 57 46 23 47 64 88 58 29 31 8 91 35 34 33 51 9 2 70 49 49 84 8 34 53 67 27 0 35 60 69 40 59 70 57 19 77 44 56 14 56 35 87 12 34 35 36 28 4 11 58 15 36 10 22 28 31 78 23 30 39 41 32 71 34 53 41 27 21 7 30 68 78 30 30 14 44 71 24 83 43 75 63 26 33 42 71 11 62 50 25 28 65 19 75 52 64 36 17 41 35 80 57 16 25 66 
74 74 25 76 83 61 62 73 51 50 9 70 65 100 54 50 36 84 78 58 84 87 56 57 44 73 42 43 12 56 56 48 80 77 63 52 36 81 25 4 2 43 35 32 86 14 29 78 37 51 26 52 58 35 0 84 79 43 56 71 78 51 73 9 65 27 72 5 81 23 26 11 39 61 37 34 75 25 49 24 19 58 63 91 57 41 70 68 60 60 65 30 42 8 26 27 35 52 94 15 33 46 15 68 10 79 47 70 46 11 11 35 77 23 45 27 56 9 74 54 60 59 71 11 51 7 0 72 40 31 11 71 
72 72 59 66 76 49 31 31 32 36 93 55 18 27 30 36 64 52 74 53 24 27 64 46 67 12 46 69 96 40 36 75 75 11 47 31 53 81 64 86 81 60 52 61 22 93 74 68 52 33 84 74 35 60 84 0 32 46 55 49 7 41 62 92 32 74 19 81 70 67 61 90 49 67 56 71 16 74 36 67 81 32 67 30 47 43 25 18 27 71 32 79 49 76 57 66 50 77 25 70 52 63 83 57 77 64 44 62 75 82 88 59 40 67 74 78 70 74 34 57 77 37 36 77 62 91 85 70 74 76 80 42 
95 95 57 35 44 23 17 6 38 48 89 24 33 25 33 47 74 20 42 28 10 9 83 24 80 24 55 49 90 58 23 53 44 21 69 38 60 49 54 83 76 41 59 68 12 84 59 36 60 35 70 49 53 69 79 32 0 35 31 18 26 56 31 85 13 81 16 75 38 71 52 88 40 87 65 80 17 80 33 72 84 49 87 13 66 40 50 40 44 44 55 63 37 73 55 72 45 52 19 64 46 78 72 27 76 32 31 32 52 82 87 45 8 71 52 63 87 70 5 75 50 19 8 69 78 86 80 39 55 84 80 13 
77 77 23 42 51 21 19 30 20 29 53 32 31 57 18 28 45 43 47 20 41 43 60 15 53 34 30 25 54 41 12 32 49 37 53 21 32 52 19 47 40 15 31 38 43 49 27 44 32 17 38 32 39 40 43 46 35 0 19 31 40 37 37 49 22 48 30 39 47 38 17 53 4 65 37 50 34 47 11 39 50 35 66 48 48 10 45 37 34 33 45 32 2 37 21 41 10 34 51 28 10 52 38 31 41 43 4 35 31 46 52 12 34 38 30 31 63 34 30 53 38 15 28 34 55 50 44 41 29 52 45 28 
96 96 41 22 31 7 24 27 38 48 65 14 44 56 34 47 64 28 27 3 40 41 80 8 73 42 50 18 64 60 20 21 29 44 72 39 52 32 31 60 53 13 51 57 43 57 30 24 52 34 40 19 57 59 56 55 31 19 0 16 48 56 18 59 22 67 35 51 27 56 30 66 23 85 57 69 39 65 28 57 66 53 86 44 67 30 61 52 51 16 62 33 18 51 40 60 29 22 50 41 29 72 45 12 57 24 17 15 21 62 66 20 25 56 20 33 83 48 25 73 22 17 22 44 74 61 56 21 24 71 60 18 
103 103 54 17 26 10 22 18 43 54 81 5 45 43 38 53 75 12 24 13 29 28 88 15 83 38 59 34 81 66 23 36 26 37 78 44 62 31 46 76 69 29 61 69 31 74 46 19 62 39 57 32 61 70 71 49 18 31 16 0 42 63 12 75 19 80 30 66 21 69 45 82 35 93 67 81 33 78 35 70 80 57 94 30 73 40 62 52 54 25 65 49 31 67 52 72 41 35 38 57 41 81 62 8 71 15 27 13 36 77 81 36 10 69 36 50 92 64 15 80 31 18 12 60 83 77 72 20 40 83 75 6 
73 73 54 60 69 42 24 24 28 33 88 48 15 26 24 33 61 46 67 46 19 23 64 39 65 5 43 62 91 39 29 68 68 4 48 27 49 74 58 81 76 53 49 57 18 88 68 61 48 27 78 67 34 57 78 7 26 40 48 42 0 40 55 86 25 71 12 75 64 64 55 85 42 67 53 68 9 71 30 63 77 30 67 26 46 37 26 17 25 63 32 72 42 71 52 63 44 69 22 64 46 62 77 50 73 57 37 55 67 77 84 52 34 63 67 71 69 69 28 56 69 30 29 71 61 86 79 63 67 73 75 35 
40 40 29 77 87 55 41 51 19 8 58 66 25 66 24 9 22 73 83 56 55 59 26 49 25 37 9 60 63 5 39 68 85 42 16 19 14 89 42 52 49 52 15 21 55 64 56 79 13 23 63 69 7 19 51 41 56 37 56 63 40 0 72 60 45 33 41 50 82 29 40 54 35 30 15 29 43 34 28 29 41 9 31 63 11 26 20 23 14 71 14 61 39 42 28 27 30 71 62 41 32 22 56 66 41 78 39 71 66 45 51 45 60 29 65 58 30 43 54 18 75 44 53 49 22 57 52 77 62 35 43 57 
113 113 59 5 15 16 34 31 53 63 82 7 56 54 48 63 82 16 12 16 41 40 97 22 91 51 67 31 81 76 33 30 13 50 88 54 70 19 49 78 70 30 68 75 43 73 45 7 70 49 54 26 72 77 73 62 31 37 18 12 55 72 0 75 30 85 42 68 10 75 48 84 41 102 75 87 45 84 44 75 85 68 103 41 83 47 74 64 64 17 76 47 36 69 58 78 47 28 49 59 47 89 61 6 75 6 34 3 31 80 83 38 22 74 31 48 101 66 27 89 22 29 25 62 92 78 73 8 36 89 78 19 
83 83 33 78 84 65 68 79 59 59 8 74 73 107 62 59 46 88 79 62 91 93 66 61 53 81 51 44 5 65 62 48 81 85 73 60 46 81 30 11 11 46 45 41 92 5 30 79 47 59 23 52 67 44 9 92 85 49 59 75 86 60 75 0 71 36 79 10 82 32 32 14 45 70 47 43 83 34 56 33 27 67 72 97 67 48 79 77 69 60 75 29 47 17 35 37 42 52 101 22 40 56 14 71 20 82 53 72 46 19 16 39 82 32 46 27 64 17 79 63 60 65 77 15 60 5 8 73 40 40 20 75 
85 85 43 36 45 16 4 7 26 36 75 23 25 35 20 35 61 27 43 20 19 21 71 14 68 20 43 39 76 48 9 44 44 21 59 26 47 49 41 69 62 30 46 55 21 71 47 37 47 22 58 42 43 56 65 32 13 22 22 19 25 45 30 71 0 67 12 61 40 57 39 74 26 76 52 67 16 66 19 58 70 39 76 25 55 26 43 33 35 38 46 51 23 59 42 59 31 44 30 50 32 65 59 25 63 34 18 30 43 68 73 33 15 57 42 51 76 56 9 63 44 6 8 56 67 72 66 38 44 70 66 12 
47 47 26 90 98 70 63 75 44 37 31 81 56 96 49 38 12 92 93 69 83 86 29 64 17 67 28 61 37 37 58 67 95 72 41 45 21 97 38 25 27 56 22 13 84 41 50 91 22 46 51 71 41 14 27 74 81 48 67 80 71 33 85 36 67 0 69 30 95 10 38 24 44 33 18 7 71 2 47 9 9 43 36 90 35 40 54 56 47 76 48 53 49 22 27 8 38 71 91 30 38 20 40 79 17 92 52 83 66 16 21 47 82 10 65 50 28 25 77 29 79 63 75 33 25 32 28 87 60 4 16 76 
79 79 48 47 57 29 12 12 24 33 82 35 17 28 19 33 60 35 55 33 14 17 67 27 66 8 42 51 84 42 18 56 56 8 53 24 47 62 49 75 69 42 47 55 14 80 57 49 47 22 68 54 37 56 72 19 16 30 35 30 12 41 42 79 12 69 0 68 52 60 47 80 33 71 52 67 4 68 23 60 73 33 72 22 50 31 34 24 28 51 38 62 32 64 46 60 37 57 22 57 38 63 68 37 67 45 27 42 56 72 78 42 22 60 55 61 72 63 16 59 57 18 17 63 63 79 73 50 56 72 71 23 
76 76 22 71 77 56 58 69 48 48 14 65 62 96 51 48 38 79 73 53 80 83 58 52 46 70 41 38 15 55 52 43 74 74 64 49 36 75 20 10 3 38 35 32 82 13 24 72 37 48 21 47 57 35 5 81 75 39 51 66 75 50 68 10 61 30 68 0 76 24 22 16 35 63 37 37 72 28 45 25 23 56 65 87 57 38 69 66 58 54 65 25 37 8 24 29 31 47 90 11 30 48 10 63 13 74 43 65 41 15 16 30 72 24 40 22 58 7 70 55 55 55 67 6 52 11 5 67 35 34 15 66 
123 123 68 5 5 27 44 39 63 74 89 17 66 60 59 73 92 20 5 26 48 47 107 33 101 60 77 38 88 86 43 35 5 59 98 64 80 11 57 86 78 38 78 85 51 79 52 3 80 59 60 30 82 87 81 70 38 47 27 21 64 82 10 82 40 95 52 76 0 84 57 92 51 112 85 97 54 93 54 85 94 78 113 48 93 57 84 74 75 22 86 53 46 78 67 87 57 32 55 68 57 100 68 16 83 6 44 12 36 88 92 47 30 84 37 55 111 75 36 100 24 39 34 69 102 86 81 9 42 99 87 28 
52 52 15 79 87 60 53 65 36 31 29 70 49 88 40 31 14 81 83 58 74 77 34 54 22 59 22 51 34 34 48 57 85 64 41 37 15 87 28 22 21 46 15 9 75 37 41 81 16 37 43 60 37 12 23 67 71 38 56 69 64 29 75 32 57 10 60 24 84 0 28 24 34 39 15 14 63 9 38 1 13 38 41 81 34 31 50 50 41 66 44 44 38 15 16 5 27 61 83 20 27 24 33 69 12 81 42 72 56 15 21 37 72 0 55 41 34 17 67 31 69 53 65 25 28 28 23 76 50 14 13 66 
75 75 13 52 60 35 36 47 30 35 36 44 44 74 31 34 39 57 55 32 58 60 58 30 48 50 31 23 37 45 29 30 57 53 56 32 29 59 2 31 23 18 28 31 60 32 16 53 30 29 24 32 45 34 26 61 52 17 30 45 55 40 48 32 39 38 47 22 57 28 0 36 13 62 34 42 51 36 25 29 36 43 65 65 50 18 54 49 43 38 52 20 15 21 13 32 11 34 68 11 9 48 21 42 26 54 21 45 28 31 36 9 50 27 27 18 59 18 47 52 41 32 44 16 52 33 27 49 23 42 30 44 
71 71 32 87 94 72 71 82 57 54 7 81 71 108 61 55 35 94 89 69 93 96 54 67 41 80 45 54 13 58 65 59 91 85 64 58 39 92 35 6 13 53 39 33 94 20 41 89 40 58 36 63 61 35 11 90 88 53 66 82 85 54 84 14 74 24 80 16 92 24 36 0 48 58 39 31 83 22 57 24 14 62 60 100 58 49 74 73 64 71 68 41 52 15 33 27 43 63 102 25 42 45 25 79 12 90 57 81 57 8 2 45 87 24 57 38 52 18 83 53 71 68 81 22 49 9 10 83 51 27 10 80 
74 74 18 46 54 25 23 34 20 27 49 36 32 61 19 27 41 47 50 24 45 47 57 19 50 37 27 25 50 39 16 33 52 40 52 21 29 55 15 43 36 16 27 34 47 46 26 47 29 17 35 33 37 36 39 49 40 4 23 35 42 35 41 45 26 44 33 35 51 34 13 48 0 62 34 46 37 43 12 34 45 34 64 52 46 8 45 38 33 36 44 30 4 33 17 36 6 36 55 24 6 49 34 35 37 47 8 39 31 42 47 11 38 33 30 29 60 30 35 50 40 20 32 30 51 46 40 44 28 48 40 32 
13 13 49 107 116 85 71 81 50 39 64 96 54 94 55 40 25 103 112 85 84 88 4 79 16 66 34 85 71 28 69 93 114 70 20 49 33 118 64 59 60 78 35 31 85 75 78 109 33 53 81 95 34 28 61 67 87 65 85 93 67 30 102 70 76 33 71 63 112 39 62 58 62 0 28 26 72 36 57 37 43 38 2 92 21 54 42 50 42 98 35 81 66 54 49 34 56 96 90 59 57 14 72 95 50 107 68 100 91 50 55 70 91 39 90 79 6 56 85 12 102 74 84 64 10 65 61 106 86 31 50 88 
41 41 20 80 89 59 48 59 27 19 44 69 38 79 32 20 8 79 85 58 66 69 23 52 15 49 10 56 49 19 44 64 87 54 26 27 5 90 35 37 36 49 6 5 67 51 49 82 5 30 54 66 23 4 37 56 65 37 57 67 53 15 75 47 52 18 52 37 85 15 34 39 34 28 0 15 54 19 33 14 26 24 30 74 20 27 35 37 28 70 30 53 39 29 20 11 28 67 74 31 29 14 45 69 27 81 41 73 62 30 36 41 67 14 61 50 26 30 62 18 73 49 61 38 18 43 38 78 57 20 28 63 
39 39 28 92 100 71 62 74 42 34 38 82 53 94 47 35 6 92 96 71 81 85 22 65 10 64 25 65 44 32 58 72 98 69 34 43 19 101 42 33 34 59 20 12 82 49 55 94 20 45 57 75 36 11 34 71 80 50 69 81 68 29 87 43 67 7 67 37 97 14 42 31 46 26 15 0 69 9 47 13 16 39 29 89 29 41 49 52 43 80 42 58 50 28 29 9 39 76 89 35 40 13 47 81 24 93 53 85 70 24 29 50 82 14 69 55 21 31 77 22 83 63 75 39 17 39 35 89 64 6 23 77 
79 79 51 50 60 33 16 14 27 35 85 38 18 25 22 34 63 37 58 37 12 16 68 30 68 6 44 55 87 43 22 60 59 4 53 26 50 64 53 79 73 46 49 58 12 83 61 52 49 25 72 58 38 58 75 16 17 34 39 33 9 43 45 83 16 71 4 72 54 63 51 83 37 72 54 69 0 71 26 63 76 34 72 20 51 34 33 23 29 54 38 66 36 68 49 63 40 61 19 60 42 65 72 40 71 48 31 46 60 76 82 46 24 62 59 65 73 66 18 60 61 22 20 67 65 83 76 53 60 74 74 26 
49 49 24 88 96 69 62 74 44 37 28 79 56 96 48 38 13 90 92 67 82 85 32 63 19 67 28 59 34 38 57 65 93 71 42 44 21 96 36 23 25 55 22 13 83 39 48 90 22 46 48 69 42 15 25 74 80 47 65 78 71 34 84 34 66 2 68 28 93 9 36 22 43 36 19 9 71 0 47 8 7 43 38 90 37 39 55 56 47 74 49 50 47 20 25 8 36 69 91 27 36 22 38 78 15 90 51 81 64 14 19 45 81 9 63 47 30 23 76 31 77 62 74 31 27 29 26 85 58 6 14 75 
68 68 25 49 59 27 15 27 9 19 58 38 19 51 6 18 41 46 55 28 36 39 53 21 48 24 23 36 61 31 11 44 57 28 44 10 28 61 27 52 46 27 26 35 37 57 38 51 27 5 48 43 28 36 49 36 33 11 28 35 30 28 44 56 19 47 23 45 54 38 25 57 12 57 33 47 26 47 0 38 51 24 59 43 39 7 33 26 22 44 34 43 14 41 23 39 14 46 45 34 15 46 46 38 44 49 11 43 42 49 55 23 34 37 41 42 57 40 29 45 49 16 27 41 48 56 50 49 40 51 48 30 
51 51 16 80 88 60 54 66 36 31 30 71 49 88 40 31 12 82 84 59 74 77 33 54 21 59 21 52 35 33 49 59 86 64 40 37 15 88 29 23 23 47 14 8 75 38 42 82 16 38 44 62 36 10 24 67 72 39 57 70 63 29 75 33 58 9 60 25 85 1 29 24 34 37 14 13 63 8 38 0 13 37 40 82 33 31 49 50 41 67 44 45 39 16 17 3 28 63 83 22 28 23 34 69 13 82 43 73 57 16 22 38 72 1 56 42 33 18 67 30 70 53 65 27 27 30 25 77 51 13 14 67 
56 56 26 89 96 71 66 78 49 44 21 81 62 101 53 44 21 93 92 69 87 90 39 65 27 72 34 58 27 45 61 64 94 77 50 50 28 95 36 16 20 55 28 20 88 33 46 90 29 51 45 68 49 22 19 81 84 50 66 80 77 41 85 27 70 9 73 23 94 13 36 14 45 43 26 16 76 7 51 13 0 50 45 94 44 43 62 63 54 74 56 48 49 17 28 14 39 68 96 26 39 30 34 79 11 91 54 82 63 8 12 46 84 13 61 45 37 20 79 38 76 65 77 28 34 23 20 85 56 12 8 78 
46 46 34 73 83 51 35 44 15 8 66 61 16 57 19 8 32 66 80 53 46 50 34 46 35 28 16 60 70 9 34 68 81 32 20 14 22 86 45 59 55 51 23 30 47 70 59 75 21 19 67 68 4 28 58 32 49 35 53 57 30 9 68 67 39 43 33 56 78 38 43 62 34 38 24 39 34 43 24 37 50 0 38 54 17 26 12 13 4 69 9 63 38 49 33 36 32 70 53 47 33 31 61 62 49 73 36 67 66 53 60 45 54 37 65 61 39 49 47 26 74 39 47 54 31 65 59 74 63 44 51 51 
11 11 51 108 118 86 72 82 51 40 67 97 54 94 56 41 27 104 114 87 85 89 7 80 19 66 36 87 73 29 70 95 116 70 19 50 35 119 66 62 63 80 36 34 85 78 80 110 34 54 84 97 34 31 63 67 87 66 86 94 67 31 103 72 76 36 72 65 113 41 65 60 64 2 30 29 72 38 59 40 45 38 0 93 21 56 41 49 43 100 34 84 68 57 51 36 58 98 90 61 59 17 75 97 53 109 69 101 93 53 58 72 91 41 92 81 8 59 85 13 104 75 85 67 13 68 64 107 88 33 52 89 
99 99 68 45 53 36 29 18 46 55 101 36 38 12 41 55 82 27 52 41 8 4 89 37 88 26 64 62 102 64 35 66 53 22 73 46 69 59 67 95 88 55 69 77 7 97 72 46 69 44 83 62 58 78 91 30 13 48 44 30 26 63 41 97 25 90 22 87 48 81 65 100 52 92 74 89 20 90 43 82 94 54 93 0 71 51 53 43 49 56 58 76 49 84 67 82 56 65 7 76 57 85 85 39 88 41 44 43 65 93 99 58 19 81 65 76 94 82 18 81 62 32 22 82 85 98 92 50 68 93 91 26 
29 29 38 88 98 66 51 61 30 19 64 77 33 73 35 20 23 83 94 67 63 67 17 60 22 45 19 71 69 7 50 78 96 49 6 29 21 100 52 57 56 63 23 25 63 71 66 90 20 34 72 80 12 23 57 47 66 48 67 73 46 11 83 67 55 35 50 57 93 34 50 58 46 21 20 29 51 37 39 33 44 17 21 71 0 37 22 28 21 82 15 71 50 49 37 30 41 82 69 50 42 17 65 77 47 88 50 82 77 49 56 55 70 34 76 68 23 50 64 10 86 54 64 57 15 63 58 88 73 35 48 68 
66 66 17 52 61 31 22 34 12 19 51 42 25 59 13 18 35 51 57 31 44 47 49 25 43 32 20 34 53 31 17 41 59 36 43 13 22 63 21 44 38 25 21 29 45 50 33 54 22 10 42 42 29 30 41 43 40 10 30 40 37 26 47 48 26 40 31 38 57 31 18 49 8 54 27 41 34 39 7 31 43 26 56 51 37 0 37 31 25 44 35 38 12 33 15 32 7 44 53 26 8 42 39 41 36 53 13 45 40 41 47 19 41 30 39 36 53 32 36 42 49 22 34 33 44 48 42 51 37 44 40 36 
47 47 46 79 89 58 39 46 25 20 78 67 17 52 27 20 42 69 86 60 45 49 39 53 43 27 28 70 83 16 41 77 87 30 21 23 34 92 57 71 68 61 35 41 45 82 70 81 33 28 78 77 12 39 70 25 50 45 61 62 26 20 74 79 43 54 34 69 84 50 54 74 45 42 35 49 33 55 33 49 62 12 41 53 22 37 0 10 11 77 7 75 48 62 45 47 43 80 49 59 45 39 74 68 61 78 45 73 76 65 72 56 56 49 75 73 45 61 50 32 82 45 50 66 37 77 71 80 74 55 63 56 
56 56 43 69 79 48 29 36 18 19 77 57 7 44 19 18 45 59 76 51 35 39 46 43 48 16 28 62 81 22 32 69 77 20 30 17 35 82 52 70 66 53 35 42 35 79 64 71 34 20 73 69 16 41 68 18 40 37 52 52 17 23 64 77 33 56 24 66 74 50 49 73 38 50 37 52 23 56 26 50 63 13 49 43 28 31 10 0 9 68 15 69 40 60 42 48 37 71 40 55 39 44 70 58 61 68 37 63 68 65 71 49 46 50 67 67 52 59 39 39 74 35 40 63 44 75 69 70 66 58 63 45 
50 50 35 70 79 48 31 39 13 10 68 58 11 52 16 10 36 62 76 50 42 45 39 43 39 23 19 59 72 14 31 66 78 27 24 12 25 83 45 62 57 49 26 33 42 71 58 71 24 17 67 66 8 32 60 27 44 34 51 54 25 14 64 69 35 47 28 58 75 41 43 64 33 42 28 43 29 47 22 41 54 4 43 49 21 25 11 9 0 66 11 63 36 51 34 39 31 68 48 48 33 36 62 58 52 69 34 63 65 56 62 44 49 40 64 61 44 51 43 31 72 35 43 55 35 67 61 70 62 48 54 47 
110 110 51 18 23 21 39 41 53 63 68 20 60 68 50 62 76 34 18 17 54 53 93 24 85 58 64 16 66 75 36 13 20 59 87 54 65 21 38 65 57 20 63 69 56 57 30 19 65 49 38 8 72 71 60 71 44 33 16 25 63 71 17 60 38 76 51 54 22 66 38 71 36 98 70 80 54 74 44 67 74 69 100 56 82 44 77 68 66 0 78 31 31 58 50 70 41 10 63 48 40 84 46 17 63 23 32 14 14 68 71 29 36 66 14 33 96 54 39 86 6 33 36 48 87 64 60 12 20 81 67 30 
41 41 43 81 91 60 42 50 25 17 73 69 21 59 28 17 36 73 88 62 51 55 32 54 36 32 23 70 78 10 43 77 90 36 15 23 29 94 54 67 63 61 30 35 50 78 68 83 28 28 76 77 7 34 65 32 55 45 62 65 32 14 76 75 46 48 38 65 86 44 52 68 44 35 30 42 38 49 34 44 56 9 34 58 15 35 7 15 11 78 0 73 47 57 41 41 41 80 55 55 43 32 70 70 56 81 45 75 76 60 66 55 60 44 75 71 38 57 54 25 83 47 54 63 30 72 66 82 73 48 58 59 
95 95 32 49 54 40 50 58 50 55 37 46 63 87 50 55 57 61 49 36 71 72 77 38 66 67 52 15 34 66 43 18 51 69 77 51 49 51 18 35 28 21 48 50 73 26 4 50 50 48 7 23 65 53 30 79 63 32 33 49 72 61 47 29 51 53 62 25 53 44 20 41 30 81 53 58 66 50 43 45 48 63 84 76 71 38 75 69 63 31 73 0 29 31 33 48 31 22 81 23 30 67 16 43 37 53 34 44 17 40 42 19 58 43 16 3 78 28 57 71 30 44 54 20 71 33 30 44 10 57 39 51 
78 78 23 41 50 21 21 31 22 31 52 31 34 59 21 30 46 43 46 20 43 45 62 15 54 37 32 22 53 43 14 29 47 40 56 24 34 51 17 46 39 13 32 39 45 47 25 43 34 19 35 30 41 41 42 49 37 2 18 31 42 39 36 47 23 49 32 37 46 38 15 52 4 66 39 50 36 47 14 39 49 38 68 49 50 12 48 40 36 31 47 29 0 36 21 41 11 32 53 27 10 53 36 30 40 42 5 34 28 46 51 10 35 38 27 28 65 33 32 54 36 17 29 32 56 49 43 39 26 53 44 29 
68 68 17 73 80 57 55 67 43 41 17 66 57 93 46 41 29 79 76 54 77 80 50 51 38 66 33 41 21 48 49 47 77 70 55 44 28 79 20 10 6 39 27 24 79 21 29 75 29 43 28 51 49 27 8 76 73 37 51 67 71 42 69 17 59 22 64 8 78 15 21 15 33 54 29 28 68 20 41 16 17 49 57 84 49 33 62 60 51 58 57 31 36 0 18 20 28 51 87 10 27 40 18 64 5 76 41 67 46 10 14 31 71 15 44 28 49 3 68 46 59 53 65 11 44 15 9 69 39 26 9 65 
62 62 1 62 71 43 38 50 24 24 36 53 38 74 27 24 25 65 66 41 59 62 44 37 35 47 18 36 39 33 32 43 68 51 44 25 16 71 15 29 24 30 14 18 61 37 29 64 17 24 35 46 34 21 26 57 55 21 40 52 52 28 58 35 42 27 46 24 67 16 13 33 17 49 20 29 49 25 23 17 28 33 51 67 37 15 45 42 34 50 41 33 21 18 0 19 11 47 69 13 11 35 28 52 21 64 25 55 42 26 32 21 55 16 41 30 46 17 51 38 54 36 49 21 38 34 27 60 37 31 24 50 
47 47 19 82 91 62 55 66 36 29 33 73 48 88 41 30 8 84 86 61 74 78 29 56 17 59 20 55 38 31 50 62 88 63 36 36 13 91 32 27 26 50 14 6 75 41 45 84 14 38 48 65 34 7 27 66 72 41 60 72 63 27 78 37 59 8 60 29 87 5 32 27 36 34 11 9 63 8 39 3 14 36 36 82 30 32 47 48 39 70 41 48 41 20 19 0 30 66 83 25 30 19 38 72 17 84 44 75 60 18 25 41 73 5 59 45 29 22 69 26 73 54 67 30 23 33 28 80 54 11 17 68 
68 68 12 52 61 32 27 39 19 24 44 42 32 65 20 23 35 54 57 31 49 52 51 26 43 39 22 29 47 35 21 37 58 43 47 20 23 61 14 38 32 21 21 28 51 43 27 54 23 17 35 38 34 30 35 50 45 10 29 41 44 30 47 42 31 38 37 31 57 27 11 43 6 56 28 39 40 36 14 28 39 32 58 56 41 7 43 37 31 41 41 31 11 28 11 30 0 40 59 20 1 43 32 41 31 54 14 45 35 36 42 14 44 27 34 29 54 25 40 44 45 25 38 26 46 42 35 50 32 42 35 38 
109 109 47 29 32 29 45 49 55 63 59 30 64 77 53 63 73 44 28 24 62 62 91 30 82 64 63 11 57 75 40 4 29 65 87 56 63 29 33 57 50 19 61 66 64 48 22 30 63 51 29 2 73 68 52 77 52 34 22 35 69 71 28 52 44 71 57 47 32 61 34 63 36 96 67 76 61 69 46 63 68 70 98 65 82 44 80 71 68 10 80 22 32 51 47 66 40 0 72 42 39 82 38 27 57 33 34 25 5 61 63 26 45 61 6 24 93 48 47 85 8 39 44 41 85 56 52 23 12 76 60 39 
96 96 70 53 61 42 32 23 47 55 104 43 36 5 42 54 82 35 60 47 10 9 87 43 87 24 63 68 106 62 38 72 61 20 70 46 70 67 71 98 91 60 69 78 8 101 77 54 69 45 88 69 56 78 94 25 19 51 50 38 22 62 49 101 30 91 22 90 55 83 68 102 55 90 74 89 19 91 45 83 96 53 90 7 69 53 49 40 48 63 55 81 53 87 69 83 59 72 0 79 60 84 89 46 90 49 48 51 72 95 101 63 27 82 71 81 92 85 24 79 69 36 27 85 84 101 95 58 74 94 93 32 
72 72 12 63 70 46 47 58 37 38 25 56 51 85 39 38 34 69 66 44 69 71 54 42 43 59 32 31 26 47 40 38 67 63 56 38 28 69 10 19 12 29 27 27 71 23 20 64 29 37 22 41 48 30 15 70 64 28 41 57 64 41 59 22 50 30 57 11 68 20 11 25 24 59 31 35 60 27 34 22 26 47 61 76 50 26 59 55 48 48 55 23 27 10 13 25 20 42 79 0 18 44 15 54 15 66 32 56 36 20 24 20 62 20 35 20 55 7 59 49 49 44 56 7 48 22 16 59 30 34 19 55 
70 70 12 52 60 32 28 40 20 25 43 42 34 66 21 25 35 54 56 30 50 53 52 26 44 40 23 28 45 37 22 35 58 44 49 22 24 61 12 37 31 20 22 28 52 41 25 53 24 19 34 37 36 30 33 52 46 10 29 41 46 32 47 40 32 38 38 30 57 27 9 42 6 57 29 40 42 36 15 28 39 33 59 57 42 8 45 39 33 40 43 30 10 27 11 30 1 39 60 18 0 44 31 41 30 53 14 45 34 36 41 12 45 27 33 28 55 24 41 46 44 26 38 25 47 41 34 49 30 42 34 39 
28 28 34 94 104 73 61 72 39 29 51 84 47 88 45 30 10 92 99 73 77 81 10 67 4 59 22 71 57 23 58 78 101 64 21 39 19 105 49 45 46 64 21 16 77 61 63 96 19 43 67 81 28 14 46 63 78 52 72 81 62 22 89 56 65 20 63 48 100 24 48 45 49 14 14 13 65 22 46 23 30 31 17 85 17 42 39 44 36 84 32 67 53 40 35 19 43 82 84 44 44 0 57 83 36 95 55 87 77 36 42 56 81 24 76 64 11 42 75 8 88 63 74 50 4 52 47 93 72 19 36 77 
86 86 27 64 70 52 57 67 51 53 21 60 65 95 53 53 47 74 65 48 79 81 67 48 56 71 47 30 19 62 50 34 67 75 71 52 43 67 19 19 13 32 42 41 81 12 16 65 44 50 10 38 63 44 15 83 72 38 45 62 77 56 61 14 59 40 68 10 68 33 21 25 34 72 45 47 72 38 46 34 34 61 75 85 65 39 74 70 62 46 70 16 36 18 28 38 32 38 89 15 31 57 0 57 23 68 41 58 33 26 26 26 69 33 32 13 67 15 67 63 46 53 64 7 62 17 14 59 26 44 25 62 
106 106 53 11 21 10 28 26 46 57 77 3 50 52 42 56 76 17 18 10 37 37 91 16 84 45 61 28 76 69 27 28 19 45 82 47 63 24 43 73 65 25 62 69 40 69 41 13 63 42 51 24 66 71 68 57 27 31 12 8 50 66 6 71 25 79 37 63 16 69 42 79 35 95 69 81 40 78 38 69 79 62 97 39 77 41 68 58 58 17 70 43 30 64 52 72 41 27 46 54 41 83 57 0 69 12 28 5 29 74 78 33 19 68 29 45 94 61 23 83 22 23 20 57 85 74 68 13 33 83 73 14 
63 63 19 79 86 61 59 70 44 42 16 71 58 96 48 42 26 84 81 59 80 83 46 56 33 68 33 47 21 46 53 53 83 72 53 46 27 85 26 10 10 45 26 22 82 24 35 80 28 45 34 57 49 24 10 77 76 41 57 71 73 41 75 20 63 17 67 13 83 12 26 12 37 50 27 24 71 15 44 13 11 49 53 88 47 36 61 61 52 63 56 37 40 5 21 17 31 57 90 15 30 36 23 69 0 81 45 72 51 5 11 36 76 12 50 34 45 9 72 43 65 57 69 16 40 16 11 75 45 21 3 70 
118 118 65 4 11 22 38 33 58 69 88 11 60 54 53 68 88 14 11 22 42 40 103 28 97 54 73 37 87 81 38 36 12 53 93 59 76 17 55 84 77 36 74 81 44 79 51 5 76 54 60 31 77 83 79 64 32 43 24 15 57 78 6 82 34 92 45 74 6 81 54 90 47 107 81 93 48 90 49 82 91 73 109 41 88 53 78 68 69 23 81 53 42 76 64 84 54 33 49 66 53 95 68 12 81 0 40 9 37 86 90 45 24 81 37 55 106 73 29 95 26 34 28 68 97 85 80 11 42 96 85 22 
79 79 27 39 48 18 15 26 20 30 57 28 30 53 18 29 48 39 44 17 37 39 63 11 56 32 33 25 58 43 9 32 46 34 55 22 35 50 23 51 44 16 34 41 39 53 30 41 35 17 41 32 40 43 47 44 31 4 17 27 37 39 34 53 18 52 27 43 44 42 21 57 8 68 41 53 31 51 11 43 54 36 69 44 50 13 45 37 34 32 45 34 5 41 25 44 14 34 48 32 14 55 41 28 45 40 0 32 31 50 56 15 30 42 30 34 66 39 26 55 37 11 24 37 57 54 48 38 30 56 49 24 
111 111 56 7 16 15 33 31 51 62 79 7 56 56 47 61 80 19 12 14 42 41 95 21 89 51 65 28 78 74 32 27 14 50 87 52 68 19 46 75 67 27 66 73 45 70 42 8 68 48 51 23 71 75 70 62 32 35 15 13 55 71 3 72 30 83 42 65 12 72 45 81 39 100 73 85 46 81 43 73 82 67 101 43 82 45 73 63 63 14 75 44 34 67 55 75 45 25 51 56 45 87 58 5 72 9 32 0 28 77 81 36 24 72 28 45 99 63 28 88 19 28 25 59 90 75 70 7 33 87 75 19 
104 104 42 33 37 29 43 49 51 59 54 32 61 77 49 58 67 46 32 24 61 62 86 29 77 62 58 6 52 71 38 1 34 64 83 52 58 34 27 51 44 15 56 60 64 43 16 33 58 48 24 5 69 63 46 75 52 31 21 36 67 66 31 46 43 66 56 41 36 56 28 57 31 91 62 70 60 64 42 57 63 66 93 65 77 40 76 68 65 14 76 17 28 46 42 60 35 5 72 36 34 77 33 29 51 37 31 28 0 56 58 21 46 56 1 19 88 42 47 80 13 37 44 35 80 50 47 27 6 70 55 39 
63 63 24 84 91 66 64 76 49 46 14 76 63 100 53 46 27 89 86 64 85 88 46 61 34 72 37 52 20 49 58 57 88 77 55 50 30 89 31 8 12 49 30 24 87 25 39 85 31 50 37 61 52 26 11 82 82 46 62 77 77 45 80 19 68 16 72 15 88 15 31 8 42 50 30 24 76 14 49 16 8 53 53 93 49 41 65 65 56 68 60 40 46 10 26 18 36 61 95 20 36 36 26 74 5 86 50 77 56 0 6 41 81 15 55 37 45 13 77 44 69 62 74 20 41 15 12 80 49 20 1 75 
68 68 30 87 94 71 70 81 55 52 9 81 69 107 59 52 33 94 89 68 91 94 51 66 39 79 43 54 15 56 64 59 91 83 62 57 37 92 35 6 13 53 37 30 93 22 41 88 38 56 37 63 59 33 11 88 87 52 66 81 84 51 83 16 73 21 78 16 92 21 36 2 47 55 36 29 82 19 55 22 12 60 58 99 56 47 72 71 62 71 66 42 51 14 32 25 42 63 101 24 41 42 26 78 11 90 56 81 58 6 0 45 86 22 57 39 50 17 82 50 72 67 80 22 47 11 11 83 51 24 8 80 
82 82 22 42 50 26 31 40 31 38 44 35 43 68 30 37 47 48 46 23 52 54 65 22 56 47 36 15 45 50 24 23 47 50 61 32 36 50 10 40 32 9 35 40 54 38 15 44 37 28 25 24 48 42 35 59 45 12 20 36 52 45 38 39 33 47 42 30 47 37 9 45 11 70 41 50 46 45 23 38 46 45 72 58 55 19 56 49 44 29 55 19 10 31 21 41 14 26 63 20 12 56 26 33 36 45 15 36 21 41 45 0 42 36 20 18 67 27 40 58 32 26 37 24 59 41 35 39 17 52 39 35 
100 100 57 26 35 17 19 10 41 52 87 16 39 32 36 51 76 12 34 22 18 17 86 20 83 30 58 43 87 63 23 46 35 29 74 41 62 41 52 81 74 37 61 70 21 81 54 28 62 37 65 43 58 71 77 40 8 34 25 10 34 60 22 82 15 82 22 72 30 72 50 87 38 91 67 82 24 81 34 72 84 54 91 19 70 41 56 46 49 36 60 58 35 71 55 73 44 45 27 62 45 81 69 19 76 24 30 24 46 81 86 42 0 71 46 58 91 69 6 78 42 19 6 67 82 83 78 31 49 85 79 6 
52 52 15 79 87 59 53 65 35 30 29 70 48 87 40 31 13 81 82 58 73 77 34 53 22 59 21 50 34 34 48 57 84 63 40 36 15 87 28 23 21 45 14 9 74 37 40 80 16 37 42 60 37 11 23 67 71 38 56 69 63 29 74 32 57 10 60 24 84 0 27 24 33 39 14 14 62 9 37 1 13 37 41 81 34 30 49 50 40 66 44 43 38 15 16 5 27 61 82 20 27 24 33 68 12 81 42 72 56 15 22 36 71 0 54 40 34 17 67 31 68 52 65 25 28 29 24 76 50 15 14 66 
103 103 41 33 38 28 43 48 50 58 53 32 60 77 48 57 66 46 33 24 61 62 85 28 75 61 57 5 51 70 37 2 34 63 82 51 56 35 26 50 43 14 55 59 63 42 16 34 57 47 23 6 68 62 45 74 52 30 20 36 67 65 31 46 42 65 55 40 37 55 27 57 30 90 61 69 59 63 41 56 61 65 92 65 76 39 75 67 64 14 75 16 27 44 41 59 34 6 71 35 33 76 32 29 50 37 30 28 1 55 57 20 46 54 0 18 87 41 46 79 14 36 43 34 79 49 46 27 5 69 53 39 
92 92 30 51 56 41 49 58 48 53 34 48 61 87 48 53 54 62 52 37 70 72 74 38 63 65 49 17 32 64 43 20 53 68 74 50 47 53 16 32 25 21 45 47 73 24 3 52 47 46 7 25 63 50 27 78 63 31 33 50 71 58 48 27 51 50 61 22 55 41 18 38 29 79 50 55 65 47 42 42 45 61 81 76 68 36 73 67 61 33 71 3 28 28 30 45 29 24 81 20 28 64 13 45 34 55 34 45 19 37 39 18 58 40 18 0 75 24 57 69 33 44 54 17 68 31 27 46 12 54 36 51 
18 18 46 106 115 84 71 82 50 39 59 95 55 96 55 40 21 103 111 84 86 90 5 78 11 67 33 82 65 30 69 90 113 72 24 49 31 116 61 54 55 76 32 28 86 70 74 107 31 53 77 92 35 25 56 70 87 63 83 92 69 30 101 64 76 28 72 58 111 34 59 52 60 6 26 21 73 30 57 33 37 39 8 94 23 53 45 52 44 96 38 78 65 49 46 29 54 93 92 55 55 11 67 94 45 106 66 99 88 45 50 67 91 34 87 75 0 52 85 13 100 73 84 60 9 60 56 104 83 25 44 87 
70 70 15 70 77 54 53 64 41 41 18 63 56 91 44 41 31 76 72 51 75 78 52 49 40 64 34 38 21 48 47 44 74 68 57 43 29 76 17 12 6 36 28 25 77 20 26 71 30 42 25 47 50 28 9 74 70 34 48 64 69 43 66 17 56 25 63 7 75 17 18 18 30 56 30 31 66 23 40 18 20 49 59 82 50 32 61 59 51 54 57 28 33 3 17 22 25 48 85 7 24 42 15 61 9 73 39 63 42 13 17 27 69 17 41 24 52 0 65 48 56 50 63 8 46 16 10 66 36 29 12 62 
94 94 53 32 41 18 14 3 35 46 84 20 33 30 30 45 70 19 39 22 14 15 80 19 77 24 52 43 85 56 18 47 41 23 68 35 57 46 49 78 71 36 56 64 17 79 53 33 57 32 64 44 51 65 74 34 5 30 25 15 28 54 27 79 9 77 16 70 36 67 47 83 35 85 62 77 18 76 29 67 79 47 85 18 64 36 50 39 43 39 54 57 32 68 51 69 40 47 24 59 41 75 67 23 72 29 26 28 47 77 82 40 6 67 46 57 85 65 0 72 45 15 3 64 76 81 75 35 49 80 75 8 
24 24 38 95 104 73 59 69 37 26 59 83 42 83 42 27 17 91 100 73 73 77 8 67 12 54 22 74 65 17 57 81 102 59 13 37 22 106 53 53 53 66 23 22 73 68 68 96 21 41 72 83 22 19 54 57 75 53 73 80 56 18 89 63 63 29 59 55 100 31 52 53 50 12 18 22 60 31 45 30 38 26 13 81 10 42 32 39 31 86 25 71 54 46 38 26 44 85 79 49 46 8 63 83 43 95 55 88 80 44 50 58 78 31 79 69 13 48 72 0 90 61 72 55 5 59 55 94 75 27 44 75 
114 114 54 22 24 27 46 48 58 68 68 26 66 74 55 67 79 39 19 23 60 59 97 30 89 64 68 18 65 80 42 12 21 65 92 59 69 20 40 65 58 24 67 72 62 57 30 22 69 55 37 8 77 75 60 77 50 38 22 31 69 75 22 60 44 79 57 55 24 69 41 71 40 102 73 83 61 77 49 70 76 74 104 62 86 49 82 74 72 6 83 30 36 59 54 73 45 8 69 49 44 88 46 22 65 26 37 19 13 69 72 32 42 68 14 33 100 56 45 90 0 39 42 49 91 64 61 15 20 83 68 36 
84 84 38 34 44 12 6 14 24 35 69 22 27 42 19 34 57 29 41 15 26 28 69 8 65 25 40 32 70 47 4 38 42 26 59 25 44 47 34 63 56 24 43 51 28 65 40 36 44 20 51 36 43 52 59 37 19 15 17 18 30 44 29 65 6 63 18 55 39 53 32 68 20 74 49 63 22 62 16 53 65 39 75 32 54 22 45 35 35 33 47 44 17 53 36 54 25 39 36 44 26 63 53 23 57 34 11 28 37 62 67 26 19 52 36 44 73 50 15 61 39 0 12 49 64 66 60 35 38 66 60 14 
93 93 50 30 39 14 12 5 34 45 81 18 33 33 29 44 69 19 37 19 18 18 80 15 76 26 51 40 82 56 16 44 39 25 67 34 56 44 46 75 68 33 54 63 20 76 50 31 55 30 61 41 51 64 71 36 8 28 22 12 29 53 25 77 8 75 17 67 34 65 44 81 32 84 61 75 20 74 27 65 77 47 85 22 64 34 50 40 43 36 54 54 29 65 49 67 38 44 27 56 38 74 64 20 69 28 24 25 44 74 80 37 6 65 43 54 84 63 3 72 42 12 0 61 75 78 72 33 46 78 73 5 
78 78 20 65 71 50 53 64 44 46 20 59 59 91 47 46 39 73 67 47 75 77 60 46 48 66 39 32 20 54 46 37 68 70 63 46 35 69 14 16 8 31 34 33 77 16 18 66 36 44 17 41 55 36 11 77 69 34 44 60 71 49 62 15 56 33 63 6 69 25 16 22 30 64 38 39 67 31 41 27 28 54 67 82 57 33 66 63 55 48 63 20 32 11 21 30 26 41 85 7 25 50 7 57 16 68 37 59 35 20 22 24 67 25 34 17 60 8 64 55 49 49 61 0 54 17 11 60 29 37 19 60 
24 24 38 97 106 75 62 73 41 30 55 86 47 88 46 31 14 94 102 75 77 81 5 69 7 59 24 74 61 22 60 82 104 63 18 40 22 107 53 50 50 67 24 20 77 65 67 99 22 44 71 84 27 17 51 62 78 55 74 83 61 22 92 60 67 25 63 52 102 28 52 49 51 10 18 17 65 27 48 27 34 31 13 85 15 44 37 44 35 87 30 71 56 44 38 23 46 85 84 48 47 4 62 85 40 97 57 90 80 41 47 59 82 28 79 68 9 46 76 5 91 64 75 54 0 56 52 96 75 23 40 78 
79 79 32 81 87 67 69 80 58 57 3 76 72 107 61 57 42 90 83 64 91 94 61 63 49 81 49 47 5 63 63 52 84 85 70 59 43 85 31 6 10 48 42 38 93 11 34 83 44 58 27 56 65 41 7 91 86 50 61 77 86 57 78 5 72 32 79 11 86 28 33 9 46 65 43 39 83 29 56 30 23 65 68 98 63 48 77 75 67 64 72 33 49 15 34 33 42 56 101 22 41 52 17 74 16 85 54 75 50 15 11 41 83 29 49 31 60 16 81 59 64 66 78 17 56 0 6 77 44 35 15 77 
75 75 25 77 83 62 63 74 52 51 9 71 66 101 55 51 37 84 78 59 85 87 57 57 45 74 43 43 11 57 57 48 80 78 64 53 37 81 25 4 3 43 36 33 87 13 30 78 38 52 25 52 59 35 0 85 80 44 56 72 79 52 73 8 66 28 73 5 81 23 27 10 40 61 38 35 76 26 50 25 20 59 64 92 58 42 71 69 61 60 66 30 43 9 27 28 35 52 95 16 34 47 14 68 11 80 48 70 47 12 11 35 78 24 46 27 56 10 75 55 61 60 72 11 52 6 0 72 40 32 12 71 
117 117 61 6 11 22 41 39 58 69 80 15 63 63 54 68 85 25 6 20 50 48 101 27 94 58 71 29 78 81 39 26 8 58 93 59 73 12 49 77 69 30 72 78 52 70 43 6 73 54 51 21 77 80 72 70 39 41 21 20 63 77 8 73 38 87 50 67 9 76 49 83 44 106 78 89 53 85 49 77 85 74 107 50 88 51 80 70 70 12 82 44 39 69 60 80 50 23 58 59 49 93 59 13 75 11 38 7 27 80 83 39 31 76 27 46 104 66 35 94 15 35 33 60 96 77 72 0 33 91 78 27 
99 99 37 39 43 31 44 51 48 56 47 36 60 79 47 55 62 51 39 27 63 64 81 30 71 62 54 5 45 67 38 8 40 64 79 50 53 40 22 45 38 14 51 55 66 37 10 39 53 46 18 12 66 57 40 74 55 29 24 40 67 62 36 40 44 60 56 35 42 50 23 51 28 86 57 64 60 58 40 51 56 63 88 68 73 37 74 66 62 20 73 10 26 39 37 54 32 12 74 30 30 72 26 33 45 42 30 33 6 49 51 17 49 50 5 12 83 36 49 75 20 38 46 29 75 44 40 33 0 64 48 42 
44 44 30 94 102 74 66 78 47 39 34 85 58 99 52 40 12 95 98 73 85 89 27 68 15 69 30 65 40 38 62 72 99 74 40 47 24 102 43 29 31 61 24 16 86 45 55 95 24 49 55 75 42 16 31 76 84 52 71 83 73 35 89 40 70 4 72 34 99 14 42 27 48 31 20 6 74 6 51 13 12 44 33 93 35 44 55 58 48 81 48 57 53 26 31 11 42 76 94 34 42 19 44 83 21 96 56 87 70 20 24 52 85 15 69 54 25 29 80 27 83 66 78 37 23 35 32 91 64 0 20 80 
63 63 22 82 89 65 62 74 47 44 15 75 61 99 51 44 26 87 85 62 84 87 45 60 33 71 35 50 21 48 56 56 86 75 54 48 29 88 29 9 11 48 28 23 85 25 38 84 30 48 36 60 51 25 11 80 80 45 60 75 75 43 78 20 66 16 71 15 87 13 30 10 40 50 28 23 74 14 48 14 8 51 52 91 48 40 63 63 54 67 58 39 44 9 24 17 35 60 93 19 34 36 25 73 3 85 49 75 55 1 8 39 79 14 53 36 44 12 75 44 68 60 73 19 40 15 12 78 48 20 0 73 
97 97 51 24 33 10 16 11 37 48 80 12 38 38 32 48 71 15 31 15 23 23 83 13 79 31 54 36 81 60 18 40 33 31 72 38 58 38 45 75 68 30 57 65 25 74 47 25 58 34 58 36 56 66 71 42 13 28 18 6 35 57 19 75 12 76 23 66 28 66 44 80 32 88 63 77 26 75 30 67 78 51 89 26 68 36 56 45 47 30 59 51 29 65 50 68 38 39 32 55 39 77 62 14 70 22 24 19 39 75 80 35 6 66 39 51 87 62 8 75 36 14 5 60 78 77 71 27 42 80 73 0 
