160 11039.21 0 1680 7 240
83.76 68.39 38.28 38.56 40.06 24.26 1.8 3.2 37.81 72.81 51.19 68.95 24.31 30.4 42.55 25.31 91.46 73.51 50.43 64.97 41.33 80.84 31.3 8.17 40.28 16.17 20.09 3.43 87.39 14.47 23.35 46.71 98.55 20.95 21.01 36.42 63.62 64.19 28.96 73.35 6.9 9.99 53.88 74.32 43.28 79.54 92.39 26.18 7.39 56.99 29.25 37.0 59.21 13.55 27.86 6.86 85.84 6.89 57.39 92.24 48.19 82.53 25.96 72.5 65.14 70.11 57.84 12.98 59.79 26.81 60.2 7.42 19.92 49.76 18.6 5.3 12.81 74.76 98.13 85.73 40.34 26.19 82.92 27.87 30.87 26.81 68.37 18.14 29.86 63.64 72.37 51.12 37.79 91.44 18.38 67.8 40.52 35.66 21.07 6.16 37.53 41.86 25.49 94.93 63.32 85.52 45.93 29.69 35.61 36.77 27.72 24.49 91.93 85.5 2.89 40.73 42.52 13.92 50.52 97.55 26.28 76.6 53.5 20.58 61.11 92.65 39.77 50.19 28.32 1.48 57.79 4.41 3.72 73.13 57.04 19.38 95.14 64.31 4.07 75.47 74.99 47.03 5.59 81.44 87.08 20.64 14.21 60.1 76.11 50.53 4.73 75.14 86.35 18.65 73.99 98.33 70.44 17.33 91.25 60.09 
55.49 45.58 63.97 86.14 12.96 84.34 19.34 42.18 30.69 38.47 34.16 68.17 24.98 15.62 34.15 25.11 17.76 14.16 64.37 12.56 72.03 51.65 46.36 68.57 69.93 59.45 11.2 86.34 19.86 67.49 60.96 20.09 14.07 29.64 34.52 36.78 45.59 65.67 26.1 24.39 89.39 43.49 45.55 24.48 34.06 10.23 64.12 60.9 12.18 33.1 47.96 53.34 24.31 17.03 77.34 65.73 62.72 46.48 28.47 62.34 53.18 40.38 50.22 55.96 61.09 50.94 70.06 31.42 82.98 81.95 71.56 12.88 32.97 30.6 39.73 22.68 52.3 68.86 46.12 25.22 31.16 20.73 21.63 58.95 87.62 43.12 18.62 67.63 13.78 62.48 23.19 36.34 30.36 68.6 58.0 29.04 70.43 55.7 55.95 76.9 85.02 40.74 76.16 79.21 12.38 81.96 10.9 33.11 65.67 40.0 45.46 42.08 33.09 51.95 43.32 21.95 17.68 18.46 44.72 29.64 19.77 64.64 30.14 55.91 41.67 12.09 42.59 83.63 62.02 74.02 61.77 85.87 59.57 42.54 43.96 77.61 71.14 10.88 83.84 15.96 76.87 56.66 23.37 59.67 43.56 50.63 63.96 46.37 11.24 43.02 29.01 51.84 21.78 53.89 87.18 24.52 25.19 25.19 48.1 42.01 
8 7 4 4 4 3 1 1 4 7 5 7 3 3 4 3 9 7 5 6 4 8 3 1 4 2 2 1 8 2 3 5 9 2 2 4 6 6 3 7 1 1 5 7 4 8 9 3 1 6 3 4 6 2 3 1 8 1 6 9 5 8 3 7 6 7 6 2 6 3 6 1 2 5 2 1 2 7 9 8 4 3 8 3 3 3 7 2 3 6 7 5 4 9 2 7 4 4 2 1 4 4 3 9 6 8 5 3 4 4 3 3 9 8 1 4 4 2 5 9 3 7 5 2 6 9 4 5 3 1 6 1 1 7 6 2 9 6 1 7 7 5 1 8 8 2 2 6 7 5 1 7 8 2 7 9 7 2 9 6 
1 2 3 4 5 6 7 8 9 10 11 12 13 14 15 16 17 18 19 20 21 22 23 24 25 26 27 28 29 30 31 32 33 34 35 36 37 38 39 40 41 42 43 44 45 46 47 48 49 50 51 52 53 54 55 56 57 58 59 60 61 62 63 64 65 66 67 68 69 70 71 72 73 74 75 76 77 78 79 80 81 82 83 84 85 86 87 88 89 90 91 92 93 94 95 96 97 98 99 100 101 102 103 104 105 106 107 108 109 110 111 112 113 114 115 116 117 118 119 120 121 122 123 124 125 126 127 128 129 130 131 132 133 134 135 136 137 138 139 140 141 142 143 144 145 146 147 148 149 150 151 152 153 154 155 156 157 158 159 160 
1 3 3 3 3 1 1 1 3 3 1 3 1 1 3 1 1 3 1 3 3 1 1 1 3 1 1 1 1 1 1 1 1 1 1 3 3 3 1 3 1 1 1 3 3 1 1 1 1 3 1 3 3 1 1 1 1 1 3 1 1 1 1 3 3 3 3 1 3 1 3 1 1 1 1 1 1 3 1 1 3 1 1 1 1 1 3 1 1 3 3 1 3 1 1 3 3 3 1 1 3 3 1 1 3 1 1 1 3 3 1 1 1 1 1 3 3 1 1 1 1 3 1 1 3 1 3 1 1 1 3 1 1 3 3 1 1 3 1 3 3 1 1 1 1 1 1 3 3 1 1 3 1 1 3 1 3 1 1 3 
1 2 2 2 2 3 1 1 2 2 1 2 3 3 2 3 2 2 1 2 2 1 3 1 2 1 1 1 1 1 3 1 2 1 1 2 2 2 3 2 1 1 1 2 2 1 2 3 1 2 3 2 2 1 3 1 1 1 2 2 1 1 3 2 2 2 2 1 2 3 2 1 1 1 1 1 1 2 2 1 2 3 1 3 3 3 2 1 3 2 2 1 2 2 1 2 2 2 1 1 2 2 3 2 2 1 1 3 2 2 3 3 2 1 1 2 2 1 1 2 3 2 1 1 2 2 2 1 3 1 2 1 1 2 2 1 2 2 1 2 2 1 1 1 1 1 1 2 2 1 1 2 1 1 2 2 2 1 2 2 
10 5 3 3 5 5 8 4 1 10 9 10 10 7 2 4 7 5 1 5 6 6 4 10 1 10 5 6 4 10 3 8 7 9 10 5 4 1 5 9 4 2 7 4 5 10 9 9 3 2 9 7 3 5 7 10 7 6 2 10 8 5 2 2 3 5 6 10 6 6 1 8 7 3 4 5 8 6 2 7 10 1 10 10 10 2 6 3 5 8 2 10 3 10 1 2 5 2 9 10 5 10 8 4 5 10 9 8 8 5 3 5 3 4 10 8 2 2 1 7 2 3 7 5 8 3 10 6 8 3 9 2 9 1 5 6 9 7 3 6 9 8 9 2 10 9 8 5 4 5 9 6 8 4 4 3 4 6 4 9 
3829.02 3237.73 3795.25 3704.45 3542.66 3927.96 4168.73 3107.73 4286.1 3816.05 3986.58 3141.86 3618.73 3898.33 3789.89 3112.61 3791.53 3334.29 4503.79 3369.49 4780.39 4103.18 3122.9 3280.43 4284.98 3739.55 3761.8 4046.75 3099.79 3096.72 3739.99 4374.36 3822.81 3966.95 3304.17 3263.35 3094.13 4635.06 4075.01 4272.51 3120.64 3926.3 3904.38 3129.15 4095.71 3569.24 4002.88 4134.9 3664.75 3717.36 3526.75 3538.23 3641.94 4112.23 3661.79 3830.85 3399.7 4053.82 3431.17 3153.28 4763.79 3416.05 3445.3 3701.06 3717.1 3641.64 4408.41 3134.02 3905.83 3813.95 4269.44 4282.11 3778.23 3635.29 3115.85 3233.27 3633.51 4532.82 4054.34 3409.8 3804.63 4570.04 3252.96 3672.41 3133.93 3715.17 4378.96 3648.12 3768.61 4470.36 4006.0 3527.85 3499.72 3060.86 4550.73 3696.12 3367.62 3907.42 4260.1 3329.99 4188.31 3139.42 4768.47 3091.13 3340.0 3210.94 4766.6 4083.12 3839.96 3485.34 3551.18 3560.39 3753.43 3093.25 3669.5 4403.09 3388.67 3542.83 4220.71 3522.8 3604.26 3630.91 3575.11 3865.09 4678.21 3560.95 3218.31 3502.33 4849.65 3585.48 4472.23 3969.9 3753.59 4608.56 3832.03 4456.71 4263.68 3896.22 3468.62 4668.95 3438.08 3762.83 4403.08 3434.47 3634.86 3561.71 3932.6 3756.92 3110.67 4236.39 3997.36 3448.68 4818.27 3093.53 3126.49 3673.87 3086.58 4759.32 3118.48 4271.09 
0.23 0.76 0.21 0.23 0.85 0.9 0.89 0.86 0.57 0.45 0.29 0.3 0.4 0.54 0.42 0.9 0.39 0.87 0.48 0.9 0.57 0.57 0.85 0.48 0.51 0.77 0.84 0.57 0.88 0.21 0.23 0.92 0.38 0.42 0.8 0.72 0.9 0.56 0.78 0.29 0.85 0.4 0.65 0.88 0.74 0.81 0.65 0.39 0.17 0.4 0.25 0.25 0.17 0.85 0.19 0.38 0.26 0.59 0.41 0.23 0.93 0.81 0.43 0.42 0.23 0.78 0.57 0.24 0.59 0.58 0.44 0.88 0.33 0.1 0.9 0.89 0.93 0.56 0.43 0.16 0.41 0.37 0.83 0.44 0.36 0.41 0.58 0.26 0.87 0.89 0.42 0.72 0.15 0.71 0.44 0.41 0.86 0.4 0.73 0.72 0.79 0.55 0.9 0.86 0.73 0.93 0.52 0.93 0.93 0.68 0.09 0.76 0.07 0.86 0.53 0.95 0.39 0.43 0.15 0.5 0.43 0.16 0.6 0.88 0.93 0.12 0.85 0.58 0.91 0.08 0.74 0.42 0.59 0.52 0.74 0.59 0.47 0.39 0.08 0.56 0.65 0.93 0.44 0.43 0.59 0.42 0.94 0.83 0.9 0.86 0.66 0.56 0.93 0.85 0.89 0.2 0.87 0.59 0.86 0.5 
1.0 1.0 0.76 0.89 0.6 0.88 1.0 0.64 0.88 1.0 0.98 1.0 1.0 0.75 0.8 0.92 0.62 0.75 0.73 0.65 0.79 0.98 0.86 0.84 0.64 1.0 0.89 0.69 0.61 0.52 1.0 0.94 0.78 0.57 0.79 0.96 0.51 1.0 0.55 0.84 0.72 0.74 0.84 0.89 1.0 0.66 0.69 0.76 0.66 0.9 0.83 0.61 1.0 0.53 0.65 0.57 0.56 0.85 1.0 0.54 0.87 0.66 0.53 1.0 0.54 0.8 0.88 1.0 0.92 0.81 0.71 0.61 0.69 0.67 0.67 0.67 0.83 0.92 0.72 1.0 1.0 0.82 0.96 0.85 0.69 0.59 0.8 0.81 0.94 0.7 0.6 0.83 0.8 0.87 0.93 0.65 0.55 0.81 0.89 0.55 0.98 0.7 0.96 0.83 0.68 0.96 0.72 0.82 0.74 0.91 0.76 0.6 0.61 0.74 1.0 0.95 0.77 0.95 1.0 1.0 0.81 1.0 1.0 0.72 0.99 1.0 0.66 0.92 1.0 0.64 0.74 0.97 0.79 0.99 0.64 0.82 0.64 0.91 0.94 0.66 0.79 0.6 0.65 0.82 1.0 0.62 0.87 1.0 0.53 0.85 0.68 0.5 1.0 0.84 0.86 0.52 0.65 0.52 0.5 0.66 
0.72 0.72 0.92 0.56 0.98 0.54 0.63 0.73 1.0 0.58 1.0 0.89 0.55 0.57 0.76 1.0 0.95 1.0 1.0 0.93 0.91 0.56 0.74 0.52 0.93 0.59 0.55 0.76 1.0 0.87 1.0 0.9 0.67 0.91 0.9 0.52 1.0 0.92 0.81 0.72 0.78 0.89 0.69 0.93 0.84 1.0 0.59 1.0 0.73 0.79 0.75 0.83 0.54 0.64 0.86 0.72 1.0 0.5 0.72 1.0 0.86 1.0 0.8 0.94 0.91 1.0 0.96 0.99 1.0 1.0 1.0 1.0 0.99 1.0 0.87 0.75 0.73 0.97 0.79 0.62 0.88 1.0 0.79 0.88 0.51 1.0 0.91 0.62 0.71 0.63 0.84 0.89 1.0 0.7 0.98 0.96 1.0 0.78 0.67 0.52 1.0 0.61 0.74 1.0 0.68 0.94 0.5 0.72 0.93 0.66 0.81 0.79 0.69 0.71 0.54 1.0 0.8 0.8 0.77 1.0 0.78 0.91 0.84 0.95 0.61 0.67 0.74 0.8 0.96 0.53 0.72 0.88 0.6 0.83 0.84 0.56 1.0 0.96 0.67 0.64 0.98 0.83 0.82 0.7 0.71 0.56 0.87 0.87 0.69 0.94 0.85 0.88 0.84 0.81 0.8 0.9 0.68 0.67 0.85 0.52 
0.92 0.66 0.77 0.99 0.56 0.61 0.91 0.69 0.72 1.0 1.0 0.6 0.99 1.0 0.73 0.82 0.51 0.56 0.52 0.84 1.0 0.92 0.87 0.65 0.98 1.0 1.0 1.0 0.83 0.6 0.72 0.67 0.73 0.64 1.0 0.71 0.78 1.0 0.66 0.6 0.79 0.57 0.56 0.7 0.88 0.59 0.61 0.7 0.94 0.72 0.52 0.92 0.62 0.63 0.63 0.82 0.65 0.89 0.59 0.94 0.76 0.76 0.79 1.0 0.76 0.78 0.55 0.79 0.77 0.81 0.69 0.93 0.58 1.0 0.78 0.91 0.78 0.6 1.0 1.0 0.91 0.52 0.56 0.69 1.0 1.0 0.78 0.79 1.0 0.91 0.73 1.0 0.84 0.53 0.92 0.56 0.59 0.93 0.81 1.0 0.79 0.82 0.52 0.92 0.9 0.77 0.59 0.57 0.97 0.7 1.0 0.96 0.91 1.0 0.92 0.61 1.0 0.57 0.63 1.0 0.54 0.72 1.0 0.8 0.98 0.82 0.64 0.82 0.93 0.7 0.55 0.91 0.53 0.98 0.9 1.0 1.0 0.95 0.59 0.85 1.0 0.78 0.73 0.69 1.0 0.64 0.79 0.83 0.81 0.92 0.8 0.87 0.84 0.93 0.78 0.77 0.52 0.78 0.7 0.93 
0.52 0.77 0.84 0.94 0.77 0.91 0.85 0.7 0.62 0.98 0.97 0.72 0.93 0.75 0.98 0.81 0.7 0.62 0.57 0.93 0.84 0.61 0.72 1.0 0.58 0.98 0.65 0.88 1.0 0.81 0.76 0.99 0.73 0.65 0.87 0.73 0.66 0.96 0.93 1.0 1.0 0.75 0.97 0.52 0.58 0.51 0.59 0.98 1.0 1.0 0.92 1.0 1.0 0.69 1.0 0.63 0.64 0.88 0.81 1.0 0.73 0.88 0.56 0.73 0.64 1.0 0.92 0.71 1.0 0.71 0.73 0.58 0.94 0.86 0.93 0.86 0.72 0.76 1.0 0.72 0.61 0.67 0.82 1.0 1.0 0.94 0.52 1.0 0.8 0.66 0.97 0.6 1.0 0.52 0.65 0.54 0.6 0.79 0.69 1.0 0.59 1.0 0.74 0.6 1.0 1.0 0.6 1.0 0.72 0.59 0.52 1.0 0.98 0.56 0.93 0.97 0.58 0.54 1.0 0.79 0.71 0.56 0.66 0.9 0.6 1.0 0.93 0.73 0.9 1.0 0.52 0.85 0.75 0.71 0.8 1.0 0.73 0.69 0.71 0.66 0.68 0.91 0.83 0.9 0.7 0.65 0.51 0.77 1.0 1.0 0.66 0.88 0.63 0.87 0.93 0.69 0.53 1.0 0.66 0.78 
0.98 0.8 0.53 0.89 0.59 1.0 1.0 0.66 1.0 1.0 1.0 1.0 1.0 0.52 0.8 1.0 1.0 0.62 1.0 0.86 0.62 0.75 0.61 0.92 0.96 0.53 0.52 1.0 0.89 1.0 0.64 1.0 1.0 0.8 0.59 0.78 1.0 0.6 0.7 0.99 0.74 0.97 0.87 0.59 0.69 0.91 0.65 0.97 0.7 0.73 1.0 0.59 0.54 1.0 0.74 0.53 0.66 0.56 0.82 0.55 0.75 0.5 0.76 0.62 0.52 0.92 0.7 1.0 0.75 1.0 0.96 0.57 0.7 0.72 0.81 0.72 1.0 0.72 0.59 0.92 0.91 1.0 0.76 0.66 1.0 0.5 0.51 0.85 0.65 0.61 0.91 0.63 1.0 0.77 0.74 0.73 1.0 1.0 0.77 0.51 0.85 0.7 0.87 1.0 0.71 0.93 0.78 0.88 0.88 0.77 0.92 0.8 0.82 0.52 0.97 0.88 0.53 0.74 0.83 0.6 0.82 0.86 0.66 1.0 0.6 0.63 0.78 0.54 0.93 0.85 0.9 0.63 0.59 0.76 0.76 0.94 0.53 0.59 0.86 0.88 0.97 0.76 0.58 0.53 0.53 0.65 0.67 0.78 0.58 0.51 0.9 0.87 0.5 0.92 0.92 1.0 0.59 0.98 0.66 0.88 
0.34 0.29 0.24 0.41 0.15 0.26 0.49 0.15 0.39 0.56 0.96 0.39 0.51 0.17 0.34 0.61 0.21 0.16 0.22 0.41 0.38 0.23 0.24 0.26 0.32 0.31 0.16 0.46 0.46 0.22 0.35 0.57 0.28 0.17 0.37 0.2 0.26 0.52 0.19 0.36 0.33 0.27 0.28 0.18 0.29 0.18 0.1 0.5 0.32 0.38 0.3 0.27 0.18 0.15 0.26 0.11 0.15 0.18 0.29 0.28 0.31 0.22 0.14 0.42 0.13 0.57 0.3 0.55 0.54 0.47 0.34 0.19 0.26 0.42 0.35 0.28 0.34 0.29 0.34 0.41 0.45 0.28 0.26 0.34 0.35 0.28 0.15 0.33 0.35 0.16 0.32 0.28 0.67 0.13 0.41 0.14 0.19 0.46 0.25 0.15 0.38 0.25 0.24 0.45 0.29 0.64 0.1 0.3 0.43 0.19 0.29 0.36 0.31 0.15 0.45 0.5 0.19 0.17 0.41 0.47 0.2 0.31 0.37 0.5 0.21 0.35 0.23 0.24 0.75 0.2 0.14 0.41 0.11 0.43 0.29 0.43 0.25 0.34 0.23 0.21 0.51 0.27 0.19 0.19 0.26 0.09 0.2 0.44 0.17 0.37 0.28 0.3 0.22 0.51 0.45 0.25 0.07 0.26 0.13 0.22 
813.75 1047.12 1199.35 1173.82 911.49 1051.27 1332.32 1697.87 1356.2 959.68 821.05 881.09 835.41 741.85 1799.22 1496.93 689.71 976.17 1289.65 858.74 1568.21 1702.98 1703.84 1107.64 1074.43 1190.41 1076.96 1847.6 1619.61 766.74 1168.07 1240.17 682.62 896.84 1002.43 1028.33 1831.19 1508.64 851.0 713.66 1959.24 1771.66 808.99 1757.04 1048.59 1172.05 932.89 892.18 1131.55 1792.34 778.64 650.25 1152.86 1080.0 692.68 884.32 581.22 1961.28 1735.51 799.2 1402.69 1089.99 1516.84 1737.7 1188.25 1102.07 2078.17 888.69 1428.89 1658.32 1344.77 1292.88 686.19 1180.26 1528.5 1056.57 1522.03 1685.43 1669.02 461.8 976.5 1319.35 1022.18 784.39 1064.82 1742.12 2294.3 1136.54 985.06 1861.68 1699.43 993.43 1244.38 948.58 1047.65 1566.66 987.37 1357.63 1089.15 1096.32 1202.43 917.63 1291.9 1795.89 895.78 1166.89 900.12 1605.25 1382.87 913.18 1098.44 1096.92 1069.57 1622.51 1018.67 1462.31 1796.29 1878.85 1042.19 650.38 1624.02 987.81 1022.31 867.54 1243.99 960.02 969.88 1980.39 1364.03 1112.64 1087.12 1670.07 1005.75 1577.88 841.96 1583.07 817.97 604.17 1146.25 1826.32 899.94 1260.15 834.04 1620.53 1025.23 855.7 1647.54 1018.79 1924.73 1331.56 1026.37 1678.29 1396.05 1754.68 1769.66 1067.87 1797.56 1607.57 1832.04 880.93 
254.06 283.24 286.82 491.1 109.93 291.04 665.52 242.6 472.3 529.45 784.36 345.06 425.75 112.74 623.3 924.81 210.6 156.5 257.01 340.76 590.94 438.9 433.5 298.04 380.1 366.09 179.08 776.85 690.76 208.93 474.83 669.11 235.15 189.92 360.02 190.95 524.52 744.63 191.6 263.64 593.36 467.66 221.93 328.05 309.24 152.5 84.13 518.74 395.53 603.07 307.02 199.39 252.0 144.03 213.11 88.67 98.27 382.75 504.53 208.64 462.57 227.57 189.96 762.62 174.85 623.06 524.61 536.65 683.67 799.22 485.7 278.56 188.68 467.03 491.64 304.37 495.47 455.53 596.74 173.86 424.13 391.64 271.99 291.15 336.13 438.56 362.74 429.91 375.62 293.0 539.02 229.37 840.82 147.84 454.44 204.28 223.05 655.81 303.04 125.14 533.2 207.02 254.24 816.5 264.93 647.57 68.54 470.04 588.52 171.05 293.88 413.83 393.42 286.68 424.15 760.87 342.13 299.16 380.95 305.06 286.31 243.63 367.69 417.87 302.25 328.38 255.87 413.19 1030.29 198.27 140.16 621.52 113.81 624.64 225.15 727.68 223.64 220.04 225.94 401.96 433.21 309.34 160.14 295.32 239.16 78.47 312.08 463.27 341.71 481.87 349.51 464.82 198.47 865.21 850.74 302.69 82.2 327.5 266.77 173.29 
3568.75 4735.61 5496.77 5369.09 4057.43 4756.33 6161.62 7989.37 6281.02 4298.41 3605.26 3905.45 3677.07 3209.27 8496.11 6984.66 2948.57 4380.83 5948.27 3793.69 7341.06 8014.88 8019.21 5038.19 4872.13 5452.04 4884.79 8738.02 7598.07 3333.69 5340.33 5700.87 2913.08 3984.19 4512.17 4641.65 8655.93 7043.2 3754.99 3068.32 9296.19 8358.31 3544.97 8285.19 4742.93 5360.24 4164.43 3960.9 5157.74 8461.69 3393.2 2751.23 5264.32 4900.0 2963.42 3921.59 2406.1 9306.41 8177.56 3496.02 6513.45 4949.97 7084.22 8188.52 5441.27 5010.36 9890.83 3943.47 6644.44 7791.61 6223.87 5964.38 2930.95 5401.29 7142.51 4782.85 7110.14 7927.16 7845.12 1808.99 4382.49 6096.75 4610.9 3421.93 4824.1 8210.62 10971.48 5182.72 4425.31 8808.41 7997.13 4467.15 5721.88 4242.92 4738.26 7333.3 4436.87 6288.16 4945.74 4981.61 5512.13 4088.14 5959.48 8479.47 3978.91 5334.44 4000.58 7526.23 6414.33 4065.89 4992.19 4984.62 4847.85 7612.55 4593.34 6811.56 8481.46 8894.24 4710.95 2751.88 7620.1 4439.04 4611.56 3837.71 5719.97 4300.09 4349.38 9401.94 6320.13 5063.19 4935.6 7850.37 4528.75 7389.42 3709.81 7415.37 3589.85 2520.84 5231.23 8631.59 3999.71 5800.73 3670.2 7602.63 4626.17 3778.49 7737.68 4593.93 9123.67 6157.81 4631.87 7891.43 6480.25 8273.39 8348.28 4839.36 8487.82 7537.84 8660.21 3904.67 
770.31 916.19 934.1 1955.5 49.65 955.18 2827.6 713.02 1861.48 2147.25 3421.78 1225.31 1628.76 63.69 2616.49 4124.04 552.99 282.49 785.07 1203.81 2454.69 1694.49 1667.49 990.19 1400.51 1330.43 395.4 3384.23 2953.79 544.65 1874.13 2845.57 675.76 449.62 1300.12 454.75 2122.62 3223.13 457.99 818.18 2466.82 1838.28 609.63 1140.24 1046.2 262.49 -79.33 2093.68 1477.65 2515.36 1035.1 496.93 759.99 220.14 565.55 -56.63 -8.65 1413.77 2022.67 543.2 1812.87 637.85 449.79 3313.12 374.27 2615.3 2123.04 2183.23 2918.37 3496.08 1928.5 892.8 443.41 1835.17 1958.18 1021.86 1977.33 1777.64 2483.71 369.32 1620.63 1458.2 859.95 955.74 1180.67 1692.78 1313.7 1649.53 1378.08 965.0 2195.08 646.86 3704.11 239.21 1772.19 521.42 615.25 2779.05 1015.21 125.7 2165.98 535.11 771.22 3582.51 824.63 2737.86 -157.28 1850.21 2442.58 355.23 969.4 1569.15 1467.1 933.38 1620.77 3304.36 1210.64 995.78 1404.77 1025.31 931.54 718.14 1338.44 1589.36 1011.26 1141.9 779.34 1565.95 4651.45 491.34 200.8 2607.62 69.05 2623.22 625.74 3138.39 618.21 600.2 629.69 1509.78 1666.05 1046.68 300.72 976.61 695.8 -107.67 1060.41 1816.33 1208.57 1909.35 1247.56 1824.08 492.33 3826.06 3753.69 1013.47 -88.98 1137.5 833.85 366.46 
76.58 129.51 151.81 148.18 141.71 78.56 83.37 62.15 171.44 152.64 79.73 125.67 72.37 77.97 151.6 62.25 75.83 133.37 90.08 134.78 191.22 82.06 62.46 65.61 171.4 74.79 75.24 80.93 62.0 61.93 74.8 87.49 76.46 79.34 66.08 130.53 123.77 185.4 81.5 170.9 62.41 78.53 78.09 125.17 163.83 71.38 80.06 82.7 73.29 148.69 70.54 141.53 145.68 82.24 73.24 76.62 67.99 81.08 137.25 63.07 95.28 68.32 68.91 148.04 148.68 145.67 176.34 62.68 156.23 76.28 170.78 85.64 75.56 72.71 62.32 64.67 72.67 181.31 81.09 68.2 152.19 91.4 65.06 73.45 62.68 74.3 175.16 72.96 75.37 178.81 160.24 70.56 139.99 61.22 91.01 147.84 134.7 156.3 85.2 66.6 167.53 125.58 95.37 61.82 133.6 64.22 95.33 81.66 153.6 139.41 71.02 71.21 75.07 61.87 73.39 176.12 135.55 70.86 84.41 70.46 72.09 145.24 71.5 77.3 187.13 71.22 128.73 70.05 96.99 71.71 178.89 79.4 75.07 184.34 153.28 89.13 85.27 155.85 69.37 186.76 137.52 75.26 88.06 68.69 72.7 71.23 78.65 150.28 124.43 84.73 79.95 137.95 96.37 61.87 125.06 73.48 123.46 95.19 62.37 170.84 
10 27 32 31 30 11 11 8 36 32 11 26 10 11 32 8 10 28 12 28 40 11 8 9 36 10 10 11 8 8 10 12 10 11 9 27 26 39 11 36 8 11 11 26 35 10 11 11 10 31 10 30 31 11 10 10 9 11 29 9 13 9 9 31 31 31 37 8 33 10 36 12 10 10 8 9 10 38 11 9 32 13 9 10 8 10 37 10 10 38 34 10 29 8 13 31 28 33 12 9 35 26 13 8 28 9 13 11 32 29 10 10 10 8 10 37 29 10 12 10 10 31 10 11 40 10 27 10 13 10 38 11 10 39 32 12 12 33 9 40 29 10 12 9 10 10 11 32 26 12 11 29 13 8 26 10 26 13 8 36 
183 236 54 60 177 143 173 43 106 174 90 123 27 141 188 79 108 162 203 71 123 137 15 16 214 215 221 165 112 103 180 14 71 197 93 56 20 69 73 141 237 199 37 105 219 92 121 32 36 236 91 233 60 57 192 68 6 78 237 176 136 115 219 209 19 179 191 78 10 57 238 84 22 27 147 41 5 237 172 163 103 90 228 175 91 201 61 40 183 123 126 162 124 186 174 196 39 64 139 116 40 232 36 31 193 182 153 14 181 100 177 150 25 119 31 206 141 131 228 108 110 56 107 76 32 88 193 137 65 178 124 234 157 32 115 196 118 130 78 128 79 155 8 182 165 94 29 26 14 95 166 80 27 137 21 197 211 158 15 223 
240 240 240 240 240 240 240 163 136 240 240 240 202 176 240 240 240 240 240 147 240 240 240 142 240 240 240 240 240 192 240 186 122 240 130 240 118 200 214 240 240 240 222 240 240 240 169 240 79 240 240 240 141 240 227 240 35 240 240 240 240 240 240 240 59 205 234 240 86 138 240 240 120 144 240 191 70 240 240 212 228 240 240 240 200 240 181 88 240 210 216 218 240 240 240 240 85 238 240 176 130 240 240 240 240 240 240 191 240 223 240 240 188 173 240 240 240 240 240 240 240 140 221 240 218 235 240 240 228 224 240 240 240 78 226 240 240 240 222 240 149 240 83 240 227 156 240 240 219 133 214 186 76 224 53 240 240 240 184 240 
5
0.0 0.0 0.0 0.0 0.0 
0.0 0.0 100.0 100.0 0.0 
0 0 14 14 0 14 11 10 13 6 12 2 6 6 11 8 13 4 4 7 5 13 10 11 9 11 13 7 9 11 8 3 12 12 9 9 7 14 5 5 7 11 13 5 11 12 6 10 11 7 11 16 9 2 9 8 9 9 3 11 9 15 6 9 15 10 13 8 13 12 12 12 4 14 12 13 2 5 8 6 3 7 14 15 12 7 4 12 9 13 7 10 10 4 12 10 8 6 16 8 10 11 9 8 11 13 8 11 17 9 16 6 6 10 7 7 6 13 14 6 6 6 3 9 14 4 14 8 8 10 13 8 13 9 10 12 12 8 12 10 11 16 9 11 11 15 10 3 14 13 7 9 10 10 9 4 13 12 8 16 14 10 4 14 10 
0 0 14 14 0 14 11 10 13 6 12 2 6 6 11 8 13 4 4 7 5 13 10 11 9 11 13 7 9 11 8 3 12 12 9 9 7 14 5 5 7 11 13 5 11 12 6 10 11 7 11 16 9 2 9 8 9 9 3 11 9 15 6 9 15 10 13 8 13 12 12 12 4 14 12 13 2 5 8 6 3 7 14 15 12 7 4 12 9 13 7 10 10 4 12 10 8 6 16 8 10 11 9 8 11 13 8 11 17 9 16 6 6 10 7 7 6 13 14 6 6 6 3 9 14 4 14 8 8 10 13 8 13 9 10 12 12 8 12 10 11 16 9 11 11 15 10 3 14 13 7 9 10 10 9 4 13 12 8 16 14 10 4 14 10 
14 14 0 0 14 13 12 7 5 13 4 11 8 11 13 11 10 11 12 11 11 17 16 8 15 7 13 8 4 7 6 13 2 16 5 6 13 18 10 9 10 11 10 11 15 1 8 10 15 11 17 14 6 12 12 8 8 13 12 5 4 13 7 13 14 9 14 8 12 10 12 9 9 8 4 9 12 9 12 9 11 7 11 15 16 11 11 16 7 4 8 15 5 13 10 15 11 11 13 6 14 7 8 6 3 5 10 4 13 15 12 14 10 7 10 8 8 16 14 8 12 13 11 10 17 12 12 12 6 12 18 9 7 6 3 9 2 5 13 11 4 14 15 2 16 11 9 10 12 14 7 5 11 16 10 10 12 16 7 10 17 14 10 14 11 
14 14 0 0 14 13 12 7 5 13 4 11 8 11 13 11 10 11 12 11 11 17 16 8 15 7 13 8 4 7 6 13 2 16 5 6 13 18 10 9 10 11 10 11 15 1 8 10 15 11 17 14 6 12 12 8 8 13 12 5 4 13 7 13 14 9 14 8 12 10 12 9 9 8 4 9 12 9 12 9 11 7 11 15 16 11 11 16 7 4 8 15 5 13 10 15 11 11 13 6 14 7 8 6 3 5 10 4 13 15 12 14 10 7 10 8 8 16 14 8 12 13 11 10 17 12 12 12 6 12 18 9 7 6 3 9 2 5 13 11 4 14 15 2 16 11 9 10 12 14 7 5 11 16 10 10 12 16 7 10 17 14 10 14 11 
0 0 14 14 0 14 11 10 13 6 12 2 6 6 11 8 13 4 4 7 5 13 10 11 9 11 13 7 9 11 8 3 12 12 9 9 7 14 5 5 7 11 13 5 11 12 6 10 11 7 11 16 9 2 9 8 9 9 3 11 9 15 6 9 15 10 13 8 13 12 12 12 4 14 12 13 2 5 8 6 3 7 14 15 12 7 4 12 9 13 7 10 10 4 12 10 8 6 16 8 10 11 9 8 11 13 8 11 17 9 16 6 6 10 7 7 6 13 14 6 6 6 3 9 14 4 14 8 8 10 13 8 13 9 10 12 12 8 12 10 11 16 9 11 11 15 10 3 14 13 7 9 10 10 9 4 13 12 8 16 14 10 4 14 10 
14 14 13 13 14 0 2 6 7 8 9 12 11 7 2 5 2 9 9 6 9 5 6 4 6 6 0 7 10 6 9 11 12 5 10 8 7 6 9 9 7 3 3 8 4 12 10 4 4 6 6 1 8 12 4 7 6 5 11 8 11 1 11 5 1 5 2 8 1 2 2 4 10 5 8 4 12 9 6 9 12 10 2 2 4 7 9 4 8 8 8 5 9 9 3 4 5 7 2 9 4 6 6 8 11 7 6 8 3 6 3 8 8 7 7 8 8 3 0 11 7 7 11 4 4 9 1 5 9 3 6 6 6 7 12 3 12 11 2 4 9 2 6 12 5 3 5 12 0 1 9 10 3 6 5 11 1 4 9 4 4 4 10 1 3 
11 11 12 12 11 2 0 5 7 6 8 10 9 4 1 2 3 6 6 4 6 5 4 3 4 5 1 5 9 5 7 8 10 4 8 6 4 6 7 6 4 0 2 6 3 10 8 2 3 3 5 4 6 9 2 5 4 3 8 7 9 3 8 2 4 3 2 6 1 2 0 3 8 5 7 3 9 7 3 7 9 7 3 4 3 4 6 4 6 8 5 3 7 7 2 3 2 4 4 7 2 5 4 6 9 7 3 7 6 4 5 5 5 5 4 5 6 3 2 9 5 5 8 2 4 7 2 3 6 1 5 4 6 6 10 2 10 9 0 1 8 5 4 10 4 4 3 9 2 2 6 8 1 5 2 9 1 4 7 5 5 2 7 3 1 
10 10 7 7 10 6 5 0 3 7 3 8 5 4 6 4 4 5 6 4 5 10 8 1 8 1 6 2 4 0 3 7 5 9 3 2 6 11 5 4 3 4 3 5 7 5 4 3 7 4 9 7 1 8 5 2 1 6 7 2 4 6 5 5 7 2 7 2 5 3 4 2 5 4 3 3 8 5 5 4 7 4 5 8 8 4 6 8 1 3 3 7 2 7 3 7 4 4 7 2 6 0 1 2 4 3 3 2 8 8 7 7 4 0 3 3 3 8 6 5 6 6 7 3 9 6 5 5 2 4 10 3 3 1 5 2 5 4 5 3 3 8 8 5 8 5 1 7 6 7 3 3 4 9 3 6 5 9 3 6 10 7 6 7 4 
13 13 5 5 13 7 7 3 0 10 2 10 8 7 8 7 5 8 10 7 8 12 11 3 11 2 7 5 5 2 4 11 5 11 4 4 9 13 8 7 7 6 4 8 10 4 7 6 10 7 12 8 4 11 8 5 4 9 10 1 5 7 7 8 8 4 9 5 6 5 6 3 8 3 1 3 11 8 8 7 10 6 5 10 11 7 9 11 4 1 6 10 3 10 4 10 7 7 7 4 9 2 4 4 4 0 6 2 8 11 6 10 7 2 6 6 6 10 8 7 9 9 10 6 11 9 6 8 5 7 13 6 1 3 5 4 4 6 7 6 2 8 11 4 11 5 4 10 7 9 5 4 6 11 6 9 7 11 5 5 12 9 9 9 7 
6 6 13 13 6 8 6 7 10 0 10 5 6 2 5 3 8 2 1 3 2 7 4 7 3 8 8 4 9 8 7 2 11 6 8 7 1 8 3 4 3 5 8 2 5 11 6 5 5 3 5 10 7 4 3 5 5 3 3 9 8 9 6 3 10 5 7 5 7 7 6 8 4 10 10 8 4 4 2 4 5 6 9 9 6 2 2 6 6 10 4 4 8 1 7 4 3 2 10 7 4 8 6 6 10 10 3 9 12 3 11 0 3 7 3 4 4 7 8 6 1 0 3 4 8 2 9 3 6 5 7 4 10 7 10 7 11 8 6 5 9 11 3 11 5 10 6 5 8 8 6 8 5 5 4 5 7 6 6 11 8 4 3 8 5 
12 12 4 4 12 9 8 3 2 10 0 9 6 7 9 8 6 8 9 7 8 13 12 4 11 3 9 5 3 3 3 10 2 12 2 3 9 14 7 7 7 7 6 8 11 2 6 6 11 7 13 10 3 10 8 5 4 9 9 1 3 9 5 9 10 5 10 4 7 6 8 5 7 5 0 5 10 7 8 6 9 4 7 11 12 7 9 12 3 1 5 11 2 10 6 11 7 7 9 3 10 3 4 4 2 1 6 1 10 11 8 10 7 3 6 5 6 12 9 6 9 9 9 6 13 9 7 8 4 8 14 6 3 3 3 5 2 4 9 7 1 10 11 2 12 7 5 9 8 10 4 3 7 12 6 8 8 12 4 7 13 10 8 10 7 
2 2 11 11 2 12 10 8 10 5 9 0 3 5 10 7 11 3 4 6 3 12 10 9 9 9 12 5 7 9 6 2 9 12 7 6 6 13 3 3 5 9 11 3 10 10 3 8 10 6 11 14 6 1 8 5 6 8 1 9 6 13 3 8 14 8 11 5 11 10 10 10 2 12 9 11 1 3 7 3 0 4 12 14 12 5 3 11 6 10 4 9 7 4 10 10 7 5 14 6 9 9 7 5 8 10 6 8 15 8 14 6 4 8 5 5 4 13 12 3 5 5 1 7 13 3 12 7 5 9 13 6 11 7 7 10 9 5 10 8 8 15 9 9 10 13 8 0 12 12 5 6 9 10 7 1 11 12 5 14 13 9 2 13 8 
6 6 8 8 6 11 9 5 8 6 6 3 0 5 9 6 10 3 5 5 3 13 10 7 9 6 11 4 3 6 3 5 6 12 3 3 6 14 3 2 4 8 9 4 10 6 0 7 10 5 11 13 4 4 7 3 5 8 3 6 3 12 0 7 13 6 11 3 10 9 9 8 2 9 6 9 4 2 6 2 2 1 10 13 12 5 4 11 4 7 3 9 4 5 9 10 6 5 13 3 9 6 5 3 4 7 5 5 14 9 13 7 3 5 4 3 3 12 11 0 6 6 3 6 13 4 10 7 3 8 13 5 8 4 4 8 6 2 9 7 5 13 9 5 10 11 6 2 11 11 2 3 8 11 6 1 10 12 2 11 13 9 3 12 8 
6 6 11 11 6 7 4 4 7 2 7 5 5 0 5 1 6 2 2 0 1 7 5 5 4 5 6 2 6 5 5 3 9 7 6 4 1 8 2 2 0 4 6 1 5 9 4 3 5 0 6 9 4 5 2 2 3 3 3 6 6 8 4 2 8 3 6 3 6 5 5 6 3 8 7 6 5 2 1 3 4 4 7 8 6 0 2 6 4 8 2 4 5 2 5 5 2 0 9 4 4 5 3 4 8 7 1 6 10 4 10 3 1 5 1 2 2 7 7 5 1 1 3 2 8 2 7 2 4 3 8 1 7 4 8 5 9 6 5 3 7 10 4 8 5 8 3 4 7 7 3 5 3 6 2 4 6 7 4 9 8 4 3 8 3 
11 11 13 13 11 2 1 6 8 5 9 10 9 5 0 3 4 7 6 4 7 3 3 4 3 6 2 6 10 6 8 8 12 3 9 7 4 5 7 7 5 1 4 6 2 11 9 2 2 4 4 4 7 10 2 6 5 2 9 8 10 3 9 2 4 4 1 6 2 3 1 4 8 6 9 5 10 7 3 7 9 8 4 3 2 4 7 2 7 9 6 2 8 7 3 2 3 5 5 8 1 6 5 7 10 8 4 8 6 3 6 5 6 6 5 6 6 2 2 10 5 5 8 3 3 7 3 3 7 1 4 4 7 7 11 3 11 10 0 2 9 5 4 11 3 5 4 9 3 2 7 9 2 3 3 9 1 3 8 6 4 1 8 2 1 
8 8 11 11 8 5 2 4 7 3 8 7 6 1 3 0 5 4 3 1 3 6 4 4 3 5 4 3 7 5 6 5 10 5 7 5 2 7 4 4 2 2 4 3 3 10 6 1 3 1 5 7 5 7 0 3 3 1 5 7 7 6 6 1 7 2 4 4 4 4 3 5 5 7 7 5 6 4 0 4 6 6 5 6 5 1 4 4 4 8 3 3 6 4 4 3 0 1 7 5 2 5 3 5 8 7 1 7 8 3 8 3 3 5 2 3 3 5 5 7 2 2 5 1 6 4 5 0 5 1 6 2 7 5 9 4 9 7 3 1 7 8 3 9 4 6 3 6 5 5 4 6 2 4 1 6 4 5 5 8 6 3 5 6 1 
13 13 10 10 13 2 3 4 5 8 6 11 10 6 4 5 0 8 9 6 8 7 7 2 7 3 2 6 8 4 7 10 9 7 7 6 7 8 8 8 6 3 0 8 6 9 9 3 6 6 8 3 6 11 5 6 5 6 10 6 8 2 9 5 3 3 4 6 1 1 2 1 9 2 6 1 11 8 6 8 11 8 0 5 6 6 9 6 6 6 7 7 7 9 1 6 5 6 3 7 5 4 5 7 9 5 5 6 4 8 3 8 7 4 6 6 7 5 3 10 7 8 10 4 6 9 1 5 7 3 8 5 3 5 9 1 9 9 3 3 7 3 8 9 7 1 3 11 2 4 7 7 3 8 4 10 2 7 7 2 7 6 9 4 3 
4 4 11 11 4 9 6 5 8 2 8 3 3 2 7 4 8 0 1 2 0 9 7 6 6 7 8 3 6 6 5 2 9 9 6 5 3 10 0 1 2 6 8 0 7 9 3 5 7 3 8 11 5 3 4 3 4 4 1 7 6 10 3 4 11 5 8 3 8 7 7 8 1 9 8 8 2 1 3 2 2 4 9 10 8 2 0 8 4 8 2 6 6 1 7 6 4 2 11 4 6 6 4 4 7 8 3 7 12 5 11 3 1 6 2 2 2 9 9 4 2 2 1 4 10 0 9 4 4 5 9 3 9 5 7 7 9 5 7 5 7 12 6 8 7 10 5 2 9 9 3 5 5 7 4 2 8 8 4 11 10 6 0 10 5 
4 4 12 12 4 9 6 6 10 1 9 4 5 2 6 3 9 1 0 3 1 8 6 7 4 8 8 4 8 7 6 1 10 8 7 6 2 9 2 3 3 6 8 1 6 11 4 5 6 3 7 11 6 3 4 4 5 4 2 8 7 10 5 4 11 5 8 4 8 8 7 8 3 10 9 9 3 2 3 3 3 5 9 10 8 2 0 7 6 10 3 5 7 0 8 6 4 2 11 6 5 7 5 5 9 9 3 8 12 4 12 2 2 7 3 4 3 9 9 5 1 1 2 5 9 0 9 3 5 5 8 4 10 6 9 7 10 7 7 5 8 12 4 10 6 10 6 3 9 9 5 7 6 6 4 4 8 8 5 11 9 5 2 9 5 
7 7 11 11 7 6 4 4 7 3 7 6 5 0 4 1 6 2 3 0 2 7 5 4 4 5 6 2 6 5 5 4 9 6 6 4 2 8 3 3 0 3 5 2 4 9 4 2 4 0 6 8 4 5 2 2 2 2 4 6 6 7 5 2 8 2 5 3 5 5 4 5 4 7 7 5 5 3 1 3 5 4 6 8 6 0 3 6 4 7 2 4 5 3 5 4 1 0 8 4 3 5 3 4 8 7 0 6 9 4 9 3 1 4 1 2 2 7 6 5 1 2 4 1 7 3 6 1 4 2 7 1 7 4 8 4 9 6 4 2 7 9 4 8 5 7 3 5 6 6 3 5 3 5 1 5 5 6 4 8 8 4 3 7 2 
5 5 11 11 5 9 6 5 8 2 8 3 3 1 7 3 8 0 1 2 0 9 7 6 5 7 8 3 6 6 5 2 9 8 6 5 3 10 0 1 2 6 8 0 6 9 3 5 7 2 8 11 5 3 4 3 4 4 2 7 6 10 4 4 10 5 8 3 8 7 7 7 1 9 8 8 3 1 3 2 2 4 9 10 8 2 0 8 4 8 2 6 6 1 7 6 4 1 11 4 6 6 4 4 7 8 3 7 12 5 11 3 1 5 2 2 2 9 9 4 2 2 1 4 10 0 9 4 4 5 9 3 9 5 7 6 9 5 7 5 7 11 5 8 7 10 5 2 9 9 3 5 5 7 4 2 8 8 4 11 10 6 1 9 5 
13 13 17 17 13 5 5 10 12 7 13 12 13 7 3 6 7 9 8 7 9 0 2 8 3 10 5 9 13 10 12 10 15 0 13 11 6 1 10 10 8 5 7 9 2 15 12 6 2 7 2 6 11 12 5 9 9 4 11 12 13 6 12 5 6 7 3 10 6 7 5 8 11 10 13 8 12 10 6 10 12 12 7 4 1 7 9 1 10 13 9 3 12 8 7 2 6 7 7 11 3 10 9 11 14 12 7 12 8 4 9 6 9 10 8 9 10 2 4 13 7 6 11 7 1 9 7 5 11 5 0 8 11 11 15 7 15 13 4 6 13 7 4 15 2 8 8 12 6 3 11 12 6 2 6 12 5 0 11 10 1 3 10 4 5 
10 10 16 16 10 6 4 8 11 4 12 10 10 5 3 4 7 7 6 5 7 2 0 7 1 9 5 7 12 9 10 7 14 2 11 9 3 3 7 8 6 4 7 6 1 14 9 5 1 5 1 7 9 9 3 7 7 2 8 11 12 7 10 3 7 6 3 8 5 6 5 8 8 10 11 8 9 8 4 8 9 10 7 5 2 5 6 1 9 12 7 0 10 6 7 1 4 5 8 10 2 9 8 9 13 11 5 11 9 1 9 3 6 9 6 7 8 3 5 10 4 4 8 5 4 6 7 3 9 4 2 6 10 9 13 7 14 11 4 4 11 8 1 14 0 8 7 9 6 4 9 11 4 0 5 10 5 2 9 10 3 1 8 5 4 
11 11 8 8 11 4 3 1 3 7 4 9 7 5 4 4 2 6 7 4 6 8 7 0 7 1 4 3 6 1 4 8 7 8 5 3 6 9 6 5 4 3 1 6 6 7 6 2 6 4 8 5 3 9 4 3 2 5 8 3 6 5 6 5 5 1 5 4 3 2 3 1 7 2 4 1 9 6 4 5 8 5 3 7 7 4 7 7 3 4 4 7 4 7 1 6 4 5 5 4 5 1 2 4 6 3 3 3 6 7 5 7 5 2 3 4 4 7 5 7 6 6 8 2 8 7 3 4 4 3 9 3 2 3 7 1 7 6 4 3 4 6 7 7 7 3 1 8 4 6 4 5 2 8 3 8 3 7 4 4 8 6 7 6 3 
9 9 15 15 9 6 4 8 11 3 11 9 9 4 3 3 7 6 4 4 5 3 1 7 0 9 6 6 11 8 9 6 13 3 10 9 2 4 6 7 5 4 7 5 2 13 9 4 2 4 2 8 8 8 3 7 7 1 7 10 11 7 9 2 8 6 4 7 6 6 5 8 7 10 11 8 8 7 3 7 8 9 8 6 3 4 5 2 8 11 6 0 10 5 7 1 3 4 8 9 2 8 7 8 12 11 5 10 10 0 10 2 5 8 5 7 7 4 6 9 3 3 7 5 5 5 7 2 8 4 3 5 10 8 12 7 13 11 4 4 11 9 0 13 1 9 6 8 7 5 8 10 4 1 4 8 5 3 8 10 5 1 7 6 4 
11 11 7 7 11 6 5 1 2 8 3 9 6 5 6 5 3 7 8 5 7 10 9 1 9 0 6 3 4 0 4 9 5 9 3 3 7 11 6 6 5 4 3 6 8 5 6 4 8 5 10 7 2 9 5 3 2 7 8 2 5 6 6 6 7 2 7 3 5 3 5 2 7 3 2 2 9 6 6 5 8 4 4 8 9 5 7 9 2 2 4 8 3 8 3 8 5 5 7 3 7 0 2 3 5 1 4 2 7 9 6 8 5 1 4 4 4 9 6 6 7 7 8 4 10 7 5 6 3 5 11 4 2 2 5 2 5 5 6 4 3 7 9 5 9 4 2 8 5 7 4 4 4 10 4 8 5 9 4 5 10 7 7 7 5 
13 13 13 13 13 0 1 6 7 8 9 12 11 6 2 4 2 8 8 6 8 5 5 4 6 6 0 7 10 6 9 10 12 4 9 8 6 5 9 8 6 2 3 8 4 11 10 3 3 5 5 2 7 11 4 7 6 4 10 8 10 1 10 4 2 4 1 7 1 2 1 4 10 5 8 4 11 9 5 9 11 9 2 2 3 6 8 4 7 8 7 5 9 9 2 4 4 6 2 8 3 6 6 8 11 7 5 8 4 6 4 7 7 6 6 7 8 3 0 11 7 7 10 4 3 9 1 4 8 3 5 6 6 7 11 3 11 11 1 3 9 3 6 11 5 3 4 11 1 1 8 9 3 5 4 11 0 4 8 5 4 4 9 1 3 
7 7 8 8 7 7 5 2 5 4 5 5 4 2 6 3 6 3 4 2 3 9 7 3 6 3 7 0 4 3 2 5 6 8 3 2 4 10 2 2 1 4 5 2 6 7 3 3 6 2 8 9 2 5 4 0 1 5 4 4 4 8 3 4 9 2 7 0 6 5 5 5 3 6 5 5 5 2 3 2 5 2 6 9 8 2 3 8 1 5 0 6 3 4 5 6 3 2 9 2 5 3 1 2 5 5 1 4 10 6 9 5 1 2 1 0 1 8 7 4 3 4 4 2 9 3 6 3 2 4 10 1 5 2 5 4 6 4 6 3 4 9 6 6 7 7 2 4 7 7 1 3 4 8 2 4 6 8 2 8 10 6 3 8 4 
9 9 4 4 9 10 9 4 5 9 3 7 3 6 10 7 8 6 8 6 6 13 12 6 11 4 10 4 0 4 1 8 2 13 0 2 8 15 5 5 6 8 8 6 11 2 3 7 11 7 13 12 2 8 8 4 4 9 7 3 0 11 3 9 12 6 11 3 9 8 9 7 5 7 3 7 7 5 8 4 6 2 9 13 12 7 7 12 3 4 4 11 1 8 7 11 7 6 11 2 10 4 4 2 1 4 6 2 12 11 11 9 5 3 5 4 4 12 11 3 8 8 7 6 13 7 9 8 2 8 14 5 6 3 1 7 2 1 9 7 2 12 11 2 12 9 5 6 10 11 3 1 8 12 7 5 9 13 2 9 14 10 6 12 8 
11 11 7 7 11 6 5 0 2 8 3 9 6 5 6 5 4 6 7 5 6 10 9 1 8 0 6 3 4 0 3 8 5 9 3 2 7 11 6 5 4 4 3 6 8 5 5 3 8 5 10 7 2 9 5 3 2 7 8 2 4 6 5 6 7 2 7 3 5 3 5 2 6 3 2 2 9 6 5 5 8 4 4 8 9 5 7 9 2 2 4 8 3 8 3 8 5 5 7 3 7 0 2 3 4 2 4 2 7 8 6 8 5 0 4 3 4 9 6 6 6 7 8 3 10 7 5 5 3 5 11 3 2 2 5 2 5 5 6 4 3 7 9 5 9 5 2 8 6 7 3 3 4 9 4 7 5 9 3 5 10 7 7 7 4 
8 8 6 6 8 9 7 3 4 7 3 6 3 5 8 6 7 5 6 5 5 12 10 4 9 4 9 2 1 3 0 6 4 11 1 1 7 13 4 3 4 7 6 5 9 4 2 5 9 5 11 10 1 6 6 2 3 7 6 3 1 9 2 7 10 4 9 1 8 6 7 6 4 7 3 6 6 3 6 2 5 1 8 11 11 5 5 10 1 4 2 9 1 6 6 9 5 5 10 0 8 3 2 0 2 4 4 2 11 9 10 8 4 2 4 2 2 11 9 2 6 7 5 5 12 5 8 6 0 6 12 4 5 1 2 5 4 1 8 6 2 11 9 3 10 8 4 5 9 10 1 0 6 10 5 4 8 11 0 9 12 9 4 10 6 
3 3 13 13 3 11 8 7 11 2 10 2 5 3 8 5 10 2 1 4 2 10 7 8 6 9 10 5 8 8 6 0 10 9 8 7 4 11 2 3 4 7 10 2 7 11 4 6 7 4 8 12 7 1 6 5 6 5 1 9 8 11 5 5 12 7 9 5 9 9 9 9 3 11 10 10 1 3 5 4 2 5 11 12 9 4 1 9 6 11 4 6 8 1 9 7 5 3 13 6 7 8 6 6 9 10 5 9 14 6 13 3 3 8 4 5 4 10 11 5 3 3 1 6 11 1 11 5 6 7 10 5 11 7 9 9 10 7 8 7 9 13 6 10 7 12 7 2 11 10 5 7 7 8 6 3 9 9 6 13 11 7 2 11 7 
12 12 2 2 12 12 10 5 5 11 2 9 6 9 12 10 9 9 10 9 9 15 14 7 13 5 12 6 2 5 4 10 0 15 3 4 11 17 8 7 8 10 9 9 13 0 6 9 13 9 15 13 4 10 10 6 6 11 10 3 2 12 5 11 13 7 13 6 10 9 10 8 7 8 3 8 10 7 10 7 9 5 10 14 14 9 9 14 5 3 7 13 3 11 9 13 9 9 12 4 12 5 6 5 1 4 8 3 13 13 11 12 8 5 8 6 7 14 12 6 10 11 9 8 15 10 10 10 4 10 16 8 6 4 1 8 0 3 11 9 2 13 13 0 14 10 7 9 11 13 5 3 9 14 9 8 11 15 5 10 16 12 8 13 10 
12 12 16 16 12 5 4 9 11 6 12 12 12 7 3 5 7 9 8 6 8 0 2 8 3 9 4 8 13 9 11 9 15 0 12 10 5 1 9 9 7 5 7 8 2 15 11 6 1 6 1 6 10 11 4 9 8 4 10 11 13 6 12 4 6 7 3 9 5 6 5 8 10 9 12 8 11 9 5 10 11 11 7 4 0 6 8 0 10 12 9 2 12 8 6 2 5 7 6 11 3 9 8 10 14 11 7 11 8 3 8 6 8 9 7 9 9 1 4 12 6 6 10 6 2 8 6 5 10 4 1 7 10 10 14 7 15 13 3 5 12 7 3 15 1 8 7 11 5 3 10 12 5 2 6 11 4 0 10 9 1 2 10 4 5 
9 9 5 5 9 10 8 3 4 8 2 7 3 6 9 7 7 6 7 6 6 13 11 5 10 3 9 3 0 3 1 8 3 12 0 1 8 14 5 4 5 7 7 6 10 3 3 6 10 6 12 11 1 7 7 3 3 8 7 2 1 10 3 8 11 5 10 2 8 7 8 6 5 6 2 6 7 4 7 4 6 2 8 12 11 6 6 11 2 3 3 10 0 7 7 10 6 6 10 1 9 3 3 1 1 4 5 2 11 10 10 9 5 3 5 3 3 12 10 3 7 8 7 6 13 7 8 7 1 7 13 5 5 2 2 6 2 1 9 6 1 11 10 2 11 8 4 6 9 10 2 0 7 11 6 5 8 12 2 8 13 10 6 11 7 
9 9 6 6 9 8 6 2 4 7 3 6 3 4 7 5 6 5 6 4 5 11 9 3 9 3 8 2 2 2 1 7 4 10 1 0 6 12 4 3 3 6 5 5 8 4 3 4 8 4 10 9 0 7 6 2 2 7 6 2 2 8 3 6 9 3 8 1 7 5 6 5 4 6 3 5 7 4 5 3 6 1 7 10 10 4 5 10 0 3 2 8 1 6 5 8 5 4 9 0 7 2 1 0 3 3 3 2 10 8 9 7 4 1 3 2 2 10 8 3 6 6 6 4 11 5 7 6 0 6 12 3 5 0 3 4 4 2 7 5 2 10 9 4 9 7 3 5 8 9 1 1 5 10 4 5 7 10 1 8 11 8 5 9 5 
7 7 13 13 7 7 4 6 9 1 9 6 6 1 4 2 7 3 2 2 3 6 3 6 2 7 6 4 8 7 7 4 11 5 8 6 0 7 3 4 2 4 6 2 3 11 6 3 3 2 4 9 6 5 2 4 4 1 4 8 8 8 6 1 8 4 5 5 6 6 5 7 5 9 9 7 5 4 1 4 5 6 8 8 5 1 2 5 6 9 4 3 7 2 6 3 2 1 9 6 3 7 5 6 9 9 3 8 10 2 10 1 3 6 3 4 4 6 7 7 0 0 4 3 7 2 7 1 6 3 6 3 9 6 10 6 11 8 4 3 9 10 2 10 4 9 5 5 7 6 5 7 4 4 3 6 6 5 6 10 7 3 4 7 3 
14 14 18 18 14 6 6 11 13 8 14 13 14 8 5 7 8 10 9 8 10 1 3 9 4 11 5 10 15 11 13 11 17 1 14 12 7 0 11 11 9 6 8 10 3 16 13 7 3 8 2 7 12 13 6 11 10 5 12 13 15 7 13 6 6 9 4 11 7 8 6 9 12 11 14 9 13 11 7 11 13 13 8 4 2 8 10 2 11 14 11 4 13 9 8 3 7 8 7 13 4 11 10 12 15 13 8 13 9 5 9 7 10 11 9 11 11 2 5 14 8 8 12 8 2 10 7 6 12 6 0 9 12 12 16 8 16 15 5 7 14 8 4 16 3 9 9 13 6 4 12 13 7 3 8 13 6 2 12 11 1 4 11 4 6 
5 5 10 10 5 9 7 5 8 3 7 3 3 2 7 4 8 0 2 3 0 10 7 6 6 6 9 2 5 6 4 2 8 9 5 4 3 11 0 0 2 6 8 1 7 8 2 5 7 3 8 11 4 3 5 2 4 5 2 6 5 10 3 5 11 5 8 3 8 7 7 7 1 9 7 8 3 0 4 1 2 3 9 11 9 2 1 8 4 8 2 6 5 2 7 7 4 2 11 4 6 6 4 3 7 8 3 6 12 6 11 4 1 5 2 2 1 10 9 3 3 3 1 4 10 1 9 4 3 5 10 3 8 4 6 6 8 4 7 5 6 12 6 8 8 10 5 2 9 9 2 4 6 8 4 2 8 9 3 11 11 7 0 10 5 
5 5 9 9 5 9 6 4 7 4 7 3 2 2 7 4 8 1 3 3 1 10 8 5 7 6 8 2 5 5 3 3 7 9 4 3 4 11 0 0 2 6 7 1 7 8 2 4 7 3 9 11 3 3 5 2 3 5 2 6 4 10 2 5 10 4 8 2 7 7 7 7 1 8 6 7 3 0 4 0 2 2 9 11 9 2 2 9 3 7 1 7 4 3 7 7 4 2 11 3 6 5 3 3 6 7 3 5 12 6 11 4 1 4 2 1 1 10 9 2 3 3 2 4 10 2 9 4 3 5 10 2 8 4 6 6 7 4 7 5 6 11 7 7 8 9 4 2 9 9 2 4 5 8 4 2 8 9 2 10 11 7 1 10 5 
7 7 10 10 7 7 4 3 7 3 7 5 4 0 5 2 6 2 3 0 2 8 6 4 5 5 6 1 6 4 4 4 8 7 5 3 2 9 2 2 0 4 5 1 5 8 3 2 5 1 7 8 3 5 2 1 2 3 4 5 5 7 4 3 8 2 6 2 5 5 5 5 3 7 6 6 5 2 2 2 4 4 7 8 7 0 2 6 3 7 1 5 5 3 5 5 2 0 9 3 4 4 2 3 7 6 0 5 10 5 9 3 1 4 0 1 1 7 7 4 2 2 4 2 8 2 6 2 3 3 8 0 6 3 7 4 8 5 5 3 6 9 5 8 6 7 3 4 7 7 2 5 3 6 2 4 5 7 3 8 9 5 3 7 3 
11 11 11 11 11 3 0 4 6 5 7 9 8 4 1 2 3 6 6 3 6 5 4 3 4 4 2 4 8 4 7 7 10 5 7 6 4 6 6 6 4 0 2 5 3 10 7 1 3 3 5 4 5 9 2 4 3 3 8 6 8 4 8 2 4 2 2 5 1 2 1 3 7 5 7 3 9 6 2 6 8 7 3 4 4 3 6 4 5 7 5 3 7 6 2 3 2 4 5 6 2 4 4 6 9 6 3 6 6 4 6 5 5 4 3 5 5 4 3 8 4 4 8 1 5 6 3 2 6 0 6 3 5 5 9 2 10 8 1 0 7 5 4 10 4 4 2 8 3 3 6 7 0 5 1 8 1 4 6 6 5 3 7 3 0 
13 13 10 10 13 3 2 3 4 8 6 11 9 6 4 4 0 8 8 5 8 7 7 1 7 3 3 5 8 3 6 10 9 7 7 5 6 8 8 7 5 2 0 7 6 8 8 3 6 5 8 4 5 11 4 5 4 5 10 5 8 3 8 5 4 2 4 5 1 0 2 1 8 2 5 1 11 7 5 7 10 7 1 5 6 5 8 6 5 5 6 6 6 8 0 6 4 6 3 6 5 3 4 6 8 4 4 5 4 7 3 8 6 4 5 5 6 6 3 9 7 7 9 3 7 8 1 5 6 3 8 4 3 5 9 1 9 8 3 3 6 4 7 8 7 2 2 10 2 4 6 7 2 7 3 9 2 7 6 3 7 5 8 4 3 
5 5 11 11 5 8 6 5 8 2 8 3 4 1 6 3 8 0 1 2 0 9 6 6 5 6 8 2 6 6 5 2 9 8 6 5 2 10 1 1 1 5 7 0 6 9 3 4 6 2 7 10 4 3 4 3 4 4 2 7 6 9 4 4 10 4 7 3 7 7 6 7 2 9 7 7 3 1 3 2 3 4 8 10 8 1 0 7 4 8 2 5 6 1 7 6 3 1 10 4 5 6 4 4 7 8 2 7 12 5 11 3 1 5 2 2 2 9 8 4 1 2 2 4 9 0 8 3 4 5 9 2 8 5 7 6 9 5 6 4 7 11 5 8 6 9 5 3 8 8 3 5 5 7 3 3 7 8 4 10 9 5 1 9 4 
11 11 15 15 11 4 3 7 10 5 11 10 10 5 2 3 6 7 6 4 6 2 1 6 2 8 4 6 11 8 9 7 13 2 10 8 3 3 7 7 5 3 6 6 0 13 9 4 0 4 2 6 8 9 2 7 6 2 8 9 11 5 10 2 6 5 2 7 4 5 3 6 8 8 10 6 9 7 3 8 9 9 6 4 1 4 6 1 8 10 7 1 10 6 5 0 3 5 6 9 1 8 6 8 12 10 5 10 8 2 8 4 6 7 5 7 7 2 4 10 4 4 8 4 3 6 5 2 8 3 3 5 9 8 12 5 13 11 2 3 10 7 2 13 1 7 5 9 5 3 8 10 3 1 4 9 3 1 8 8 3 0 8 4 3 
12 12 1 1 12 12 10 5 4 11 2 10 6 9 11 10 9 9 11 9 9 15 14 7 13 5 11 7 2 5 4 11 0 15 3 4 11 16 8 8 8 10 8 9 13 0 6 9 13 9 15 12 4 11 10 6 6 11 10 3 3 11 6 11 12 7 12 6 10 9 10 7 8 7 3 8 10 8 10 7 9 5 10 14 14 9 10 14 5 3 7 13 3 11 8 13 9 9 12 4 12 5 6 5 1 4 8 3 12 13 11 12 8 5 8 6 7 14 12 6 10 11 10 8 15 10 10 10 5 10 16 8 6 4 2 8 0 4 11 9 2 12 13 0 14 9 7 9 11 13 5 3 9 14 9 8 11 14 5 9 16 12 9 13 10 
6 6 8 8 6 10 8 4 7 6 6 3 0 4 9 6 9 3 4 4 3 12 9 6 9 6 10 3 3 5 2 4 6 11 3 3 6 13 2 2 3 7 8 3 9 6 0 6 9 4 11 12 3 4 6 2 4 7 3 5 3 11 0 7 12 5 10 2 9 8 8 7 1 9 5 8 4 2 5 1 3 1 9 12 11 4 3 10 3 6 2 9 3 5 8 9 5 4 12 2 8 5 4 2 4 7 4 5 13 8 12 6 3 4 3 2 2 11 10 1 5 5 3 5 12 4 9 6 2 7 12 4 8 3 4 7 6 2 9 6 5 12 9 5 10 10 5 2 10 11 1 2 7 10 5 2 9 11 1 11 12 9 2 11 7 
10 10 10 10 10 4 2 3 6 5 6 8 7 3 2 1 3 5 5 2 5 6 5 2 4 4 3 3 7 3 5 6 9 6 6 4 3 7 5 4 2 1 3 4 4 9 6 0 4 2 6 6 4 8 1 3 2 3 7 5 7 5 6 2 5 1 4 4 3 2 2 3 6 5 6 3 8 5 2 5 7 5 4 6 5 2 5 5 4 6 3 4 6 5 2 4 1 3 6 5 3 4 2 4 8 6 1 5 7 4 6 5 3 3 2 3 4 5 4 7 3 4 6 0 6 5 4 2 4 1 7 2 5 4 8 2 9 7 2 0 6 6 5 8 5 5 1 7 4 4 4 6 0 5 0 7 3 5 5 6 7 3 5 5 1 
11 11 15 15 11 4 3 7 10 5 11 10 10 5 2 3 6 7 6 4 7 2 1 6 2 8 3 6 11 8 9 7 13 1 10 8 3 3 7 7 5 3 6 6 0 13 9 4 0 4 2 6 8 9 2 7 6 2 8 10 11 5 10 2 5 5 2 7 4 5 3 6 8 8 10 7 9 7 3 8 9 9 6 4 1 4 6 1 8 10 7 1 10 6 5 0 3 5 6 9 1 8 7 8 12 10 5 10 8 2 8 4 6 8 5 7 7 2 4 10 4 4 8 4 3 6 5 3 8 3 3 5 9 8 12 5 13 11 2 3 10 7 2 13 1 7 6 9 5 3 8 10 3 1 4 9 3 1 8 8 3 0 8 4 3 
7 7 11 11 7 6 3 4 7 3 7 6 5 0 4 1 6 3 3 0 2 7 5 4 4 5 5 2 7 5 5 4 9 6 6 4 2 8 3 3 1 3 5 2 4 9 4 2 4 0 6 8 4 6 1 2 2 2 4 6 6 7 5 2 8 2 5 3 5 4 4 5 4 7 7 5 5 3 1 3 5 5 6 8 6 0 3 5 4 7 2 4 5 3 4 4 1 0 8 4 3 5 3 4 8 7 0 6 9 4 9 3 1 4 1 2 2 6 6 5 1 2 4 1 7 3 6 1 4 2 7 1 7 4 8 4 9 6 4 2 7 9 4 9 5 7 3 5 6 6 4 5 2 5 1 5 5 6 4 8 7 4 3 7 2 
11 11 17 17 11 6 5 9 12 5 13 11 11 6 4 5 8 8 7 6 8 2 1 8 2 10 5 8 13 10 11 8 15 1 12 10 4 2 8 9 7 5 8 7 2 15 11 6 2 6 0 7 10 10 4 8 8 3 9 12 13 7 11 4 7 7 4 9 6 7 5 9 9 10 12 9 10 9 5 9 10 11 8 5 2 6 7 1 10 13 8 1 12 7 7 2 5 6 8 11 3 10 9 10 14 12 6 12 10 2 10 4 7 10 7 8 9 3 6 11 5 5 9 6 3 7 7 4 10 5 1 7 11 10 14 7 15 12 4 5 12 8 2 15 1 9 8 10 7 4 10 12 5 0 6 11 5 1 10 11 3 2 9 5 5 
16 16 14 14 16 1 4 7 8 10 10 14 13 9 4 7 3 11 11 8 11 6 7 5 8 7 2 9 12 7 10 12 13 6 11 9 9 7 11 11 8 4 4 10 6 12 12 6 6 8 7 0 9 14 6 9 8 7 13 9 12 0 12 7 0 6 3 9 3 3 3 5 12 5 9 4 14 11 7 11 13 11 2 2 5 8 11 6 9 9 9 7 10 11 4 6 7 9 0 10 6 7 8 10 12 8 7 9 2 8 2 10 9 8 8 9 10 4 1 13 9 9 12 6 4 11 2 7 10 5 7 8 6 9 13 4 12 12 4 5 10 1 8 12 7 3 6 13 1 3 10 11 5 7 6 13 3 6 10 4 5 6 12 2 5 
9 9 6 6 9 8 6 1 4 7 3 6 4 4 7 5 6 5 6 4 5 11 9 3 8 2 7 2 2 2 1 7 4 10 1 0 6 12 4 3 3 5 5 4 8 4 3 4 8 4 10 9 0 7 5 1 1 7 6 2 2 8 3 6 9 3 8 1 6 5 6 4 4 5 3 5 7 4 5 3 6 2 7 10 9 4 5 9 0 3 2 8 1 6 5 8 5 4 9 1 7 2 1 1 3 3 3 2 10 8 8 7 4 1 3 2 2 10 8 4 5 6 6 4 11 5 7 5 1 5 11 3 4 0 3 4 4 3 7 5 2 9 8 4 9 7 3 6 7 9 1 1 5 10 4 5 7 10 1 7 11 8 5 9 5 
2 2 12 12 2 12 9 8 11 4 10 1 4 5 10 7 11 3 3 5 3 12 9 9 8 9 11 5 8 9 6 1 10 11 7 7 5 13 3 3 5 9 11 3 9 11 4 8 9 6 10 14 7 0 7 5 7 7 1 9 7 13 4 7 14 8 11 6 11 10 10 10 2 12 10 11 0 3 6 4 1 5 12 13 11 5 2 10 7 11 5 8 8 3 10 9 7 5 14 6 8 9 7 6 9 11 6 9 15 7 14 5 4 8 5 5 4 12 12 4 4 5 1 7 13 2 12 7 6 8 12 6 11 7 8 10 10 6 10 8 9 15 8 10 9 13 8 1 12 12 5 7 8 9 7 2 11 11 6 14 13 9 2 13 8 
9 9 12 12 9 4 2 5 8 3 8 8 7 2 2 0 5 4 4 2 4 5 3 4 3 5 4 4 8 5 6 6 10 4 7 6 2 6 5 5 2 2 4 4 2 10 6 1 2 1 4 6 5 7 0 4 4 1 6 7 8 5 7 0 6 3 3 5 3 4 3 5 6 7 8 5 7 5 1 5 7 6 5 6 4 2 4 4 5 8 4 2 7 4 4 2 0 2 7 6 1 5 4 6 9 7 2 7 8 3 8 3 3 5 3 4 4 4 4 7 2 3 6 1 5 4 5 0 6 1 5 2 7 5 9 4 10 8 2 1 8 7 3 10 3 6 3 7 5 4 5 7 1 4 1 7 3 4 6 8 6 2 5 5 1 
8 8 8 8 8 7 5 2 5 5 5 5 3 2 6 3 6 3 4 2 3 9 7 3 7 3 7 0 4 3 2 5 6 9 3 2 4 11 2 2 1 4 5 3 7 6 2 3 7 2 8 9 1 5 4 0 1 5 4 4 4 8 3 4 9 2 7 0 6 5 5 5 3 6 4 5 5 2 3 1 4 2 7 9 8 2 3 8 1 5 0 6 3 4 5 7 3 2 9 2 6 3 1 1 5 5 2 4 10 7 9 5 2 2 1 0 1 9 8 3 4 4 4 3 10 4 7 4 1 4 10 1 5 2 5 4 6 4 6 4 4 9 7 6 8 7 2 4 7 8 1 3 4 8 3 4 6 8 1 8 10 6 3 8 4 
9 9 8 8 9 6 4 1 4 5 4 6 5 3 5 3 5 4 5 2 4 9 7 2 7 2 6 1 4 2 3 6 6 8 3 2 4 10 4 3 2 3 4 4 6 6 4 2 6 2 8 8 1 7 4 1 0 5 6 3 4 7 4 4 7 1 6 1 5 4 4 3 4 5 4 4 7 3 3 3 6 3 5 8 8 3 4 7 1 4 2 6 3 5 4 6 3 3 8 2 5 2 0 2 5 4 1 3 9 6 8 6 3 1 1 1 2 8 6 5 4 5 5 2 9 5 5 4 2 3 9 1 4 1 5 3 6 4 5 3 4 8 7 6 7 6 1 6 6 7 2 3 3 8 2 5 5 8 2 7 9 6 4 7 3 
9 9 13 13 9 5 3 6 9 3 9 8 8 3 2 1 6 4 4 2 4 4 2 5 1 7 4 5 9 7 7 5 11 4 8 7 1 5 5 5 3 3 5 4 2 11 7 3 2 2 3 7 7 7 1 5 5 0 6 8 9 6 8 0 7 4 4 6 4 5 4 6 6 8 9 6 7 5 1 6 7 7 6 6 3 2 4 3 6 9 5 1 8 4 5 1 2 3 7 7 1 7 5 7 10 9 3 8 9 1 9 2 4 6 3 5 5 4 5 8 2 2 6 3 5 4 6 1 7 2 5 3 8 6 10 5 11 9 3 2 9 8 2 11 2 7 4 7 5 4 6 8 3 3 2 7 4 3 7 9 5 1 5 5 2 
3 3 12 12 3 11 8 7 10 3 9 1 3 3 9 5 10 1 2 4 2 11 8 8 7 8 10 4 7 8 6 1 10 10 7 6 4 12 2 2 4 8 10 2 8 10 3 7 8 4 9 13 6 1 6 4 6 6 0 8 7 12 4 6 12 7 10 5 10 9 9 9 2 11 9 10 1 2 5 3 1 5 11 12 10 4 1 9 6 10 4 7 7 2 9 8 6 3 13 5 7 8 6 5 8 10 5 8 14 7 13 4 3 7 4 4 3 11 11 4 3 4 0 6 12 1 11 6 5 7 11 5 10 6 8 8 9 6 9 7 8 13 7 9 8 12 7 1 11 11 4 6 7 8 6 2 10 10 5 13 12 8 1 11 7 
11 11 5 5 11 8 7 2 1 9 1 9 6 6 8 7 6 7 8 6 7 12 11 3 10 2 8 4 3 2 3 9 3 11 2 2 8 13 6 6 5 6 5 7 9 3 5 5 10 6 12 9 2 9 7 4 3 8 8 0 3 8 5 8 9 4 9 3 7 5 7 4 6 4 0 4 9 6 7 5 8 4 6 10 11 6 8 11 2 1 4 10 1 9 5 10 6 6 9 3 8 2 3 3 3 1 5 0 9 10 8 9 6 2 5 4 5 11 8 6 8 8 8 5 12 8 7 7 3 6 13 5 3 2 3 4 3 4 8 6 1 9 10 3 11 6 4 8 8 9 3 2 6 11 5 7 7 11 3 6 12 9 7 9 6 
9 9 4 4 9 11 9 4 5 8 3 6 3 6 10 7 8 6 7 6 6 13 12 6 11 5 10 4 0 4 1 8 2 13 1 2 8 15 5 4 5 8 8 6 11 3 3 7 11 6 13 12 2 7 8 4 4 9 7 3 0 11 2 8 12 6 11 3 9 8 9 7 4 7 3 7 7 5 7 4 6 2 9 13 12 6 6 12 3 4 4 11 1 8 8 11 7 6 12 1 10 4 4 2 1 5 6 3 12 11 11 9 5 4 5 4 4 13 11 3 7 8 6 6 13 7 9 8 2 8 14 5 6 3 1 7 2 0 10 7 2 12 11 2 12 9 5 6 10 11 2 1 8 12 7 5 9 12 2 10 14 10 5 12 8 
15 15 13 13 15 1 3 6 7 9 9 13 12 8 3 6 2 10 10 7 10 6 7 5 7 6 1 8 11 6 9 11 12 6 10 8 8 7 10 10 7 4 3 9 5 11 11 5 5 7 7 0 8 13 5 8 7 6 12 8 11 0 11 6 0 5 3 8 2 2 2 4 11 4 8 3 13 10 6 10 12 10 1 2 5 7 10 5 8 8 8 6 9 10 3 5 6 8 1 9 5 6 7 9 11 7 7 8 2 7 2 9 9 7 7 8 9 4 1 12 8 8 12 5 5 10 1 6 9 4 7 7 5 8 12 4 12 11 3 4 9 1 8 12 6 2 5 12 0 2 9 10 4 7 5 12 2 5 9 3 5 5 11 2 4 
6 6 7 7 6 11 8 5 7 6 5 3 0 4 9 6 9 3 5 5 4 12 10 6 9 6 10 3 3 5 2 5 5 12 3 3 6 13 3 2 4 8 8 4 10 6 0 6 10 5 11 12 3 4 7 3 4 8 4 5 2 11 0 7 12 5 10 2 9 8 9 8 2 9 5 8 4 2 6 1 3 1 10 13 11 5 4 11 3 6 2 9 3 5 8 9 6 4 12 2 9 5 4 2 4 7 5 5 13 9 12 7 3 4 4 2 2 12 11 0 5 6 4 6 13 4 10 7 2 7 13 4 8 3 4 7 5 1 9 7 4 13 9 5 10 10 5 3 10 11 2 2 7 11 6 2 9 11 1 11 13 9 3 12 7 
9 9 13 13 9 5 2 5 8 3 9 8 7 2 2 1 5 4 4 2 4 5 3 5 2 6 4 4 9 6 7 5 11 4 8 6 1 6 5 5 3 2 5 4 2 11 7 2 2 2 4 7 6 7 0 4 4 0 6 8 8 6 7 0 6 3 3 5 4 4 3 5 6 7 8 6 7 5 1 5 7 7 6 6 4 2 4 3 6 9 4 2 7 4 4 2 1 2 7 6 1 6 4 6 10 8 2 8 9 2 8 2 4 6 3 4 5 4 5 8 2 2 6 2 5 4 5 0 6 1 5 3 7 6 10 4 11 8 3 2 8 8 2 10 3 7 4 7 5 4 6 7 2 3 2 7 4 4 6 8 5 1 5 5 1 
15 15 14 14 15 1 4 7 8 10 10 14 13 8 4 7 3 11 11 8 10 6 7 5 8 7 2 9 12 7 10 12 13 6 11 9 8 6 11 10 8 4 4 10 6 12 12 5 5 8 7 0 9 14 6 9 7 7 12 9 12 0 12 6 0 6 3 9 2 3 3 5 12 5 9 4 14 11 7 11 13 11 2 2 5 8 11 5 9 9 9 7 10 11 4 6 6 9 0 10 5 7 8 10 12 8 7 9 2 8 2 9 9 8 8 9 10 4 1 13 9 9 12 6 4 11 2 7 10 5 7 8 6 9 13 4 12 12 3 5 10 1 8 12 7 3 6 13 1 2 10 11 5 7 6 13 2 5 10 4 5 6 11 2 5 
10 10 9 9 10 5 3 2 4 5 5 8 6 3 4 2 3 5 5 2 5 7 6 1 6 2 4 2 6 2 4 7 7 7 5 3 4 9 5 4 2 2 2 4 5 7 5 1 5 2 7 6 3 8 3 2 1 4 7 4 6 5 5 3 6 0 5 3 3 2 3 2 5 4 5 3 8 4 3 4 7 5 4 7 6 3 5 6 3 5 3 5 4 6 2 5 2 3 6 4 4 2 1 3 6 4 1 4 7 6 6 6 3 2 2 3 3 6 5 6 4 5 6 1 7 5 4 3 3 2 8 1 4 3 7 1 7 6 3 1 5 7 6 7 6 5 0 7 4 5 3 5 1 7 1 7 3 7 4 6 8 5 5 6 2 
13 13 14 14 13 2 2 7 9 7 10 11 11 6 1 4 4 8 8 5 8 3 3 5 4 7 1 7 11 7 9 9 13 3 10 8 5 4 8 8 6 2 4 7 2 12 10 4 2 5 4 3 8 11 3 7 6 4 10 9 11 3 10 3 3 5 0 8 2 3 2 5 10 6 9 5 11 9 4 9 11 10 4 2 2 6 8 2 8 10 7 3 9 8 4 2 4 6 4 9 2 7 7 9 12 9 5 9 5 4 5 6 7 7 6 7 8 1 1 11 6 6 10 4 2 8 3 4 9 3 4 6 7 8 12 4 12 11 1 3 10 4 4 12 3 5 5 11 2 0 8 10 3 4 4 11 1 2 9 6 3 2 9 1 3 
8 8 8 8 8 8 6 2 5 5 4 5 3 3 6 4 6 3 4 3 3 10 8 4 7 3 7 0 3 3 1 5 6 9 2 1 5 11 3 2 2 5 5 3 7 6 2 4 7 3 9 9 1 6 5 0 1 6 5 3 3 8 2 5 9 3 8 0 6 5 6 5 3 6 4 5 5 2 4 1 4 1 7 10 9 3 4 9 1 5 1 7 2 5 5 7 4 3 9 1 6 3 1 1 4 5 2 3 10 7 9 6 2 2 2 0 1 9 8 3 4 5 4 3 10 4 7 4 1 5 10 2 5 1 4 4 5 3 6 4 4 10 7 5 8 7 3 4 8 8 0 2 4 9 3 4 7 9 1 8 10 7 3 9 5 
13 13 12 12 13 1 1 5 6 7 7 11 10 6 2 4 1 8 8 5 8 6 5 3 6 5 1 6 9 5 8 9 10 5 8 7 6 7 8 7 5 1 1 7 4 10 9 3 4 5 6 3 6 11 3 6 5 4 10 7 9 2 9 4 2 3 2 6 0 1 0 2 9 4 7 2 11 8 4 8 10 8 1 3 4 5 8 5 6 7 6 5 7 8 1 4 4 6 3 7 3 5 5 7 9 6 4 7 4 6 4 7 6 5 5 6 7 4 1 10 6 6 9 3 5 8 1 4 7 2 6 5 5 6 10 2 10 9 1 2 8 3 6 10 5 3 3 10 1 2 7 8 2 6 3 10 0 5 7 4 5 4 9 2 2 
12 12 10 10 12 2 2 3 5 7 6 10 9 5 3 4 1 7 8 5 7 7 6 2 6 3 2 5 8 3 6 9 9 6 7 5 6 8 7 7 5 2 0 7 5 9 8 2 5 4 7 3 5 10 4 5 4 5 9 5 8 2 8 4 3 2 3 5 1 0 1 1 8 3 6 1 10 7 4 7 10 7 1 5 5 5 8 6 5 6 6 6 6 8 0 5 4 5 3 6 4 3 4 6 8 5 4 6 4 6 4 7 6 4 5 5 6 5 3 9 6 6 9 3 6 8 1 4 6 2 8 4 3 5 9 1 9 8 2 2 6 4 7 9 6 2 2 10 2 4 6 7 2 7 3 9 1 6 6 3 7 5 8 4 2 
12 12 12 12 12 2 0 4 6 6 8 10 9 5 1 3 2 7 7 4 7 5 5 3 5 5 1 5 9 5 7 9 10 5 8 6 5 6 7 7 5 1 2 6 3 10 8 2 3 4 5 3 6 10 3 5 4 4 9 7 9 2 9 3 3 3 2 6 0 1 0 3 8 4 7 3 10 7 4 7 10 8 2 4 4 5 7 4 6 7 6 4 7 7 1 3 3 5 3 7 3 5 4 7 9 6 4 7 5 5 4 6 6 5 5 6 6 4 2 9 5 6 9 2 4 7 2 3 7 1 6 4 5 6 10 2 10 9 1 2 8 4 5 10 5 3 3 10 2 2 7 8 1 5 3 9 0 4 7 5 5 3 8 3 1 
12 12 9 9 12 4 3 2 3 8 5 10 8 6 4 5 1 8 8 5 7 8 8 1 8 2 4 5 7 2 6 9 8 8 6 5 7 9 7 7 5 3 1 7 6 7 7 3 6 5 9 5 4 10 5 5 3 6 9 4 7 4 8 5 5 2 5 5 2 1 3 0 8 1 4 0 10 7 5 7 10 6 2 6 7 6 8 7 4 4 5 7 5 8 1 7 4 6 4 5 6 2 3 5 7 3 4 4 5 8 4 8 6 3 5 5 6 7 4 8 7 7 9 3 8 8 2 5 5 4 9 4 2 4 8 1 7 7 4 3 5 5 8 7 8 2 2 10 3 5 5 6 3 8 4 9 3 8 6 3 8 6 8 5 4 
4 4 9 9 4 10 8 5 8 4 7 2 2 3 8 5 9 1 3 4 1 11 8 7 7 7 10 3 5 6 4 3 7 10 5 4 5 12 1 1 3 7 8 2 8 8 1 6 8 4 9 12 4 2 6 3 4 6 2 6 4 11 2 6 12 5 10 3 9 8 8 8 0 9 7 8 2 1 5 1 1 2 10 12 10 3 2 10 4 8 2 8 5 3 8 8 5 3 12 3 7 6 4 3 6 8 4 6 13 7 12 5 2 5 3 2 2 11 10 2 4 4 1 5 12 2 10 5 3 7 11 4 9 4 6 7 7 4 8 6 6 13 7 7 9 10 6 1 10 10 2 4 7 9 5 1 9 10 3 11 12 8 1 11 6 
14 14 8 8 14 5 5 4 3 10 5 12 9 8 6 7 2 9 10 7 9 10 10 2 10 3 5 6 7 3 7 11 8 9 6 6 9 11 9 8 7 5 2 9 8 7 9 5 8 7 10 5 5 12 7 6 5 8 11 4 7 4 9 7 5 4 6 6 4 3 4 1 9 0 4 1 12 9 7 8 11 8 2 7 9 7 10 9 5 4 7 9 6 10 2 8 6 8 4 6 7 3 5 6 7 3 6 4 5 10 3 10 8 4 6 7 7 8 5 9 9 9 11 5 9 10 3 7 6 5 11 6 1 5 8 3 7 8 6 5 5 5 10 7 9 2 4 11 4 6 7 7 5 10 5 11 4 9 7 2 10 8 10 6 5 
12 12 4 4 12 8 7 3 1 10 0 9 6 7 9 7 6 8 9 7 8 13 11 4 11 2 8 5 3 2 3 10 3 12 2 3 9 14 7 6 6 7 5 7 10 3 5 6 10 7 12 9 3 10 8 4 4 9 9 0 3 8 5 8 9 5 9 4 7 6 7 4 7 4 0 4 10 7 8 6 9 4 7 11 11 7 8 11 3 0 5 10 2 9 5 10 7 7 9 3 9 2 3 3 3 1 6 0 9 11 8 10 6 2 6 5 5 11 9 6 8 9 9 6 12 8 7 8 3 7 13 5 3 2 3 5 3 4 8 6 1 9 11 3 11 6 4 8 8 10 4 3 6 12 6 8 8 12 4 6 13 10 8 10 7 
13 13 9 9 13 4 3 3 3 8 5 11 9 6 5 5 1 8 9 5 8 8 8 1 8 2 4 5 7 2 6 10 8 8 6 5 7 9 8 7 6 3 1 7 6 8 8 3 7 5 9 4 5 11 5 5 4 6 10 4 7 3 8 6 4 3 5 5 2 1 3 0 8 1 4 0 11 7 6 7 10 7 2 6 7 6 8 7 4 4 6 7 6 9 1 7 5 6 4 6 6 2 4 6 7 3 5 5 5 8 3 8 7 3 5 5 6 7 4 9 7 8 10 4 8 8 2 5 6 4 9 5 2 4 8 1 8 8 4 3 5 4 8 8 8 2 2 10 3 5 6 6 3 8 4 9 3 8 6 2 8 6 9 5 4 
2 2 12 12 2 12 9 8 11 4 10 1 4 5 10 6 11 2 3 5 3 12 9 9 8 9 11 5 7 9 6 1 10 11 7 7 5 13 3 3 5 9 11 3 9 10 4 8 9 5 10 14 7 0 7 5 7 7 1 9 7 13 4 7 14 8 11 5 11 10 10 10 2 12 10 11 0 3 6 4 1 5 12 13 11 5 2 10 7 11 5 8 7 3 10 9 7 5 14 6 8 9 7 6 9 11 6 9 15 7 14 5 4 8 5 5 4 12 12 4 4 5 1 7 13 2 12 7 6 8 12 6 11 7 8 10 10 6 10 8 9 15 8 10 9 13 8 1 12 12 5 7 8 9 7 2 11 11 6 14 13 9 2 12 8 
5 5 9 9 5 9 7 5 8 4 7 3 2 2 7 4 8 1 2 3 1 10 8 6 7 6 9 2 5 6 3 3 7 9 4 4 4 11 0 0 2 6 7 1 7 8 2 5 7 3 9 11 4 3 5 2 3 5 2 6 5 10 2 5 11 4 9 2 8 7 7 7 1 9 7 7 3 0 4 0 2 2 9 11 9 2 1 9 3 7 1 7 4 3 7 7 4 2 11 3 6 6 3 3 6 7 3 6 12 6 11 4 1 5 2 2 1 10 9 2 3 3 2 4 11 2 9 4 3 6 10 3 8 4 6 6 7 4 7 5 6 12 7 7 8 10 5 2 9 9 2 4 6 8 4 2 8 9 2 10 11 7 1 10 5 
8 8 12 12 8 6 3 5 8 2 8 7 6 1 3 0 6 3 3 1 3 6 4 4 3 6 5 3 8 5 6 5 10 5 7 5 1 7 4 4 2 2 5 3 3 10 5 2 3 1 5 7 5 6 1 3 3 1 5 7 7 6 6 1 7 3 4 4 4 4 4 5 5 7 8 6 6 4 0 4 6 6 6 7 5 1 3 4 5 8 3 3 6 3 4 3 0 1 8 5 2 5 4 5 9 7 1 7 9 3 8 2 2 5 2 3 3 6 5 6 1 2 5 2 6 3 6 0 5 2 6 2 7 5 9 4 10 7 3 2 7 8 3 10 4 7 3 6 6 5 5 6 2 4 1 6 4 5 5 8 6 3 4 6 2 
6 6 9 9 6 9 7 4 7 4 6 3 2 3 7 4 8 2 3 3 2 10 8 5 7 5 9 2 4 5 2 4 7 10 4 3 4 11 1 0 2 6 7 2 8 7 1 5 8 3 9 11 3 4 5 1 3 6 3 5 4 10 1 5 11 4 9 1 8 7 7 7 1 8 6 7 4 0 4 0 3 1 9 11 9 3 2 9 3 7 1 7 3 4 7 8 4 3 11 2 7 5 3 2 5 7 3 5 12 7 11 5 1 4 2 1 0 10 9 2 4 4 3 4 11 3 9 5 2 6 11 3 7 3 5 6 6 3 7 5 5 11 7 6 8 9 4 2 9 9 1 3 6 9 4 2 8 10 2 10 11 7 2 10 5 
3 3 11 11 3 12 9 7 10 5 9 0 2 4 9 6 11 2 3 5 2 12 9 8 8 8 11 5 6 8 5 2 9 11 6 6 5 13 2 2 4 8 10 3 9 9 3 7 9 5 10 13 6 1 7 4 6 7 1 8 6 12 3 7 13 7 11 4 10 10 10 10 1 11 9 10 1 2 6 3 0 4 11 13 11 5 2 11 6 9 4 9 6 3 10 9 6 4 13 5 8 8 6 5 7 10 5 8 15 8 14 6 3 7 5 4 3 12 12 2 5 5 1 7 13 3 11 6 5 8 12 5 10 6 7 9 9 5 10 7 8 14 8 8 10 12 7 0 12 12 4 6 8 10 7 0 10 11 4 13 13 9 1 12 8 
7 7 7 7 7 10 7 4 6 6 4 4 1 4 8 6 8 4 5 4 4 12 10 5 9 4 9 2 2 4 1 5 5 11 2 1 6 13 3 2 4 7 7 4 9 5 1 5 9 5 11 11 2 5 6 2 3 7 5 4 2 10 1 7 11 5 10 1 8 7 8 6 2 8 4 7 5 2 6 1 4 0 9 12 11 4 4 10 2 5 2 9 2 6 7 9 5 4 11 1 8 4 3 1 3 5 4 3 12 9 11 7 3 3 3 2 2 11 10 1 5 6 4 5 12 5 9 6 1 7 12 4 6 2 3 6 4 1 8 6 3 12 9 4 10 9 4 4 9 10 1 1 6 10 5 3 8 11 0 10 12 9 3 11 6 
14 14 11 11 14 2 3 5 5 9 7 12 10 7 4 5 0 9 9 6 9 7 7 3 8 4 2 6 9 4 8 11 10 7 8 7 8 8 9 9 7 3 1 8 6 10 9 4 6 6 8 2 7 12 5 7 5 6 11 6 9 1 10 6 2 4 4 7 1 1 2 2 10 2 7 2 12 9 6 9 11 9 0 4 6 7 9 6 6 6 7 7 8 10 1 6 5 7 2 8 5 4 5 7 9 5 6 7 3 8 2 9 8 5 6 7 8 5 2 10 8 8 11 4 6 9 0 6 7 4 8 6 4 6 10 2 10 10 3 4 8 2 8 10 7 1 4 11 1 4 8 8 3 8 5 11 2 6 8 2 7 6 10 3 4 
15 15 15 15 15 2 4 8 10 9 11 14 13 8 3 6 5 10 10 8 10 4 5 7 6 8 2 9 13 8 11 12 14 4 12 10 8 4 11 11 8 4 5 10 4 14 12 6 4 8 5 2 10 13 6 9 8 6 12 10 13 2 13 6 2 7 2 10 3 5 4 6 12 7 11 6 13 11 7 11 13 12 4 0 3 8 10 4 10 11 10 5 11 10 5 4 6 8 3 11 4 8 9 11 13 10 8 11 4 6 5 8 9 9 8 10 10 2 1 13 8 8 12 6 2 10 4 6 11 5 4 8 8 10 14 6 14 13 3 5 12 3 6 14 5 5 7 13 3 1 11 12 5 5 6 13 3 3 11 6 3 4 11 1 5 
12 12 16 16 12 4 3 8 11 6 12 12 12 6 2 5 6 8 8 6 8 1 2 7 3 9 3 8 12 9 11 9 14 0 11 10 5 2 9 9 7 4 6 8 1 14 11 5 1 6 2 5 9 11 4 8 8 3 10 11 12 5 11 4 5 6 2 9 4 5 4 7 10 9 11 7 11 9 5 9 11 11 6 3 0 6 8 0 9 11 8 2 11 8 6 1 5 6 6 10 2 9 8 10 13 10 6 11 7 3 8 6 8 9 7 8 9 1 3 12 6 6 10 5 1 8 5 4 10 4 2 7 9 9 13 6 14 12 3 4 12 6 3 14 1 7 7 11 4 2 9 11 4 2 5 11 4 0 10 9 1 2 9 3 4 
7 7 11 11 7 7 4 4 7 2 7 5 5 0 4 1 6 2 2 0 2 7 5 4 4 5 6 2 7 5 5 4 9 6 6 4 1 8 2 2 0 3 5 1 4 9 4 2 4 0 6 8 4 5 2 2 3 2 4 6 6 7 5 2 8 3 6 3 5 5 5 6 3 7 7 6 5 2 1 3 5 4 7 8 6 0 2 6 4 8 2 4 6 2 5 4 1 0 9 4 3 5 3 4 8 7 1 6 10 4 9 3 1 4 1 2 2 7 7 5 1 1 4 2 8 2 7 1 4 3 7 1 7 4 8 5 9 6 4 3 7 9 4 9 5 8 3 5 7 6 3 5 3 5 2 5 5 6 4 9 8 4 3 7 3 
4 4 11 11 4 9 6 6 9 2 9 3 4 2 7 4 9 0 0 3 0 9 6 7 5 7 8 3 7 7 5 1 9 8 6 5 2 10 1 2 2 6 8 0 6 10 3 5 6 3 7 11 5 2 4 3 4 4 1 8 6 10 4 4 11 5 8 4 8 8 7 8 2 10 8 8 2 1 3 2 2 4 9 10 8 2 0 8 5 9 3 6 6 1 8 6 4 2 11 5 6 7 5 5 8 9 3 7 12 5 12 3 1 6 3 3 3 9 9 4 2 2 1 4 10 0 9 4 5 5 9 3 9 5 8 7 9 6 7 5 8 12 5 9 7 10 5 2 9 9 4 6 6 7 4 3 8 8 4 11 10 6 1 10 5 
12 12 16 16 12 4 4 8 11 6 12 11 11 6 2 4 6 8 7 6 8 1 1 7 2 9 4 8 12 9 10 9 14 0 11 10 5 2 8 9 6 4 6 7 1 14 10 5 1 5 1 6 9 10 4 8 7 3 9 11 12 5 11 3 5 6 2 9 5 6 4 7 10 9 11 7 10 9 4 9 11 10 6 4 0 6 8 0 9 12 8 2 11 7 6 1 5 6 6 10 2 9 8 10 13 11 6 11 8 3 8 5 7 9 7 8 8 2 4 11 6 5 9 5 2 8 6 4 10 4 1 6 10 9 13 6 14 12 3 4 12 7 3 14 1 7 7 11 5 3 9 11 4 1 5 11 4 0 10 9 2 1 9 3 4 
9 9 7 7 9 8 6 1 4 6 3 6 4 4 7 4 6 4 6 4 4 10 9 3 8 2 7 1 3 2 1 6 5 10 2 0 6 11 4 3 3 5 5 4 8 5 3 4 8 4 10 9 0 7 5 1 1 6 6 2 3 8 3 6 9 3 8 1 6 5 6 4 4 5 3 4 7 3 5 3 6 2 6 10 9 4 5 9 0 4 2 8 1 6 5 8 4 4 9 1 7 2 1 1 4 3 3 2 10 8 8 7 3 1 2 1 2 9 8 4 5 6 6 3 10 5 7 5 1 5 11 2 4 0 4 4 5 3 6 4 2 9 8 4 9 7 2 5 7 8 1 2 4 9 3 5 6 9 1 7 11 7 5 9 5 
13 13 4 4 13 8 8 3 1 10 1 10 7 8 9 8 6 8 10 7 8 13 12 4 11 2 8 5 4 2 4 11 3 12 3 3 9 14 8 7 7 7 5 8 10 3 6 6 10 7 13 9 3 11 8 5 4 9 10 1 4 8 6 9 9 5 10 5 7 6 7 4 8 4 0 4 11 7 8 7 9 5 6 11 11 8 9 12 4 0 6 11 3 10 5 10 7 8 9 4 9 2 4 4 3 1 6 1 9 11 7 11 7 3 6 6 6 11 9 7 9 10 10 6 12 9 7 8 4 7 13 6 2 3 4 5 3 5 8 7 2 9 11 3 12 6 4 9 8 10 5 4 7 12 6 9 8 12 5 6 13 10 9 10 7 
7 7 8 8 7 8 5 3 6 4 5 4 3 2 6 3 7 2 3 2 2 9 7 4 6 4 7 0 4 4 2 4 7 9 3 2 4 11 2 1 1 5 6 2 7 7 2 3 7 2 8 9 2 5 4 0 2 5 4 4 4 8 2 4 9 3 7 1 6 6 6 5 2 7 5 6 5 1 3 1 4 2 7 10 8 2 3 8 2 6 0 6 3 4 5 7 3 2 9 2 6 4 2 2 5 6 2 4 11 6 10 5 1 3 1 0 0 9 8 3 3 4 3 3 10 3 7 4 2 4 10 1 6 2 5 5 6 4 6 4 5 10 7 6 7 8 3 4 8 8 1 3 4 8 3 3 7 9 1 9 10 6 2 9 4 
10 10 15 15 10 5 3 7 10 4 11 9 9 4 2 3 7 6 5 4 6 3 0 7 0 8 5 6 11 8 9 6 13 2 10 8 3 4 6 7 5 3 6 5 1 13 9 4 1 4 1 7 8 8 2 6 6 1 7 10 11 6 9 2 7 5 3 7 5 6 4 7 8 9 10 7 8 7 3 7 9 9 7 5 2 4 6 2 8 11 6 0 10 5 6 0 3 4 7 9 1 8 7 8 12 10 4 10 9 1 9 3 5 8 5 6 7 3 5 9 3 3 7 4 4 6 6 2 8 3 3 5 9 8 12 6 13 10 3 3 10 8 1 13 1 8 6 8 6 4 8 10 4 1 4 9 4 2 8 9 4 0 7 5 3 
10 10 5 5 10 9 7 2 3 8 2 7 4 5 8 6 7 6 7 5 6 12 10 4 10 3 9 3 1 3 1 8 3 12 0 1 7 13 5 4 5 7 6 6 10 3 3 6 10 5 12 10 1 8 7 3 3 8 7 1 1 9 3 7 10 4 9 2 7 6 7 5 5 6 2 6 7 4 6 3 6 2 8 11 11 6 6 11 1 3 3 10 0 7 6 10 6 6 10 1 8 3 3 1 2 3 5 1 11 10 9 9 5 2 4 3 3 11 9 4 7 7 7 5 12 6 8 7 1 7 13 4 5 1 2 5 3 2 8 6 1 11 10 3 11 8 4 6 9 10 2 0 6 11 5 5 8 11 1 8 13 9 6 10 7 
4 4 13 13 4 9 7 7 10 1 10 4 5 2 7 4 9 1 0 3 1 8 6 7 5 8 9 4 8 8 6 1 11 8 7 6 2 9 2 3 3 6 8 1 6 11 5 5 6 3 7 11 6 3 4 4 5 4 2 9 8 10 5 4 11 6 8 5 8 8 7 8 3 10 9 9 3 3 3 4 3 6 10 10 8 2 1 7 6 10 4 5 7 0 8 6 4 2 11 6 5 8 6 6 9 10 4 8 13 4 12 2 2 7 3 4 4 9 9 5 1 1 2 5 9 0 9 4 6 5 8 4 10 6 9 7 10 7 7 5 9 12 4 10 6 11 6 3 9 9 5 7 6 6 5 4 8 8 5 12 9 6 2 10 5 
12 12 10 10 12 3 2 3 4 7 6 10 9 5 3 4 1 7 8 5 7 7 7 1 7 3 2 5 7 3 6 9 9 6 7 5 6 8 7 7 5 2 0 7 5 8 8 2 5 4 7 4 5 10 4 5 4 5 9 5 8 3 8 4 4 2 4 5 1 0 1 1 8 2 5 1 10 7 4 7 10 7 1 5 6 5 8 6 5 5 5 6 6 8 0 5 4 5 4 6 4 3 4 6 8 4 4 5 5 7 4 7 6 4 5 5 6 5 3 9 6 7 9 3 6 8 1 4 6 2 8 4 3 5 9 0 9 8 3 2 6 4 7 9 6 2 2 9 2 4 6 7 2 7 3 9 2 6 6 3 7 5 8 4 2 
10 10 15 15 10 4 3 7 10 4 11 10 10 5 2 3 6 6 6 4 6 2 1 6 1 8 4 6 11 8 9 7 13 2 10 8 3 3 7 7 5 3 6 6 0 13 9 4 0 4 2 6 8 9 2 7 6 1 8 10 11 5 9 2 6 5 2 7 4 5 3 7 8 8 10 7 9 7 3 8 9 9 6 4 1 4 6 1 8 10 7 0 10 6 5 0 3 5 7 9 1 8 7 8 12 10 5 10 8 2 8 4 6 8 5 7 7 3 4 10 4 4 8 4 3 6 5 2 8 3 3 5 9 8 12 5 13 11 2 3 10 7 2 13 1 7 5 9 5 3 8 10 3 1 4 9 4 2 8 9 3 0 7 4 3 
8 8 11 11 8 5 2 4 7 3 7 7 6 2 3 0 5 4 4 1 4 6 4 4 3 5 4 3 7 5 5 5 9 5 6 5 2 7 4 4 2 2 4 3 3 9 5 1 3 1 5 7 5 7 0 3 3 2 6 6 7 6 6 1 6 2 4 4 4 4 3 4 5 6 7 5 7 4 0 4 6 5 5 6 5 1 4 5 4 7 3 3 6 4 4 3 0 2 7 5 2 5 3 5 8 7 1 6 8 3 8 3 3 4 2 3 3 5 5 6 2 2 5 1 6 4 5 0 5 1 6 1 6 4 8 3 9 7 3 1 7 8 4 9 4 6 2 6 5 5 4 6 1 5 0 6 4 5 5 7 6 3 5 5 1 
6 6 11 11 6 7 4 4 7 2 7 5 5 0 5 1 6 2 2 0 1 7 5 5 4 5 6 2 6 5 5 3 9 7 6 4 1 8 2 2 0 4 6 1 5 9 4 3 5 0 6 9 4 5 2 2 3 3 3 6 6 8 4 2 9 3 6 3 6 5 5 6 3 8 7 6 5 2 1 3 4 4 7 8 6 0 2 6 4 8 2 4 6 2 5 5 2 0 9 4 4 5 3 4 8 7 1 6 10 4 10 3 1 5 1 2 2 7 7 5 1 1 3 2 8 2 7 2 4 3 8 1 7 4 8 5 9 6 5 3 7 10 4 9 5 8 3 4 7 7 3 5 3 6 2 4 6 7 4 9 8 4 3 8 3 
16 16 13 13 16 2 4 7 7 10 9 14 13 9 5 7 3 11 11 8 11 7 8 5 8 7 2 9 11 7 10 13 12 6 10 9 9 7 11 11 9 5 3 10 6 12 12 6 6 8 8 0 9 14 7 9 8 7 13 9 12 1 12 7 0 6 4 9 3 3 3 4 12 4 9 4 14 11 8 11 13 11 2 3 6 9 11 6 9 9 9 7 10 11 4 7 7 9 0 10 6 7 8 10 12 8 8 9 1 8 2 10 10 7 8 9 10 5 2 13 9 10 13 6 5 11 2 7 10 5 8 8 6 9 12 4 12 12 4 6 10 0 9 12 7 2 6 13 1 3 10 11 5 8 6 13 3 6 10 3 6 6 12 2 5 
8 8 6 6 8 9 7 2 4 7 3 6 3 4 8 5 7 4 6 4 4 11 10 4 9 3 8 2 2 3 0 6 4 11 1 0 6 13 4 3 3 6 6 4 9 4 2 5 9 4 11 10 1 6 6 2 2 7 5 3 1 9 2 6 10 4 9 1 7 6 7 5 3 6 3 6 6 3 5 2 5 1 8 11 10 4 5 10 1 4 2 9 1 6 6 9 5 4 10 0 8 3 2 0 3 4 4 2 11 9 10 7 3 2 3 2 2 11 9 3 6 6 5 4 12 5 8 6 0 6 12 3 5 1 3 5 4 2 8 5 2 11 9 4 10 8 4 5 9 10 1 1 6 10 5 4 8 11 0 8 12 8 4 10 6 
10 10 14 14 10 4 2 6 9 4 10 9 9 4 1 2 5 6 5 3 6 3 2 5 2 7 3 5 10 7 8 7 12 3 9 7 3 4 6 6 4 2 5 5 1 12 8 3 1 3 3 6 7 8 1 6 5 1 7 8 10 5 9 1 5 4 2 6 3 4 3 6 7 7 9 6 8 6 2 7 8 8 5 4 2 3 6 2 7 9 6 1 8 5 4 1 2 4 6 8 0 7 5 7 11 9 4 9 8 2 7 4 5 6 4 6 6 3 4 9 3 3 7 3 4 6 5 2 7 2 4 4 8 7 11 4 12 10 2 2 9 7 2 12 2 6 4 8 4 3 7 9 2 2 3 9 3 2 7 8 4 0 7 4 2 
11 11 7 7 11 6 5 0 2 8 3 9 6 5 6 5 4 6 7 5 6 10 9 1 8 0 6 3 4 0 3 8 5 9 3 2 7 11 6 5 4 4 3 6 8 5 5 4 8 5 10 7 2 9 5 3 2 7 8 2 4 6 5 6 7 2 7 3 5 3 5 2 6 3 2 2 9 6 5 5 8 4 4 8 9 5 7 9 2 2 4 8 3 8 3 8 5 5 7 3 7 0 2 3 4 2 4 2 7 8 6 8 5 0 4 4 4 9 6 6 6 7 8 3 10 7 5 6 3 5 11 3 2 2 5 2 5 5 6 4 3 7 9 5 9 5 2 8 6 7 4 3 4 9 4 7 5 9 3 5 10 7 7 7 4 
9 9 8 8 9 6 4 1 4 6 4 7 5 3 5 3 5 4 5 3 4 9 8 2 7 2 6 1 4 2 2 6 6 8 3 1 5 10 4 3 2 4 4 4 6 6 4 2 7 3 9 8 1 7 4 1 0 5 6 3 4 7 4 4 8 1 7 1 5 4 4 3 4 5 3 4 7 3 4 3 6 3 5 9 8 3 5 8 1 4 2 7 3 6 4 7 3 3 8 2 5 2 0 2 5 4 2 3 9 7 8 6 3 1 2 1 2 8 7 5 4 5 6 2 9 5 5 4 2 4 10 1 4 1 5 3 6 4 5 3 3 8 7 6 8 6 1 6 6 7 2 3 3 8 2 5 5 8 2 7 9 6 5 8 4 
8 8 6 6 8 8 6 2 4 6 4 5 3 4 7 5 7 4 5 4 4 11 9 4 8 3 8 2 2 3 0 6 5 10 1 0 6 12 3 3 3 6 6 4 8 5 2 4 8 4 10 10 1 6 6 1 2 7 5 3 2 9 2 6 10 3 9 1 7 6 7 5 3 6 3 6 6 3 5 2 5 1 7 11 10 4 5 10 1 4 2 8 1 6 6 8 5 4 10 0 7 3 2 0 3 4 3 2 11 8 9 7 3 2 3 1 2 10 9 3 5 6 5 4 11 5 8 5 0 6 11 3 5 1 3 5 4 2 7 5 3 10 8 4 9 8 3 5 8 9 0 1 5 10 4 4 7 10 0 8 11 8 4 10 5 
11 11 3 3 11 11 9 4 4 10 2 8 4 8 10 8 9 7 9 8 7 14 13 6 12 5 11 5 1 4 2 9 1 14 1 3 9 15 7 6 7 9 8 7 12 1 4 8 12 8 14 12 3 9 9 5 5 10 8 3 1 11 4 10 12 6 12 4 9 8 9 7 6 7 3 7 9 6 9 5 7 3 9 13 13 8 8 13 4 3 5 12 2 9 8 12 8 8 12 3 11 4 5 3 0 4 7 2 12 12 11 11 7 4 6 5 5 13 11 4 9 9 8 7 14 8 10 9 3 9 15 6 6 3 0 7 1 2 10 8 1 12 12 1 13 9 6 7 11 12 4 2 8 13 7 6 10 13 3 9 15 11 7 12 9 
13 13 5 5 13 7 7 3 0 10 1 10 7 7 8 7 5 8 9 7 8 12 11 3 11 1 7 5 4 2 4 10 4 11 4 3 9 13 8 7 6 6 4 8 10 4 7 6 10 7 12 8 3 11 7 5 4 9 10 1 5 7 7 8 8 4 9 5 6 5 6 3 8 3 1 3 11 7 7 7 10 5 5 10 10 7 9 11 3 1 6 10 3 10 4 10 7 7 8 4 9 2 4 4 4 0 6 2 8 11 6 10 7 2 6 5 6 10 8 7 9 9 10 6 11 9 6 8 4 7 13 6 1 3 5 4 4 6 7 6 2 8 11 4 11 5 4 9 7 9 5 4 6 11 6 9 7 11 5 5 12 9 9 9 6 
8 8 10 10 8 6 3 3 6 3 6 6 5 1 4 1 5 3 3 0 3 7 5 3 5 4 5 1 6 4 4 5 8 7 5 3 3 8 3 3 0 3 4 2 5 8 4 1 5 0 6 7 3 6 2 2 1 3 5 5 6 7 5 2 7 1 5 2 4 4 4 4 4 6 6 5 6 3 1 3 5 4 6 8 6 1 3 6 3 6 2 4 5 4 4 5 1 1 8 4 4 4 2 3 7 6 0 5 9 5 8 4 2 3 0 2 2 7 6 5 2 3 5 1 8 3 6 2 3 2 8 0 6 3 7 3 8 6 4 2 6 8 5 8 5 7 2 5 6 6 3 5 2 6 1 5 5 6 3 8 8 4 4 7 2 
11 11 4 4 11 8 7 2 2 9 1 8 5 6 8 7 6 7 8 6 7 12 11 3 10 2 8 4 2 2 2 9 3 11 2 2 8 13 6 5 5 6 5 7 10 3 5 5 10 6 12 9 2 9 7 4 3 8 8 0 3 8 5 8 9 4 9 3 7 6 7 4 6 4 0 5 9 6 7 5 8 3 7 11 11 6 7 11 2 1 4 10 1 8 5 10 6 6 9 2 9 2 3 2 2 2 5 0 9 10 8 9 6 2 5 4 4 11 9 5 8 8 8 5 12 8 7 7 2 7 13 5 3 2 3 5 3 3 8 6 0 9 10 3 11 7 4 8 8 9 3 2 6 11 5 7 7 11 3 7 12 9 7 10 6 
17 17 13 13 17 3 6 8 8 12 10 15 14 10 6 8 4 12 12 9 12 8 9 6 10 7 4 10 12 7 11 14 13 8 11 10 10 9 12 12 10 6 4 12 8 12 13 7 8 9 10 2 10 15 8 10 9 9 14 9 12 2 13 9 2 7 5 10 4 4 5 5 13 5 9 5 15 12 9 12 15 12 3 4 7 10 12 8 10 9 11 9 11 13 5 8 8 10 1 11 8 7 9 11 12 8 9 9 0 10 1 12 11 8 10 10 11 6 4 14 11 11 14 8 7 12 3 9 11 7 9 9 6 9 13 5 12 13 6 7 10 1 10 12 9 2 7 15 3 5 11 11 6 10 8 14 4 8 11 3 7 8 13 4 7 
9 9 15 15 9 6 4 8 11 3 11 8 9 4 3 3 8 5 4 4 5 4 1 7 0 9 6 6 11 8 9 6 13 3 10 8 2 5 6 6 5 4 7 5 2 13 8 4 2 4 2 8 8 7 3 7 6 1 7 10 11 7 9 2 8 6 4 7 6 6 5 8 7 10 11 8 7 6 3 7 8 9 8 6 3 4 5 3 8 11 6 1 10 4 7 2 3 4 8 9 2 8 7 8 12 11 5 10 10 0 10 2 5 8 5 6 6 5 6 9 3 3 7 4 5 5 7 2 8 4 4 5 10 8 12 7 13 10 4 4 11 9 0 13 1 9 6 8 7 5 8 10 4 1 4 8 5 3 8 10 5 2 6 6 4 
16 16 12 12 16 3 5 7 6 11 8 14 13 10 6 8 3 11 12 9 11 9 9 5 10 6 4 9 11 6 10 13 11 8 10 9 10 9 11 11 9 6 3 11 8 11 12 6 8 9 10 2 8 14 8 9 8 9 13 8 11 2 12 8 2 6 5 9 4 4 4 4 12 3 8 3 14 11 8 11 14 11 2 5 8 9 12 8 8 7 10 9 9 12 4 8 8 10 2 10 7 6 8 9 11 6 8 8 1 10 0 11 10 7 9 9 10 7 4 13 10 11 13 7 7 12 2 8 9 6 10 8 5 8 12 4 11 12 5 6 9 2 10 11 9 1 6 14 3 5 10 10 6 10 7 13 4 8 10 1 8 8 12 4 6 
6 6 14 14 6 8 5 7 10 0 10 6 7 3 5 3 8 3 2 3 3 6 3 7 2 8 7 5 9 8 8 3 12 6 9 7 1 7 4 4 3 5 8 3 4 12 6 5 4 3 4 10 7 5 3 5 6 2 4 9 9 9 7 2 9 6 6 6 7 7 6 8 5 10 10 8 5 4 2 5 6 7 9 8 6 3 3 5 7 11 5 3 9 2 7 4 3 3 10 7 4 8 6 7 11 10 4 9 12 2 11 0 3 7 4 5 5 7 8 7 1 1 4 4 7 3 8 2 7 4 6 4 10 7 11 7 12 9 5 4 10 11 2 12 4 10 6 6 8 7 6 8 5 4 4 6 7 5 7 11 7 4 4 8 4 
6 6 10 10 6 8 5 4 7 3 7 4 3 1 6 3 7 1 2 1 1 9 6 5 5 5 7 1 5 5 4 3 8 8 5 4 3 10 1 1 1 5 6 1 6 8 3 3 6 1 7 9 4 4 3 2 3 4 3 6 5 9 3 4 9 3 7 2 6 6 6 6 2 8 6 7 4 1 2 1 3 3 8 9 8 1 1 7 3 7 1 5 5 2 6 6 3 1 10 3 5 5 3 3 7 7 2 6 11 5 10 3 0 4 1 1 1 8 8 4 2 2 3 3 9 1 8 3 3 4 9 1 7 4 7 5 8 5 6 4 6 10 5 8 6 8 4 3 8 8 2 4 4 7 3 3 7 8 3 9 9 5 2 9 4 
10 10 7 7 10 7 5 0 2 7 3 8 5 5 6 5 4 6 7 4 5 10 9 2 8 1 6 2 3 0 2 8 5 9 3 1 6 11 5 4 4 4 4 5 7 5 4 3 8 4 10 8 1 8 5 2 1 6 7 2 4 7 4 6 8 2 7 2 5 4 5 3 5 4 2 3 8 5 5 4 7 3 5 9 9 4 6 9 1 3 3 8 2 7 4 8 4 5 7 2 6 0 1 2 4 2 3 2 8 8 7 7 4 0 3 3 3 9 7 5 6 6 7 3 10 6 5 5 2 5 11 3 3 1 5 3 5 4 6 4 2 8 8 5 9 5 2 7 6 8 3 3 4 9 3 6 5 9 2 6 10 7 6 8 4 
7 7 10 10 7 7 4 3 6 3 6 5 4 1 5 2 6 2 3 1 2 8 6 3 5 4 6 1 5 4 4 4 8 7 5 3 3 9 2 2 0 3 5 2 5 8 3 2 5 1 7 8 3 5 3 1 1 3 4 5 5 7 4 3 8 2 6 2 5 5 5 5 3 6 6 5 5 2 2 2 5 3 6 8 7 1 3 7 2 6 1 5 4 3 5 5 2 1 8 3 4 4 2 3 6 6 0 5 10 5 9 4 1 3 0 1 1 7 7 4 2 3 4 2 8 3 6 2 3 3 8 0 6 3 7 4 8 5 5 2 5 9 5 7 6 7 2 5 6 7 2 4 3 6 2 4 5 7 3 8 9 5 3 7 3 
7 7 8 8 7 8 5 3 6 4 5 5 3 2 6 3 6 2 4 2 2 9 7 4 7 4 7 0 4 3 2 5 6 9 3 2 4 11 2 1 1 5 5 2 7 6 2 3 7 2 8 9 2 5 4 0 1 5 4 4 4 8 2 4 9 3 7 0 6 5 6 5 2 7 5 5 5 2 3 1 4 2 7 10 8 2 3 8 1 6 0 6 3 4 5 7 3 2 9 2 6 4 1 1 5 5 2 4 10 6 9 5 1 3 1 0 0 9 8 3 3 4 4 3 10 3 7 4 1 4 10 1 6 2 5 4 6 3 6 4 4 10 7 6 8 8 3 4 7 8 1 3 4 8 3 4 6 9 1 8 10 6 3 9 4 
6 6 8 8 6 8 6 3 6 4 6 4 3 2 6 3 7 2 3 2 2 10 8 4 7 4 8 1 4 4 2 4 7 9 3 2 4 11 1 1 1 5 6 2 7 7 2 4 7 2 9 10 2 4 4 1 2 5 3 5 4 9 2 5 10 3 8 1 7 6 6 6 2 7 5 6 4 1 3 0 3 2 8 10 9 2 3 8 2 6 0 7 3 4 6 7 3 2 10 2 6 4 2 2 5 6 2 4 11 6 10 5 1 3 1 0 0 9 8 3 3 4 3 3 10 3 8 4 2 5 10 2 6 2 5 5 6 3 6 4 5 10 7 6 8 8 3 3 8 8 1 3 5 8 3 3 7 9 1 9 10 6 2 9 5 
13 13 16 16 13 3 3 8 10 7 12 13 12 7 2 5 5 9 9 7 9 2 3 7 4 9 3 8 12 9 11 10 14 1 12 10 6 2 10 10 7 4 6 9 2 14 11 5 2 6 3 4 10 12 4 9 8 4 11 11 13 4 12 4 4 6 1 9 4 5 4 7 11 8 11 7 12 10 6 10 12 11 5 2 1 7 9 2 9 11 9 3 11 9 5 3 5 7 5 11 3 9 8 10 13 10 7 11 6 5 7 7 8 9 7 9 9 0 2 12 7 7 11 6 0 9 5 5 10 4 3 7 9 9 14 6 14 13 3 5 12 5 5 14 3 6 7 12 4 1 10 11 4 3 6 12 3 1 10 8 1 3 10 2 4 
14 14 14 14 14 0 2 6 8 8 9 12 11 7 2 5 3 9 9 6 9 4 5 5 6 6 0 7 11 6 9 11 12 4 10 8 7 5 9 9 7 3 3 8 4 12 10 4 4 6 6 1 8 12 4 8 6 5 11 8 11 1 11 5 1 5 1 8 1 3 2 4 10 5 9 4 12 9 5 9 12 10 2 1 3 7 9 4 8 9 8 5 9 9 3 4 5 7 2 9 4 6 7 9 11 8 6 9 4 6 4 8 8 7 7 8 8 2 0 11 7 7 11 5 3 9 2 5 9 3 5 6 6 8 12 4 12 11 2 4 10 3 6 12 5 3 5 12 1 1 9 10 3 5 5 11 1 4 9 5 4 4 10 0 3 
6 6 8 8 6 11 9 5 7 6 6 3 0 5 10 7 10 4 5 5 4 13 10 7 9 6 11 4 3 6 2 5 6 12 3 3 7 14 3 2 4 8 9 4 10 6 1 7 10 5 11 13 4 4 7 3 5 8 4 6 3 12 0 8 13 6 11 3 10 9 9 8 2 9 6 9 4 2 6 2 2 1 10 13 12 5 4 11 4 7 3 9 4 5 9 10 6 5 13 3 9 6 5 3 4 7 5 5 14 9 13 7 4 5 4 3 3 12 11 0 6 6 3 6 13 4 10 7 3 8 13 5 8 4 4 8 6 2 10 7 5 13 9 5 11 11 6 2 11 12 2 3 8 11 6 2 10 12 2 11 13 9 3 12 8 
6 6 12 12 6 7 5 6 9 1 9 5 6 1 5 2 7 2 1 1 2 7 4 6 3 7 7 3 8 6 6 3 10 6 7 6 0 8 3 3 2 4 7 1 4 10 5 3 4 1 5 9 5 4 2 4 4 2 3 8 7 8 5 2 9 4 6 4 6 6 5 7 4 9 8 7 4 3 1 4 5 5 8 8 6 1 2 6 5 9 3 3 7 1 6 4 2 1 9 6 3 6 4 5 9 9 2 8 11 3 10 1 2 6 2 3 3 7 7 6 0 0 3 3 8 2 7 2 5 4 7 2 8 5 9 6 10 7 5 3 8 10 3 10 5 9 5 5 7 7 5 7 4 5 3 5 6 6 5 10 8 4 3 8 3 
6 6 13 13 6 7 5 6 9 0 9 5 6 1 5 2 8 2 1 2 2 6 4 6 3 7 7 4 8 7 7 3 11 6 8 6 0 8 3 3 2 4 7 2 4 11 5 4 4 2 5 9 6 5 3 4 5 2 4 8 8 8 6 2 9 5 6 5 6 6 6 7 4 9 9 8 5 3 2 4 5 6 8 8 6 1 2 5 6 10 4 3 7 1 7 4 2 1 10 6 3 7 5 6 9 9 3 8 11 3 11 1 2 6 3 4 4 7 7 6 0 0 4 4 8 2 8 2 6 4 7 3 9 6 9 6 11 8 5 4 9 10 3 10 4 9 5 5 8 7 5 7 4 4 3 5 6 6 6 10 8 4 3 8 4 
3 3 11 11 3 11 8 7 10 3 9 1 3 3 8 5 10 1 2 4 1 11 8 8 7 8 10 4 7 8 5 1 9 10 7 6 4 12 1 2 4 8 9 2 8 10 3 6 8 4 9 12 6 1 6 4 5 6 0 8 6 12 4 6 12 6 10 4 9 9 9 9 1 11 9 10 1 2 5 3 1 4 11 12 10 4 1 9 6 10 3 7 7 2 9 8 5 3 13 5 7 8 6 5 8 10 5 8 14 7 13 4 3 7 4 4 3 11 11 3 3 4 0 6 12 1 11 5 5 7 11 5 10 6 8 8 9 6 9 7 8 13 7 9 8 12 7 1 11 11 4 6 7 8 6 1 9 10 5 13 12 8 1 11 7 
9 9 10 10 9 4 2 3 6 4 6 7 6 2 3 1 4 4 5 1 4 7 5 2 5 4 4 2 6 3 5 6 8 6 6 4 3 8 4 4 2 1 3 4 4 8 5 0 4 1 6 6 4 7 1 3 2 3 6 5 6 5 6 2 6 1 4 3 3 3 2 3 5 5 6 4 7 4 2 4 7 5 4 6 5 2 4 5 3 6 3 4 5 5 3 4 1 2 6 4 3 3 2 4 7 6 1 5 8 4 7 4 3 3 2 3 3 6 5 6 3 4 6 0 7 4 4 2 4 1 7 1 5 4 8 2 8 7 3 0 6 7 5 8 5 5 1 7 4 5 4 5 1 6 0 6 3 6 4 6 7 3 5 5 1 
14 14 17 17 14 4 4 9 11 8 13 13 13 8 3 6 6 10 9 7 10 1 4 8 5 10 3 9 13 10 12 11 15 2 13 11 7 2 10 10 8 5 7 9 3 15 12 6 3 7 3 4 11 13 5 10 9 5 12 12 13 5 13 5 4 7 2 10 5 6 4 8 12 9 12 8 13 11 6 11 13 12 6 2 1 8 10 2 10 12 10 4 12 9 6 3 6 8 5 12 4 10 9 11 14 11 8 12 7 5 7 7 9 10 8 10 10 0 3 13 8 8 12 7 0 10 5 6 11 5 2 8 10 10 15 7 15 14 3 6 13 5 5 15 3 7 8 13 4 2 11 12 5 4 6 13 4 1 11 8 0 3 11 2 5 
4 4 12 12 4 9 7 6 9 2 9 3 4 2 7 4 9 0 0 3 0 9 6 7 5 7 9 3 7 7 5 1 10 8 7 5 2 10 1 2 2 6 8 0 6 10 4 5 6 3 7 11 5 2 4 4 5 4 1 8 7 10 4 4 11 5 8 4 8 8 7 8 2 10 8 8 2 2 3 3 3 5 9 10 8 2 0 8 5 9 3 6 6 0 8 6 4 2 11 5 6 7 5 5 8 9 3 8 12 5 12 3 1 6 3 3 3 9 9 4 2 2 1 4 10 0 9 4 5 5 9 3 9 6 8 7 9 6 7 5 8 12 5 9 7 10 6 3 9 9 4 6 6 7 4 3 8 8 4 11 10 6 1 10 5 
14 14 12 12 14 1 2 5 6 9 7 12 10 7 3 5 1 9 9 6 9 7 7 3 7 5 1 6 9 5 8 11 10 6 8 7 7 7 9 9 6 3 1 8 5 10 9 4 5 6 7 2 7 12 5 7 5 6 11 7 9 1 10 5 2 4 3 7 1 1 2 2 10 3 7 2 12 9 6 9 11 9 0 4 5 7 9 6 7 7 7 6 8 9 1 5 5 7 2 8 5 5 5 8 10 6 6 7 3 7 2 8 8 5 6 7 8 5 2 10 7 8 11 4 5 9 0 5 8 3 7 6 4 6 10 2 10 10 3 4 8 2 7 10 6 1 4 11 0 3 8 8 3 7 4 11 1 6 8 3 6 5 10 3 4 
8 8 12 12 8 5 3 5 8 3 8 7 7 2 3 0 5 4 3 1 4 5 3 4 2 6 4 3 8 5 6 5 10 5 7 6 1 6 4 4 2 2 5 3 2 10 6 2 3 1 4 7 5 7 0 4 4 1 6 7 8 6 7 0 7 3 4 4 4 4 3 5 5 7 8 5 7 4 0 5 6 6 6 6 4 1 4 4 5 8 4 2 7 4 4 2 0 2 7 6 2 6 4 5 9 8 2 7 9 2 8 2 3 5 2 4 4 5 5 7 2 2 5 2 6 4 5 0 5 1 6 2 7 5 9 4 10 8 3 2 8 8 3 10 3 7 3 6 5 5 5 7 2 4 1 6 4 4 6 8 6 2 5 5 1 
8 8 6 6 8 9 6 2 5 6 4 5 3 4 7 5 7 4 5 4 4 11 9 4 8 3 8 2 2 3 0 6 4 10 1 0 6 12 3 3 3 6 6 4 8 5 2 4 8 4 10 10 1 6 6 1 2 7 5 3 2 9 2 6 10 3 9 1 7 6 7 5 3 6 3 6 6 3 5 2 5 1 7 11 10 4 5 10 1 4 2 8 1 6 6 8 5 4 10 0 7 3 2 0 3 4 3 2 11 8 9 7 3 2 3 1 2 10 9 3 5 6 5 4 11 5 8 5 0 6 12 3 5 1 3 5 4 2 7 5 3 10 8 4 9 8 3 5 8 9 0 1 5 10 4 4 7 10 0 8 11 8 4 10 5 
10 10 12 12 10 3 1 4 7 5 8 9 8 3 1 1 3 5 5 2 5 5 4 3 4 5 3 4 8 5 6 7 10 4 7 6 3 6 5 5 3 0 3 5 3 10 7 1 3 2 5 5 5 8 1 4 3 2 7 6 8 4 7 1 5 2 3 5 2 2 1 4 7 5 7 4 8 6 2 6 8 7 4 5 4 3 5 4 5 7 4 3 7 5 2 3 1 3 5 6 2 5 4 6 9 7 2 7 7 4 6 4 4 5 3 4 5 4 3 8 4 4 7 1 5 5 3 1 6 0 6 3 6 5 9 2 10 8 1 0 7 6 4 10 4 5 2 8 3 3 5 7 0 4 1 8 2 4 6 6 5 2 6 4 0 
13 13 18 18 13 6 5 10 13 7 14 13 13 8 4 6 8 9 8 7 9 0 2 9 3 11 5 10 14 11 12 10 16 1 13 12 6 0 10 10 8 6 8 9 3 16 12 7 3 7 1 7 11 12 5 10 9 5 11 13 14 7 13 5 7 8 4 10 6 8 6 9 11 11 13 9 12 10 6 11 12 12 8 4 2 7 9 1 11 13 10 3 13 8 8 3 6 8 8 12 4 11 10 11 15 13 8 13 9 4 10 6 9 11 8 10 10 3 5 13 7 7 11 7 2 9 7 6 12 6 0 8 11 11 15 8 16 14 5 6 14 8 4 16 2 9 9 12 6 4 11 13 6 2 7 12 6 1 12 11 1 3 10 5 6 
8 8 9 9 8 6 4 3 6 4 6 6 5 1 4 2 5 3 4 1 3 8 6 3 5 4 6 1 5 3 4 5 8 7 5 3 3 9 3 2 0 3 4 2 5 8 4 2 5 1 7 8 3 6 2 1 1 3 5 5 5 7 4 3 8 1 6 2 5 4 4 4 4 6 5 5 6 3 2 3 5 4 6 8 7 1 3 6 2 6 1 5 4 4 4 5 1 1 8 3 4 3 1 3 6 6 0 5 9 5 8 4 1 3 0 1 2 7 6 5 2 3 5 1 8 3 6 2 3 3 8 0 6 3 7 3 7 5 4 2 5 8 5 7 6 7 2 5 6 6 2 4 2 6 1 5 5 7 3 8 8 5 4 7 2 
13 13 7 7 13 6 6 3 1 10 3 11 8 7 7 7 3 9 10 7 9 11 10 2 10 2 6 5 6 2 5 11 6 10 5 5 9 12 8 8 6 5 3 8 9 6 8 5 9 7 11 6 4 11 7 5 4 8 10 3 6 5 8 7 6 4 7 5 5 3 5 2 9 1 3 2 11 8 7 7 10 6 4 8 9 7 9 10 4 2 6 9 5 10 3 9 6 7 6 5 8 2 4 5 6 1 6 3 6 10 5 10 7 3 6 6 6 9 6 8 8 9 10 5 10 9 4 7 5 6 11 6 0 4 7 3 6 7 6 5 4 6 10 6 10 3 3 10 5 7 6 5 5 10 5 10 5 10 6 3 10 8 9 7 6 
9 9 6 6 9 7 6 1 3 7 3 7 4 4 7 5 5 5 6 4 5 11 9 3 8 2 7 2 3 2 1 7 4 10 2 0 6 12 4 4 3 5 5 5 8 4 3 4 8 4 10 9 0 7 5 2 1 6 6 2 3 8 3 6 9 3 8 1 6 5 6 4 4 5 2 4 7 4 5 3 6 2 6 10 9 4 5 9 0 3 2 8 1 6 5 8 4 4 9 1 7 2 1 1 3 3 3 2 9 8 8 7 4 1 3 2 2 9 8 4 5 6 6 4 10 6 6 5 1 5 11 3 4 0 4 4 4 3 6 4 2 9 8 4 9 6 2 6 7 8 1 2 5 9 4 5 6 10 1 7 11 7 5 9 5 
10 10 3 3 10 12 10 5 5 10 3 7 4 8 11 9 9 7 9 8 7 15 13 7 12 5 11 5 1 5 2 9 1 14 2 3 10 16 6 6 7 9 9 7 12 2 4 8 12 8 14 13 3 8 9 5 5 10 8 3 1 12 4 10 13 7 12 4 10 9 10 8 6 8 3 8 8 6 9 5 7 3 10 14 13 8 8 13 4 4 5 12 2 9 9 12 8 8 12 3 11 5 5 3 0 5 7 3 13 12 12 11 7 5 7 5 5 14 12 4 9 9 8 8 15 8 10 9 3 9 15 7 7 4 0 8 1 2 11 9 2 13 12 1 13 10 6 7 11 12 4 2 9 13 8 6 10 14 3 10 15 12 7 13 9 
12 12 9 9 12 3 2 2 4 7 5 10 8 5 3 4 1 7 7 4 6 7 7 1 7 2 3 4 7 2 5 9 8 7 6 4 6 8 6 6 4 2 1 6 5 8 7 2 5 4 7 4 4 10 4 4 3 5 8 4 7 4 7 4 4 1 4 4 2 1 2 1 7 3 5 1 10 6 4 6 9 6 2 6 6 5 7 6 4 5 5 6 5 7 0 5 3 5 4 5 4 2 3 5 7 4 3 5 5 7 4 7 5 3 4 4 5 6 4 8 6 6 8 2 7 7 2 4 5 2 8 3 3 4 8 0 8 7 3 2 5 5 7 8 7 3 1 9 3 4 5 6 2 7 2 8 2 7 5 4 7 5 7 5 2 
12 12 2 2 12 12 10 5 4 11 2 9 6 9 11 9 9 9 10 9 9 15 14 7 13 5 11 6 2 5 4 10 0 15 2 4 11 16 8 7 8 10 9 9 13 0 6 9 13 9 15 12 4 10 10 6 6 11 9 3 2 12 5 11 12 7 12 5 10 9 10 7 7 7 3 8 10 7 10 6 9 4 10 14 14 9 9 14 5 3 6 13 3 10 9 13 9 9 12 4 12 5 6 4 1 4 8 3 12 13 11 12 8 5 8 6 6 14 12 6 10 11 9 8 15 9 10 10 4 10 16 7 6 4 1 8 0 3 11 9 2 13 13 0 14 10 7 8 11 13 5 3 9 14 8 8 11 14 5 9 16 12 8 13 10 
8 8 5 5 8 11 9 4 6 8 4 5 2 6 10 7 9 5 7 6 5 13 11 6 11 5 11 4 1 5 1 7 3 13 1 2 8 15 4 4 5 8 8 5 11 4 2 7 11 6 12 12 3 6 8 4 4 9 6 4 0 11 1 8 12 6 11 3 9 8 9 7 4 8 4 8 6 4 7 3 5 1 10 13 12 6 6 12 3 5 4 10 2 7 8 11 7 6 12 2 10 5 4 2 2 6 6 3 13 10 12 9 5 4 5 3 3 13 11 2 7 8 6 7 14 6 10 8 2 8 14 5 7 3 2 7 3 0 10 7 3 13 11 3 11 10 6 5 11 12 2 1 8 12 7 4 10 12 2 10 14 10 5 12 8 
12 12 13 13 12 2 0 5 7 6 9 10 9 5 0 3 3 7 7 4 7 4 4 4 4 6 1 6 9 6 8 8 11 3 9 7 4 5 7 7 5 1 3 6 2 11 9 2 2 4 4 4 7 10 2 6 5 3 9 8 10 3 9 3 3 3 1 6 1 2 1 4 8 6 8 4 10 7 3 7 10 8 3 3 3 4 7 3 6 8 6 3 8 7 3 2 3 5 4 8 2 6 5 7 10 7 4 8 6 4 5 5 6 6 5 6 6 3 2 10 5 5 9 3 3 7 3 3 7 1 5 4 6 6 11 3 11 10 0 2 9 5 4 11 3 4 4 10 2 1 7 8 1 4 3 9 1 3 7 6 4 2 8 2 1 
10 10 11 11 10 4 1 3 6 5 7 8 7 3 2 1 3 5 5 2 5 6 4 3 4 4 3 3 7 4 6 7 9 5 6 5 3 7 5 5 3 0 3 4 3 9 6 0 3 2 5 5 5 8 1 4 3 2 7 6 7 4 7 2 5 1 3 4 2 2 2 3 6 5 6 3 8 5 2 5 7 6 4 5 4 3 5 4 4 7 4 3 6 5 2 3 1 3 6 5 2 4 3 5 8 6 2 6 7 4 6 4 4 4 2 4 4 5 4 7 3 4 7 0 6 5 4 2 5 0 6 2 5 4 9 2 9 7 2 0 7 6 4 9 4 5 2 7 4 4 5 6 0 5 0 7 2 5 5 6 6 3 6 4 0 
11 11 4 4 11 9 8 3 2 9 1 8 5 7 9 7 7 7 8 7 7 13 11 4 11 3 9 4 2 3 2 9 2 12 1 2 9 14 6 6 6 7 6 7 10 2 5 6 10 7 12 10 2 9 8 4 4 9 8 1 2 9 4 8 10 5 10 4 8 6 8 5 6 5 1 5 9 6 7 5 8 3 8 12 12 7 8 12 2 2 5 10 1 9 6 10 7 7 10 2 9 3 3 3 1 2 6 0 10 11 9 10 6 2 5 4 5 12 10 5 8 9 8 6 13 8 8 8 3 7 14 5 4 2 2 5 2 3 9 7 0 10 11 2 11 7 4 7 9 10 3 2 7 12 6 7 8 12 3 7 13 10 7 11 7 
16 16 14 14 16 2 5 8 8 11 10 15 13 10 5 8 3 12 12 9 11 7 8 6 9 7 3 9 12 7 11 13 13 7 11 10 10 8 12 11 9 5 4 11 7 12 12 6 7 9 8 1 9 15 7 9 8 8 13 9 12 1 13 8 1 7 4 10 3 4 4 5 13 5 9 4 15 12 8 11 14 12 2 3 6 9 12 7 9 9 10 8 11 12 4 7 8 10 0 11 7 7 8 10 12 8 8 9 1 9 2 11 10 8 9 10 10 5 3 13 10 10 13 7 5 12 2 8 10 6 8 8 6 9 13 5 13 13 5 6 10 0 9 13 8 2 7 14 2 4 11 11 6 8 7 14 3 7 11 3 6 7 12 3 6 
9 9 15 15 9 6 4 8 11 3 11 9 9 4 4 3 8 6 4 4 5 4 1 7 0 9 6 6 11 9 9 6 13 3 10 9 2 4 6 7 5 4 7 5 2 13 9 5 2 4 2 8 8 8 3 7 7 2 7 10 11 8 9 2 8 6 4 7 6 7 5 8 7 10 11 8 8 7 3 7 8 9 8 6 3 4 5 3 8 11 7 1 10 4 7 2 4 4 9 9 2 9 7 8 12 11 5 10 10 0 10 2 5 8 5 7 7 5 6 9 3 3 7 5 5 5 7 3 8 4 4 5 10 8 12 7 13 11 4 4 11 9 0 13 1 9 6 8 7 5 8 10 5 1 4 8 6 3 8 10 5 2 7 6 4 
11 11 2 2 11 12 10 5 4 11 2 9 5 8 11 9 9 8 10 8 8 15 14 7 13 5 11 6 2 5 3 10 0 15 2 4 10 16 8 7 8 10 8 8 13 0 5 8 13 9 15 12 4 10 10 6 6 11 9 3 2 12 5 10 12 7 12 5 10 9 10 7 7 7 3 8 10 7 10 6 8 4 10 14 14 9 9 14 4 3 6 13 3 10 9 13 9 9 12 4 12 5 6 4 1 4 8 3 12 13 11 12 8 5 7 6 6 14 12 5 10 10 9 8 15 9 10 10 4 10 16 7 6 4 1 8 0 3 11 9 2 13 13 0 14 10 7 8 11 13 5 3 9 14 8 7 11 14 4 9 15 12 8 13 9 
11 11 16 16 11 5 4 8 11 5 12 10 10 5 3 4 7 7 6 5 7 2 0 7 1 9 5 7 12 9 10 7 14 1 11 9 4 3 8 8 6 4 7 6 1 14 10 5 1 5 1 7 9 9 3 8 7 2 8 11 12 6 10 3 7 6 3 8 5 6 5 8 9 9 11 8 9 8 4 8 10 10 7 5 1 5 7 1 9 12 7 1 11 6 6 1 4 5 7 10 2 9 8 9 13 11 5 11 9 1 9 4 6 9 6 8 8 3 5 11 5 4 8 5 3 7 6 3 9 4 2 6 10 9 13 7 14 11 3 4 11 8 1 14 0 8 7 10 6 4 9 11 4 0 5 10 5 1 9 10 3 1 8 5 4 
15 15 11 11 15 3 4 5 5 10 7 13 11 8 5 6 1 10 10 7 10 8 8 3 9 4 3 7 9 5 8 12 10 8 8 7 9 9 10 9 7 4 2 9 7 9 10 5 7 7 9 3 7 13 6 7 6 7 12 6 9 2 10 7 3 5 5 7 3 2 3 2 10 2 6 2 13 10 7 9 12 9 1 5 7 8 10 7 7 6 8 8 8 11 2 7 6 8 2 8 6 5 6 8 9 5 7 7 2 9 1 10 8 5 7 8 8 6 3 11 9 9 12 5 7 10 1 7 8 5 9 7 3 6 10 3 10 10 4 5 7 2 9 10 8 0 4 12 2 5 8 8 4 9 5 12 3 8 8 1 8 7 11 4 5 
10 10 9 9 10 5 3 1 4 6 5 8 6 3 4 3 3 5 6 3 5 8 7 1 6 2 4 2 5 2 4 7 7 7 4 3 5 9 5 4 3 2 2 5 5 7 5 1 6 3 8 6 3 8 3 2 1 4 7 4 5 5 5 4 6 0 5 3 3 2 3 2 6 4 4 2 8 5 3 4 7 4 4 7 7 3 5 7 2 4 3 6 4 6 2 5 2 3 6 4 4 2 1 3 6 4 2 4 7 6 6 6 4 2 2 3 3 7 5 6 5 5 7 1 8 6 4 3 3 2 9 2 3 2 6 1 7 6 4 2 4 7 6 7 7 4 0 7 4 6 3 4 2 7 2 7 4 7 4 5 8 5 6 6 2 
3 3 10 10 3 12 9 7 10 5 9 0 2 4 9 6 11 2 3 5 2 12 9 8 8 8 11 4 6 8 5 2 9 11 6 5 5 13 2 2 4 8 10 3 9 9 2 7 9 5 10 13 6 1 7 4 6 7 1 8 6 12 3 7 13 7 11 4 10 10 10 10 1 11 8 10 1 2 6 2 0 4 11 13 11 5 2 11 5 9 4 8 6 3 9 9 6 4 13 5 8 8 6 5 7 9 5 8 15 8 14 6 3 7 5 4 3 12 12 2 5 5 1 7 13 3 11 6 5 8 12 5 10 6 7 9 8 5 10 7 7 14 8 8 10 12 7 0 12 11 4 5 8 10 7 0 10 11 4 13 13 9 1 12 8 
14 14 12 12 14 0 2 6 7 8 8 12 11 7 3 5 2 9 9 6 9 6 6 4 7 5 1 7 10 6 9 11 11 5 9 8 7 6 9 9 7 3 2 8 5 11 10 4 5 6 7 1 7 12 5 7 6 5 11 8 10 0 10 5 1 4 2 8 1 2 2 3 10 4 8 3 12 9 6 9 12 9 1 3 4 7 9 5 7 8 8 6 9 9 2 5 5 7 1 9 4 6 6 8 11 7 6 8 3 7 3 8 8 6 6 7 8 4 1 11 7 8 11 4 4 9 0 5 8 3 6 6 5 7 11 3 11 11 2 4 9 2 7 11 6 2 4 12 0 2 8 9 3 6 5 11 1 5 9 4 5 5 10 2 3 
13 13 14 14 13 1 2 7 9 8 10 12 11 7 2 5 4 9 9 6 9 3 4 6 5 7 1 7 11 7 10 10 13 3 10 9 6 4 9 9 7 3 4 8 3 13 11 4 3 6 4 3 9 12 4 8 7 4 11 9 11 2 11 4 2 5 0 8 2 4 2 5 10 6 10 5 12 9 5 9 12 10 4 1 2 6 9 3 8 10 8 4 10 9 4 3 5 7 3 10 3 7 7 9 12 9 6 9 5 5 5 7 8 8 7 8 8 1 1 12 7 7 11 5 2 9 3 5 9 3 4 6 7 8 12 4 13 12 1 4 10 4 5 13 4 5 6 11 2 0 9 10 3 4 5 11 2 3 9 6 3 3 10 0 3 
7 7 7 7 7 9 6 3 5 6 4 5 2 3 7 4 7 3 5 3 3 11 9 4 8 4 8 1 3 3 1 5 5 10 2 1 5 12 2 2 2 6 6 3 8 5 1 4 8 4 10 10 1 5 5 1 2 6 4 3 2 9 2 6 10 3 8 0 7 6 7 5 2 7 4 6 5 2 5 1 4 1 8 11 9 3 4 9 1 5 1 8 2 5 6 8 4 3 10 1 7 4 2 0 4 5 3 3 11 8 10 6 2 3 2 1 1 10 9 2 5 5 4 4 11 4 8 5 0 5 11 2 6 1 4 5 5 2 7 5 3 11 8 5 9 8 3 4 8 9 0 2 5 9 4 3 7 10 0 9 11 7 3 10 5 
9 9 5 5 9 10 8 3 4 8 3 6 3 5 9 6 7 5 7 5 5 12 11 5 10 4 9 3 1 3 0 7 3 12 0 1 7 13 4 4 5 7 7 5 10 3 2 6 10 5 12 11 1 7 7 3 3 8 6 2 1 10 2 7 11 5 10 2 8 7 8 6 4 7 3 6 7 4 6 3 6 1 8 12 11 5 6 11 2 4 3 10 0 7 7 10 6 5 11 1 9 3 3 1 2 4 5 2 11 10 10 8 4 3 4 3 3 11 10 3 7 7 6 5 12 6 8 7 1 7 13 4 5 2 2 6 3 1 8 6 2 11 10 3 11 8 4 5 9 10 2 0 7 11 5 5 8 11 1 9 13 9 5 11 7 
10 10 11 11 10 3 1 4 6 5 7 9 8 3 2 2 3 5 6 3 5 6 4 2 4 4 3 4 8 4 6 7 9 5 7 5 4 7 6 5 3 0 2 5 3 9 7 0 3 2 5 5 5 8 1 4 3 3 7 6 8 4 7 2 5 1 3 4 2 2 1 3 7 5 6 3 8 6 2 6 8 6 3 5 4 3 6 4 4 7 4 4 6 6 2 3 1 3 5 6 2 4 3 5 8 6 2 6 6 4 6 5 4 4 3 4 5 4 3 8 4 4 7 1 5 6 3 2 5 0 6 2 5 5 9 2 9 8 1 0 7 6 5 9 4 4 2 8 3 3 5 7 0 5 1 8 2 5 6 6 6 3 6 4 0 
10 10 16 16 10 6 5 9 11 5 12 10 11 6 3 4 8 7 6 5 7 2 0 8 1 10 5 8 12 9 10 8 14 2 11 10 4 3 8 8 6 5 7 7 1 14 10 5 1 5 0 7 10 9 4 8 8 3 8 11 12 7 11 3 7 7 4 9 6 7 5 8 9 10 12 8 9 8 4 9 10 10 8 5 2 5 7 1 9 12 8 1 11 6 7 1 5 6 8 10 2 9 8 10 13 11 6 11 10 1 10 4 7 9 6 8 8 3 5 11 5 4 8 6 4 7 7 4 10 4 2 6 10 9 13 7 14 12 4 5 12 8 1 14 0 9 7 10 6 4 9 11 5 0 5 10 5 2 10 10 3 2 8 5 4 
9 9 10 10 9 5 2 3 6 4 6 7 6 2 3 1 4 4 4 1 4 6 5 3 4 4 4 2 7 4 5 6 9 6 6 4 3 8 4 4 2 1 3 3 4 9 5 0 4 1 6 6 4 7 1 3 2 2 6 5 7 5 6 2 6 1 4 3 3 3 3 4 5 5 6 4 7 4 1 4 7 5 5 6 5 2 4 5 3 6 3 4 5 5 3 4 0 2 6 5 3 4 2 4 7 6 1 5 8 4 7 4 3 3 2 3 3 6 5 6 3 3 6 0 6 4 4 1 4 1 7 1 5 4 8 2 8 7 3 0 6 7 4 8 5 5 2 7 5 5 4 5 1 5 0 6 3 5 4 7 7 3 5 5 1 
4 4 10 10 4 11 9 6 9 5 8 1 1 4 9 6 10 2 4 5 2 12 10 8 8 8 11 4 5 7 4 3 8 11 5 5 6 13 2 2 4 8 9 3 9 8 2 7 9 5 11 13 5 2 7 4 5 7 2 7 5 12 2 7 13 7 11 4 10 9 9 9 1 11 8 9 2 2 6 2 0 3 11 13 11 5 3 11 5 9 3 9 5 4 9 9 6 4 13 4 9 7 5 4 6 9 5 7 14 8 13 6 3 6 4 4 3 12 11 2 5 5 1 6 13 3 11 6 4 8 12 5 10 5 6 8 8 4 9 7 7 14 8 7 10 12 7 0 11 11 3 5 8 10 6 0 10 11 4 12 13 9 1 12 8 
13 13 12 12 13 1 1 5 7 7 8 11 10 6 1 4 2 8 8 5 8 5 5 3 5 5 0 6 9 5 8 9 11 4 8 7 6 6 8 8 5 1 2 7 3 11 9 3 3 5 5 3 7 11 3 6 5 4 10 7 9 2 9 4 2 3 1 7 0 1 0 3 9 4 8 3 11 8 4 8 10 8 2 3 4 5 8 4 6 8 7 4 8 8 2 4 4 6 3 8 3 5 5 7 10 7 5 7 4 5 4 7 7 5 5 6 7 3 1 10 6 6 9 3 4 8 1 4 7 2 6 5 5 6 10 2 11 10 1 2 8 3 6 11 5 3 4 10 1 2 7 8 2 5 3 10 0 4 8 5 5 3 9 2 2 
12 12 16 16 12 4 4 9 11 6 12 12 12 7 3 5 7 8 8 6 8 0 2 7 3 9 4 8 13 9 11 9 15 0 12 10 5 2 9 9 7 4 7 8 1 14 11 5 1 6 1 6 10 11 4 8 8 3 10 11 12 5 11 4 5 7 2 9 5 6 4 8 10 9 12 8 11 9 5 10 11 11 6 3 0 6 8 0 9 12 9 2 11 8 6 2 5 7 6 11 2 9 8 10 13 11 6 11 8 3 8 5 8 9 7 9 9 1 4 12 6 6 10 6 1 8 6 4 10 4 1 7 10 10 14 7 14 12 3 5 12 7 3 14 1 8 7 11 5 3 10 11 5 2 5 11 4 0 10 9 1 2 9 3 4 
8 8 7 7 8 9 7 3 5 6 4 5 2 4 8 5 7 4 5 4 4 11 9 4 8 4 8 2 2 3 0 6 5 10 2 1 6 12 3 2 3 6 6 4 8 5 1 5 8 4 10 10 1 6 6 1 2 7 5 3 2 9 1 6 10 4 9 1 7 6 7 6 3 7 4 6 6 2 5 2 4 0 8 11 10 4 4 10 1 5 1 8 1 5 6 8 5 4 10 0 7 3 2 0 3 5 3 3 11 8 10 7 3 2 3 1 1 10 9 2 5 6 5 4 11 4 8 6 0 6 12 3 6 1 3 5 5 2 7 5 3 11 8 4 9 8 4 4 9 9 0 1 6 10 4 4 8 10 0 9 12 8 4 10 6 
16 16 10 10 16 4 5 6 5 11 7 14 11 9 6 8 2 11 11 8 11 10 10 4 10 5 5 8 9 5 9 13 10 9 8 8 10 11 11 10 8 6 3 10 8 9 11 6 8 8 11 4 7 14 8 8 7 9 13 6 10 3 11 8 4 6 6 8 4 3 5 3 11 2 6 2 14 10 8 10 13 10 2 6 9 9 11 9 7 6 9 9 8 12 3 9 7 9 3 8 8 5 7 8 9 5 8 7 3 10 1 11 9 6 8 8 9 8 5 11 10 10 13 6 8 11 3 8 8 6 11 8 3 7 10 4 9 10 6 6 7 3 10 9 10 1 5 13 4 6 9 9 6 10 7 12 5 9 9 0 9 8 11 6 6 
14 14 17 17 14 4 5 10 12 8 13 13 13 8 4 6 7 10 9 8 10 1 3 8 5 10 4 10 14 10 12 11 16 1 13 11 7 1 11 11 9 5 7 9 3 16 12 7 3 7 3 5 11 13 6 10 9 5 12 12 14 5 13 5 5 8 3 10 5 7 5 8 12 10 13 8 13 11 6 11 13 12 7 3 1 8 10 2 11 13 10 4 13 9 7 3 6 8 6 12 4 10 9 11 15 12 8 12 7 5 8 7 9 10 9 10 10 1 4 13 8 8 12 7 0 10 6 6 11 5 1 8 10 11 15 7 16 14 4 6 13 6 5 15 3 8 8 13 5 3 11 13 6 3 7 13 5 1 12 9 0 3 11 3 6 
10 10 14 14 10 4 2 7 9 4 10 9 9 4 1 3 6 6 5 4 6 3 1 6 1 7 4 6 10 7 9 7 12 2 10 8 3 4 7 7 5 3 5 5 0 12 9 3 0 4 2 6 8 9 2 6 6 1 8 9 10 5 9 1 6 5 2 7 4 5 3 6 8 8 10 6 9 7 3 7 9 9 6 4 2 4 6 1 7 10 6 0 9 6 5 0 3 4 6 8 0 7 6 8 11 9 4 9 8 2 8 4 5 7 5 6 6 3 4 9 4 4 8 3 3 6 5 2 8 2 3 5 8 7 12 5 12 10 2 3 10 7 2 12 1 7 5 9 5 3 7 9 3 2 3 9 3 2 8 8 3 0 7 4 2 
4 4 10 10 4 10 7 6 9 3 8 2 3 3 8 5 9 0 2 3 1 10 8 7 7 7 9 3 6 7 4 2 8 10 6 5 4 11 0 1 3 7 8 1 8 9 2 5 8 3 9 12 5 2 5 3 4 5 1 7 5 11 3 5 11 5 9 3 9 8 8 8 1 10 8 9 2 1 4 2 1 3 10 11 9 3 1 9 5 9 2 7 6 2 8 7 5 3 12 4 7 7 5 4 7 9 4 7 13 6 12 4 2 6 3 3 2 10 10 3 3 3 1 5 11 1 10 5 4 6 10 4 9 5 7 7 8 5 8 6 7 12 7 8 8 11 6 1 10 10 3 5 6 8 5 1 9 9 4 11 11 7 0 11 6 
14 14 14 14 14 1 3 7 9 8 10 13 12 8 2 6 4 10 9 7 9 4 5 6 6 7 1 8 12 7 10 11 13 4 11 9 7 4 10 10 7 3 4 9 4 13 11 5 4 7 5 2 9 13 5 8 7 5 11 9 12 2 12 5 2 6 1 9 2 4 3 5 11 6 10 5 12 10 6 10 12 11 3 1 3 7 10 3 9 10 9 5 10 10 4 4 5 8 2 10 4 7 8 10 12 9 7 10 4 6 4 8 9 8 7 9 9 2 0 12 8 8 11 5 2 10 3 5 10 4 5 7 7 9 13 5 13 12 2 4 11 3 6 13 5 4 6 12 2 0 10 11 4 5 5 12 2 3 10 6 3 4 11 0 4 
10 10 11 11 10 3 1 4 7 5 7 8 8 3 1 1 3 5 5 2 5 5 4 3 4 5 3 4 8 4 6 7 10 5 7 5 3 6 5 5 3 0 3 4 3 10 7 1 3 2 5 5 5 8 1 4 3 2 7 6 8 4 7 1 5 2 3 5 2 2 1 4 6 5 7 4 8 5 2 5 8 6 4 5 4 3 5 4 5 7 4 3 7 5 2 3 1 3 5 6 2 4 4 5 9 6 2 6 7 4 6 4 4 4 3 4 5 4 3 8 3 4 7 1 5 5 4 1 5 0 6 2 6 5 9 2 10 8 1 0 7 6 4 9 4 5 2 8 3 3 5 7 0 4 1 8 2 4 6 6 6 2 6 4 0 
