160 10278.74 0 1680 1 1680
62.51 15.76 82.01 16.32 27.56 20.61 20.07 84.24 9.87 7.57 73.7 30.08 9.23 85.43 6.02 29.87 94.09 16.85 54.42 83.13 18.31 39.14 68.45 34.71 81.9 39.51 67.88 95.43 24.68 68.31 24.19 5.63 80.78 51.0 92.72 4.63 98.35 24.9 69.83 35.82 42.11 49.84 72.34 50.82 8.69 69.42 38.9 57.31 50.59 53.05 76.4 13.36 72.37 96.9 97.62 76.54 12.79 92.93 16.33 95.02 34.88 23.9 5.54 29.11 74.94 95.64 72.14 84.66 98.14 39.83 27.72 80.17 1.15 16.76 91.33 95.97 94.76 17.63 80.06 98.56 71.81 58.48 71.9 98.2 8.56 27.61 24.95 80.18 42.22 30.82 56.89 92.47 48.14 97.35 51.28 12.34 82.43 15.92 59.17 30.73 16.35 5.67 71.51 40.58 48.3 10.0 48.72 35.09 37.98 48.46 27.0 51.35 71.03 96.94 93.32 98.58 31.11 20.2 40.26 17.34 42.65 91.36 68.51 68.84 56.92 93.33 6.42 1.78 60.88 70.72 5.12 47.66 61.77 61.61 79.11 16.02 31.93 95.25 1.98 61.19 23.65 94.15 69.11 35.03 13.9 81.09 14.04 2.82 27.72 75.19 35.96 92.92 59.35 13.08 41.65 71.26 18.76 27.79 20.48 17.12 
41.58 29.26 21.71 11.21 89.36 46.57 52.83 50.53 77.76 80.88 51.67 69.7 23.96 33.47 88.91 22.08 78.37 48.91 51.95 48.51 80.51 34.74 31.39 52.51 37.89 24.96 81.33 23.29 44.04 48.64 67.17 60.4 28.65 75.17 44.2 34.61 57.04 10.25 29.92 66.89 38.42 42.47 59.52 45.83 63.53 34.64 55.67 12.29 52.09 67.04 49.69 22.18 13.04 36.07 33.05 12.22 69.32 85.2 87.75 53.93 85.13 63.48 70.4 79.45 89.59 84.36 24.33 76.4 65.07 60.25 81.24 19.16 35.51 13.82 47.89 62.94 55.43 23.51 41.41 18.39 13.4 89.73 34.59 62.97 18.99 77.7 77.47 25.76 11.26 74.79 50.91 59.82 79.38 81.98 15.5 78.98 57.14 87.08 65.63 37.98 20.54 78.46 15.64 61.97 60.08 75.61 68.2 47.2 12.0 32.95 10.66 37.85 45.18 67.78 35.24 65.72 69.28 68.19 44.76 12.46 45.57 52.58 62.4 64.94 77.78 40.17 77.54 74.31 14.81 84.09 10.7 85.28 81.7 19.5 27.16 77.07 68.29 86.68 33.13 56.38 88.13 40.52 71.61 86.44 83.85 47.6 77.59 77.93 21.19 71.9 13.11 82.26 73.23 73.31 51.24 28.82 64.86 49.31 12.31 50.14 
6 2 8 2 3 2 2 8 1 1 7 3 1 8 1 3 9 2 5 8 2 4 7 4 8 4 7 9 3 7 3 1 8 5 9 1 9 3 7 4 4 5 7 5 1 7 4 6 5 5 7 2 7 9 9 7 2 9 2 9 4 3 1 3 7 9 7 8 9 4 3 8 1 2 9 9 9 2 8 9 7 6 7 9 1 3 3 8 4 3 6 9 5 9 5 2 8 2 6 3 2 1 7 4 5 1 5 4 4 5 3 5 7 9 9 9 3 2 4 2 4 9 7 7 6 9 1 1 6 7 1 5 6 6 8 2 3 9 1 6 3 9 7 4 2 8 2 1 3 7 4 9 6 2 4 7 2 3 2 2 
1 2 3 4 5 6 7 8 9 10 11 12 13 14 15 16 17 18 19 20 21 22 23 24 25 26 27 28 29 30 31 32 33 34 35 36 37 38 39 40 41 42 43 44 45 46 47 48 49 50 51 52 53 54 55 56 57 58 59 60 61 62 63 64 65 66 67 68 69 70 71 72 73 74 75 76 77 78 79 80 81 82 83 84 85 86 87 88 89 90 91 92 93 94 95 96 97 98 99 100 101 102 103 104 105 106 107 108 109 110 111 112 113 114 115 116 117 118 119 120 121 122 123 124 125 126 127 128 129 130 131 132 133 134 135 136 137 138 139 140 141 142 143 144 145 146 147 148 149 150 151 152 153 154 155 156 157 158 159 160 
3 2 3 2 2 2 2 3 2 2 2 2 2 3 2 2 3 2 3 3 2 1 2 1 3 1 2 3 2 2 2 2 3 3 3 2 3 2 2 1 1 3 2 3 2 2 1 3 3 3 2 2 2 3 3 2 2 3 2 3 1 2 2 2 2 3 2 3 3 1 2 3 2 2 3 3 3 2 3 3 2 3 2 3 2 2 2 3 1 2 3 3 3 3 3 2 3 2 3 2 2 2 2 1 3 2 3 1 1 3 2 3 2 3 3 3 2 2 1 2 1 3 2 2 3 3 2 2 3 2 2 3 3 3 3 2 2 3 2 3 2 3 2 1 2 3 2 2 2 2 1 3 3 2 1 2 2 2 2 2 
1 3 2 3 3 3 3 2 3 3 3 3 3 2 3 3 2 3 3 2 3 3 3 3 2 3 3 2 3 3 3 3 2 3 2 3 2 3 3 3 3 3 3 3 3 3 3 1 3 3 3 3 3 2 2 3 3 2 3 2 3 3 3 3 3 2 3 2 2 3 3 2 3 3 2 2 2 3 2 2 3 1 3 2 3 3 3 2 3 3 1 2 3 2 3 3 2 3 1 3 3 3 3 3 3 3 3 3 3 3 3 3 3 2 2 2 3 3 3 3 3 2 3 3 1 2 3 3 1 3 3 3 1 1 2 3 3 2 3 1 3 2 3 3 3 2 3 3 3 3 3 2 1 3 3 3 3 3 3 3 
9 8 10 1 4 8 3 10 2 4 1 8 1 2 9 9 7 4 1 7 1 10 4 2 2 10 9 3 5 3 3 9 4 6 4 4 3 3 9 10 4 10 4 6 2 7 1 3 3 4 5 7 10 9 7 9 1 6 4 9 2 8 4 6 4 1 9 9 8 2 4 6 4 9 3 9 9 7 8 9 6 6 5 9 6 6 9 1 2 9 7 7 2 6 5 4 5 4 4 4 2 1 7 8 1 4 3 2 9 7 9 9 10 6 9 3 7 6 3 9 2 4 10 6 7 6 3 7 6 6 4 9 6 5 10 5 8 2 1 4 1 4 2 9 7 2 3 6 3 8 2 1 3 8 10 5 7 5 8 2 
3691.52 4087.03 3626.78 4156.91 3703.91 4410.68 3671.95 3889.75 4162.78 4359.07 4147.18 4609.83 4159.99 4066.37 3765.5 3775.57 4468.63 4253.27 4160.5 3687.77 4155.51 3602.21 4306.62 4000.08 3941.47 3696.94 3769.97 3661.39 3686.04 3626.29 3680.16 3575.73 4004.08 4252.78 4032.23 4401.61 3720.57 3648.01 3582.94 4100.98 3901.17 3518.42 4359.56 3665.59 4257.43 3702.06 4161.9 3742.85 3628.21 4224.09 4197.56 4020.58 3224.46 3563.1 3965.46 3558.82 4156.08 3507.21 3976.43 3532.36 4323.82 4355.14 3703.95 4332.37 3744.79 4160.26 3551.79 3816.22 4576.88 4309.97 3982.6 3594.73 3929.48 3726.18 3766.9 3501.72 3784.68 3714.91 4705.81 3817.13 4324.12 4000.47 3856.75 3769.64 3661.95 4379.32 3714.05 4156.93 3836.52 3606.4 4208.8 3904.86 4284.59 3613.16 3956.96 3892.76 4235.1 3691.15 4208.86 4282.81 3834.46 4151.59 3935.7 4147.01 4160.45 4115.61 3820.97 4277.42 3524.58 3649.12 3574.36 3572.94 4109.59 3271.52 3504.81 3597.72 3779.64 3702.29 3773.74 3809.97 4177.31 3840.13 3820.95 3804.48 3890.04 3322.11 3562.31 4231.0 3632.81 3805.74 4043.71 3745.62 4022.65 4129.19 3527.44 4002.37 3998.27 3769.02 4161.84 3705.05 4151.56 3842.33 3839.31 3525.27 3767.34 4336.25 3592.98 4060.69 3618.97 4610.83 3897.8 4156.48 3749.33 4499.49 3931.64 3974.81 4288.8 4051.23 4048.13 4096.49 
0.4 0.93 0.29 0.42 0.51 0.95 0.73 0.29 0.71 0.27 0.63 0.93 0.37 0.76 0.36 0.43 0.09 0.34 0.5 0.13 0.42 0.13 0.55 0.63 0.42 0.23 0.68 0.7 0.25 0.71 0.71 0.33 0.28 0.59 0.66 0.43 0.74 0.71 0.53 0.14 0.54 0.16 0.41 0.56 0.52 0.18 0.4 0.71 0.7 0.28 0.34 0.11 0.43 0.75 0.2 0.37 0.57 0.54 0.67 0.47 0.69 0.99 0.28 0.43 0.64 0.44 0.57 0.75 0.95 0.57 0.65 0.4 0.51 0.55 0.73 0.68 0.36 0.19 0.94 0.68 0.45 0.48 0.38 0.4 0.46 0.58 0.53 0.57 0.58 0.76 0.13 0.06 0.6 0.57 0.2 0.26 0.26 0.52 0.58 0.52 0.76 0.75 0.04 0.95 0.64 0.4 0.74 0.68 0.49 0.05 0.46 0.81 0.27 0.55 0.31 0.72 0.18 0.5 0.7 0.5 0.43 0.61 0.33 0.58 0.07 0.56 0.73 0.11 0.58 0.4 0.74 0.35 0.57 0.47 0.3 0.48 0.97 0.42 0.45 0.57 0.69 0.67 0.75 0.8 0.07 0.61 0.71 0.53 0.75 0.95 0.41 0.44 0.74 0.97 0.21 0.35 0.05 0.27 0.93 0.62 
0.68 1.0 0.97 1.0 0.61 0.59 0.66 0.93 0.75 0.75 0.79 1.0 0.8 0.54 0.54 0.75 0.78 0.59 0.91 0.98 0.73 0.89 1.0 0.64 0.92 0.88 0.83 0.79 0.98 1.0 1.0 0.88 0.51 0.79 0.74 0.55 0.85 0.84 0.82 0.62 0.56 0.79 0.88 0.52 1.0 0.98 0.65 0.57 0.85 0.91 0.82 0.92 0.74 0.83 0.81 0.8 0.72 1.0 0.79 0.93 0.65 0.69 0.73 0.59 1.0 0.98 0.5 0.68 0.9 0.77 0.79 0.92 1.0 0.75 1.0 0.66 0.9 0.95 0.82 0.8 1.0 0.75 0.76 0.66 1.0 0.53 0.63 0.76 1.0 0.95 0.54 0.56 0.77 0.93 0.81 1.0 0.92 0.85 0.56 0.98 0.83 0.64 0.87 0.75 0.88 0.94 0.57 0.58 0.68 0.96 1.0 1.0 0.96 0.73 0.79 1.0 0.77 0.81 0.96 0.63 0.64 0.6 0.54 0.6 0.76 0.95 1.0 1.0 1.0 0.56 0.51 0.53 0.77 0.56 0.74 1.0 1.0 0.65 0.54 0.84 0.69 0.58 0.68 0.81 0.88 1.0 0.54 1.0 0.7 1.0 0.6 0.84 0.53 0.87 0.82 0.83 0.91 0.72 0.66 0.59 
0.69 0.61 0.98 0.61 1.0 0.77 1.0 0.85 0.7 0.65 0.84 0.89 0.74 0.88 0.67 0.66 1.0 0.73 1.0 1.0 0.87 1.0 0.66 0.75 0.77 0.73 0.52 0.86 0.54 1.0 0.57 0.64 0.94 0.86 0.87 0.56 0.56 1.0 0.74 0.69 0.71 0.86 0.61 0.66 0.95 0.79 0.53 0.66 0.89 0.53 0.6 0.69 1.0 0.91 1.0 0.55 0.83 0.6 0.88 0.91 0.99 0.58 0.61 0.73 0.88 0.78 0.68 0.65 0.75 0.73 0.79 0.88 0.67 0.96 0.79 1.0 0.67 0.5 0.93 1.0 0.69 0.99 0.62 0.6 0.79 0.9 0.94 0.65 1.0 0.95 0.82 0.89 0.93 0.66 0.67 0.57 0.62 1.0 0.97 1.0 1.0 1.0 0.96 0.56 0.85 1.0 0.61 0.99 1.0 0.68 0.89 0.98 0.76 0.54 0.6 0.74 0.63 0.94 0.71 0.89 0.85 0.78 1.0 0.69 1.0 0.73 1.0 0.86 0.91 0.68 0.96 0.87 0.52 1.0 0.77 0.76 0.57 0.82 0.78 0.68 0.65 0.82 0.77 1.0 0.6 0.53 0.9 0.88 0.74 1.0 0.82 0.56 0.53 0.6 0.76 0.92 1.0 1.0 0.62 0.95 
0.87 0.64 1.0 0.72 1.0 1.0 0.87 0.66 0.81 0.61 1.0 0.76 0.75 0.88 0.98 0.77 0.57 0.56 1.0 1.0 1.0 0.86 1.0 0.86 0.7 0.58 0.95 0.94 0.6 0.53 0.88 0.56 1.0 1.0 1.0 1.0 0.92 0.67 0.93 0.67 0.93 0.72 0.66 1.0 0.74 0.51 0.86 0.8 0.79 0.81 0.55 0.98 0.86 0.74 0.7 0.87 0.94 0.56 0.51 0.58 0.57 0.69 0.97 0.82 0.93 0.98 0.92 0.84 1.0 0.56 0.97 0.88 0.86 0.74 0.9 1.0 0.83 0.84 0.86 0.81 1.0 0.82 0.85 1.0 0.54 0.68 0.98 1.0 0.77 0.76 0.63 0.53 0.7 0.91 0.91 0.66 0.79 1.0 1.0 0.95 0.87 0.88 1.0 0.63 0.85 0.52 0.61 0.64 0.81 0.89 0.71 0.95 0.56 0.88 0.56 0.55 1.0 0.92 0.66 0.63 0.82 0.51 1.0 0.62 0.51 0.56 0.68 0.67 0.98 0.55 1.0 0.5 0.68 0.71 0.6 0.71 0.62 0.95 1.0 0.77 0.99 0.8 0.99 0.58 0.99 0.9 0.94 0.6 0.91 0.8 1.0 0.82 0.86 0.62 0.92 0.61 0.65 0.87 0.54 1.0 
0.61 1.0 0.61 0.9 0.83 0.92 0.97 0.79 0.55 0.81 0.66 0.61 1.0 0.78 1.0 0.57 0.53 0.97 0.55 0.68 0.88 0.55 0.66 0.76 0.52 0.94 0.9 0.72 0.57 1.0 0.76 0.8 0.89 0.58 0.52 0.8 0.56 0.9 0.71 0.82 0.65 0.83 0.62 0.93 0.99 1.0 0.98 1.0 0.64 0.63 0.74 0.6 1.0 0.58 0.59 0.5 0.56 0.88 1.0 0.61 0.58 0.74 0.63 1.0 0.8 0.76 0.8 0.98 0.68 0.54 0.61 0.7 0.67 0.79 1.0 0.58 0.93 0.55 0.55 1.0 0.57 0.82 0.83 0.95 0.61 0.58 0.65 0.64 0.64 1.0 0.66 0.52 0.51 1.0 0.72 1.0 0.85 1.0 0.76 0.89 0.83 0.69 0.84 1.0 1.0 0.6 0.66 0.57 0.72 1.0 1.0 0.76 0.84 0.72 0.66 0.99 0.93 0.54 0.68 0.5 0.98 0.93 0.92 0.75 0.89 0.97 0.75 0.95 0.8 0.93 0.73 0.95 0.73 0.6 0.8 0.93 1.0 0.67 0.52 0.9 0.78 0.68 0.95 0.6 0.53 0.57 1.0 0.86 0.54 0.76 0.51 0.97 0.54 0.83 0.66 1.0 0.54 0.62 0.57 0.77 
1.0 0.87 1.0 0.82 0.93 1.0 0.57 0.84 0.97 0.57 0.78 0.77 1.0 1.0 0.98 1.0 0.6 0.7 0.7 0.58 0.6 1.0 0.87 0.71 0.83 1.0 0.53 1.0 0.59 0.68 0.65 0.51 1.0 0.55 0.87 0.86 0.84 0.76 0.93 0.53 0.91 0.76 0.67 1.0 0.52 0.99 0.51 0.53 0.92 0.67 0.86 0.59 0.73 0.61 0.94 1.0 0.54 0.62 0.73 0.59 1.0 0.99 0.79 0.67 0.75 0.97 0.82 1.0 0.87 1.0 0.8 0.88 1.0 1.0 0.82 0.53 0.9 0.81 1.0 0.72 0.64 0.75 0.51 0.73 0.69 0.75 1.0 0.52 0.69 0.96 0.96 1.0 0.95 0.77 0.93 1.0 1.0 0.64 0.95 0.53 0.52 0.66 1.0 0.68 0.88 1.0 0.57 0.8 1.0 0.65 0.7 1.0 0.57 0.74 0.69 1.0 1.0 0.84 0.8 0.53 0.74 0.84 0.72 0.58 0.79 1.0 1.0 0.85 0.69 0.77 0.95 0.55 0.87 0.71 0.8 0.95 0.81 0.6 0.94 0.68 0.65 1.0 0.55 1.0 0.79 0.63 0.54 0.96 1.0 0.97 0.63 0.92 0.99 0.8 1.0 1.0 0.58 0.83 0.87 0.77 
0.25 0.34 0.58 0.33 0.47 0.42 0.31 0.35 0.23 0.13 0.34 0.32 0.44 0.32 0.35 0.21 0.14 0.16 0.35 0.39 0.33 0.41 0.38 0.22 0.21 0.35 0.2 0.46 0.11 0.36 0.25 0.13 0.42 0.21 0.29 0.21 0.21 0.39 0.38 0.13 0.22 0.31 0.15 0.32 0.36 0.39 0.15 0.16 0.35 0.16 0.17 0.22 0.46 0.2 0.32 0.19 0.17 0.18 0.26 0.18 0.21 0.2 0.21 0.24 0.49 0.55 0.2 0.36 0.4 0.17 0.29 0.44 0.39 0.42 0.58 0.2 0.42 0.18 0.36 0.47 0.25 0.38 0.17 0.28 0.18 0.14 0.38 0.16 0.34 0.66 0.18 0.14 0.24 0.43 0.33 0.38 0.38 0.54 0.39 0.44 0.31 0.25 0.71 0.18 0.57 0.29 0.08 0.17 0.4 0.38 0.44 0.71 0.2 0.18 0.12 0.4 0.45 0.31 0.25 0.09 0.32 0.19 0.36 0.11 0.27 0.38 0.51 0.47 0.49 0.15 0.33 0.12 0.17 0.17 0.22 0.48 0.29 0.2 0.21 0.27 0.22 0.26 0.27 0.28 0.22 0.17 0.24 0.44 0.25 0.59 0.16 0.34 0.13 0.21 0.38 0.46 0.18 0.33 0.11 0.33 
1105.1 1153.19 531.08 1334.1 2137.67 1194.42 1367.48 685.65 1192.71 2140.75 1057.98 1364.64 1108.24 1044.41 1232.76 1383.76 1588.88 2264.92 1014.84 1936.89 1114.84 449.37 2268.06 1223.56 791.98 393.95 1408.53 1501.08 502.42 1536.73 1364.78 1109.09 1803.42 2127.82 2175.86 2472.16 1468.78 847.39 1265.43 416.48 2229.92 473.99 1952.5 2356.24 873.85 1526.14 1053.84 1285.32 1458.79 1885.79 520.67 1546.8 519.03 1483.26 1741.32 1180.34 1069.9 2233.87 2605.63 1121.36 1085.62 1241.83 1831.46 2147.02 2557.55 1139.52 1492.66 1404.3 1508.89 1225.84 2292.29 1967.41 2195.56 1167.78 1277.07 1420.72 1160.32 1368.87 1320.29 1569.47 2125.42 2107.08 628.96 1076.89 2056.67 2306.2 1182.54 1421.31 988.52 1304.58 1631.59 1707.8 1048.76 2143.99 726.22 2053.21 507.57 2131.9 2365.53 2096.11 1095.76 1203.56 1730.0 1626.1 1141.79 2152.55 891.37 919.39 1299.63 1951.86 1163.44 1437.56 512.62 2181.42 1080.29 1351.74 1414.22 2128.2 1310.54 1156.77 827.85 2297.06 678.3 2023.42 1594.65 2059.09 1265.72 1694.48 1950.15 1796.36 2453.94 1198.84 1909.11 826.75 435.46 614.14 1721.38 1003.06 1309.11 2225.33 1334.58 2841.95 1042.86 1525.55 1637.24 947.13 1204.0 1924.06 1408.44 1385.84 1056.5 1290.75 1197.27 1828.57 478.21 682.49 1193.15 616.29 1420.93 928.42 
316.17 418.06 312.26 463.24 976.1 522.31 325.06 225.31 305.57 356.96 371.21 450.82 505.54 337.84 449.98 347.53 224.78 328.32 323.75 793.2 352.38 179.25 843.57 301.02 146.82 146.2 287.62 684.05 33.44 595.29 393.76 195.44 674.01 412.44 629.14 466.21 328.25 343.19 544.04 55.79 493.28 121.28 239.28 792.03 318.55 565.83 151.64 180.02 531.3 458.59 101.06 399.55 219.45 256.34 486.38 180.91 153.58 407.04 729.79 191.85 221.08 287.6 416.44 547.52 1241.53 633.59 330.3 498.59 671.11 226.11 602.1 845.91 899.65 509.01 753.61 240.2 496.89 168.08 518.63 832.49 635.5 834.34 87.61 308.42 423.63 343.15 365.97 255.26 324.23 810.95 238.27 221.23 250.75 832.17 258.32 789.82 173.11 1170.76 898.59 800.47 417.68 311.49 1189.53 338.29 654.05 668.38 77.91 155.6 510.47 688.69 572.96 995.78 115.24 413.58 101.35 517.66 604.43 694.54 304.12 85.46 317.11 478.12 241.06 256.3 546.78 815.28 618.79 786.05 934.92 316.58 742.87 192.27 257.92 128.13 106.93 275.42 515.04 175.67 289.9 702.33 295.12 793.21 259.99 432.64 352.4 186.32 291.91 835.07 300.22 790.15 186.18 482.97 192.38 431.65 203.63 338.31 210.51 224.83 141.49 330.95 
5025.49 5265.94 2155.41 6170.51 10188.33 5472.08 6337.42 2928.26 5463.56 10203.74 4789.9 6323.18 5041.2 4722.03 5663.78 6418.78 7444.39 10824.58 4574.21 9184.46 5074.21 1746.87 10840.29 5617.82 3459.89 1469.75 6542.65 7005.42 2012.11 7183.66 6323.91 5045.46 8517.1 10139.09 10379.29 11860.78 6843.89 3736.93 5827.17 1582.4 10649.6 1869.93 9262.48 11281.22 3869.23 7130.69 4769.19 5926.62 6793.94 8928.96 2103.37 7234.02 2095.13 6916.32 8206.6 5401.71 4849.51 10669.37 12528.14 5106.79 4928.09 5709.14 8657.29 10235.08 12287.75 5197.59 6963.31 6521.52 7044.46 5629.18 10961.47 9337.07 10477.79 5338.9 5885.37 6603.61 5301.62 6344.35 6101.45 7347.33 10127.08 10035.38 2644.81 4884.43 9783.37 11030.98 5412.68 6606.54 4442.59 6022.88 7657.97 8038.99 4743.79 10219.96 3131.1 9766.07 2037.83 10159.52 11327.65 9980.55 4978.81 5517.78 8149.99 7630.49 5208.96 10262.73 3956.87 4096.93 5998.15 9259.31 5317.22 6687.82 2063.1 10407.09 4901.47 6258.69 6571.08 10141.01 6052.72 5283.85 3639.25 10985.29 2891.49 9617.1 7473.27 9795.44 5828.59 7972.39 9250.77 8481.82 11769.72 5494.22 9045.54 3633.75 1677.31 2570.71 8106.92 4515.32 6045.55 10626.64 6172.9 13709.74 4714.32 7127.77 7686.21 4235.67 5519.98 9120.28 6542.2 6429.18 4782.51 5953.75 5486.33 8642.83 1891.04 2912.45 5465.73 2581.44 6604.66 4142.09 
1080.86 1590.31 1061.32 1816.22 4380.48 2111.57 1125.32 626.55 1027.86 1284.79 1356.03 1754.12 2027.71 1189.21 1749.91 1237.64 623.91 1141.59 1118.75 3465.98 1261.91 396.23 3717.83 1005.1 234.12 231.0 938.08 2920.25 -332.8 2476.45 1468.81 477.2 2870.05 1562.21 2645.69 1831.07 1141.26 1215.97 2220.21 -221.07 1966.41 106.41 696.4 3460.13 1092.73 2329.14 258.19 400.08 2156.49 1792.94 5.32 1497.77 597.26 781.7 1931.92 404.55 267.9 1535.21 3148.95 459.26 605.39 938.01 1582.18 2237.6 5707.65 2667.93 1151.5 1992.97 2855.54 630.57 2510.52 3729.56 3998.25 2045.07 3268.04 701.01 1984.46 340.42 2093.17 3662.44 2677.48 3671.7 -61.93 1042.09 1618.16 1215.75 1329.83 776.32 1121.13 3554.77 691.35 606.17 753.76 3660.87 791.58 3449.09 365.56 5353.79 3992.93 3502.33 1588.4 1057.43 5447.66 1191.47 2770.25 2841.89 -110.45 278.02 2052.34 2943.46 2364.78 4478.9 76.2 1567.88 6.74 2088.28 2522.17 2972.71 1020.6 -72.72 1085.57 1890.59 705.3 781.5 2233.92 3576.4 2593.96 3430.27 4174.62 1082.89 3214.37 461.37 789.6 140.63 34.66 877.1 2075.19 378.36 949.49 3011.66 975.58 3466.06 799.97 1663.2 1262.02 431.62 959.55 3675.35 1001.09 3450.77 430.88 1914.86 461.89 1658.23 518.14 1191.55 552.53 624.16 207.44 1154.74 
147.66 122.61 145.07 124.71 111.12 132.32 110.16 155.59 124.88 130.77 124.42 138.29 124.8 162.65 112.96 113.27 178.75 127.6 166.42 147.51 124.67 72.04 129.2 80.0 157.66 73.94 113.1 146.46 110.58 108.79 110.4 107.27 160.16 170.11 161.29 132.05 148.82 109.44 107.49 82.02 78.02 140.74 130.79 146.62 127.72 111.06 83.24 149.71 145.13 168.96 125.93 120.62 96.73 142.52 158.62 106.76 124.68 140.29 119.29 141.29 86.48 130.65 111.12 129.97 112.34 166.41 106.55 152.65 183.08 86.2 119.48 143.79 117.88 111.79 150.68 140.07 151.39 111.45 188.23 152.69 129.72 160.02 115.7 150.79 109.86 131.38 111.42 166.28 76.73 108.19 168.35 156.19 171.38 144.53 158.28 116.78 169.4 110.73 168.35 128.48 115.03 124.55 118.07 82.94 166.42 123.47 152.84 85.55 70.49 145.96 107.23 142.92 123.29 130.86 140.19 143.91 113.39 111.07 75.47 114.3 83.55 153.61 114.63 114.13 155.6 132.88 106.87 126.93 145.31 114.17 121.31 149.82 160.91 165.17 141.1 120.07 119.95 150.76 124.86 148.2 124.55 153.69 115.18 70.51 113.02 173.45 107.79 121.82 108.57 138.33 77.96 166.26 149.97 134.98 78.63 119.24 128.66 121.54 121.44 122.89 
221 163 217 166 148 176 146 233 166 174 165 184 166 243 150 151 268 170 249 221 166 72 172 80 236 73 150 219 147 145 147 143 240 255 241 176 223 145 143 82 78 211 174 219 170 148 83 224 217 253 167 160 128 213 237 142 166 210 159 211 86 174 148 173 149 249 142 228 274 86 159 215 157 149 226 210 227 148 282 229 172 240 154 226 146 175 148 249 76 144 252 234 257 216 237 155 254 147 252 171 153 166 157 82 249 164 229 85 70 218 142 214 164 196 210 215 151 148 75 152 83 230 152 152 233 199 142 169 217 152 161 224 241 247 211 160 159 226 166 222 166 230 153 70 150 260 143 162 144 184 77 249 224 179 78 158 171 162 161 163 
725 1012 1514 668 728 1445 1571 1294 1201 1406 1130 882 1220 1472 489 760 1524 1563 758 1285 178 356 552 343 496 631 94 1039 679 103 1401 1100 240 761 1137 1416 262 1138 657 446 830 701 961 1393 264 26 812 757 1246 799 311 1188 436 1185 1567 646 1396 442 1003 761 429 90 760 1441 1053 908 924 41 765 156 1116 564 936 358 1146 1473 359 1081 1090 1387 1080 1203 810 843 579 1231 290 459 216 711 1300 1014 710 1490 577 1341 327 804 258 341 1077 264 1361 485 895 1259 1333 245 699 782 426 874 1421 1396 115 93 134 194 539 293 1158 963 881 1015 203 612 440 1216 802 644 1420 918 1653 225 1552 1620 1194 181 1298 1357 1121 951 1595 651 120 102 1226 398 1496 1064 1240 684 219 276 13 1620 911 209 1337 1343 
988 1680 1680 1680 934 1680 1680 1680 1680 1680 1680 1680 1541 1680 1652 1061 1680 1680 1079 1680 1054 524 1447 1640 1180 1680 1295 1680 1478 1680 1680 1680 599 1541 1680 1680 1680 1680 1680 1226 1399 1251 1224 1680 1446 347 1680 1269 1662 1330 880 1680 1680 1680 1680 1349 1680 839 1680 1680 788 1042 1680 1680 1335 1680 1680 955 1622 1644 1680 1172 1582 1176 1680 1680 603 1680 1680 1680 1680 1680 1360 1259 1034 1680 1680 760 1680 1680 1680 1680 1680 1680 1185 1642 590 1603 1191 1680 1680 508 1680 1680 1235 1680 1680 1503 1680 1680 1680 1195 1680 1680 1680 471 1354 1680 1680 671 1680 1680 1680 1680 1557 952 1430 1680 1582 1654 1680 1680 1680 737 1680 1680 1680 444 1680 1680 1680 1680 1680 1680 1532 557 1680 1331 1680 1680 1580 1680 1611 444 429 1680 1680 1680 1680 1680 
2
0.0 0.0 
0.0 100.0 
0 100 75 33 84 19 93 50 56 98 78 81 90 75 25 91 89 37 122 51 75 96 82 52 75 62 90 46 105 98 50 83 71 60 85 90 102 34 113 26 75 75 57 65 93 68 64 77 67 58 72 85 91 25 73 103 103 77 70 126 89 109 91 67 70 84 116 127 76 114 117 72 85 82 35 21 103 114 109 29 90 100 73 107 79 116 20 82 81 84 43 80 76 110 92 127 53 79 100 88 88 48 26 78 73 74 77 76 83 58 39 58 29 63 84 118 99 118 75 71 60 21 62 105 92 94 96 101 77 74 62 109 11 97 102 64 83 78 75 128 33 83 91 102 99 93 84 94 78 77 34 104 38 124 94 74 66 76 67 56 23 52 
100 0 85 72 113 90 29 57 51 97 24 20 88 42 76 108 12 83 96 53 72 97 26 76 96 58 102 84 70 122 61 85 40 39 107 56 108 65 107 93 98 48 74 76 82 74 37 95 58 104 69 62 91 78 113 116 118 116 33 94 20 105 37 43 30 35 75 96 104 87 104 56 33 113 64 87 105 102 104 78 99 127 112 59 97 104 81 35 33 109 98 39 75 100 52 99 98 24 92 20 68 69 81 22 110 55 62 26 58 63 95 82 93 80 89 102 113 104 43 37 68 89 69 102 78 77 61 110 23 25 104 72 89 49 64 101 107 27 44 96 66 75 26 111 74 37 21 96 26 22 83 80 94 94 65 29 64 100 39 57 90 52 
75 85 0 48 27 55 59 42 43 23 63 67 15 42 56 24 73 38 48 46 13 21 58 24 11 29 19 28 40 37 37 9 46 59 22 35 30 58 39 48 13 36 20 12 20 12 58 9 27 29 15 27 16 52 30 34 36 32 56 53 65 34 51 44 63 50 49 54 19 41 42 29 52 28 61 53 29 39 35 48 17 42 29 48 11 41 58 50 51 23 36 45 10 35 40 53 28 62 25 65 24 31 50 67 27 29 23 62 29 27 38 16 47 11 9 43 31 43 41 49 22 53 20 30 21 24 36 30 66 68 26 43 65 46 40 22 21 58 40 55 61 14 60 31 30 52 64 19 60 69 40 32 38 50 31 58 22 15 49 35 51 46 
33 72 48 0 66 18 61 17 23 71 48 52 62 42 8 69 60 15 92 19 44 70 51 24 52 30 66 24 73 79 17 56 38 32 65 57 78 12 87 21 54 42 27 36 64 38 34 53 35 44 41 53 63 7 58 81 81 63 40 95 58 83 59 35 42 51 84 97 56 83 89 39 53 65 15 15 77 86 83 6 65 83 58 74 56 89 12 49 49 64 32 47 46 82 59 97 38 49 72 57 56 17 8 50 57 41 44 46 51 26 28 32 21 36 57 89 77 90 42 39 28 16 31 79 62 63 63 78 49 47 47 77 21 64 69 46 63 47 42 98 14 52 59 79 68 60 54 67 48 50 14 73 25 93 61 44 33 55 35 23 17 20 
84 113 27 66 0 66 86 66 69 28 91 95 31 70 72 12 101 52 57 70 40 26 86 44 16 56 16 42 61 13 61 30 73 85 7 61 24 78 38 58 14 64 43 38 39 39 84 18 54 26 43 53 28 68 12 20 19 10 84 64 93 34 79 71 90 78 68 64 10 54 46 57 80 3 82 65 27 43 36 64 19 16 13 71 16 44 73 78 79 4 41 73 38 39 66 62 31 90 35 92 49 53 65 95 12 57 51 89 57 53 45 35 56 34 25 48 17 47 69 77 47 65 46 32 42 45 61 21 93 95 22 63 77 72 63 20 6 86 68 66 80 40 88 22 51 79 92 25 87 97 54 50 46 61 56 86 50 12 76 60 62 70 
19 90 55 18 66 0 78 35 41 78 66 70 70 60 14 72 78 17 102 37 55 76 69 32 55 45 70 26 87 80 33 64 56 50 66 72 83 26 93 8 56 58 37 45 73 48 52 58 49 41 53 66 71 11 56 84 84 60 58 106 76 89 76 52 60 69 97 107 57 94 97 54 70 64 28 2 83 94 90 12 70 82 55 89 60 96 10 67 66 65 25 65 56 90 75 107 35 67 80 75 69 30 9 68 55 56 58 64 65 40 21 38 10 44 64 98 80 98 59 57 41 1 43 85 73 75 77 82 67 64 44 90 11 80 83 46 64 65 59 109 26 63 77 83 80 77 72 74 66 68 15 84 19 104 75 62 47 57 53 39 4 38 
93 29 59 61 86 78 0 43 37 68 21 21 59 19 67 80 21 67 67 41 46 68 12 55 70 37 74 65 41 94 45 57 22 36 80 27 79 59 77 79 72 23 52 51 53 49 31 68 35 82 43 33 62 68 88 87 89 91 24 65 11 76 8 26 29 10 47 68 78 58 74 31 8 87 59 76 76 73 75 66 71 100 87 30 70 75 72 11 12 82 79 14 48 71 22 70 77 18 63 11 39 51 69 24 85 30 35 22 29 42 78 60 78 56 61 72 85 74 20 22 46 77 46 73 49 47 31 82 24 29 81 43 81 20 35 77 80 16 21 67 61 47 4 82 45 8 14 67 17 27 68 50 76 65 35 21 40 74 26 40 77 40 
50 57 42 17 66 35 43 0 6 63 32 36 53 24 25 66 44 26 80 4 34 62 34 21 50 15 61 28 58 78 4 47 20 20 62 41 72 19 78 36 51 25 22 29 53 30 20 50 20 50 30 38 55 25 61 77 78 65 24 81 41 74 41 17 28 33 69 84 56 70 79 23 35 65 22 32 70 77 74 23 59 82 60 57 52 79 30 31 31 63 41 30 36 73 42 84 43 33 62 40 43 13 26 35 59 25 30 30 35 14 38 30 36 31 50 79 73 80 25 21 19 34 22 71 50 51 47 72 34 33 51 62 39 47 54 49 61 30 24 84 22 41 41 73 54 42 37 60 31 36 26 60 36 80 47 27 21 53 18 7 34 5 
56 51 43 23 69 41 37 6 0 64 26 30 53 19 30 68 38 32 78 5 34 63 27 26 52 14 63 33 55 80 9 48 14 16 65 38 73 23 78 42 54 21 26 31 52 31 15 52 19 55 30 35 56 31 65 78 80 69 18 79 35 74 35 11 22 28 66 81 59 68 79 21 29 68 25 39 71 76 74 29 61 85 65 53 54 78 35 25 25 65 47 24 36 72 38 82 48 27 62 34 41 18 32 29 63 22 29 24 32 16 44 34 42 34 51 78 75 79 19 15 21 40 23 71 49 50 44 74 28 28 55 59 44 42 50 53 64 24 19 82 26 41 35 75 52 36 31 61 25 30 32 58 42 78 44 21 21 56 12 8 40 3 
98 97 23 71 28 78 68 63 64 0 79 82 10 57 79 17 87 61 29 67 29 2 72 47 24 49 12 51 34 29 59 16 62 79 22 41 10 81 15 71 25 51 43 35 14 33 76 21 45 46 33 35 7 76 39 19 22 39 73 35 77 11 60 61 81 62 40 35 28 25 20 45 64 31 84 76 7 17 11 71 10 35 39 46 20 18 81 62 65 25 57 58 27 12 46 34 48 77 6 77 29 54 74 83 37 45 37 78 39 49 60 39 69 35 14 21 17 20 56 66 44 76 41 7 19 21 38 13 82 85 42 36 88 50 38 38 23 73 55 37 84 23 71 14 25 60 77 4 75 85 63 23 61 32 33 74 42 25 67 56 74 67 
78 24 63 48 91 66 21 32 26 79 0 3 68 21 53 87 11 59 84 29 51 78 8 52 74 35 82 60 58 101 36 65 17 17 86 41 89 43 90 69 76 28 50 53 65 51 14 73 36 80 48 44 72 55 89 96 98 93 8 83 11 88 26 20 8 19 66 86 82 74 89 34 18 91 43 64 86 87 87 54 79 106 89 50 75 89 58 17 15 87 73 21 54 84 38 87 74 2 75 11 50 44 57 4 87 34 42 2 40 39 71 59 69 57 69 87 93 89 22 14 44 65 45 85 60 60 47 91 3 8 81 61 67 38 52 77 85 6 24 85 45 55 17 92 59 26 7 77 4 7 59 65 69 83 49 5 41 78 15 33 66 28 
81 20 67 52 95 70 21 36 30 82 3 0 72 25 56 91 8 62 86 33 55 82 10 55 78 39 85 64 60 105 40 68 21 20 89 43 92 46 93 72 80 31 54 57 68 55 17 77 40 84 51 47 75 58 93 99 101 97 12 85 11 91 27 23 10 21 67 88 85 77 91 38 20 95 45 67 90 90 90 58 82 110 93 51 79 92 61 20 17 91 77 24 57 87 40 89 78 5 78 10 53 48 60 3 91 38 45 5 43 43 75 63 72 61 72 90 97 92 26 17 48 69 49 88 63 63 49 94 3 8 84 63 70 40 54 81 89 9 27 87 48 58 17 95 62 28 6 80 7 5 62 68 73 85 52 9 45 82 19 37 69 32 
90 88 15 62 31 70 59 53 53 10 68 72 0 47 70 21 77 52 33 56 19 9 62 38 20 39 16 43 30 35 49 6 51 68 24 32 20 71 25 64 22 40 34 25 7 23 66 17 35 42 23 25 3 67 38 27 30 39 63 38 67 21 51 51 70 52 37 39 27 27 27 34 54 33 74 68 18 24 21 62 12 41 38 40 17 26 72 52 55 26 51 48 16 20 37 38 42 67 10 67 20 45 65 73 36 34 26 68 29 38 53 31 62 26 7 28 25 28 46 55 34 68 31 17 11 14 31 22 72 75 39 32 79 42 32 34 25 63 44 41 74 13 61 23 20 52 67 8 65 75 55 20 53 36 25 64 32 22 56 45 66 56 
75 42 42 42 70 60 19 24 19 57 21 25 47 0 50 66 30 47 64 24 30 57 15 36 54 17 60 45 39 80 26 43 6 26 65 21 67 43 69 59 56 6 33 33 43 31 22 52 16 63 27 23 50 50 70 74 76 73 17 64 22 66 16 8 24 9 49 67 61 54 68 13 11 71 44 57 65 66 66 47 57 85 70 34 54 68 55 8 9 66 59 5 32 63 20 68 58 20 53 22 29 31 51 25 68 13 20 20 18 23 58 41 59 38 47 66 72 68 1 9 26 58 27 63 39 39 28 69 24 28 62 43 64 23 33 59 64 15 2 67 46 33 19 70 39 17 21 55 17 28 48 45 56 64 29 17 21 58 12 20 58 23 
25 76 56 8 72 14 67 25 30 79 53 56 70 50 0 76 65 20 100 26 53 77 57 31 59 38 73 30 82 86 25 64 45 36 71 66 85 11 95 20 60 50 35 44 72 46 39 61 43 49 50 61 71 4 64 88 88 68 45 103 64 90 66 42 46 58 92 105 62 91 97 47 60 71 14 12 85 95 91 8 72 89 63 82 63 97 5 56 55 70 35 55 54 90 67 105 42 55 80 63 65 25 7 54 62 49 53 51 59 34 31 40 22 44 65 98 84 98 50 45 37 14 39 86 70 72 71 85 53 50 52 86 13 72 78 52 69 53 49 106 11 61 65 86 76 67 60 75 53 54 18 81 28 102 70 49 42 62 42 31 16 27 
91 108 24 69 12 72 80 66 68 17 87 91 21 66 76 0 96 56 45 70 36 15 81 46 17 54 5 46 50 14 61 22 69 84 6 54 12 80 26 64 15 59 43 36 29 36 82 16 51 35 39 46 18 72 24 11 12 23 80 52 87 22 72 68 88 72 57 51 16 42 34 52 74 15 84 71 15 31 23 68 9 20 24 62 13 32 78 72 74 9 48 68 33 27 59 49 38 86 23 87 41 54 70 91 22 53 45 86 50 52 52 36 62 34 18 36 8 34 65 73 46 71 44 20 33 35 52 10 90 93 30 52 83 64 53 27 8 81 63 54 83 33 82 11 41 73 87 14 83 93 59 39 53 49 47 82 47 14 73 59 68 70 
89 12 73 60 101 78 21 44 38 87 11 8 77 30 65 96 0 70 88 41 60 87 14 63 84 46 91 72 62 110 48 74 28 28 96 47 97 54 97 80 86 37 62 63 72 62 25 83 46 92 57 51 80 67 100 105 107 104 20 86 10 95 29 31 18 24 68 89 92 79 95 44 23 101 53 75 94 93 94 66 87 116 100 52 85 95 69 24 22 97 85 28 63 91 43 91 86 11 82 10 58 56 69 10 98 43 51 13 47 50 83 70 81 68 78 93 102 95 31 25 55 77 56 92 67 67 52 99 11 15 92 64 78 41 56 88 95 15 33 89 55 64 17 100 65 29 9 85 13 11 71 71 81 87 55 17 51 88 27 45 77 40 
37 83 38 15 52 17 67 26 32 61 59 62 52 47 20 56 70 0 85 29 38 59 59 15 39 30 54 10 70 65 22 46 45 45 51 57 66 28 76 12 40 45 20 28 56 31 46 41 34 29 36 50 54 16 43 68 68 47 50 89 67 72 63 41 54 57 81 90 42 77 80 39 59 50 31 15 66 77 72 12 53 68 42 73 43 79 21 55 55 50 16 52 39 73 60 90 22 59 63 66 52 15 13 61 42 41 42 57 49 25 12 21 11 26 47 81 64 81 47 47 24 15 26 68 55 57 61 65 60 59 31 74 27 65 67 31 49 56 46 91 29 46 66 66 63 64 63 57 57 62 2 67 10 87 59 53 31 41 44 27 13 30 
122 96 48 92 57 102 67 80 78 29 84 86 33 64 100 45 88 85 0 82 47 31 75 70 53 64 42 76 26 55 77 39 70 90 51 43 34 99 21 97 54 59 65 56 28 54 86 50 59 75 50 42 33 98 68 42 45 68 81 6 78 24 59 71 88 64 22 6 58 9 13 57 66 60 102 100 30 15 22 94 39 60 68 37 49 15 104 66 69 54 84 63 46 18 45 4 76 81 24 78 37 75 96 88 66 55 49 84 46 66 86 64 95 58 40 10 43 13 63 74 63 101 61 25 30 28 37 38 87 92 71 24 111 46 32 67 53 78 62 8 102 39 71 37 25 59 80 33 80 91 87 19 87 4 35 81 59 54 76 72 98 81 
51 53 46 19 70 37 41 4 5 67 29 33 56 24 26 70 41 29 82 0 37 66 31 26 54 18 65 32 60 82 9 51 19 16 67 43 76 18 81 39 56 26 27 33 56 34 16 54 23 54 33 40 59 26 66 81 82 70 20 84 38 78 40 16 24 32 70 86 60 73 82 25 34 69 20 35 74 80 78 25 63 87 65 58 56 82 31 30 29 67 45 29 40 76 43 87 47 30 66 38 45 17 28 31 63 27 33 27 37 18 42 35 39 36 54 82 77 83 24 19 23 36 26 74 53 54 49 76 30 29 55 64 39 47 55 53 65 28 24 87 21 44 39 77 56 41 35 64 28 32 29 62 40 83 48 24 24 58 16 10 36 1 
75 72 13 44 40 55 46 34 34 29 51 55 19 30 53 36 60 38 47 37 0 28 46 23 24 19 30 30 32 50 30 14 33 49 35 23 39 52 44 51 26 23 18 10 19 7 47 22 15 39 3 15 22 50 42 45 47 45 45 50 52 40 38 32 52 37 42 52 32 38 45 16 39 41 55 53 37 42 40 46 27 55 42 38 24 45 56 37 38 36 42 32 2 38 28 52 36 50 28 52 14 27 49 55 40 17 10 50 17 19 43 19 49 14 17 45 42 46 29 37 15 54 13 36 17 19 25 40 54 57 37 36 64 34 30 33 34 45 27 53 55 8 47 41 24 39 51 27 47 57 40 28 42 49 21 46 12 28 37 26 52 37 
96 97 21 70 26 76 68 62 63 2 78 82 9 57 77 15 87 59 31 66 28 0 72 46 22 48 10 49 36 28 58 14 61 78 19 41 10 79 17 69 22 50 42 33 15 32 75 19 44 44 32 35 6 74 37 18 21 36 73 37 77 13 60 61 80 62 41 37 26 27 22 44 64 29 83 74 8 19 13 70 7 33 36 48 17 20 80 62 64 22 55 58 26 14 46 36 45 77 8 77 29 53 72 83 34 44 36 77 39 48 58 37 67 33 12 23 16 23 56 65 43 75 40 9 20 21 39 13 82 85 40 37 86 51 39 36 21 72 54 40 82 23 71 13 27 61 77 2 74 85 61 24 58 35 34 74 41 22 66 55 72 66 
82 26 58 51 86 69 12 34 27 72 8 10 62 15 57 81 14 59 75 31 46 72 0 50 70 32 76 59 49 96 37 59 14 23 81 33 82 47 83 70 72 22 48 49 57 47 19 68 32 78 43 37 65 58 86 90 92 89 12 74 7 81 17 17 16 10 57 77 77 66 81 29 9 87 48 66 79 79 80 56 73 101 85 41 70 81 62 9 7 82 73 13 48 76 29 79 72 6 68 6 43 44 60 12 83 28 36 9 32 37 71 56 70 53 63 79 87 81 17 12 41 68 42 78 53 52 38 85 12 17 78 52 71 29 43 74 80 4 18 77 50 49 9 85 51 17 5 70 5 15 60 57 69 74 41 8 37 73 15 32 68 30 
52 76 24 24 44 32 55 21 26 47 52 55 38 36 31 46 63 15 70 26 23 46 50 0 29 18 42 9 54 57 17 32 35 42 42 42 54 34 63 28 31 32 4 13 41 16 41 30 20 28 20 35 40 28 39 57 58 43 43 73 57 59 50 32 49 45 65 75 34 61 66 25 47 43 38 30 53 63 59 24 41 61 39 58 32 65 34 44 45 42 23 40 24 58 45 74 22 51 48 57 36 9 26 55 37 27 26 50 34 13 22 9 26 12 33 66 54 67 35 38 10 31 11 55 40 42 46 54 53 54 29 58 41 51 52 27 40 48 34 76 37 30 55 55 47 51 55 43 49 56 17 51 21 71 43 46 16 32 36 18 29 26 
75 96 11 52 16 55 70 50 52 24 74 78 20 54 59 17 84 39 53 54 24 22 70 29 0 39 14 29 49 28 45 17 56 69 12 47 27 63 39 48 2 48 27 21 28 22 67 3 38 22 27 38 19 55 18 28 29 20 67 59 76 34 63 54 74 62 58 59 7 47 44 40 64 16 67 54 28 41 35 51 15 32 18 59 4 43 61 61 63 13 33 57 22 37 52 58 23 73 29 76 35 38 53 78 16 41 35 73 41 36 36 20 46 18 14 46 25 45 53 60 31 54 29 31 31 33 47 26 77 79 18 52 66 57 50 13 11 69 51 61 66 26 72 27 40 64 75 20 71 80 41 41 37 56 42 69 33 3 59 44 51 54 
62 58 29 30 56 45 37 15 14 49 35 39 39 17 38 54 46 30 64 18 19 48 32 18 39 0 49 27 43 67 13 33 18 30 51 27 58 35 63 43 41 14 15 18 38 17 28 39 5 46 15 23 41 37 54 64 65 58 27 66 39 60 32 15 34 27 54 68 46 55 64 9 29 56 37 42 56 62 60 33 46 72 53 44 41 64 42 26 26 52 41 22 22 58 30 69 40 34 47 39 27 15 36 38 52 11 15 33 21 5 40 23 42 22 37 64 61 65 17 21 9 43 10 56 35 36 33 59 37 39 45 47 51 35 39 42 51 30 16 69 38 26 37 60 39 33 37 46 32 40 32 44 39 65 32 30 7 43 20 7 42 17 
90 102 19 66 16 70 74 61 63 12 82 85 16 60 73 5 91 54 42 65 30 10 76 42 14 49 0 44 45 19 57 17 64 79 9 48 12 77 25 63 14 54 39 32 23 32 77 12 46 35 34 41 13 70 26 15 16 26 75 48 82 20 66 63 82 67 52 48 16 38 31 47 69 18 80 69 13 28 21 65 3 25 26 56 10 29 75 67 69 12 47 63 28 24 53 46 37 80 19 82 35 51 67 86 24 47 40 81 44 47 50 33 61 30 13 33 11 32 59 68 42 69 39 17 27 30 47 11 85 88 31 47 81 58 48 27 11 76 58 50 80 27 76 12 36 67 82 9 78 88 56 34 52 45 41 77 42 13 68 55 66 65 
46 84 28 24 42 26 65 28 33 51 60 64 43 45 30 46 72 10 76 32 30 49 59 9 29 27 44 0 63 55 24 37 44 49 41 51 56 36 67 20 30 42 13 20 47 23 49 31 30 21 29 44 44 26 34 58 58 39 51 80 66 62 60 41 56 55 73 81 32 68 71 35 57 41 39 25 56 68 63 21 43 59 34 67 33 69 31 54 54 40 13 50 31 63 55 81 15 60 53 66 45 15 23 63 33 37 36 58 44 22 13 12 19 17 37 71 54 71 45 47 19 25 20 58 47 49 55 55 62 62 23 66 37 60 60 22 39 57 43 83 38 38 65 56 55 61 64 47 58 64 12 58 12 78 52 55 26 31 44 27 22 33 
105 70 40 73 61 87 41 58 55 34 58 60 30 39 82 50 62 70 26 60 32 36 49 54 49 43 45 63 0 64 57 32 45 65 54 17 44 78 38 83 51 35 50 42 22 39 61 46 38 69 33 20 32 80 68 53 56 69 56 25 51 38 33 47 63 38 10 27 57 17 34 35 40 63 80 84 40 33 37 76 41 70 68 12 46 35 86 40 43 56 74 37 32 32 19 29 67 55 28 52 17 57 79 62 65 33 28 58 23 47 75 52 81 46 36 32 52 34 38 49 45 85 43 37 18 16 11 48 61 66 66 3 94 20 6 62 55 52 38 27 81 25 44 48 9 33 54 36 53 65 72 11 75 25 11 55 39 52 51 51 83 59 
98 122 37 79 13 80 94 78 80 29 101 105 35 80 86 14 110 65 55 82 50 28 96 57 28 67 19 55 64 0 73 37 83 97 15 68 21 91 33 71 26 73 55 49 42 49 95 28 65 39 53 60 32 82 25 12 10 21 94 61 102 30 86 82 101 86 69 61 23 54 41 66 89 15 95 79 24 39 32 77 23 5 25 76 26 39 86 86 88 15 54 82 47 36 73 58 44 100 36 101 55 66 79 105 25 67 59 100 64 64 58 47 69 46 32 44 12 42 79 87 59 78 57 29 47 49 66 17 104 106 35 65 91 78 67 34 16 95 77 63 93 47 96 17 55 87 101 28 97 107 67 52 60 59 61 96 60 24 87 72 75 82 
50 61 37 17 61 33 45 4 9 59 36 40 49 26 25 61 48 22 77 9 30 58 37 17 45 13 57 24 57 73 0 43 23 25 58 40 68 22 74 33 47 25 18 25 50 26 25 45 18 45 27 36 52 24 56 72 73 60 27 79 44 71 42 19 32 35 67 81 51 68 76 22 37 60 25 31 66 73 71 21 55 78 56 56 48 75 29 33 33 58 37 31 32 69 42 81 39 37 59 43 40 8 24 39 54 23 28 34 34 10 34 26 33 27 46 76 69 77 26 24 15 32 18 67 47 48 46 68 38 37 46 61 38 47 52 44 56 34 25 82 25 38 44 69 52 43 41 56 35 40 23 57 32 78 45 31 18 49 21 6 32 9 
83 85 9 56 30 64 57 47 48 16 65 68 6 43 64 22 74 46 39 51 14 14 59 32 17 33 17 37 32 37 43 0 47 63 23 31 24 65 31 57 18 37 28 19 11 17 61 14 30 37 18 23 8 60 35 31 33 37 59 44 65 27 49 46 66 49 41 44 24 32 34 30 52 31 68 62 23 31 27 56 13 42 35 42 14 33 66 50 52 25 45 45 11 26 36 44 37 63 16 64 19 39 59 69 33 30 23 64 27 33 47 25 56 20 4 34 28 34 42 51 28 62 25 23 13 16 31 26 68 71 34 35 73 42 33 29 24 59 41 46 68 10 59 27 22 50 64 12 61 71 49 24 48 41 26 60 26 20 52 40 60 51 
71 40 46 38 73 56 22 20 14 62 17 21 51 6 45 69 28 45 70 19 33 61 14 35 56 18 64 44 45 83 23 47 0 19 68 27 72 37 74 56 58 11 33 35 48 34 15 55 18 64 30 28 55 46 72 79 80 75 11 71 22 72 20 3 18 13 55 73 64 61 73 17 14 73 39 53 69 71 71 44 61 88 71 41 57 74 50 11 10 69 58 10 36 68 26 74 58 16 59 21 35 29 47 21 69 17 25 16 24 22 56 41 56 39 51 72 76 74 7 4 27 55 28 68 44 44 34 74 20 23 63 49 59 29 40 60 67 12 7 73 40 38 20 74 45 22 19 60 14 23 46 51 55 70 35 12 23 60 5 18 54 18 
60 39 59 32 85 50 36 20 16 79 17 20 68 26 36 84 28 45 90 16 49 78 23 42 69 30 79 49 65 97 25 63 19 0 81 47 88 25 92 53 71 30 42 47 66 47 4 68 33 70 45 47 71 39 81 94 95 85 11 90 29 89 38 18 9 30 75 93 75 80 92 34 30 85 25 47 86 90 89 38 76 101 81 60 71 92 41 27 25 82 61 29 52 86 46 94 64 19 76 28 53 33 41 18 79 34 42 15 43 32 58 50 54 50 67 91 91 93 26 16 37 49 39 86 62 63 54 90 17 14 71 69 49 48 60 69 80 19 27 93 27 55 33 90 64 39 24 76 19 17 45 70 56 89 55 14 37 72 13 24 50 15 
85 107 22 65 7 66 80 62 65 22 86 89 24 65 71 6 96 51 51 67 35 19 81 42 12 51 9 41 54 15 58 23 68 81 0 55 19 76 33 58 11 59 39 33 32 34 80 12 49 28 38 47 21 67 17 17 17 16 79 57 87 29 72 66 86 72 61 57 9 47 40 51 74 9 79 65 21 37 30 63 12 20 17 65 10 38 72 72 74 2 42 68 32 33 60 55 32 84 28 87 42 50 64 90 15 52 45 84 50 49 45 32 56 30 19 42 14 41 64 72 43 65 41 26 35 38 54 17 88 91 24 56 77 65 56 21 2 80 62 59 78 33 82 17 44 73 86 18 82 92 53 43 47 54 49 81 45 9 71 56 62 67 
90 56 35 57 61 72 27 41 38 41 41 43 32 21 66 54 47 57 43 43 23 41 33 42 47 27 48 51 17 68 40 31 27 47 55 0 51 61 50 69 49 17 37 32 26 29 43 44 22 63 23 8 35 65 65 60 62 67 38 43 36 48 18 29 45 22 27 45 55 33 48 18 24 63 63 70 48 46 48 61 44 74 65 16 45 48 70 23 26 57 64 20 24 44 5 46 59 38 36 37 12 42 64 45 62 16 15 41 7 32 64 42 68 37 36 46 58 48 20 31 32 71 30 46 21 20 6 54 44 49 61 21 79 10 12 56 55 35 20 45 64 21 30 55 18 19 38 40 37 48 58 24 63 42 8 37 25 50 33 34 69 42 
102 108 30 78 24 83 79 72 73 10 89 92 20 67 85 12 97 66 34 76 39 10 82 54 27 58 12 56 44 21 68 24 72 88 19 51 0 88 14 75 26 61 50 42 25 41 86 25 55 47 42 45 17 82 37 9 12 35 83 40 87 9 70 71 91 72 48 40 28 33 21 55 74 28 91 81 3 19 11 77 12 26 37 56 22 19 87 73 75 22 60 69 36 15 56 38 50 87 16 87 39 62 79 93 35 55 47 88 50 57 63 45 73 41 21 23 8 22 66 76 52 81 50 8 30 31 49 4 92 95 43 45 93 60 48 39 21 83 65 42 91 33 81 3 36 71 88 12 85 96 68 32 64 38 44 84 51 26 76 65 78 75 
34 65 58 12 78 26 59 19 23 81 43 46 71 43 11 80 54 28 99 18 52 79 47 34 63 35 77 36 78 91 22 65 37 25 76 61 88 0 96 31 65 44 37 45 72 47 29 64 40 57 49 58 73 15 71 92 93 75 35 101 54 92 58 34 35 51 89 103 68 90 98 43 52 77 3 24 87 95 92 17 75 95 70 77 67 97 16 48 47 76 44 47 54 91 62 104 50 45 81 53 62 26 18 43 69 45 50 41 55 32 40 43 32 46 67 98 88 98 43 37 37 25 39 88 69 71 67 88 42 39 59 82 23 66 74 58 74 43 43 104 3 60 56 89 74 60 50 77 44 43 26 79 37 100 66 39 40 66 33 27 27 19 
113 107 39 87 38 93 77 78 78 15 90 93 25 69 95 26 97 76 21 81 44 17 83 63 39 63 25 67 38 33 74 31 74 92 33 50 14 96 0 87 39 63 59 50 26 48 89 36 59 60 48 46 23 91 51 21 24 49 86 28 87 4 69 74 93 72 40 27 41 23 8 58 74 42 99 92 11 6 3 87 24 38 51 51 34 5 97 73 76 36 72 69 41 6 54 24 62 88 15 87 40 70 89 95 49 57 50 90 50 64 75 55 85 50 29 10 22 8 68 78 59 92 56 8 30 30 46 17 94 98 56 38 104 58 44 52 35 84 67 29 99 37 80 17 32 69 88 19 86 97 79 27 76 25 42 86 56 39 79 70 89 81 
26 93 48 21 58 8 79 36 42 71 69 72 64 59 20 64 80 12 97 39 51 69 70 28 48 43 63 20 83 71 33 57 56 53 58 69 75 31 87 0 49 57 33 40 68 44 55 50 47 32 49 63 64 16 47 76 76 51 60 101 77 82 75 53 63 69 93 102 49 89 91 52 71 55 34 8 76 88 83 15 63 74 47 86 52 90 18 67 67 57 17 64 51 83 72 101 26 69 74 77 65 28 13 70 46 54 55 67 62 38 13 32 2 38 57 92 72 92 59 58 37 7 39 78 67 70 74 74 69 68 36 86 19 78 80 37 56 67 58 103 32 58 77 75 75 76 74 67 68 71 11 79 11 99 71 64 44 49 54 39 4 40 
75 98 13 54 14 56 72 51 54 25 76 80 22 56 60 15 86 40 54 56 26 22 72 31 2 41 14 30 51 26 47 18 58 71 11 49 26 65 39 49 0 50 28 23 29 24 69 4 40 21 29 40 20 56 17 27 27 18 69 59 78 34 65 56 75 64 59 60 6 48 45 42 66 14 68 55 28 42 35 52 15 30 16 60 5 43 62 63 65 11 33 59 24 37 54 58 23 75 30 78 37 39 54 80 14 43 37 75 43 38 36 21 46 20 15 46 24 45 55 62 33 55 31 31 32 35 49 25 79 81 17 54 67 59 52 13 9 71 53 62 67 27 74 26 41 66 77 20 73 82 43 42 37 57 44 71 35 1 61 46 52 56 
75 48 36 42 64 58 23 25 21 51 28 31 40 6 50 59 37 45 59 26 23 50 22 32 48 14 54 42 35 73 25 37 11 30 59 17 61 44 63 57 50 0 29 28 37 25 27 46 11 58 20 17 44 50 65 68 70 68 23 59 28 60 18 12 30 14 45 62 55 49 62 7 16 65 46 56 58 60 60 47 51 79 64 32 48 62 55 13 15 60 55 9 26 57 17 63 53 26 47 28 23 29 50 32 62 6 14 27 12 19 54 36 56 32 41 61 65 62 5 15 22 57 22 57 33 33 23 63 31 34 57 38 64 21 29 53 58 22 4 62 47 27 24 64 33 19 27 49 24 34 46 39 53 59 24 23 16 52 17 19 56 25 
57 74 20 27 43 37 52 22 26 43 50 54 34 33 35 43 62 20 65 27 18 42 48 4 27 15 39 13 50 55 18 28 33 42 39 37 50 37 59 33 28 29 0 8 36 11 41 27 17 30 16 30 36 33 39 54 55 43 42 69 55 55 47 30 48 43 60 70 33 57 62 21 45 42 41 35 50 59 55 28 38 59 38 53 30 61 38 41 42 40 27 38 19 54 41 70 24 50 44 55 32 11 31 54 37 23 22 49 30 11 26 8 31 9 29 62 51 62 32 36 6 35 7 51 35 37 42 51 52 53 30 53 46 47 47 27 38 46 31 71 40 26 53 52 42 48 53 40 48 55 22 47 26 67 38 45 12 30 35 17 33 27 
65 76 12 36 38 45 51 29 31 35 53 57 25 33 44 36 63 28 56 33 10 33 49 13 21 18 32 20 42 49 25 19 35 47 33 32 42 45 50 40 23 28 8 0 28 3 46 21 17 31 9 24 27 41 37 47 48 40 45 60 56 46 45 33 52 42 53 62 28 48 53 20 44 38 49 43 41 50 46 37 30 54 36 48 23 52 47 41 42 34 32 37 10 46 36 61 27 52 35 56 24 19 40 56 34 21 17 51 25 15 32 9 39 4 21 53 44 54 32 39 9 44 7 42 27 29 36 43 55 57 29 46 54 42 41 25 33 48 31 63 48 17 52 44 34 46 54 31 50 58 30 38 32 58 32 47 12 25 38 23 42 33 
93 82 20 64 39 73 53 53 52 14 65 68 7 43 72 29 72 56 28 56 19 15 57 41 28 38 23 47 22 42 50 11 48 66 32 26 25 72 26 68 29 37 36 28 0 25 63 25 33 49 22 20 10 69 46 33 36 47 60 32 62 23 45 48 67 47 30 34 35 20 26 32 49 41 75 71 22 23 22 65 19 48 46 33 24 26 75 48 50 34 56 44 17 20 31 33 48 63 10 62 14 46 68 69 43 31 24 64 25 39 58 35 66 30 14 25 32 26 42 52 35 72 32 20 4 6 23 28 68 72 46 24 83 35 24 41 33 58 41 35 75 11 56 28 12 46 63 14 61 71 58 12 58 30 18 60 31 30 53 45 70 56 
68 74 12 38 39 48 49 30 31 33 51 55 23 31 46 36 62 31 54 34 7 32 47 16 22 17 32 23 39 49 26 17 34 47 34 29 41 47 48 44 24 25 11 3 25 0 45 21 15 34 6 21 25 44 39 47 48 42 44 57 54 44 42 32 51 40 49 59 30 45 51 18 42 39 50 46 40 48 44 39 29 55 38 44 23 50 50 39 40 35 35 35 7 43 33 58 30 50 33 54 21 21 42 55 36 19 14 50 22 15 36 13 42 8 20 51 43 51 30 37 10 47 8 41 24 26 32 42 54 56 32 43 57 39 37 28 33 46 29 60 50 14 50 43 31 43 52 30 48 57 33 35 35 55 28 46 10 26 37 23 45 33 
64 37 58 34 84 52 31 20 15 76 14 17 66 22 39 82 25 46 86 16 47 75 19 41 67 28 77 49 61 95 25 61 15 4 80 43 86 29 89 55 69 27 41 46 63 45 0 67 31 70 43 44 69 41 81 92 94 85 7 86 25 86 33 15 7 25 71 89 74 77 89 31 25 84 29 50 84 87 86 41 74 100 80 56 69 89 44 23 21 80 62 24 49 83 42 90 64 15 74 24 50 33 43 15 78 31 39 12 40 31 59 50 55 49 64 88 89 89 23 12 36 51 38 83 59 60 50 87 14 12 71 65 52 44 56 68 79 15 23 89 31 52 28 88 60 34 20 74 15 15 46 67 57 86 51 10 35 71 10 23 52 15 
77 95 9 53 18 58 68 50 52 21 73 77 17 52 61 16 83 41 50 54 22 19 68 30 3 39 12 31 46 28 45 14 55 68 12 44 25 64 36 50 4 46 27 21 25 21 67 0 37 25 25 36 16 57 21 27 28 23 66 55 75 32 61 53 73 60 55 56 10 44 41 39 62 18 68 56 25 38 32 52 12 33 21 56 2 40 62 60 61 13 35 55 20 34 49 54 26 72 25 74 32 38 54 77 19 39 33 72 39 36 38 21 48 18 10 43 23 42 51 59 30 56 28 28 27 30 44 24 76 78 21 49 68 55 47 17 12 68 50 58 67 23 70 25 36 62 74 17 70 79 43 37 39 53 39 68 32 6 58 44 53 54 
67 58 27 35 54 49 35 20 19 45 36 40 35 16 43 51 46 34 59 23 15 44 32 20 38 5 46 30 38 65 18 30 18 33 49 22 55 40 59 47 40 11 17 17 33 15 31 37 0 47 12 18 37 42 54 61 62 57 29 61 39 56 29 16 36 25 49 63 45 50 59 4 27 55 42 47 53 57 55 38 43 70 53 39 39 59 47 24 25 50 44 20 18 53 25 64 42 35 43 38 22 19 41 40 51 6 10 35 15 9 43 24 46 21 33 59 58 60 15 22 10 48 10 52 30 31 28 56 39 41 46 42 56 30 34 42 49 31 14 64 43 22 35 57 34 31 37 42 33 42 36 39 42 60 26 31 5 42 22 12 47 22 
58 104 29 44 26 41 82 50 55 46 80 84 42 63 49 35 92 29 75 54 39 44 78 28 22 46 35 21 69 39 45 37 64 70 28 63 47 57 60 32 21 58 30 31 49 34 70 25 47 0 40 54 41 45 15 46 45 19 72 81 85 56 76 61 77 72 79 81 19 69 66 51 75 23 60 40 49 63 57 41 36 41 14 77 26 65 49 71 72 26 15 67 38 59 67 80 6 80 51 85 53 36 41 83 14 52 48 79 56 41 19 22 30 26 35 68 42 67 62 67 36 39 36 52 51 53 65 45 82 83 4 73 52 73 69 8 26 76 61 83 59 44 82 46 60 77 83 42 78 85 30 62 21 78 60 75 41 21 65 47 36 55 
72 69 15 41 43 53 43 30 30 33 48 51 23 27 50 39 57 36 50 33 3 32 43 20 27 15 34 29 33 53 27 18 30 45 38 23 42 49 48 49 29 20 16 9 22 6 43 25 12 40 0 15 25 47 44 48 50 47 41 53 49 44 36 29 48 34 44 55 35 41 49 13 37 44 52 51 40 46 44 43 31 58 44 38 27 48 53 34 36 39 41 30 6 42 27 55 36 46 32 49 16 24 46 52 42 14 8 46 16 16 42 19 47 14 21 48 45 49 25 34 12 51 10 40 20 22 26 44 50 53 38 37 61 33 31 34 37 42 24 56 52 11 44 45 26 37 48 30 44 54 38 31 41 51 22 43 8 31 34 22 49 33 
85 62 27 53 53 66 33 38 35 35 44 47 25 23 61 46 51 50 42 40 15 35 37 35 38 23 41 44 20 60 36 23 28 47 47 8 45 58 46 63 40 17 30 24 20 21 44 36 18 54 15 0 29 59 57 53 56 59 40 43 42 43 25 29 47 26 31 45 46 32 45 14 29 55 60 64 42 43 43 56 37 66 56 23 37 45 65 27 29 49 56 23 16 40 13 46 51 42 31 42 6 36 59 48 54 13 8 43 4 26 57 34 62 29 28 43 51 45 22 32 25 65 23 40 16 15 11 48 47 51 52 24 73 19 17 48 47 38 21 46 61 13 36 48 16 26 42 34 40 51 52 22 56 42 8 40 19 42 34 30 63 39 
91 91 16 63 28 71 62 55 56 7 72 75 3 50 71 18 80 54 33 59 22 6 65 40 19 41 13 44 32 32 52 8 55 71 21 35 17 73 23 64 20 44 36 27 10 25 69 16 37 41 25 29 0 68 36 24 26 37 66 39 71 19 54 54 73 55 39 39 25 27 26 38 58 30 76 69 15 23 19 64 9 38 36 43 15 25 74 56 58 24 51 52 19 18 40 38 42 70 9 71 23 47 66 76 34 37 29 71 33 41 53 32 62 27 7 27 22 27 49 59 36 69 33 15 14 17 34 19 75 78 38 34 81 45 35 33 22 66 48 41 76 16 65 19 23 55 71 5 68 78 56 22 54 36 29 67 34 21 59 48 67 59 
25 78 52 7 68 11 68 25 31 76 55 58 67 50 4 72 67 16 98 26 50 74 58 28 55 37 70 26 80 82 24 60 46 39 67 65 82 15 91 16 56 50 33 41 69 44 41 57 42 45 47 59 68 0 59 84 84 63 47 101 65 87 66 42 48 59 91 103 58 89 95 46 60 66 18 9 82 92 87 4 69 85 59 81 59 94 5 57 56 66 30 55 52 87 66 103 38 56 77 64 63 23 3 56 58 48 51 53 58 33 26 36 17 41 62 95 81 95 50 46 35 10 37 83 68 70 70 81 55 53 48 84 14 71 76 48 65 54 49 104 15 58 66 82 74 67 61 72 55 56 14 79 24 99 68 51 40 58 43 30 12 28 
73 113 30 58 12 56 88 61 65 39 89 93 38 70 64 24 100 43 68 66 42 37 86 39 18 54 26 34 68 25 56 35 72 81 17 65 37 71 51 47 17 65 39 37 46 39 81 21 54 15 44 57 36 59 0 33 32 4 81 75 93 46 81 69 88 79 76 75 11 64 58 57 81 9 74 55 39 55 47 55 29 26 0 77 21 56 64 78 80 14 30 74 40 50 70 73 21 89 45 93 54 48 56 93 2 58 52 88 60 50 34 31 45 32 32 60 30 58 69 75 45 55 44 43 49 52 66 34 92 93 11 71 67 76 69 12 15 85 68 77 73 44 89 35 58 82 91 35 87 95 45 58 36 72 61 84 49 15 74 57 51 66 
103 116 34 81 20 84 87 77 78 19 96 99 27 74 88 11 105 68 42 81 45 18 90 57 28 64 15 58 53 12 72 31 79 94 17 60 9 92 21 76 27 68 54 47 33 47 92 27 61 46 48 53 24 84 33 0 3 31 90 49 95 17 79 77 97 80 57 48 27 42 29 61 82 23 95 83 13 26 19 80 17 17 33 65 25 26 89 80 83 19 60 76 42 24 65 45 50 94 25 95 47 66 82 100 32 61 54 95 57 62 63 48 74 45 27 31 3 29 73 83 57 82 55 17 38 40 57 5 99 102 41 54 95 69 57 38 19 90 72 50 94 41 89 5 45 79 95 19 92 102 70 41 65 46 52 91 57 26 83 70 80 81 
103 118 36 81 19 84 89 78 80 22 98 101 30 76 88 12 107 68 45 82 47 21 92 58 29 65 16 58 56 10 73 33 80 95 17 62 12 93 24 76 27 70 55 48 36 48 94 28 62 45 50 56 26 84 32 3 0 29 92 52 97 21 81 79 99 82 60 51 26 45 32 63 84 22 96 83 16 29 22 80 19 14 32 68 25 29 90 83 85 18 59 78 44 27 67 48 49 96 28 97 50 67 82 102 31 63 56 97 60 64 63 49 74 46 29 34 4 32 75 85 58 82 56 20 41 42 60 8 101 104 41 57 95 72 60 38 19 92 74 53 95 43 92 8 47 82 97 22 94 104 70 44 64 49 55 93 58 26 85 71 79 82 
77 116 32 63 10 60 91 65 69 39 93 97 39 73 68 23 104 47 68 70 45 36 89 43 20 58 26 39 69 21 60 37 75 85 16 67 35 75 49 51 18 68 43 40 47 42 85 23 57 19 47 59 37 63 4 31 29 0 85 74 96 45 83 73 91 82 77 74 12 64 57 60 84 7 78 59 38 54 46 59 29 22 4 79 22 55 68 81 83 14 34 77 43 50 72 72 25 92 45 96 56 52 60 97 6 61 55 91 62 54 38 34 49 35 33 59 28 57 72 79 48 59 47 42 50 53 68 32 95 97 15 72 71 78 71 16 15 88 71 76 77 46 92 33 59 85 95 35 90 98 49 59 40 71 63 88 52 17 78 61 56 70 
70 33 56 40 84 58 24 24 18 73 8 12 63 17 45 80 20 50 81 20 45 73 12 43 67 27 75 51 56 94 27 59 11 11 79 38 83 35 86 60 69 23 42 45 60 44 7 66 29 72 41 40 66 47 81 90 92 85 0 81 18 83 27 12 7 19 65 84 74 72 85 28 19 84 35 55 81 83 83 46 72 99 81 50 68 85 50 17 14 80 65 18 47 80 36 85 66 9 70 18 46 36 48 11 79 28 36 6 35 31 62 50 60 49 63 84 87 85 18 7 36 57 38 80 56 56 44 85 10 12 72 59 59 38 50 69 78 8 19 84 37 50 21 86 56 28 14 71 8 13 50 62 60 81 46 3 34 71 7 25 57 19 
126 94 53 95 64 106 65 81 79 35 83 85 38 64 103 52 86 89 6 84 50 37 74 73 59 66 48 80 25 61 79 44 71 90 57 43 40 101 28 101 59 59 69 60 32 57 86 55 61 81 53 43 39 101 75 49 52 74 81 0 76 31 58 72 88 64 18 2 64 12 20 58 65 67 104 104 37 22 29 97 45 67 74 34 54 22 107 65 68 60 89 62 49 25 45 5 81 80 29 77 39 78 100 87 72 57 51 83 47 69 91 68 99 63 45 17 49 20 63 74 66 104 64 32 33 31 36 45 86 91 77 22 115 45 31 72 59 77 63 2 104 42 69 44 27 57 79 39 79 90 91 22 91 2 35 80 61 60 76 74 102 83 
89 20 65 58 93 76 11 41 35 77 11 11 67 22 64 87 10 67 78 38 52 77 7 57 76 39 82 66 51 102 44 65 22 29 87 36 87 54 87 77 78 28 55 56 62 54 25 75 39 85 49 42 71 65 93 95 97 96 18 76 0 85 18 25 20 15 58 79 84 69 84 36 13 93 54 73 84 83 84 64 78 107 92 42 76 85 69 15 13 88 80 19 54 81 32 81 80 9 72 0 48 51 67 14 90 35 42 13 37 44 78 63 77 60 69 83 93 85 23 19 49 75 49 82 58 57 41 90 14 19 85 54 77 31 45 81 87 10 24 78 56 54 7 91 55 18 4 76 10 16 67 60 77 76 45 14 44 80 23 40 75 37 
109 105 34 83 34 89 76 74 74 11 88 91 21 66 90 22 95 72 24 78 40 13 81 59 34 60 20 62 38 30 71 27 72 89 29 48 9 92 4 82 34 60 55 46 23 44 86 32 56 56 44 43 19 87 46 17 21 45 83 31 85 0 67 71 90 70 40 30 37 24 11 55 72 37 95 87 7 9 1 83 19 35 46 51 30 9 93 71 73 31 67 67 38 6 53 28 58 86 12 85 37 66 85 92 44 55 47 87 48 60 70 51 80 46 25 13 18 12 65 76 55 88 53 3 27 28 44 13 91 95 51 38 99 56 43 47 31 82 64 32 95 33 79 13 31 68 86 15 84 95 74 26 71 28 40 84 53 34 77 67 85 77 
91 37 51 59 79 76 8 41 35 60 26 27 51 16 66 72 29 63 59 40 38 60 17 50 63 32 66 60 33 86 42 49 20 38 72 18 70 58 69 75 65 18 47 45 45 42 33 61 29 76 36 25 54 66 81 79 81 83 27 58 18 67 0 24 32 8 40 60 71 50 66 25 8 80 59 73 67 64 66 63 62 92 80 24 62 67 71 10 12 74 74 11 40 62 14 62 71 23 55 19 31 47 67 29 78 23 28 26 21 37 73 53 74 50 53 64 76 66 16 22 40 74 40 65 40 39 23 73 29 34 74 35 80 12 27 70 72 20 17 60 61 38 11 74 36 1 21 59 22 32 64 42 72 58 27 24 34 67 25 36 74 39 
67 43 44 35 71 52 26 17 11 61 20 23 51 8 42 68 31 41 71 16 32 61 17 32 54 15 63 41 47 82 19 46 3 18 66 29 71 34 74 53 56 12 30 33 48 32 15 53 16 61 29 29 54 42 69 77 79 73 12 72 25 71 24 0 19 16 57 74 62 62 74 16 18 71 36 50 69 72 71 40 60 87 69 43 56 74 47 14 14 67 55 13 35 68 28 75 55 19 58 24 35 26 43 23 67 16 24 18 25 19 53 39 52 37 50 73 74 74 9 5 24 51 25 68 44 44 35 73 22 24 61 51 56 32 42 57 66 15 9 75 37 37 24 73 45 25 22 59 17 25 42 51 51 71 36 14 21 58 5 14 51 14 
70 30 63 42 90 60 29 28 22 81 8 10 70 24 46 88 18 54 88 24 52 80 16 49 74 34 82 56 63 101 32 66 18 9 86 45 91 35 93 63 75 30 48 52 67 51 7 73 36 77 48 47 73 48 88 97 99 91 7 88 20 90 32 19 0 25 72 91 80 79 92 35 24 90 35 57 88 90 90 48 79 106 87 56 75 92 51 23 20 86 69 25 54 87 43 92 71 10 78 19 53 41 51 8 85 36 43 6 43 37 66 56 63 56 70 91 94 93 25 14 43 59 44 87 63 63 51 92 7 5 78 66 59 44 57 75 85 12 26 91 37 57 25 93 63 33 15 78 11 8 53 69 64 88 53 8 40 77 14 30 59 23 
84 35 50 51 78 69 10 33 28 62 19 21 52 9 58 72 24 57 64 32 37 62 10 45 62 27 67 55 38 86 35 49 13 30 72 22 72 51 72 69 64 14 43 42 47 40 25 60 25 72 34 26 55 59 79 80 82 82 19 64 15 70 8 16 25 0 46 66 69 55 70 21 2 79 52 66 69 68 69 57 63 92 78 31 61 71 63 2 4 74 69 4 39 66 19 68 67 16 57 15 33 41 60 23 76 20 27 19 22 32 68 50 68 47 54 68 77 70 10 14 36 68 36 67 42 42 27 75 22 27 72 41 72 19 32 68 72 13 11 66 53 39 10 75 40 9 15 60 15 26 58 46 66 63 30 17 30 65 17 30 67 31 
116 75 49 84 68 97 47 69 66 40 66 67 37 49 92 57 68 81 22 70 42 41 57 65 58 54 52 73 10 69 67 41 55 75 61 27 48 89 40 93 59 45 60 53 30 49 71 55 49 79 44 31 39 91 76 57 60 77 65 18 58 40 40 57 72 46 0 21 65 16 33 45 47 70 91 95 44 33 39 87 48 75 76 16 55 35 96 48 51 64 84 46 42 34 28 23 77 63 33 59 28 67 90 70 74 44 39 66 33 58 85 62 92 56 44 30 57 33 48 58 56 96 54 40 27 25 21 52 69 74 76 6 105 27 15 71 62 60 47 20 92 35 51 52 18 40 61 42 62 73 83 17 85 19 22 63 50 60 61 62 94 69 
127 96 54 97 64 107 68 84 81 35 86 88 39 67 105 51 89 90 6 86 52 37 77 75 59 68 48 81 27 61 81 44 73 93 57 45 40 103 27 102 60 62 70 62 34 59 89 56 63 81 55 45 39 103 75 48 51 74 84 2 79 30 60 74 91 66 21 0 64 13 19 60 67 67 106 105 36 21 28 98 45 66 74 37 55 21 108 68 71 60 90 65 51 24 47 2 81 83 30 79 41 79 101 90 72 59 53 86 49 71 92 69 100 64 46 16 49 18 66 77 68 106 65 32 34 33 39 44 89 94 77 24 116 47 33 73 59 79 65 2 106 44 72 43 29 60 81 39 81 93 92 23 92 3 37 83 63 60 79 76 104 85 
76 104 19 56 10 57 78 56 59 28 82 85 27 61 62 16 92 42 58 60 32 26 77 34 7 46 16 32 57 23 51 24 64 75 9 55 28 68 41 49 6 55 33 28 35 30 74 10 45 19 35 46 25 58 11 27 26 12 74 64 84 37 71 62 80 69 65 64 0 53 48 48 72 9 71 56 30 45 38 54 18 27 10 66 10 46 63 69 71 8 32 65 30 40 60 62 22 81 34 84 43 43 55 85 8 49 42 80 49 43 36 25 47 24 20 50 23 49 60 67 37 56 36 34 38 40 55 26 84 86 14 59 68 65 58 11 7 77 59 66 70 33 80 27 47 72 83 24 78 87 44 47 37 61 50 76 40 4 67 50 53 60 
114 87 41 83 54 94 58 70 68 25 74 77 27 54 91 42 79 77 9 73 38 27 66 61 47 55 38 68 17 54 68 32 61 80 47 33 33 90 23 89 48 49 57 48 20 45 77 44 50 69 41 32 27 89 64 42 45 64 72 12 69 24 50 62 79 55 16 13 53 0 17 47 57 57 92 92 29 17 23 85 35 59 64 29 43 19 95 57 59 50 77 53 37 18 36 13 69 72 19 69 27 66 88 79 62 46 39 74 36 57 79 56 87 50 34 15 42 17 54 64 54 92 52 24 21 19 27 37 78 82 66 15 103 38 23 61 49 68 53 14 93 30 62 37 16 50 71 29 70 81 79 10 79 10 25 71 49 49 66 62 90 72 
117 104 42 89 46 97 74 79 79 20 89 91 27 68 97 34 95 80 13 82 45 22 81 66 44 64 31 71 34 41 76 34 73 92 40 48 21 98 8 91 45 62 62 53 26 51 89 41 59 66 49 45 26 95 58 29 32 57 85 20 84 11 66 74 92 70 33 19 48 17 0 58 72 49 101 96 18 3 10 90 29 46 57 46 40 2 100 71 74 43 77 68 43 7 52 16 68 86 17 85 38 72 93 93 56 57 50 88 49 65 80 59 89 54 33 2 30 0 67 78 61 96 58 14 29 29 43 25 92 96 62 33 107 54 39 58 42 82 66 21 101 37 77 24 29 66 86 24 85 96 82 23 81 17 39 85 58 45 79 72 93 82 
72 56 29 39 57 54 31 23 21 45 34 38 34 13 47 52 44 39 57 25 16 44 29 25 40 9 47 35 35 66 22 30 17 34 51 18 55 43 58 52 42 7 21 20 32 18 31 39 4 51 13 14 38 46 57 61 63 60 28 58 36 55 25 16 35 21 45 60 48 47 58 0 24 57 45 51 52 56 55 42 44 72 56 34 41 58 51 21 22 53 49 17 19 52 20 61 46 33 42 35 20 24 46 38 54 1 8 33 11 13 48 28 51 25 34 57 59 59 12 21 15 52 14 52 28 29 24 57 37 40 50 39 60 26 30 46 51 29 11 61 46 21 32 57 31 26 35 43 31 41 40 37 47 57 23 29 9 44 21 16 51 24 
85 33 52 53 80 70 8 35 29 64 18 20 54 11 60 74 23 59 66 34 39 64 9 47 64 29 69 57 40 89 37 52 14 30 74 24 74 52 74 71 66 16 45 44 49 42 25 62 27 75 37 29 58 60 81 82 84 84 19 65 13 72 8 18 24 2 47 67 72 57 72 24 0 81 52 68 71 70 71 58 65 94 80 31 64 72 65 3 4 76 71 7 42 68 20 69 69 15 59 13 35 43 61 22 78 23 29 18 24 34 69 52 70 49 56 70 80 72 12 15 38 69 38 69 44 44 29 77 21 26 74 43 74 20 34 70 74 12 13 67 54 41 8 77 42 8 14 63 14 25 60 48 68 65 32 16 33 68 18 31 69 32 
82 113 28 65 3 64 87 65 68 31 91 95 33 71 71 15 101 50 60 69 41 29 87 43 16 56 18 41 63 15 60 31 73 85 9 63 28 77 42 55 14 65 42 38 41 39 84 18 55 23 44 55 30 66 9 23 22 7 84 67 93 37 80 71 90 79 70 67 9 57 49 57 81 0 80 63 30 46 39 62 22 18 10 73 17 47 71 78 80 6 38 74 39 42 68 65 29 90 38 93 50 52 63 95 9 58 51 90 58 53 42 34 53 34 27 51 20 50 70 77 47 63 45 35 44 47 63 24 94 95 19 65 75 73 65 18 8 86 68 69 79 41 89 25 53 81 92 28 88 97 52 52 44 64 57 86 50 13 76 60 60 70 
35 64 61 15 82 28 59 22 25 84 43 45 74 44 14 84 53 31 102 20 55 83 48 38 67 37 80 39 80 95 25 68 39 25 79 63 91 3 99 34 68 46 41 49 75 50 29 68 42 60 52 60 76 18 74 95 96 78 35 104 54 95 59 36 35 52 91 106 71 92 101 45 52 80 0 26 91 98 95 20 79 98 74 78 70 100 18 49 48 79 47 49 57 94 64 106 53 44 84 53 65 29 21 43 73 47 53 41 57 35 43 47 35 50 70 101 92 102 45 37 40 28 42 91 72 73 69 92 42 38 63 84 25 68 76 62 78 44 44 107 2 63 57 93 76 61 49 80 44 42 30 82 41 102 69 39 43 70 34 30 30 21 
21 87 53 15 65 2 76 32 39 76 64 67 68 57 12 71 75 15 100 35 53 74 66 30 54 42 69 25 84 79 31 62 53 47 65 70 81 24 92 8 55 56 35 43 71 46 50 56 47 40 51 64 69 9 55 83 83 59 55 104 73 87 73 50 57 66 95 105 56 92 96 51 68 63 26 0 81 93 88 9 69 81 55 86 58 95 9 64 64 64 25 62 54 88 72 105 34 65 78 73 66 27 6 65 54 53 55 62 63 38 21 37 10 42 62 96 79 96 57 54 38 1 40 84 70 72 75 80 64 62 44 88 12 77 81 45 63 63 56 107 24 61 74 81 77 74 70 72 63 65 13 82 19 102 73 59 44 56 51 37 4 36 
103 105 29 77 27 83 76 70 71 7 86 90 18 65 85 15 94 66 30 74 37 8 79 53 28 56 13 56 40 24 66 23 69 86 21 48 3 87 11 76 28 58 50 41 22 40 84 25 53 49 40 42 15 82 39 13 16 38 81 37 84 7 67 69 88 69 44 36 30 29 18 52 71 30 91 81 0 15 8 77 13 30 39 53 23 16 87 70 72 24 61 66 34 11 53 34 51 84 12 84 36 61 79 90 37 52 44 85 47 56 64 45 74 41 20 20 12 19 63 73 51 82 48 4 27 28 45 7 89 93 44 41 93 57 44 41 24 80 62 38 90 31 78 7 32 68 85 10 82 93 68 28 65 34 40 82 49 27 74 63 79 74 
114 102 39 86 43 94 73 77 76 17 87 90 24 66 95 31 93 77 15 80 42 19 79 63 41 62 28 68 33 39 73 31 71 90 37 46 19 95 6 88 42 60 59 50 23 48 87 38 57 63 46 43 23 92 55 26 29 54 83 22 83 9 64 72 90 68 33 21 45 17 3 56 70 46 98 93 15 0 7 87 26 44 55 46 37 2 97 69 72 40 74 66 40 4 50 19 65 85 14 83 36 69 90 91 53 55 47 86 47 62 77 56 86 51 30 4 27 3 65 75 58 93 56 11 27 27 41 22 90 94 59 32 104 53 39 55 39 81 64 23 98 35 76 22 28 65 84 21 83 94 80 22 77 19 38 83 55 42 77 69 90 79 
109 104 35 83 36 90 75 74 74 11 87 90 21 66 91 23 94 72 22 78 40 13 80 59 35 60 21 63 37 32 71 27 71 89 30 48 11 92 3 83 35 60 55 46 22 44 86 32 55 57 44 43 19 87 47 19 22 46 83 29 84 1 66 71 90 69 39 28 38 23 10 55 71 39 95 88 8 7 0 83 20 37 47 49 30 8 93 70 73 33 68 66 38 4 52 26 59 85 12 84 37 66 85 92 46 54 46 87 47 60 71 51 81 46 25 12 20 10 65 75 55 88 53 4 27 27 43 15 91 94 52 37 100 55 42 48 32 81 64 31 95 33 78 14 30 67 85 15 83 94 75 25 72 26 39 83 53 35 76 67 85 77 
29 78 48 6 64 12 66 23 29 71 54 58 62 47 8 68 66 12 94 25 46 70 56 24 51 33 65 21 76 77 21 56 44 38 63 61 77 17 87 15 52 47 28 37 65 39 41 52 38 41 43 56 64 4 55 80 80 59 46 97 64 83 63 40 48 57 87 98 54 85 90 42 58 62 20 9 77 87 83 0 64 81 55 77 55 89 10 55 54 62 27 52 47 83 63 98 34 55 73 63 59 19 3 56 54 44 47 52 54 29 23 32 15 36 57 90 76 91 47 44 31 11 33 79 64 65 66 77 55 53 44 80 17 68 73 44 61 53 47 100 18 54 64 78 70 65 60 67 54 56 10 75 21 95 64 50 36 53 41 27 11 26 
90 99 17 65 19 70 71 59 61 10 79 82 12 57 72 9 87 53 39 63 27 7 73 41 15 46 3 43 41 23 55 13 61 76 12 44 12 75 24 63 15 51 38 30 19 29 74 12 43 36 31 37 9 69 29 17 19 29 72 45 78 19 62 60 79 63 48 45 18 35 29 44 65 22 79 69 13 26 20 64 0 29 29 52 10 28 74 63 65 15 48 59 25 22 49 44 38 77 15 78 31 49 67 83 27 44 36 77 41 45 51 32 61 28 9 31 14 30 56 65 39 69 37 15 23 26 43 13 82 84 32 43 80 54 44 28 14 73 55 47 78 24 73 14 32 63 78 6 75 85 56 30 52 42 37 74 39 15 65 52 66 63 
100 127 42 83 16 82 100 82 85 35 106 110 41 85 89 20 116 68 60 87 55 33 101 61 32 72 25 59 70 5 78 42 88 101 20 74 26 95 38 74 30 79 59 54 48 55 100 33 70 41 58 66 38 85 26 17 14 22 99 67 107 35 92 87 106 92 75 66 27 59 46 72 94 18 98 81 30 44 37 81 29 0 27 81 31 44 90 92 94 19 56 88 52 41 79 63 47 105 41 107 61 70 82 110 27 72 65 105 70 69 60 52 71 51 38 49 17 47 84 92 63 81 62 34 53 55 72 22 109 111 37 71 93 84 73 36 21 101 83 68 97 53 102 22 60 93 107 34 103 112 70 58 62 64 67 101 65 29 92 77 78 87 
73 112 29 58 13 55 87 60 65 39 89 93 38 70 63 24 100 42 68 65 42 36 85 39 18 53 26 34 68 25 56 35 71 81 17 65 37 70 51 47 16 64 38 36 46 38 80 21 53 14 44 56 36 59 0 33 32 4 81 74 92 46 80 69 87 78 76 74 10 64 57 56 80 10 74 55 39 55 47 55 29 27 0 77 21 56 63 78 79 14 29 73 40 50 70 73 20 88 45 92 53 47 55 92 2 57 52 87 59 49 33 30 44 31 31 59 30 58 69 75 44 54 43 43 49 51 66 34 91 92 11 70 66 75 69 11 15 84 67 76 72 44 88 35 58 81 91 35 86 94 44 58 35 72 61 83 48 15 73 56 51 65 
107 59 48 74 71 89 30 57 53 46 50 51 40 34 82 62 52 73 37 58 38 48 41 58 59 44 56 67 12 76 56 42 41 60 65 16 56 77 51 86 60 32 53 48 33 44 56 56 39 77 38 23 43 81 77 65 68 79 50 34 42 51 24 43 56 31 16 37 66 29 46 34 31 73 78 86 53 46 49 77 52 81 77 0 56 47 86 33 35 67 80 31 38 45 14 39 74 47 40 42 24 58 81 54 75 33 31 50 23 48 80 57 85 52 46 44 64 46 34 43 48 87 46 49 29 26 12 60 53 58 74 13 95 11 8 70 65 44 34 36 79 33 34 60 21 23 44 47 46 56 75 24 79 35 16 48 42 62 46 50 86 57 
79 97 11 56 16 60 70 52 54 20 75 79 17 54 63 13 85 43 49 56 24 17 70 32 4 41 10 33 46 26 48 14 57 71 10 45 22 67 34 52 5 48 30 23 24 23 69 2 39 26 27 37 15 59 21 25 25 22 68 54 76 30 62 56 75 61 55 55 10 43 40 41 64 17 70 58 23 37 30 55 10 31 21 56 0 38 65 61 63 12 37 57 22 32 50 53 28 74 24 76 33 41 57 79 18 41 34 74 40 38 40 23 50 20 10 41 21 41 53 61 33 58 31 26 28 30 45 22 78 80 22 49 70 56 48 18 10 70 52 57 69 24 72 23 37 63 76 15 72 81 46 37 41 52 40 70 34 5 61 46 56 56 
116 104 41 89 44 96 75 79 78 18 89 92 26 68 97 32 95 79 15 82 45 20 81 65 43 64 29 69 35 39 75 33 74 92 38 48 19 97 5 90 43 62 61 52 26 50 89 40 59 65 48 45 25 94 56 26 29 55 85 22 85 9 67 74 92 71 35 21 46 19 2 58 72 47 100 95 16 2 8 89 28 44 56 47 38 0 99 72 74 41 76 68 43 6 52 19 66 87 16 85 39 71 92 93 54 57 49 89 49 65 78 58 88 53 32 4 28 2 67 78 60 95 58 12 29 29 43 23 92 97 60 34 106 55 40 56 40 83 66 23 100 37 78 22 30 67 86 22 85 96 81 24 79 20 40 85 57 43 79 71 92 82 
20 81 58 12 73 10 72 30 35 81 58 61 72 55 5 78 69 21 104 31 56 80 62 34 61 42 75 31 86 86 29 66 50 41 72 70 87 16 97 18 62 55 38 47 75 50 44 62 47 49 53 65 74 5 64 89 90 68 50 107 69 93 71 47 51 63 96 108 63 95 100 51 65 71 18 9 87 97 93 10 74 90 63 86 65 99 0 61 60 71 34 60 57 93 72 108 42 60 83 68 68 29 7 59 63 53 57 56 63 38 30 42 20 46 67 100 86 101 55 50 40 10 43 89 74 75 76 87 58 55 52 90 8 76 82 53 71 58 54 109 15 64 70 88 80 72 65 77 58 59 19 85 28 105 74 54 46 63 46 35 13 32 
82 35 50 49 78 67 11 31 25 62 17 20 52 8 56 72 24 55 66 30 37 62 9 44 61 26 67 54 40 86 33 50 11 27 72 23 73 48 73 67 63 13 41 41 48 39 23 60 24 71 34 27 56 57 78 80 83 81 17 65 15 71 10 14 23 2 48 68 69 57 71 21 3 78 49 64 70 69 70 55 63 92 78 33 61 72 61 0 2 73 68 4 39 67 20 69 66 15 58 14 33 39 58 21 76 20 27 17 23 31 66 49 67 46 54 70 78 71 9 12 35 66 35 68 43 43 29 75 21 26 71 43 70 21 34 67 72 11 10 68 51 39 11 76 41 11 15 61 13 24 56 47 65 65 32 15 29 65 15 28 65 29 
81 33 51 49 79 66 12 31 25 65 15 17 55 9 55 74 22 55 69 29 38 64 7 45 63 26 69 54 43 88 33 52 10 25 74 26 75 47 76 67 65 15 42 42 50 40 21 61 25 72 36 29 58 56 80 83 85 83 14 68 13 73 12 14 20 4 51 71 71 59 74 22 4 80 48 64 72 72 73 54 65 94 79 35 63 74 60 2 0 75 68 6 41 69 23 72 67 12 60 13 36 39 57 19 77 22 29 15 25 31 66 50 66 47 56 72 80 74 10 10 36 65 36 70 46 45 31 77 18 23 72 46 69 24 37 68 73 8 11 70 49 41 10 78 44 13 12 63 10 22 56 50 65 68 34 12 31 67 14 28 65 28 
84 109 23 64 4 65 82 63 65 25 87 91 26 66 70 9 97 50 54 67 36 22 82 42 13 52 12 40 56 15 58 25 69 82 2 57 22 76 36 57 11 60 40 34 34 35 80 13 50 26 39 49 24 66 14 19 18 14 80 60 88 31 74 67 86 74 64 60 8 50 43 53 76 6 79 64 24 40 33 62 15 19 14 67 12 41 71 73 75 0 40 69 34 36 62 58 30 86 31 88 45 50 64 91 13 53 46 86 52 49 44 32 55 31 21 45 16 43 65 73 44 64 42 29 38 40 56 19 90 92 22 59 76 67 58 19 1 82 64 62 78 36 84 20 47 75 88 21 84 93 52 46 45 57 51 82 46 9 72 57 61 67 
43 98 36 32 41 25 79 41 47 57 73 77 51 59 35 48 85 16 84 45 42 55 73 23 33 41 47 13 74 54 37 45 58 61 42 64 60 44 72 17 33 55 27 32 56 35 62 35 44 15 41 56 51 30 30 60 59 34 65 89 80 67 74 55 69 69 84 90 32 77 77 49 71 38 47 25 61 74 68 27 48 56 29 80 37 76 34 68 68 40 0 64 42 69 68 89 10 74 61 80 56 29 27 76 29 50 49 71 57 36 4 22 15 28 44 78 56 78 59 61 33 24 34 64 57 59 68 58 75 74 19 78 37 74 73 21 40 70 57 92 45 48 79 59 66 75 77 53 72 77 17 69 6 87 64 68 39 33 58 40 21 46 
80 39 45 47 73 65 14 30 24 58 21 24 48 5 55 68 28 52 63 29 32 58 13 40 57 22 63 50 37 82 31 45 10 29 68 20 69 47 69 64 59 9 38 37 44 35 24 55 20 67 30 23 52 55 74 76 78 77 18 62 19 67 11 13 25 4 46 65 65 53 68 17 7 74 49 62 66 66 66 52 59 88 73 31 57 68 60 4 6 69 64 0 35 63 17 66 62 18 54 19 29 36 56 25 71 16 22 20 19 27 63 45 64 42 49 66 73 68 5 12 31 63 31 64 39 39 26 71 24 29 67 40 69 19 31 63 67 14 6 65 50 35 15 72 38 12 19 57 17 28 53 44 61 62 28 17 25 61 15 25 63 28 
76 75 10 46 38 56 48 36 36 27 54 57 16 32 54 33 63 39 46 40 2 26 48 24 22 22 28 31 32 47 32 11 36 52 32 24 36 54 41 51 24 26 19 10 17 7 49 20 18 38 6 16 19 52 40 42 44 43 47 49 54 38 40 35 54 39 42 51 30 37 43 19 42 39 57 54 34 40 38 47 25 52 40 38 22 43 57 39 41 34 42 35 0 36 29 51 35 52 26 54 14 29 50 58 38 19 12 53 19 22 43 19 50 14 15 43 39 44 31 40 17 55 15 34 16 18 26 37 57 59 36 35 65 35 31 31 32 48 30 52 57 6 49 38 24 41 54 24 50 60 41 27 43 47 22 49 15 26 40 29 53 39 
110 100 35 82 39 90 71 73 72 12 84 87 20 63 90 27 91 73 18 76 38 14 76 58 37 58 24 63 32 36 69 26 68 86 33 44 15 91 6 83 37 57 54 46 20 43 83 34 53 59 42 40 18 87 50 24 27 50 80 25 81 6 62 68 87 66 34 24 40 18 7 52 68 42 94 88 11 4 4 83 22 41 50 45 32 6 93 67 69 36 69 63 36 0 48 22 60 82 10 81 33 65 85 88 48 51 44 83 44 58 72 51 81 46 25 9 24 8 62 72 54 88 51 7 24 24 39 19 87 91 54 32 100 51 37 50 35 78 61 27 94 31 74 19 26 63 82 16 80 91 75 21 73 22 35 80 51 37 73 65 86 75 
92 52 40 59 66 75 22 42 38 46 38 40 37 20 67 59 43 60 45 43 28 46 29 45 52 30 53 55 19 73 42 36 26 46 60 5 56 62 54 72 54 17 41 36 31 33 42 49 25 67 27 13 40 66 70 65 67 72 36 45 32 53 14 28 43 19 28 47 60 36 52 20 20 68 64 72 53 50 52 63 49 79 70 14 50 52 72 20 23 62 68 17 29 48 0 49 63 35 40 33 17 44 66 42 67 18 19 38 11 34 68 46 71 41 41 50 63 52 19 30 35 73 34 50 26 25 8 59 41 46 65 23 81 5 13 61 60 32 19 47 65 26 25 60 22 14 34 45 34 45 61 28 67 44 12 35 28 55 32 36 72 42 
127 99 53 97 62 107 70 84 82 34 87 89 38 68 105 49 91 90 4 87 52 36 79 74 58 69 46 81 29 58 81 44 74 94 55 46 38 104 24 101 58 63 70 61 33 58 90 54 64 80 55 46 38 103 73 45 48 72 85 5 81 28 62 75 92 68 23 2 62 13 16 61 69 65 106 105 34 19 26 98 44 63 73 39 53 19 108 69 72 58 89 66 51 22 49 0 80 85 28 81 41 79 101 91 71 60 53 87 50 71 91 69 100 63 45 14 46 16 67 78 68 105 65 30 34 33 40 42 91 95 76 26 116 49 35 71 57 81 66 5 107 44 73 41 30 62 83 38 83 94 92 24 92 4 38 84 63 59 80 76 103 86 
53 98 28 38 31 35 77 43 48 48 74 78 42 58 42 38 86 22 76 47 36 45 72 22 23 40 37 15 67 44 39 37 58 64 32 59 50 50 62 26 23 53 24 27 48 30 64 26 42 6 36 51 42 38 21 50 49 25 66 81 80 58 71 55 71 67 77 81 22 69 68 46 69 29 53 34 51 65 59 34 38 47 20 74 28 66 42 66 67 30 10 62 35 60 63 80 0 74 52 79 50 30 35 77 20 47 44 72 52 35 13 17 24 22 35 69 46 68 57 61 31 34 31 54 49 52 62 48 76 76 9 71 46 69 67 11 30 70 56 83 52 42 77 49 58 72 77 43 72 79 24 61 15 78 58 69 37 24 59 41 30 48 
79 24 62 49 90 67 18 33 27 77 2 5 67 20 55 86 11 59 81 30 50 77 6 51 73 34 80 60 55 100 37 63 16 19 84 38 87 45 88 69 75 26 50 52 63 50 15 72 35 80 46 42 70 56 89 94 96 92 9 80 9 86 23 19 10 16 63 83 81 72 86 33 15 90 44 65 84 85 85 55 77 105 88 47 74 87 60 15 12 86 74 18 52 82 35 85 74 0 73 8 48 44 58 6 86 32 40 4 37 39 71 58 69 56 67 85 92 87 21 13 44 66 45 83 58 58 44 89 6 11 80 58 68 35 49 77 84 4 22 83 47 53 14 90 57 23 5 75 2 9 59 63 69 80 47 5 40 77 15 33 67 29 
100 92 25 72 35 80 63 62 62 6 75 78 10 53 80 23 82 63 24 66 28 8 68 48 29 47 19 53 28 36 59 16 59 76 28 36 16 81 15 74 30 47 44 35 10 33 74 25 43 51 32 31 9 77 45 25 28 45 70 29 72 12 55 58 78 57 33 30 34 19 17 42 59 38 84 78 12 14 12 73 15 41 45 40 24 16 83 58 60 31 61 54 26 10 40 28 52 73 0 72 24 55 75 79 42 42 34 74 35 48 63 41 72 36 16 17 24 18 52 63 43 78 41 10 14 15 32 20 78 82 47 29 90 44 32 43 30 69 51 32 83 21 66 20 19 55 73 9 71 82 65 16 64 27 28 71 41 30 64 55 76 65 
88 20 65 57 92 75 11 40 34 77 11 10 67 22 63 87 10 66 78 38 52 77 6 57 76 39 82 66 52 101 43 64 21 28 87 37 87 53 87 77 78 28 55 56 62 54 24 74 38 85 49 42 71 64 93 95 97 96 18 77 0 85 19 24 19 15 59 79 84 69 85 35 13 93 53 73 84 83 84 63 78 107 92 42 76 85 68 14 13 88 80 19 54 81 33 81 79 8 72 0 48 51 66 13 90 35 42 12 37 44 78 63 77 60 69 83 93 85 23 19 48 74 49 82 58 57 42 90 13 19 85 54 77 31 46 81 87 10 24 79 55 54 7 91 55 19 3 76 9 15 66 61 76 77 45 14 44 80 22 39 74 36 
88 68 24 56 49 69 39 43 41 29 50 53 20 29 65 41 58 52 37 45 14 29 43 36 35 27 35 45 17 55 40 19 35 53 42 12 39 62 40 65 37 23 32 24 14 21 50 32 22 53 16 6 23 63 54 47 50 56 46 39 48 37 31 35 53 33 28 41 43 27 38 20 35 50 65 66 36 36 37 59 31 61 53 24 33 39 68 33 36 45 56 29 14 33 17 41 50 48 24 48 0 39 62 55 51 18 12 50 10 30 57 34 63 28 23 37 45 39 28 39 28 67 25 34 9 9 12 42 54 58 50 21 77 22 16 46 43 44 27 41 65 9 42 43 11 31 48 28 46 57 54 17 57 37 7 46 22 38 40 35 65 44 
48 69 31 17 53 30 51 13 18 54 44 48 45 31 25 54 56 15 75 17 27 53 44 9 38 15 51 15 57 66 8 39 29 33 50 42 62 26 70 28 39 29 11 19 46 21 33 38 19 36 24 36 47 23 48 66 67 52 36 78 51 66 47 26 41 41 67 79 43 66 72 24 43 52 29 27 61 69 66 19 49 70 47 58 41 71 29 39 39 50 29 36 29 65 44 79 30 44 55 51 39 0 22 47 46 25 28 42 35 10 26 18 27 20 40 72 62 73 31 31 11 28 14 62 44 46 47 62 46 46 38 61 37 50 53 35 49 41 30 80 29 35 50 63 51 48 48 51 42 48 17 55 25 76 45 39 17 41 29 11 27 18 
26 81 50 8 65 9 69 26 32 74 57 60 65 51 7 70 69 13 96 28 49 72 60 26 53 36 67 23 79 79 24 59 47 41 64 64 79 18 89 13 54 50 31 40 68 42 43 54 41 41 46 59 66 3 56 82 82 60 48 100 67 85 67 43 51 60 90 101 55 88 93 46 61 63 21 6 79 90 85 3 67 82 55 81 57 92 7 58 57 64 27 56 50 85 66 101 35 58 75 66 62 22 0 58 55 48 50 55 57 32 23 34 14 39 59 93 78 93 50 47 34 8 36 81 66 68 70 79 57 55 44 83 14 71 76 45 63 56 50 102 19 57 67 80 73 68 63 70 57 58 11 78 20 98 68 52 39 55 44 30 9 29 
78 22 67 50 95 68 24 35 29 83 4 3 73 25 54 91 10 61 88 31 55 83 12 55 78 38 86 63 62 105 39 69 21 18 90 45 93 43 95 70 80 32 54 56 69 55 15 77 40 83 52 48 76 56 93 100 102 97 11 87 14 92 29 23 8 23 70 90 85 79 93 38 22 95 43 65 90 91 92 56 83 110 92 54 79 93 59 21 19 91 76 25 58 88 42 91 77 6 79 13 55 47 58 0 91 38 46 5 44 42 73 62 71 61 73 91 97 93 27 17 48 67 49 89 64 64 51 95 1 5 84 65 67 42 56 81 89 10 28 89 45 59 20 96 63 30 9 81 8 2 61 69 72 87 53 9 45 82 18 36 67 30 
73 110 27 57 12 55 85 59 63 37 87 91 36 68 62 22 98 42 66 63 40 34 83 37 16 52 24 33 65 25 54 33 69 79 15 62 35 69 49 46 14 62 37 34 43 36 78 19 51 14 42 54 34 58 2 32 31 6 79 72 90 44 78 67 85 76 74 72 8 62 56 54 78 9 73 54 37 53 46 54 27 27 2 75 18 54 63 76 77 13 29 71 38 48 67 71 20 86 42 90 51 46 55 91 0 55 50 85 57 48 33 28 44 29 29 58 29 56 67 73 42 54 41 41 46 49 63 32 89 91 10 68 66 73 66 10 13 82 65 74 71 42 86 33 56 79 89 33 84 92 44 56 35 69 58 82 46 13 72 55 51 64 
74 55 29 41 57 56 30 25 22 45 34 38 34 13 49 53 43 41 55 27 17 44 28 27 41 11 47 37 33 67 23 30 17 34 52 16 55 45 57 54 43 6 23 21 31 19 31 39 6 52 14 13 37 48 58 61 63 61 28 57 35 55 23 16 36 20 44 59 49 46 57 1 23 58 47 53 52 55 54 44 44 72 57 33 41 57 53 20 22 53 50 16 19 51 18 60 47 32 42 35 18 25 48 38 55 0 7 33 10 15 50 30 53 26 34 56 59 58 11 21 17 54 16 51 27 28 22 57 37 40 51 37 62 24 28 47 51 28 10 59 48 21 31 57 30 25 34 42 30 40 42 36 49 56 21 29 10 45 22 18 53 26 
77 62 23 44 51 58 35 30 29 37 42 45 26 20 53 45 51 42 49 33 10 36 36 26 35 15 40 36 28 59 28 23 25 42 45 15 47 50 50 55 37 14 22 17 24 14 39 33 10 48 8 8 29 51 52 54 56 55 36 51 42 47 28 24 43 27 39 53 42 39 50 8 29 51 53 55 44 47 46 47 36 65 52 31 34 49 57 27 29 46 49 22 12 44 19 53 44 40 34 42 12 28 50 46 50 7 0 41 8 18 49 27 53 22 27 49 51 50 19 29 17 56 15 43 20 21 19 49 45 48 46 32 65 25 25 42 45 36 18 53 53 13 37 49 23 29 41 35 38 48 44 29 48 49 17 37 11 38 29 23 55 32 
76 26 62 46 89 64 22 30 24 78 2 5 68 20 51 86 13 57 84 27 50 77 9 50 73 33 81 58 58 100 34 64 16 15 84 41 88 41 90 67 75 27 49 51 64 50 12 72 35 79 46 43 71 53 88 95 97 91 6 83 13 87 26 18 6 19 66 86 80 74 88 33 18 90 41 62 85 86 87 52 77 105 87 50 74 89 56 17 15 86 71 20 53 83 38 87 72 4 74 12 50 42 55 5 85 33 41 0 39 37 69 57 67 56 68 87 92 89 22 12 43 63 44 84 59 59 46 90 4 8 79 61 65 38 52 76 84 6 23 85 43 54 18 91 59 27 9 76 4 7 57 65 67 83 49 3 39 77 13 31 64 26 
83 58 29 51 57 65 29 35 32 39 40 43 29 18 59 50 47 49 46 37 17 39 32 34 41 21 44 44 23 64 34 27 24 43 50 7 50 55 50 62 43 12 30 25 25 22 40 39 15 56 16 4 33 58 60 57 60 62 35 47 37 48 21 25 43 22 33 49 49 36 49 11 24 58 57 63 47 47 47 54 41 70 59 23 40 49 63 23 25 52 57 19 19 44 11 50 52 37 35 37 10 35 57 44 57 10 8 39 0 25 57 35 61 30 32 48 55 49 17 28 24 63 23 45 20 20 12 52 43 47 54 27 72 17 18 50 51 33 16 50 58 17 32 53 20 22 38 38 35 46 51 26 56 46 11 36 18 45 30 28 62 36 
58 63 27 26 53 40 42 14 16 49 39 43 38 23 34 52 50 25 66 18 19 48 37 13 36 5 47 22 47 64 10 33 22 32 49 32 57 32 64 38 38 19 11 15 39 15 31 36 9 41 16 26 41 33 50 62 64 54 31 69 44 60 37 19 37 32 58 71 43 57 65 13 34 53 35 38 56 62 60 29 45 69 49 48 38 65 38 31 31 49 36 27 22 58 34 71 35 39 48 44 30 10 32 42 48 15 18 37 25 0 35 19 37 18 35 65 59 66 22 25 5 39 7 56 36 38 37 58 41 42 41 51 47 40 43 38 48 35 21 71 35 27 42 59 41 39 42 45 36 44 27 47 34 67 35 34 7 40 24 7 37 18 
39 95 38 28 45 21 78 38 44 60 71 75 53 58 31 52 83 12 86 42 43 58 71 22 36 40 50 13 75 58 34 47 56 58 45 64 63 40 75 13 36 54 26 32 58 36 59 38 43 19 42 57 53 26 34 63 63 38 62 91 78 70 73 53 66 68 85 92 36 79 80 48 69 42 43 21 64 77 71 23 51 60 33 80 40 78 30 66 66 44 4 63 43 72 68 91 13 71 63 78 57 26 23 73 33 50 49 69 57 35 0 23 11 29 46 81 60 80 57 58 32 20 33 67 58 61 68 62 72 72 23 79 32 73 73 24 43 68 56 94 41 50 77 62 67 74 75 55 69 74 13 70 2 89 64 66 39 37 56 38 17 43 
58 82 16 32 35 38 60 30 34 39 59 63 31 41 40 36 70 21 64 35 19 37 56 9 20 23 33 12 52 47 26 25 41 50 32 42 45 43 55 32 21 36 8 9 35 13 50 21 24 22 19 34 32 36 31 48 49 34 50 68 63 51 53 39 56 50 62 69 25 56 59 28 52 34 47 37 45 56 51 32 32 52 30 57 23 58 42 49 50 32 22 45 19 51 46 69 17 58 41 63 34 18 34 62 28 30 27 57 35 19 23 0 30 5 25 59 44 59 40 45 14 37 13 47 35 37 45 45 61 62 21 55 48 52 50 18 31 54 39 71 46 26 60 46 43 55 61 35 56 64 23 47 23 66 41 53 19 23 43 26 34 35 
29 93 47 21 56 10 78 36 42 69 69 72 62 59 22 62 81 11 95 39 49 67 70 26 46 42 61 19 81 69 33 56 56 54 56 68 73 32 85 2 46 56 31 39 66 42 55 48 46 30 47 62 62 17 45 74 74 49 60 99 77 80 74 52 63 68 92 100 47 87 89 51 70 53 35 10 74 86 81 15 61 71 44 85 50 88 20 67 66 55 15 64 50 81 71 100 24 69 72 77 63 27 14 71 44 53 53 67 61 37 11 30 0 36 55 90 70 90 58 57 36 9 38 76 66 68 73 72 69 68 34 85 21 77 79 35 54 67 57 102 33 57 77 73 74 76 74 65 68 71 10 77 9 97 70 64 43 47 54 38 6 40 
63 80 11 36 34 44 56 31 34 35 57 61 26 38 44 34 68 26 58 36 14 33 53 12 18 22 30 17 46 46 27 20 39 50 30 37 41 46 50 38 20 32 9 4 30 8 49 18 21 26 14 29 27 41 32 45 46 35 49 63 60 46 50 37 56 47 56 64 24 50 54 25 49 34 50 42 41 51 46 36 28 51 31 52 20 53 46 46 47 31 28 42 14 46 41 63 22 56 36 60 28 20 39 61 29 26 22 56 30 18 29 5 36 0 20 54 42 54 37 43 13 42 11 42 29 32 40 42 59 61 24 50 53 47 45 21 29 52 36 65 49 20 57 42 38 51 59 31 54 62 28 41 29 60 36 52 16 21 42 26 40 36 
84 89 9 57 25 64 61 50 51 14 69 72 7 47 65 18 78 47 40 54 17 12 63 33 14 37 13 37 36 32 46 4 51 67 19 36 21 67 29 57 15 41 29 21 14 20 64 10 33 35 21 28 7 62 32 27 29 33 63 45 69 25 53 50 70 54 44 46 20 34 33 34 56 27 70 62 20 30 25 57 9 38 31 46 10 32 67 54 56 21 44 49 15 25 41 45 35 67 16 69 23 40 59 73 29 34 27 68 32 35 46 25 55 20 0 34 24 34 46 55 30 62 28 21 17 19 35 22 72 75 32 38 74 46 37 27 19 63 45 48 70 14 63 23 26 54 68 10 65 75 49 27 47 43 30 64 29 16 55 43 60 54 
118 102 43 89 48 98 72 79 78 21 87 90 28 66 98 36 93 81 10 82 45 23 79 66 46 64 33 71 32 44 76 34 72 91 42 46 23 98 10 92 46 61 62 53 25 51 88 43 59 68 48 43 27 95 60 31 34 59 84 17 83 13 64 73 91 68 30 16 50 15 2 57 70 51 101 96 20 4 12 90 31 49 59 44 41 4 100 70 72 45 78 66 43 9 50 14 69 85 17 83 37 72 93 91 58 56 49 87 48 65 81 59 90 54 34 0 32 2 65 76 61 96 58 16 28 28 41 27 91 95 64 30 108 52 37 59 44 81 65 18 101 37 76 27 28 64 84 25 83 94 83 22 81 15 37 84 57 46 78 71 94 81 
99 113 31 77 17 80 85 73 75 17 93 97 25 72 84 8 102 64 43 77 42 16 87 54 25 61 11 54 52 12 69 28 76 91 14 58 8 88 22 72 24 65 51 44 32 43 89 23 58 42 45 51 22 81 30 3 4 28 87 49 93 18 76 74 94 77 57 49 23 42 30 59 80 20 92 79 12 27 20 76 14 17 30 64 21 28 86 78 80 16 56 73 39 24 63 46 46 92 24 93 45 62 78 97 29 59 51 92 55 59 60 44 70 42 24 32 0 30 70 80 53 79 51 17 36 38 55 4 96 99 38 53 91 67 56 35 16 87 69 51 91 38 87 5 43 77 93 17 89 100 67 40 61 47 50 88 54 22 80 67 76 77 
118 104 43 90 47 98 74 80 79 20 89 92 28 68 98 34 95 81 13 83 46 23 81 67 45 65 32 71 34 42 77 34 74 93 41 48 22 98 8 92 45 62 62 54 26 51 89 42 60 67 49 45 27 95 58 29 32 57 85 20 85 12 66 74 93 70 33 18 49 17 0 59 72 50 102 96 19 3 10 91 30 47 58 46 41 2 101 71 74 43 78 68 44 8 52 16 68 87 18 85 39 73 93 93 56 58 50 89 49 66 80 59 90 54 34 2 30 0 67 78 61 97 59 14 30 29 43 26 92 97 63 33 108 54 40 59 43 83 66 21 101 38 78 25 30 66 86 25 85 96 83 24 81 17 39 85 58 45 79 72 94 82 
75 43 41 42 69 59 20 25 19 56 22 26 46 1 50 65 31 47 63 24 29 56 17 35 53 17 59 45 38 79 26 42 7 26 64 20 66 43 68 59 55 5 32 32 42 30 23 51 15 62 25 22 49 50 69 73 75 72 18 63 23 65 16 9 25 10 48 66 60 54 67 12 12 70 45 57 63 65 65 47 56 84 69 34 53 67 55 9 10 65 59 5 31 62 19 67 57 21 52 23 28 31 50 27 67 11 19 22 17 22 57 40 58 37 46 65 70 67 0 10 26 58 26 62 38 37 27 68 26 29 62 42 64 23 33 58 63 16 1 66 46 32 20 69 38 17 22 54 18 29 48 44 56 63 28 18 20 56 13 20 57 23 
71 37 49 39 77 57 22 21 15 66 14 17 55 9 45 73 25 47 74 19 37 65 12 38 60 21 68 47 49 87 24 51 4 16 72 31 76 37 78 58 62 15 36 39 52 37 12 59 22 67 34 32 59 46 75 83 85 79 7 74 19 76 22 5 14 14 58 77 67 64 78 21 15 77 37 54 73 75 75 44 65 92 75 43 61 78 50 12 10 73 61 12 40 72 30 78 61 13 63 19 39 31 47 17 73 21 29 12 28 25 58 45 57 43 55 76 80 78 10 0 30 55 31 72 48 48 37 78 16 19 67 52 59 32 43 63 71 9 11 77 39 42 20 78 49 23 16 64 11 19 47 55 57 74 39 8 27 64 3 20 55 18 
60 68 22 28 47 41 46 19 21 44 44 48 34 26 37 46 55 24 63 23 15 43 41 10 31 9 42 19 45 59 15 28 27 37 43 32 52 37 59 37 33 22 6 9 35 10 36 30 10 36 12 25 36 35 45 57 58 48 36 66 49 55 40 24 43 36 56 68 37 54 61 15 38 47 40 38 51 58 55 31 39 63 44 48 33 60 40 35 36 44 33 31 17 54 35 68 31 44 43 48 28 11 34 48 42 17 17 43 24 5 32 14 36 13 30 61 53 61 26 30 0 39 2 51 33 34 36 53 47 48 36 49 48 41 42 33 42 40 24 69 40 23 46 54 39 42 47 40 42 50 26 44 31 64 34 39 6 34 29 13 38 23 
21 89 53 16 65 1 77 34 40 76 65 69 68 58 14 71 77 15 101 36 54 75 68 31 54 43 69 25 85 78 32 62 55 49 65 71 81 25 92 7 55 57 35 44 72 47 51 56 48 39 51 65 69 10 55 82 82 59 57 104 75 88 74 51 59 68 96 106 56 92 96 52 69 63 28 1 82 93 88 11 69 81 54 87 58 95 10 66 65 64 24 63 55 88 73 105 34 66 78 74 67 28 8 67 54 54 56 63 63 39 20 37 9 42 62 96 79 97 58 55 39 0 41 84 71 73 76 80 65 63 43 89 12 78 82 44 63 64 57 107 25 62 75 81 78 76 71 72 65 67 13 82 18 102 73 61 45 56 52 38 3 37 
62 69 20 31 46 43 46 22 23 41 45 49 31 27 39 44 56 26 61 26 13 40 42 11 29 10 39 20 43 57 18 25 28 39 41 30 50 39 56 39 31 22 7 7 32 8 38 28 10 36 10 23 33 37 44 55 56 47 38 64 49 53 40 25 44 36 54 65 36 52 58 14 38 45 42 40 48 56 53 33 37 62 43 46 31 58 43 35 36 42 34 31 15 51 34 65 31 45 41 49 25 14 36 49 41 16 15 44 23 7 33 13 38 11 28 58 51 59 26 31 2 41 0 49 30 32 35 50 48 49 35 47 51 40 40 32 40 41 25 66 42 21 46 51 37 41 47 38 42 51 28 41 33 62 32 40 5 33 30 15 39 25 
105 102 30 79 32 85 73 71 71 7 85 88 17 63 86 20 92 68 25 74 36 9 78 55 31 56 17 58 37 29 67 23 68 86 26 46 8 88 8 78 31 57 51 42 20 41 83 28 52 52 40 40 15 83 43 17 20 42 80 32 82 3 65 68 87 67 40 32 34 24 14 52 69 35 91 84 4 11 4 79 15 34 43 49 26 12 89 68 70 29 64 64 34 7 50 30 54 83 10 82 34 62 81 89 41 51 43 84 45 56 67 47 76 42 21 16 17 14 62 72 51 84 49 0 24 25 42 12 88 92 48 37 95 54 41 44 28 79 61 34 91 30 76 12 29 65 83 11 81 92 70 25 68 29 38 80 49 31 73 63 81 74 
92 78 21 62 42 73 49 50 49 19 60 63 11 39 70 33 67 55 30 53 17 20 53 40 31 35 27 47 18 47 47 13 44 62 35 21 30 69 30 67 32 33 35 27 4 24 59 27 30 51 20 16 14 68 49 38 41 50 56 33 58 27 40 44 63 42 27 34 38 21 29 28 44 44 72 70 27 27 27 64 23 53 49 29 28 29 74 43 46 38 57 39 16 24 26 34 49 58 14 58 9 44 66 64 46 27 20 59 20 36 58 35 66 29 17 28 36 30 38 48 33 71 30 24 0 2 19 33 63 67 48 21 81 30 20 43 36 54 37 36 72 9 51 33 9 41 58 19 56 67 57 11 59 31 14 56 29 33 49 42 69 52 
94 77 24 63 45 75 47 51 50 21 60 63 14 39 72 35 67 57 28 54 19 21 52 42 33 36 30 49 16 49 48 16 44 63 38 20 31 71 30 70 35 33 37 29 6 26 60 30 31 53 22 15 17 70 52 40 42 53 56 31 57 28 39 44 63 42 25 33 40 19 29 29 44 47 73 72 28 27 27 65 26 55 51 26 30 29 75 43 45 40 59 39 18 24 25 33 52 58 15 57 9 46 68 64 49 28 21 59 20 38 61 37 68 32 19 28 38 29 37 48 34 73 32 25 2 0 17 34 63 67 50 19 83 29 18 46 39 54 37 34 74 11 50 35 6 40 58 21 56 67 60 9 61 29 12 56 30 36 50 43 71 53 
96 61 36 63 61 77 31 47 44 38 47 49 31 28 71 52 52 61 37 49 25 39 38 46 47 33 47 55 11 66 46 31 34 54 54 6 49 67 46 74 49 23 42 36 23 32 50 44 28 65 26 11 34 70 66 57 60 68 44 36 41 44 23 35 51 27 21 39 55 27 43 24 29 63 69 75 45 41 43 66 43 72 66 12 45 43 76 29 31 56 68 26 26 39 8 40 62 44 32 42 12 47 70 51 63 22 19 46 12 37 68 45 73 40 35 41 55 43 27 37 36 76 35 42 19 17 0 52 50 55 63 15 84 11 6 58 55 40 26 39 70 21 34 52 13 23 43 38 42 54 63 19 67 36 5 44 30 51 40 40 74 48 
101 110 30 78 21 82 82 72 74 13 91 94 22 69 85 10 99 65 38 76 40 13 85 54 26 59 11 55 48 17 68 26 74 90 17 54 4 88 17 74 25 63 51 43 28 42 87 24 56 45 44 48 19 81 34 5 8 32 85 45 90 13 73 73 92 75 52 44 26 37 25 57 77 24 92 80 7 22 15 77 13 22 34 60 22 23 87 75 77 19 58 71 37 19 59 42 48 89 20 90 42 62 79 95 32 57 49 90 52 58 62 45 72 42 22 27 4 26 68 78 53 80 50 12 33 34 52 0 94 97 41 49 93 64 52 37 19 85 67 46 91 36 84 0 39 74 90 14 87 98 68 36 63 42 47 86 52 24 78 66 77 76 
77 23 66 49 93 67 24 34 28 82 3 3 72 24 53 90 11 60 87 30 54 82 12 53 77 37 85 62 61 104 38 68 20 17 88 44 92 42 94 69 79 31 52 55 68 54 14 76 39 82 50 47 75 55 92 99 101 95 10 86 14 91 29 22 7 22 69 89 84 78 92 37 21 94 42 64 89 90 91 55 82 109 91 53 78 92 58 21 18 90 75 24 57 87 41 91 76 6 78 13 54 46 57 1 89 37 45 4 43 41 72 61 69 59 72 91 96 92 26 16 47 65 48 88 63 63 50 94 0 5 83 64 66 41 55 80 88 9 27 89 44 58 20 95 62 29 9 80 7 3 60 69 70 86 53 7 43 81 17 35 66 29 
74 25 68 47 95 64 29 33 28 85 8 8 75 28 50 93 15 59 92 29 57 85 17 54 79 39 88 62 66 106 37 71 23 14 91 49 95 39 98 68 81 34 53 57 72 56 12 78 41 83 53 51 78 53 93 102 104 97 12 91 19 95 34 24 5 27 74 94 86 82 96 40 26 95 38 62 93 94 94 53 84 111 92 58 80 97 55 26 23 92 74 29 59 91 46 95 76 11 82 19 58 46 55 5 91 40 48 8 47 42 72 62 68 61 75 95 99 97 29 19 48 63 49 92 67 67 55 97 5 0 83 69 63 47 60 81 90 14 30 94 41 62 25 98 67 35 15 83 12 3 59 73 70 91 57 11 46 83 19 36 64 28 
62 104 26 47 22 44 81 51 55 42 81 84 39 62 52 30 92 31 71 55 37 40 78 29 18 45 31 23 66 35 46 34 63 71 24 61 43 59 56 36 17 57 30 29 46 32 71 21 46 4 38 52 38 48 11 41 41 15 72 77 85 51 74 61 78 72 76 77 14 66 62 50 74 19 63 44 44 59 52 44 32 37 11 74 22 60 52 71 72 22 19 67 36 54 65 76 9 80 47 85 50 38 44 84 10 51 46 79 54 41 23 21 34 24 32 64 38 63 62 67 36 43 35 48 48 50 63 41 83 83 0 69 55 71 66 4 22 76 60 79 61 41 82 42 57 76 83 38 78 85 33 58 24 74 58 75 41 17 65 47 40 56 
109 72 43 77 63 90 43 62 59 36 61 63 32 43 86 52 64 74 24 64 36 37 52 58 52 47 47 66 3 65 61 35 49 69 56 21 45 82 38 86 54 38 53 46 24 43 65 49 42 73 37 24 34 84 71 54 57 72 59 22 54 38 35 51 66 41 6 24 59 15 33 39 43 65 84 88 41 32 37 80 43 71 70 13 49 34 90 43 46 59 78 40 35 32 23 26 71 58 29 54 21 61 83 65 68 37 32 61 27 51 79 55 85 50 38 30 53 33 42 52 49 89 47 37 21 19 15 49 64 69 69 0 98 23 9 65 57 55 41 24 85 29 47 49 12 35 56 37 57 68 76 12 79 22 15 58 43 55 55 55 87 63 
11 89 65 21 77 11 81 39 44 88 67 70 79 64 13 83 78 27 111 39 64 86 71 41 66 51 81 37 94 91 38 73 59 49 77 79 93 23 104 19 67 64 46 54 83 57 52 68 56 52 61 73 81 14 67 95 95 71 59 115 77 99 80 56 59 72 105 116 68 103 107 60 74 75 25 12 93 104 100 17 80 93 66 95 70 106 8 70 69 76 37 69 65 100 81 116 46 68 90 77 77 37 14 67 66 62 65 65 72 47 32 48 21 53 74 108 91 108 64 59 48 12 51 95 81 83 84 93 66 63 55 98 0 85 90 57 75 67 63 117 22 72 79 93 88 81 73 84 67 67 24 93 30 113 82 63 54 68 55 44 15 41 
97 49 46 64 72 80 20 47 42 50 38 40 42 23 72 64 41 65 46 47 34 51 29 51 57 35 58 60 20 78 47 42 29 48 65 10 60 66 58 78 59 21 47 42 35 39 44 55 30 73 33 19 45 71 76 69 72 78 38 45 31 56 12 32 44 19 27 47 65 38 54 26 20 73 68 77 57 53 55 68 54 84 75 11 56 55 76 21 24 67 74 19 35 51 5 49 69 35 44 31 22 50 71 42 73 24 25 38 17 40 73 52 77 47 46 52 67 54 23 32 41 78 40 54 30 29 11 64 41 47 71 23 85 0 14 67 66 32 23 47 69 31 24 64 25 12 33 50 34 45 67 30 73 45 16 36 34 61 35 41 77 46 
102 64 40 69 63 83 35 54 50 38 52 54 32 33 78 53 56 67 32 55 30 39 43 52 50 39 48 60 6 67 52 33 40 60 56 12 48 74 44 80 52 29 47 41 24 37 56 47 34 69 31 17 35 76 69 57 60 71 50 31 45 43 27 42 57 32 15 33 58 23 39 30 34 65 76 81 44 39 42 73 44 73 69 8 48 40 82 34 37 58 73 31 31 37 13 35 67 49 32 46 16 53 76 56 66 28 25 52 18 43 73 50 79 45 37 37 56 40 33 43 42 82 40 41 20 18 6 52 55 60 66 9 90 14 0 62 57 45 32 33 77 25 38 52 12 27 47 39 47 59 69 16 73 31 8 49 36 53 46 46 80 54 
64 101 22 46 20 46 77 49 53 38 77 81 34 59 52 27 88 31 67 53 33 36 74 27 13 42 27 22 62 34 44 29 60 69 21 56 39 58 52 37 13 53 27 25 41 28 68 17 42 8 34 48 33 48 12 38 38 16 69 72 81 47 70 57 75 68 71 73 11 61 58 46 70 18 62 45 41 55 48 44 28 36 11 70 18 56 53 67 68 19 21 63 31 50 61 71 11 77 43 81 46 35 45 81 10 47 42 76 50 38 24 18 35 21 27 59 35 59 58 63 33 44 32 44 43 46 58 37 80 81 4 65 57 67 62 0 19 73 57 75 61 36 78 38 52 72 80 34 75 82 33 54 26 70 53 72 37 13 62 45 41 54 
83 107 21 63 6 64 80 61 64 23 85 89 25 64 69 8 95 49 53 65 34 21 80 40 11 51 11 39 55 16 56 24 67 80 2 55 21 74 35 56 9 58 38 33 33 33 79 12 49 26 37 47 22 65 15 19 19 15 78 59 87 31 72 66 85 72 62 59 7 49 42 51 74 8 78 63 24 39 32 61 14 21 15 65 10 40 71 72 73 1 40 67 32 35 60 57 30 84 30 87 43 49 63 89 13 51 45 84 51 48 43 31 54 29 19 44 16 43 63 71 42 63 40 28 36 39 55 19 88 90 22 57 75 66 57 19 0 80 62 61 77 34 82 20 45 73 86 20 82 91 51 44 45 56 50 80 44 8 71 55 60 66 
78 27 58 47 86 65 16 30 24 73 6 9 63 15 53 81 15 56 78 28 45 72 4 48 69 30 76 57 52 95 34 59 12 19 80 35 83 43 84 67 71 22 46 48 58 46 15 68 31 76 42 38 66 54 85 90 92 88 8 77 10 82 20 15 12 13 60 79 77 68 82 29 12 86 44 63 80 81 81 53 73 101 84 44 70 83 58 11 8 82 70 14 48 78 32 81 70 4 69 10 44 41 56 10 82 28 36 6 33 35 68 54 67 52 63 81 87 83 16 9 40 64 41 79 54 54 40 85 9 14 76 55 67 32 45 73 80 0 18 79 46 49 13 86 53 21 7 71 2 13 57 59 66 77 43 4 36 73 12 30 64 26 
75 44 40 42 68 59 21 24 19 55 24 27 44 2 49 63 33 46 62 24 27 54 18 34 51 16 58 43 38 77 25 41 7 27 62 20 65 43 67 58 53 4 31 31 41 29 23 50 14 61 24 21 48 49 68 72 74 71 19 63 24 64 17 9 26 11 47 65 59 53 66 11 13 68 44 56 62 64 64 47 55 83 67 34 52 66 54 10 11 64 57 6 30 61 19 66 56 22 51 24 27 30 50 28 65 10 18 23 16 21 56 39 57 36 45 65 69 66 1 11 24 57 25 61 37 37 26 67 27 30 60 41 63 23 32 57 62 18 0 65 46 31 21 68 37 18 23 53 20 30 47 43 55 62 27 19 19 55 13 19 57 23 
128 96 55 98 66 109 67 84 82 37 85 87 41 67 106 54 89 91 8 87 53 40 77 76 61 69 50 83 27 63 82 46 73 93 59 45 42 104 29 103 62 62 71 63 35 60 89 58 64 83 56 46 41 104 77 50 53 76 84 2 78 32 60 75 91 66 20 2 66 14 21 61 67 69 107 107 38 23 31 100 47 68 76 36 57 23 109 68 70 62 92 65 52 27 47 5 83 83 32 79 41 80 102 89 74 59 53 85 50 71 94 71 102 65 48 18 51 21 66 77 69 107 66 34 36 34 39 46 89 94 79 24 117 47 33 75 61 79 65 0 107 45 71 46 30 60 81 41 81 92 94 24 94 4 38 83 64 62 79 77 105 86 
33 66 61 14 80 26 61 22 26 84 45 48 74 46 11 83 55 29 102 21 55 82 50 37 66 38 80 38 81 93 25 68 40 27 78 64 91 3 99 32 67 47 40 48 75 50 31 67 43 59 52 61 76 15 73 94 95 77 37 104 56 95 61 37 37 53 92 106 70 93 101 46 54 79 2 24 90 98 95 18 78 97 72 79 69 100 15 51 49 78 45 50 57 94 65 107 52 47 83 55 65 29 19 45 71 48 53 43 58 35 41 46 33 49 70 101 91 101 46 39 40 25 42 91 72 74 70 91 44 41 61 85 22 69 77 61 77 46 46 107 0 63 59 92 77 62 52 80 46 44 28 82 39 103 69 41 43 69 35 30 27 22 
83 75 14 52 40 63 47 41 41 23 55 58 13 33 61 33 64 46 39 44 8 23 49 30 26 26 27 38 25 47 38 10 38 55 33 21 33 60 37 58 27 27 26 17 11 14 52 23 22 44 11 13 16 58 44 41 43 46 50 42 54 33 38 37 57 39 35 44 33 30 37 21 41 41 63 61 31 35 33 54 24 53 44 33 24 37 64 39 41 36 48 35 6 31 26 44 42 53 21 54 9 35 57 59 42 21 13 54 17 27 50 26 57 20 14 37 38 38 32 42 23 62 21 30 9 11 21 36 58 62 41 29 72 31 25 36 34 49 31 45 63 0 49 36 17 39 54 21 51 62 48 20 50 40 16 50 20 29 43 34 59 44 
91 26 60 59 88 77 4 41 35 71 17 17 61 19 65 82 17 66 71 39 47 71 9 55 72 37 76 65 44 96 44 59 20 33 82 30 81 56 80 77 74 24 53 52 56 50 28 70 35 82 44 36 65 66 89 89 92 92 21 69 7 79 11 24 25 10 51 72 80 62 77 32 8 89 57 74 78 76 78 64 73 102 88 34 72 78 70 11 10 84 79 15 49 74 25 73 77 14 66 7 42 50 67 20 86 31 37 18 32 42 77 60 77 57 63 76 87 78 20 20 46 75 46 76 51 50 34 84 20 25 82 47 79 24 38 78 82 13 21 71 59 49 0 85 48 11 10 70 14 23 67 54 76 69 38 18 41 76 23 39 75 38 
102 111 31 79 22 83 82 73 75 14 92 95 23 70 86 11 100 66 37 77 41 13 85 55 27 60 12 56 48 17 69 27 74 90 17 55 3 89 17 75 26 64 52 44 28 43 88 25 57 46 45 48 19 82 35 5 8 33 86 44 91 13 74 73 93 75 52 43 27 37 24 57 77 25 93 81 7 22 14 78 14 22 35 60 23 22 88 76 78 20 59 72 38 19 60 41 49 90 20 91 43 63 80 96 33 57 49 91 53 59 62 46 73 42 23 27 5 25 69 78 54 81 51 12 33 35 52 0 95 98 42 49 93 64 52 38 20 86 68 46 92 36 85 0 39 74 91 14 88 98 69 36 64 41 47 87 53 25 79 66 78 77 
99 74 30 68 51 80 45 54 52 25 59 62 20 39 76 41 65 63 25 56 24 27 51 47 40 39 36 55 9 55 52 22 45 64 44 18 36 74 32 75 41 33 42 34 12 31 60 36 34 60 26 16 23 74 58 45 47 59 56 27 55 31 36 45 63 40 18 29 47 16 29 31 42 53 76 77 32 28 30 70 32 60 58 21 37 30 80 41 44 47 66 38 24 26 22 30 58 57 19 55 11 51 73 63 56 30 23 59 20 41 67 43 74 38 26 28 43 30 38 49 39 78 37 29 9 6 13 39 62 67 57 12 88 25 12 52 45 53 37 30 77 17 48 39 0 37 56 26 55 66 65 6 67 26 9 56 34 42 50 46 76 56 
93 37 52 60 79 77 8 42 36 60 26 28 52 17 67 73 29 64 59 41 39 61 17 51 64 33 67 61 33 87 43 50 22 39 73 19 71 60 69 76 66 19 48 46 46 43 34 62 31 77 37 26 55 67 82 79 82 85 28 57 18 68 1 25 33 9 40 60 72 50 66 26 8 81 61 74 68 65 67 65 63 93 81 23 63 67 72 11 13 75 75 12 41 63 14 62 72 23 55 19 31 48 68 30 79 25 29 27 22 39 74 55 76 51 54 64 77 66 17 23 42 76 41 65 41 40 23 74 29 35 76 35 81 12 27 72 73 21 18 60 62 39 11 74 37 0 21 60 22 33 65 42 73 58 27 25 35 68 27 37 75 40 
84 21 64 54 92 72 14 37 31 77 7 6 67 21 60 87 9 63 80 35 51 77 5 55 75 37 82 64 54 101 41 64 19 24 86 38 88 50 88 74 77 27 53 54 63 52 20 74 37 83 48 42 71 61 91 95 97 95 14 79 4 86 21 22 15 15 61 81 83 71 86 35 14 92 49 70 85 84 85 60 78 107 91 44 76 86 65 15 12 88 77 19 54 82 34 83 77 5 73 3 48 48 63 9 89 34 41 9 38 42 75 61 74 59 68 84 93 86 22 16 47 71 47 83 58 58 43 90 9 15 83 56 73 33 47 80 86 7 23 81 52 54 10 91 56 21 0 76 6 12 64 62 74 79 46 10 42 79 19 37 71 33 
94 96 19 67 25 74 67 60 61 4 77 80 8 55 75 14 85 57 33 64 27 2 70 43 20 46 9 47 36 28 56 12 60 76 18 40 12 77 19 67 20 49 40 31 14 30 74 17 42 42 30 34 5 72 35 19 22 35 71 39 76 15 59 59 78 60 42 39 24 29 24 43 63 28 80 72 10 21 15 67 6 34 35 47 15 22 77 61 63 21 53 57 24 16 45 38 43 75 9 76 28 51 70 81 33 42 35 76 38 45 55 35 65 31 10 25 17 25 54 64 40 72 38 11 19 21 38 14 80 83 38 37 84 50 39 34 20 71 53 41 80 21 70 14 26 60 76 0 73 83 59 25 56 36 33 72 39 21 64 53 70 64 
78 26 60 48 87 66 17 31 25 75 4 7 65 17 53 83 13 57 80 28 47 74 5 49 71 32 78 58 53 97 35 61 14 19 82 37 85 44 86 68 73 24 48 50 61 48 15 70 33 78 44 40 68 55 87 92 94 90 8 79 10 84 22 17 11 15 62 81 78 70 85 31 14 88 44 63 82 83 83 54 75 103 86 46 72 85 58 13 10 84 72 17 50 80 34 83 72 2 71 9 46 42 57 8 84 30 38 4 35 36 69 56 68 54 65 83 89 85 18 11 42 65 42 81 56 56 42 87 7 12 78 57 67 34 47 75 82 2 20 81 46 51 14 88 55 22 6 73 0 11 58 61 68 79 45 4 38 75 13 31 65 27 
77 22 69 50 97 68 27 36 30 85 7 5 75 28 54 93 11 62 91 32 57 85 15 56 80 40 88 64 65 107 40 71 23 17 92 48 96 43 97 71 82 34 55 58 71 57 15 79 42 85 54 51 78 56 95 102 104 98 13 90 16 95 32 25 8 26 73 93 87 81 96 41 25 97 42 65 93 94 94 56 85 112 94 56 81 96 59 24 22 93 77 28 60 91 45 94 79 9 82 15 57 48 58 2 92 40 48 7 46 44 74 64 71 62 75 94 100 96 29 19 50 67 51 92 67 67 54 98 3 3 85 68 67 45 59 82 91 13 30 92 44 62 23 98 66 33 12 83 11 0 61 72 72 90 56 11 47 84 20 37 67 31 
34 83 40 14 54 15 68 26 32 63 59 62 55 48 18 59 71 2 87 29 40 61 60 17 41 32 56 12 72 67 23 49 46 45 53 58 68 26 79 11 43 46 22 30 58 33 46 43 36 30 38 52 56 14 45 70 70 49 50 91 67 74 64 42 53 58 83 92 44 79 82 40 60 52 30 13 68 80 75 10 56 70 44 75 46 81 19 56 56 52 17 53 41 75 61 92 24 59 65 66 54 17 11 61 44 42 44 57 51 27 13 23 10 28 49 83 67 83 48 47 26 13 28 70 57 60 63 68 60 59 33 76 24 67 69 33 51 57 47 94 28 48 67 69 65 65 64 59 58 61 0 69 11 89 60 54 33 44 44 28 11 30 
104 80 32 73 50 84 50 60 58 23 65 68 20 45 81 39 71 67 19 62 28 24 57 51 41 44 34 58 11 52 57 24 51 70 43 24 32 79 27 79 42 39 47 38 12 35 67 37 39 62 31 22 22 79 58 41 44 59 62 22 60 26 42 51 69 46 17 23 47 10 23 37 48 52 82 82 28 22 25 75 30 58 58 24 37 24 85 47 50 46 69 44 27 21 28 24 61 63 16 61 17 55 78 69 56 36 29 65 26 47 70 47 77 41 27 22 40 24 44 55 44 82 41 25 11 9 19 36 69 73 58 12 93 30 16 54 44 59 43 24 82 20 54 36 6 42 62 25 61 72 69 0 70 20 15 62 39 43 56 52 80 62 
38 94 38 25 46 19 76 36 42 61 69 73 53 56 28 53 81 10 87 40 42 58 69 21 37 39 52 12 75 60 32 48 55 56 47 63 64 37 76 11 37 53 26 32 58 35 57 39 42 21 41 56 54 24 36 65 64 40 60 91 77 71 72 51 64 66 85 92 37 79 81 47 68 44 41 19 65 77 72 21 52 62 35 79 41 79 28 65 65 45 6 61 43 73 67 92 15 69 64 76 57 25 20 72 35 49 48 67 56 34 2 23 9 29 47 81 61 81 56 57 31 18 33 68 59 61 67 63 70 70 24 79 30 73 73 26 45 66 55 94 39 50 76 64 67 73 74 56 68 72 11 70 0 89 64 64 38 38 54 37 15 41 
124 94 50 93 61 104 65 80 78 32 83 85 36 64 102 49 87 87 4 83 49 35 74 71 56 65 45 78 25 59 78 41 70 89 54 42 38 100 25 99 57 59 67 58 30 55 86 53 60 78 51 42 36 99 72 46 49 71 81 2 76 28 58 71 88 63 19 3 61 10 17 57 65 64 102 102 34 19 26 95 42 64 72 35 52 20 105 65 68 57 87 62 47 22 44 4 78 80 27 77 37 76 98 87 69 56 49 83 46 67 89 66 97 60 43 15 47 17 63 74 64 102 62 29 31 29 36 42 86 91 74 22 113 45 31 70 56 77 62 4 103 40 69 41 26 58 79 36 79 90 89 20 89 0 34 80 59 57 76 72 100 82 
94 65 31 61 56 75 35 47 44 33 49 52 25 29 70 47 55 59 35 48 21 34 41 43 42 32 41 52 11 61 45 26 35 55 49 8 44 66 42 71 44 24 38 32 18 28 51 39 26 60 22 8 29 68 61 52 55 63 46 35 45 40 27 36 53 30 22 37 50 25 39 23 32 57 69 73 40 38 39 64 37 67 61 16 40 40 74 32 34 51 64 28 22 35 12 38 58 47 28 45 7 45 68 53 58 21 17 49 11 35 64 41 70 36 30 37 50 39 28 39 34 73 32 38 14 12 5 47 53 57 58 15 82 16 8 53 50 43 27 38 69 16 38 47 9 27 46 33 45 56 60 15 64 34 0 46 28 45 41 39 72 48 
74 29 58 44 86 62 21 27 21 74 5 9 64 17 49 82 17 53 81 24 46 74 8 46 69 30 77 55 55 96 31 60 12 14 81 37 84 39 86 64 71 23 45 47 60 46 10 68 31 75 43 40 67 51 84 91 93 88 3 80 14 84 24 14 8 17 63 83 76 71 85 29 16 86 39 59 82 83 83 50 74 101 83 48 70 85 54 15 12 82 68 17 49 80 35 84 69 5 71 14 46 39 52 9 82 29 37 3 36 34 66 53 64 52 64 84 88 85 18 8 39 61 40 80 56 56 44 86 7 11 75 58 63 36 49 72 80 4 19 83 41 50 18 87 56 25 10 72 4 11 54 62 64 80 46 0 36 73 10 28 61 23 
66 64 22 33 50 47 40 21 21 42 41 45 32 21 42 47 51 31 59 24 12 41 37 16 33 7 42 26 39 60 18 26 23 37 45 25 51 40 56 44 35 16 12 12 31 10 35 32 5 41 8 19 34 40 49 57 58 52 34 61 44 53 34 21 40 30 50 63 40 49 58 9 33 50 43 44 49 55 53 36 39 65 48 42 34 57 46 29 31 46 39 25 15 51 28 63 37 40 41 44 22 17 39 45 46 10 11 39 18 7 39 19 43 16 29 57 54 58 20 27 6 45 5 49 29 30 30 52 43 46 41 43 54 34 36 37 44 36 19 64 43 20 41 53 34 35 42 39 38 47 33 39 38 59 28 36 0 37 26 13 44 24 
76 100 15 55 12 57 74 53 56 25 78 82 22 58 62 14 88 41 54 58 28 22 73 32 3 43 13 31 52 24 49 20 60 72 9 50 26 66 39 49 1 52 30 25 30 26 71 6 42 21 31 42 21 58 15 26 26 17 71 60 80 34 67 58 77 65 60 60 4 49 45 44 68 13 70 56 27 42 35 53 15 29 15 62 5 43 63 65 67 9 33 61 26 37 55 59 24 77 30 80 38 41 55 82 13 45 38 77 45 40 37 23 47 21 16 46 22 45 56 64 34 56 33 31 33 36 51 24 81 83 17 55 68 61 53 13 8 73 55 62 69 29 76 25 42 68 79 21 75 84 44 43 38 57 45 73 37 0 63 48 53 58 
67 39 49 35 76 53 26 18 12 67 15 19 56 12 42 73 27 44 76 16 37 66 15 36 59 20 68 44 51 87 21 52 5 13 71 33 76 33 79 54 61 17 35 38 53 37 10 58 22 65 34 34 59 43 74 83 85 78 7 76 23 77 25 5 14 17 61 79 67 66 79 21 18 76 34 51 74 77 76 41 65 92 73 46 61 79 46 15 14 72 58 15 40 73 32 80 59 15 64 22 40 29 44 18 72 22 29 13 30 24 56 43 54 42 55 78 80 79 13 3 29 52 30 73 49 50 40 78 17 19 65 55 55 35 46 62 71 12 13 79 35 43 23 79 50 27 19 64 13 20 44 56 54 76 41 10 26 63 0 17 52 14 
56 57 35 23 60 39 40 7 8 56 33 37 45 20 31 59 45 27 72 10 26 55 32 18 44 7 55 27 51 72 6 40 18 24 56 34 65 27 70 39 46 19 17 23 45 23 23 44 12 47 22 30 48 30 57 70 71 61 25 74 40 67 36 14 30 30 62 76 50 62 72 16 31 60 30 37 63 69 67 27 52 77 56 50 46 71 35 28 28 57 40 25 29 65 36 76 41 33 55 39 35 11 30 36 55 18 23 31 28 7 38 26 38 26 43 71 67 72 20 20 13 38 15 63 42 43 40 66 35 36 47 55 44 41 46 45 55 30 19 77 30 34 39 66 46 37 37 53 31 37 28 52 37 72 39 28 13 48 17 0 37 10 
23 90 51 17 62 4 77 34 40 74 66 69 66 58 16 68 77 13 98 36 52 72 68 29 51 42 66 22 83 75 32 60 54 50 62 69 78 27 89 4 52 56 33 42 70 45 52 53 47 36 49 63 67 12 51 80 79 56 57 102 75 85 74 51 59 67 94 104 53 90 93 51 69 60 30 4 79 90 85 11 66 78 51 86 56 92 13 65 65 61 21 63 53 86 72 103 30 67 76 74 65 27 9 67 51 53 55 64 62 37 17 34 6 40 60 94 76 94 57 55 38 3 39 81 69 71 74 77 66 64 40 87 15 77 80 41 60 64 57 105 27 59 75 78 76 75 71 70 65 67 11 80 15 100 72 61 44 53 52 37 0 37 
52 52 46 20 70 38 40 5 3 67 28 32 56 23 27 70 40 30 81 1 37 66 30 26 54 17 65 33 59 82 9 51 18 15 67 42 75 19 81 40 56 25 27 33 56 33 15 54 22 55 33 39 59 28 66 81 82 70 19 83 37 77 39 14 23 31 69 85 60 72 82 24 32 70 21 36 74 79 77 26 63 87 65 57 56 82 32 29 28 67 46 28 39 75 42 86 48 29 65 36 44 18 29 30 64 26 32 26 36 18 43 35 40 36 54 81 77 82 23 18 23 37 25 74 52 53 48 76 29 28 56 63 41 46 54 54 66 26 23 86 22 44 38 77 56 40 33 64 27 31 30 62 41 82 48 23 24 58 14 10 37 0 
