160 6914.81 0 1680 14 120
52.15 28.95 46.34 41.98 16.36 15.83 50.06 47.47 64.61 7.22 13.99 90.24 48.32 61.42 20.46 7.29 49.75 50.52 68.18 76.33 74.6 18.15 50.67 81.28 1.47 80.7 27.83 74.4 48.0 13.52 2.18 63.53 84.45 2.76 20.97 47.0 73.38 9.42 6.84 96.23 93.32 53.37 86.87 93.55 53.48 85.19 23.86 31.46 80.05 12.97 46.44 19.32 17.45 5.89 91.2 40.63 18.72 1.76 47.97 8.03 82.37 7.46 45.95 17.07 17.36 19.7 14.01 53.82 64.7 36.19 23.79 50.6 48.28 12.64 61.29 62.18 16.78 74.58 48.45 83.06 91.31 62.11 52.91 28.55 71.06 95.87 86.43 12.88 57.24 3.07 15.06 50.25 78.99 48.61 25.66 14.14 63.11 35.14 3.92 8.23 36.89 2.16 76.57 18.74 78.92 53.08 95.25 69.22 41.99 97.84 79.57 97.86 26.34 45.59 15.71 35.33 84.09 26.88 34.95 14.46 91.08 4.43 42.6 15.63 48.2 31.63 13.62 51.77 15.73 86.09 58.02 24.82 84.15 58.17 52.16 21.08 84.34 64.2 31.62 39.48 50.97 84.88 28.93 17.72 42.03 47.97 74.44 52.11 27.34 28.5 7.72 79.19 9.64 72.08 59.44 65.54 28.77 85.32 64.26 79.45 
65.99 83.74 10.34 73.61 38.02 38.58 30.68 18.93 15.01 45.44 47.36 61.15 24.52 83.97 36.97 28.63 35.6 45.67 61.96 88.38 83.21 66.77 75.71 49.85 66.18 82.56 86.86 46.72 29.04 63.88 71.13 57.74 13.02 13.8 12.74 47.0 18.21 55.79 65.71 61.84 39.47 88.94 32.99 24.16 49.18 56.05 73.67 47.46 66.07 60.54 25.37 10.93 52.3 13.17 62.75 36.63 45.52 35.0 23.94 34.31 71.43 84.76 37.64 25.78 26.22 30.92 60.5 21.9 77.78 24.92 25.19 73.03 10.96 58.03 21.36 12.77 66.72 29.55 56.52 77.72 30.26 68.86 74.19 85.3 18.07 82.86 81.97 58.58 69.24 45.06 48.11 39.83 56.03 54.58 17.61 21.82 15.74 44.06 30.44 52.54 20.7 65.54 57.41 83.67 58.72 48.99 73.66 21.86 11.87 63.76 30.71 51.6 14.26 12.33 34.04 38.61 57.03 16.67 89.84 47.31 21.24 12.56 21.36 50.52 14.0 43.03 49.77 49.32 43.68 47.01 62.39 31.98 32.9 58.63 35.66 80.49 50.57 12.8 63.06 89.67 67.0 37.93 79.13 29.99 62.38 59.43 39.59 53.47 21.05 11.35 85.63 26.28 75.63 39.12 87.92 12.48 26.88 32.91 69.71 12.99 
5 3 5 4 2 2 5 5 6 1 2 9 5 6 2 1 5 5 7 7 7 2 5 8 1 8 3 7 5 2 1 6 8 1 2 5 7 1 1 9 9 5 8 9 5 8 3 3 8 2 5 2 2 1 9 4 2 1 5 1 8 1 5 2 2 2 2 5 6 4 3 5 5 2 6 6 2 7 5 8 9 6 5 3 7 9 8 2 6 1 2 5 8 5 3 2 6 4 1 1 4 1 7 2 8 5 9 7 4 9 8 9 3 5 2 4 8 3 4 2 9 1 4 2 5 3 2 5 2 8 6 3 8 6 5 2 8 6 3 4 5 8 3 2 4 5 7 5 3 3 1 8 1 7 6 6 3 8 6 8 
1 2 3 4 5 6 7 8 9 10 11 12 13 14 15 16 17 18 19 20 21 22 23 24 25 26 27 28 29 30 31 32 33 34 35 36 37 38 39 40 41 42 43 44 45 46 47 48 49 50 51 52 53 54 55 56 57 58 59 60 61 62 63 64 65 66 67 68 69 70 71 72 73 74 75 76 77 78 79 80 81 82 83 84 85 86 87 88 89 90 91 92 93 94 95 96 97 98 99 100 101 102 103 104 105 106 107 108 109 110 111 112 113 114 115 116 117 118 119 120 121 122 123 124 125 126 127 128 129 130 131 132 133 134 135 136 137 138 139 140 141 142 143 144 145 146 147 148 149 150 151 152 153 154 155 156 157 158 159 160 
2 2 2 1 1 1 2 2 1 2 1 3 2 1 1 2 2 2 1 1 1 1 2 2 2 2 2 1 2 1 2 1 2 2 1 2 1 2 2 3 3 2 2 3 2 2 2 2 2 1 2 1 1 2 3 1 1 2 2 2 2 2 2 1 1 1 1 2 1 1 2 2 2 1 1 1 1 1 2 2 3 1 2 2 1 3 2 1 1 2 1 2 2 2 2 1 1 1 2 2 1 2 1 1 2 2 3 1 1 3 2 3 2 2 1 1 2 2 1 1 3 2 1 1 2 2 1 2 1 2 1 2 2 1 2 1 2 1 2 1 2 2 2 1 1 2 1 2 2 2 2 2 2 1 1 1 2 2 1 2 
2 1 2 3 1 1 2 2 1 3 1 3 2 1 1 3 2 2 3 3 3 1 2 2 3 2 1 3 2 1 3 1 2 3 1 2 3 3 3 3 3 2 2 3 2 2 1 1 2 1 2 1 1 3 3 3 1 3 2 3 2 3 2 1 1 1 1 2 1 3 1 2 2 1 1 1 1 3 2 2 3 1 2 1 3 3 2 1 1 3 1 2 2 2 1 1 1 3 3 3 3 3 3 1 2 2 3 3 3 3 2 3 1 2 1 3 2 1 3 1 3 3 3 1 2 1 1 2 1 2 1 1 2 1 2 1 2 1 1 3 2 2 1 1 3 2 3 2 1 1 3 2 3 3 1 1 1 2 1 2 
9 8 2 10 1 5 9 5 2 6 9 4 1 2 1 8 6 6 9 6 8 2 6 8 4 6 5 6 1 3 3 3 7 1 2 7 9 8 8 4 1 4 5 2 9 5 1 7 7 7 6 10 3 7 3 2 1 7 5 5 8 2 3 2 3 4 6 2 6 5 1 1 6 2 4 2 5 8 10 7 1 8 1 1 9 6 7 4 1 2 5 4 1 4 5 7 2 3 10 10 8 5 9 4 10 3 1 10 7 8 9 6 9 2 2 5 7 9 4 9 2 2 10 7 7 6 3 6 7 9 3 1 3 3 5 7 10 6 3 4 2 4 6 4 10 4 2 9 5 9 2 9 7 5 7 9 6 3 4 1 
3434.54 4496.25 4592.68 3605.73 4357.26 4277.11 3720.99 4610.25 4452.35 4146.45 3605.82 3709.44 3989.98 4468.42 3517.46 4378.75 3786.8 4181.58 3562.38 4453.49 4335.61 4738.47 4272.45 4506.63 3700.22 3878.6 4645.51 4177.26 3480.39 3883.49 4390.49 4756.06 4255.61 3981.35 3838.93 4287.45 3708.69 4349.16 4402.02 3683.23 4124.28 3664.94 4065.14 3847.93 3856.31 4399.39 3471.12 4385.91 4273.77 4375.27 4310.05 3873.18 4066.03 4260.27 3668.13 3682.78 4386.14 4271.76 3822.42 4693.87 4337.48 4234.49 3924.65 4519.62 4853.46 3663.86 4080.36 3923.19 3991.47 4220.16 3528.09 3876.64 3741.56 3750.99 3700.05 4368.17 4552.15 4518.93 3760.75 4293.15 4127.64 4354.7 4247.75 4380.2 3777.27 3993.69 4248.55 3711.08 4042.61 3741.74 3987.73 3674.99 4211.64 3684.55 3849.82 4389.8 4723.55 3755.95 3738.48 3754.76 4423.7 4773.5 3359.71 3718.63 3879.18 3810.2 4335.27 3648.54 4295.04 4334.56 3464.32 4203.6 3356.55 4297.72 3882.3 4185.61 4380.14 3708.77 3686.23 3746.48 4567.29 3950.13 3601.96 4402.34 4270.58 3866.4 4430.97 3838.36 4276.19 3703.13 3850.67 4213.17 4785.19 4423.8 4314.71 4416.66 3648.24 4211.92 4529.13 3686.33 4718.0 3713.7 3738.52 3690.25 3760.85 3711.99 4288.08 3746.21 4799.48 3462.24 3930.76 3552.16 4284.23 4320.24 4311.31 3765.97 4214.14 3649.17 3692.06 3576.0 
0.38 0.54 0.24 0.23 0.86 0.72 0.18 0.63 0.29 0.67 0.33 0.55 0.8 0.33 0.84 0.12 0.68 0.74 0.18 0.67 0.39 0.16 0.67 0.82 0.89 0.73 0.72 0.68 0.87 0.55 0.59 0.64 0.53 0.95 0.13 0.36 0.36 0.65 0.1 0.92 0.75 0.64 0.7 0.08 0.18 0.6 0.81 0.45 0.32 0.37 0.7 0.31 0.59 0.46 0.56 0.19 0.9 0.57 0.61 0.72 0.19 0.14 0.57 0.24 0.62 0.95 0.74 0.22 0.73 0.56 0.79 0.72 0.73 0.25 0.5 0.3 0.68 0.54 0.79 0.47 0.71 0.62 0.75 0.73 0.35 0.71 0.44 0.58 0.83 0.21 0.52 0.82 0.73 0.89 0.7 0.34 0.31 0.58 0.29 0.62 0.3 0.62 0.28 0.85 0.29 0.61 0.93 0.84 0.47 0.58 0.34 0.68 0.38 0.3 0.27 0.56 0.45 0.21 0.78 0.22 0.24 0.17 0.62 0.42 0.28 0.7 0.64 0.72 0.44 0.27 0.55 0.93 0.58 0.56 0.49 0.3 0.35 0.69 0.61 0.9 0.3 0.73 0.68 0.54 0.22 0.79 0.09 0.29 0.49 0.32 0.06 0.21 0.46 0.73 0.45 0.29 0.69 0.6 0.91 0.85 
0.82 0.71 1.0 0.78 0.83 0.91 0.88 0.56 0.51 1.0 0.72 0.56 0.64 0.75 1.0 0.55 0.82 0.75 0.96 0.96 0.96 1.0 0.51 0.64 0.98 0.91 1.0 1.0 0.68 0.91 0.64 0.83 0.76 0.55 1.0 0.96 0.84 0.63 0.94 1.0 0.61 0.51 0.63 0.79 0.63 0.51 0.99 0.91 1.0 0.82 0.85 1.0 0.5 0.92 0.73 0.75 1.0 0.57 0.94 0.55 0.6 0.61 0.63 0.54 0.6 0.51 0.53 1.0 0.52 0.92 0.92 0.71 0.84 0.91 0.72 0.89 0.67 0.63 0.84 0.83 0.99 1.0 0.57 0.77 0.6 0.52 0.7 0.63 0.95 0.72 0.5 0.81 0.69 0.85 0.63 0.6 0.86 0.89 0.89 0.78 1.0 0.71 0.6 0.72 0.79 0.52 0.76 0.98 0.85 1.0 0.59 0.7 0.76 0.56 1.0 0.8 0.73 1.0 0.98 1.0 0.94 0.82 0.99 0.61 0.52 0.55 0.51 0.51 0.79 0.91 0.78 0.71 0.72 0.53 0.8 0.99 1.0 0.56 0.56 0.6 0.61 0.71 0.78 0.82 0.91 0.56 0.84 0.94 0.9 0.88 0.68 0.54 0.88 0.51 0.75 0.51 0.67 0.89 0.73 1.0 
0.61 0.95 0.74 0.62 1.0 0.67 0.53 1.0 1.0 0.88 0.72 0.84 0.95 1.0 0.61 0.82 0.94 0.6 0.94 0.77 0.88 0.52 0.52 0.97 0.5 0.68 0.68 0.7 1.0 0.68 0.69 0.74 0.89 0.65 0.85 0.66 0.75 0.85 0.75 1.0 0.86 0.67 0.59 1.0 0.96 0.63 0.78 0.55 0.82 1.0 1.0 0.9 0.79 0.55 0.75 0.95 0.77 0.86 0.68 0.78 0.96 0.56 0.92 0.55 0.51 0.52 1.0 0.72 0.93 1.0 0.6 0.88 0.66 0.64 0.61 0.98 0.85 0.88 0.69 1.0 0.9 0.76 0.81 1.0 0.67 0.79 1.0 0.68 1.0 0.74 0.91 0.71 1.0 0.57 1.0 0.54 1.0 0.77 0.84 0.62 0.76 0.86 0.9 0.89 0.84 0.5 0.8 0.86 0.51 0.97 0.56 1.0 0.58 0.91 0.63 1.0 0.94 0.9 0.75 0.61 0.89 0.89 0.57 0.61 0.65 1.0 0.7 0.52 0.83 0.63 0.56 1.0 1.0 0.54 0.72 0.61 1.0 0.87 0.75 0.59 1.0 1.0 1.0 0.55 0.85 0.86 0.64 0.59 1.0 1.0 0.82 0.84 1.0 0.95 0.91 0.53 0.69 0.98 0.66 0.52 
0.92 0.76 1.0 0.83 0.91 0.67 1.0 1.0 1.0 0.97 1.0 0.68 0.89 0.89 0.56 1.0 0.82 1.0 0.99 0.55 0.97 0.54 0.73 0.74 0.6 0.75 0.6 0.53 0.67 1.0 0.59 0.94 0.76 1.0 0.84 0.76 0.56 0.87 0.7 0.61 1.0 0.65 0.55 0.83 0.7 0.89 0.87 0.82 1.0 0.5 1.0 1.0 1.0 0.51 0.68 0.5 0.55 0.66 0.69 0.92 1.0 1.0 0.97 0.66 0.72 0.86 0.69 1.0 0.98 0.85 0.52 0.83 0.94 0.84 0.79 0.88 0.61 0.64 0.74 0.57 0.71 0.94 0.52 0.94 0.97 0.78 0.78 1.0 0.73 0.57 0.91 0.88 0.55 1.0 1.0 1.0 0.62 0.95 0.64 0.95 0.76 0.82 0.83 0.74 0.77 0.62 0.63 1.0 0.86 1.0 0.6 0.96 0.66 0.71 0.93 0.57 1.0 0.66 0.54 0.69 0.99 0.57 1.0 0.65 1.0 0.94 0.59 1.0 0.95 1.0 0.77 0.86 0.9 0.67 0.56 0.62 0.9 0.54 0.74 0.86 0.96 0.62 0.56 1.0 0.69 0.87 0.72 0.76 0.69 0.5 0.83 1.0 0.97 0.86 0.97 0.69 0.71 1.0 0.62 0.56 
0.82 0.66 0.79 0.77 0.9 1.0 1.0 0.98 1.0 0.78 0.7 0.8 0.65 0.65 1.0 0.78 0.99 0.84 0.89 0.51 0.61 0.56 1.0 0.86 1.0 0.66 0.88 0.77 0.86 0.63 0.68 1.0 0.82 0.78 0.52 0.61 0.87 0.66 0.95 0.56 1.0 0.75 0.72 0.69 0.7 0.64 0.56 0.81 0.72 0.95 0.69 1.0 0.69 0.93 0.7 0.9 0.64 0.56 0.97 1.0 0.91 0.86 0.96 0.75 1.0 0.83 0.68 0.82 0.76 0.95 0.78 1.0 1.0 0.79 0.58 0.69 0.55 0.6 0.67 0.74 0.85 0.55 0.72 0.99 0.53 1.0 0.86 0.74 0.68 1.0 0.74 0.64 0.52 0.67 0.91 0.99 0.78 1.0 0.66 0.64 1.0 0.94 0.63 0.83 0.78 0.89 0.96 0.7 0.98 0.57 0.81 0.79 0.96 1.0 0.71 0.56 0.56 0.97 0.97 0.56 0.89 1.0 0.65 0.98 0.86 0.67 0.98 0.63 1.0 0.73 0.78 0.75 0.8 0.77 0.94 0.56 0.88 0.81 1.0 0.65 1.0 0.71 0.8 0.78 0.75 0.78 0.52 0.94 0.7 0.9 1.0 0.75 0.58 0.85 0.72 0.89 1.0 0.93 0.68 0.77 
0.64 1.0 0.78 0.81 0.99 0.7 0.57 0.56 0.84 0.57 1.0 0.72 1.0 0.82 0.95 0.79 0.79 0.55 0.59 0.67 0.81 0.75 0.66 0.83 0.66 0.67 0.85 0.69 0.92 0.7 0.86 0.86 0.94 0.86 1.0 0.52 0.53 0.86 0.59 1.0 0.57 0.81 0.96 1.0 0.55 0.66 0.94 0.61 0.99 0.93 0.51 1.0 0.69 0.76 0.92 1.0 0.51 0.69 0.96 0.69 1.0 0.5 0.58 0.84 0.88 1.0 0.75 0.82 0.72 0.77 0.83 0.6 0.69 1.0 0.53 1.0 0.64 0.79 0.58 0.72 0.61 0.86 1.0 0.66 0.74 0.89 0.9 0.56 0.88 0.59 0.86 0.86 0.81 0.54 0.91 0.79 0.63 0.71 1.0 0.92 0.92 0.68 0.55 0.82 0.57 1.0 0.54 0.91 0.69 0.86 0.94 0.87 0.95 0.88 0.73 0.59 1.0 0.55 0.96 0.85 0.54 0.76 0.93 1.0 0.65 0.54 0.85 0.81 0.57 0.61 1.0 0.62 0.64 1.0 0.83 0.96 0.71 0.84 0.64 0.9 0.59 1.0 0.69 0.59 0.74 0.62 1.0 1.0 0.96 0.9 1.0 0.68 0.97 0.61 0.86 0.77 0.95 0.89 0.51 1.0 
0.24 0.34 0.45 0.25 0.67 0.29 0.27 0.31 0.43 0.38 0.37 0.18 0.35 0.35 0.32 0.28 0.49 0.21 0.47 0.14 0.41 0.12 0.13 0.33 0.19 0.21 0.3 0.2 0.36 0.27 0.15 0.49 0.4 0.24 0.38 0.15 0.16 0.26 0.28 0.35 0.29 0.13 0.14 0.45 0.16 0.12 0.35 0.2 0.59 0.36 0.3 0.9 0.19 0.18 0.24 0.32 0.14 0.12 0.41 0.27 0.53 0.15 0.31 0.12 0.19 0.19 0.18 0.48 0.26 0.57 0.19 0.31 0.36 0.39 0.11 0.53 0.12 0.17 0.17 0.26 0.32 0.33 0.17 0.47 0.16 0.28 0.42 0.18 0.41 0.18 0.26 0.28 0.16 0.18 0.52 0.25 0.26 0.46 0.31 0.27 0.53 0.32 0.16 0.32 0.23 0.14 0.2 0.54 0.25 0.47 0.15 0.46 0.26 0.32 0.31 0.15 0.38 0.32 0.37 0.2 0.39 0.31 0.34 0.24 0.19 0.19 0.18 0.14 0.36 0.25 0.26 0.28 0.33 0.15 0.25 0.2 0.56 0.18 0.2 0.18 0.34 0.32 0.24 0.21 0.3 0.2 0.2 0.39 0.42 0.36 0.46 0.23 0.48 0.21 0.41 0.13 0.31 0.72 0.1 0.22 
1099.77 776.37 805.93 511.32 1151.08 1000.02 775.03 1060.28 650.9 1989.56 800.65 982.89 1061.78 741.1 1099.4 583.41 1962.22 2132.93 779.08 2197.79 699.55 593.31 2239.08 990.22 1243.4 1971.17 1231.87 1869.29 1178.34 814.03 908.55 1002.06 1184.62 1145.99 720.73 1146.59 1028.25 1012.49 519.39 1229.0 1030.99 1069.14 1169.19 864.57 811.8 850.24 1109.81 1218.16 786.3 916.24 2086.47 559.29 879.31 916.87 849.82 677.04 1117.78 1162.58 953.05 922.94 660.23 672.15 1000.81 792.32 955.54 1377.61 2295.96 753.15 1989.23 984.45 1109.13 1100.81 2136.76 751.6 847.84 690.03 1025.73 838.51 853.4 975.9 1007.78 1061.05 1085.98 1068.47 967.4 2164.69 943.6 990.81 1084.71 803.01 1032.9 1320.01 978.22 1389.22 875.03 952.71 719.41 844.99 470.96 782.36 695.76 1220.39 899.45 1358.5 512.45 992.27 1267.79 1039.04 1102.06 952.71 936.91 2059.25 971.18 803.27 798.87 954.18 992.65 699.83 1511.77 814.46 758.52 892.87 853.88 1310.78 896.68 2244.22 889.92 2154.11 1085.35 826.56 866.23 1185.29 888.13 923.02 920.38 721.99 528.31 2358.38 870.88 1283.48 702.33 1254.55 2536.2 854.45 487.37 1238.29 690.25 985.17 922.04 929.63 817.72 1000.53 1019.38 955.21 1095.48 961.12 2082.07 782.02 1196.69 1101.53 
292.77 291.8 364.86 105.72 751.02 276.39 182.51 381.78 276.1 745.28 283.07 159.7 407.29 255.94 369.59 120.59 831.33 495.04 333.46 278.28 274.87 58.47 326.06 375.29 233.65 385.74 380.82 319.98 479.5 200.68 149.11 510.88 433.46 239.41 258.28 161.97 165.89 254.24 140.27 371.9 304.71 128.27 170.56 394.32 119.01 118.96 396.15 262.04 457.07 366.1 518.0 487.48 156.13 180.49 238.63 184.83 153.23 155.7 313.72 211.52 316.86 116.01 295.76 100.89 201.52 237.08 446.3 338.81 475.7 545.48 166.25 359.53 673.58 306.81 75.79 334.51 111.19 117.94 139.77 208.62 245.55 363.35 187.32 508.87 162.43 508.54 366.68 191.66 445.09 164.12 233.31 390.69 174.53 265.85 517.79 200.28 176.23 378.55 139.56 195.28 399.02 419.22 108.98 432.49 126.12 164.36 286.58 561.92 262.57 396.31 146.29 887.14 247.44 278.08 254.16 85.25 382.55 212.05 587.36 152.99 308.76 292.48 313.73 363.26 199.12 430.66 162.96 331.37 377.29 259.38 169.12 328.91 259.47 136.93 227.18 139.38 312.03 453.64 191.0 255.15 208.12 453.71 646.09 197.72 124.25 248.18 114.94 365.98 389.77 299.84 334.56 258.36 502.13 209.81 467.22 125.85 629.72 589.2 89.62 281.35 
4998.83 3381.86 3529.67 2056.58 5255.39 4500.08 3375.14 4801.4 2754.51 9447.8 3503.26 4414.46 4808.88 3205.48 4997.02 2417.05 9311.12 10164.64 3395.38 10488.94 2997.75 2466.53 10695.4 4451.09 5717.01 9355.83 5659.33 8846.44 5391.69 3570.15 4042.74 4510.3 5423.09 5229.94 3103.64 5232.95 4641.25 4562.45 2096.96 5645.02 4654.97 4845.71 5345.96 3822.85 3558.99 3751.21 5049.04 5590.79 3431.48 4081.22 9932.34 2296.43 3896.54 4084.34 3749.12 2885.22 5088.92 5312.88 4265.27 4114.7 2801.14 2860.76 4504.06 3461.61 4277.69 6388.04 10979.81 3265.75 9446.13 4422.25 5045.64 5004.06 10183.81 3257.99 3739.19 2950.16 4628.64 3692.56 3767.02 4379.5 4538.92 4805.27 4929.9 4842.36 4336.98 10323.46 4218.02 4454.07 4923.56 3515.03 4664.52 6100.05 4391.1 6446.09 3875.15 4263.56 3097.04 3724.96 1854.79 3411.8 2978.82 5601.95 3997.26 6292.51 2062.27 4461.37 5838.97 4695.19 5010.31 4263.56 4184.53 9796.24 4355.91 3516.37 3494.36 4270.92 4463.27 2999.15 7058.87 3572.31 3292.59 3964.36 3769.41 6053.92 3983.4 10721.09 3949.59 10270.54 4926.74 3632.79 3831.15 5426.44 3940.66 4115.12 4101.91 3109.97 2141.54 11291.92 3854.4 5917.39 3011.67 5772.76 12180.98 3772.25 1936.87 5691.43 2951.25 4425.85 4110.22 4148.13 3588.6 4502.64 4596.91 4276.06 4977.4 4305.59 9910.34 3410.08 5483.43 5007.67 
963.84 958.99 1324.29 28.59 3255.12 881.93 412.56 1408.88 880.48 3226.38 915.37 298.49 1536.43 779.7 1347.94 102.94 3656.63 1975.22 1167.3 891.38 874.35 -207.67 1130.31 1376.43 668.27 1428.68 1404.11 1099.91 1897.49 503.41 245.57 2054.42 1667.31 697.04 791.42 309.84 329.45 771.21 201.33 1359.48 1023.54 141.34 352.78 1471.62 95.03 94.78 1480.76 810.2 1785.33 1330.48 2090.01 1937.42 280.65 402.47 693.17 424.15 266.13 278.51 1068.6 557.62 1084.28 80.07 978.82 4.45 507.6 685.4 1731.5 1194.06 1878.49 2227.39 331.25 1297.67 2867.92 1034.06 -121.06 1172.57 55.97 89.69 198.83 543.08 727.73 1316.77 436.61 2044.34 312.17 2042.72 1333.4 458.28 1725.45 320.61 666.57 1453.46 372.67 829.27 2088.97 501.41 381.14 1392.76 197.82 476.38 1495.11 1596.08 44.92 1662.45 130.59 321.78 932.88 2309.59 812.85 1481.55 231.43 3935.69 737.18 890.38 770.8 -73.74 1412.74 560.23 2436.8 264.94 1043.81 962.42 1068.64 1316.29 495.58 1653.28 314.78 1156.85 1386.47 796.91 345.61 1144.57 797.35 184.63 635.88 196.91 1060.16 1768.18 454.98 775.73 540.6 1768.53 2730.46 488.62 121.24 740.91 74.72 1329.92 1448.85 999.22 1172.81 791.82 2010.64 549.04 1836.12 129.25 2648.62 2446.01 -51.9 906.76 
103.04 134.89 137.78 72.11 87.15 85.54 111.63 138.31 89.05 124.39 72.12 148.38 119.7 89.37 70.35 131.36 113.6 125.45 71.25 89.07 86.71 94.77 128.17 135.2 111.01 116.36 139.37 83.55 104.41 77.67 131.71 95.12 127.67 119.44 76.78 128.62 74.17 130.47 132.06 147.33 164.97 109.95 121.95 153.92 115.69 131.98 104.13 131.58 128.21 87.51 129.3 77.46 81.32 127.81 146.73 73.66 87.72 128.15 114.67 140.82 130.12 127.03 117.74 90.39 97.07 73.28 81.61 117.7 79.83 84.4 105.84 116.3 112.25 75.02 74.0 87.36 91.04 90.38 112.82 128.79 165.11 87.09 127.43 131.41 75.55 159.75 127.46 74.22 80.85 112.25 79.75 110.25 126.35 110.54 115.49 87.8 94.47 75.12 112.15 112.64 88.47 143.21 67.19 74.37 116.38 114.31 173.41 72.97 85.9 173.38 103.93 168.14 100.7 128.93 77.65 83.71 131.4 111.26 73.72 74.93 182.69 118.5 72.04 88.05 128.12 115.99 88.62 115.15 85.52 111.09 77.01 126.4 143.56 88.48 129.44 88.33 109.45 84.24 135.87 73.73 141.54 111.41 112.16 73.8 75.22 111.36 85.76 112.39 143.98 103.87 117.92 106.56 128.53 86.4 86.23 75.32 126.42 109.48 73.84 107.28 
9 12 13 5 6 6 10 13 6 11 5 15 11 6 5 12 10 11 5 6 6 6 12 12 10 11 13 5 9 5 12 6 12 11 5 12 5 12 12 15 17 10 11 16 11 12 9 12 12 6 12 5 5 12 15 5 6 12 10 13 12 12 11 6 6 5 5 11 5 6 10 11 10 5 5 6 6 6 10 12 17 6 12 12 5 17 12 5 5 10 5 10 12 10 10 6 6 5 10 10 6 13 4 5 11 10 18 5 6 18 9 18 9 12 5 5 12 10 5 5 19 11 5 6 12 11 6 10 6 10 5 12 13 6 12 6 10 6 12 5 13 10 10 5 5 10 6 10 13 9 11 10 12 6 6 5 12 10 5 10 
28 16 50 39 89 66 69 32 112 111 55 112 12 9 117 78 106 71 62 10 56 49 17 73 54 61 81 18 69 103 49 11 19 84 65 27 105 72 10 7 13 25 24 95 99 31 56 35 63 63 49 92 84 106 67 81 24 67 54 74 38 8 113 113 54 86 12 36 17 10 117 50 23 115 94 15 21 102 1 80 114 12 116 66 97 21 57 115 4 48 86 39 63 79 33 21 97 17 107 27 1 34 29 108 7 65 44 52 103 39 41 106 38 11 113 28 93 20 24 20 17 50 88 55 64 87 56 108 108 88 87 6 102 4 113 88 89 69 45 1 61 75 17 72 93 56 75 115 62 84 21 86 117 24 13 10 78 91 21 79 
47 83 120 120 120 120 120 104 120 120 120 120 64 120 120 120 120 120 120 120 94 120 40 120 120 114 120 115 92 120 70 91 40 96 120 61 120 120 53 82 56 87 73 120 120 86 104 95 120 120 120 120 120 118 120 120 74 120 120 88 120 120 120 120 120 120 61 120 39 86 120 80 105 120 120 46 120 120 64 118 120 120 120 92 120 115 120 120 38 87 120 120 100 108 94 120 120 84 120 108 35 89 52 120 120 120 116 74 120 120 120 120 117 34 120 70 120 76 117 82 110 111 109 86 120 120 120 120 120 120 120 56 120 118 120 120 120 120 120 15 120 117 120 115 120 120 120 120 120 120 67 120 120 120 99 63 120 120 76 120 
10
0.0 0.0 0.0 0.0 0.0 0.0 0.0 0.0 0.0 0.0 
100.0 0.0 100.0 0.0 0.0 0.0 100.0 0.0 100.0 0.0 
0 7 0 7 7 7 0 7 0 7 4 2 7 3 4 4 6 6 7 3 3 7 6 4 4 5 5 5 5 5 5 2 4 6 2 5 2 6 6 2 2 5 8 6 6 5 7 3 2 7 7 3 7 8 5 6 2 4 6 2 6 6 3 6 7 5 4 4 6 4 6 1 5 5 5 5 2 6 4 5 5 4 7 3 7 7 2 7 4 6 8 4 4 2 7 6 6 3 4 3 3 5 6 4 6 5 7 4 4 3 6 2 6 1 6 5 7 7 6 7 7 7 6 7 4 5 6 6 2 3 8 6 6 3 7 4 3 5 4 7 4 5 7 5 5 2 6 7 3 2 4 7 2 5 4 4 6 4 5 6 1 7 1 6 4 7 5 7 5 8 
7 0 7 0 0 0 7 0 7 0 6 6 3 6 2 2 4 3 4 3 3 7 3 7 3 2 4 4 6 8 7 4 6 6 4 8 6 6 4 4 5 6 6 1 1 4 5 4 4 8 7 7 6 6 5 7 5 4 7 4 3 1 3 1 7 3 3 2 3 2 7 6 4 2 2 2 4 4 7 3 2 6 3 4 4 4 4 5 5 8 6 6 6 6 5 9 8 4 6 3 3 4 6 5 2 1 4 4 2 3 3 4 6 6 7 5 8 5 3 8 6 7 2 3 2 3 7 2 6 3 6 0 3 3 3 3 3 5 3 7 6 2 6 5 4 5 7 4 5 6 6 6 6 2 5 5 6 5 2 2 6 5 5 5 7 4 2 6 6 5 
0 7 0 7 7 7 0 7 0 7 4 2 7 3 4 4 6 6 7 3 3 7 6 4 4 5 5 5 5 5 5 2 4 6 2 5 2 6 6 2 2 5 8 6 6 5 7 3 2 7 7 3 7 8 5 6 2 4 6 2 6 6 3 6 7 5 4 4 6 4 6 1 5 5 5 5 2 6 4 5 5 4 7 3 7 7 2 7 4 6 8 4 4 2 7 6 6 3 4 3 3 5 6 4 6 5 7 4 4 3 6 2 6 1 6 5 7 7 6 7 7 7 6 7 4 5 6 6 2 3 8 6 6 3 7 4 3 5 4 7 4 5 7 5 5 2 6 7 3 2 4 7 2 5 4 4 6 4 5 6 1 7 1 6 4 7 5 7 5 8 
7 0 7 0 0 0 7 0 7 0 6 6 3 6 2 2 4 3 4 3 3 7 3 7 3 2 4 4 6 8 7 4 6 6 4 8 6 6 4 4 5 6 6 1 1 4 5 4 4 8 7 7 6 6 5 7 5 4 7 4 3 1 3 1 7 3 3 2 3 2 7 6 4 2 2 2 4 4 7 3 2 6 3 4 4 4 4 5 5 8 6 6 6 6 5 9 8 4 6 3 3 4 6 5 2 1 4 4 2 3 3 4 6 6 7 5 8 5 3 8 6 7 2 3 2 3 7 2 6 3 6 0 3 3 3 3 3 5 3 7 6 2 6 5 4 5 7 4 5 6 6 6 6 2 5 5 6 5 2 2 6 5 5 5 7 4 2 6 6 5 
7 0 7 0 0 0 7 0 7 0 6 6 3 6 2 2 4 3 4 3 3 7 3 7 3 2 4 4 6 8 7 4 6 6 4 8 6 6 4 4 5 6 6 1 1 4 5 4 4 8 7 7 6 6 5 7 5 4 7 4 3 1 3 1 7 3 3 2 3 2 7 6 4 2 2 2 4 4 7 3 2 6 3 4 4 4 4 5 5 8 6 6 6 6 5 9 8 4 6 3 3 4 6 5 2 1 4 4 2 3 3 4 6 6 7 5 8 5 3 8 6 7 2 3 2 3 7 2 6 3 6 0 3 3 3 3 3 5 3 7 6 2 6 5 4 5 7 4 5 6 6 6 6 2 5 5 6 5 2 2 6 5 5 5 7 4 2 6 6 5 
7 0 7 0 0 0 7 0 7 0 6 6 3 6 2 2 4 3 4 3 3 7 3 7 3 2 4 4 6 8 7 4 6 6 4 8 6 6 4 4 5 6 6 1 1 4 5 4 4 8 7 7 6 6 5 7 5 4 7 4 3 1 3 1 7 3 3 2 3 2 7 6 4 2 2 2 4 4 7 3 2 6 3 4 4 4 4 5 5 8 6 6 6 6 5 9 8 4 6 3 3 4 6 5 2 1 4 4 2 3 3 4 6 6 7 5 8 5 3 8 6 7 2 3 2 3 7 2 6 3 6 0 3 3 3 3 3 5 3 7 6 2 6 5 4 5 7 4 5 6 6 6 6 2 5 5 6 5 2 2 6 5 5 5 7 4 2 6 6 5 
0 7 0 7 7 7 0 7 0 7 4 2 7 3 4 4 6 6 7 3 3 7 6 4 4 5 5 5 5 5 5 2 4 6 2 5 2 6 6 2 2 5 8 6 6 5 7 3 2 7 7 3 7 8 5 6 2 4 6 2 6 6 3 6 7 5 4 4 6 4 6 1 5 5 5 5 2 6 4 5 5 4 7 3 7 7 2 7 4 6 8 4 4 2 7 6 6 3 4 3 3 5 6 4 6 5 7 4 4 3 6 2 6 1 6 5 7 7 6 7 7 7 6 7 4 5 6 6 2 3 8 6 6 3 7 4 3 5 4 7 4 5 7 5 5 2 6 7 3 2 4 7 2 5 4 4 6 4 5 6 1 7 1 6 4 7 5 7 5 8 
7 0 7 0 0 0 7 0 7 0 6 6 3 6 2 2 4 3 4 3 3 7 3 7 3 2 4 4 6 8 7 4 6 6 4 8 6 6 4 4 5 6 6 1 1 4 5 4 4 8 7 7 6 6 5 7 5 4 7 4 3 1 3 1 7 3 3 2 3 2 7 6 4 2 2 2 4 4 7 3 2 6 3 4 4 4 4 5 5 8 6 6 6 6 5 9 8 4 6 3 3 4 6 5 2 1 4 4 2 3 3 4 6 6 7 5 8 5 3 8 6 7 2 3 2 3 7 2 6 3 6 0 3 3 3 3 3 5 3 7 6 2 6 5 4 5 7 4 5 6 6 6 6 2 5 5 6 5 2 2 6 5 5 5 7 4 2 6 6 5 
0 7 0 7 7 7 0 7 0 7 4 2 7 3 4 4 6 6 7 3 3 7 6 4 4 5 5 5 5 5 5 2 4 6 2 5 2 6 6 2 2 5 8 6 6 5 7 3 2 7 7 3 7 8 5 6 2 4 6 2 6 6 3 6 7 5 4 4 6 4 6 1 5 5 5 5 2 6 4 5 5 4 7 3 7 7 2 7 4 6 8 4 4 2 7 6 6 3 4 3 3 5 6 4 6 5 7 4 4 3 6 2 6 1 6 5 7 7 6 7 7 7 6 7 4 5 6 6 2 3 8 6 6 3 7 4 3 5 4 7 4 5 7 5 5 2 6 7 3 2 4 7 2 5 4 4 6 4 5 6 1 7 1 6 4 7 5 7 5 8 
7 0 7 0 0 0 7 0 7 0 6 6 3 6 2 2 4 3 4 3 3 7 3 7 3 2 4 4 6 8 7 4 6 6 4 8 6 6 4 4 5 6 6 1 1 4 5 4 4 8 7 7 6 6 5 7 5 4 7 4 3 1 3 1 7 3 3 2 3 2 7 6 4 2 2 2 4 4 7 3 2 6 3 4 4 4 4 5 5 8 6 6 6 6 5 9 8 4 6 3 3 4 6 5 2 1 4 4 2 3 3 4 6 6 7 5 8 5 3 8 6 7 2 3 2 3 7 2 6 3 6 0 3 3 3 3 3 5 3 7 6 2 6 5 4 5 7 4 5 6 6 6 6 2 5 5 6 5 2 2 6 5 5 5 7 4 2 6 6 5 
4 6 4 6 6 6 4 6 4 6 0 2 3 0 3 3 2 3 3 3 3 2 2 1 3 4 2 1 1 2 2 2 0 2 3 2 2 2 2 2 3 1 4 5 4 1 3 3 3 3 3 1 3 4 1 2 2 1 1 2 2 4 2 5 2 2 2 4 3 3 2 3 2 3 3 3 2 3 1 3 3 0 3 2 3 3 2 3 0 2 3 0 0 2 3 3 2 2 0 3 2 1 2 0 3 4 3 1 4 3 3 3 1 2 1 1 3 3 3 3 3 3 4 3 3 2 2 3 2 3 4 5 3 2 3 2 2 1 3 2 0 3 3 0 2 2 2 3 1 1 0 3 1 3 0 0 2 0 3 4 3 3 3 2 1 3 3 3 0 4 
2 6 2 6 6 6 2 6 2 6 2 0 5 1 3 3 4 4 5 3 2 4 4 2 3 4 3 3 3 3 3 1 1 4 2 3 0 4 4 1 2 3 6 5 5 2 5 2 2 5 5 1 5 6 3 4 0 2 3 2 4 5 2 5 4 3 2 3 4 3 3 1 3 4 4 3 1 4 2 4 4 1 5 2 5 5 1 5 2 3 5 2 1 0 5 4 4 2 2 3 2 3 4 2 4 4 5 2 4 2 4 2 3 0 3 3 4 5 5 5 5 5 4 5 3 3 4 4 0 2 6 5 4 2 5 2 2 2 3 4 2 3 5 2 3 0 4 5 1 0 1 5 0 3 1 2 4 2 4 5 1 5 1 4 2 5 4 5 2 6 
7 3 7 3 3 3 7 3 7 3 3 5 0 4 2 2 1 0 1 3 3 4 1 5 2 3 1 2 4 5 5 4 4 3 5 5 5 3 1 4 5 3 2 3 1 2 2 4 4 5 3 5 3 3 2 4 4 2 4 4 1 1 3 2 4 1 3 3 0 3 5 5 1 2 2 2 4 0 4 1 1 4 0 4 1 1 4 2 3 5 3 4 4 5 1 6 5 4 4 3 3 2 4 3 1 2 1 2 3 4 1 5 3 5 4 2 5 1 0 5 2 4 1 0 2 2 4 1 5 3 3 2 0 3 0 2 3 2 3 3 3 2 3 3 1 5 3 1 3 5 4 3 5 2 3 3 2 3 1 1 6 2 5 2 5 1 1 3 4 2 
3 6 3 6 6 6 3 6 3 6 0 1 4 0 3 3 3 3 4 3 2 3 3 1 3 4 2 2 2 2 2 1 0 3 2 2 1 3 3 2 2 1 5 5 4 1 4 2 2 3 4 1 4 5 1 3 1 2 2 2 3 4 2 5 3 2 2 3 3 3 2 2 2 3 3 3 2 3 1 3 3 0 4 2 3 4 1 3 1 2 4 1 0 1 4 3 3 2 1 3 2 2 2 1 4 4 4 2 4 2 3 2 2 1 2 1 3 4 4 4 4 4 4 4 3 2 3 4 1 2 5 5 3 2 4 2 2 1 2 3 1 3 4 1 2 1 3 4 1 1 0 3 1 3 0 1 3 1 3 4 2 4 2 3 1 4 3 4 1 5 
4 2 4 2 2 2 4 2 4 2 3 3 2 3 0 0 2 2 3 0 0 5 2 4 0 0 2 2 4 5 5 2 3 4 2 5 3 4 2 1 2 3 5 1 1 2 4 1 2 5 5 4 5 5 2 5 2 1 4 1 2 1 1 1 5 1 0 1 2 0 5 3 2 0 0 0 1 2 4 1 1 3 2 1 3 3 2 4 2 5 5 3 3 3 4 6 5 1 3 1 0 2 4 2 1 1 3 1 1 1 1 2 4 3 4 2 6 3 2 6 4 5 1 2 0 1 5 1 3 0 5 2 2 0 2 1 0 2 0 5 3 0 4 3 2 3 4 3 2 4 3 4 3 0 2 2 4 2 1 2 3 4 2 3 4 3 1 4 4 4 
4 2 4 2 2 2 4 2 4 2 3 3 2 3 0 0 2 2 3 0 0 5 2 4 0 0 2 2 4 5 5 2 3 4 2 5 3 4 2 1 2 3 5 2 1 2 4 1 2 5 5 4 5 5 2 5 2 1 4 1 2 1 0 1 5 1 0 1 2 0 5 3 2 0 0 0 1 2 4 1 1 3 3 1 3 3 2 4 2 5 5 3 3 3 4 6 5 1 3 1 0 2 4 2 1 1 3 1 1 1 1 2 4 3 4 2 6 3 2 6 4 5 1 2 0 1 5 1 3 0 5 2 2 0 2 1 0 2 0 5 3 0 4 3 2 3 4 3 2 4 3 4 3 0 2 2 4 2 1 2 3 4 2 4 4 4 1 4 4 4 
6 4 6 4 4 4 6 4 6 4 2 4 1 3 2 2 0 0 1 3 2 3 0 3 2 3 0 1 2 4 4 3 3 2 4 4 4 2 0 3 4 2 2 3 2 1 1 3 3 3 3 4 2 3 1 3 3 1 3 3 0 2 2 3 3 0 2 3 0 3 3 4 0 2 2 2 3 0 3 1 1 3 1 3 1 1 3 1 1 4 2 2 3 4 1 4 4 3 2 3 2 0 2 1 1 2 1 1 3 3 1 4 2 4 2 1 4 1 1 4 2 3 2 1 2 1 3 1 4 2 3 3 0 2 1 1 2 1 2 2 2 1 2 2 0 4 2 1 2 4 2 2 3 2 2 2 1 1 1 2 4 2 4 1 4 1 1 2 2 2 
6 3 6 3 3 3 6 3 6 3 3 4 0 3 2 2 0 0 1 3 3 4 0 4 2 2 1 1 3 5 4 4 4 3 4 5 5 2 0 4 4 3 2 3 1 2 1 3 4 4 3 5 2 3 2 3 4 2 4 3 0 2 3 2 4 1 2 3 0 3 4 5 1 2 2 2 3 0 4 0 1 3 0 3 1 1 4 2 2 4 3 3 3 4 1 5 5 3 3 3 3 1 3 2 1 2 1 1 3 3 0 4 3 5 3 2 5 1 0 4 2 4 1 0 2 1 3 1 5 3 3 3 0 3 0 2 3 2 2 3 3 1 2 2 1 4 3 1 3 5 3 2 4 2 3 2 2 2 1 1 5 2 4 2 5 1 1 2 3 2 
7 4 7 4 4 4 7 4 7 4 3 5 1 4 3 3 1 1 0 4 4 3 1 4 3 4 1 2 3 5 4 4 4 2 5 4 5 2 1 5 5 3 1 4 3 2 0 4 5 4 2 5 2 2 2 3 5 3 3 4 1 3 4 4 3 2 3 4 1 4 4 6 2 3 3 3 4 0 4 2 3 4 1 4 0 0 5 1 3 4 2 3 4 5 0 5 5 4 3 4 4 2 3 3 2 3 0 2 4 4 2 5 3 5 3 2 4 0 1 4 1 3 2 1 3 2 3 2 5 4 1 4 1 4 1 3 4 2 4 2 3 3 1 3 1 5 2 0 4 5 3 2 5 3 3 3 1 2 2 2 6 1 5 1 5 0 2 1 3 1 
3 3 3 3 3 3 3 3 3 3 3 3 3 3 0 0 3 3 4 0 0 6 3 4 1 1 3 3 4 5 5 1 3 5 1 5 3 4 3 1 1 4 5 2 2 2 5 0 1 6 6 4 5 6 3 5 2 1 5 1 3 2 0 2 6 2 0 0 3 0 5 2 2 1 1 1 1 3 4 2 1 3 3 0 4 4 1 4 3 5 6 4 3 3 4 6 6 1 3 0 0 3 5 3 2 1 4 1 1 0 2 1 5 2 5 3 6 4 3 6 5 6 2 3 1 2 5 2 3 0 6 2 3 0 3 1 0 3 0 5 3 1 5 3 3 2 5 4 2 3 3 5 2 1 2 3 4 3 2 2 2 5 2 4 4 4 2 5 4 5 
3 3 3 3 3 3 3 3 3 3 3 2 3 2 0 0 2 3 4 0 0 5 2 4 0 1 2 2 4 5 5 1 3 4 1 5 2 4 2 1 1 3 5 2 2 2 4 0 1 5 5 4 5 5 2 5 2 1 4 0 2 2 0 2 5 2 0 1 2 1 5 2 2 1 1 1 0 3 4 2 1 3 3 0 3 4 1 4 2 5 5 3 3 2 4 6 5 0 3 0 0 2 4 2 2 1 4 1 1 0 2 1 4 2 4 2 6 4 3 6 4 5 2 3 0 1 5 2 3 0 5 2 2 0 3 1 0 2 0 5 3 1 5 3 2 2 5 4 1 3 2 5 2 1 2 2 4 2 2 2 2 4 2 4 4 4 1 5 3 5 
7 7 7 7 7 7 7 7 7 7 2 4 4 3 5 5 3 4 3 6 5 0 3 2 5 6 3 3 1 2 1 5 3 1 6 1 4 1 3 5 6 1 3 7 6 3 3 5 5 0 1 3 2 2 2 0 4 4 0 5 4 6 5 6 0 3 5 6 4 6 0 6 3 5 5 5 5 3 2 4 5 2 4 5 3 3 5 2 3 1 2 2 2 4 3 1 1 5 2 6 5 3 0 3 5 6 3 4 6 5 4 6 1 5 0 2 0 3 4 0 2 0 5 4 5 4 0 5 4 5 2 7 4 5 4 4 5 2 5 1 2 5 2 2 3 5 0 3 4 4 2 1 4 5 3 3 1 2 5 5 6 2 5 2 2 3 5 2 1 3 
6 3 6 3 3 3 6 3 6 3 2 4 1 3 2 2 0 0 1 3 2 3 0 4 2 2 0 1 3 4 4 3 3 2 4 4 4 2 0 3 4 2 2 3 2 1 1 3 4 4 3 4 2 3 1 3 3 2 3 3 0 2 2 3 4 1 2 3 0 2 4 5 0 2 2 2 3 0 3 0 1 3 0 3 0 1 3 1 2 4 3 3 3 4 1 5 4 3 3 3 2 1 3 2 1 2 1 1 3 3 0 4 3 4 3 1 4 1 1 4 2 4 1 0 2 1 3 1 4 2 3 3 0 2 0 1 3 1 2 3 2 1 2 2 0 4 3 1 3 4 3 2 4 2 2 2 2 2 1 1 5 2 4 1 4 1 1 2 3 2 
4 7 4 7 7 7 4 7 4 7 1 2 5 1 4 4 3 4 4 4 4 2 4 0 4 5 3 2 1 1 0 3 0 2 4 1 2 2 4 3 4 1 5 6 5 2 4 4 4 2 3 0 4 4 2 2 2 3 1 3 4 6 3 6 2 3 4 5 4 5 1 3 3 5 5 4 3 4 0 4 4 1 5 3 4 5 3 3 2 1 4 1 0 2 4 2 1 3 1 5 4 3 2 2 5 5 4 3 5 4 4 4 2 3 2 2 2 4 5 2 4 3 5 5 4 3 2 5 1 4 4 6 4 4 5 3 4 2 4 3 1 4 3 1 3 2 2 5 2 1 1 3 2 4 2 1 3 2 5 5 3 4 3 3 0 5 4 4 1 5 
4 3 4 3 3 3 4 3 4 3 3 3 2 3 0 0 2 2 3 1 0 5 2 4 0 1 2 2 3 5 5 2 3 4 2 5 3 3 2 1 2 3 4 2 1 2 4 1 2 5 5 4 4 5 2 4 2 1 4 1 2 1 1 1 5 1 0 1 2 0 5 3 1 0 0 0 1 2 4 1 0 3 2 1 3 3 2 3 2 5 5 3 3 3 3 6 5 1 3 1 0 2 4 2 1 1 3 1 1 1 1 2 4 3 4 2 5 3 2 5 4 5 1 2 0 1 4 1 3 0 5 2 1 1 2 0 1 2 0 4 3 0 4 3 2 3 4 3 2 4 3 4 3 0 2 2 3 2 1 1 3 4 2 3 4 3 0 4 3 4 
5 2 5 2 2 2 5 2 5 2 4 4 3 4 0 0 3 2 4 1 1 6 2 5 1 0 3 3 4 6 6 2 4 5 2 6 4 4 2 2 3 4 5 1 1 3 4 1 2 6 6 5 5 6 3 5 3 2 5 2 2 1 1 1 6 2 1 0 2 0 6 4 2 0 0 0 2 3 5 2 1 4 3 2 3 4 2 4 3 6 6 4 4 4 4 7 6 2 4 1 1 3 5 3 1 0 4 2 0 1 2 2 5 4 5 3 7 4 2 6 5 6 1 2 0 2 5 1 4 1 6 1 2 1 3 2 1 3 1 5 4 1 5 4 3 3 5 4 3 4 4 5 3 0 3 3 4 3 1 1 4 5 3 4 5 4 1 5 5 5 
5 4 5 4 4 4 5 4 5 4 2 3 1 2 2 2 0 1 1 3 2 3 0 3 2 3 0 0 2 4 3 3 2 2 4 4 3 1 0 3 4 1 2 3 2 0 2 3 3 3 3 3 2 3 1 2 3 1 3 3 0 2 2 3 3 0 2 3 0 2 3 4 0 2 2 2 3 1 3 1 1 2 1 3 1 1 3 1 1 3 2 2 2 3 1 4 4 3 2 3 2 0 2 1 2 2 1 1 3 3 1 4 2 4 2 0 4 1 1 3 2 3 2 1 2 1 2 2 4 2 3 3 1 2 1 1 2 0 2 2 2 1 2 1 0 3 2 1 2 3 2 2 3 2 1 1 1 1 1 2 4 2 4 1 3 1 1 2 2 2 
5 4 5 4 4 4 5 4 5 4 1 3 2 2 2 2 1 1 2 3 2 3 1 2 2 3 0 0 1 3 3 2 2 2 3 3 3 1 1 2 3 1 3 4 3 0 2 3 3 3 3 3 2 3 0 2 2 1 2 2 1 3 2 3 3 0 2 3 1 3 2 4 0 2 2 2 2 1 2 1 2 1 2 2 1 2 2 2 0 3 3 1 2 3 2 4 3 2 1 3 2 0 2 0 2 3 2 1 3 3 2 3 2 3 2 0 3 2 2 3 2 3 2 2 2 1 2 2 3 2 3 4 1 2 2 1 2 0 2 2 1 2 2 1 0 3 2 2 1 3 1 2 2 2 1 1 1 0 2 2 4 2 3 1 3 2 2 2 1 3 
5 6 5 6 6 6 5 6 5 6 1 3 4 2 4 4 2 3 3 4 4 1 3 1 3 4 2 1 0 1 1 3 1 1 4 1 3 1 2 3 4 0 3 5 4 1 3 4 4 2 2 2 2 3 1 1 3 2 0 3 3 5 3 5 1 2 3 5 3 4 1 4 2 4 4 4 3 3 1 3 4 1 3 3 2 3 3 2 1 1 2 0 1 3 3 2 1 3 0 4 3 2 0 1 4 4 3 2 5 4 3 4 0 3 0 1 2 2 4 2 2 2 4 3 4 2 1 4 3 3 3 5 3 3 3 2 3 1 3 1 0 3 2 0 2 3 1 3 2 2 1 2 3 4 1 1 1 1 4 4 4 2 4 1 1 3 3 2 0 3 
5 8 5 8 8 8 5 8 5 8 2 3 5 2 5 5 4 5 5 5 5 2 4 1 5 6 4 3 1 0 0 4 2 2 5 0 3 2 4 4 5 2 5 7 6 3 5 5 5 2 3 1 4 4 3 2 3 4 1 4 4 6 4 7 2 4 5 6 5 6 1 4 4 6 6 5 4 5 1 5 5 2 5 5 4 5 4 4 3 0 4 1 1 3 5 1 0 5 1 6 5 3 2 3 6 6 5 4 6 5 5 5 2 4 2 3 1 4 5 2 4 3 6 5 5 4 2 6 2 5 4 7 5 5 5 4 5 3 5 3 2 5 4 2 4 3 2 5 3 2 2 3 3 5 3 2 3 3 5 6 4 4 4 3 1 5 5 4 1 5 
5 7 5 7 7 7 5 7 5 7 2 3 5 2 5 5 4 4 4 5 5 1 4 0 5 6 3 3 1 0 0 4 1 2 5 0 3 2 4 4 5 1 5 7 6 3 4 5 4 2 3 1 3 4 2 2 3 4 1 4 4 6 4 7 1 4 4 6 4 5 1 4 3 5 5 5 4 4 0 4 5 1 5 4 4 5 4 3 2 0 3 1 1 3 4 1 0 4 1 5 4 3 1 2 5 6 4 3 6 5 5 5 1 3 1 2 1 4 5 2 3 2 6 5 5 4 1 5 2 5 4 7 4 4 5 4 4 2 5 2 1 5 3 2 3 3 2 5 3 2 2 3 3 5 2 2 3 2 5 6 4 4 4 3 1 5 5 3 1 5 
2 4 2 4 4 4 2 4 2 4 2 1 4 1 2 2 3 4 4 1 1 5 3 3 2 2 3 2 3 4 4 0 2 4 1 4 1 4 3 0 1 3 6 3 3 2 5 1 0 5 5 2 5 6 2 4 0 1 4 0 3 3 1 3 5 2 1 2 3 2 4 1 2 2 2 2 0 4 3 3 2 2 4 0 4 4 0 4 2 4 5 3 2 1 5 5 4 0 2 1 1 2 4 2 3 3 4 2 2 1 3 1 4 1 4 2 5 4 4 5 5 5 3 4 2 2 4 3 2 1 6 3 3 1 4 1 1 2 1 5 2 2 5 2 3 1 4 5 0 2 2 5 1 2 1 2 4 2 3 4 1 5 0 4 3 5 2 5 3 5 
4 6 4 6 6 6 4 6 4 6 0 1 4 0 3 3 3 4 4 3 3 3 3 0 3 4 2 2 1 2 1 2 0 2 3 2 1 2 3 2 3 1 5 5 4 2 4 3 3 3 3 0 4 4 1 2 1 2 2 2 3 5 2 5 3 2 3 4 3 4 2 3 2 4 4 3 2 3 1 3 4 0 4 2 3 4 2 3 1 2 4 0 0 1 4 3 2 2 0 4 3 2 2 1 4 4 4 2 4 3 4 3 2 2 2 1 3 4 4 3 3 3 4 4 3 2 2 4 1 3 4 5 3 3 4 2 3 1 3 3 1 3 3 1 2 2 3 4 1 1 0 3 1 4 1 1 3 1 4 4 3 4 2 3 1 4 3 3 1 4 
6 6 6 6 6 6 6 6 6 6 2 4 3 3 4 4 2 3 2 5 4 1 2 2 4 5 2 2 1 2 2 4 2 0 5 2 4 0 2 4 5 1 2 6 5 2 2 5 5 1 1 3 1 2 1 0 4 3 1 4 3 5 4 5 1 3 4 5 3 5 1 5 2 4 4 4 4 2 2 3 4 2 3 4 2 2 4 1 2 1 1 1 2 4 2 2 2 4 2 5 4 2 0 2 4 5 2 3 5 5 3 5 0 5 0 2 1 2 3 1 1 1 4 3 4 3 0 4 4 4 2 6 3 4 3 3 4 2 4 0 1 4 1 1 2 4 0 2 3 4 2 0 4 4 2 2 0 2 4 4 5 1 5 1 3 2 4 1 1 2 
2 4 2 4 4 4 2 4 2 4 3 2 5 2 2 2 4 4 5 1 1 6 4 4 2 2 4 3 4 5 5 1 3 5 0 5 2 5 4 0 0 4 7 3 4 3 6 0 0 6 6 4 6 7 3 6 1 2 5 0 4 4 1 3 6 3 1 2 4 2 5 1 3 3 3 2 0 4 4 3 3 3 5 0 5 5 1 5 3 5 6 4 3 2 6 6 6 0 3 1 1 3 5 3 3 3 5 2 2 1 4 0 5 1 5 3 6 5 4 6 6 6 4 4 2 3 5 3 2 1 7 3 4 1 5 2 1 3 1 6 4 2 6 4 4 1 6 5 2 3 3 6 2 2 2 3 5 3 3 4 1 6 0 5 4 5 3 6 4 6 
5 8 5 8 8 8 5 8 5 8 2 3 5 2 5 5 4 5 4 5 5 1 4 1 5 6 4 3 1 0 0 4 2 2 5 0 3 2 4 4 5 2 4 7 6 3 4 5 5 1 3 2 3 4 3 1 4 4 1 5 4 6 5 7 1 4 5 6 4 6 0 5 4 6 6 5 5 4 1 5 5 2 5 5 4 5 4 3 2 0 3 1 2 3 4 1 0 5 1 6 5 3 1 3 6 6 4 4 6 5 5 5 1 4 1 3 1 4 5 1 3 2 6 5 5 4 1 6 3 5 4 7 5 5 5 4 5 3 5 2 2 5 3 2 3 4 2 5 3 2 2 3 3 5 3 2 3 2 5 6 5 4 5 3 1 5 5 3 1 4 
2 6 2 6 6 6 2 6 2 6 2 0 5 1 3 3 4 5 5 3 2 4 4 2 3 4 3 3 3 3 3 1 1 4 2 3 0 4 4 1 2 3 6 5 5 3 5 2 2 5 5 1 5 6 3 4 0 2 4 2 4 5 2 5 4 3 3 4 4 4 4 1 3 4 4 4 2 4 2 4 4 1 5 2 5 5 1 5 2 3 6 2 2 0 5 4 4 2 2 3 2 3 4 2 4 4 5 3 4 2 4 2 4 0 4 3 4 5 5 5 5 5 5 5 3 3 4 5 0 2 6 5 4 2 5 3 2 3 3 5 2 3 5 2 4 0 4 5 1 0 2 5 0 4 2 2 4 2 4 5 1 5 1 4 2 5 4 5 2 6 
6 6 6 6 6 6 6 6 6 6 2 4 3 3 4 4 2 2 2 4 4 1 2 2 3 4 1 1 1 2 2 4 2 0 5 2 4 0 2 4 5 1 2 5 4 1 2 4 5 1 1 3 1 2 1 1 4 3 1 4 2 4 4 5 1 2 3 5 2 4 1 5 2 4 4 4 4 2 2 3 3 2 3 4 2 2 4 1 1 2 1 1 2 4 2 3 2 4 2 5 4 1 0 1 4 4 2 2 5 4 3 5 0 4 0 1 2 1 3 2 1 1 4 3 4 2 1 4 4 4 2 5 2 4 2 3 4 1 4 0 1 3 1 1 1 4 0 2 3 3 2 0 3 4 2 2 0 1 3 4 5 1 5 0 3 2 3 1 1 2 
6 4 6 4 4 4 6 4 6 4 2 4 1 3 2 2 0 0 1 3 2 3 0 4 2 2 0 1 2 4 4 3 3 2 4 4 4 2 0 3 4 2 2 3 2 1 1 3 3 4 3 4 2 3 1 3 3 1 3 3 0 2 2 3 3 0 2 3 0 2 3 4 0 2 2 2 3 0 3 0 1 3 1 3 1 1 3 1 1 4 3 3 3 4 1 5 4 3 2 3 2 0 2 1 1 2 1 1 3 3 0 4 2 4 3 1 4 1 1 4 2 3 1 1 2 1 3 1 4 2 3 3 0 2 1 1 2 1 2 3 2 1 2 2 0 4 3 1 2 4 2 2 3 2 2 2 2 1 1 1 4 2 4 1 4 1 1 2 3 2 
2 4 2 4 4 4 2 4 2 4 2 1 4 2 1 1 3 4 5 1 1 5 3 3 1 2 3 2 3 4 4 0 2 4 0 4 1 4 3 0 0 3 6 3 3 2 5 0 0 5 5 3 5 6 3 5 1 1 4 0 3 3 0 3 5 2 1 2 3 2 4 1 2 2 2 2 0 4 3 3 2 2 4 0 4 5 0 5 2 5 6 3 2 1 5 6 5 0 3 1 1 3 4 2 3 3 4 2 2 0 3 0 4 1 4 3 5 4 4 6 5 6 3 4 2 2 5 3 2 1 6 3 3 0 4 1 1 2 1 5 3 2 5 3 3 1 5 5 1 2 2 5 1 2 2 2 4 2 3 3 1 5 0 4 3 5 2 5 3 5 
2 5 2 5 5 5 2 5 2 5 3 2 5 2 2 2 4 4 5 1 1 6 4 4 2 3 4 3 4 5 5 1 3 5 0 5 2 5 4 0 0 4 7 4 4 3 6 1 0 6 6 3 6 7 3 6 1 2 5 1 4 4 1 4 6 3 2 2 4 2 5 1 3 3 3 3 1 5 4 4 3 3 5 1 5 5 1 5 3 5 7 4 3 2 6 6 6 1 3 1 1 4 5 3 4 3 5 3 2 1 4 0 5 1 5 3 6 5 5 6 6 6 4 5 2 3 5 4 2 1 7 4 4 1 5 2 1 3 2 6 4 3 6 4 4 1 6 6 2 2 3 6 1 3 2 3 5 3 4 4 1 6 0 5 4 6 3 6 4 6 
5 6 5 6 6 6 5 6 5 6 1 3 3 1 3 3 2 3 3 4 3 1 2 1 3 4 1 1 0 2 1 3 1 1 4 2 3 1 2 3 4 0 3 5 4 1 2 3 4 2 2 2 2 3 0 1 3 2 1 3 2 4 3 5 2 2 3 4 2 4 1 4 1 4 3 3 3 2 1 3 3 1 3 3 2 3 3 2 1 1 2 0 1 3 2 2 2 3 0 4 3 1 1 1 3 4 3 2 4 3 3 4 0 3 1 0 2 2 3 2 2 2 4 3 3 2 1 3 3 3 3 5 2 3 3 2 3 1 3 1 0 3 2 0 1 3 1 3 2 2 1 2 2 3 1 1 1 0 3 4 4 2 4 1 2 3 3 2 0 3 
8 6 8 6 6 6 8 6 8 6 4 6 2 5 5 5 2 2 1 5 5 3 2 5 4 5 2 3 3 5 5 6 5 2 7 4 6 2 2 6 7 3 0 5 4 3 0 6 6 3 1 5 1 1 3 3 6 4 3 6 2 4 5 5 3 3 5 6 2 5 4 7 3 4 4 4 6 2 4 3 4 4 2 6 1 1 6 1 4 4 1 4 4 6 1 5 4 6 4 6 5 3 3 3 4 5 1 4 5 6 3 6 3 6 3 3 4 1 3 3 1 2 4 2 5 3 3 4 6 5 0 5 3 5 2 4 5 3 5 2 4 4 1 3 2 6 2 1 5 6 4 1 6 4 4 4 2 3 4 3 7 1 6 2 5 1 4 1 4 0 
6 1 6 1 1 1 6 1 6 1 5 5 3 5 1 2 3 3 4 2 2 7 3 6 2 1 3 4 5 7 7 3 5 6 3 7 5 5 3 3 4 5 5 0 1 3 5 3 3 7 6 6 6 6 4 6 4 3 6 3 3 1 2 0 7 3 2 1 3 1 7 5 3 1 1 1 3 3 6 2 1 5 3 3 4 4 3 5 4 7 6 5 5 5 4 8 7 3 5 2 2 3 6 4 1 0 4 3 1 2 2 3 6 5 6 4 7 4 2 7 5 7 1 3 1 2 6 1 5 2 6 0 2 2 3 2 2 4 2 6 5 2 5 5 3 4 6 4 4 6 5 6 5 1 4 4 5 4 1 1 5 5 4 5 6 4 2 6 5 5 
6 1 6 1 1 1 6 1 6 1 4 5 1 4 1 1 2 1 3 2 2 6 2 5 1 1 2 3 4 6 6 3 4 5 4 6 5 4 2 3 4 4 4 1 0 3 3 3 3 6 5 5 4 5 3 5 4 2 5 3 2 0 2 1 6 2 2 2 2 1 6 5 2 0 0 1 3 2 5 1 0 4 1 3 2 2 3 4 3 6 5 4 4 5 3 7 6 3 4 2 2 2 5 3 0 0 3 2 1 2 1 4 5 5 5 3 6 3 1 6 4 6 0 1 1 2 5 0 5 2 5 1 1 2 1 2 2 3 2 5 4 1 4 4 2 4 5 3 3 5 4 4 4 1 3 3 4 3 0 0 5 4 4 4 6 3 1 4 5 4 
5 4 5 4 4 4 5 4 5 4 1 2 2 1 2 2 1 2 2 2 2 3 1 2 2 3 0 0 1 3 3 2 2 2 3 3 3 1 1 2 3 1 3 3 3 0 2 2 3 3 3 3 3 3 0 2 2 1 2 2 1 3 2 3 3 0 2 3 1 2 3 3 0 2 2 2 2 1 2 1 2 1 2 2 2 2 2 2 0 3 3 1 1 3 2 4 3 2 1 3 2 0 2 0 2 2 2 0 3 2 2 3 2 3 2 0 3 2 2 3 2 3 2 2 2 1 2 2 3 2 3 3 1 2 2 1 2 0 2 2 1 1 2 1 0 3 2 2 1 3 1 2 2 2 1 0 2 0 2 2 3 2 3 1 3 2 1 2 2 3 
7 5 7 5 5 5 7 5 7 5 3 5 2 4 4 4 1 1 0 5 4 3 1 4 4 4 2 2 3 5 4 5 4 2 6 4 5 2 1 5 6 2 0 5 3 2 0 5 5 3 2 5 1 1 2 2 5 3 3 5 1 3 4 4 3 2 4 5 1 4 3 6 2 4 4 3 5 1 4 2 3 4 1 5 0 0 5 0 3 4 1 3 4 5 0 4 4 5 3 5 4 2 2 3 3 4 0 3 5 5 2 6 2 6 2 2 4 0 2 3 0 2 3 2 4 3 2 3 5 4 1 4 2 4 1 3 4 2 4 2 3 3 1 3 1 5 2 0 4 5 3 1 5 4 3 3 1 2 3 3 6 0 6 1 5 0 3 1 3 0 
3 4 3 4 4 4 3 4 3 4 3 2 4 2 1 1 3 3 4 0 0 5 3 4 1 1 3 3 4 5 5 1 3 5 0 5 2 4 3 0 1 3 6 3 3 2 5 0 0 6 6 3 5 6 3 5 1 1 5 0 3 3 0 3 5 2 0 1 3 1 5 2 2 2 2 1 0 3 4 2 2 3 4 0 4 4 0 5 2 5 6 3 3 2 5 6 5 0 3 0 0 3 4 2 2 2 4 2 1 0 3 0 4 2 4 3 6 4 3 6 5 6 3 4 1 2 5 3 3 0 6 3 3 0 4 1 0 3 0 5 3 2 5 3 3 1 5 4 1 3 3 5 2 1 2 2 4 3 2 3 2 5 1 4 4 5 2 5 4 5 
2 4 2 4 4 4 2 4 2 4 3 2 4 2 2 2 3 4 5 1 1 5 4 4 2 2 3 3 4 5 4 0 3 5 0 5 2 5 3 0 0 4 6 3 3 3 5 0 0 6 6 3 6 6 3 5 1 2 5 0 4 4 1 3 6 3 1 2 4 2 5 1 3 2 2 2 0 4 4 3 3 3 4 0 5 5 0 5 3 5 6 3 3 2 5 6 5 0 3 1 1 3 5 3 3 3 5 2 2 0 3 0 5 1 5 3 6 5 4 6 5 6 3 4 2 2 5 3 2 1 6 3 4 1 4 2 1 3 1 5 3 2 5 3 3 1 5 5 1 2 3 5 1 2 2 2 5 3 3 4 1 5 0 5 4 5 3 6 4 6 
7 8 7 8 8 8 7 8 7 8 3 5 5 3 5 5 3 4 4 6 5 0 4 2 5 6 3 3 2 2 2 5 3 1 6 1 5 1 4 5 6 2 3 7 6 3 3 6 6 0 1 3 2 2 3 0 5 4 1 5 4 6 5 7 0 4 5 7 4 6 1 6 3 6 6 5 5 4 2 5 5 3 4 5 3 4 5 2 3 1 2 2 3 5 3 1 1 5 2 6 5 3 1 3 5 6 4 4 6 6 5 6 1 5 1 3 0 3 5 0 2 0 6 5 6 4 0 5 4 5 2 7 4 5 4 4 5 3 5 1 2 5 2 2 3 5 1 4 4 4 3 1 4 6 3 3 2 3 5 6 6 2 6 2 3 4 5 2 2 3 
7 7 7 7 7 7 7 7 7 7 3 5 3 4 5 5 3 3 2 6 5 1 3 3 5 6 3 3 2 3 3 5 3 1 6 3 5 1 3 5 6 2 1 6 5 3 2 6 6 1 0 4 0 1 2 1 5 4 2 5 3 5 5 6 1 3 5 6 3 6 2 6 3 5 5 5 5 3 3 4 5 3 3 5 2 2 5 1 3 2 0 3 3 5 2 3 3 5 3 6 5 3 1 3 5 5 2 4 6 6 4 6 1 6 1 2 2 2 4 1 1 0 5 3 5 4 1 5 5 5 1 6 3 5 3 4 5 3 5 0 3 4 0 2 2 5 1 2 4 5 3 0 5 5 4 3 1 3 4 5 6 1 6 1 4 2 4 0 2 2 
3 7 3 7 7 7 3 7 3 7 1 1 5 1 4 4 4 5 5 4 4 3 4 0 4 5 3 3 2 1 1 2 0 3 4 2 1 3 4 3 3 2 5 6 5 3 5 3 3 3 4 0 4 5 2 3 2 3 2 3 4 6 3 6 3 3 3 5 4 5 2 3 3 5 5 4 3 4 1 4 5 1 5 3 4 5 3 4 2 2 4 1 1 1 5 3 2 3 1 4 3 3 2 2 5 5 5 3 5 4 5 4 2 2 2 2 3 4 5 3 4 4 5 5 4 3 3 5 1 4 5 6 4 3 5 3 3 2 4 3 1 4 4 2 3 2 3 5 2 0 1 4 1 4 2 2 3 2 5 5 3 4 3 3 0 5 4 4 1 5 
7 6 7 6 6 6 7 6 7 6 3 5 3 4 5 5 2 2 2 5 5 2 2 4 4 5 2 2 2 4 3 5 4 1 6 3 5 1 2 5 6 2 1 6 4 3 1 5 6 2 0 4 0 0 2 1 5 4 2 5 2 5 5 5 2 3 4 6 2 5 2 6 2 5 4 4 5 2 3 3 4 3 3 5 2 2 5 0 3 3 0 3 3 5 1 3 3 5 3 6 5 2 1 3 4 5 2 3 5 5 3 6 1 6 1 2 2 1 3 2 0 1 4 3 5 3 1 4 5 5 0 6 3 5 3 4 5 2 5 1 2 4 0 2 2 5 1 2 4 5 3 0 5 4 3 3 1 2 4 4 6 0 6 1 4 2 4 0 3 1 
8 6 8 6 6 6 8 6 8 6 4 6 3 5 5 5 3 3 2 6 5 2 3 4 5 6 3 3 3 4 4 6 4 2 7 4 6 2 3 6 7 3 1 6 5 3 1 6 6 2 1 5 0 0 3 2 6 4 3 6 3 5 5 6 2 3 5 6 3 6 3 7 3 5 5 5 6 2 4 4 4 4 3 6 2 2 6 1 3 3 0 3 4 6 1 4 4 6 4 6 5 3 2 3 4 5 2 4 6 6 4 7 2 6 2 3 3 1 3 2 1 1 4 3 5 4 2 4 6 5 0 6 3 5 3 4 5 3 5 1 3 4 0 3 3 6 1 2 5 6 4 1 6 5 4 4 1 3 4 4 7 1 7 1 5 2 4 0 3 1 
5 5 5 5 5 5 5 5 5 5 1 3 2 1 2 2 1 2 2 3 2 2 1 2 2 3 1 0 1 3 2 2 1 1 3 3 3 1 1 3 3 0 3 4 3 0 2 3 3 3 2 2 2 3 0 2 2 1 2 3 1 3 2 4 2 1 2 3 1 3 2 4 0 3 3 2 2 1 2 2 2 1 2 2 2 2 2 2 0 2 3 1 1 3 2 3 3 2 1 3 2 0 1 0 3 3 2 1 3 3 2 3 1 3 1 0 3 2 2 3 2 3 3 2 2 1 2 3 3 2 3 4 2 2 2 1 2 0 2 2 0 2 2 0 0 3 2 2 1 3 1 2 2 2 1 0 1 0 2 3 4 2 3 1 2 2 2 2 1 3 
6 7 6 7 7 7 6 7 6 7 2 4 4 3 5 5 3 3 3 5 5 0 3 2 4 5 2 2 1 2 2 4 2 0 6 1 4 1 3 5 6 1 3 6 5 2 2 5 5 0 1 3 1 2 2 0 4 3 0 5 3 5 4 6 0 3 4 6 3 5 1 5 3 5 5 5 5 3 2 4 4 2 4 5 3 3 4 2 2 1 1 1 2 4 2 2 1 5 2 5 5 2 0 2 5 5 3 3 6 5 4 5 0 5 0 2 1 2 4 1 1 0 5 4 5 3 0 5 4 5 2 6 3 4 4 3 5 2 5 0 1 4 1 1 2 4 0 3 3 4 2 1 4 5 3 2 1 2 4 5 5 2 5 1 2 3 4 1 1 3 
2 5 2 5 5 5 2 5 2 5 2 0 4 1 2 2 3 4 5 2 2 4 3 2 2 3 3 2 3 3 3 0 1 4 1 4 0 4 3 1 1 3 6 4 4 2 5 1 1 5 5 2 5 6 2 4 0 1 4 1 3 4 1 4 4 2 2 3 3 3 4 1 3 3 3 3 1 4 2 3 3 1 4 1 4 5 0 4 2 4 5 2 2 0 5 5 4 1 2 2 1 3 4 2 4 3 4 2 3 1 3 1 3 0 4 2 5 4 4 5 5 5 4 4 2 2 4 4 1 1 6 4 3 1 4 2 1 2 2 4 2 2 5 2 3 0 4 5 0 1 1 5 0 3 1 2 4 2 3 4 1 5 1 4 2 5 3 5 2 5 
4 4 4 4 4 4 4 4 4 4 1 2 2 2 1 1 1 2 3 1 1 4 2 3 1 2 1 1 2 4 4 1 2 3 2 4 2 3 1 1 2 2 4 3 2 1 3 1 2 4 4 3 4 4 1 3 1 0 3 1 1 2 1 3 4 1 0 2 2 1 4 3 1 1 1 1 1 2 3 1 1 2 2 1 2 3 1 3 1 4 4 2 2 2 3 5 4 1 2 2 1 1 3 1 2 2 3 0 2 1 1 2 3 2 3 1 4 3 2 4 3 4 2 2 1 0 3 2 3 1 4 3 2 1 2 0 1 1 1 3 2 1 3 2 1 2 3 3 1 3 1 3 2 1 1 1 3 1 1 2 3 3 2 2 3 3 1 3 2 4 
6 7 6 7 7 7 6 7 6 7 1 3 4 2 4 4 3 4 3 5 4 0 3 1 4 5 3 2 0 1 1 4 2 1 5 1 4 1 3 4 5 1 3 6 5 2 3 5 5 1 2 2 2 3 2 0 4 3 0 4 3 5 4 6 0 3 4 6 3 5 0 5 3 5 5 4 4 3 1 4 4 2 4 4 3 4 4 2 2 0 2 1 2 3 3 1 1 4 1 5 4 2 0 2 5 5 3 3 6 5 4 5 0 4 0 2 1 3 4 1 2 1 5 4 5 3 0 5 3 4 3 6 4 4 4 3 4 2 4 1 1 4 2 1 2 4 1 3 3 3 2 2 3 5 2 2 1 2 4 5 5 2 5 2 2 3 4 2 1 3 
2 4 2 4 4 4 2 4 2 4 2 2 4 2 1 1 3 3 4 1 0 5 3 3 1 2 3 2 3 4 4 0 2 4 0 5 2 4 3 0 1 3 6 3 3 2 5 0 0 5 5 3 5 6 3 5 1 1 4 0 3 3 0 3 5 2 1 1 3 1 5 1 2 2 2 2 0 4 3 3 2 2 4 0 4 4 0 4 2 5 5 3 3 2 5 6 5 0 3 1 0 3 4 2 3 2 4 1 2 0 3 0 4 1 4 2 5 4 4 6 5 6 3 4 1 2 5 3 2 0 6 3 3 0 4 1 0 2 1 5 3 2 5 3 3 1 5 5 1 2 2 5 1 2 2 2 4 2 3 3 1 5 1 4 3 5 2 5 3 5 
6 3 6 3 3 3 6 3 6 3 2 4 1 3 2 2 0 0 1 3 2 4 0 4 2 2 0 1 3 4 4 3 3 3 4 4 4 2 0 3 4 2 2 3 2 1 1 3 4 4 3 4 2 3 1 3 3 1 3 3 0 2 2 3 4 0 2 3 0 2 4 5 0 2 2 1 3 0 3 0 1 3 1 3 1 1 3 2 2 4 3 3 3 4 1 5 4 3 3 3 2 1 3 2 1 2 1 1 3 3 0 4 3 4 3 1 4 1 1 4 2 4 1 0 2 1 3 1 4 2 3 3 0 2 0 1 2 1 2 3 2 1 2 2 0 4 3 1 2 4 2 2 4 2 2 2 2 2 1 1 5 2 4 2 4 1 1 2 3 2 
6 1 6 1 1 1 6 1 6 1 4 5 1 4 1 1 2 2 3 2 2 6 2 6 1 1 2 3 5 6 6 3 5 5 4 6 5 4 2 3 4 4 4 1 0 3 3 3 4 6 5 6 5 5 3 5 4 2 5 3 2 0 2 0 6 2 2 2 2 1 6 5 2 1 1 1 3 2 5 1 1 4 2 3 3 3 3 4 3 6 5 5 5 5 3 7 6 3 4 2 2 3 5 3 0 0 3 2 1 3 1 4 5 5 5 3 7 3 1 6 4 6 0 1 1 2 5 0 5 2 5 1 1 2 2 2 2 3 2 5 4 1 4 4 2 4 5 3 3 5 4 5 4 1 4 4 4 3 0 0 5 4 4 4 6 3 1 4 5 4 
3 3 3 3 3 3 3 3 3 3 2 2 3 2 1 0 2 3 4 0 0 5 2 3 1 1 2 2 3 4 4 1 2 4 1 5 2 4 2 0 1 3 5 2 2 2 4 0 1 5 5 3 5 5 2 4 1 1 4 0 2 2 0 2 5 1 0 1 2 1 4 2 2 1 1 1 0 3 3 2 1 2 3 0 3 4 1 4 2 5 5 3 2 2 4 6 5 0 3 1 0 2 4 2 2 2 4 1 1 0 2 1 4 2 4 2 5 4 3 5 4 5 2 3 1 1 4 2 2 0 5 2 2 0 3 1 0 2 0 4 2 1 4 2 2 2 4 4 1 3 2 4 2 1 1 2 4 2 2 3 2 4 1 4 3 4 1 5 3 5 
6 1 6 1 1 1 6 1 6 1 5 5 2 5 1 1 3 2 4 2 2 6 3 6 1 1 3 3 5 7 7 3 5 5 3 7 5 5 3 3 4 5 5 0 1 3 4 3 3 7 6 6 5 6 4 6 4 3 6 3 3 0 2 0 7 2 2 1 3 1 6 5 3 1 1 1 3 3 6 2 1 5 3 3 4 4 3 5 4 7 6 5 5 5 4 8 7 3 5 2 2 3 6 4 1 0 4 3 1 2 2 3 5 5 6 4 7 4 2 7 5 7 1 2 1 2 6 1 5 2 6 0 2 2 3 2 2 4 2 6 5 1 5 4 3 4 6 4 4 5 5 5 4 1 4 4 5 4 1 1 5 5 4 5 6 4 1 5 5 5 
7 7 7 7 7 7 7 7 7 7 2 4 4 3 5 5 3 4 3 6 5 0 4 2 5 6 3 3 1 2 1 5 3 1 6 1 4 1 3 5 6 2 3 7 6 3 3 5 6 0 1 3 2 2 2 0 4 4 0 5 4 6 5 7 0 4 5 6 4 6 0 6 3 5 5 5 5 3 2 4 5 2 4 5 3 4 5 2 3 1 2 2 2 4 3 1 1 5 2 6 5 3 0 3 5 6 3 4 6 5 4 6 1 5 0 2 0 3 5 0 2 0 5 4 5 4 0 5 4 5 2 7 4 5 4 4 5 2 5 1 2 5 2 2 3 5 0 4 4 4 2 1 4 5 3 3 2 2 5 5 6 2 5 2 2 4 5 2 1 3 
5 3 5 3 3 3 5 3 5 3 2 3 1 2 1 1 0 1 2 2 2 3 1 3 1 2 0 0 2 4 4 2 2 3 3 4 3 2 0 2 3 2 3 3 2 0 2 2 3 4 3 3 3 3 1 3 2 1 3 2 0 2 1 2 4 0 1 2 1 2 3 4 0 1 1 1 2 1 3 0 1 2 1 2 1 2 2 2 1 4 3 2 2 3 2 5 4 2 2 2 2 0 3 1 1 2 2 0 2 2 1 3 2 3 3 1 4 2 1 4 2 4 1 1 1 0 3 1 3 2 3 3 1 2 1 0 2 1 1 3 2 1 3 2 0 3 3 2 1 3 2 3 3 1 1 1 2 1 1 2 4 2 3 2 3 2 1 3 2 3 
4 3 4 3 3 3 4 3 4 3 2 2 3 2 0 0 2 2 3 0 0 5 2 4 0 1 2 2 3 5 4 1 3 4 1 5 3 3 2 1 2 3 5 2 2 2 4 0 1 5 5 3 4 5 2 4 2 0 4 1 2 2 0 2 5 1 0 1 2 1 4 2 2 1 1 1 1 3 4 1 1 3 3 0 3 3 1 4 2 5 5 3 3 2 4 6 5 1 3 1 0 2 4 2 2 1 3 1 1 0 2 1 4 2 4 2 5 3 2 5 4 5 2 3 0 1 4 2 3 0 5 2 2 0 3 0 0 2 0 4 3 1 4 2 2 2 4 4 1 3 2 4 2 1 2 2 4 2 1 2 2 4 2 3 4 4 1 4 3 4 
4 2 4 2 2 2 4 2 4 2 4 3 3 3 1 1 3 3 4 0 1 6 3 5 1 0 3 3 5 6 6 2 4 5 2 6 4 5 3 2 2 4 6 1 2 3 5 1 2 7 6 5 6 6 3 6 3 2 6 1 3 2 1 1 6 2 1 0 3 0 6 3 3 1 1 1 2 3 5 2 1 4 3 1 4 4 2 5 3 6 6 4 4 4 5 7 6 1 4 0 1 3 5 3 2 1 4 2 0 1 2 2 5 3 5 3 7 4 3 7 5 6 2 3 0 2 6 2 4 1 6 1 3 1 3 2 1 3 1 6 4 1 5 4 3 3 6 4 2 4 4 5 3 1 3 3 5 3 2 2 3 5 2 5 5 4 2 5 5 5 
6 3 6 3 3 3 6 3 6 3 3 4 0 3 2 2 0 0 1 3 2 4 0 4 2 2 0 1 3 5 4 3 3 3 4 4 4 2 0 3 4 2 2 3 2 1 1 3 4 4 3 4 2 3 1 3 3 2 3 3 0 2 2 3 4 1 2 3 0 2 4 5 0 2 2 2 3 0 4 0 1 3 0 3 0 1 3 1 2 4 3 3 3 4 1 5 4 3 3 3 2 1 3 2 1 2 1 1 3 3 0 4 3 4 3 1 4 1 0 4 2 4 1 0 2 1 3 1 4 2 3 3 0 2 0 1 3 1 2 3 2 1 2 2 0 4 3 1 3 4 3 2 4 2 2 2 2 2 1 1 5 2 4 2 4 1 1 2 3 2 
4 2 4 2 2 2 4 2 4 2 3 3 3 3 0 0 3 3 4 0 1 6 2 5 0 0 2 3 4 6 5 2 4 5 2 6 4 4 2 2 2 4 5 1 1 2 4 1 2 6 6 5 5 6 3 5 3 1 5 1 2 1 1 1 6 2 1 0 2 0 5 3 2 0 0 0 1 3 5 2 1 4 3 1 3 4 2 4 3 6 5 4 4 3 4 7 6 1 4 0 1 3 5 3 1 0 4 2 0 1 2 2 5 3 5 3 6 4 2 6 5 6 1 3 0 1 5 1 4 1 6 1 2 1 3 1 1 3 0 5 4 1 5 3 3 3 5 4 2 4 3 5 3 0 3 3 4 3 1 2 3 5 2 4 5 4 1 5 4 5 
6 7 6 7 7 7 6 7 6 7 2 3 5 2 5 5 3 4 4 5 5 0 4 1 5 6 3 2 1 1 1 4 2 1 5 0 4 1 3 4 5 1 4 7 6 3 3 5 5 1 2 2 2 3 2 1 4 4 0 5 4 6 4 6 0 3 4 6 4 5 0 5 3 5 5 5 4 4 1 4 5 2 4 5 3 4 4 3 2 0 3 1 2 3 3 1 0 5 1 5 5 3 1 2 5 6 4 3 6 5 4 5 1 4 0 2 0 3 5 1 2 1 5 4 5 4 1 5 3 5 3 6 4 4 4 4 5 2 5 1 1 4 2 1 3 4 1 4 3 3 2 2 3 5 2 2 2 2 5 5 5 3 5 2 2 4 4 2 1 4 
1 6 1 6 6 6 1 6 1 6 3 1 5 2 3 3 4 5 6 2 2 6 5 3 3 4 4 4 4 4 4 1 3 5 1 5 1 5 4 1 1 4 7 5 5 3 6 2 1 6 6 3 6 7 4 5 1 3 5 1 5 5 2 5 6 4 2 3 5 3 5 0 4 4 4 3 1 5 4 4 4 3 6 1 5 6 1 6 3 5 7 4 3 1 6 6 5 1 3 2 2 4 5 3 4 4 6 3 3 2 5 1 5 0 5 4 6 6 5 6 6 6 5 5 3 3 5 5 1 2 7 5 5 2 5 3 2 4 2 6 3 3 6 4 4 1 6 6 2 2 3 6 1 3 2 3 5 3 4 5 0 6 0 5 3 6 4 6 4 7 
5 4 5 4 4 4 5 4 5 4 2 3 1 2 2 2 0 1 2 2 2 3 0 3 1 2 0 0 2 4 3 2 2 2 3 4 3 2 0 2 3 1 3 3 2 0 2 2 3 3 3 3 2 3 0 3 3 1 3 2 0 2 2 3 3 0 2 3 0 2 3 4 0 2 2 1 2 1 3 1 1 2 1 2 1 2 2 2 1 3 3 2 2 3 2 4 4 2 2 3 2 0 2 1 2 2 1 0 3 2 1 3 2 3 2 0 4 2 1 4 2 3 2 1 2 0 3 2 3 2 3 3 1 2 1 1 2 0 2 2 1 1 2 1 0 3 2 2 2 3 2 2 3 2 1 1 2 1 1 2 4 2 3 1 3 2 1 2 2 2 
5 2 5 2 2 2 5 2 5 2 3 4 2 3 0 0 2 2 3 1 1 5 2 5 0 0 2 2 4 6 5 2 4 4 3 6 4 4 2 2 3 4 4 1 0 2 4 2 2 6 5 5 5 5 3 5 3 1 5 2 2 1 1 1 5 1 1 1 2 0 5 4 2 0 0 0 2 2 5 1 0 4 2 2 3 3 2 4 3 5 5 4 4 4 3 6 6 2 4 1 1 2 4 3 0 0 3 1 0 2 1 3 4 4 5 3 6 3 2 6 4 6 1 2 0 1 5 0 4 1 5 1 1 1 2 1 1 2 1 5 3 0 4 3 2 3 5 3 2 4 3 4 3 0 3 3 4 3 0 1 4 4 3 4 5 3 0 4 4 4 
5 2 5 2 2 2 5 2 5 2 3 4 2 3 0 0 2 2 3 1 1 5 2 5 0 0 2 2 4 6 5 2 4 4 3 6 4 4 2 2 3 3 4 1 0 2 4 2 2 6 5 5 4 5 3 5 3 1 5 2 2 1 1 1 5 1 1 1 2 0 5 4 2 0 0 0 2 2 4 1 0 4 2 2 3 3 2 4 3 5 5 4 4 4 3 6 6 2 4 1 1 2 4 3 0 0 3 1 1 1 1 3 4 4 4 3 6 3 2 6 4 6 1 2 0 1 5 0 4 1 5 1 1 1 2 1 1 2 1 5 3 0 4 3 2 3 5 3 2 4 3 4 3 0 3 3 4 3 0 1 4 4 3 4 5 3 0 4 4 4 
5 2 5 2 2 2 5 2 5 2 3 3 2 3 0 0 2 2 3 1 1 5 2 4 0 0 2 2 4 5 5 2 3 4 2 5 4 4 2 2 3 3 4 1 1 2 3 1 2 5 5 4 4 5 2 5 3 1 4 2 1 1 1 1 5 1 1 1 2 0 5 3 1 0 0 0 2 2 4 1 0 3 2 2 3 3 2 3 2 5 5 4 3 3 3 6 6 2 3 1 1 2 4 2 1 0 3 1 1 1 1 2 4 3 4 2 6 3 2 6 4 5 1 2 0 1 4 1 4 1 5 1 1 1 2 1 1 2 0 4 3 0 4 3 2 3 4 3 2 4 3 4 3 0 2 2 3 2 0 1 4 4 3 3 4 3 0 4 4 4 
2 4 2 4 4 4 2 4 2 4 2 1 4 2 1 1 3 3 4 1 0 5 3 3 1 2 3 2 3 4 4 0 2 4 0 5 2 4 3 0 1 3 6 3 3 2 5 0 0 5 5 3 5 6 2 5 1 1 4 0 3 3 0 3 5 2 1 2 3 1 4 1 2 2 2 2 0 3 3 2 2 2 4 0 4 4 0 4 2 5 5 3 2 2 5 6 5 0 3 1 0 2 4 2 3 2 4 1 2 0 3 0 4 1 4 2 5 4 4 5 5 6 3 4 1 2 5 3 2 0 6 3 3 0 4 1 0 2 1 5 3 2 5 3 3 1 5 4 1 2 2 5 1 2 2 2 4 2 2 3 1 5 1 4 3 5 2 5 3 5 
6 4 6 4 4 4 6 4 6 4 3 4 0 3 2 2 0 0 0 3 3 3 0 4 2 3 1 1 3 5 4 4 3 2 4 4 4 2 0 4 5 2 2 3 2 1 1 3 4 4 3 4 2 2 1 3 4 2 3 4 0 2 3 3 3 1 3 3 0 3 4 5 1 2 2 2 3 0 4 1 2 3 0 3 0 0 4 1 2 4 2 3 3 4 1 5 4 3 3 3 3 1 3 2 2 2 0 2 3 3 1 4 3 5 3 1 4 1 1 4 1 3 2 0 2 1 3 1 5 3 2 3 0 3 0 2 3 1 3 2 2 2 2 2 0 4 2 0 3 4 3 2 4 2 3 2 1 2 1 1 5 1 4 1 4 1 1 2 3 1 
4 7 4 7 7 7 4 7 4 7 1 2 4 1 4 4 3 4 4 4 4 2 3 0 4 5 3 2 1 1 0 3 1 2 4 1 2 2 3 3 4 1 4 6 5 2 4 4 4 2 3 1 3 4 2 2 2 3 1 3 3 5 3 6 2 3 4 5 4 5 1 4 3 5 4 4 3 4 0 4 4 1 4 3 4 4 3 3 1 1 3 0 0 2 4 2 1 3 0 4 4 2 1 2 5 5 4 3 5 4 4 4 1 3 1 2 2 4 4 2 3 3 5 4 4 3 2 5 2 4 4 6 4 4 4 3 4 2 4 2 1 4 3 1 3 3 2 4 2 1 1 3 2 4 1 1 2 1 4 5 4 3 3 2 0 4 4 3 0 4 
5 3 5 3 3 3 5 3 5 3 3 4 1 3 1 1 1 0 2 2 2 4 0 4 1 2 1 1 3 5 4 3 3 3 3 5 4 3 0 3 4 3 3 2 1 1 2 2 3 5 4 4 3 4 2 4 3 1 4 3 0 1 2 2 4 0 1 2 0 2 4 4 1 1 1 1 2 1 4 0 0 3 1 2 1 2 3 2 2 5 3 3 3 4 2 5 5 2 3 2 2 1 3 2 0 1 2 1 2 2 0 3 3 4 3 2 5 2 1 5 3 4 1 1 1 0 4 0 4 2 3 2 0 2 1 1 2 2 1 3 3 0 3 2 1 4 3 2 2 4 3 3 3 1 2 2 2 2 0 1 4 3 4 2 4 2 0 3 3 3 
5 2 5 2 2 2 5 2 5 2 3 4 1 3 1 1 1 1 3 1 1 5 1 4 0 1 1 2 4 5 5 2 4 4 3 5 4 3 1 2 3 3 4 1 0 2 3 2 3 5 5 5 4 4 2 4 3 1 4 2 1 1 1 1 5 1 1 1 1 1 5 4 1 0 0 0 2 2 4 0 0 3 2 2 2 2 3 3 2 5 4 4 4 4 3 6 6 2 3 2 1 2 4 2 0 0 2 1 1 2 0 3 4 4 4 2 6 3 1 5 4 5 0 1 0 1 4 0 4 1 4 1 1 1 1 1 1 2 1 4 3 0 4 3 2 3 4 3 2 4 3 4 3 0 2 2 3 2 0 1 4 3 3 3 5 3 0 4 4 4 
4 6 4 6 6 6 4 6 4 6 0 1 4 0 3 3 3 3 4 3 3 2 3 1 3 4 2 1 1 2 1 2 0 2 3 2 1 2 3 2 3 1 4 5 4 1 4 3 3 3 3 1 3 4 1 2 1 2 2 2 3 4 2 5 2 2 3 4 3 4 2 3 2 4 4 3 2 3 1 3 3 0 4 2 3 4 2 3 1 2 4 0 0 1 4 3 2 2 0 3 3 2 2 1 4 4 4 2 4 3 3 3 2 2 2 1 3 3 4 3 3 3 4 4 3 2 2 4 1 3 4 5 3 2 4 2 3 1 3 3 0 3 3 1 2 2 2 4 1 1 0 3 1 3 0 0 2 1 4 4 3 3 2 2 1 4 3 3 1 4 
7 3 7 3 3 3 7 3 7 3 3 5 0 4 2 3 1 0 1 3 3 4 0 5 2 3 1 2 3 5 5 4 4 3 5 5 5 3 1 4 5 3 2 3 1 2 1 4 4 4 3 5 3 3 2 4 4 2 4 4 1 2 3 3 4 1 3 3 0 3 4 6 1 2 2 2 4 0 4 1 2 4 0 4 1 1 4 2 3 5 3 4 4 5 1 6 5 4 4 4 3 2 3 3 1 2 1 2 3 4 1 5 3 5 4 2 5 1 0 5 2 4 1 0 2 2 4 1 5 3 3 3 0 3 0 2 3 2 3 3 3 2 3 3 1 5 3 1 3 5 4 3 5 2 3 3 2 3 1 1 6 2 5 2 5 1 1 3 4 2 
3 4 3 4 4 4 3 4 3 4 2 2 4 2 1 1 3 3 4 0 0 5 3 3 1 2 3 2 3 5 4 0 2 4 0 5 2 4 3 0 1 3 6 3 3 2 5 0 0 5 5 3 5 6 2 5 1 1 4 0 3 3 0 3 5 2 0 1 3 1 5 1 2 2 2 2 0 3 3 2 2 2 4 0 4 4 0 4 2 5 5 3 3 2 5 6 5 0 3 1 0 2 4 2 3 2 4 1 2 0 3 0 4 1 4 2 6 4 3 6 5 6 3 4 1 2 5 3 2 0 6 3 3 0 4 1 0 2 1 5 3 2 5 3 3 1 5 4 1 2 2 5 1 2 2 2 4 2 2 3 2 5 1 4 3 4 2 5 3 5 
7 4 7 4 4 4 7 4 7 4 3 5 1 3 3 3 1 1 0 4 3 3 0 4 3 3 1 1 2 4 4 4 3 2 5 4 5 2 1 4 5 2 1 4 2 2 0 4 5 3 2 4 2 2 2 3 4 2 3 4 1 3 3 4 3 1 3 4 0 3 3 5 1 3 3 3 4 0 4 1 2 3 1 4 0 0 4 1 2 4 2 3 3 5 0 5 4 4 3 4 3 1 2 2 2 3 0 2 4 4 1 5 2 5 2 2 4 0 1 3 1 3 2 1 3 2 3 2 5 3 2 4 1 3 1 2 3 2 3 2 2 2 1 2 1 5 2 0 3 5 3 2 4 3 3 2 1 2 2 2 5 1 5 1 4 0 2 1 3 1 
7 4 7 4 4 4 7 4 7 4 3 5 1 4 3 3 1 1 0 4 4 3 1 5 3 4 1 2 3 5 5 4 4 2 5 5 5 2 1 5 5 3 1 4 2 2 0 4 5 4 2 5 2 2 2 3 5 3 4 4 1 3 4 4 4 2 3 4 1 4 4 6 2 3 3 3 4 0 4 2 2 4 1 4 0 0 5 1 3 4 2 4 4 5 0 5 5 4 4 4 4 2 3 3 2 3 0 2 4 4 1 5 3 5 3 2 4 0 1 4 1 3 2 1 3 2 3 2 5 4 2 4 1 4 1 3 4 2 3 2 3 3 2 3 1 5 3 0 4 5 3 2 5 3 3 3 2 2 2 2 6 1 5 2 5 0 2 2 4 1 
2 4 2 4 4 4 2 4 2 4 2 1 4 1 2 2 3 4 5 1 1 5 3 3 2 2 3 2 3 4 4 0 2 4 1 4 1 4 3 0 1 3 6 3 3 2 5 0 0 5 5 3 5 6 2 4 0 1 4 0 3 3 1 3 5 2 1 2 3 2 4 1 2 2 2 2 0 4 3 3 3 2 4 0 4 5 0 4 2 4 5 3 2 1 5 5 5 0 2 1 1 3 4 2 3 3 4 2 2 1 3 1 4 1 4 2 5 4 4 5 5 5 3 4 2 2 4 3 2 1 6 3 3 1 4 1 1 2 1 5 2 2 5 3 3 1 4 5 1 2 2 5 1 2 1 2 4 2 3 4 1 5 0 4 3 5 2 5 3 5 
7 5 7 5 5 5 7 5 7 5 3 5 2 3 4 4 1 2 1 4 4 2 1 3 3 4 1 2 2 4 3 4 3 1 5 3 5 1 1 5 5 2 1 5 4 2 0 5 5 2 1 4 0 1 2 2 4 3 2 4 2 4 4 5 2 2 4 5 1 4 3 6 2 4 4 3 4 1 3 2 3 3 2 4 1 1 4 0 2 3 1 2 3 5 0 4 3 4 3 5 4 1 1 2 3 4 1 3 5 5 2 5 1 5 2 2 3 0 2 2 0 2 3 2 4 2 2 3 5 4 1 5 2 4 2 3 4 2 4 1 2 3 0 2 1 5 1 1 3 4 3 0 4 4 3 2 0 2 3 3 6 0 5 0 4 1 3 0 2 1 
4 5 4 5 5 5 4 5 4 5 0 2 3 1 2 2 1 2 3 3 2 3 2 2 2 3 1 0 1 3 2 2 1 2 3 2 2 1 1 2 3 1 4 4 3 0 3 2 3 3 3 2 3 3 0 2 2 1 2 2 2 3 2 4 3 1 2 3 2 3 2 3 1 3 3 2 2 2 1 2 2 1 3 2 2 3 2 2 0 2 3 1 1 2 3 3 3 2 1 3 2 1 2 0 3 3 3 1 3 2 2 3 2 2 2 0 3 2 3 3 2 3 3 3 2 1 2 3 2 2 3 4 2 2 3 1 2 0 2 2 0 2 3 0 1 2 2 3 1 2 0 2 2 2 0 0 2 0 2 3 3 3 3 2 2 3 2 3 1 3 
6 8 6 8 8 8 6 8 6 8 2 3 5 2 5 5 4 4 4 5 5 1 4 1 5 6 3 3 1 0 0 4 2 1 5 0 3 2 4 5 5 1 4 7 6 3 4 5 5 1 2 2 3 3 2 1 4 4 0 5 4 6 5 7 1 4 5 6 4 6 0 5 3 5 5 5 5 4 1 5 5 2 5 5 4 4 4 3 2 0 3 1 2 3 4 0 0 5 1 6 5 3 1 2 5 6 4 4 6 5 5 5 1 4 1 2 0 4 5 1 3 2 6 5 5 4 1 5 3 5 4 7 4 5 5 4 5 3 5 2 2 5 3 2 3 4 1 4 3 3 2 2 3 5 3 2 2 2 5 6 5 3 5 2 1 4 5 3 1 4 
8 6 8 6 6 6 8 6 8 6 3 5 3 4 5 5 2 3 2 6 5 2 3 4 5 6 2 3 2 4 3 5 4 1 6 3 6 1 3 6 7 2 1 6 5 3 1 6 6 2 0 4 0 0 3 1 5 4 2 5 3 5 5 6 2 3 5 6 3 5 3 7 3 5 5 5 5 2 3 3 4 4 3 5 2 2 5 1 3 3 0 3 4 5 1 3 3 5 3 6 5 3 2 3 4 5 2 4 6 6 3 6 2 6 2 3 3 1 3 2 0 1 4 3 5 4 1 4 5 5 0 6 3 5 3 4 5 3 5 1 3 4 0 3 2 6 1 2 4 5 3 0 5 5 4 3 1 3 4 4 7 0 6 1 4 2 4 0 3 1 
4 6 4 6 6 6 4 6 4 6 0 2 4 1 3 3 2 3 3 4 3 2 3 1 3 4 2 1 0 1 1 3 0 1 4 1 2 1 3 3 4 0 4 5 4 1 3 3 3 2 3 1 3 3 1 1 2 2 1 3 3 5 3 5 2 2 3 4 3 4 1 4 2 4 4 4 3 3 0 3 4 0 4 3 3 4 3 2 1 1 3 0 0 2 3 2 1 3 0 4 3 2 1 1 4 4 3 2 4 4 3 4 1 3 1 1 2 3 4 2 2 2 4 4 4 2 1 4 2 3 3 5 3 3 4 2 3 1 3 2 0 3 3 0 2 3 2 4 2 2 0 2 2 4 1 1 2 1 4 4 4 3 3 2 1 4 3 3 0 4 
4 6 4 6 6 6 4 6 4 6 0 1 4 0 3 3 3 3 4 3 3 2 3 0 3 4 2 2 1 1 1 2 0 2 3 2 2 2 3 2 3 1 4 5 4 1 4 3 3 3 3 1 3 4 1 2 2 2 2 3 3 5 2 5 2 2 3 4 3 4 2 3 2 4 4 3 2 3 0 3 4 0 4 3 3 4 2 3 1 2 4 0 0 1 4 3 2 3 0 4 3 2 2 1 4 4 4 2 4 3 3 3 2 2 2 1 3 3 4 3 3 3 4 4 3 2 2 4 1 3 4 5 3 3 4 2 3 1 3 3 0 3 3 1 2 2 2 4 1 1 0 3 1 4 1 1 2 1 4 4 3 3 3 2 1 4 3 3 0 4 
2 6 2 6 6 6 2 6 2 6 2 0 5 1 3 3 4 4 5 3 2 4 4 2 3 4 3 3 3 3 3 1 1 4 2 3 0 4 4 1 2 3 6 5 5 3 5 2 2 5 5 1 5 6 3 4 0 2 3 2 4 5 2 5 4 3 2 4 4 3 3 1 3 4 4 3 2 4 2 4 4 1 5 2 5 5 1 5 2 3 5 2 1 0 5 4 4 2 2 3 2 3 4 2 4 4 5 2 4 2 4 2 3 0 4 3 4 5 5 5 5 5 5 5 3 3 4 4 0 2 6 5 4 2 5 3 2 3 3 4 2 3 5 2 3 0 4 5 1 0 2 5 0 4 1 2 4 2 4 5 1 5 1 4 2 5 4 5 2 6 
7 5 7 5 5 5 7 5 7 5 3 5 1 4 4 4 1 1 0 4 4 3 1 4 3 4 1 2 3 5 4 5 4 2 6 4 5 2 1 5 6 2 1 4 3 2 0 5 5 3 2 5 1 1 2 2 5 3 3 5 1 3 4 4 3 2 4 5 1 4 3 6 2 3 3 3 5 1 4 2 3 4 1 5 0 0 5 0 3 4 1 3 4 5 0 4 4 5 3 5 4 2 2 3 3 4 0 3 4 5 2 5 2 5 2 2 4 0 2 3 1 3 3 1 4 2 2 3 5 4 1 4 2 4 1 3 4 2 4 2 3 3 1 3 1 5 2 0 4 5 3 1 5 3 3 3 1 2 3 3 6 0 6 1 5 0 3 1 3 0 
6 9 6 9 9 9 6 9 6 9 3 4 6 3 6 6 4 5 5 6 6 1 5 2 6 7 4 4 2 1 1 5 3 2 6 1 4 3 5 6 6 2 5 8 7 4 4 6 6 1 3 3 3 4 3 2 5 5 1 6 5 7 6 8 1 5 6 7 5 7 1 6 4 6 6 6 6 5 2 5 6 3 6 6 5 5 5 4 3 0 3 2 3 4 4 0 0 6 2 7 6 4 2 3 6 7 5 5 7 6 6 6 2 5 2 3 0 4 6 1 3 2 6 6 6 5 2 6 4 6 4 8 5 6 5 5 6 3 6 2 3 6 3 3 4 5 2 5 4 4 3 3 4 6 4 3 3 3 6 7 6 4 6 3 2 5 6 3 2 5 
6 8 6 8 8 8 6 8 6 8 2 4 5 3 5 5 4 5 5 6 5 1 4 1 5 6 4 3 1 0 0 4 2 2 6 0 4 2 4 5 6 2 4 7 6 3 4 5 5 1 3 2 3 4 3 1 4 4 1 5 4 6 5 7 1 4 5 6 4 6 0 5 4 6 6 6 5 4 1 5 6 2 5 5 4 5 5 3 3 0 3 1 2 4 4 0 0 5 2 6 5 3 1 3 6 6 5 4 6 5 5 6 1 4 1 3 0 4 5 1 3 2 6 5 6 4 1 6 3 5 4 7 5 5 5 4 5 3 5 2 2 5 3 2 4 4 2 5 4 3 2 3 4 6 3 3 3 3 6 6 5 4 5 3 1 5 5 3 1 4 
3 4 3 4 4 4 3 4 3 4 2 2 4 2 1 1 3 3 4 1 0 5 3 3 1 2 3 2 3 5 4 0 2 4 0 5 2 4 3 0 1 3 6 3 3 2 5 0 0 5 5 3 5 6 2 5 1 1 4 0 3 3 0 3 5 2 1 1 3 1 5 1 2 2 2 2 0 3 3 2 2 2 4 0 4 4 0 4 2 5 5 3 3 2 5 6 5 0 3 1 0 2 4 2 3 2 4 1 2 0 3 0 4 1 4 2 5 4 3 6 5 6 3 4 1 2 5 3 2 0 6 3 3 0 4 1 0 2 1 5 3 2 5 3 3 1 5 4 1 2 2 5 1 2 2 2 4 2 2 3 1 5 1 4 3 4 2 5 3 5 
4 6 4 6 6 6 4 6 4 6 0 2 4 1 3 3 2 3 3 3 3 2 3 1 3 4 2 1 0 1 1 2 0 2 3 1 2 2 2 3 3 0 4 5 4 1 3 3 3 2 3 1 3 4 1 2 2 2 1 3 3 4 3 5 2 2 3 4 3 4 1 3 2 4 4 3 3 3 0 3 3 0 4 3 3 4 2 3 1 1 3 0 0 2 3 2 2 3 0 4 3 2 1 1 4 4 3 2 4 3 3 3 1 2 1 1 2 3 4 2 3 3 4 4 3 2 2 4 2 3 4 5 3 3 3 2 3 1 3 2 0 3 3 0 2 2 2 4 1 1 0 2 2 3 1 0 2 1 4 4 3 3 3 2 1 4 3 3 0 4 
3 3 3 3 3 3 3 3 3 3 3 3 3 3 1 1 3 3 4 0 0 6 3 5 1 1 3 3 4 6 5 1 4 5 1 6 3 5 3 1 1 4 6 2 2 3 5 0 1 6 6 4 6 6 3 5 2 2 5 1 3 2 1 2 6 2 1 0 3 0 5 2 3 1 1 1 1 3 4 2 2 3 4 1 4 4 1 5 3 6 6 4 4 3 5 7 6 1 4 0 0 3 5 3 2 1 4 2 1 0 2 1 5 2 5 3 6 5 3 6 5 6 2 3 1 2 5 2 3 0 6 2 3 0 3 2 0 3 0 5 4 1 5 4 3 2 5 4 2 4 3 5 3 1 3 3 5 3 2 3 2 5 2 4 5 5 2 5 4 5 
3 3 3 3 3 3 3 3 3 3 2 2 3 2 0 0 2 3 4 0 0 5 2 4 0 1 2 2 3 5 4 1 3 4 1 5 2 4 2 1 1 3 5 2 2 2 4 0 1 5 5 3 5 5 2 5 1 1 4 0 2 2 0 2 5 2 0 1 2 1 5 2 2 1 1 1 0 3 4 2 1 3 3 0 3 4 1 4 2 5 5 3 3 2 4 6 5 0 3 0 0 2 4 2 2 1 4 1 1 0 2 1 4 2 4 2 6 4 3 6 4 5 2 3 1 1 4 2 3 0 5 2 2 0 3 1 0 2 0 5 3 1 5 3 2 2 4 4 1 3 2 5 2 1 2 2 4 2 2 2 2 4 2 4 4 4 1 5 3 5 
5 4 5 4 4 4 5 4 5 4 1 3 2 2 2 2 0 1 2 3 2 3 1 3 2 3 0 0 2 3 3 2 2 2 3 3 3 1 0 3 4 1 3 3 2 0 2 3 3 3 3 3 2 3 0 2 3 1 2 3 1 3 2 3 3 0 2 3 1 3 3 4 0 2 2 2 2 1 2 1 2 2 2 2 1 2 3 1 1 3 3 2 2 3 2 4 3 2 2 3 2 0 2 1 2 2 1 1 3 3 1 3 2 3 2 0 4 1 2 3 2 3 2 1 2 1 2 2 3 2 3 3 1 2 1 1 2 0 2 2 1 1 2 1 0 3 2 2 2 3 1 2 3 2 1 1 1 0 2 2 4 2 3 1 3 2 1 2 2 2 
6 6 6 6 6 6 6 6 6 6 2 4 4 2 4 4 2 3 3 5 4 0 3 2 4 5 2 2 0 2 1 4 2 0 5 1 4 0 2 4 5 1 3 6 5 2 2 4 5 1 1 2 1 2 1 0 4 3 0 4 3 5 4 6 0 3 4 5 3 5 1 5 2 4 4 4 4 3 1 3 4 2 3 4 2 3 4 1 2 1 2 1 2 4 2 2 1 4 1 5 4 2 0 2 4 5 3 3 5 5 3 5 0 4 0 1 1 2 4 1 1 1 4 3 4 3 0 4 3 4 2 6 3 4 3 3 4 2 4 0 1 4 1 1 2 4 0 3 3 3 2 1 3 4 2 2 1 1 4 4 5 2 5 1 2 3 4 1 1 3 
4 5 4 5 5 5 4 5 4 5 0 2 3 1 2 2 1 2 3 3 2 3 2 2 2 3 1 0 1 3 2 2 1 2 3 3 2 1 1 2 3 1 3 4 3 0 3 2 3 3 3 2 3 3 0 2 2 1 2 2 2 3 2 4 3 1 2 3 2 3 2 3 1 3 3 2 2 2 2 2 2 1 3 2 2 3 2 2 0 2 3 1 1 2 3 3 3 2 1 3 2 1 2 0 3 3 2 1 3 2 2 3 2 2 2 0 3 2 3 3 2 3 3 3 2 1 2 3 2 2 3 4 2 2 2 1 2 0 2 2 0 2 2 0 1 2 2 3 1 2 0 2 2 2 0 0 2 0 2 3 3 2 3 2 2 3 2 3 1 3 
6 2 6 2 2 2 6 2 6 2 3 4 1 4 1 1 1 1 2 2 2 5 1 5 1 1 2 2 4 6 5 3 4 4 3 6 4 4 1 3 4 3 4 1 0 2 3 2 3 5 5 5 4 4 3 5 4 2 5 3 1 0 2 1 5 1 2 2 1 1 5 4 2 0 0 1 3 2 5 0 0 4 1 3 2 2 3 3 3 5 4 4 4 4 3 6 6 3 4 2 2 2 4 3 0 0 2 2 1 2 0 3 4 4 4 2 6 3 1 6 3 5 0 1 1 1 5 0 5 2 4 1 1 2 1 1 2 2 1 4 3 1 4 3 2 4 4 2 3 5 3 4 4 1 3 3 3 3 0 0 5 3 4 3 5 2 0 4 4 3 
5 1 5 1 1 1 5 1 5 1 4 4 2 4 1 1 2 2 3 1 1 6 2 5 1 0 2 3 4 6 6 3 4 5 3 6 4 4 2 3 3 4 5 0 0 2 4 2 3 6 5 5 5 5 3 5 3 2 5 2 2 0 2 0 6 2 1 1 2 0 6 4 2 0 0 0 2 2 5 1 0 4 2 2 3 3 3 4 3 6 5 4 4 4 4 7 6 2 4 1 1 2 5 3 0 0 3 2 0 2 1 3 5 4 5 3 6 3 2 6 4 6 1 2 0 1 5 0 5 1 5 0 2 2 2 1 1 3 1 5 4 1 5 4 2 4 5 3 3 5 4 5 4 0 3 3 4 3 0 1 4 4 3 4 5 3 1 5 4 4 
7 4 7 4 4 4 7 4 7 4 3 5 1 4 3 3 1 1 0 4 4 3 1 4 3 4 1 2 3 5 4 4 4 2 5 4 5 2 1 4 5 3 1 4 3 2 0 4 5 4 2 5 2 2 2 3 4 3 3 4 1 3 4 4 3 2 3 4 1 4 4 6 1 3 3 3 4 0 4 2 2 4 1 4 0 0 4 1 3 4 2 3 4 5 0 5 5 4 3 4 4 1 3 2 2 3 0 2 4 4 1 5 3 5 3 2 4 0 1 4 1 3 2 1 3 2 3 2 5 4 2 4 1 4 1 2 4 2 3 2 3 2 1 3 1 5 2 0 4 5 3 2 5 3 3 3 1 2 2 2 6 1 5 1 5 0 2 2 3 1 
4 4 4 4 4 4 4 4 4 4 1 2 2 2 1 1 1 1 2 1 1 4 1 3 1 2 1 1 2 4 3 2 2 3 2 4 3 2 1 2 3 2 4 3 2 0 3 2 2 4 4 3 3 4 1 3 2 0 3 1 1 2 1 3 4 0 1 2 1 2 3 3 0 1 1 1 1 2 3 1 1 2 2 1 2 2 2 3 1 4 4 2 2 2 3 5 4 1 2 2 1 1 3 1 2 2 2 0 2 2 1 2 3 3 3 1 4 2 2 4 3 4 2 2 1 0 3 2 3 1 4 3 1 1 2 0 1 1 1 3 2 1 3 1 1 2 3 3 1 3 1 3 2 1 1 1 2 1 1 2 3 3 2 2 3 3 1 3 2 3 
4 2 4 2 2 2 4 2 4 2 4 4 3 4 1 1 3 3 4 1 1 6 3 5 1 0 3 3 5 6 6 2 4 5 2 6 4 5 3 2 2 4 5 1 1 3 5 1 2 6 6 5 5 6 3 6 3 2 6 2 3 1 1 1 6 2 1 0 3 0 6 3 3 0 1 1 2 3 5 2 1 4 3 2 4 4 2 5 3 6 6 4 4 4 4 7 6 2 4 1 1 3 5 3 1 0 4 2 0 1 2 2 5 3 5 3 7 4 3 7 5 6 1 3 0 2 6 1 4 1 6 1 2 1 3 2 1 3 1 5 4 1 5 4 3 3 5 4 3 4 4 5 3 0 3 3 5 3 1 2 3 5 3 4 5 4 1 5 5 5 
3 3 3 3 3 3 3 3 3 3 3 2 4 2 1 1 3 3 4 0 0 5 3 4 1 1 3 3 4 5 5 1 3 5 1 5 2 4 3 0 1 3 6 2 2 2 5 0 0 6 6 4 5 6 3 5 1 1 5 0 3 3 0 2 5 2 0 1 3 1 5 2 2 2 1 1 0 3 4 2 2 3 4 0 4 4 1 5 2 5 6 4 3 2 5 6 5 0 3 0 0 3 5 2 2 2 4 2 1 0 3 1 4 2 5 3 6 4 3 6 5 6 3 3 1 2 5 2 3 0 6 2 3 0 3 1 0 3 0 5 3 1 5 3 3 2 5 4 1 3 3 5 2 1 2 2 4 3 2 3 2 5 1 4 4 4 2 5 4 5 
6 3 6 3 3 3 6 3 6 3 3 4 1 3 1 1 1 0 2 2 2 4 0 4 1 2 1 2 3 5 5 3 4 3 4 5 4 3 0 3 4 3 3 2 1 2 2 3 3 5 4 5 3 4 2 4 3 1 4 3 0 1 2 2 4 1 2 2 0 2 4 5 1 1 1 1 3 1 4 0 0 3 1 3 1 1 3 2 2 5 3 3 3 4 2 6 5 3 3 2 2 1 3 2 0 1 1 1 2 3 0 4 3 4 4 2 5 2 0 5 3 4 0 0 1 1 4 0 4 2 3 2 0 2 0 1 2 2 2 3 3 1 3 3 1 4 4 2 3 4 3 3 4 1 2 2 3 2 0 0 5 3 4 2 5 2 0 3 4 3 
2 4 2 4 4 4 2 4 2 4 3 2 5 2 2 2 4 4 5 1 1 6 4 4 2 2 4 3 4 5 5 1 3 5 0 5 2 5 4 0 0 4 6 3 4 3 6 0 0 6 6 4 6 7 3 5 1 2 5 0 4 4 1 3 6 3 1 2 4 2 5 1 3 3 3 2 0 4 4 3 3 3 5 0 5 5 1 5 3 5 6 4 3 2 5 6 6 0 3 1 1 3 5 3 3 3 5 2 2 1 4 0 5 1 5 3 6 5 4 6 6 6 4 4 2 3 5 3 2 1 7 3 4 1 4 2 1 3 1 6 3 2 6 4 4 1 5 5 2 3 3 6 2 2 2 3 5 3 3 4 1 6 0 5 4 5 3 6 4 6 
6 6 6 6 6 6 6 6 6 6 1 3 3 2 4 4 2 3 3 5 4 1 3 2 4 5 2 2 0 2 1 4 2 0 5 1 4 0 2 4 5 0 3 6 5 2 2 4 5 1 1 2 1 2 1 0 3 3 0 4 3 5 4 5 1 2 4 5 3 5 1 5 2 4 4 4 4 3 1 3 4 2 3 4 2 3 4 1 2 1 2 1 2 3 2 2 1 4 1 5 4 2 0 2 4 5 3 3 5 4 3 5 0 4 0 1 1 2 4 1 1 1 4 3 4 3 0 4 3 4 2 6 3 4 3 3 4 1 4 1 1 4 1 1 2 4 0 3 3 3 1 1 3 4 2 2 1 1 4 4 5 2 4 1 2 3 4 1 1 3 
1 6 1 6 6 6 1 6 1 6 2 0 5 1 3 3 4 5 5 2 2 5 4 3 3 4 4 3 3 4 3 1 2 5 1 4 0 4 4 1 1 3 6 5 5 3 6 2 1 5 6 2 6 6 3 5 0 2 4 1 4 5 2 5 5 3 2 3 4 3 4 0 3 4 4 3 1 5 3 4 4 2 5 1 5 5 1 5 2 4 6 3 2 0 5 5 4 1 2 2 2 3 4 2 4 4 5 3 3 2 4 1 4 0 4 3 5 5 5 5 5 6 4 5 3 3 5 4 1 2 6 5 4 2 5 3 2 3 2 5 3 3 5 3 4 0 5 6 1 1 2 5 0 3 2 2 5 3 4 5 0 5 0 4 2 6 4 5 3 6 
6 7 6 7 7 7 6 7 6 7 1 3 4 2 4 4 2 3 3 5 4 0 3 2 4 5 2 2 0 2 1 4 2 0 5 1 4 0 3 4 5 1 3 6 5 2 2 4 5 1 1 2 1 2 1 0 4 3 0 4 3 5 4 6 0 3 4 5 3 5 0 5 2 5 4 4 4 3 1 3 4 2 4 4 2 3 4 2 2 1 2 1 2 4 2 2 1 4 1 5 4 2 0 2 4 5 3 3 5 5 4 5 0 4 0 1 1 2 4 1 2 1 4 4 4 3 0 4 3 4 2 6 3 4 3 3 4 2 4 0 1 4 1 1 2 4 0 3 3 3 2 1 3 4 2 2 1 1 4 4 5 2 5 1 2 3 4 1 1 3 
5 5 5 5 5 5 5 5 5 5 1 3 2 1 2 2 1 2 2 3 2 2 1 2 2 3 0 0 1 3 2 2 1 2 3 3 3 1 1 3 3 0 3 4 3 0 2 3 3 3 2 2 2 3 0 2 2 1 2 2 1 3 2 4 2 1 2 3 1 3 2 4 0 3 3 2 2 1 2 2 2 1 2 2 2 2 2 2 0 2 3 1 1 3 2 3 3 2 1 3 2 0 1 0 2 3 2 1 3 3 2 3 1 3 1 0 3 2 2 3 2 3 3 2 2 1 2 2 3 2 3 4 2 2 2 1 2 0 2 2 1 2 2 0 0 3 2 2 1 3 1 2 2 2 1 0 1 0 2 3 4 2 3 1 2 2 2 2 1 3 
7 8 7 8 8 8 7 8 7 8 3 4 5 3 6 6 4 5 4 6 6 0 4 2 5 7 4 3 2 1 1 5 3 1 6 1 4 2 4 5 6 2 4 7 6 3 4 6 6 0 2 3 2 3 3 1 5 4 1 5 4 7 5 7 0 4 5 7 4 6 0 6 4 6 6 6 5 4 2 5 6 3 5 6 4 4 5 3 3 0 3 2 3 4 4 0 0 5 2 6 6 4 1 3 6 6 4 4 7 6 5 6 1 5 1 3 0 4 5 0 3 1 6 5 6 4 1 6 4 6 3 7 5 5 5 5 6 3 6 2 2 5 3 2 4 5 1 4 4 4 3 2 4 6 3 3 2 3 6 6 6 3 6 2 2 4 5 2 2 4 
7 5 7 5 5 5 7 5 7 5 3 5 1 4 3 3 1 1 0 4 4 3 1 4 3 4 1 2 2 4 4 4 4 2 5 4 5 1 1 4 5 2 1 4 3 2 0 4 5 3 2 4 1 1 2 2 4 3 3 4 1 3 4 4 3 2 3 4 1 4 3 6 2 3 3 3 4 1 4 2 3 3 1 4 0 0 4 0 2 4 1 3 3 5 0 4 4 4 3 5 4 1 2 2 3 3 0 2 4 4 2 5 2 5 2 2 4 0 2 3 0 2 3 1 3 2 2 3 5 4 1 4 1 4 1 3 4 2 4 2 3 3 1 2 1 5 2 0 3 5 3 1 5 3 3 3 1 2 2 3 6 0 5 1 4 0 2 1 3 0 
6 3 6 3 3 3 6 3 6 3 3 5 0 4 2 2 1 0 1 3 3 4 1 5 2 2 1 2 4 5 5 4 4 3 4 5 5 3 1 4 5 3 3 2 1 2 2 3 4 5 4 5 3 3 2 4 4 2 4 4 1 1 3 2 5 1 2 3 0 2 5 5 1 2 2 2 4 1 4 1 1 4 0 3 1 1 4 2 3 5 3 4 4 5 2 6 5 3 4 3 3 2 4 3 1 2 1 2 3 3 0 4 4 5 4 2 5 2 0 5 3 4 1 0 2 1 4 1 5 3 3 2 0 3 0 2 3 2 2 4 3 1 3 3 1 5 4 1 3 5 3 3 4 2 3 3 3 3 1 0 5 2 5 2 5 1 1 3 4 2 
7 8 7 8 8 8 7 8 7 8 3 5 5 4 6 6 4 4 4 6 6 0 4 2 5 6 3 3 2 2 2 5 3 1 6 1 5 2 4 6 6 2 3 7 6 3 3 6 6 0 1 3 2 2 3 1 5 4 1 6 4 6 5 7 0 4 5 7 4 6 1 6 4 6 6 6 5 4 2 5 5 3 5 6 3 4 5 2 3 1 2 2 3 5 3 1 1 6 2 6 6 3 1 3 6 6 4 4 7 6 5 6 1 5 1 3 0 3 5 0 2 0 6 5 6 4 1 6 4 6 3 7 4 5 5 4 6 3 6 1 2 5 2 2 3 5 1 4 4 4 3 2 5 6 3 3 2 3 5 6 6 2 6 2 3 4 5 2 2 3 
7 6 7 6 6 6 7 6 7 6 3 5 2 4 4 4 2 2 1 5 4 2 2 4 4 5 2 2 2 4 3 5 3 1 6 3 5 1 2 5 6 2 1 5 4 2 0 5 5 2 1 4 0 1 2 1 5 3 2 5 2 4 4 5 2 2 4 5 2 5 2 6 2 4 4 4 5 1 3 3 4 3 2 5 1 1 5 0 2 3 0 2 3 5 1 3 3 5 3 5 4 2 1 2 3 4 1 3 5 5 3 6 1 5 2 2 3 0 3 2 0 1 3 2 4 3 1 3 5 4 1 5 2 4 2 3 4 2 4 1 2 3 0 2 1 5 1 1 4 5 3 0 5 4 3 3 0 2 3 3 6 0 5 0 4 1 3 0 2 1 
7 7 7 7 7 7 7 7 7 7 3 5 4 4 5 5 3 4 3 6 5 0 4 3 5 6 3 3 2 3 2 5 3 1 6 2 5 1 3 6 6 2 2 7 6 3 2 6 6 0 0 4 1 1 3 0 5 4 1 6 4 6 5 7 0 4 5 6 4 6 1 6 3 6 6 5 6 3 3 4 5 3 4 6 3 3 5 2 3 2 1 2 3 5 3 2 2 6 3 6 5 3 1 3 5 6 3 4 6 6 4 6 1 6 1 3 1 2 4 0 1 0 5 4 6 4 1 5 5 5 2 7 4 5 4 4 6 3 5 0 2 5 1 2 3 5 0 3 4 4 3 1 5 5 4 3 1 3 5 5 6 2 6 2 3 3 5 1 2 3 
6 2 6 2 2 2 6 2 6 2 4 4 1 4 1 1 2 1 2 2 2 5 1 5 1 1 2 2 4 6 6 3 4 4 4 6 5 4 1 3 4 4 4 1 0 2 3 3 3 6 5 5 4 4 3 5 4 2 5 3 1 0 2 1 5 1 2 2 1 1 5 5 2 1 1 1 3 2 5 1 0 4 1 3 2 2 3 3 3 6 4 4 4 5 3 6 6 3 4 2 2 2 4 3 0 1 2 2 1 3 0 4 4 4 4 3 6 3 1 6 3 5 0 1 1 1 5 0 5 2 4 1 1 2 1 2 2 3 2 4 4 1 4 3 2 4 4 2 3 5 4 4 4 1 3 3 3 3 0 0 5 3 4 3 5 2 0 4 4 3 
7 3 7 3 3 3 7 3 7 3 3 5 0 4 2 2 1 0 1 3 3 4 0 5 2 2 1 2 3 5 5 4 4 3 4 5 5 3 1 4 5 3 2 3 1 2 2 4 4 5 3 5 3 3 2 4 4 2 4 4 0 1 3 2 4 1 3 3 0 3 4 5 1 2 2 2 4 0 4 1 1 4 0 4 1 1 4 2 3 5 3 4 4 5 1 6 5 4 4 3 3 1 3 3 1 2 1 2 3 3 0 4 3 5 4 2 5 1 0 5 2 4 1 0 2 2 4 1 5 3 3 2 0 3 0 2 3 2 3 3 3 2 3 3 1 5 3 1 3 5 3 3 4 2 3 3 2 2 1 1 5 2 5 2 5 1 1 3 4 2 
4 2 4 2 2 2 4 2 4 2 3 3 2 3 0 0 2 2 3 1 0 5 2 4 0 0 2 2 4 5 5 2 3 4 2 5 3 4 2 2 2 3 5 1 1 2 4 1 2 6 5 4 5 5 2 5 2 1 5 1 2 1 1 1 5 1 0 0 2 0 5 3 2 0 0 0 1 2 4 1 0 3 2 1 3 3 2 4 2 5 5 4 3 3 4 6 6 1 3 1 1 2 4 2 1 0 3 1 0 1 1 2 4 3 4 2 6 3 2 6 4 6 1 2 0 1 5 1 4 0 5 1 2 1 2 1 1 2 0 5 3 0 4 3 2 3 5 3 2 4 3 4 3 0 2 2 4 2 1 1 3 4 3 4 4 3 1 4 4 4 
5 3 5 3 3 3 5 3 5 3 2 3 2 2 1 1 1 1 2 2 1 4 1 3 1 2 1 1 2 4 4 2 2 3 3 4 3 2 1 2 3 2 3 2 2 1 3 2 2 4 4 3 3 4 1 3 2 0 3 2 1 2 1 2 4 0 1 2 1 1 4 3 0 1 1 1 2 1 3 0 1 2 2 2 2 2 2 2 1 4 4 2 2 3 2 5 4 2 2 2 1 1 3 1 1 1 2 0 2 2 1 3 3 3 3 1 4 2 1 4 3 4 1 2 1 0 3 1 3 1 4 2 1 1 1 0 1 1 1 3 2 0 3 2 1 3 3 2 1 3 2 3 2 1 1 1 2 1 1 2 3 3 3 2 3 2 0 3 3 3 
6 7 6 7 7 7 6 7 6 7 2 4 4 3 5 5 3 3 3 5 5 0 3 2 4 5 2 2 1 2 1 4 2 0 5 1 4 1 3 5 5 1 3 6 5 2 2 5 5 0 1 3 1 2 2 0 4 3 0 5 3 5 4 6 0 3 4 6 3 5 1 5 3 5 5 4 5 3 2 4 4 2 4 5 3 3 4 2 2 1 1 1 2 4 2 2 1 5 2 5 4 2 0 2 5 5 3 3 6 5 4 5 0 5 0 2 1 2 4 1 1 1 5 4 5 3 0 5 4 5 2 6 3 4 4 3 5 2 4 0 1 4 1 1 2 4 0 3 3 3 2 1 4 5 3 2 1 2 4 5 5 2 5 1 2 3 4 1 1 3 
6 2 6 2 2 2 6 2 6 2 3 4 1 4 1 1 1 1 2 2 2 5 1 5 1 1 2 2 4 6 5 3 4 4 3 6 5 4 1 3 4 3 4 1 0 2 3 3 3 5 5 5 4 4 3 5 4 2 5 3 1 0 2 1 5 1 2 2 1 1 5 5 2 0 0 1 3 1 5 0 0 4 1 3 2 2 3 3 3 5 4 4 4 4 3 6 6 3 4 2 2 2 4 3 0 0 2 2 1 2 0 3 4 4 4 2 6 3 1 6 3 5 0 1 1 1 5 0 5 2 4 1 1 2 1 1 2 2 2 4 3 1 4 3 2 4 4 2 3 5 3 4 4 1 3 3 3 3 0 0 5 3 4 3 5 2 0 4 4 3 
2 6 2 6 6 6 2 6 2 6 2 0 5 1 3 3 4 5 5 3 3 4 4 1 3 4 4 3 3 2 2 2 1 4 2 3 0 4 4 2 2 3 6 5 5 3 5 3 2 4 5 1 5 6 3 4 1 3 3 2 4 5 2 5 4 3 3 4 4 4 3 1 3 4 4 4 2 5 2 4 4 1 5 2 5 5 2 5 2 3 5 2 1 0 5 4 3 2 2 3 3 3 3 2 5 5 5 3 4 3 4 2 3 1 3 3 4 5 5 4 5 5 5 5 4 3 4 5 0 3 6 5 4 3 5 3 3 3 3 4 2 4 5 2 4 1 4 5 1 0 1 5 0 4 2 2 4 2 4 5 1 5 2 4 1 5 4 5 2 6 
3 3 3 3 3 3 3 3 3 3 3 2 3 2 0 0 2 3 4 0 0 5 2 4 0 1 2 2 3 5 5 1 3 4 1 5 2 4 2 1 1 3 5 2 2 2 4 0 1 5 5 4 5 5 2 5 1 1 4 0 2 2 0 2 5 2 0 1 2 1 5 2 2 1 1 1 0 3 4 2 1 3 3 0 3 4 1 4 2 5 5 3 3 2 4 6 5 0 3 0 0 2 4 2 2 1 4 1 1 0 2 1 4 2 4 2 6 4 3 6 4 5 2 3 0 1 5 2 3 0 5 2 2 0 3 1 0 2 0 5 3 1 5 3 2 2 4 4 1 3 2 5 2 1 2 2 4 2 2 2 2 4 2 4 4 4 1 5 3 5 
8 6 8 6 6 6 8 6 8 6 4 6 3 5 5 5 3 3 1 6 5 2 3 4 5 6 3 3 3 4 4 6 4 2 7 4 6 2 3 6 7 3 0 6 5 3 1 6 6 2 1 5 0 0 3 2 6 4 3 6 3 5 5 6 2 3 5 6 3 6 3 7 3 5 5 5 6 2 4 3 4 4 3 6 2 2 6 1 3 4 0 3 4 6 1 4 4 6 4 6 5 3 2 3 4 5 2 4 6 6 3 7 2 6 2 3 3 1 3 3 1 2 4 3 5 4 2 4 6 5 0 6 3 5 3 4 5 3 5 1 3 4 0 3 2 6 2 2 5 6 4 1 6 5 4 4 1 3 4 4 7 0 6 1 5 1 4 0 3 1 
6 0 6 0 0 0 6 0 6 0 5 5 2 5 2 2 3 3 4 2 2 7 3 6 2 1 3 4 5 7 7 3 5 6 3 7 5 5 3 3 4 5 5 0 1 3 4 3 3 7 6 6 6 6 4 6 4 3 6 3 3 1 2 0 7 3 2 1 3 1 6 5 3 1 1 1 3 3 6 2 1 5 3 3 4 4 3 5 4 7 6 5 5 5 4 8 7 3 5 2 2 3 6 4 1 0 4 3 1 2 2 3 6 5 6 4 7 4 2 7 5 7 1 2 1 2 6 1 5 2 6 0 2 2 3 2 2 4 2 6 5 2 5 5 3 4 6 4 4 6 5 6 5 1 4 4 5 4 1 1 5 5 4 5 6 4 2 5 5 5 
6 3 6 3 3 3 6 3 6 3 3 4 0 3 2 2 0 0 1 3 2 4 0 4 1 2 1 1 3 5 4 3 3 3 4 5 4 2 0 3 4 2 3 2 1 1 2 3 4 4 3 4 3 3 2 3 3 2 4 3 0 1 2 2 4 1 2 3 0 2 4 5 1 1 1 1 3 0 4 0 1 3 0 3 1 1 3 2 2 4 3 3 3 4 2 5 5 3 3 3 2 1 3 2 1 2 1 1 2 3 0 4 3 4 3 2 5 1 0 4 2 4 1 0 2 1 3 1 4 2 3 2 0 2 0 1 2 2 2 3 3 1 3 2 1 4 3 1 3 4 3 3 4 1 2 2 2 2 1 1 5 2 4 2 4 1 1 3 3 2 
3 3 3 3 3 3 3 3 3 3 2 2 3 2 0 0 2 3 4 0 0 5 2 4 1 1 2 2 3 5 4 1 3 4 1 5 2 4 2 0 1 3 5 2 2 2 4 0 1 5 5 3 5 5 2 4 1 1 4 0 2 2 0 2 5 2 0 1 2 1 4 2 2 1 1 1 0 3 4 2 1 2 3 0 3 4 1 4 2 5 5 3 3 2 4 6 5 0 3 0 0 2 4 2 2 2 4 1 1 0 2 1 4 2 4 2 5 4 3 5 4 5 2 3 1 1 4 2 3 0 5 2 2 0 3 1 0 2 0 5 3 1 5 3 2 2 4 4 1 3 2 5 2 1 2 2 4 2 2 2 2 4 1 4 4 4 1 5 3 5 
7 3 7 3 3 3 7 3 7 3 3 5 0 4 2 2 1 0 1 3 3 4 0 5 2 3 1 2 3 5 5 4 4 3 5 5 5 2 1 4 5 3 2 3 1 2 1 4 4 4 3 5 3 3 2 4 4 2 4 4 0 2 3 3 4 1 3 3 0 3 4 5 1 2 2 2 4 0 4 1 1 4 0 4 1 1 4 2 3 5 3 4 4 5 1 5 5 4 3 3 3 1 3 2 1 2 1 2 3 3 0 4 3 5 3 2 5 1 0 5 2 4 1 0 2 1 4 1 5 3 3 3 0 3 0 2 3 2 3 3 3 2 2 3 1 5 3 1 3 5 3 3 4 2 3 3 2 2 1 1 5 2 5 2 5 1 1 2 4 2 
4 3 4 3 3 3 4 3 4 3 2 2 2 2 1 1 1 2 3 1 1 4 1 3 0 2 1 1 2 4 4 1 2 3 2 4 3 3 1 1 2 2 4 2 2 1 3 1 2 4 4 3 4 4 1 3 2 0 3 1 1 2 1 2 4 0 0 2 1 1 4 3 1 1 1 1 1 2 3 1 1 2 2 1 2 3 1 3 1 4 4 2 2 3 3 5 4 1 2 2 1 1 3 1 1 1 2 0 2 1 1 2 3 3 3 1 5 3 2 4 3 4 2 2 1 0 3 1 3 1 4 2 1 1 2 0 1 1 1 3 2 0 3 2 1 2 3 3 1 3 2 3 2 1 1 1 3 1 1 2 3 3 2 2 3 3 1 3 3 4 
3 3 3 3 3 3 3 3 3 3 2 2 3 2 0 0 2 3 4 0 0 5 3 4 1 1 2 2 3 5 4 1 3 4 1 5 2 4 2 1 1 3 5 2 2 2 4 0 1 5 5 3 5 5 2 5 1 1 4 0 2 2 0 2 5 2 0 1 3 1 5 2 2 1 1 1 0 3 4 2 1 3 3 0 3 4 1 4 2 5 5 3 3 2 4 6 5 0 3 0 0 2 4 2 2 1 4 1 1 0 2 1 4 2 4 2 6 4 3 6 4 6 2 3 1 1 5 2 3 0 5 2 2 0 3 1 0 2 0 5 3 1 5 3 2 2 5 4 1 3 2 5 2 1 2 2 4 2 2 2 2 4 1 4 4 4 1 5 3 5 
5 5 5 5 5 5 5 5 5 5 1 2 2 1 2 2 1 2 2 3 2 2 1 2 2 3 0 0 1 3 2 2 1 2 3 3 3 1 1 2 3 1 3 4 3 0 2 3 3 3 3 2 2 3 0 2 2 1 2 2 1 3 2 4 2 1 2 3 1 3 2 4 0 2 2 2 2 1 2 2 2 1 2 2 2 2 2 2 0 3 3 1 1 3 2 3 3 2 1 3 2 0 2 0 2 3 2 1 3 3 2 3 1 3 2 0 3 2 2 3 2 3 3 2 2 1 2 2 3 2 3 4 2 2 2 1 2 0 2 2 1 2 2 0 0 3 2 2 1 3 1 2 2 2 1 0 1 0 2 3 4 2 3 1 2 2 2 2 1 3 
4 3 4 3 3 3 4 3 4 3 3 3 3 2 0 0 2 2 4 0 0 5 2 4 0 1 2 2 3 5 5 1 3 4 1 5 3 4 2 1 2 3 5 2 2 2 4 0 1 5 5 4 5 5 2 5 2 1 4 1 2 2 0 2 5 1 0 1 2 0 5 2 2 1 1 0 1 3 4 1 1 3 3 1 3 3 1 4 2 5 5 3 3 3 4 6 5 1 3 0 0 2 4 2 1 1 3 1 1 0 2 1 4 2 4 2 6 4 2 6 4 5 2 3 0 1 4 2 3 0 5 2 2 0 3 1 0 2 0 5 3 1 4 3 2 2 4 4 1 3 3 4 2 0 2 2 4 2 1 2 3 4 2 4 4 4 1 5 3 5 
7 7 7 7 7 7 7 7 7 7 2 4 3 3 5 5 2 3 2 5 5 1 3 3 4 5 2 2 1 3 2 5 3 0 6 2 5 0 3 5 6 1 2 6 5 2 2 5 5 1 0 3 1 1 2 0 4 3 1 5 3 5 4 6 1 3 4 6 3 5 1 6 2 5 5 4 5 2 2 3 4 3 3 5 2 2 5 1 2 2 1 2 3 4 2 2 2 5 2 5 5 2 0 2 4 5 2 3 5 5 3 6 1 5 0 2 2 2 4 1 1 0 4 3 5 3 0 4 4 5 1 6 3 5 3 3 5 2 5 0 2 4 1 2 2 5 0 2 4 4 2 0 4 5 3 2 0 2 4 4 6 1 5 1 3 2 4 1 2 2 
4 6 4 6 6 6 4 6 4 6 0 2 3 1 3 3 2 3 3 3 3 2 2 1 3 4 2 1 0 2 1 2 1 1 4 2 2 1 2 3 4 0 4 5 4 1 3 3 3 2 3 1 2 3 0 1 2 2 1 3 2 4 2 5 2 2 3 4 2 4 1 3 1 3 3 3 3 2 1 3 3 0 3 3 2 3 2 2 0 2 3 0 0 2 3 3 2 3 0 4 3 1 1 0 3 4 3 2 4 3 3 3 1 3 1 1 2 3 3 2 2 2 4 3 3 2 1 3 2 3 3 5 3 3 3 2 3 1 3 2 0 3 2 0 1 2 2 3 1 2 0 2 2 3 1 0 2 0 3 4 3 2 3 1 1 3 3 2 0 3 
5 2 5 2 2 2 5 2 5 2 3 3 2 3 0 0 1 1 3 1 1 5 1 4 0 1 1 2 3 5 5 2 3 4 2 5 3 3 1 2 3 3 4 2 1 1 3 2 2 5 4 4 4 4 2 4 2 1 4 2 1 1 1 1 5 1 1 1 1 1 4 3 1 0 0 0 2 2 4 0 0 3 2 2 2 3 2 3 2 5 4 3 3 3 3 6 5 2 3 1 1 1 4 2 1 1 2 1 1 1 1 2 4 3 4 2 5 3 1 5 3 5 1 2 0 0 4 1 4 1 4 2 1 1 2 0 1 2 1 4 3 0 4 3 1 3 4 3 2 4 3 4 3 0 2 2 3 2 0 1 4 3 3 3 4 3 0 4 3 4 
7 6 7 6 6 6 7 6 7 6 3 5 3 4 4 4 2 2 1 5 5 2 2 3 4 5 2 2 2 4 3 5 3 1 6 3 5 1 2 5 6 2 1 5 4 2 1 5 5 2 0 4 0 0 2 1 5 3 2 5 2 4 4 5 2 3 4 5 2 5 2 6 2 4 4 4 5 2 3 3 4 3 3 5 1 2 5 0 3 3 0 3 3 5 1 3 3 5 3 5 5 2 1 2 4 5 1 3 5 5 3 6 1 5 1 2 3 1 3 2 0 1 4 3 4 3 1 4 5 5 0 5 3 5 2 3 5 2 4 1 2 4 0 2 2 5 1 2 4 5 3 0 5 4 3 3 0 2 4 4 6 0 6 0 4 1 3 0 2 1 
5 5 5 5 5 5 5 5 5 5 0 2 3 1 3 3 2 2 3 3 3 2 2 1 3 4 1 1 0 2 2 2 1 1 4 2 2 1 2 3 4 0 3 5 4 1 3 3 3 2 2 2 2 3 0 1 2 2 1 3 2 4 2 4 2 2 2 4 2 3 1 4 1 3 3 3 3 2 1 2 3 1 3 3 2 3 3 2 0 2 3 0 1 2 3 3 2 3 0 4 3 1 1 0 3 4 3 1 4 3 3 4 1 3 1 0 2 2 3 2 2 2 3 3 3 2 1 3 2 3 3 5 2 3 3 2 3 0 3 2 0 3 2 0 1 3 1 3 1 2 0 2 2 3 1 0 1 0 3 3 4 2 3 1 2 3 3 2 0 3 
5 4 5 4 4 4 5 4 5 4 2 3 1 2 2 2 0 1 1 3 2 3 0 3 2 3 0 0 2 4 3 3 2 2 4 3 4 1 0 3 4 1 2 3 2 0 1 3 3 3 2 3 2 3 0 2 3 1 2 3 0 2 2 3 3 0 2 3 0 3 3 4 0 2 2 2 3 0 3 1 2 2 1 3 1 1 3 1 1 3 2 2 2 3 1 4 4 3 2 3 2 0 2 1 2 2 1 1 3 3 1 4 2 4 2 0 4 1 1 3 1 3 2 1 2 1 2 2 4 2 2 3 1 2 1 1 2 0 2 2 1 1 2 1 0 3 2 1 2 3 2 2 3 2 2 1 1 1 2 2 4 2 4 1 3 1 1 2 2 2 
2 5 2 5 5 5 2 5 2 5 2 0 5 1 3 3 4 4 5 2 2 5 4 2 3 3 3 3 3 3 3 1 2 4 1 4 0 4 4 1 1 3 6 4 4 3 5 1 1 5 5 2 5 6 3 4 0 2 4 1 4 4 2 4 5 3 2 3 4 3 4 1 3 3 3 3 1 4 3 4 3 2 5 1 5 5 1 5 2 4 6 3 2 0 5 5 4 1 2 2 2 3 4 2 4 4 5 2 3 2 4 1 4 0 4 3 5 5 5 5 5 5 4 5 3 3 4 4 1 2 6 4 4 2 5 2 2 3 2 5 2 3 5 3 3 0 4 5 1 1 2 5 0 3 1 2 4 2 4 4 1 5 0 4 2 5 3 5 3 6 
6 7 6 7 7 7 6 7 6 7 2 4 3 3 4 4 2 3 2 5 5 0 3 2 4 5 2 2 1 2 2 4 3 0 6 2 4 0 3 5 6 1 2 6 5 2 2 5 5 1 1 3 1 1 2 0 4 3 1 5 3 5 4 6 0 3 4 6 3 5 1 6 2 5 5 4 5 2 2 3 4 2 3 5 2 3 4 1 2 1 1 2 2 4 2 2 2 5 2 5 4 2 0 2 4 5 2 3 5 5 4 5 0 5 0 2 1 2 4 1 1 0 4 3 5 3 0 4 4 4 2 6 3 4 3 3 5 2 4 0 2 4 1 1 2 4 0 3 3 4 2 0 4 4 3 2 1 2 4 4 6 1 5 1 3 3 4 1 1 2 
7 4 7 4 4 4 7 4 7 4 3 5 1 4 3 3 1 1 0 4 4 3 1 5 3 4 1 2 3 5 5 5 4 2 5 5 5 2 1 5 6 3 1 4 3 2 0 4 5 4 2 5 2 2 2 3 5 3 3 5 1 3 4 4 4 2 4 4 1 4 4 6 2 3 3 3 4 0 4 2 3 4 1 4 0 0 5 1 3 4 2 4 4 5 0 5 5 4 4 4 4 2 3 3 2 3 0 3 4 4 2 5 3 6 3 2 4 0 1 4 1 3 2 1 3 2 3 2 5 4 2 4 1 4 1 3 4 2 4 2 3 3 2 3 1 5 3 0 4 5 3 2 5 3 3 3 2 3 2 2 6 1 5 1 5 0 2 2 4 1 
3 5 3 5 5 5 3 5 3 5 1 1 3 1 2 2 2 3 4 2 1 4 3 2 2 3 2 1 2 3 3 0 1 3 2 3 1 3 2 1 2 2 5 4 3 1 4 1 1 4 4 2 4 5 1 3 0 1 3 1 2 3 1 4 4 1 1 2 3 2 3 2 2 2 2 2 1 3 2 2 2 1 3 1 3 4 1 3 1 3 4 2 1 1 4 4 4 1 1 2 1 2 3 1 3 3 4 1 3 1 3 2 3 1 3 1 4 3 3 4 4 4 3 3 2 1 3 3 1 1 5 4 3 1 3 1 1 1 1 4 1 2 4 1 2 1 3 4 0 1 1 4 1 2 0 1 3 1 3 3 2 4 1 3 2 4 2 4 2 4 
2 6 2 6 6 6 2 6 2 6 1 0 5 1 4 4 4 5 5 3 3 4 4 1 4 4 3 3 2 2 2 2 1 4 3 2 0 3 4 2 2 2 6 6 5 3 5 3 2 4 5 0 5 6 3 4 1 3 3 2 4 5 3 5 4 3 3 4 4 4 3 2 3 4 4 4 2 4 1 4 4 1 5 2 5 5 2 4 2 3 5 2 1 0 5 4 3 2 1 4 3 3 3 2 5 5 5 3 4 3 4 3 3 1 3 3 4 5 5 4 5 4 5 5 4 3 3 5 0 3 6 6 4 3 5 3 3 3 3 4 2 4 5 2 3 1 4 5 1 0 1 4 1 4 1 2 4 2 4 5 2 5 2 4 1 5 4 5 2 6 
4 6 4 6 6 6 4 6 4 6 0 1 4 0 3 3 2 3 3 3 2 2 3 1 3 4 2 1 1 2 2 2 0 2 3 2 2 2 2 2 3 1 4 5 4 1 3 3 3 3 3 1 3 4 1 2 1 1 2 2 2 4 2 5 2 2 2 4 3 3 2 3 2 3 3 3 2 3 1 3 3 0 4 2 3 3 2 3 0 2 3 0 0 2 3 3 2 2 0 3 2 1 2 0 3 4 3 1 4 3 3 3 1 2 2 1 3 3 3 3 3 3 4 3 3 2 2 3 1 2 4 5 3 2 3 2 2 1 3 2 0 3 3 0 2 2 2 3 1 1 0 3 1 3 0 0 2 0 3 4 3 3 3 2 1 4 3 3 0 4 
7 6 7 6 6 6 7 6 7 6 3 5 3 3 4 4 2 2 2 5 5 1 2 3 4 5 2 2 2 3 3 5 3 0 6 3 5 0 2 5 6 2 1 6 4 2 1 5 5 1 0 4 0 1 2 1 5 3 2 5 2 5 4 5 1 3 4 5 2 5 2 6 2 4 4 4 5 2 3 3 4 3 3 5 2 2 5 0 2 2 0 2 3 5 1 3 3 5 2 5 5 2 1 2 4 5 2 3 5 5 3 6 1 5 1 2 2 1 3 2 0 1 4 3 4 3 1 4 5 5 1 6 3 5 3 3 5 2 4 0 2 4 0 2 2 5 0 2 4 4 3 0 4 4 3 3 0 2 4 4 6 0 6 0 4 2 4 0 2 1 
2 6 2 6 6 6 2 6 2 6 1 0 5 1 3 3 3 4 5 2 2 4 4 2 3 3 3 2 3 3 3 1 1 4 2 3 0 3 3 1 1 2 6 5 4 2 5 2 1 4 5 1 5 6 2 4 0 2 3 1 4 4 2 4 4 3 2 3 4 3 3 1 3 3 3 3 1 4 2 3 3 1 5 1 4 5 1 4 2 3 5 2 1 0 5 4 4 1 2 3 2 3 3 2 4 4 5 2 3 2 4 2 3 0 3 2 4 5 4 5 5 5 4 4 3 2 4 4 0 2 6 5 4 2 4 2 2 2 2 4 2 3 5 2 3 0 4 5 1 1 1 4 0 3 1 1 4 2 4 4 1 5 1 4 2 5 3 5 2 5 
5 2 5 2 2 2 5 2 5 2 3 3 2 3 0 0 2 2 3 1 1 5 2 4 0 0 2 2 4 5 5 2 4 4 2 5 4 4 2 2 3 3 4 1 1 2 4 1 2 6 5 4 4 5 2 5 3 1 5 2 2 1 1 1 5 1 1 1 2 0 5 3 2 0 0 0 2 2 4 1 0 3 2 2 3 3 2 4 2 5 5 4 4 4 3 6 6 2 3 1 1 2 4 2 1 0 3 1 0 1 1 2 4 3 4 2 6 3 2 6 4 5 1 2 0 1 5 1 4 1 5 1 1 1 2 1 1 2 0 5 3 0 4 3 2 3 4 3 2 4 3 4 3 0 2 3 4 2 0 1 4 4 3 3 5 3 0 4 4 4 
4 5 4 5 5 5 4 5 4 5 0 1 3 0 2 2 2 3 3 2 2 3 2 2 2 3 1 1 1 3 2 1 1 2 2 3 2 2 2 2 2 1 4 4 3 1 3 2 2 3 4 2 3 4 1 3 1 1 2 2 2 4 1 4 3 1 2 3 2 3 2 2 1 3 3 2 2 3 1 2 2 0 3 2 3 3 1 3 0 3 4 1 1 1 3 4 3 2 1 3 2 1 2 0 3 3 3 1 3 2 2 2 2 2 2 1 3 3 3 3 3 4 3 3 2 1 3 3 2 2 4 4 2 2 3 1 2 1 2 3 1 2 3 1 2 1 3 3 0 1 0 3 1 2 0 0 2 0 3 3 2 3 2 2 2 3 2 3 1 4 
4 5 4 5 5 5 4 5 4 5 0 2 3 1 2 2 2 2 3 3 2 3 2 1 2 3 1 1 1 2 2 2 1 2 3 2 2 2 2 2 3 1 4 4 3 0 3 2 2 3 3 2 3 4 0 2 2 1 2 2 2 4 2 4 3 1 2 3 2 3 2 3 1 3 3 2 2 2 1 2 2 0 3 2 2 3 2 2 0 2 3 1 1 2 3 3 3 2 0 3 2 1 2 0 3 3 3 1 3 2 2 3 2 2 2 0 3 3 3 3 3 3 3 3 2 1 2 3 2 2 4 4 2 2 3 1 2 0 2 2 0 2 3 0 1 2 2 3 1 2 0 3 1 3 0 0 2 0 3 3 3 3 2 2 2 3 2 3 1 4 
6 6 6 6 6 6 6 6 6 6 2 4 2 3 4 4 1 2 1 4 4 1 2 3 3 4 1 1 1 3 3 4 3 0 5 3 4 0 2 4 5 1 2 5 4 2 1 4 5 2 1 3 1 1 1 1 4 3 1 4 2 4 4 5 2 2 4 5 2 4 2 5 2 4 4 3 4 1 2 2 3 2 2 4 1 2 4 0 2 2 1 2 2 4 1 3 3 4 2 5 4 1 1 2 3 4 1 2 5 4 3 5 1 5 1 1 2 1 3 2 0 1 3 2 4 2 1 3 4 4 1 5 2 4 2 3 4 1 4 0 2 3 0 1 1 4 1 2 3 4 2 0 4 4 2 2 0 1 3 3 5 1 5 0 3 2 3 0 2 1 
4 5 4 5 5 5 4 5 4 5 0 2 3 1 2 2 1 2 2 3 2 2 2 2 2 3 1 0 1 3 2 2 1 2 3 2 2 1 1 2 3 0 3 4 3 0 2 3 3 3 3 2 2 3 0 2 2 1 2 2 2 3 2 4 2 1 2 3 2 3 2 3 1 3 3 2 2 2 1 2 2 1 3 2 2 2 2 2 0 2 3 1 1 2 2 3 3 2 1 3 2 0 1 0 3 3 2 1 3 3 2 3 1 3 1 0 3 2 3 3 2 3 3 2 2 1 2 3 2 2 3 4 2 2 2 1 2 0 2 2 0 2 2 0 1 2 2 3 1 2 0 2 2 2 0 0 1 0 2 3 3 2 3 1 2 3 2 2 1 3 
5 2 5 2 2 2 5 2 5 2 3 4 1 3 1 1 1 1 2 2 2 5 1 5 1 1 1 2 4 5 5 3 4 4 3 5 4 3 1 3 4 3 4 1 0 2 3 2 3 5 4 5 4 4 2 4 3 1 4 3 1 0 2 1 5 1 1 2 1 1 5 4 1 0 0 0 2 1 4 0 0 4 1 2 2 2 3 3 2 5 4 4 4 4 3 6 6 2 4 2 2 2 4 2 0 0 2 1 1 2 0 3 4 4 4 2 6 2 1 5 3 5 0 1 1 1 4 0 4 2 4 1 1 2 1 1 2 2 1 4 3 0 4 3 2 4 4 2 3 4 3 4 4 0 3 3 3 2 0 0 4 3 4 3 5 2 0 4 4 3 
6 2 6 2 2 2 6 2 6 2 4 5 1 4 2 2 2 1 2 2 2 5 1 5 1 1 2 2 4 6 6 4 4 4 4 6 5 4 1 3 4 4 3 1 0 2 3 3 4 6 5 5 4 4 3 5 4 2 5 3 1 0 3 1 5 2 2 2 1 2 5 5 2 1 1 1 3 1 5 1 1 4 1 3 2 2 4 3 3 6 4 4 4 5 3 7 6 3 4 3 2 2 4 3 0 1 2 2 2 3 0 4 4 5 4 3 6 3 0 6 3 5 0 1 1 2 5 0 5 2 4 1 1 2 1 2 2 3 2 4 4 1 4 3 2 4 4 2 3 5 4 4 4 1 3 3 3 3 0 0 5 3 4 3 5 2 1 4 4 3 
1 6 1 6 6 6 1 6 1 6 3 1 6 2 3 3 4 5 6 2 2 6 5 3 3 4 4 4 4 4 4 1 3 5 1 5 1 5 4 1 1 4 7 5 5 3 6 2 1 6 6 3 6 7 4 5 1 3 5 1 5 5 2 5 6 4 2 3 5 3 5 0 4 4 4 4 1 5 4 4 4 3 6 2 5 6 1 6 3 5 7 4 3 1 6 6 5 1 3 2 2 4 5 3 5 4 6 3 3 2 5 1 5 0 5 4 6 6 5 6 6 6 5 5 3 3 5 5 1 2 7 5 5 2 5 3 2 4 3 6 3 4 6 4 4 1 6 6 2 2 3 6 1 4 2 3 5 3 4 5 0 6 0 5 3 6 4 6 4 7 
7 5 7 5 5 5 7 5 7 5 3 5 2 4 4 4 2 2 1 5 4 2 2 4 4 5 2 2 2 4 4 5 4 1 6 4 5 1 2 5 6 2 1 5 4 2 0 5 5 2 1 4 0 1 2 2 5 3 2 5 2 4 4 5 2 2 4 5 2 5 3 6 2 4 4 4 5 1 3 3 3 3 2 5 1 1 5 0 3 3 0 3 3 5 0 4 4 5 3 5 4 2 2 2 3 4 1 3 5 5 3 6 2 5 2 2 3 0 2 2 0 2 3 2 4 3 2 3 5 4 0 5 2 4 2 3 4 2 4 1 2 3 0 2 2 5 1 1 4 5 3 0 5 4 3 3 1 2 3 3 6 0 6 1 4 1 3 0 3 0 
1 5 1 5 5 5 1 5 1 5 3 1 5 2 2 2 4 4 5 2 2 5 4 3 2 3 4 3 4 4 4 0 2 5 0 5 1 5 4 0 0 4 6 4 4 3 6 1 0 6 6 3 6 7 3 5 1 2 5 1 4 4 1 4 5 3 2 2 4 2 5 0 3 3 3 3 1 4 3 4 3 2 5 1 5 5 0 5 3 5 6 3 3 1 6 6 5 1 3 2 2 3 5 3 4 3 5 2 3 1 4 0 4 0 5 3 6 5 5 6 5 6 4 5 3 3 5 4 2 2 6 4 4 1 5 2 1 3 2 5 3 3 6 3 4 0 5 5 1 2 3 6 1 3 2 2 5 3 4 4 0 6 0 5 3 6 3 6 3 6 
6 5 6 5 5 5 6 5 6 5 2 4 2 3 3 4 1 2 1 4 4 2 1 3 3 4 1 1 1 3 3 4 3 1 5 3 4 0 1 4 5 1 2 5 4 1 1 4 5 2 1 3 1 1 1 1 4 2 2 4 2 4 4 5 2 2 3 5 2 4 2 5 1 4 4 3 4 1 2 2 3 2 2 4 1 2 4 0 2 2 1 2 2 4 1 3 3 4 2 4 4 1 1 2 3 4 1 2 4 4 2 5 1 4 1 1 2 1 2 2 0 2 3 2 4 2 1 3 4 4 1 5 2 4 2 2 4 1 4 1 1 3 0 1 1 4 1 1 3 4 2 0 4 3 2 2 0 1 3 3 5 1 5 0 3 1 3 1 2 1 
4 7 4 7 7 7 4 7 4 7 1 2 5 1 4 4 4 5 5 4 4 2 4 0 4 5 3 3 1 1 1 3 1 3 4 1 2 3 4 3 4 2 5 6 6 3 5 4 4 3 4 0 4 5 2 2 2 3 2 3 4 6 3 6 2 3 4 5 4 5 2 3 3 5 5 4 3 4 0 4 5 1 5 3 4 5 3 4 2 1 4 1 1 2 5 2 1 3 1 5 4 3 2 2 5 5 5 3 5 4 5 4 2 2 2 2 2 4 5 3 4 3 5 5 4 3 2 5 1 4 5 6 4 4 5 3 4 2 4 3 1 4 4 2 3 2 3 5 2 1 1 4 2 5 2 2 3 2 5 5 3 4 3 3 0 5 4 4 1 5 
7 4 7 4 4 4 7 4 7 4 3 5 1 4 3 4 1 1 0 4 4 3 1 5 3 4 1 2 3 5 5 5 4 2 5 5 5 2 1 5 6 3 1 4 3 2 0 5 5 4 2 5 2 2 2 3 5 3 3 5 1 3 4 4 4 2 4 4 1 4 4 6 2 3 3 3 5 1 4 2 3 4 1 4 0 0 5 1 3 4 2 4 4 5 0 5 5 4 4 5 4 2 3 3 2 3 0 3 4 4 2 5 3 6 3 2 4 0 1 4 1 3 2 1 3 2 3 2 5 4 1 4 1 4 1 3 4 2 4 2 3 3 1 3 1 5 3 0 4 5 4 2 5 3 3 3 2 3 2 2 6 1 6 1 5 0 2 2 4 0 
5 2 5 2 2 2 5 2 5 2 3 4 1 3 1 1 1 1 2 2 1 5 1 4 0 1 1 2 3 5 5 2 3 4 3 5 4 3 1 2 3 3 4 2 1 1 3 2 3 5 4 4 4 4 2 4 3 1 4 2 1 1 1 1 5 1 1 2 1 1 4 4 1 0 0 0 2 1 4 0 0 3 1 2 2 2 2 3 2 5 4 3 3 4 3 6 5 2 3 2 1 1 4 2 0 1 2 1 1 2 0 3 4 4 4 2 5 2 1 5 3 5 0 1 1 0 4 0 4 1 4 2 1 1 1 1 1 2 1 4 3 0 3 3 1 3 4 2 2 4 3 4 3 0 2 2 3 2 0 1 4 3 3 3 4 2 0 4 3 3 
7 6 7 6 6 6 7 6 7 6 3 5 3 4 4 4 2 2 1 5 5 2 2 4 4 5 2 2 2 4 3 5 3 1 6 3 5 1 2 5 6 2 1 6 4 2 1 5 6 2 0 4 0 0 2 1 5 3 2 5 2 4 5 5 2 3 4 5 2 5 2 6 2 4 4 4 5 2 3 3 4 3 3 5 1 2 5 0 3 3 0 3 3 5 1 3 3 5 3 5 5 2 1 3 4 5 2 3 5 5 3 6 1 5 1 2 2 1 3 2 0 1 4 3 4 3 1 4 5 5 0 5 3 5 2 3 5 2 5 1 2 4 0 2 2 5 1 2 4 5 3 0 5 4 3 3 0 2 4 4 6 0 6 1 4 2 4 0 3 1 
5 6 5 6 6 6 5 6 5 6 0 2 4 1 4 4 2 3 3 4 3 1 3 1 3 5 2 1 0 1 1 3 1 1 4 1 2 1 3 3 4 0 4 5 5 2 3 4 4 2 2 1 3 3 1 1 2 2 1 3 3 5 3 5 1 2 3 5 3 4 1 4 2 4 4 4 3 3 0 3 4 1 4 3 3 4 3 2 1 1 3 0 0 2 3 2 1 3 0 4 3 2 1 1 4 4 3 2 5 4 4 4 1 3 1 1 2 3 4 2 2 2 4 4 4 3 1 4 2 3 3 5 3 3 4 3 3 1 3 2 0 3 2 0 2 3 1 4 2 2 0 2 2 4 1 1 2 1 4 4 4 3 3 2 1 4 3 3 0 4 
8 5 8 5 5 5 8 5 8 5 4 6 2 5 4 4 2 2 1 5 5 3 2 5 4 5 2 3 3 5 5 5 4 2 6 4 6 2 2 5 6 3 0 5 4 3 0 5 6 3 2 5 1 1 3 3 5 4 3 5 2 4 5 5 3 3 4 5 2 5 4 7 2 4 4 4 5 1 4 3 4 4 2 5 1 1 5 1 3 4 1 4 4 6 0 5 4 5 4 5 5 2 3 3 3 4 1 3 5 5 3 6 3 6 3 3 4 0 2 3 1 3 3 2 4 3 3 3 6 5 1 5 2 5 2 4 5 3 5 2 3 4 1 3 2 6 2 1 4 6 4 1 5 4 4 4 1 3 3 3 7 0 6 1 5 0 3 1 4 0 
