160 6879.38 0 1680 14 120
60.5 83.19 28.67 2.16 72.12 12.95 59.65 96.9 94.64 2.56 9.49 28.96 24.74 2.61 26.36 97.8 59.61 70.55 84.42 18.09 28.48 79.09 25.75 16.86 29.65 4.04 24.1 28.41 70.24 17.88 37.39 15.55 39.64 32.02 57.4 70.41 26.72 47.33 76.04 6.04 62.98 58.6 82.13 6.1 98.71 94.73 61.69 62.55 5.1 35.79 20.97 24.37 47.08 1.21 37.51 75.39 75.67 98.43 23.8 63.96 94.3 67.78 51.92 92.88 86.68 12.23 59.96 27.06 58.54 24.59 6.65 85.21 50.03 58.95 96.29 46.87 37.64 41.71 5.18 9.34 81.92 14.8 38.38 17.36 40.57 42.71 92.79 61.07 41.63 84.52 52.32 84.85 28.46 71.12 82.14 81.49 13.97 74.33 41.17 79.26 57.79 83.99 19.38 14.71 37.93 27.48 75.76 5.02 41.17 26.44 25.76 81.74 71.43 71.15 23.39 18.75 29.46 23.53 5.12 85.12 2.55 40.47 9.89 25.93 98.45 16.97 86.21 73.18 47.29 13.44 62.64 17.3 41.06 57.16 58.52 29.98 79.11 4.95 80.97 4.06 30.18 58.93 13.05 86.03 47.72 37.05 50.63 97.9 87.71 39.42 81.23 59.61 46.58 59.43 49.85 31.43 60.97 41.49 47.31 30.19 
72.97 24.41 84.9 17.89 81.09 37.77 76.54 51.73 27.3 39.24 67.08 40.7 20.18 89.94 34.09 19.08 32.07 83.49 75.41 89.37 64.29 43.38 40.47 45.43 61.23 45.08 45.8 43.85 51.7 63.25 58.21 60.54 12.92 38.09 43.92 15.15 35.92 18.95 39.99 87.34 66.95 85.37 26.5 55.79 18.18 89.89 81.7 28.44 12.51 19.65 53.35 37.69 31.45 72.02 62.64 87.84 58.82 64.14 27.96 21.57 26.28 21.52 64.35 35.67 45.81 49.47 51.26 23.38 15.01 20.25 54.4 75.07 59.44 57.8 50.25 46.91 36.1 33.67 36.12 80.89 67.63 21.08 88.6 26.1 36.33 51.67 15.18 69.45 12.07 25.69 22.7 18.5 86.0 60.11 16.53 57.0 41.75 55.6 48.34 19.52 54.33 71.12 26.38 88.2 78.4 48.43 55.85 21.39 23.05 60.79 85.44 51.96 42.18 74.89 37.33 65.98 57.46 33.76 43.88 44.66 55.31 88.14 67.42 66.33 81.57 12.26 22.24 17.2 49.58 33.99 33.64 18.81 39.52 42.65 49.46 46.02 42.76 13.37 56.45 38.73 47.92 30.71 29.33 54.36 87.97 18.12 86.65 50.88 86.19 15.92 15.93 24.07 25.79 32.3 38.58 19.65 80.62 71.76 33.16 25.43 
6 8 3 1 7 2 6 9 9 1 1 3 3 1 3 9 6 7 8 2 3 8 3 2 3 1 3 3 7 2 4 2 4 3 6 7 3 5 7 1 6 6 8 1 9 9 6 6 1 4 2 3 5 1 4 7 7 9 3 6 9 7 5 9 8 2 6 3 6 3 1 8 5 6 9 5 4 4 1 1 8 2 4 2 4 4 9 6 4 8 5 8 3 7 8 8 2 7 4 8 6 8 2 2 4 3 7 1 4 3 3 8 7 7 3 2 3 3 1 8 1 4 1 3 9 2 8 7 5 2 6 2 4 6 6 3 8 1 8 1 3 6 2 8 5 4 5 9 8 4 8 6 5 6 5 3 6 4 5 3 
1 2 3 4 5 6 7 8 9 10 11 12 13 14 15 16 17 18 19 20 21 22 23 24 25 26 27 28 29 30 31 32 33 34 35 36 37 38 39 40 41 42 43 44 45 46 47 48 49 50 51 52 53 54 55 56 57 58 59 60 61 62 63 64 65 66 67 68 69 70 71 72 73 74 75 76 77 78 79 80 81 82 83 84 85 86 87 88 89 90 91 92 93 94 95 96 97 98 99 100 101 102 103 104 105 106 107 108 109 110 111 112 113 114 115 116 117 118 119 120 121 122 123 124 125 126 127 128 129 130 131 132 133 134 135 136 137 138 139 140 141 142 143 144 145 146 147 148 149 150 151 152 153 154 155 156 157 158 159 160 
1 1 1 3 1 3 1 2 2 3 3 1 1 3 1 2 1 1 1 3 1 1 1 3 1 3 1 1 1 3 1 3 1 1 1 1 1 3 1 3 1 1 1 3 2 2 1 1 3 1 3 1 3 3 1 1 1 2 1 1 2 1 3 2 1 3 1 1 1 1 3 1 3 1 2 3 1 1 3 3 1 3 1 3 1 1 2 1 1 1 3 1 1 1 1 1 3 1 1 1 1 1 3 3 1 1 1 3 1 1 1 1 1 1 1 3 1 1 3 1 3 1 3 1 2 3 1 1 3 3 1 3 1 1 1 1 1 3 1 3 1 1 3 1 3 1 3 2 1 1 1 1 3 1 3 1 1 1 3 1 
3 1 2 2 3 1 3 2 2 2 2 2 2 2 2 2 3 3 1 1 2 1 2 1 2 2 2 2 3 1 3 1 3 2 3 3 2 3 3 2 3 3 1 2 2 2 3 3 2 3 1 2 3 2 3 3 3 2 2 3 2 3 3 2 1 1 3 2 3 2 2 1 3 3 2 3 3 3 2 2 1 1 3 1 3 3 2 3 3 1 3 1 2 3 1 1 1 3 3 1 3 1 1 1 3 2 3 2 3 2 2 1 3 3 2 1 2 2 2 1 2 3 2 2 2 1 1 3 3 1 3 1 3 3 3 2 1 2 1 2 2 3 1 1 3 3 3 2 1 3 1 3 3 3 3 2 3 3 3 2 
10 3 6 2 5 1 2 9 3 2 1 4 6 9 5 6 8 7 8 1 4 4 8 7 6 9 8 6 6 1 2 3 5 2 7 7 2 5 1 1 3 7 5 10 6 10 9 9 1 10 4 4 1 7 9 10 8 7 7 10 2 8 2 2 5 1 1 2 10 10 8 4 6 3 6 4 5 7 4 1 1 5 8 4 7 10 4 5 1 7 5 5 8 7 10 8 4 5 7 1 6 8 7 10 10 1 3 7 7 8 6 4 5 5 5 9 1 10 5 5 4 4 2 8 6 6 4 4 10 7 3 6 3 2 7 8 2 2 2 2 9 7 8 7 1 6 6 5 5 5 9 9 10 10 6 3 4 6 9 1 
3783.56 4100.94 4234.67 3712.86 3934.84 4156.73 3934.02 4022.99 3885.84 3835.44 4225.54 3675.11 4124.45 3925.64 4417.98 4510.55 4505.93 3846.5 4506.05 4324.43 3847.17 3848.82 4484.34 3976.27 4396.39 4002.54 4523.39 4039.07 4396.74 4191.68 3940.95 3801.74 4327.85 3428.16 3839.26 3911.7 3455.71 4162.84 4294.82 4133.96 3960.63 3891.99 4313.71 3720.97 4697.74 3848.91 4137.64 4329.37 4206.24 3669.38 3620.08 3696.94 4103.17 3954.54 4131.73 3815.01 4490.42 3735.35 3956.01 3796.87 3617.59 4514.18 3504.2 3570.8 4472.32 4202.51 4214.77 3391.51 3713.09 3863.26 4500.92 3770.29 4672.3 3853.41 4460.15 3767.26 3894.09 3829.36 3598.95 4309.3 4202.55 4753.37 4431.32 3662.77 4004.19 3839.62 3618.79 4269.62 4180.66 3774.56 3764.02 4774.91 4472.49 3924.91 3665.75 4464.95 3680.38 4121.63 3962.09 4246.64 4433.35 4474.94 3914.86 3834.35 3802.91 4261.89 3881.87 3733.98 3891.51 4463.68 4672.85 3599.3 3876.81 4331.49 4302.97 4224.87 4188.12 3870.42 4565.34 3901.33 3619.54 3641.12 3514.68 4484.07 4405.73 4383.5 3738.81 3660.07 3803.66 3985.94 3807.52 4034.5 3889.9 3490.57 3822.18 4526.06 4103.44 3914.44 3372.07 3730.08 4220.57 3983.93 4449.38 3954.83 4271.19 4588.05 4033.94 4489.37 4048.35 3868.85 3939.72 4232.73 3867.61 3659.88 4198.37 3811.63 3741.78 4266.25 4312.16 4252.93 
0.66 0.25 0.15 0.85 0.82 0.48 0.6 0.77 0.28 0.64 0.63 0.78 0.08 0.86 0.89 0.15 0.75 0.25 0.71 0.57 0.81 0.92 0.65 0.29 0.07 0.79 0.71 0.08 0.12 0.46 0.86 0.26 0.82 0.94 0.22 0.67 0.63 0.76 0.53 0.4 0.27 0.85 0.8 0.75 0.09 0.69 0.8 0.87 0.58 0.73 0.83 0.87 0.47 0.46 0.85 0.63 0.66 0.49 0.78 0.64 0.93 0.77 0.75 0.67 0.86 0.41 0.37 0.84 0.64 0.66 0.79 0.92 0.11 0.24 0.14 0.84 0.86 0.6 0.87 0.55 0.6 0.87 0.75 0.83 0.32 0.77 0.94 0.82 0.55 0.53 0.76 0.75 0.72 0.87 0.6 0.79 0.91 0.76 0.63 0.39 0.08 0.65 0.84 0.71 0.64 0.48 0.24 0.77 0.44 0.64 0.12 0.91 0.78 0.85 0.87 0.76 0.36 0.73 0.81 0.85 0.86 0.93 0.89 0.73 0.1 0.11 0.89 0.95 0.68 0.53 0.26 0.12 0.26 0.6 0.82 0.66 0.76 0.94 0.9 0.62 0.79 0.72 0.77 0.42 0.4 0.15 0.09 0.82 0.77 0.83 0.84 0.78 0.61 0.69 0.15 0.25 0.83 0.14 0.79 0.36 
0.83 0.62 1.0 0.63 0.52 0.72 0.98 0.89 1.0 0.53 0.63 0.67 1.0 1.0 1.0 0.74 0.58 0.69 0.98 0.57 0.74 0.53 0.66 0.85 0.93 0.6 1.0 0.89 0.81 1.0 0.78 0.57 0.77 1.0 0.67 0.64 1.0 1.0 0.93 1.0 0.94 0.71 0.65 0.99 0.71 0.71 1.0 0.99 0.88 0.58 0.87 0.84 1.0 0.84 1.0 0.95 0.55 0.62 1.0 0.92 1.0 1.0 0.51 0.91 0.64 0.95 0.85 0.96 0.72 0.98 1.0 0.7 0.56 0.73 0.89 1.0 0.86 0.97 0.73 0.79 0.89 0.68 0.9 0.96 1.0 0.98 1.0 1.0 1.0 0.78 1.0 0.6 0.97 1.0 1.0 1.0 0.52 0.73 1.0 0.84 0.6 0.57 1.0 0.87 0.82 0.75 0.84 0.87 1.0 1.0 0.6 1.0 0.85 0.57 1.0 0.7 1.0 0.86 0.88 0.88 1.0 0.58 0.87 0.52 0.72 0.74 1.0 1.0 0.93 0.81 0.72 0.72 0.91 0.73 0.63 0.69 0.53 0.56 0.93 0.77 1.0 0.69 0.86 0.91 0.54 0.76 0.98 0.55 0.85 0.85 0.82 0.54 0.91 0.59 0.52 0.79 0.62 0.77 1.0 0.77 
1.0 0.53 0.71 0.53 0.8 0.7 0.67 0.86 0.64 0.59 0.97 0.74 0.64 0.97 1.0 0.91 0.84 0.85 0.56 0.94 0.58 0.5 0.88 0.8 0.9 0.8 1.0 0.65 0.53 0.76 1.0 0.62 0.53 0.87 0.76 0.71 1.0 0.95 0.72 1.0 0.77 0.95 0.99 1.0 0.57 0.95 0.59 0.83 1.0 0.88 1.0 0.58 0.66 0.93 0.6 1.0 0.65 0.76 0.75 0.93 0.77 0.54 0.99 0.69 0.85 1.0 0.78 0.77 0.62 0.9 0.57 0.95 0.71 0.72 1.0 0.69 0.67 0.55 1.0 0.5 0.86 0.75 0.58 0.57 0.59 0.93 0.54 0.52 0.82 0.72 0.74 0.69 0.54 0.61 0.84 0.87 0.99 0.7 0.73 0.5 0.6 1.0 0.64 0.92 0.92 1.0 0.93 0.51 0.95 0.73 0.77 0.63 0.86 0.57 0.61 0.87 1.0 0.74 0.51 0.71 0.67 0.89 0.85 0.72 0.93 0.65 0.76 0.66 1.0 0.7 0.63 0.67 0.71 0.73 0.54 1.0 0.88 0.75 0.95 0.53 0.99 0.91 1.0 0.62 0.95 1.0 0.89 1.0 0.71 0.64 0.56 0.95 0.96 0.55 1.0 1.0 0.65 0.57 0.57 0.79 
0.73 1.0 0.82 1.0 0.59 1.0 0.61 0.55 0.82 0.5 0.91 0.66 1.0 0.9 0.58 0.55 0.97 0.63 0.56 0.97 0.56 0.75 0.71 0.59 0.51 0.72 0.68 0.59 1.0 0.67 0.76 1.0 0.65 0.7 1.0 1.0 1.0 0.97 0.54 0.97 0.78 0.69 0.73 0.67 0.6 0.97 1.0 0.92 0.77 0.59 0.69 0.97 0.93 0.8 1.0 0.65 0.92 0.56 0.92 0.94 0.65 0.83 0.9 1.0 0.58 0.76 0.97 1.0 0.64 0.51 1.0 0.83 0.69 0.87 0.94 0.91 0.72 0.78 0.63 0.54 0.86 1.0 0.72 0.88 0.53 1.0 0.52 0.72 0.76 0.8 0.59 0.64 0.88 0.84 0.96 0.67 0.85 0.75 1.0 1.0 0.98 0.74 0.53 0.66 0.81 0.5 0.73 0.77 0.72 0.82 1.0 0.72 0.9 0.72 0.87 0.86 0.59 0.86 1.0 0.82 0.73 0.74 0.57 0.54 0.95 0.67 1.0 0.63 0.52 0.73 0.99 0.54 0.58 0.94 0.63 0.52 1.0 0.52 0.52 0.84 0.79 1.0 0.56 1.0 1.0 0.88 1.0 0.56 1.0 1.0 0.97 0.51 0.87 0.7 0.78 0.93 0.99 0.59 0.56 1.0 
1.0 1.0 0.55 0.63 0.92 0.7 0.9 0.86 0.66 0.94 0.97 0.89 0.56 0.62 0.99 0.73 0.77 0.54 0.91 0.76 0.87 0.82 0.67 0.66 0.84 0.72 0.62 0.79 0.65 0.97 0.82 0.58 0.62 1.0 1.0 0.94 0.63 1.0 1.0 0.52 1.0 0.83 0.93 1.0 0.89 1.0 1.0 0.6 0.69 0.93 0.64 0.61 0.84 0.65 1.0 0.9 0.66 0.98 0.63 0.73 0.79 0.65 0.7 0.88 0.9 0.63 0.86 0.69 0.53 0.96 1.0 0.98 1.0 0.84 0.65 0.75 0.6 0.85 0.82 1.0 0.66 0.76 0.67 0.88 0.52 0.62 0.82 0.79 0.9 0.55 0.62 0.56 0.88 1.0 0.5 0.71 0.66 1.0 0.58 0.71 1.0 1.0 0.83 0.82 0.75 0.75 0.69 0.75 0.68 0.75 1.0 1.0 0.77 1.0 0.61 0.65 0.95 0.96 1.0 0.65 0.79 0.83 0.59 0.88 0.98 0.6 0.75 1.0 1.0 0.61 0.76 0.97 1.0 0.96 1.0 0.66 0.96 1.0 0.65 0.88 0.6 1.0 0.76 0.65 0.61 0.56 0.75 0.78 0.86 1.0 0.9 1.0 0.59 1.0 0.78 0.74 0.98 0.67 0.53 0.72 
0.99 1.0 0.69 0.92 0.66 1.0 0.6 0.8 0.55 1.0 1.0 0.68 0.81 0.52 1.0 1.0 1.0 0.99 0.69 0.53 0.58 0.65 0.66 1.0 0.83 1.0 0.54 0.95 1.0 0.77 0.55 1.0 0.65 0.95 0.8 1.0 0.94 1.0 0.6 0.85 0.81 0.58 0.67 0.91 1.0 0.71 0.92 0.88 0.65 0.93 0.52 1.0 0.66 0.81 0.91 0.54 0.55 0.97 0.73 0.55 1.0 0.93 1.0 1.0 0.76 0.74 1.0 1.0 0.87 0.92 0.97 0.59 0.63 0.63 0.81 1.0 0.79 0.64 0.62 0.69 0.73 0.91 1.0 0.5 0.98 0.85 0.97 0.71 0.89 0.6 0.68 1.0 1.0 0.7 0.74 0.84 0.65 0.58 0.69 1.0 0.69 0.67 0.78 0.68 0.71 0.72 0.79 0.9 1.0 0.59 0.61 0.59 0.88 0.88 0.8 0.51 1.0 0.61 0.81 0.84 0.77 1.0 0.62 0.69 0.83 0.72 0.79 1.0 0.58 0.93 0.69 0.54 0.93 0.55 1.0 1.0 0.85 0.76 0.68 0.59 0.62 0.53 0.54 0.57 0.77 1.0 0.63 0.91 0.92 0.93 0.58 0.98 0.51 1.0 0.78 0.82 1.0 1.0 0.57 0.88 
0.6 0.33 0.22 0.19 0.15 0.35 0.21 0.29 0.19 0.15 0.54 0.2 0.29 0.28 0.57 0.27 0.36 0.19 0.2 0.21 0.12 0.11 0.18 0.26 0.3 0.25 0.23 0.26 0.28 0.38 0.27 0.21 0.11 0.58 0.41 0.42 0.59 0.92 0.22 0.43 0.45 0.22 0.29 0.6 0.21 0.47 0.54 0.4 0.3 0.26 0.2 0.29 0.34 0.33 0.54 0.3 0.12 0.25 0.32 0.32 0.4 0.27 0.32 0.55 0.21 0.34 0.55 0.51 0.13 0.4 0.55 0.32 0.17 0.24 0.44 0.47 0.2 0.23 0.23 0.15 0.32 0.35 0.25 0.21 0.16 0.48 0.23 0.21 0.5 0.15 0.18 0.15 0.41 0.36 0.3 0.35 0.19 0.22 0.29 0.3 0.24 0.28 0.22 0.3 0.33 0.2 0.31 0.23 0.47 0.27 0.28 0.27 0.44 0.21 0.26 0.17 0.56 0.32 0.37 0.28 0.3 0.32 0.16 0.12 0.52 0.14 0.45 0.41 0.28 0.24 0.24 0.14 0.34 0.26 0.21 0.24 0.38 0.16 0.2 0.17 0.29 0.33 0.2 0.21 0.24 0.38 0.41 0.22 0.48 0.51 0.23 0.26 0.23 0.23 0.25 0.45 0.39 0.18 0.1 0.39 
1248.19 1673.34 1299.78 994.52 1281.87 1223.39 945.75 492.96 2138.65 863.31 1499.72 1516.32 1205.65 534.1 1459.0 1721.96 1525.59 1192.52 1456.34 1592.69 1100.84 1380.24 1200.25 1720.28 1554.35 536.2 1530.57 1577.78 1441.42 1417.4 808.83 1568.94 1188.01 908.84 1464.77 1869.08 913.46 1178.81 1353.39 1136.09 1674.85 1793.69 1198.26 1457.66 1253.99 1229.89 500.97 502.53 1366.49 1668.42 1013.93 1190.54 1675.63 1611.84 536.64 1322.8 1299.95 1651.42 1829.06 1530.92 1007.71 1535.44 1157.26 1065.67 1330.1 1625.73 1279.58 871.69 1472.9 1524.79 1367.95 1080.63 1342.62 1104.96 1722.28 1234.13 1151.94 1644.7 1348.13 1674.92 1659.46 1302.12 1439.13 807.2 1862.64 1660.91 915.86 1232.28 1140.5 1592.16 1238.05 1164.54 1340.93 1835.79 1545.78 1550.05 1014.29 1122.18 1859.93 1208.37 1304.15 1314.23 1475.72 1351.97 1299.96 1261.92 1818.74 1877.79 2141.06 1171.85 1350.07 963.59 1147.5 1242.49 1194.11 562.95 1267.57 1376.11 1271.05 1239.09 1055.31 1452.1 854.0 1397.25 1467.46 1248.01 855.12 1199.09 1422.48 1683.48 1807.92 1670.96 2040.79 859.28 1773.33 1511.05 893.67 1266.52 1215.24 796.88 511.65 2211.28 1758.19 1964.25 1067.4 1826.5 1508.42 1195.95 1238.61 1152.77 549.59 544.51 1440.39 1478.28 1622.93 1788.57 1273.44 1373.86 489.66 1231.94 
775.82 619.29 309.17 193.88 194.83 406.04 228.6 149.2 329.66 102.77 814.48 263.24 329.31 143.03 796.83 390.42 556.14 266.4 270.88 327.09 144.14 184.09 212.46 557.43 447.82 115.09 325.64 428.73 395.05 561.72 196.42 333.98 122.05 515.66 533.05 877.38 535.79 1073.3 271.23 470.29 666.82 374.38 341.54 853.51 275.1 574.31 263.83 177.98 478.04 461.03 204.96 326.57 590.52 478.36 282.8 451.03 146.99 421.95 540.12 509.72 419.92 366.15 380.37 593.92 248.18 501.97 639.9 464.6 261.88 690.57 772.82 285.86 209.7 282.13 682.43 589.32 187.11 360.3 320.26 300.79 522.13 457.82 327.44 159.81 318.77 770.71 206.5 275.3 598.12 146.88 213.02 191.78 612.84 710.89 432.45 511.71 228.76 252.9 597.93 373.52 334.59 321.19 200.24 396.27 395.32 249.15 590.55 483.19 915.32 336.32 393.16 262.42 496.93 297.74 316.44 105.33 683.08 466.06 412.96 381.68 366.3 462.06 131.26 158.33 767.97 108.84 321.95 502.12 424.11 421.87 344.72 236.93 724.62 266.62 361.77 387.34 338.61 224.39 227.4 153.22 144.47 650.71 425.11 424.67 268.33 728.19 632.52 302.38 594.15 568.78 118.25 151.64 256.98 285.58 375.65 837.95 455.84 212.81 33.91 428.82 
5740.96 7866.71 5998.9 4472.58 5909.34 5616.95 4228.77 1964.8 10193.26 3816.56 6998.6 7081.62 5528.24 2170.49 6795.02 8109.79 7127.93 5462.6 6781.71 7463.43 5004.22 6401.19 5501.27 8101.41 7271.76 2180.98 7152.83 7388.91 6707.09 6587.01 3544.14 7344.72 5440.05 4044.22 6823.85 8845.4 4067.32 5394.04 6266.97 5180.44 7874.23 8468.44 5491.31 6788.32 5769.96 5649.45 2004.86 2012.65 6332.47 7842.11 4569.64 5452.7 7878.16 7559.21 2183.22 6113.99 5999.76 7757.12 8645.31 7154.61 4538.57 7177.19 5286.32 4828.34 6150.5 7628.67 5897.89 3858.47 6864.5 7123.96 6339.77 4903.13 6213.11 5024.79 8111.41 5670.67 5259.69 7723.52 6240.66 7874.6 7797.29 6010.6 6695.65 3536.01 8813.22 7804.54 4079.31 5661.4 5202.48 7460.79 5690.26 5322.71 6204.63 8678.97 7228.92 7250.25 4571.44 5110.91 8799.66 5541.87 6020.77 6071.13 6878.62 6259.86 5999.81 5809.59 8593.72 8888.94 10205.32 5359.26 6250.37 4317.95 5237.49 5712.47 5470.53 2314.77 5837.83 6380.55 5855.24 5695.44 4776.53 6760.48 3769.98 6486.24 6837.28 5740.03 3775.6 5495.47 6612.4 7917.41 8539.58 7854.78 9703.93 3796.39 8366.64 7055.27 3968.37 5832.6 5576.21 3484.41 2058.27 10556.38 8290.94 9321.26 4837.0 8632.52 7042.09 5479.76 5693.03 5263.87 2247.95 2222.57 6701.93 6891.39 7614.66 8442.86 5867.22 6369.29 1948.28 5659.68 
3379.08 2596.46 1045.87 469.4 474.15 1530.22 642.99 246.01 1148.28 13.84 3572.41 816.19 1146.55 215.14 3484.16 1452.08 2280.72 832.0 854.4 1135.46 220.69 420.47 562.28 2287.15 1739.09 75.44 1128.2 1643.64 1475.23 2308.59 482.09 1169.9 110.26 2078.3 2165.23 3886.92 2178.94 4866.5 856.16 1851.46 2834.08 1371.9 1207.68 3767.56 875.52 2371.53 819.14 389.88 1890.18 1805.17 524.82 1132.83 2452.58 1891.82 914.02 1755.14 234.96 1609.75 2200.59 2048.59 1599.61 1330.73 1401.87 2469.6 740.89 2009.83 2699.48 1822.99 809.38 2952.85 3364.12 929.32 548.48 910.65 2912.13 2446.62 435.56 1301.49 1101.31 1003.97 2110.64 1789.08 1137.22 299.04 1093.86 3353.54 532.52 876.52 2490.62 234.42 565.09 458.88 2564.21 3054.47 1662.23 2058.54 643.82 764.52 2489.67 1367.58 1172.94 1105.96 501.21 1481.33 1476.59 745.74 2452.75 1915.97 4076.59 1181.58 1465.82 812.1 1984.63 988.72 1082.21 26.67 2915.42 1830.28 1564.82 1408.38 1331.52 1810.29 156.29 291.66 3339.84 44.21 1109.74 2010.58 1620.53 1609.36 1223.62 684.65 3123.08 833.12 1308.87 1436.7 1193.07 621.96 636.99 266.09 222.34 2753.54 1625.54 1623.35 841.66 3140.96 2662.59 1011.89 2470.73 2343.91 91.23 258.18 784.91 927.88 1378.23 3689.77 1779.2 564.07 -330.43 1644.08 
75.67 82.02 84.69 148.51 78.7 166.27 78.68 120.69 116.58 153.42 169.02 73.5 82.49 157.03 88.36 135.32 90.12 76.93 90.12 172.98 76.94 76.98 89.69 159.05 87.93 160.1 90.47 80.78 87.93 167.67 78.82 152.07 86.56 68.56 76.79 78.23 69.11 166.51 85.9 165.36 79.21 77.84 86.27 148.84 140.93 115.47 82.75 86.59 168.25 73.39 144.8 73.94 164.13 158.18 82.63 76.3 89.81 112.06 79.12 75.94 108.53 90.28 140.17 107.12 89.45 168.1 84.3 67.83 74.26 77.27 180.04 75.41 186.89 77.07 133.8 150.69 77.88 76.59 143.96 172.37 84.05 190.13 88.63 146.51 80.08 76.79 108.56 85.39 83.61 75.49 150.56 95.5 89.45 78.5 73.32 89.3 147.22 82.43 79.24 84.93 88.67 89.5 156.59 153.37 76.06 85.24 77.64 149.36 77.83 89.27 93.46 71.99 77.54 86.63 86.06 168.99 83.76 77.41 182.61 78.03 144.78 72.82 140.59 89.68 132.17 175.34 74.78 73.2 152.15 159.44 76.15 161.38 77.8 69.81 76.44 90.52 82.07 156.58 67.44 149.2 84.41 79.68 177.98 79.1 170.85 91.76 161.36 134.68 80.97 77.38 78.79 84.65 154.7 73.2 167.93 76.23 74.84 85.33 172.49 85.06 
5 5 6 15 5 17 5 11 11 16 18 5 5 16 6 12 6 5 6 18 5 5 6 17 6 17 6 5 6 17 5 16 6 4 5 5 4 17 6 17 5 5 6 15 13 10 5 6 18 5 15 5 17 16 5 5 6 10 5 5 10 6 15 10 6 18 6 4 5 5 19 5 20 5 12 16 5 5 15 18 6 20 6 15 5 5 10 6 5 5 16 6 6 5 5 6 15 5 5 6 6 6 16 16 5 6 5 16 5 6 6 5 5 6 6 18 5 5 19 5 15 5 15 6 12 18 5 5 16 17 5 17 5 4 5 6 5 16 4 15 6 5 19 5 18 6 17 12 5 5 5 6 16 5 17 5 5 6 18 6 
76 0 41 38 73 43 23 119 53 14 65 0 78 28 71 65 17 105 104 87 102 67 22 69 69 11 13 75 26 73 94 89 57 80 36 59 41 9 29 103 52 51 70 32 15 23 74 69 39 41 99 10 60 15 39 89 7 118 96 29 80 87 83 4 38 78 37 25 36 86 108 70 24 31 118 42 62 82 55 42 23 27 28 26 87 22 64 27 74 73 12 78 70 75 26 21 41 88 20 93 20 96 50 34 117 90 20 80 111 12 93 64 6 27 7 22 116 83 48 45 104 107 90 91 60 82 45 111 87 119 22 35 53 113 29 27 24 104 95 106 20 103 68 41 104 80 57 17 119 114 104 11 96 79 117 118 64 27 76 92 
99 53 120 120 120 120 120 120 92 120 120 112 120 52 104 120 55 120 120 120 120 120 55 120 120 98 99 120 95 101 120 116 94 120 98 120 120 73 72 120 120 73 120 90 83 120 120 115 120 120 120 99 111 58 117 120 120 120 120 120 120 120 108 80 113 98 120 37 74 105 120 120 42 120 120 120 113 103 79 96 64 120 120 120 120 66 120 47 120 93 24 120 86 113 82 63 120 120 108 120 76 120 120 120 120 120 120 108 120 106 120 120 57 120 73 82 120 120 120 120 120 120 120 120 120 120 106 120 120 120 99 120 120 120 120 95 92 120 120 120 106 120 120 86 120 120 120 46 120 120 120 101 120 95 120 120 120 102 89 120 
5
0.0 0.0 0.0 0.0 0.0 
100.0 100.0 0.0 0.0 0.0 
0 0 7 7 7 4 8 2 5 5 4 4 7 8 4 2 4 5 0 5 9 6 5 6 1 3 6 4 4 3 3 4 4 6 2 4 3 6 4 5 7 4 6 6 1 5 4 7 3 9 6 4 6 6 6 3 4 5 2 3 5 6 7 5 7 8 7 4 8 7 3 5 5 7 5 3 6 4 5 7 5 5 5 4 1 6 5 2 5 5 4 8 4 6 8 6 8 2 5 8 6 4 6 4 8 5 6 5 1 3 4 6 5 6 3 2 6 6 5 4 2 3 5 4 7 3 3 2 3 7 6 8 7 4 4 6 5 5 5 5 4 6 6 6 4 4 6 5 6 3 6 3 7 6 6 8 6 6 6 5 6 4 3 5 5 
0 0 7 7 7 4 8 2 5 5 4 4 7 8 4 2 4 5 0 5 9 6 5 6 1 3 6 4 4 3 3 4 4 6 2 4 3 6 4 5 7 4 6 6 1 5 4 7 3 9 6 4 6 6 6 3 4 5 2 3 5 6 7 5 7 8 7 4 8 7 3 5 5 7 5 3 6 4 5 7 5 5 5 4 1 6 5 2 5 5 4 8 4 6 8 6 8 2 5 8 6 4 6 4 8 5 6 5 1 3 4 6 5 6 3 2 6 6 5 4 2 3 5 4 7 3 3 2 3 7 6 8 7 4 4 6 5 5 5 5 4 6 6 6 4 4 6 5 6 3 6 3 7 6 6 8 6 6 6 5 6 4 3 5 5 
7 7 0 0 0 6 6 6 1 7 2 6 7 7 2 4 3 2 6 3 7 4 7 8 6 5 6 3 3 4 3 3 3 6 4 4 4 2 3 5 5 3 3 6 6 6 7 6 4 7 9 7 4 0 2 4 3 4 5 5 8 6 8 2 4 6 5 5 7 7 3 5 2 4 2 3 8 5 5 7 4 3 3 2 5 7 1 6 2 3 4 6 6 3 6 4 6 6 6 5 7 3 6 4 5 5 7 2 6 6 3 6 1 3 4 6 6 5 7 3 4 4 2 3 6 3 6 4 5 9 1 6 5 4 2 5 1 4 5 5 3 6 1 7 2 4 4 2 7 7 2 7 7 8 3 5 4 3 4 4 2 7 5 4 2 
7 7 0 0 0 6 6 6 1 7 2 6 7 7 2 4 3 2 6 3 7 4 7 8 6 5 6 3 3 4 3 3 3 6 4 4 4 2 3 5 5 3 3 6 6 6 7 6 4 7 9 7 4 0 2 4 3 4 5 5 8 6 8 2 4 6 5 5 7 7 3 5 2 4 2 3 8 5 5 7 4 3 3 2 5 7 1 6 2 3 4 6 6 3 6 4 6 6 6 5 7 3 6 4 5 5 7 2 6 6 3 6 1 3 4 6 6 5 7 3 4 4 2 3 6 3 6 4 5 9 1 6 5 4 2 5 1 4 5 5 3 6 1 7 2 4 4 2 7 7 2 7 7 8 3 5 4 3 4 4 2 7 5 4 2 
7 7 0 0 0 6 6 6 1 7 2 6 7 7 2 4 3 2 6 3 7 4 7 8 6 5 6 3 3 4 3 3 3 6 4 4 4 2 3 5 5 3 3 6 6 6 7 6 4 7 9 7 4 0 2 4 3 4 5 5 8 6 8 2 4 6 5 5 7 7 3 5 2 4 2 3 8 5 5 7 4 3 3 2 5 7 1 6 2 3 4 6 6 3 6 4 6 6 6 5 7 3 6 4 5 5 7 2 6 6 3 6 1 3 4 6 6 5 7 3 4 4 2 3 6 3 6 4 5 9 1 6 5 4 2 5 1 4 5 5 3 6 1 7 2 4 4 2 7 7 2 7 7 8 3 5 4 3 4 4 2 7 5 4 2 
4 4 6 6 6 0 3 2 5 1 4 0 3 4 4 3 3 4 4 3 4 2 1 1 3 2 2 3 3 2 4 3 3 1 3 1 3 4 3 2 4 3 3 2 4 0 0 3 4 4 2 0 3 5 4 3 3 3 4 1 1 1 2 4 3 4 3 0 3 2 3 1 4 4 4 4 1 1 1 3 2 3 3 4 3 1 4 1 4 2 1 4 0 4 3 3 4 2 1 4 1 4 1 2 4 1 1 4 3 1 2 1 5 3 2 2 2 2 0 3 3 2 3 4 2 4 1 3 2 2 5 4 4 1 4 2 4 2 2 1 2 2 5 1 4 2 3 4 2 1 4 1 3 2 4 4 3 3 2 2 4 0 1 2 4 
8 8 6 6 6 3 0 5 5 4 5 4 2 0 5 6 4 4 7 4 1 1 4 3 6 4 1 4 4 4 5 4 4 2 5 4 5 3 3 2 1 4 2 1 7 3 4 0 5 1 4 4 1 5 3 4 4 2 6 4 4 2 3 4 1 0 1 3 1 1 5 2 4 1 4 5 3 3 2 2 3 3 3 5 6 3 4 5 4 3 3 0 3 3 0 2 0 5 2 0 2 5 2 3 0 2 3 4 6 5 4 2 5 3 4 5 1 1 3 4 5 4 4 5 1 6 5 6 5 4 4 0 0 3 5 1 4 3 2 2 4 1 5 2 5 4 1 5 2 5 3 5 2 4 3 0 1 2 1 2 3 4 4 2 3 
2 2 6 6 6 2 5 0 5 3 3 2 5 6 3 1 3 4 1 3 6 4 2 4 0 1 4 3 2 1 3 2 2 3 1 2 1 5 3 3 5 3 4 4 1 2 2 5 2 6 4 2 4 5 4 2 3 4 2 1 3 3 5 4 5 6 5 2 5 4 2 3 4 5 4 2 4 2 2 5 3 3 3 3 1 3 4 0 4 3 2 6 2 5 5 4 6 0 3 6 4 3 3 2 5 3 4 4 1 0 2 3 4 4 1 0 4 4 3 3 1 1 3 3 4 2 0 1 1 4 5 6 5 2 3 4 4 3 3 3 2 4 5 4 3 2 4 4 4 1 4 1 5 4 4 6 4 4 4 3 4 2 1 3 4 
5 5 1 1 1 5 5 5 0 6 1 5 7 6 1 3 2 1 5 2 6 4 6 7 5 3 5 2 2 3 1 2 2 5 3 3 3 2 2 4 4 2 3 5 4 5 6 5 2 6 8 6 4 0 2 2 2 3 3 4 7 6 7 1 4 6 4 4 6 6 2 4 1 4 1 2 7 4 4 7 3 2 3 1 4 6 0 5 1 3 3 6 5 2 5 3 5 5 5 5 6 1 5 3 5 4 6 1 5 5 2 5 0 2 3 5 6 5 6 2 3 3 1 1 6 2 5 3 3 8 1 6 5 3 1 4 1 3 4 4 2 5 0 6 1 2 4 1 6 5 2 6 7 7 2 5 4 3 4 3 2 6 4 3 2 
5 5 7 7 7 1 4 3 6 0 5 0 2 4 5 4 4 5 5 4 4 3 0 0 3 3 2 4 4 3 5 4 4 2 4 2 4 5 4 2 4 4 4 2 4 1 1 3 5 4 1 0 3 6 5 4 4 3 5 2 0 1 2 5 4 4 4 1 3 2 4 2 5 4 5 5 1 2 1 2 3 4 4 5 4 1 5 2 5 3 2 4 1 5 4 4 4 3 1 4 1 5 1 3 4 2 1 5 4 2 3 1 6 4 3 3 2 2 0 4 3 3 4 5 2 5 2 4 3 1 6 4 4 2 5 3 5 3 2 2 3 2 6 1 5 3 3 5 2 1 5 1 2 1 5 4 4 4 3 3 5 0 2 3 4 
4 4 2 2 2 4 5 3 1 5 0 4 6 5 0 2 1 1 3 0 6 3 5 5 3 2 4 0 0 2 0 0 1 4 1 2 1 2 1 3 4 0 2 4 3 4 4 5 1 6 6 4 3 1 2 1 0 2 2 2 5 4 6 1 3 5 4 3 5 5 0 3 1 3 1 1 5 3 3 6 2 1 2 0 3 5 1 4 0 1 2 5 4 2 5 3 5 3 4 5 5 0 4 2 4 3 5 0 3 3 1 4 1 2 1 3 5 4 4 0 2 1 0 0 5 1 4 2 2 6 1 5 4 2 0 3 1 2 3 3 1 4 1 5 0 1 3 0 5 4 2 4 6 6 2 5 3 2 3 2 1 4 3 2 1 
4 4 6 6 6 0 4 2 5 0 4 0 3 4 4 3 3 4 4 3 4 3 0 1 3 2 2 3 3 2 4 3 3 1 3 2 3 4 3 2 4 3 4 2 3 0 0 3 4 5 2 0 3 6 4 3 3 3 4 1 1 1 2 4 3 4 3 1 3 2 3 1 4 4 4 4 1 1 1 3 2 3 3 4 3 1 5 1 4 3 2 4 0 4 4 3 4 2 1 4 2 4 1 2 4 1 1 4 3 1 3 1 5 4 2 2 2 2 0 3 3 2 3 4 2 4 1 3 2 2 5 4 4 2 4 3 5 2 2 1 3 2 5 2 4 2 3 4 2 1 4 0 3 2 4 4 3 3 3 2 4 0 1 3 4 
7 7 7 7 7 3 2 5 7 2 6 3 0 1 6 6 4 5 7 5 2 3 2 1 6 4 1 5 5 4 6 5 4 1 5 4 5 4 4 2 3 5 4 1 6 2 3 2 6 2 2 3 2 7 4 5 5 3 6 4 3 1 0 5 3 1 2 3 1 0 6 2 5 3 5 6 1 3 2 0 3 4 4 6 6 1 6 4 5 4 3 2 2 4 2 3 2 5 1 2 1 5 1 3 2 2 1 5 6 4 4 1 6 4 5 5 1 1 2 5 5 4 5 6 0 6 4 6 5 2 6 2 2 3 6 2 6 4 2 2 4 1 7 1 6 4 3 6 0 4 4 4 0 2 4 2 3 4 3 3 5 3 4 3 5 
8 8 7 7 7 4 0 6 6 4 5 4 1 0 6 6 4 5 7 4 0 2 4 3 7 5 1 5 5 5 6 5 4 2 6 4 6 4 4 2 1 4 3 1 7 3 4 0 6 0 4 4 2 6 4 5 5 3 7 4 4 2 2 5 2 0 1 4 0 1 6 3 4 2 5 6 3 3 3 1 3 4 3 6 7 3 5 5 5 3 4 0 3 3 0 3 0 6 2 1 2 5 2 4 1 3 3 5 7 5 5 2 6 3 5 6 1 1 3 5 6 5 5 6 1 6 5 6 5 3 5 0 1 3 5 2 5 3 2 3 4 1 6 2 6 4 2 5 2 5 4 5 1 4 4 1 2 3 2 3 4 4 4 3 4 
4 4 2 2 2 4 5 3 1 5 0 4 6 6 0 2 1 2 3 1 6 4 5 6 3 2 5 1 1 2 0 1 1 4 2 2 1 3 2 3 5 1 3 5 3 4 5 5 1 7 7 5 4 1 2 1 1 3 2 3 6 5 7 1 4 6 4 3 6 6 1 4 2 4 2 1 6 3 4 6 3 2 2 0 3 6 1 4 1 2 3 6 4 3 5 3 6 3 5 5 5 0 5 2 5 4 6 1 3 3 1 5 1 2 2 3 5 4 5 1 2 2 1 0 5 1 4 2 2 7 2 6 5 3 0 4 1 2 3 4 2 5 1 5 0 2 4 1 6 4 2 4 6 6 3 5 4 3 4 3 2 5 3 3 2 
2 2 4 4 4 3 6 1 3 4 2 3 6 6 2 0 2 3 1 2 7 4 4 5 1 1 5 2 1 1 1 1 2 4 0 2 0 4 2 3 5 2 4 5 1 3 3 5 0 7 6 3 4 3 3 1 2 3 0 2 4 4 6 2 5 6 5 3 6 5 1 3 3 5 3 0 5 2 3 6 3 2 3 2 0 5 3 2 2 3 2 7 3 4 6 4 6 1 4 6 5 1 4 2 6 3 5 2 1 2 1 4 3 3 1 1 5 4 4 2 0 1 2 1 5 0 2 0 1 6 3 6 5 2 2 4 3 2 3 3 2 5 3 5 2 2 4 2 5 3 4 3 6 5 4 6 4 3 4 3 3 3 2 3 3 
4 4 3 3 3 3 4 3 2 4 1 3 4 4 1 2 0 1 3 0 5 2 4 4 3 1 3 0 0 1 1 0 0 3 1 1 1 2 0 2 3 0 2 3 3 3 3 3 1 5 5 3 2 2 1 1 0 1 2 1 4 3 5 0 2 4 3 2 4 4 1 2 1 2 1 1 4 2 2 4 1 0 1 1 3 4 1 3 1 0 1 4 3 2 4 2 4 3 3 4 3 1 3 1 3 2 4 1 3 2 0 3 2 1 1 3 3 3 3 0 1 1 0 1 4 2 3 2 1 5 2 4 3 1 1 2 1 0 2 2 0 3 2 3 1 0 2 1 4 3 1 3 4 5 1 4 2 1 2 1 1 3 2 1 1 
5 5 2 2 2 4 4 4 1 5 1 4 5 5 2 3 1 0 5 1 5 2 5 5 4 3 4 1 1 2 2 1 1 3 3 2 2 1 1 2 3 1 1 3 4 4 5 4 2 5 7 5 2 1 0 2 1 1 4 3 6 4 6 0 2 4 3 3 4 4 2 3 0 2 0 2 5 3 3 5 2 1 1 1 4 5 0 4 0 1 2 4 4 1 4 1 4 4 4 4 4 1 4 2 3 3 5 0 4 4 2 4 1 1 2 4 4 3 5 1 3 2 0 2 4 2 4 3 3 6 0 4 3 2 1 2 0 1 2 3 1 4 1 4 1 2 2 1 5 5 0 5 5 6 1 4 2 1 2 2 0 5 3 1 0 
0 0 6 6 6 4 7 1 5 5 3 4 7 7 3 1 3 5 0 4 8 5 4 5 1 2 6 3 3 2 3 3 3 5 2 3 2 6 4 5 7 4 5 6 0 4 4 7 2 8 6 4 6 5 5 2 4 5 1 3 5 5 7 4 6 7 6 3 7 6 2 4 5 6 5 2 5 4 4 7 4 4 4 3 0 5 4 2 4 4 3 8 4 6 7 5 7 1 5 7 6 3 5 4 7 4 5 4 0 2 3 5 4 5 2 1 6 5 5 4 2 3 4 3 6 2 2 1 2 6 5 7 7 4 4 5 5 4 5 4 3 6 5 6 3 3 5 4 6 3 5 3 7 6 5 7 6 5 5 4 5 4 3 5 5 
5 5 3 3 3 3 4 3 2 4 0 3 5 4 1 2 0 1 4 0 5 2 4 5 3 2 3 0 1 1 1 0 0 3 2 1 2 1 0 2 3 0 1 3 4 3 4 4 2 5 6 4 2 2 1 1 0 1 3 2 5 3 5 0 2 4 3 2 4 4 1 2 0 2 0 2 5 2 2 5 1 0 1 1 3 4 1 3 0 1 1 4 3 1 4 2 4 3 3 4 4 1 3 1 3 2 4 0 3 3 1 3 1 1 1 3 4 3 4 0 2 1 0 1 4 2 3 2 2 6 1 4 3 1 0 2 1 1 2 2 0 3 2 4 1 1 2 1 4 4 1 4 5 5 1 4 2 1 2 1 1 4 2 1 0 
9 9 7 7 7 4 1 6 6 4 6 4 2 0 6 7 5 5 8 5 0 2 4 4 7 5 2 5 6 5 6 5 5 3 6 5 6 4 4 3 1 5 3 2 8 4 5 1 7 0 5 5 2 6 4 6 5 3 7 5 5 3 3 5 2 0 2 4 1 2 6 3 5 2 5 6 4 4 3 2 4 4 4 6 7 3 5 6 5 4 4 0 4 4 1 3 0 6 3 1 2 6 3 4 1 3 3 5 7 6 5 3 6 4 5 6 2 2 4 5 6 5 5 6 2 7 6 7 6 4 5 0 1 4 6 2 5 4 3 3 5 2 6 2 6 5 2 6 2 6 4 5 2 4 4 1 2 3 2 3 4 5 5 3 4 
6 6 4 4 4 2 1 4 4 3 3 3 3 2 4 4 2 2 5 2 2 0 3 3 5 3 1 2 3 2 4 2 2 1 3 2 3 1 2 0 1 2 1 1 5 2 3 1 4 2 4 3 0 4 1 3 2 0 5 2 4 2 3 2 0 2 0 2 2 2 3 1 2 1 2 4 3 2 1 2 1 1 1 3 5 2 3 4 3 1 1 2 2 1 1 0 2 4 2 1 2 3 1 1 1 1 3 2 5 3 2 2 3 1 3 4 2 1 3 2 3 2 2 3 2 4 4 4 3 4 3 2 1 1 3 0 3 1 0 1 2 1 4 2 3 2 0 3 2 4 1 3 3 4 1 1 0 1 0 0 2 3 3 0 2 
5 5 7 7 7 1 4 2 6 0 5 0 2 4 5 4 4 5 4 4 4 3 0 1 3 3 2 4 4 3 5 4 4 2 4 2 4 5 4 2 4 4 4 3 4 1 0 4 5 5 1 0 3 6 5 4 4 4 5 2 0 1 2 5 4 4 4 1 3 2 4 2 5 4 5 5 1 2 2 3 3 4 4 5 4 1 5 2 5 3 3 5 1 5 4 4 4 3 1 4 2 5 2 3 4 2 1 5 4 2 3 2 6 4 3 3 2 2 0 4 3 3 4 5 2 5 2 4 3 1 6 4 4 2 5 3 5 3 3 2 3 2 6 2 5 3 3 5 2 1 5 1 3 1 5 4 4 4 3 3 5 0 2 3 5 
6 6 8 8 8 1 3 4 7 0 5 1 1 3 6 5 4 5 5 5 4 3 1 0 4 4 2 4 5 4 6 4 4 1 4 3 5 5 4 2 4 4 4 2 5 1 1 3 5 4 1 1 3 7 5 4 5 4 5 3 1 1 1 5 4 3 4 2 2 2 5 2 5 4 5 5 0 2 2 1 3 4 4 6 5 0 6 3 5 4 3 4 1 5 3 4 4 4 1 4 1 5 1 3 4 2 0 5 5 3 4 1 6 4 4 4 1 2 0 5 4 4 5 6 2 6 3 5 4 1 6 3 4 3 5 3 6 4 3 2 4 2 7 1 6 4 3 6 1 2 5 2 1 0 5 4 4 4 3 3 5 1 3 4 5 
1 1 6 6 6 3 6 0 5 3 3 3 6 7 3 1 3 4 1 3 7 5 3 4 0 1 5 3 3 2 3 3 3 4 1 2 2 5 3 4 6 3 5 5 0 3 2 6 2 7 5 3 5 5 5 2 3 4 1 2 4 4 6 4 5 7 6 3 6 5 2 4 4 6 4 2 4 3 3 6 3 4 4 3 0 4 4 1 4 4 3 7 3 5 6 5 6 0 4 6 5 3 4 3 6 3 4 4 0 1 3 4 4 5 2 0 5 5 3 3 1 2 3 3 5 2 1 1 1 5 5 6 6 3 3 5 5 3 4 4 3 5 5 5 3 3 5 4 5 2 5 2 6 4 5 6 5 4 5 4 5 3 2 4 4 
3 3 5 5 5 2 4 1 3 3 2 2 4 5 2 1 1 3 2 2 5 3 3 4 1 0 3 1 1 0 2 1 1 3 0 0 0 3 1 2 4 2 3 3 2 2 2 4 1 6 5 2 3 4 3 0 1 2 2 0 3 3 4 2 3 5 4 1 5 4 1 2 2 4 3 1 4 1 2 4 1 2 2 2 1 3 3 1 2 2 1 5 2 3 4 3 5 1 3 5 3 1 3 1 4 2 3 2 1 1 1 3 3 3 0 1 3 3 3 1 0 0 2 2 4 1 1 1 0 5 3 5 4 1 2 3 3 1 2 2 1 3 4 3 2 1 3 2 4 2 3 2 5 4 3 5 3 3 3 2 3 2 1 2 2 
6 6 6 6 6 2 1 4 5 2 4 2 1 1 5 5 3 4 6 3 2 1 2 2 5 3 0 3 4 3 5 3 3 0 4 3 4 3 3 1 2 3 2 0 6 2 3 1 5 2 3 3 1 5 3 4 3 2 5 3 3 1 2 4 1 1 1 2 1 0 4 1 3 2 4 5 2 2 1 1 2 3 2 5 5 1 4 4 4 2 2 2 2 3 1 2 1 4 1 1 0 4 0 2 1 1 2 4 5 3 3 0 5 3 3 4 0 0 2 4 4 3 4 5 0 5 4 5 4 3 4 1 1 2 4 1 4 2 1 1 3 0 5 0 5 3 1 4 0 3 3 3 1 3 3 1 1 2 1 2 3 2 3 2 3 
4 4 3 3 3 3 4 3 2 4 0 3 5 5 1 2 0 1 3 0 5 2 4 4 3 1 3 0 0 1 1 0 0 3 1 1 1 2 0 2 3 0 2 3 3 3 3 4 1 5 6 3 2 2 1 0 0 1 2 1 4 3 5 0 3 4 3 2 4 4 1 2 1 2 1 1 4 2 2 5 1 0 1 1 3 4 1 3 1 1 1 5 3 2 4 2 4 3 3 4 4 0 3 1 4 2 4 1 3 2 0 3 2 1 1 3 4 3 4 0 1 1 0 1 4 1 3 2 1 5 2 4 3 1 0 2 1 1 2 2 0 3 2 4 1 0 2 1 4 3 1 3 5 5 2 4 2 1 2 1 1 3 2 1 1 
4 4 3 3 3 3 4 2 2 4 0 3 5 5 1 1 0 1 3 1 6 3 4 5 3 1 4 0 0 1 0 0 0 3 1 1 1 2 1 2 4 0 2 4 3 3 4 4 1 6 6 4 3 2 2 0 0 2 2 1 5 4 5 1 3 5 4 2 5 4 0 3 1 3 1 0 5 2 3 5 2 1 1 1 2 4 1 3 1 1 1 5 3 2 5 3 5 3 4 5 4 0 4 1 4 2 5 1 3 2 0 4 1 2 1 2 4 3 4 0 1 1 0 0 4 1 3 1 1 6 2 5 4 2 0 3 1 1 2 2 0 4 2 4 1 0 3 1 4 3 2 3 5 5 2 5 3 2 3 2 2 4 2 2 1 
3 3 4 4 4 2 4 1 3 3 2 2 4 5 2 1 1 2 2 1 5 2 3 4 2 0 3 1 1 0 2 1 1 2 0 0 1 3 1 2 4 1 3 3 2 2 2 4 1 5 5 2 3 3 3 0 1 2 2 0 3 3 4 2 3 5 3 1 4 4 1 2 2 3 2 1 4 1 2 4 1 1 2 2 2 3 3 2 2 1 1 5 2 3 4 3 4 1 2 4 3 1 3 1 4 2 3 2 2 1 0 3 3 2 0 1 3 3 3 1 0 0 2 2 4 1 2 1 0 5 3 4 4 1 2 3 3 1 2 2 1 3 3 3 2 0 3 2 4 2 3 2 4 4 3 4 3 2 2 2 2 2 1 2 2 
3 3 3 3 3 4 5 3 1 5 0 4 6 6 0 1 1 2 3 1 6 4 5 6 3 2 5 1 0 2 0 1 1 4 1 2 1 3 2 3 5 1 3 5 3 4 4 5 0 7 7 4 4 2 2 1 1 3 1 2 5 5 6 1 4 6 4 3 6 5 0 4 2 4 2 0 6 3 4 6 3 2 2 0 2 5 1 3 1 2 2 6 4 3 5 3 6 3 4 5 5 0 5 2 5 3 6 1 3 3 1 5 1 3 1 3 5 4 5 1 1 2 1 0 5 0 4 1 2 7 2 6 5 3 1 4 2 2 3 3 1 5 2 5 0 1 4 1 5 4 3 4 6 6 3 5 4 3 4 3 2 4 3 3 2 
4 4 3 3 3 3 4 2 2 4 0 3 5 5 1 1 0 1 3 0 5 2 4 4 3 1 3 0 0 1 1 0 0 3 1 1 1 2 0 2 3 0 2 3 3 3 3 4 1 5 5 3 3 2 2 0 0 1 2 1 4 3 5 1 3 5 3 2 4 4 0 2 1 3 1 1 4 2 2 5 1 1 1 1 2 4 1 3 1 1 1 5 3 2 4 2 4 2 3 4 4 0 3 1 4 2 4 1 3 2 0 3 2 2 1 2 4 3 3 0 1 0 0 1 4 1 3 1 1 5 2 4 4 1 1 2 1 1 2 2 0 3 2 4 1 0 2 1 4 3 2 3 5 5 2 4 2 2 2 1 1 3 2 1 1 
4 4 3 3 3 3 4 2 2 4 1 3 4 4 1 2 0 1 3 0 5 2 4 4 3 1 3 0 0 1 1 0 0 3 1 1 1 2 0 2 3 0 2 3 3 2 3 4 1 5 5 3 2 2 1 0 0 1 2 1 4 3 5 1 2 4 3 2 4 4 1 2 1 2 1 1 4 1 2 4 1 0 1 1 2 4 1 3 1 1 1 5 2 2 4 2 4 3 3 4 3 1 3 0 4 2 4 1 3 2 0 3 2 1 1 2 3 3 3 0 1 0 0 1 4 2 3 2 1 5 2 4 3 1 1 2 1 0 2 2 0 3 2 3 1 0 2 1 4 3 1 3 4 5 2 4 2 1 2 1 1 3 2 1 1 
6 6 6 6 6 1 2 3 5 2 4 1 1 2 4 4 3 3 5 3 3 1 2 1 4 3 0 3 3 2 4 3 3 0 3 2 3 3 2 1 2 3 2 0 5 1 2 1 4 3 3 2 1 5 3 3 3 2 5 2 2 0 2 3 2 2 2 1 1 1 4 0 3 2 3 4 1 1 0 1 1 2 2 4 4 1 4 3 4 2 1 3 1 3 2 2 2 3 0 2 0 4 0 2 2 0 1 4 4 2 3 0 5 2 3 3 0 0 1 3 3 2 3 4 1 4 3 4 3 2 4 2 2 1 4 1 4 2 1 0 2 0 5 0 4 2 1 4 1 3 3 2 1 2 3 2 2 2 1 1 3 2 2 2 3 
2 2 4 4 4 3 5 1 3 4 1 3 5 6 2 0 1 3 2 2 6 3 4 4 1 0 4 1 1 0 1 1 1 3 0 1 0 3 2 3 5 2 3 4 1 3 3 5 0 6 5 3 4 3 3 0 1 3 1 1 4 4 5 2 4 6 4 2 5 5 1 3 2 4 3 1 4 2 2 5 2 2 2 2 1 4 3 2 2 2 1 6 3 4 5 3 5 1 3 5 4 1 4 1 5 2 4 2 1 1 1 4 3 3 0 1 4 4 3 1 0 0 2 1 4 1 2 0 0 5 3 5 5 2 2 3 3 2 3 3 1 4 3 4 2 1 3 2 4 2 3 2 5 5 3 5 4 3 3 2 3 3 1 3 2 
4 4 4 4 4 1 4 2 3 2 2 2 4 4 2 2 1 2 3 1 5 2 2 3 2 0 3 1 1 0 2 1 1 2 1 0 1 3 1 1 3 1 2 3 3 1 2 3 2 5 4 2 2 3 2 1 1 2 2 0 3 2 4 2 3 4 3 1 4 3 1 1 2 3 2 2 3 0 1 4 1 1 1 2 2 3 3 2 2 1 0 5 1 3 4 2 4 2 2 4 3 2 2 0 4 1 3 2 2 1 0 2 3 2 0 2 3 2 2 1 1 0 2 2 3 2 2 2 1 4 3 4 3 0 2 2 3 1 1 1 1 3 3 3 2 0 2 2 3 2 2 2 4 4 3 4 2 2 2 1 2 2 1 1 2 
3 3 4 4 4 3 5 1 3 4 1 3 5 6 1 0 1 2 2 2 6 3 4 5 2 0 4 1 1 1 1 1 1 3 0 1 0 3 1 3 5 1 3 4 2 3 3 5 0 6 6 3 4 3 3 0 1 3 1 1 4 4 5 2 4 6 4 2 5 5 0 3 2 4 2 0 5 2 3 5 2 2 2 1 1 4 2 2 2 2 2 6 3 3 5 3 5 2 3 5 4 1 4 2 5 3 4 2 1 2 1 4 2 3 0 1 4 4 4 1 0 1 1 1 5 1 2 0 0 6 3 5 5 2 1 3 2 2 3 3 1 4 3 4 1 1 3 2 5 3 3 3 5 5 3 5 4 3 3 2 3 3 2 2 2 
6 6 2 2 2 4 3 5 2 5 2 4 4 4 3 4 2 1 6 1 4 1 5 5 5 3 3 2 2 3 3 2 2 3 3 3 3 0 1 2 2 1 0 3 5 4 5 3 3 4 6 5 1 2 0 3 2 1 5 3 5 4 5 1 1 4 2 3 4 4 3 3 1 1 1 3 5 3 3 4 2 1 1 2 5 4 1 5 1 1 2 3 4 0 3 1 3 5 4 3 4 2 3 2 2 3 5 1 5 4 2 4 2 0 3 5 4 3 4 2 4 3 1 3 3 4 5 4 3 6 1 3 2 2 2 2 1 1 2 2 2 3 2 4 3 2 1 2 4 5 0 5 4 6 0 2 1 1 1 1 0 5 4 1 1 
4 4 3 3 3 3 3 3 2 4 1 3 4 4 2 2 0 1 4 0 4 2 4 4 3 1 3 0 1 1 2 0 0 2 2 1 1 1 0 1 3 0 1 3 3 3 3 3 2 4 5 3 2 2 1 1 0 1 3 1 4 3 5 0 2 4 2 2 4 3 1 2 1 2 1 2 4 1 2 4 1 0 0 1 3 4 1 3 1 0 1 4 3 1 3 1 4 3 3 3 3 1 3 0 3 2 4 1 3 2 0 3 2 1 1 3 3 2 3 0 2 1 0 1 3 2 3 2 2 5 2 4 3 1 1 2 1 0 1 2 0 3 2 3 1 0 1 1 4 3 1 3 4 5 1 3 2 1 2 1 1 3 2 1 0 
5 5 5 5 5 2 2 3 4 2 3 2 2 2 3 3 2 2 5 2 3 0 2 2 4 2 1 2 2 2 3 2 2 1 3 1 3 2 1 0 2 2 1 1 4 1 2 2 3 3 4 2 1 4 2 2 2 1 4 1 3 1 3 2 1 2 1 1 2 2 3 0 2 2 2 3 2 1 0 2 0 1 1 3 4 2 3 3 3 1 1 3 1 2 2 1 2 3 1 2 1 3 1 1 2 0 2 2 4 2 2 1 4 1 2 3 1 1 2 2 3 2 2 3 1 4 3 3 2 3 3 2 2 0 3 0 3 1 0 0 1 1 4 1 3 1 0 3 2 3 2 3 2 3 2 2 1 1 0 0 2 2 2 1 2 
7 7 5 5 5 4 1 5 4 4 4 4 3 1 5 5 3 3 7 3 1 1 4 4 6 4 2 3 4 4 5 3 3 2 5 3 5 2 3 2 0 3 1 1 6 3 5 1 5 2 5 4 1 4 2 4 3 2 6 4 5 3 4 3 0 1 0 3 2 2 4 2 3 0 3 5 4 3 3 3 2 2 2 4 6 3 3 5 3 2 3 1 3 2 1 1 1 5 3 0 3 4 2 3 0 2 4 3 6 5 3 2 4 2 4 5 2 1 4 3 5 4 3 5 2 5 5 5 4 5 3 1 0 2 4 1 3 2 2 2 3 2 4 3 5 3 1 4 3 5 2 5 3 5 2 0 1 1 1 2 2 4 4 2 2 
4 4 3 3 3 3 4 3 2 4 0 3 5 4 1 2 0 1 4 0 5 2 4 4 3 2 3 0 0 1 1 0 0 3 2 1 1 1 0 2 3 0 1 3 3 3 4 4 2 5 6 4 2 2 1 1 0 1 3 2 5 3 5 0 2 4 3 2 4 4 1 2 0 2 1 1 5 2 2 5 1 0 1 1 3 4 1 3 0 0 1 4 3 2 4 2 4 3 3 4 4 1 3 1 3 2 4 0 3 3 0 3 1 1 1 3 4 3 4 0 2 1 0 1 4 2 3 2 2 6 1 4 3 1 0 2 1 1 2 2 0 3 2 4 1 0 2 1 4 4 1 4 5 5 1 4 2 1 2 1 1 4 2 1 0 
6 6 3 3 3 3 2 4 3 4 2 4 4 3 3 4 2 1 5 1 3 1 4 4 5 3 2 2 2 3 3 2 2 2 3 2 3 0 1 1 1 1 0 2 5 3 4 2 3 3 6 4 1 3 0 3 2 0 5 3 5 3 4 1 1 3 1 3 3 3 3 2 1 0 1 3 4 2 2 4 1 1 1 3 5 4 2 5 2 1 2 3 3 0 2 0 2 4 3 2 3 2 3 2 2 2 4 2 5 4 2 3 3 0 3 4 3 2 4 2 3 3 2 3 3 4 4 4 3 5 2 2 1 2 2 1 2 1 1 2 2 2 3 3 3 2 1 2 3 4 0 4 4 5 0 2 0 0 1 1 1 4 3 1 1 
6 6 6 6 6 2 1 4 5 2 4 2 1 1 5 5 3 3 6 3 2 1 3 2 5 3 0 3 4 3 5 3 3 0 4 3 4 3 3 1 1 3 2 0 6 2 3 1 5 2 3 3 1 5 3 4 3 2 5 3 3 1 2 3 1 1 1 2 1 0 4 1 3 2 3 5 2 2 1 1 2 2 2 5 5 2 4 4 4 2 2 2 2 3 1 2 1 4 1 1 1 4 1 2 1 1 2 4 5 3 3 1 5 2 3 4 0 0 2 3 4 3 3 5 0 5 4 5 4 3 4 1 1 2 4 1 4 2 1 1 3 0 5 1 5 3 1 4 1 3 3 3 1 3 3 1 1 2 1 1 3 3 3 2 3 
1 1 6 6 6 4 7 1 4 4 3 3 6 7 3 1 3 4 0 4 8 5 4 5 0 2 6 3 3 2 3 3 3 5 1 3 2 5 3 4 6 3 5 6 0 4 3 6 2 8 6 3 5 5 5 2 3 4 1 2 4 5 6 4 6 7 6 3 7 6 2 4 4 6 4 2 5 3 4 6 4 4 4 3 0 5 4 2 4 4 3 8 4 5 7 5 7 1 5 7 5 3 5 3 7 4 5 4 0 2 3 5 4 5 2 1 5 5 4 3 1 2 4 3 6 2 2 1 2 6 5 7 6 3 3 5 4 4 4 4 3 6 5 5 3 3 5 4 6 2 5 3 7 5 5 7 5 5 5 4 5 3 2 4 4 
5 5 6 6 6 0 3 2 5 1 4 0 2 3 4 3 3 4 4 3 4 2 1 1 3 2 2 3 3 2 4 3 2 1 3 1 3 4 3 1 3 3 3 2 4 0 1 3 4 4 2 1 2 5 3 3 3 2 4 1 1 1 2 3 3 3 3 0 3 2 3 1 4 3 4 4 1 1 0 2 1 2 2 4 3 1 4 2 4 2 1 4 0 4 3 3 3 2 0 3 1 3 1 2 3 0 1 4 3 1 2 1 5 3 2 2 1 1 0 3 3 2 3 4 2 4 2 3 2 2 5 3 3 1 4 2 4 2 1 1 2 2 5 1 4 2 2 4 1 1 3 1 2 2 4 3 3 3 2 2 4 0 1 2 3 
4 4 7 7 7 0 4 2 6 1 4 0 3 4 5 3 3 5 4 4 5 3 0 1 2 2 3 3 4 2 4 3 3 2 3 2 3 5 3 2 5 4 4 3 3 1 0 4 4 5 2 0 4 6 4 3 4 3 4 2 1 2 3 4 4 4 4 1 4 3 4 2 4 5 5 4 2 1 1 3 2 3 3 5 3 2 5 1 5 3 2 5 1 5 4 4 5 2 2 5 2 4 2 2 4 2 2 5 3 1 3 2 5 4 2 2 2 3 1 4 3 2 4 4 3 4 1 3 2 2 6 4 4 2 4 3 5 3 3 2 3 3 6 2 5 3 3 5 2 0 5 0 3 2 5 5 4 4 3 3 5 0 1 3 4 
7 7 6 6 6 3 0 5 5 3 5 3 2 0 5 5 3 4 7 4 1 1 4 3 6 4 1 4 4 4 5 4 4 1 5 3 5 3 3 2 1 4 2 1 6 3 4 0 5 1 4 4 1 5 3 4 4 2 6 4 4 2 2 4 1 0 1 3 1 1 5 2 3 1 4 5 3 3 2 1 2 3 2 5 6 2 4 5 4 3 3 1 3 3 0 2 0 5 2 0 2 4 2 3 0 2 3 4 6 4 4 2 5 2 4 5 1 1 3 4 5 4 4 5 1 6 5 5 4 4 4 0 0 2 4 1 4 3 2 2 3 1 5 2 5 4 1 4 2 5 3 4 2 4 3 0 1 2 1 2 3 4 4 2 3 
3 3 4 4 4 4 5 2 2 5 1 4 6 6 1 0 1 2 2 2 7 4 5 5 2 1 5 1 1 1 0 1 1 4 0 2 0 3 2 3 5 2 3 5 2 4 4 5 0 7 6 4 4 3 3 1 1 3 1 2 5 4 6 2 4 6 5 3 6 5 0 3 2 4 2 0 5 3 3 6 2 2 2 1 1 5 2 3 2 2 2 6 4 4 6 4 6 2 4 6 5 1 4 2 5 3 5 2 2 2 1 4 2 3 1 2 5 4 4 1 1 1 2 0 5 0 3 0 1 6 3 6 5 2 1 4 2 2 3 3 1 5 3 5 1 1 4 1 5 3 3 3 6 6 3 6 4 3 4 3 3 4 2 3 2 
9 9 7 7 7 4 1 6 6 4 6 5 2 0 7 7 5 5 8 5 0 2 5 4 7 6 2 5 6 5 7 5 5 3 6 5 6 4 4 3 2 5 3 2 8 4 5 1 7 0 5 5 2 6 4 6 5 3 7 5 5 3 3 5 2 0 2 4 1 2 6 3 5 2 5 7 4 4 4 2 4 4 4 6 7 3 5 6 5 4 4 0 4 4 1 3 0 6 3 1 3 6 3 4 1 3 3 5 7 6 5 3 6 4 5 7 2 2 4 5 6 5 5 6 2 7 6 7 6 4 5 0 1 4 6 2 5 4 3 3 5 2 6 3 6 5 2 6 2 6 4 5 2 4 4 1 2 3 2 3 4 5 5 3 4 
6 6 9 9 9 2 4 4 8 1 6 2 2 4 7 6 5 7 6 6 5 4 1 1 5 5 3 6 6 5 7 5 5 3 5 4 6 6 5 4 5 6 6 3 6 2 2 4 6 5 0 2 4 8 6 5 6 5 6 4 1 2 1 6 5 4 5 3 3 3 6 3 6 5 7 6 1 3 3 2 4 5 5 7 6 1 7 4 7 5 4 5 2 6 4 5 5 4 2 5 2 6 2 4 5 3 1 7 5 4 5 2 8 6 5 4 2 3 1 6 5 5 6 7 3 7 3 6 5 0 7 4 5 4 7 4 7 5 4 3 5 3 8 2 7 5 4 7 2 3 6 3 2 0 6 5 5 5 4 4 6 2 4 5 6 
4 4 7 7 7 0 4 2 6 0 4 0 3 4 5 3 3 5 4 4 5 3 0 1 3 2 3 3 4 2 4 3 3 2 3 2 3 5 3 2 4 4 4 3 3 1 0 4 4 5 2 0 3 6 4 3 4 3 4 2 1 1 2 4 4 4 4 1 3 3 4 2 4 4 5 4 1 1 1 3 2 3 3 5 3 1 5 1 5 3 2 5 0 5 4 4 4 2 1 4 2 4 2 2 4 1 1 4 3 1 3 2 5 4 2 2 2 2 0 4 3 2 4 4 3 4 1 3 2 2 5 4 4 2 4 3 5 3 2 2 3 3 6 2 5 3 3 5 2 1 4 0 3 1 4 4 4 4 3 3 4 0 1 3 4 
6 6 4 4 4 3 1 4 4 3 3 3 2 2 4 4 2 2 6 2 2 0 3 3 5 3 1 2 3 3 4 3 2 1 4 2 4 1 2 1 1 2 1 1 5 2 4 1 4 2 4 3 0 4 2 3 2 1 5 3 4 2 3 2 0 2 0 2 2 2 3 1 2 1 2 4 3 2 2 2 1 1 1 4 5 3 3 4 3 1 2 2 2 1 1 0 1 4 2 1 2 3 2 2 1 1 3 3 5 3 2 2 4 1 3 4 2 1 3 2 4 3 2 4 1 4 4 4 3 4 3 1 1 1 3 0 3 1 1 1 2 1 4 2 4 2 0 3 2 4 1 4 2 4 1 1 0 1 0 1 2 3 3 1 2 
6 6 0 0 0 5 5 5 0 6 1 6 7 6 1 3 2 1 5 2 6 4 6 7 5 4 5 2 2 3 2 2 2 5 3 3 3 2 2 4 4 2 3 5 5 5 6 5 3 6 8 6 4 0 2 3 2 3 4 4 7 6 7 1 4 6 4 4 6 6 2 4 1 3 1 2 7 4 5 7 3 2 3 1 4 6 0 5 1 3 3 6 5 2 5 3 5 5 5 5 6 2 5 3 5 4 7 1 5 5 3 5 0 2 3 5 6 5 6 2 3 3 2 2 6 3 5 3 4 8 0 5 4 4 1 4 0 3 4 4 2 5 0 6 1 3 4 1 6 6 2 6 7 7 2 5 3 3 4 3 1 6 4 3 2 
6 6 2 2 2 4 3 4 2 5 2 4 4 4 2 3 1 0 5 1 4 1 5 5 5 3 3 1 2 3 2 2 1 3 3 2 3 0 1 2 2 1 0 3 5 3 4 3 3 4 6 4 2 2 0 2 1 1 4 3 5 3 5 1 2 4 2 3 4 4 2 2 0 1 0 3 5 3 3 4 2 1 1 2 4 4 1 4 1 1 2 4 3 0 3 1 3 4 3 3 4 2 3 2 3 2 5 1 5 4 2 3 2 0 3 4 4 3 4 1 3 2 1 2 3 3 4 3 3 6 1 3 2 2 1 2 1 1 2 2 1 3 2 4 2 2 1 1 4 4 0 4 4 6 0 3 1 0 1 1 0 4 3 1 0 
3 3 4 4 4 3 4 2 2 4 1 3 5 5 1 1 1 2 2 1 6 3 4 4 2 0 4 0 0 0 1 0 0 3 0 1 0 3 1 2 4 1 3 4 2 3 3 4 1 6 5 3 3 3 2 0 1 2 1 1 4 3 5 1 3 5 4 2 5 4 0 2 2 3 2 1 4 2 2 5 1 1 2 1 2 4 2 2 1 1 1 5 3 3 4 3 5 2 3 5 4 0 3 1 4 2 4 1 2 2 0 3 2 2 0 2 4 3 3 1 0 0 1 1 4 1 2 1 0 5 2 5 4 1 1 3 2 1 2 2 0 4 3 4 1 0 3 1 4 3 2 3 5 5 2 5 3 2 3 2 2 3 1 2 2 
4 4 3 3 3 3 4 3 2 4 0 3 5 5 1 2 0 1 4 0 5 2 4 5 3 1 3 0 0 1 1 0 0 3 1 1 1 2 0 2 3 0 2 3 3 3 4 4 1 5 6 4 2 2 1 1 0 1 2 2 5 3 5 0 3 5 3 2 4 4 1 2 1 2 1 1 5 2 2 5 1 0 1 1 3 4 1 3 0 1 1 5 3 2 4 2 4 3 3 4 4 0 3 1 4 2 4 0 3 3 0 3 1 1 1 3 4 3 4 0 2 1 0 1 4 2 3 2 2 6 1 4 3 1 0 2 1 1 2 2 0 3 2 4 1 0 2 1 4 3 1 3 5 5 1 4 2 1 2 1 1 4 2 1 0 
5 5 4 4 4 3 2 4 3 3 2 3 3 3 3 3 1 1 5 1 3 0 4 4 4 2 2 1 2 2 3 1 1 2 3 2 3 1 1 1 2 1 0 2 4 2 3 2 3 3 5 3 1 3 1 2 1 0 4 2 4 2 4 1 1 3 1 2 3 3 2 1 1 1 1 3 4 2 2 3 1 0 0 3 4 3 2 4 2 0 1 3 2 1 2 0 2 4 2 2 3 2 2 1 2 1 3 2 4 3 1 2 3 0 2 4 2 1 3 1 3 2 1 3 2 3 4 3 2 5 2 2 2 1 2 1 2 0 1 1 1 2 3 3 3 1 0 2 3 4 1 3 3 4 1 2 1 0 0 0 1 3 2 0 1 
2 2 5 5 5 4 6 2 3 5 2 4 6 7 2 0 2 4 1 3 7 5 5 5 1 2 5 2 2 2 1 2 2 5 1 2 1 5 3 4 6 3 5 5 1 4 4 6 1 7 6 4 5 4 4 1 2 4 0 2 5 5 6 3 5 7 5 3 7 6 1 4 3 5 4 1 6 3 4 6 3 3 3 2 0 5 3 2 3 3 3 7 4 5 6 5 7 2 5 7 5 2 5 3 6 4 5 3 1 2 2 5 3 4 1 1 5 5 4 2 1 2 3 2 6 1 3 0 1 6 4 7 6 3 2 5 3 3 4 4 2 5 4 5 2 2 5 3 6 3 4 3 7 6 4 6 5 4 5 4 4 4 2 4 3 
3 3 5 5 5 1 4 1 4 2 2 1 4 4 3 2 1 3 3 2 5 2 2 3 2 0 3 1 1 0 2 1 1 2 1 0 1 3 1 1 4 2 3 3 2 1 2 4 2 5 4 2 3 4 3 1 2 2 2 0 3 2 4 2 3 4 3 1 4 3 2 1 2 3 3 2 3 0 1 4 1 1 2 2 2 3 3 1 2 1 0 5 1 3 4 3 4 1 2 4 3 2 2 1 4 1 3 2 2 1 1 2 3 2 0 1 3 2 2 2 1 0 2 2 3 2 1 2 0 4 3 4 4 1 2 2 3 1 2 1 1 3 4 3 2 1 2 2 3 1 3 1 4 3 3 4 3 2 2 1 3 2 0 2 2 
5 5 8 8 8 1 4 3 7 0 5 1 3 4 6 4 4 6 5 5 5 4 0 1 4 3 3 4 5 3 5 4 4 2 4 3 4 5 4 3 5 5 5 3 4 1 1 4 5 5 1 1 4 7 5 4 5 4 5 3 0 2 2 5 4 4 4 2 3 3 5 2 5 5 6 5 1 2 2 3 3 4 4 6 4 1 6 2 6 4 3 5 1 5 4 4 4 3 2 5 2 5 2 3 4 2 1 5 4 2 4 2 6 5 3 3 2 3 0 5 4 3 5 5 3 5 2 4 3 1 6 4 5 3 5 3 6 4 3 2 4 3 7 2 6 4 4 6 2 1 5 1 3 0 5 5 4 4 4 3 5 1 2 4 5 
6 6 6 6 6 1 2 3 6 1 4 1 1 2 5 4 3 4 5 3 3 2 1 1 4 3 1 3 4 3 5 3 3 0 4 2 4 4 3 1 3 3 3 1 5 1 2 2 4 3 2 1 2 6 3 3 3 2 5 2 2 0 1 4 2 2 2 1 2 1 4 1 4 3 4 4 1 1 1 1 2 3 3 5 4 0 5 3 4 2 2 3 1 4 2 3 2 3 0 3 0 4 0 2 2 1 1 4 4 3 3 0 5 3 3 4 0 1 1 4 4 3 4 5 1 5 3 4 3 2 5 2 2 2 4 2 5 2 1 1 3 1 6 0 5 3 2 4 0 2 4 2 1 2 4 3 2 3 2 2 4 1 2 2 4 
7 7 8 8 8 2 3 5 7 2 6 2 0 2 7 6 5 6 7 5 3 3 2 1 6 4 2 5 5 4 6 5 5 2 5 4 5 5 5 3 4 5 4 2 6 2 3 2 6 3 1 2 3 7 5 5 5 4 6 4 2 1 0 5 3 2 3 3 2 1 6 2 5 4 6 6 1 3 2 1 3 4 4 6 6 1 6 4 6 4 4 3 2 5 2 4 3 5 1 3 1 6 1 4 3 2 1 6 6 4 5 1 7 5 5 5 1 2 2 5 5 4 5 6 1 6 4 6 5 1 6 3 3 3 6 3 6 4 3 3 5 2 7 1 6 5 3 6 1 4 5 3 0 1 5 3 3 4 3 3 5 2 4 4 5 
5 5 2 2 2 4 4 4 1 5 1 4 5 5 1 2 0 0 4 0 5 2 5 5 4 2 4 0 1 2 1 1 1 3 2 2 2 1 0 2 3 0 1 3 4 3 4 4 2 5 6 4 2 1 1 1 0 1 3 2 5 4 5 0 2 5 3 3 4 4 1 3 0 2 0 2 5 2 3 5 2 1 1 1 3 5 0 4 0 1 2 5 3 1 4 2 4 4 4 4 4 1 4 1 4 3 5 0 4 3 1 4 1 1 2 4 4 3 4 0 2 2 0 1 4 2 4 2 2 6 1 4 3 2 0 2 0 1 2 2 1 4 1 4 1 1 2 0 4 4 1 4 5 6 1 4 2 1 2 2 0 4 3 1 0 
7 7 4 4 4 3 1 5 4 4 3 3 3 2 4 5 2 2 6 2 2 0 4 4 5 3 1 3 3 3 4 3 2 2 4 3 4 1 2 1 0 2 1 1 6 3 4 1 4 2 5 4 0 4 2 3 3 1 5 3 4 2 3 2 0 2 0 3 2 2 4 2 2 0 2 4 4 2 2 3 2 2 1 4 5 3 3 5 3 1 2 2 3 1 1 0 1 5 2 1 2 3 2 2 1 2 3 3 5 4 3 2 4 1 3 5 2 1 3 3 4 3 3 4 2 5 5 5 4 4 3 1 0 2 3 0 3 2 1 2 2 1 4 2 4 3 0 3 2 4 1 4 3 4 1 1 0 1 0 1 2 4 3 1 2 
8 8 6 6 6 4 0 6 6 4 5 4 1 0 6 6 4 4 7 4 0 2 4 3 7 5 1 4 5 5 6 5 4 2 6 4 6 4 4 2 1 4 3 1 7 3 4 0 6 0 4 4 2 6 4 5 5 3 7 4 4 2 2 5 2 0 1 4 0 1 6 3 4 2 4 6 3 3 3 1 3 4 3 6 7 3 5 5 5 3 4 0 3 3 0 3 0 6 2 1 2 5 2 4 1 3 3 5 7 5 5 2 6 3 5 6 2 1 3 5 6 5 5 6 1 6 5 6 5 3 5 0 1 3 5 2 5 3 2 3 4 1 6 2 6 4 2 5 2 5 4 5 1 4 3 1 2 3 2 3 4 4 4 3 4 
7 7 5 5 5 3 1 5 4 4 4 3 2 1 4 5 3 3 6 3 2 0 4 4 6 4 1 3 4 3 4 3 3 2 4 3 4 2 2 1 0 3 1 1 6 3 4 1 5 2 5 4 0 4 2 4 3 1 5 3 4 2 3 3 0 1 0 3 2 2 4 2 2 0 3 4 4 2 2 2 2 2 2 4 5 3 3 5 3 2 2 1 3 1 1 1 1 5 2 1 2 4 2 2 0 2 3 3 6 4 3 2 4 1 4 5 2 1 3 3 4 3 3 4 2 5 5 5 4 4 3 1 0 2 3 0 3 2 1 2 3 1 4 2 4 3 0 3 2 4 2 4 3 4 2 1 0 1 0 1 2 4 4 1 2 
4 4 5 5 5 0 3 2 4 1 3 1 3 4 3 3 2 3 3 2 4 2 1 2 3 1 2 2 2 1 3 2 2 1 2 1 2 3 2 1 3 2 3 2 3 0 1 3 3 4 3 1 2 4 3 2 2 2 3 1 2 1 3 3 3 4 3 0 3 2 3 1 3 3 3 3 2 0 0 3 1 2 2 3 3 2 4 1 3 2 1 4 0 3 3 2 4 2 1 4 2 3 1 1 3 0 2 3 3 1 2 1 4 3 1 2 2 2 1 2 2 1 2 3 2 3 1 3 1 3 4 3 3 1 3 2 4 1 1 1 2 2 4 2 3 1 2 3 2 1 3 1 3 2 3 4 2 2 2 1 3 1 0 2 3 
8 8 7 7 7 3 1 5 6 3 5 3 1 0 6 6 4 4 7 4 1 2 3 2 6 5 1 4 5 4 6 4 4 1 5 4 5 4 4 2 2 4 3 1 7 3 4 1 6 1 3 3 2 6 4 5 4 3 7 4 3 2 2 4 2 0 2 3 0 0 5 2 4 2 5 6 2 3 2 1 3 3 3 6 6 2 5 5 5 3 3 1 3 4 0 3 1 5 2 1 1 5 1 3 1 2 2 5 6 4 4 1 6 3 5 5 1 1 3 4 5 4 4 6 0 6 5 6 5 3 5 1 1 3 5 2 5 3 2 2 4 1 6 1 6 4 2 5 1 4 4 4 1 3 4 1 2 3 2 3 4 3 4 3 4 
7 7 7 7 7 2 1 4 6 2 5 2 0 1 6 5 4 4 6 4 2 2 2 2 5 4 0 4 4 4 5 4 4 1 5 3 5 4 3 2 2 4 3 0 6 2 3 1 5 2 3 3 2 6 4 4 4 3 6 3 3 1 1 4 2 1 2 2 0 0 5 1 4 2 4 5 2 2 2 0 2 3 3 5 6 1 5 4 5 3 3 2 2 4 1 2 1 5 1 2 0 5 1 3 1 2 1 5 5 4 4 1 6 3 4 5 0 1 2 4 5 4 4 5 0 6 4 5 4 2 5 1 2 2 5 1 5 3 2 2 4 0 6 0 5 4 2 5 0 4 4 3 0 2 3 2 2 3 2 2 4 3 3 2 4 
3 3 3 3 3 3 5 2 2 4 0 3 6 6 1 1 1 2 2 1 6 3 4 5 2 1 4 1 0 1 0 0 1 4 1 1 0 3 1 3 4 1 3 4 2 3 4 5 0 6 6 4 3 2 2 0 1 2 1 2 5 4 6 1 4 6 4 3 5 5 0 3 2 4 2 0 5 2 3 6 2 2 2 1 2 5 2 3 1 2 2 6 3 3 5 3 5 2 4 5 4 0 4 2 5 3 5 1 2 2 1 4 2 2 1 2 4 4 4 1 1 1 1 0 5 0 3 1 1 6 2 5 4 2 1 3 2 2 3 3 1 4 2 4 0 1 3 1 5 3 2 3 6 5 3 5 3 2 3 2 2 4 2 2 2 
5 5 5 5 5 1 2 3 4 2 3 1 2 3 4 3 2 3 4 2 3 1 2 2 4 2 1 2 3 2 4 2 2 0 3 1 3 3 2 0 2 2 2 1 4 1 2 2 3 3 3 2 1 4 2 2 2 1 4 1 2 1 2 3 2 3 2 1 2 1 3 0 3 2 3 3 2 0 0 2 0 1 1 4 4 1 3 3 3 1 1 3 1 3 2 2 2 3 1 2 1 3 1 1 2 0 2 3 4 2 2 1 4 2 2 3 1 1 1 2 3 2 2 3 1 4 2 3 2 3 4 2 2 0 3 1 3 1 0 0 2 1 4 1 4 2 1 3 1 2 2 2 2 3 2 2 1 2 1 1 3 2 1 1 2 
5 5 2 2 2 4 4 4 1 5 1 4 5 4 2 3 1 0 5 0 5 2 5 5 4 2 3 1 1 2 2 1 1 3 2 2 2 1 1 2 3 0 1 3 4 4 4 3 2 5 6 4 2 1 0 2 1 1 3 2 5 4 5 0 2 4 2 3 4 4 2 3 0 2 0 2 5 3 3 5 2 1 1 1 4 5 0 4 0 1 2 4 4 1 4 1 4 4 4 3 4 1 4 2 3 3 5 0 4 4 1 4 1 1 2 4 4 3 4 1 3 2 0 2 4 2 4 3 3 6 1 4 3 2 1 2 0 1 2 2 1 3 1 4 1 1 2 1 4 4 0 4 5 6 1 3 2 1 2 1 0 4 3 1 0 
7 7 4 4 4 4 1 5 4 4 3 4 3 2 4 5 2 2 6 2 2 1 4 4 6 4 2 2 3 3 4 3 2 2 4 3 4 1 2 2 0 2 0 2 6 3 5 1 4 2 5 4 1 3 1 3 2 1 5 3 5 3 4 2 0 2 0 3 2 2 4 2 2 0 2 4 4 3 3 3 2 2 1 4 5 4 3 5 3 1 2 2 3 1 2 0 1 5 3 1 3 3 3 2 1 2 4 2 6 4 3 3 3 1 3 5 3 2 4 2 4 3 2 4 2 4 5 5 4 5 2 2 1 2 3 1 2 2 1 2 3 2 3 3 4 3 1 3 3 5 1 5 3 5 1 1 0 1 1 1 1 4 4 1 2 
5 5 2 2 2 4 4 4 1 5 1 4 5 5 2 3 1 0 5 0 5 2 5 5 4 3 4 1 1 2 2 1 1 3 3 2 2 1 1 2 3 1 1 3 4 4 5 4 2 5 7 5 2 1 0 2 1 1 4 3 6 4 6 0 2 4 3 3 5 4 2 3 0 2 0 2 5 3 3 5 2 1 1 1 4 5 0 4 0 1 2 4 4 1 4 1 4 4 4 4 4 1 4 2 3 3 5 0 4 4 2 4 1 1 2 4 4 3 5 1 3 2 0 2 4 2 4 3 3 6 0 4 3 2 1 2 0 1 2 3 1 4 1 4 1 2 2 1 5 5 0 5 5 6 1 4 2 1 2 2 0 5 3 1 0 
3 3 3 3 3 4 5 2 2 5 1 4 6 6 1 0 1 2 2 2 6 4 5 5 2 1 5 1 0 1 0 1 1 4 1 2 0 3 2 3 5 1 3 5 2 4 4 5 0 7 6 4 4 2 3 1 1 3 1 2 5 4 6 2 4 6 4 3 6 5 0 3 2 4 2 0 5 3 3 6 2 2 2 1 1 5 2 3 2 2 2 6 4 3 5 3 6 2 4 6 5 1 4 2 5 3 5 2 2 2 1 4 2 3 1 2 5 4 4 1 1 1 1 0 5 0 3 0 1 6 3 6 5 2 1 4 2 2 3 3 1 5 2 5 1 1 4 1 5 3 3 3 6 6 3 5 4 3 4 3 3 4 2 3 2 
6 6 8 8 8 1 3 4 7 1 5 1 1 3 6 5 4 5 5 5 4 3 1 0 4 4 2 4 5 4 6 4 4 1 4 3 5 5 4 2 4 5 4 2 5 1 2 3 5 4 1 1 3 7 5 4 5 4 6 3 1 1 1 5 4 3 4 2 2 2 5 2 5 4 5 5 0 2 2 1 3 4 4 6 5 0 6 3 5 4 3 4 1 5 3 4 4 4 1 4 1 5 1 3 3 2 0 5 5 3 4 1 6 4 4 4 1 2 1 5 4 4 5 6 2 6 3 5 4 1 6 3 4 3 5 3 6 4 3 2 4 2 7 1 6 4 3 6 1 2 5 2 1 0 5 4 4 4 3 3 5 1 3 4 5 
4 4 5 5 5 1 3 2 4 2 3 1 3 3 3 2 2 3 4 2 4 2 2 2 3 1 2 2 2 1 3 2 1 1 2 0 2 3 1 1 3 2 2 2 3 1 1 3 3 4 3 1 2 4 3 2 2 2 3 0 2 1 3 2 2 3 2 0 3 2 2 0 3 3 3 3 2 0 0 3 0 1 1 3 3 2 3 2 3 1 0 4 1 3 3 2 3 2 1 3 2 2 1 1 3 0 2 3 3 1 1 1 4 2 1 2 2 1 1 2 2 1 2 3 2 3 2 2 1 3 4 3 3 0 3 2 3 1 1 0 1 2 4 2 3 1 2 3 2 2 3 1 3 3 3 3 2 2 2 1 3 1 1 1 2 
5 5 5 5 5 1 2 2 4 1 3 1 2 3 4 3 2 3 4 2 3 1 2 2 3 2 1 2 3 2 4 2 2 0 2 1 3 3 2 0 3 2 2 1 4 0 1 2 3 4 3 1 2 5 3 2 2 2 4 1 2 1 2 3 2 3 2 0 2 2 3 0 3 3 3 3 2 0 0 2 1 2 2 4 3 1 4 2 3 2 1 3 0 3 2 2 3 2 0 3 1 3 1 1 3 0 2 3 3 2 2 1 4 2 2 3 1 1 1 2 2 2 3 3 2 4 2 3 2 3 4 3 3 1 3 1 4 1 1 0 2 1 4 1 4 2 1 3 1 2 3 2 2 2 3 3 2 2 1 1 3 1 1 1 3 
7 7 7 7 7 3 2 5 7 2 6 3 0 1 6 6 4 5 7 5 2 2 3 1 6 4 1 5 5 4 6 5 4 1 5 4 5 4 4 2 3 5 4 1 6 2 3 1 6 2 2 3 2 7 4 5 5 3 6 4 3 1 1 5 3 1 2 3 1 0 6 2 5 3 5 6 1 3 2 0 3 4 4 6 6 1 6 4 5 4 3 2 2 4 1 3 2 5 1 2 1 5 1 3 2 2 1 5 6 4 4 1 6 4 5 5 1 1 2 5 5 4 5 6 0 6 4 6 5 2 6 2 2 3 6 2 6 4 2 2 4 1 7 1 6 4 3 6 0 4 4 4 0 2 4 2 3 3 2 3 5 3 4 3 5 
5 5 4 4 4 2 3 3 3 3 2 2 3 3 3 3 1 2 4 1 4 1 3 3 3 1 2 1 2 1 3 1 1 1 2 1 2 2 1 0 2 1 1 2 4 1 2 2 2 4 4 2 1 3 2 1 1 1 3 1 3 2 3 2 2 3 2 1 3 2 2 0 2 2 2 2 3 0 1 3 0 1 1 3 3 2 2 3 2 0 0 3 1 2 3 1 3 3 1 3 2 2 2 0 3 0 3 2 3 2 1 2 3 1 1 3 2 1 2 1 2 1 1 2 2 3 2 3 2 4 3 3 2 0 2 1 2 0 0 0 1 2 3 2 3 1 1 2 2 2 2 2 3 4 2 3 1 1 1 0 2 2 1 0 1 
5 5 3 3 3 3 3 3 2 4 1 3 4 4 2 2 0 1 4 0 4 1 4 4 4 2 3 0 1 1 2 1 0 2 2 1 2 1 0 1 2 0 1 2 4 2 3 3 2 4 5 3 1 2 1 1 0 0 3 1 4 3 4 1 2 4 2 2 3 3 2 1 1 2 1 2 4 1 2 4 1 0 0 2 3 3 1 3 1 0 1 4 2 1 3 1 3 3 2 3 3 1 2 0 3 1 4 1 4 3 1 3 2 0 1 3 3 2 3 1 2 1 1 2 3 2 3 2 2 5 2 3 2 1 1 1 1 0 1 1 0 3 2 3 2 0 1 1 3 3 1 3 4 5 1 3 1 0 1 0 1 3 2 0 0 
5 5 3 3 3 3 3 3 3 4 2 3 4 3 2 3 1 1 4 1 4 1 4 4 4 2 2 1 1 2 2 1 1 2 2 1 2 1 0 1 2 1 1 2 4 2 3 2 2 4 5 3 1 3 1 2 1 0 3 2 4 3 4 1 1 3 2 2 3 3 2 1 1 1 1 2 4 1 2 4 1 0 0 2 4 3 2 3 1 0 1 3 2 1 3 1 3 3 2 3 3 2 2 1 2 1 4 1 4 3 1 2 2 0 2 3 3 2 3 1 2 1 1 2 3 3 3 3 2 5 2 3 2 1 2 1 2 0 1 1 1 2 2 3 2 1 1 2 3 3 1 3 4 4 1 3 1 0 1 0 1 3 2 0 1 
4 4 2 2 2 4 5 3 1 5 0 4 6 6 0 2 1 1 3 1 6 3 5 6 3 2 5 1 1 2 0 1 1 4 2 2 1 2 1 3 4 1 3 5 3 4 5 5 1 6 7 5 4 1 2 1 1 3 2 2 6 5 6 1 4 6 4 3 6 5 1 4 1 4 1 1 6 3 4 6 3 2 2 0 3 5 1 4 1 2 2 6 4 3 5 3 5 3 5 5 5 0 5 2 5 3 6 1 3 3 1 5 1 2 2 3 5 4 5 1 2 2 1 0 5 1 4 2 2 7 1 5 5 3 0 4 1 2 3 3 1 5 1 5 0 1 3 0 5 4 2 4 6 6 2 5 3 3 3 3 2 5 3 3 1 
1 1 5 5 5 3 6 1 4 4 3 3 6 7 3 0 3 4 0 3 7 5 4 5 0 1 5 3 2 2 2 2 2 4 1 2 1 5 3 4 6 3 5 5 0 3 3 6 1 7 6 3 5 4 4 2 3 4 0 2 4 4 6 3 5 7 5 3 6 6 2 4 4 5 4 1 5 3 3 6 3 3 4 3 0 5 4 2 3 3 3 7 3 5 6 5 6 1 4 6 5 2 4 3 6 3 5 3 0 2 2 5 4 4 1 1 5 5 4 3 1 2 3 2 5 1 2 0 1 6 4 6 6 3 3 5 4 3 4 4 2 5 4 5 3 2 5 3 5 2 4 2 6 5 5 6 5 4 4 4 4 3 2 4 4 
6 6 7 7 7 1 3 3 6 1 5 1 1 3 6 5 4 5 5 4 3 2 1 0 4 3 1 4 4 3 5 4 4 1 4 3 4 4 4 2 3 4 4 2 5 1 2 2 5 3 1 1 3 6 4 4 4 3 5 3 1 0 1 5 3 3 3 2 2 1 5 1 5 4 5 5 0 2 1 1 2 3 3 5 5 0 5 3 5 3 3 3 1 4 3 3 3 4 0 3 0 5 1 3 3 1 0 5 5 3 4 0 6 4 3 4 1 1 0 4 4 3 4 5 1 5 3 5 3 1 6 3 3 2 5 2 5 3 2 2 4 1 6 0 5 3 3 5 0 2 4 2 1 1 4 3 3 3 2 3 4 1 2 3 4 
5 5 1 1 1 4 4 4 0 5 1 5 6 5 1 3 1 0 4 1 5 3 5 6 4 3 4 1 1 3 1 1 1 4 3 3 2 1 1 3 3 1 2 4 4 4 5 4 2 5 7 5 3 0 1 2 1 2 3 3 6 5 6 0 3 5 3 4 5 5 2 3 0 3 0 2 6 3 4 6 2 1 2 1 4 5 0 5 0 2 2 5 4 2 4 2 5 4 4 4 5 1 4 2 4 3 6 0 4 4 2 5 0 1 2 4 5 4 5 1 3 2 1 1 5 2 5 3 3 7 0 5 4 3 0 3 0 2 3 3 2 4 0 5 1 2 3 0 5 5 1 5 6 6 1 4 3 2 3 2 1 5 4 2 1 
2 2 6 6 6 1 5 0 5 2 4 1 4 5 4 2 3 4 2 3 6 4 2 3 1 1 4 3 3 2 3 3 3 3 2 2 2 5 3 3 5 3 5 4 2 2 1 5 3 6 4 1 4 5 4 2 3 4 2 1 2 3 4 4 5 5 5 1 5 4 3 3 4 5 4 3 3 2 2 4 3 3 3 4 2 3 5 0 4 3 2 6 2 5 5 4 6 0 3 6 3 3 3 2 5 2 3 4 1 0 2 3 5 4 2 0 4 4 2 3 2 2 4 3 4 3 0 2 1 4 5 5 5 2 4 4 5 3 3 3 3 4 5 3 4 2 4 4 4 0 5 0 5 3 5 6 4 4 4 3 4 1 1 4 4 
5 5 2 2 2 4 4 4 1 5 0 4 5 5 1 2 1 0 4 0 5 3 5 5 4 2 4 1 1 2 1 1 1 4 2 2 2 1 1 3 3 0 2 4 4 4 5 4 2 5 7 5 3 1 1 1 0 2 3 2 6 4 6 0 3 5 3 3 5 5 1 3 0 3 0 2 5 3 3 5 2 1 1 1 3 5 0 4 0 1 2 5 4 2 4 2 4 4 4 4 5 1 4 2 4 3 5 0 4 4 1 4 0 1 2 4 4 4 5 0 2 2 0 1 5 2 4 2 2 7 0 4 4 2 0 3 0 1 3 3 1 4 1 5 1 1 2 0 5 4 1 4 6 6 1 4 3 2 3 2 1 4 3 2 0 
5 5 3 3 3 2 3 3 3 3 1 3 4 3 2 3 0 1 4 1 4 1 3 4 4 2 2 1 1 1 2 1 1 2 2 1 2 1 0 1 2 0 1 2 4 2 3 3 2 4 5 3 1 3 1 1 1 0 3 1 4 2 4 1 1 3 2 2 3 3 2 1 1 1 1 2 4 1 2 4 0 0 0 2 3 3 2 3 1 0 1 4 2 1 3 1 3 3 2 3 3 1 2 0 3 1 3 1 4 3 1 2 2 0 2 3 3 2 3 1 2 1 1 2 3 3 3 3 2 5 2 3 2 1 1 1 2 0 1 1 1 2 3 3 2 1 1 2 3 3 1 3 4 4 1 3 1 0 1 0 1 3 2 0 1 
4 4 4 4 4 1 3 2 3 2 2 2 3 4 3 2 1 2 3 1 4 1 3 3 3 1 2 1 1 1 2 1 1 1 1 0 2 2 1 1 3 1 2 2 3 1 2 3 2 4 4 2 2 3 2 1 1 1 3 0 3 2 4 2 2 4 2 1 3 3 2 1 2 2 2 2 3 0 1 3 0 1 1 2 3 3 2 2 2 1 0 4 1 2 3 2 3 2 2 3 2 2 2 0 3 1 3 2 3 1 1 2 3 2 1 2 2 2 2 1 1 1 1 2 3 2 2 2 1 4 3 3 3 0 2 1 2 0 1 1 0 2 3 2 2 0 1 2 3 2 2 2 3 4 2 3 2 1 1 1 2 2 1 1 2 
8 8 6 6 6 4 0 6 6 4 5 4 2 0 6 7 4 4 8 4 0 2 5 4 7 5 2 5 5 5 6 5 5 3 6 5 6 3 4 3 1 4 3 2 8 4 5 1 6 0 5 5 2 6 4 5 5 3 7 5 5 3 3 5 2 0 1 4 1 2 6 3 4 2 4 6 4 4 3 2 3 4 3 6 7 3 5 6 5 4 4 0 4 3 0 2 0 6 3 0 3 5 3 4 1 3 4 5 7 5 5 3 6 3 5 6 2 2 4 5 6 5 5 6 2 7 6 6 6 4 5 0 1 4 5 2 5 4 3 3 4 2 6 3 6 5 2 5 2 6 3 5 2 5 3 0 2 3 2 3 4 5 5 3 4 
4 4 6 6 6 0 3 2 5 1 4 0 2 3 4 3 3 4 4 3 4 2 1 1 3 2 2 3 3 2 4 3 2 1 3 1 3 4 3 1 3 3 3 2 4 0 1 3 4 4 2 0 2 5 3 3 3 2 4 1 1 1 2 3 3 3 3 0 3 2 3 1 4 3 4 4 1 1 0 2 1 2 2 4 3 1 4 2 4 2 1 4 0 4 3 3 4 2 0 4 1 3 1 2 3 1 1 4 3 1 2 1 5 3 2 2 1 2 0 3 3 2 3 4 2 4 1 3 2 2 5 3 3 1 4 2 4 2 1 1 2 2 5 1 4 2 2 4 2 1 4 1 2 2 4 4 3 3 2 2 4 0 1 2 3 
6 6 3 3 3 4 3 5 2 5 2 4 4 3 3 4 2 1 6 1 4 1 5 5 5 3 3 2 2 3 3 2 2 3 4 3 3 0 1 2 2 2 0 3 5 4 5 3 4 4 6 5 1 2 0 3 2 1 5 3 5 4 5 1 1 3 1 3 4 4 3 3 1 1 1 3 5 3 3 4 2 1 1 3 5 4 2 5 2 1 2 3 4 0 3 1 3 5 4 2 4 2 3 2 2 3 5 1 5 4 2 3 2 0 3 5 4 3 4 2 4 3 2 3 3 4 5 4 4 6 1 3 2 2 2 2 1 1 2 2 2 3 2 4 3 2 1 2 4 5 0 5 4 6 0 2 1 1 1 1 0 5 4 1 1 
8 8 6 6 6 3 0 5 5 4 5 4 2 0 5 6 4 4 7 4 1 1 4 3 6 4 1 4 5 4 5 4 4 2 5 4 5 3 3 2 1 4 2 1 7 3 4 0 6 1 4 4 1 5 3 4 4 2 6 4 4 2 2 4 1 0 1 3 0 1 5 2 4 2 4 5 3 3 2 1 3 3 3 5 6 3 4 5 4 3 3 0 3 3 0 2 0 5 2 0 2 5 2 3 0 2 3 4 6 5 4 2 5 3 4 5 1 1 3 4 5 4 4 5 1 6 5 6 5 4 4 0 1 3 5 1 4 3 2 2 4 1 5 2 5 4 1 5 2 5 3 4 2 4 3 0 1 2 1 2 3 4 4 2 3 
6 6 4 4 4 3 2 4 3 4 3 3 3 3 3 4 2 1 5 2 3 0 4 4 5 3 2 2 3 3 3 2 2 2 3 2 3 1 1 1 1 2 0 2 5 3 4 2 4 3 5 4 0 3 1 3 2 0 5 3 4 3 4 2 0 3 1 2 3 2 3 2 1 0 1 3 4 2 2 3 1 1 1 3 5 3 2 4 2 1 2 2 3 1 2 0 2 4 2 2 3 3 2 1 1 2 4 2 5 4 2 2 3 0 3 4 2 1 3 2 3 2 2 3 2 4 4 4 3 5 2 2 1 1 2 1 2 1 1 1 2 2 3 3 3 2 0 2 3 4 1 4 3 5 1 2 0 0 0 1 1 4 3 0 1 
8 8 6 6 6 4 0 6 5 4 5 4 2 0 6 6 4 4 7 4 0 2 4 4 6 5 1 4 5 4 6 4 4 2 5 4 5 3 4 2 1 4 2 1 7 3 5 0 6 0 5 4 1 5 3 5 4 2 7 4 4 2 3 4 1 0 1 4 1 1 5 2 4 1 4 6 4 3 3 2 3 3 3 5 6 3 5 6 4 3 3 0 4 3 0 2 0 6 3 0 2 5 2 3 0 3 3 4 7 5 4 2 5 3 5 6 2 1 4 4 5 4 4 5 1 6 5 6 5 4 4 0 0 3 5 1 4 3 2 2 4 1 5 2 5 4 2 5 2 5 3 5 2 4 3 0 1 2 2 2 3 4 4 2 3 
2 2 6 6 6 2 5 0 5 3 3 2 5 6 3 1 3 4 1 3 6 4 3 4 0 1 4 3 3 1 3 2 3 3 1 2 2 5 3 3 5 3 4 4 1 2 2 5 2 6 4 2 4 5 4 2 3 4 2 1 3 3 5 4 5 6 5 2 5 5 2 3 4 5 4 2 4 2 2 5 3 3 3 3 1 4 4 0 4 3 2 6 2 5 5 4 6 0 3 6 4 3 3 2 5 3 4 4 0 0 2 4 4 4 1 0 4 4 3 3 1 2 3 3 5 2 0 1 1 5 5 6 5 2 3 4 4 3 3 3 2 4 5 4 3 2 4 4 4 1 4 1 5 4 5 6 4 4 4 3 4 2 1 4 4 
5 5 6 6 6 1 2 3 5 1 4 1 1 2 5 4 3 4 5 3 3 2 1 1 4 3 1 3 4 2 4 3 3 0 3 2 3 4 3 1 3 3 3 1 5 0 2 2 4 3 2 1 2 5 3 3 3 2 5 2 2 0 1 4 2 2 2 1 2 1 4 1 4 3 4 4 1 1 0 1 1 2 2 5 4 0 4 3 4 2 2 3 0 4 2 2 3 3 0 3 0 4 0 2 2 1 1 4 4 2 3 0 5 3 3 3 0 1 1 3 3 2 3 4 1 4 2 4 3 2 5 2 3 1 4 1 4 2 1 1 3 1 5 0 5 3 2 4 1 2 3 2 2 2 3 3 2 3 2 2 4 1 2 2 3 
8 8 5 5 5 4 0 6 5 4 5 4 2 1 5 6 4 4 7 4 1 1 4 4 6 5 1 4 5 4 5 4 4 2 5 4 5 3 3 2 0 4 2 1 7 3 5 0 6 1 5 4 1 5 3 5 4 2 7 4 5 3 3 4 1 1 1 4 1 2 5 2 3 1 4 6 4 3 3 2 3 3 3 5 6 3 4 6 4 3 3 0 4 2 0 2 0 6 3 0 2 5 2 3 0 3 3 4 7 5 4 2 5 2 5 6 2 1 4 4 5 4 4 5 2 6 5 6 5 4 4 0 0 3 5 1 4 3 2 2 4 1 5 2 5 4 1 5 2 5 3 5 2 4 3 0 1 2 1 2 3 4 4 2 3 
6 6 7 7 7 1 2 4 6 1 5 2 1 2 5 5 3 4 6 4 2 2 2 1 5 3 0 4 4 3 5 4 3 0 4 3 4 4 3 1 3 4 3 1 5 1 2 2 5 3 2 2 2 6 4 4 4 3 5 3 2 0 1 4 2 2 2 2 1 0 4 1 4 3 4 5 1 2 1 1 2 3 3 5 5 0 5 3 5 3 2 3 1 4 2 3 2 4 0 2 0 4 0 2 2 1 1 4 5 3 3 0 6 3 3 4 0 1 1 4 4 3 4 5 0 5 3 5 4 2 5 2 2 2 5 2 5 3 2 1 3 1 6 0 5 3 2 5 0 3 4 3 1 2 4 2 2 3 2 2 4 2 3 2 4 
4 4 3 3 3 4 5 3 1 5 0 4 5 5 0 1 1 1 3 1 6 3 5 5 3 1 4 0 0 1 0 0 1 4 1 2 1 2 1 3 4 1 2 4 3 3 4 4 1 6 6 4 3 2 2 0 0 2 2 2 5 4 6 1 3 5 4 3 5 5 0 3 1 3 1 1 5 2 3 5 2 1 2 0 2 5 1 3 1 1 2 5 3 2 5 3 5 3 4 5 4 0 4 1 4 3 5 1 3 3 1 4 1 2 1 3 4 4 4 0 1 1 0 0 5 1 3 1 1 6 2 5 4 2 0 3 1 1 3 3 1 4 2 4 0 1 3 0 5 4 2 4 6 6 2 5 3 2 3 2 2 4 2 2 1 
6 6 6 6 6 1 2 3 5 1 4 1 1 2 5 4 3 4 5 3 3 1 2 1 4 3 0 3 4 3 5 3 3 0 4 2 4 3 3 1 2 3 3 1 5 1 2 2 4 3 2 2 2 5 3 3 3 2 5 2 2 0 1 4 2 2 2 1 1 1 4 1 4 3 4 4 1 1 1 1 2 2 2 5 4 1 4 3 4 2 2 3 1 3 2 2 2 3 0 2 0 4 0 2 2 1 1 4 4 3 3 0 5 3 3 4 0 0 1 3 4 3 3 5 1 5 3 4 3 2 5 2 2 1 4 1 4 2 1 1 3 0 5 0 5 3 2 4 0 2 3 2 1 2 3 2 2 2 1 2 3 2 2 2 3 
4 4 4 4 4 2 3 2 3 3 2 2 3 4 2 2 1 2 4 1 4 1 3 3 3 1 2 1 1 1 2 1 0 2 1 0 2 2 0 1 3 1 2 2 3 2 2 3 2 4 4 2 2 3 2 1 1 1 3 1 3 2 4 1 2 4 2 1 3 3 2 1 2 2 2 2 3 1 1 3 0 0 1 2 3 3 2 2 2 0 0 4 2 2 3 1 3 2 2 3 2 1 2 0 3 1 3 2 3 2 0 2 3 1 1 2 2 2 2 1 2 1 1 2 3 2 2 2 1 4 3 3 3 0 2 1 2 0 1 1 0 2 3 2 2 0 1 2 3 2 2 2 4 4 2 3 2 1 1 0 2 2 1 1 1 
8 8 5 5 5 4 0 5 5 4 4 4 2 1 5 6 3 3 7 3 1 1 4 4 6 4 1 4 4 4 5 4 4 2 5 4 5 2 3 2 0 3 2 1 7 3 4 0 5 1 5 4 1 5 3 4 4 2 6 4 4 2 3 4 1 1 0 3 1 1 5 2 3 1 3 5 3 3 3 2 3 3 2 5 6 3 4 5 4 3 3 1 3 2 0 1 0 5 2 0 2 4 2 3 0 2 3 4 6 5 4 2 5 2 4 6 2 1 3 4 5 4 4 5 1 6 5 6 5 4 4 0 0 3 4 1 4 3 2 2 3 1 5 2 5 4 1 4 2 5 3 5 2 4 2 0 1 2 1 2 3 4 4 2 3 
5 5 5 5 5 1 2 3 4 2 3 1 2 3 4 3 2 3 4 2 3 1 2 2 3 2 1 2 2 2 3 2 2 0 2 1 3 3 2 0 2 2 2 1 4 0 2 2 3 3 3 1 1 4 2 2 2 1 4 1 2 1 2 3 2 3 2 0 2 2 3 0 3 2 3 3 2 0 0 2 0 1 1 3 3 1 3 2 3 1 1 3 1 3 2 2 3 3 1 3 1 3 1 1 2 0 2 3 3 2 2 1 4 2 2 3 1 1 1 2 2 2 2 3 2 3 2 3 2 3 4 3 2 0 3 1 3 1 0 0 2 1 4 1 3 2 1 3 2 2 2 2 2 3 3 3 2 2 1 1 3 1 1 1 2 
6 6 7 7 7 1 3 4 6 1 5 1 1 3 6 5 4 5 5 4 3 3 1 0 4 3 2 4 5 3 6 4 4 1 4 3 4 5 4 2 4 4 4 2 5 1 2 3 5 3 1 1 3 7 5 4 4 3 5 3 1 1 1 5 3 3 3 2 2 1 5 2 5 4 5 5 0 2 2 1 3 4 4 6 5 0 6 3 5 3 3 4 1 5 3 4 3 4 1 3 1 5 1 3 3 2 0 5 5 3 4 1 6 4 4 4 1 2 0 4 4 4 5 5 1 5 3 5 4 1 6 3 3 3 5 3 6 3 2 2 4 2 6 1 6 4 3 5 1 2 5 2 1 1 5 3 3 4 3 3 5 1 3 3 5 
5 5 2 2 2 4 4 4 1 5 0 4 5 5 1 2 1 0 4 0 5 2 5 5 4 2 4 1 1 2 1 1 1 4 2 2 2 1 1 2 3 0 2 4 4 4 5 4 2 5 7 4 3 1 1 1 0 2 3 2 5 4 6 0 3 5 3 3 5 5 1 3 0 2 0 2 5 3 3 5 2 1 1 1 3 5 0 4 0 1 2 5 4 1 4 2 4 4 4 4 4 1 4 2 4 3 5 0 4 3 1 4 1 1 2 4 4 3 5 0 2 2 0 1 4 2 4 3 2 6 1 4 3 2 0 3 0 1 2 3 1 4 1 4 1 1 2 0 5 4 1 4 5 6 1 4 2 1 2 2 0 4 3 2 0 
1 1 6 6 6 3 6 1 5 4 3 3 6 7 3 1 3 4 0 3 7 5 4 5 0 1 5 3 3 2 3 3 3 4 1 2 1 5 3 4 6 3 5 5 0 3 3 6 2 7 5 3 5 5 5 2 3 4 1 2 4 4 6 4 5 7 6 3 6 5 2 4 4 6 4 2 5 3 3 6 3 4 4 3 0 5 4 1 4 4 3 7 3 5 6 5 7 0 4 7 5 3 4 3 6 3 5 4 0 1 2 4 4 5 2 0 5 5 4 3 1 2 3 3 5 2 1 1 1 6 5 6 6 3 3 5 4 3 4 4 3 5 5 5 3 3 5 4 5 2 5 2 6 5 5 7 5 5 5 4 5 3 2 4 4 
3 3 6 6 6 1 5 0 5 2 3 1 4 5 3 2 2 4 2 3 6 3 2 3 1 1 3 2 2 1 3 2 2 2 1 1 2 4 2 2 5 3 4 3 2 1 1 4 2 6 4 1 3 5 4 2 3 3 2 1 2 3 4 3 4 5 4 1 4 4 2 2 4 4 4 2 3 1 2 4 2 3 3 3 2 3 4 0 4 3 1 5 1 4 5 4 5 0 2 5 3 3 3 2 5 2 3 3 1 0 2 3 4 3 1 1 3 3 2 3 1 1 3 3 4 3 0 2 1 4 4 5 5 2 3 3 4 2 2 2 2 3 5 3 3 2 3 3 3 0 4 1 4 3 4 5 4 3 3 2 4 1 0 3 3 
4 4 3 3 3 2 4 2 2 3 1 3 4 5 1 1 0 2 3 1 5 2 3 4 3 1 3 0 0 0 1 0 0 3 1 0 1 2 0 2 3 0 2 3 3 2 3 4 1 5 5 3 2 3 2 0 0 1 2 1 4 3 5 1 3 5 3 2 4 4 1 2 1 3 2 1 4 1 2 4 1 1 1 1 2 4 2 2 1 1 1 5 2 2 4 2 4 2 3 4 3 1 3 0 4 2 4 1 2 2 0 3 2 2 0 2 3 3 3 0 1 0 1 1 4 1 2 1 1 5 2 4 3 1 1 2 2 1 2 2 0 3 2 3 1 0 2 1 4 3 2 3 5 5 2 4 2 2 2 1 2 3 1 1 1 
6 6 6 6 6 1 2 3 5 1 4 1 1 2 5 4 3 4 5 3 3 2 2 1 4 3 0 3 4 3 5 3 3 0 4 2 4 4 3 1 2 3 3 1 5 1 2 2 4 3 2 2 2 5 3 3 3 2 5 2 2 0 1 4 2 2 2 1 1 1 4 1 4 3 4 4 1 1 1 1 2 3 2 5 5 0 5 3 4 2 2 3 1 3 2 2 2 4 0 2 0 4 0 2 2 1 1 4 4 3 3 0 5 3 3 4 0 1 1 3 4 3 4 5 1 5 3 4 3 2 5 2 2 2 4 1 4 2 1 1 3 0 5 0 5 3 2 4 0 3 3 2 1 2 3 2 2 2 2 2 4 2 2 2 3 
5 5 1 1 1 5 5 4 0 6 1 5 6 6 1 3 2 1 4 1 6 3 6 6 4 3 5 2 1 3 1 2 2 5 3 3 2 2 2 4 4 1 3 5 4 5 5 5 2 6 8 5 4 0 2 2 1 3 3 3 6 5 7 1 4 6 4 4 6 6 2 4 1 3 1 2 6 4 4 6 3 2 2 1 4 6 0 5 0 2 3 6 5 2 5 3 5 4 5 5 6 1 5 3 5 4 6 1 4 4 2 5 0 2 3 4 5 4 6 1 3 3 1 1 5 2 5 3 3 7 1 5 4 3 1 4 0 2 4 4 2 5 0 5 1 2 3 0 6 5 2 5 6 7 2 5 3 2 3 3 1 5 4 3 1 
6 6 3 3 3 3 3 4 2 4 2 4 4 3 2 3 1 1 5 1 4 1 4 4 5 3 3 1 2 2 3 2 1 2 3 2 3 0 1 1 2 1 0 2 5 3 4 2 3 4 6 4 1 2 0 2 1 0 4 2 5 3 5 1 1 3 1 3 3 3 2 2 1 1 1 3 4 2 2 4 1 0 0 2 4 4 1 4 1 0 2 3 3 0 3 0 3 4 3 2 3 2 3 1 2 2 4 1 5 3 2 3 2 0 2 4 3 2 4 1 3 2 1 2 3 3 4 3 3 5 1 3 2 1 2 1 1 1 1 2 1 3 2 3 2 1 1 2 3 4 0 4 4 5 0 2 1 0 1 1 0 4 3 0 0 
3 3 4 4 4 2 4 1 3 3 1 2 5 5 2 1 1 2 2 1 5 3 3 4 2 0 3 1 1 0 1 1 1 3 0 0 0 3 1 2 4 1 3 3 2 2 2 4 1 5 5 2 3 3 3 0 1 2 1 0 3 3 5 2 3 5 4 1 5 4 1 2 2 3 2 1 4 1 2 5 1 1 2 2 1 3 2 2 2 2 1 5 2 3 4 3 5 1 3 5 3 1 3 1 4 2 4 2 2 1 0 3 3 2 0 1 3 3 3 1 0 0 1 1 4 1 2 1 0 5 3 5 4 1 2 3 3 1 2 2 1 3 3 3 2 0 3 2 4 2 3 2 5 4 3 5 3 2 3 2 2 2 1 2 2 
2 2 6 6 6 2 5 0 5 3 3 2 5 6 3 1 3 4 1 3 6 4 3 4 0 1 4 3 2 1 3 2 2 3 1 2 1 5 3 3 5 3 4 4 1 2 2 5 2 7 4 2 4 5 4 2 3 4 1 1 3 4 5 4 5 6 5 2 5 5 2 3 4 5 4 2 4 2 3 5 3 3 3 3 1 4 4 0 4 3 2 6 2 5 5 4 6 0 3 6 4 3 4 2 6 3 4 4 0 1 2 4 4 4 1 0 4 4 3 3 1 2 3 3 5 2 1 1 1 5 5 6 5 2 3 4 4 3 3 3 2 4 5 4 3 2 4 4 4 1 4 1 5 4 5 6 5 4 4 3 4 2 1 4 4 
6 6 6 6 6 2 1 4 6 2 5 2 1 1 5 5 3 4 6 4 2 2 2 1 5 3 0 4 4 3 5 4 3 0 4 3 4 4 3 1 2 4 3 0 5 1 2 1 5 2 2 2 2 6 4 4 4 2 5 3 2 0 1 4 2 2 2 2 1 0 4 1 4 3 4 5 1 2 1 1 2 3 3 5 5 1 5 4 4 3 2 2 1 4 1 2 2 4 0 2 0 4 0 2 2 1 1 4 5 3 3 0 5 3 3 4 0 1 1 4 4 3 4 5 0 5 3 5 4 2 5 2 2 2 5 1 5 3 1 1 3 0 6 0 5 3 2 5 0 3 4 3 1 2 3 2 2 3 2 2 4 2 3 2 4 
6 6 5 5 5 2 1 4 5 2 4 2 1 1 4 4 3 3 5 3 2 1 2 2 5 3 0 3 3 3 4 3 3 0 4 2 4 3 2 1 1 3 2 0 5 1 3 1 4 2 3 2 1 5 3 3 3 1 5 2 3 1 2 3 1 1 1 2 1 1 4 1 3 2 3 4 2 1 1 1 1 2 2 4 5 1 4 4 4 2 2 2 2 3 1 1 1 4 1 1 1 4 0 2 1 1 2 3 5 3 3 1 4 2 3 4 1 0 2 3 4 3 3 4 0 5 3 4 3 3 4 1 1 1 4 0 4 2 1 1 2 0 5 1 4 2 1 4 1 3 2 3 1 3 2 2 1 2 1 1 3 2 3 1 3 
5 5 7 7 7 0 3 3 6 0 4 0 2 3 5 4 3 5 5 4 4 3 0 0 3 3 2 4 4 3 5 3 3 1 3 2 4 4 3 2 4 4 4 2 4 0 1 3 4 4 1 0 3 6 4 3 4 3 4 2 0 1 2 4 3 3 3 1 3 2 4 1 4 4 5 4 1 1 1 2 2 3 3 5 4 0 5 2 5 3 2 4 0 4 3 3 4 3 1 4 1 4 1 2 3 1 0 5 4 2 3 1 6 4 3 3 1 2 0 4 3 3 4 5 2 5 2 4 3 2 5 3 4 2 5 3 5 3 2 2 3 2 6 1 5 3 3 5 1 1 4 1 2 1 4 4 3 3 3 3 4 0 2 3 4 
4 4 3 3 3 3 4 3 2 4 0 3 5 5 1 2 0 1 4 0 5 2 4 5 3 1 4 0 0 1 1 0 0 3 1 1 1 2 0 2 3 0 2 3 3 3 4 4 1 5 6 4 2 2 1 1 0 1 2 2 5 4 5 0 3 5 3 2 4 4 1 2 1 2 1 1 5 2 2 5 1 1 1 1 3 4 1 3 0 1 1 5 3 2 4 2 4 3 3 4 4 0 3 1 4 2 4 0 3 3 0 3 1 1 1 3 4 3 4 0 2 1 0 1 4 1 3 2 2 6 1 4 3 1 0 2 1 1 2 2 0 3 2 4 1 0 2 0 4 4 1 4 5 5 1 4 2 1 2 1 1 4 2 1 0 
2 2 4 4 4 3 5 1 3 3 2 3 5 6 2 0 1 3 2 2 6 3 3 4 1 0 4 1 1 0 1 1 1 3 0 1 0 4 2 3 5 2 3 4 1 3 3 5 1 6 5 3 4 3 3 0 2 3 1 1 4 4 5 2 4 6 4 2 5 5 1 3 3 4 3 1 4 2 2 5 2 2 2 2 1 4 3 2 2 2 1 6 3 4 5 3 5 1 3 5 4 1 4 2 5 2 4 2 1 1 1 4 3 3 0 1 4 4 3 2 0 0 2 1 4 1 2 0 0 5 3 5 5 2 2 3 3 2 3 3 1 4 3 4 2 1 3 2 4 2 3 2 5 5 3 5 4 3 3 2 3 3 1 3 3 
3 3 4 4 4 2 4 1 3 3 1 2 4 5 2 1 1 2 3 1 5 2 3 4 2 0 3 1 1 0 2 0 0 2 0 0 1 3 1 2 4 1 3 3 2 2 2 4 1 5 5 2 3 3 2 0 1 2 2 0 3 3 4 2 3 5 3 1 4 4 1 2 2 3 2 1 4 1 2 4 1 1 1 2 2 3 2 2 2 1 1 5 2 3 4 2 4 2 2 4 3 1 3 1 4 2 4 2 2 1 0 3 3 2 0 2 3 3 3 1 0 0 1 1 4 1 2 1 0 5 3 4 4 1 2 2 2 1 2 2 0 3 3 3 2 0 2 2 4 2 2 2 4 4 3 4 3 2 2 1 2 2 1 2 2 
5 5 2 2 2 3 4 3 1 4 0 3 5 5 1 2 0 0 4 0 5 2 4 5 3 2 4 0 0 2 1 0 0 3 2 2 1 1 0 2 3 0 2 3 4 3 4 4 2 5 6 4 2 2 1 1 0 1 3 2 5 4 5 0 3 5 3 2 4 4 1 2 0 2 0 1 5 2 3 5 1 1 1 1 3 4 1 4 0 1 1 5 3 2 4 2 4 3 3 4 4 0 3 1 4 2 5 0 3 3 1 4 1 1 1 3 4 3 4 0 2 1 0 1 4 2 4 2 2 6 1 4 3 2 0 2 1 1 2 2 0 4 1 4 1 1 2 0 4 4 1 4 5 5 1 4 2 1 2 1 1 4 3 1 0 
4 4 3 3 3 4 5 3 1 5 0 4 6 6 0 1 1 2 3 1 6 3 5 6 3 2 5 1 0 2 0 1 1 4 1 2 1 3 1 3 5 1 3 5 3 4 4 5 0 6 7 4 4 2 2 1 1 3 2 2 5 5 6 1 4 6 4 3 6 5 0 3 2 4 2 0 6 3 3 6 2 2 2 0 2 5 1 3 1 2 2 6 4 3 5 3 5 3 4 5 5 0 5 2 5 3 5 1 3 3 1 5 1 2 1 3 5 4 5 1 1 1 1 0 5 0 4 1 2 7 2 5 5 3 0 4 1 2 3 3 1 5 2 5 0 1 3 1 5 4 2 4 6 6 3 5 4 3 3 3 2 4 3 3 2 
7 7 6 6 6 2 1 4 6 2 5 2 0 1 5 5 4 4 6 4 2 2 2 2 5 4 0 4 4 4 5 4 4 1 4 3 5 3 3 1 2 4 3 0 6 2 3 1 5 2 3 3 1 6 3 4 4 2 6 3 3 1 1 4 2 1 2 2 0 0 5 1 4 2 4 5 2 2 2 0 2 3 3 5 5 1 5 4 5 3 3 2 2 3 1 2 1 5 1 2 0 5 1 3 1 2 1 4 5 4 4 1 5 3 4 5 0 0 2 4 4 4 4 5 0 5 4 5 4 2 5 1 2 2 5 1 5 3 2 1 3 0 6 0 5 3 2 5 0 4 3 3 1 2 3 2 2 3 2 2 4 3 3 2 4 
3 3 3 3 3 4 6 2 2 5 1 4 6 6 1 0 2 2 2 2 7 4 5 6 2 1 5 1 1 1 0 1 2 4 1 2 1 4 2 4 5 2 4 5 2 4 4 6 0 7 7 4 4 3 3 1 2 3 1 2 5 5 6 2 5 6 5 3 6 6 0 4 2 4 2 0 6 3 4 6 3 2 3 1 1 5 2 3 2 3 2 7 4 4 6 4 6 2 4 6 5 1 5 2 6 3 5 2 2 3 1 5 2 3 1 2 5 5 5 1 1 1 2 0 5 0 3 1 1 7 3 6 5 3 1 4 2 2 4 4 2 5 3 5 1 2 4 2 5 3 3 4 6 6 3 6 4 3 4 3 3 4 3 3 2 
3 3 6 6 6 1 5 0 5 2 4 1 4 5 4 2 3 4 2 3 6 4 2 3 1 1 4 3 3 2 4 3 3 3 2 2 2 5 3 3 5 3 4 4 2 2 1 5 3 6 3 1 4 5 4 2 3 4 3 1 2 3 4 4 5 5 5 1 5 4 3 2 4 5 4 3 3 2 2 4 2 3 3 4 2 3 5 0 4 3 2 6 1 5 5 4 5 0 2 5 3 3 3 2 5 2 3 4 1 0 2 3 5 4 2 1 3 3 2 3 2 2 4 4 4 3 0 2 1 4 5 5 5 2 4 4 5 3 3 3 3 4 5 3 4 2 4 4 4 0 5 0 4 3 5 5 4 4 4 3 4 1 1 3 4 
2 2 4 4 4 3 6 1 3 4 2 3 6 6 2 0 2 3 1 2 7 4 4 5 1 1 5 2 1 1 1 1 2 4 0 2 0 4 2 3 5 2 4 5 1 3 3 5 0 7 6 3 4 3 3 1 2 3 0 2 4 4 6 2 5 6 5 3 6 5 1 3 3 5 3 0 5 2 3 6 3 2 3 2 0 5 3 2 2 3 2 6 3 4 6 4 6 1 4 6 5 1 4 2 6 3 5 3 1 2 1 4 3 3 1 1 5 4 4 2 0 1 2 1 5 1 2 0 1 6 3 6 5 2 2 4 3 2 3 3 2 5 3 5 2 2 4 2 5 3 4 3 6 5 4 6 4 3 4 3 3 3 2 3 3 
3 3 5 5 5 2 5 1 3 3 2 2 5 5 2 1 1 3 2 2 6 3 3 4 1 0 4 1 1 0 2 1 1 3 0 1 0 3 2 2 4 2 3 4 2 2 2 4 1 6 5 2 3 4 3 0 2 2 1 0 3 3 5 2 4 5 4 1 5 4 1 2 3 4 3 1 4 1 2 5 2 2 2 2 1 3 3 1 2 2 1 6 2 4 5 3 5 1 3 5 4 1 3 1 5 2 4 2 1 1 1 3 3 3 0 1 4 3 3 2 0 0 2 2 4 1 1 1 0 5 3 5 4 1 2 3 3 2 2 2 1 4 4 3 2 1 3 2 4 2 3 2 5 4 3 5 3 3 3 2 3 2 1 2 2 
7 7 9 9 9 2 4 4 8 1 6 2 2 3 7 6 5 6 6 6 4 4 1 1 5 5 3 5 6 5 7 5 5 2 5 4 6 6 5 3 5 6 5 3 6 2 2 4 6 4 0 2 4 8 6 5 6 5 6 4 1 2 1 6 4 3 4 3 3 2 6 3 6 5 6 6 1 3 3 2 4 5 5 7 6 1 7 4 7 5 4 4 2 6 4 5 4 5 2 4 2 6 2 4 4 3 1 6 6 4 5 2 7 5 5 5 2 3 2 6 5 5 6 7 2 7 4 6 5 0 7 4 4 4 6 4 7 5 4 3 5 3 8 2 7 5 4 7 2 3 6 3 2 0 6 4 4 5 4 4 6 2 4 5 6 
6 6 1 1 1 5 4 5 1 6 1 5 6 5 2 3 2 0 5 1 5 3 6 6 5 3 4 2 2 3 2 2 2 4 3 3 3 1 2 3 3 1 2 4 5 5 6 4 3 5 7 5 3 0 1 2 1 2 4 3 6 5 6 1 3 5 3 4 5 5 2 4 1 2 0 3 6 4 4 6 3 2 2 1 4 6 0 5 0 2 3 5 5 1 4 2 4 5 5 4 5 2 5 3 4 4 6 1 5 4 2 5 1 1 3 5 5 4 5 1 3 3 1 2 5 3 5 3 3 7 0 4 4 3 1 3 0 2 3 3 2 4 0 5 2 2 3 1 5 5 1 5 6 7 1 4 3 2 3 3 1 5 4 2 1 
8 8 6 6 6 4 0 6 6 4 5 4 2 0 6 6 4 4 7 4 0 2 4 3 6 5 1 4 5 4 6 4 4 2 5 4 5 3 4 2 1 4 2 1 7 3 4 0 6 0 4 4 1 5 3 5 4 2 7 4 4 2 3 4 1 0 1 3 1 1 5 2 4 2 4 6 3 3 3 2 3 3 3 5 6 3 5 5 4 3 3 0 3 3 0 2 0 6 2 0 2 5 2 3 0 3 3 4 6 5 4 2 5 3 5 6 2 1 3 4 5 4 4 5 1 6 5 6 5 4 4 0 0 3 5 1 4 3 2 2 4 1 5 2 5 4 2 5 2 5 3 5 2 4 3 0 1 2 2 2 3 4 4 2 4 
7 7 5 5 5 4 0 5 5 4 4 4 2 1 5 5 3 3 7 3 1 1 4 4 6 4 1 3 4 4 5 4 3 2 5 3 5 2 3 2 0 3 1 1 6 3 4 0 5 1 5 4 1 4 2 4 3 2 6 4 5 2 3 3 0 1 0 3 1 2 4 2 3 1 3 5 4 3 3 2 2 2 2 5 6 3 4 5 4 2 3 1 3 2 1 1 0 5 3 0 2 4 2 3 0 2 3 3 6 5 3 2 4 2 4 5 2 1 4 3 5 4 3 5 2 5 5 5 4 4 4 0 0 2 4 1 3 2 2 2 3 1 4 2 5 3 1 4 2 5 2 5 2 5 2 0 1 1 1 2 2 4 4 2 3 
4 4 4 4 4 1 3 2 3 2 2 2 3 3 3 2 1 2 4 1 4 1 2 3 3 1 2 1 2 1 3 1 1 1 2 0 2 2 1 0 2 1 2 2 3 1 2 2 2 4 4 2 1 4 2 1 1 1 3 1 3 2 3 2 2 3 2 1 3 2 2 0 2 2 2 2 3 0 1 3 0 1 1 3 3 2 3 2 2 1 0 4 1 2 3 1 3 2 1 3 2 2 1 0 3 0 3 2 3 2 1 2 3 1 1 2 2 1 2 1 2 1 2 3 2 3 2 2 1 4 3 3 2 0 2 1 3 0 0 0 1 2 3 2 3 1 1 2 2 2 2 2 3 3 2 3 2 1 1 0 2 2 1 1 2 
4 4 2 2 2 4 5 3 1 5 0 4 6 5 0 2 1 1 4 0 6 3 5 5 3 2 4 0 0 2 1 1 1 4 2 2 1 2 1 3 4 0 2 4 3 4 4 4 1 6 7 4 3 1 1 1 0 2 2 2 5 4 6 0 3 5 3 3 5 5 1 3 1 3 1 1 5 3 3 6 2 1 2 0 3 5 0 4 0 1 2 5 4 2 5 2 5 3 4 5 5 0 4 2 4 3 5 0 3 3 1 4 1 2 2 3 5 4 5 0 2 2 0 0 5 1 4 2 2 6 1 5 4 2 0 3 1 2 3 3 1 4 1 5 0 1 3 0 5 4 2 4 6 6 2 5 3 2 3 2 1 4 3 2 1 
6 6 5 5 5 2 1 4 4 3 3 3 2 2 4 4 2 2 5 2 2 0 3 3 5 3 1 2 3 3 4 2 2 1 3 2 3 2 2 0 1 2 1 1 5 2 3 1 4 2 4 3 0 4 2 3 2 1 5 2 3 2 3 2 0 2 0 2 2 1 3 1 2 1 2 4 3 2 1 2 1 1 1 4 5 2 3 4 3 1 1 2 2 2 1 1 1 4 1 1 2 3 1 1 1 1 3 3 5 3 2 1 4 1 3 4 1 0 3 2 3 2 2 4 1 4 4 4 3 4 3 1 1 1 3 0 3 1 0 1 2 1 4 2 4 2 0 3 2 4 2 3 2 4 2 1 0 1 0 0 2 3 3 1 2 
5 5 1 1 1 4 4 4 1 5 1 5 6 5 1 3 1 0 5 1 5 3 5 6 5 3 4 1 1 3 2 1 1 4 3 3 2 1 1 3 3 1 2 4 4 4 5 4 2 5 7 5 3 0 1 2 1 2 3 3 6 5 6 0 3 5 3 4 5 5 2 3 0 2 0 2 6 3 4 6 2 1 2 1 4 5 0 5 0 2 2 5 4 1 4 2 4 4 4 4 5 1 4 2 4 3 6 0 4 4 2 4 0 1 3 4 5 4 5 1 3 2 1 1 5 2 5 3 3 7 0 4 3 3 1 3 0 2 3 3 2 4 0 5 1 2 3 0 5 5 1 5 6 6 1 4 3 2 3 2 1 5 4 2 1 
5 5 4 4 4 2 3 3 3 3 2 2 4 3 2 2 0 1 4 1 4 1 3 4 3 1 2 1 1 1 2 1 0 2 2 1 2 1 0 1 2 1 1 2 4 2 3 3 2 4 5 3 1 3 1 1 1 0 3 1 4 2 4 1 2 3 2 1 3 3 2 1 1 2 1 2 4 1 1 4 0 0 0 2 3 3 2 3 1 0 0 4 2 1 3 1 3 3 2 3 3 1 2 0 3 1 3 1 3 2 1 2 2 1 1 3 3 2 3 1 2 1 1 2 3 2 3 2 2 5 2 3 2 0 2 1 2 0 1 1 0 2 3 3 2 0 1 2 3 3 1 3 4 4 1 3 1 1 1 0 1 3 2 0 1 
5 5 5 5 5 2 2 3 4 2 3 2 2 2 3 3 2 2 5 2 3 0 3 3 4 2 1 2 2 2 3 2 2 1 3 1 3 2 1 0 2 2 1 1 4 1 3 2 3 3 4 2 1 4 2 2 2 1 4 2 3 1 3 2 1 2 1 1 2 2 3 0 2 1 2 3 3 1 1 2 0 1 1 3 4 2 3 3 3 1 1 3 1 2 2 1 2 3 1 2 2 3 1 1 2 0 2 2 4 2 2 1 4 1 2 3 1 1 2 2 3 2 2 3 2 4 3 3 2 4 3 2 2 0 3 0 3 1 0 0 1 1 4 1 3 1 0 3 2 3 2 3 2 3 2 2 1 1 0 0 2 2 2 0 2 
5 5 5 5 5 1 2 3 4 2 3 1 2 3 4 3 2 3 4 2 3 1 2 2 4 2 1 2 2 2 3 2 2 0 3 1 3 2 2 0 2 2 2 1 4 1 2 2 3 3 3 2 1 4 2 2 2 1 4 1 2 1 3 2 2 3 2 1 2 2 3 0 2 2 3 3 2 0 0 2 0 1 1 3 4 2 3 3 3 1 1 3 1 2 2 1 2 3 1 2 1 3 1 1 2 0 2 3 4 2 2 1 4 2 2 3 1 1 2 2 3 2 2 3 1 4 3 3 2 3 3 2 2 0 3 1 3 1 0 0 2 1 4 1 3 2 1 3 1 2 2 2 2 3 2 2 1 1 1 0 2 2 2 1 2 
4 4 3 3 3 2 4 2 2 3 1 3 4 4 2 2 0 1 3 0 5 2 3 4 3 1 3 0 0 1 1 0 0 2 1 1 1 2 0 1 3 0 2 3 3 2 3 3 1 5 5 3 2 2 1 0 0 1 2 1 4 3 5 1 2 4 3 2 4 4 1 2 1 3 1 1 4 1 2 4 1 0 1 1 2 4 2 3 1 1 0 4 2 2 4 2 4 2 3 4 3 1 3 0 3 2 4 1 3 2 0 3 2 1 1 2 3 2 3 0 1 0 0 1 3 2 3 2 1 5 2 4 3 1 1 2 2 0 1 2 0 3 2 3 1 0 2 1 4 3 2 3 4 5 2 4 2 1 2 1 1 3 2 1 1 
6 6 6 6 6 2 1 4 5 2 4 2 1 1 5 5 3 4 6 3 2 1 2 2 5 3 0 3 4 3 5 3 3 0 4 3 4 3 3 1 2 3 2 0 6 2 3 1 5 2 3 3 1 5 3 4 3 2 5 3 3 1 2 4 1 1 1 2 1 0 4 1 3 2 4 5 2 2 1 1 2 3 2 5 5 1 4 4 4 2 2 2 2 3 1 2 1 4 1 1 1 4 0 2 1 1 2 4 5 3 3 0 5 3 3 4 0 0 2 3 4 3 4 5 0 5 4 5 4 3 4 1 1 2 4 1 4 2 1 1 3 0 5 0 5 3 1 4 0 3 3 3 1 3 3 1 1 2 1 2 3 2 3 2 3 
6 6 1 1 1 5 5 5 0 6 1 5 7 6 1 3 2 1 5 2 6 4 6 7 5 4 5 2 2 3 2 2 2 5 3 3 3 2 2 4 4 2 3 5 5 5 6 5 3 6 8 6 4 0 2 3 2 3 4 4 7 6 7 1 4 6 4 4 6 6 2 4 1 3 1 2 7 4 4 7 3 2 2 1 4 6 0 5 1 3 3 6 5 2 5 3 5 5 5 5 6 2 5 3 5 4 6 1 5 5 2 5 0 2 3 5 6 5 6 2 3 3 1 2 6 3 5 3 4 8 0 5 4 3 1 4 0 3 4 4 2 5 0 6 1 3 4 1 6 6 2 6 7 7 2 5 3 3 4 3 1 6 4 3 1 
6 6 7 7 7 1 2 4 6 1 5 2 1 2 5 5 3 4 6 4 2 2 2 1 5 3 0 4 4 3 5 4 3 0 4 3 4 4 3 1 3 4 3 1 5 1 2 2 5 3 2 2 2 6 4 4 4 3 5 3 2 0 1 4 2 2 2 2 1 0 4 1 4 3 4 5 1 2 1 1 2 3 3 5 5 0 5 3 5 3 2 3 1 4 2 3 2 4 0 2 0 4 0 2 2 1 1 4 5 3 3 0 5 3 3 4 0 1 1 4 4 3 4 5 0 5 3 5 3 2 5 2 2 2 5 2 5 3 1 1 3 0 6 0 5 3 2 5 0 3 4 3 1 2 4 2 2 3 2 2 4 2 3 2 4 
4 4 2 2 2 4 5 3 1 5 0 4 6 6 0 2 1 1 3 1 6 3 5 6 3 2 5 1 1 2 0 1 1 4 2 2 1 3 1 3 5 1 3 5 3 4 5 5 1 6 7 5 4 1 2 1 1 3 2 2 6 5 6 1 4 6 4 3 6 5 0 4 1 4 1 1 6 3 4 6 3 2 2 0 3 5 1 4 1 2 2 6 4 3 5 3 5 3 5 5 5 0 5 2 5 3 6 1 3 3 1 5 1 2 2 3 5 4 5 1 2 2 1 0 5 1 4 2 2 7 2 5 5 3 0 4 1 2 3 3 1 5 1 5 0 1 3 0 5 4 2 4 6 6 3 5 4 3 3 3 2 5 3 3 2 
4 4 4 4 4 2 4 2 2 3 1 2 4 4 2 2 0 2 3 1 5 2 3 4 3 1 3 0 0 0 1 0 0 2 1 0 1 2 0 1 3 0 2 3 3 2 3 4 1 5 5 3 2 3 2 0 0 1 2 1 4 3 5 1 3 4 3 1 4 4 1 2 1 3 2 1 4 1 2 4 1 0 1 1 2 3 2 2 1 1 0 5 2 2 4 2 4 2 3 4 3 1 3 0 4 2 4 1 3 2 0 3 2 1 0 2 3 2 3 0 1 0 1 1 3 2 2 2 1 5 2 4 3 1 1 2 2 0 1 2 0 3 3 3 1 0 2 1 4 3 2 3 4 4 2 4 2 1 2 1 2 3 1 1 1 
6 6 4 4 4 3 1 4 4 3 3 3 3 2 4 4 2 2 5 2 2 0 3 3 5 3 1 2 3 3 4 2 2 1 3 2 3 1 1 0 1 2 1 1 5 2 3 1 4 2 4 3 0 4 1 3 2 0 5 2 4 2 3 2 0 2 0 2 2 2 3 1 2 1 2 4 3 2 1 3 1 1 1 3 5 3 3 4 2 1 1 2 2 1 1 0 2 4 2 1 2 3 2 1 1 1 3 2 5 3 2 2 3 1 3 4 2 1 3 2 3 2 2 3 2 4 4 4 3 4 3 2 1 1 3 0 3 1 0 1 2 1 4 2 3 2 0 3 2 4 1 4 3 4 1 1 0 0 0 0 2 3 3 0 2 
5 5 2 2 2 4 5 4 1 5 0 4 6 5 1 2 1 1 4 1 6 3 5 6 4 2 4 1 1 2 1 1 1 4 2 2 2 2 1 3 4 1 2 4 4 4 5 4 1 6 7 5 3 1 1 1 1 2 3 2 6 4 6 0 3 5 3 3 5 5 1 3 1 3 1 1 6 3 3 6 2 1 2 0 3 5 0 4 0 2 2 5 4 2 5 2 5 4 4 5 5 0 4 2 4 3 5 0 4 3 1 4 0 2 2 4 5 4 5 0 2 2 0 1 5 2 4 2 2 7 1 5 4 2 0 3 0 2 3 3 1 4 1 5 0 1 3 0 5 4 1 4 6 6 2 4 3 2 3 2 1 5 3 2 1 
6 6 7 7 7 2 2 4 6 2 5 2 0 2 6 5 4 5 6 4 2 2 2 1 5 4 0 4 4 4 5 4 4 1 4 3 5 4 4 2 3 4 3 1 6 1 2 2 5 2 2 2 2 6 4 4 4 3 6 3 2 0 1 4 2 2 2 2 1 0 5 1 4 3 5 5 1 2 1 0 2 3 3 5 5 0 5 4 5 3 3 2 2 4 2 3 2 4 1 2 0 5 0 3 2 2 1 5 5 3 4 0 6 3 4 4 0 1 1 4 4 4 4 5 0 5 4 5 4 2 5 2 2 2 5 2 5 3 2 1 4 0 6 0 5 4 2 5 0 3 4 3 0 2 4 2 2 3 2 2 4 2 3 3 4 
3 3 7 7 7 1 5 1 5 1 4 1 4 5 4 3 3 5 3 4 6 4 1 2 2 2 3 3 3 2 4 3 3 3 2 2 3 5 3 3 5 4 4 3 2 1 0 5 3 6 3 1 4 6 4 3 3 4 3 1 1 2 4 4 4 5 4 1 4 4 3 2 4 5 5 3 2 2 2 4 2 3 3 4 2 2 5 0 4 3 2 6 1 5 5 4 5 1 2 5 3 4 2 2 5 2 2 4 2 0 3 3 5 4 2 1 3 3 1 4 2 2 4 4 4 3 0 3 2 3 5 5 5 2 4 4 5 3 3 2 3 3 6 3 4 3 4 4 3 0 5 0 4 2 5 5 4 4 4 3 5 1 1 3 4 
6 6 2 2 2 4 3 4 2 5 2 4 4 4 2 4 1 0 5 1 4 1 5 5 5 3 3 1 2 3 3 2 1 3 3 2 3 0 1 2 2 1 0 3 5 3 5 3 3 4 6 4 1 2 0 2 1 1 4 3 5 4 5 1 1 4 2 3 4 4 2 2 0 1 0 3 5 3 3 4 2 1 1 2 4 4 1 5 1 1 2 3 4 0 3 1 3 4 3 3 4 2 3 2 3 2 5 1 5 4 2 3 2 0 3 4 4 2 4 1 3 2 1 2 3 3 5 4 3 6 1 3 2 2 2 2 1 1 2 2 2 3 2 4 2 2 1 1 4 5 0 4 4 6 0 3 1 0 1 1 0 4 3 1 0 
3 3 7 7 7 1 5 1 6 1 4 0 4 5 4 3 3 5 3 4 5 3 1 2 2 2 3 3 3 2 4 3 3 2 2 2 3 5 3 3 5 4 4 3 3 1 0 4 3 5 3 0 4 6 4 3 3 3 3 1 1 2 3 4 4 5 4 1 4 3 3 2 4 5 5 3 2 1 2 4 2 3 3 4 2 2 5 0 4 3 2 5 1 5 4 4 5 1 2 5 3 4 2 2 5 2 2 4 2 1 3 2 5 4 2 1 3 3 1 4 2 2 4 4 3 4 0 3 2 3 5 5 5 2 4 3 5 3 3 2 3 3 6 3 4 3 4 4 3 0 4 0 4 2 5 5 4 4 3 3 4 0 1 3 4 
7 7 7 7 7 3 2 5 7 2 6 3 0 1 6 6 4 5 7 5 2 3 3 1 6 5 1 5 5 4 6 5 4 1 5 4 5 4 4 2 3 5 4 1 7 2 3 2 6 2 2 3 2 7 4 5 5 3 7 4 3 1 0 5 3 1 3 3 1 0 6 2 5 3 5 6 1 3 2 0 3 4 4 6 6 1 6 5 6 4 3 2 2 4 2 3 2 5 2 2 1 6 1 4 2 2 1 5 6 4 5 1 6 4 5 5 1 1 2 5 5 4 5 6 1 6 4 6 5 2 6 2 2 3 6 2 6 4 2 2 4 1 7 1 6 4 3 6 0 4 4 4 0 2 4 2 3 4 3 3 5 3 4 3 5 
6 6 8 8 8 2 4 4 7 1 6 2 2 4 6 5 5 6 6 5 4 4 1 0 4 4 3 5 5 4 6 5 5 2 5 4 5 6 5 3 5 5 5 3 5 2 2 4 6 4 0 1 4 7 6 5 5 4 6 3 0 2 1 6 4 4 4 2 3 2 5 3 6 5 6 6 0 3 2 2 4 5 4 6 5 1 6 3 6 4 4 5 2 6 4 5 4 4 2 4 2 6 2 4 4 3 1 6 5 3 5 2 7 5 4 4 2 3 1 5 5 4 5 6 2 6 3 5 4 0 7 4 5 3 6 4 6 4 3 3 5 3 7 2 6 4 4 6 2 2 6 2 2 0 6 5 4 5 4 4 6 1 3 4 5 
6 6 3 3 3 4 3 4 2 5 2 4 4 4 3 4 1 1 5 1 4 1 5 5 5 3 3 2 2 3 3 2 2 3 3 3 3 0 1 2 2 1 0 3 5 4 5 3 3 4 6 4 1 2 0 2 1 1 4 3 5 4 5 1 1 3 2 3 4 3 3 2 1 1 1 3 5 3 3 4 2 1 1 2 5 4 1 5 1 1 2 3 4 0 3 1 3 5 3 3 4 2 3 2 2 3 5 1 5 4 2 3 2 0 3 5 3 2 4 1 3 3 1 3 3 3 5 4 3 6 1 3 2 2 2 2 1 1 2 2 2 3 2 4 3 2 1 2 4 5 0 5 4 6 0 2 1 0 1 1 0 4 3 1 0 
8 8 5 5 5 4 0 6 5 4 5 4 2 1 5 6 4 4 7 4 1 1 4 4 6 5 1 4 5 4 5 4 4 2 5 4 5 2 3 2 0 4 2 1 7 3 5 0 6 1 5 4 1 5 3 5 4 2 6 4 5 3 3 4 1 1 1 4 1 2 5 2 3 1 4 5 4 3 3 2 3 3 3 5 6 3 4 6 4 3 3 0 4 2 0 2 0 6 3 0 2 5 2 3 0 3 3 4 7 5 4 2 5 2 5 6 2 2 4 4 5 4 4 5 2 6 5 6 5 4 4 0 0 3 5 1 4 3 2 2 4 1 5 2 5 4 1 4 2 5 3 5 2 5 2 0 1 2 1 2 3 4 4 2 3 
6 6 4 4 4 3 1 4 4 4 3 3 3 2 4 4 2 2 6 2 2 0 4 4 5 3 1 2 3 3 4 2 2 2 4 2 4 1 2 1 1 2 0 1 5 3 4 1 4 2 5 4 0 3 1 3 2 1 5 3 4 2 3 2 0 2 0 2 2 2 3 1 2 0 2 4 4 2 2 3 1 1 1 3 5 3 3 4 3 1 2 2 3 1 1 0 1 4 2 1 2 3 2 2 1 2 3 2 5 4 2 2 3 1 3 5 2 1 3 2 4 3 2 4 2 4 4 4 3 4 3 1 1 2 3 0 3 1 1 1 2 1 3 2 4 2 0 3 2 4 1 4 3 4 1 1 0 0 0 1 2 4 3 1 2 
6 6 3 3 3 3 2 4 3 4 2 3 4 3 3 3 1 1 5 1 3 1 4 4 4 3 2 1 2 2 3 2 1 2 3 2 3 1 1 1 1 1 0 2 5 3 4 2 3 3 5 4 1 3 0 2 1 0 4 2 4 3 4 1 1 3 1 2 3 3 2 2 1 1 1 3 4 2 2 3 1 0 0 3 4 3 2 4 2 0 1 3 3 1 2 0 2 4 3 2 3 2 2 1 2 2 4 1 5 3 2 2 2 0 2 4 3 2 3 1 3 2 1 3 3 3 4 3 3 5 2 2 1 1 2 1 2 1 1 1 1 2 3 3 3 1 0 2 3 4 0 4 4 5 0 2 0 0 1 0 1 4 3 0 1 
6 6 4 4 4 2 1 4 4 3 3 3 3 2 4 4 2 2 5 2 2 0 3 3 5 3 1 2 3 2 4 2 2 1 3 2 3 1 2 0 1 2 1 1 5 2 3 1 4 2 4 3 0 4 1 3 2 0 5 2 4 2 3 2 0 2 0 2 2 2 3 1 2 1 2 4 3 2 1 2 1 1 1 3 4 2 3 4 3 1 1 2 2 1 1 0 2 4 2 1 2 3 1 1 1 1 3 2 5 3 2 2 3 1 3 4 2 1 3 2 3 2 2 3 2 4 4 4 3 4 3 2 1 1 3 0 3 1 0 1 2 1 4 2 3 2 0 3 2 4 1 3 3 4 1 1 0 1 0 0 2 3 3 0 2 
5 5 4 4 4 2 2 3 3 3 2 2 3 3 3 3 1 2 4 1 3 0 3 3 4 2 2 1 2 2 3 1 1 1 2 1 2 1 1 0 2 1 1 1 4 2 3 2 3 3 4 3 1 3 1 2 1 0 4 1 3 2 3 2 1 3 1 1 3 2 2 1 1 1 2 3 3 1 1 3 0 0 0 3 4 3 2 3 2 0 1 3 2 1 2 1 2 3 2 2 2 2 2 0 2 1 3 2 4 2 1 2 3 1 2 3 2 1 3 1 2 1 1 3 2 3 3 3 2 4 3 2 2 0 2 0 2 0 0 0 1 2 3 2 3 1 0 2 2 3 1 3 3 4 1 2 1 0 0 0 1 3 2 0 1 
6 6 2 2 2 4 3 4 2 5 1 4 5 4 2 3 1 0 5 1 4 2 5 5 5 3 3 1 2 2 2 1 1 3 3 2 3 0 1 2 2 1 1 3 5 4 5 3 3 4 6 4 2 1 0 2 1 1 4 3 5 4 5 0 2 4 2 3 4 4 2 3 0 1 0 3 5 3 3 5 2 1 1 2 4 4 1 4 1 1 2 4 4 0 3 1 3 4 4 3 4 2 3 2 3 3 5 0 5 4 2 4 1 0 2 4 4 3 4 1 3 2 1 2 4 3 4 3 3 6 1 3 2 2 1 2 1 1 2 2 1 3 1 4 2 2 2 1 4 5 0 4 5 6 0 3 2 1 2 1 0 4 3 1 0 
4 4 7 7 7 0 4 2 6 0 4 0 3 4 5 3 3 5 4 4 5 3 0 1 3 2 2 3 4 2 4 3 3 2 3 2 3 5 3 2 4 4 4 3 3 0 0 4 4 5 2 0 3 6 4 3 4 3 4 2 1 1 2 4 4 4 4 1 3 3 4 2 4 4 5 4 1 1 1 3 2 3 3 5 3 1 5 1 4 3 2 5 0 5 4 4 4 2 1 4 2 4 2 2 4 1 1 4 3 1 3 2 5 4 2 2 2 2 0 4 3 2 4 4 3 4 1 3 2 2 5 4 4 2 4 3 5 3 2 2 3 2 6 2 5 3 3 5 2 1 4 0 3 1 4 4 4 4 3 3 4 0 1 3 4 
3 3 5 5 5 1 4 1 4 2 3 1 4 4 3 2 2 3 3 2 5 3 2 3 2 1 3 2 2 1 3 2 2 2 1 1 2 4 2 2 4 2 3 3 2 1 1 4 2 5 4 1 3 4 3 1 2 2 2 0 2 2 4 3 3 4 4 0 4 3 2 1 3 4 3 2 3 1 1 4 1 2 2 3 2 2 4 1 3 2 1 5 1 4 4 3 4 1 2 4 3 2 2 1 4 1 3 3 2 0 1 2 4 3 1 1 3 3 2 2 1 1 3 3 3 3 1 2 1 4 4 4 4 1 3 3 4 2 2 2 2 3 4 3 3 1 3 3 3 1 3 1 4 3 3 4 3 3 3 2 3 1 0 2 3 
5 5 4 4 4 2 2 3 3 3 2 3 3 3 3 3 1 1 5 1 3 0 3 4 4 2 2 1 2 2 3 1 1 2 3 1 2 1 1 1 2 1 1 2 4 2 3 2 3 3 5 3 1 3 1 2 1 0 4 2 4 2 4 1 1 3 1 2 3 2 2 1 1 1 1 3 4 1 1 3 0 0 0 3 4 3 2 4 2 0 1 3 2 1 2 0 2 4 2 2 2 2 2 1 2 1 3 2 4 3 1 2 3 0 2 4 2 1 3 1 3 2 1 3 2 3 3 3 2 5 2 2 2 1 2 1 2 0 0 1 1 2 3 2 3 1 0 2 3 3 1 3 3 4 1 2 1 0 0 0 1 3 2 0 1 
5 5 2 2 2 4 3 4 2 4 1 4 5 4 2 3 1 0 5 0 4 2 5 5 4 2 3 1 1 2 2 1 1 3 2 2 2 1 0 2 2 0 1 3 4 3 4 3 2 4 6 4 2 2 0 2 0 1 3 2 5 4 5 0 2 4 2 3 4 4 2 2 0 2 0 2 5 2 3 5 1 0 1 1 4 4 1 4 0 1 2 4 3 1 3 1 3 4 3 3 4 1 3 1 3 2 5 0 4 3 1 3 1 0 2 4 4 3 4 0 3 2 0 2 4 2 4 3 2 6 1 4 3 2 1 2 1 1 2 2 1 3 1 4 2 1 2 1 4 4 0 4 5 5 0 3 2 1 2 1 0 4 3 1 0 
