160 7441.72 0 1680 7 240
51.91 31.31 6.49 28.82 20.69 81.25 31.99 75.14 50.79 28.79 20.47 41.22 8.79 71.37 6.95 64.68 86.75 47.82 82.46 80.08 75.01 41.73 59.12 57.36 60.75 81.31 8.24 36.86 64.47 15.97 69.8 72.45 85.83 20.33 38.14 19.24 28.96 96.43 81.2 71.43 92.8 2.4 74.57 97.13 97.3 18.92 35.55 91.82 24.16 46.3 41.84 39.02 74.92 69.82 45.99 70.06 49.35 31.95 18.91 13.15 1.41 35.3 31.63 16.98 5.91 2.76 96.08 3.06 7.98 70.48 53.0 83.48 51.97 13.47 46.44 12.7 48.15 38.29 73.59 3.62 75.58 6.97 49.13 70.24 79.46 73.71 3.26 60.28 80.06 70.15 42.19 12.79 6.74 9.9 46.66 62.67 47.98 73.56 53.42 41.64 70.97 14.51 2.42 8.95 72.49 3.86 74.48 52.58 96.2 68.36 59.02 65.52 70.51 69.92 39.5 41.17 35.55 35.83 92.75 20.35 94.53 12.23 84.47 69.01 2.5 49.95 96.74 94.7 46.93 64.58 40.5 86.71 90.01 92.3 23.97 86.14 92.51 17.82 26.19 98.44 93.12 23.97 82.43 38.27 43.01 93.09 3.15 86.16 50.24 58.47 54.19 30.48 51.08 41.53 37.79 83.96 15.39 19.81 15.72 20.34 
69.97 36.6 84.24 83.66 42.86 27.55 18.34 64.49 74.15 73.46 56.96 34.95 55.57 61.5 89.4 48.4 34.47 32.89 49.37 69.26 10.06 17.13 89.61 26.33 44.25 63.9 58.52 46.3 18.24 10.07 74.41 55.39 43.19 49.14 77.9 25.94 16.21 68.96 23.22 33.21 47.39 57.13 57.32 89.92 52.52 22.96 60.98 74.02 59.66 63.45 38.42 20.73 44.69 69.41 50.95 13.49 85.57 83.97 21.21 20.57 21.45 42.85 67.73 48.03 67.27 88.51 87.95 87.06 83.25 87.37 75.31 76.85 76.68 61.85 60.49 12.74 28.24 62.18 31.82 73.58 21.92 33.15 30.97 86.58 17.77 52.2 35.55 43.4 67.05 57.64 22.38 19.29 77.92 26.39 59.78 70.14 62.85 72.45 20.76 15.8 66.25 85.52 60.87 66.08 13.01 55.58 17.34 72.67 26.63 41.42 64.96 37.87 39.07 20.25 38.11 59.58 54.28 68.26 28.87 21.85 87.86 65.47 48.57 58.01 40.56 64.04 37.68 41.69 19.58 75.18 38.04 44.63 38.43 87.64 13.88 30.73 12.58 25.8 83.25 76.99 39.96 21.96 17.73 40.44 70.05 29.5 73.82 40.56 25.54 69.27 30.73 59.87 75.12 70.46 89.44 15.27 53.27 46.49 25.1 81.86 
5 3 1 3 2 8 3 7 5 3 2 4 1 7 1 6 8 5 8 8 7 4 6 6 6 8 1 4 6 2 7 7 8 2 4 2 3 9 8 7 9 1 7 9 9 2 4 9 3 5 4 4 7 7 5 7 5 3 2 2 1 4 3 2 1 1 9 1 1 7 5 8 5 2 5 2 5 4 7 1 7 1 5 7 8 7 1 6 8 7 4 2 1 1 5 6 5 7 5 4 7 2 1 1 7 1 7 5 9 7 6 6 7 7 4 4 4 4 9 2 9 2 8 7 1 5 9 9 5 6 4 8 9 9 3 8 9 2 3 9 9 3 8 4 4 9 1 8 5 6 5 3 5 4 4 8 2 2 2 2 
1 2 3 4 5 6 7 8 9 10 11 12 13 14 15 16 17 18 19 20 21 22 23 24 25 26 27 28 29 30 31 32 33 34 35 36 37 38 39 40 41 42 43 44 45 46 47 48 49 50 51 52 53 54 55 56 57 58 59 60 61 62 63 64 65 66 67 68 69 70 71 72 73 74 75 76 77 78 79 80 81 82 83 84 85 86 87 88 89 90 91 92 93 94 95 96 97 98 99 100 101 102 103 104 105 106 107 108 109 110 111 112 113 114 115 116 117 118 119 120 121 122 123 124 125 126 127 128 129 130 131 132 133 134 135 136 137 138 139 140 141 142 143 144 145 146 147 148 149 150 151 152 153 154 155 156 157 158 159 160 
2 1 1 1 3 3 1 1 2 1 3 2 1 1 1 3 3 2 3 3 1 2 3 3 3 3 1 2 3 3 1 1 3 3 2 3 1 2 3 1 2 1 1 2 2 3 2 2 1 2 2 2 1 1 2 1 2 1 3 3 1 2 1 3 1 1 2 1 1 1 2 3 2 3 2 3 2 2 1 1 1 1 2 1 3 1 1 3 3 1 2 3 1 1 2 3 2 1 2 2 1 3 1 1 1 1 1 2 2 1 3 3 1 1 2 2 2 2 2 3 2 3 3 1 1 2 2 2 2 3 2 3 2 2 1 3 2 3 1 2 2 1 3 2 2 2 1 3 2 3 2 1 2 2 2 3 3 3 3 3 
1 2 1 2 1 3 2 3 1 2 1 1 1 3 1 3 3 1 3 3 3 1 3 3 3 3 1 1 3 1 3 3 3 1 1 1 2 2 3 3 2 1 3 2 2 1 1 2 2 1 1 1 3 3 1 3 1 2 1 1 1 1 2 1 1 1 2 1 1 3 1 3 1 1 1 1 1 1 3 1 3 1 1 3 3 3 1 3 3 3 1 1 1 1 1 3 1 3 1 1 3 1 1 1 3 1 3 1 2 3 3 3 3 3 1 1 1 1 2 1 2 1 3 3 1 1 2 2 1 3 1 3 2 2 2 3 2 1 2 2 2 2 3 1 1 2 1 3 1 3 1 2 1 1 1 3 1 1 1 1 
1 10 2 10 10 1 4 1 9 10 3 10 3 5 10 3 8 6 6 7 4 8 3 9 5 5 4 1 2 2 9 6 2 6 6 4 2 7 7 2 3 1 6 1 9 3 4 2 10 3 1 5 8 9 4 3 10 6 7 7 8 4 6 3 1 7 8 6 8 3 8 1 4 3 8 3 5 2 1 10 3 9 10 9 3 4 4 9 2 10 5 3 10 7 7 5 9 2 7 6 5 9 5 6 8 1 1 7 1 10 4 5 6 3 10 5 1 9 2 7 1 8 5 9 5 2 6 8 9 9 7 9 1 6 3 2 7 5 7 6 4 10 2 2 4 9 2 8 1 9 6 8 9 9 6 8 4 6 3 8 
4359.07 3980.08 3576.46 4333.44 3484.26 4339.63 4253.06 4362.26 3447.53 4428.43 4490.34 4303.05 4234.62 4070.03 3728.6 3294.14 4268.36 4068.1 4697.63 4576.26 4324.25 4248.17 3364.17 3321.71 4036.22 4049.05 4258.66 3959.04 3424.83 3535.99 3634.56 3857.82 3550.27 3777.92 4106.04 4330.26 3447.36 4172.79 4577.5 3660.24 3393.28 4005.06 3433.09 4454.24 3481.72 3289.86 3965.6 3454.4 4214.76 3863.32 3902.93 4034.85 4356.73 3332.59 4333.46 3889.91 4197.07 4630.13 4690.94 4483.12 3786.17 4338.25 4270.58 4346.98 3944.53 4200.38 3701.98 4446.27 4047.65 3910.35 3917.05 4020.15 4025.15 4523.91 3906.11 4293.22 4066.65 3479.4 4198.84 4115.43 3542.24 3564.5 3518.81 3432.65 3898.38 4023.48 4320.46 3369.08 3598.42 3858.45 4034.41 3646.46 4407.95 4486.72 4518.17 4131.04 3422.46 3646.78 4674.05 4057.59 4102.7 3591.6 4057.6 3629.37 4032.63 3972.9 4316.64 4390.35 4120.15 3860.2 4014.59 4064.55 4303.81 4438.31 4168.76 4049.17 3978.62 3538.76 3588.5 4066.64 4394.42 4174.87 4067.67 3392.53 4057.54 3543.44 4401.63 4296.0 3501.4 3619.56 4245.53 3439.47 3933.15 3444.52 4090.87 3426.51 4294.33 4061.46 4371.09 3245.95 4182.41 3942.97 3636.77 3453.99 4321.14 3562.35 3429.39 4417.1 4135.0 3464.93 3997.01 3734.7 3367.13 3631.97 3943.0 3729.03 3929.83 3628.53 3894.57 3646.43 
0.88 0.25 0.48 0.26 0.21 0.87 0.93 0.87 0.96 0.22 0.66 0.26 0.61 0.45 0.23 0.66 0.41 0.67 0.76 0.47 0.89 0.43 0.64 0.91 0.73 0.32 0.89 0.85 0.51 0.5 0.82 0.33 0.48 0.71 0.7 0.93 0.42 0.68 0.47 0.44 0.67 0.85 0.94 0.88 0.89 0.64 0.9 0.41 0.27 0.67 0.86 0.38 0.43 0.89 0.89 0.6 0.26 0.58 0.57 0.44 0.44 0.91 0.59 0.63 0.88 0.53 0.43 0.36 0.42 0.68 0.44 0.86 0.88 0.62 0.43 0.61 0.64 0.51 0.84 0.22 0.67 0.93 0.27 0.76 0.65 0.87 0.92 0.62 0.46 0.27 0.78 0.66 0.24 0.7 0.68 0.87 0.54 0.46 0.41 0.95 0.68 0.83 0.67 0.52 0.42 0.86 0.88 0.44 0.84 0.22 0.94 0.43 0.7 0.61 0.21 0.66 0.91 0.58 0.45 0.4 0.86 0.43 0.35 0.64 0.41 0.4 0.28 0.43 0.58 0.66 0.7 0.78 0.92 0.53 0.67 0.5 0.53 0.88 0.7 0.76 0.94 0.2 0.42 0.44 0.9 0.85 0.46 0.42 0.85 0.79 0.74 0.44 0.86 0.87 0.88 0.42 0.9 0.83 0.67 0.44 
0.76 1.0 0.97 0.75 0.68 0.88 0.86 0.84 0.64 1.0 1.0 1.0 1.0 0.95 0.69 0.64 1.0 0.79 0.67 0.68 0.89 0.83 0.61 0.69 0.91 0.61 0.86 1.0 1.0 0.56 1.0 0.86 1.0 0.79 1.0 0.57 0.94 0.9 0.62 0.63 0.93 1.0 0.59 0.52 0.81 0.9 0.81 0.52 0.53 1.0 0.61 1.0 0.61 0.51 0.75 1.0 0.58 0.6 0.89 0.75 1.0 0.89 0.82 0.84 0.89 0.73 0.76 0.87 0.78 1.0 0.62 0.6 0.65 1.0 1.0 0.98 0.81 1.0 0.77 0.51 0.65 0.68 0.99 0.71 1.0 0.75 0.79 0.52 0.78 0.59 0.51 0.77 0.59 0.55 0.84 0.94 0.53 0.83 0.95 0.51 0.67 0.64 0.72 0.56 0.75 0.9 0.98 0.55 0.51 0.62 0.74 0.8 0.6 0.97 0.69 0.8 0.54 1.0 0.73 0.96 0.79 0.67 0.84 0.67 0.89 0.77 0.92 0.65 0.66 0.83 1.0 1.0 0.74 1.0 0.65 0.57 0.54 0.55 0.78 1.0 0.8 1.0 0.67 0.6 0.89 0.71 0.6 1.0 0.8 0.55 0.68 0.98 0.74 0.86 0.79 1.0 0.72 0.64 1.0 0.96 
0.68 0.77 0.54 0.62 0.67 0.93 0.71 0.93 0.63 0.73 0.8 1.0 0.99 1.0 0.81 0.71 0.56 0.8 0.86 0.57 0.94 0.62 0.69 0.85 1.0 1.0 0.54 0.93 0.93 0.55 0.58 0.52 0.82 0.8 1.0 0.83 0.99 0.82 1.0 1.0 1.0 0.85 1.0 0.67 0.62 0.88 1.0 0.86 0.54 0.91 1.0 0.92 0.8 0.54 0.73 1.0 1.0 0.76 0.59 0.98 0.75 0.78 0.71 0.81 0.73 0.65 1.0 0.72 0.67 0.68 1.0 0.52 1.0 0.81 0.63 0.81 0.81 1.0 0.8 0.74 1.0 0.62 1.0 0.84 0.66 0.94 0.58 0.84 1.0 0.82 0.68 1.0 0.54 0.71 1.0 0.64 1.0 0.62 0.53 0.77 0.54 0.79 0.66 1.0 0.77 0.98 0.93 0.65 1.0 0.77 0.61 0.66 0.91 0.94 0.69 0.74 0.83 0.81 0.87 0.68 0.53 0.82 0.6 0.68 0.71 0.97 0.82 0.86 1.0 1.0 0.93 0.86 0.65 0.68 0.61 0.54 0.6 0.69 0.66 0.7 0.93 0.89 1.0 0.84 0.89 0.95 0.85 0.51 0.63 0.96 0.89 0.86 0.94 0.99 0.52 0.81 0.66 0.51 0.88 0.78 
0.92 0.57 1.0 0.87 0.74 0.98 0.78 0.51 0.86 0.53 0.75 0.56 0.51 0.74 0.81 0.77 0.52 0.98 0.87 0.91 0.53 1.0 0.97 0.95 0.92 0.96 0.76 0.89 1.0 0.93 0.71 1.0 0.92 1.0 0.86 1.0 0.8 0.91 0.98 0.77 0.76 1.0 0.65 1.0 1.0 0.71 0.98 0.74 0.7 1.0 0.64 0.73 0.55 0.98 1.0 0.78 0.99 0.87 0.79 0.53 0.86 0.82 0.64 0.95 0.91 0.64 0.78 0.96 1.0 0.61 0.72 0.61 1.0 0.71 0.73 0.61 0.62 0.91 0.57 0.85 0.86 0.75 0.75 1.0 0.83 0.72 0.77 1.0 0.92 0.7 0.54 0.5 0.9 0.63 0.98 0.79 0.89 0.86 0.8 1.0 0.56 1.0 1.0 1.0 0.93 0.71 0.71 0.95 0.73 0.75 1.0 0.57 0.52 0.74 0.77 0.9 0.87 0.68 0.8 1.0 1.0 0.54 1.0 0.74 0.52 1.0 1.0 0.66 1.0 0.75 1.0 1.0 1.0 0.86 0.79 0.98 0.56 1.0 1.0 1.0 1.0 0.82 0.87 0.68 1.0 0.52 0.79 0.81 0.88 1.0 0.6 1.0 0.83 0.81 0.59 0.58 0.5 0.64 0.97 0.61 
1.0 1.0 0.64 0.94 0.9 0.99 0.74 1.0 0.65 0.91 0.66 1.0 0.6 0.82 0.98 1.0 0.93 0.95 1.0 0.95 0.81 0.77 0.77 0.68 1.0 0.76 1.0 0.82 0.51 0.55 0.97 0.63 1.0 1.0 0.63 0.52 0.89 0.52 1.0 1.0 1.0 0.96 0.7 0.96 0.91 0.87 1.0 0.61 0.72 0.52 0.85 0.6 0.9 0.94 0.77 0.68 0.52 0.92 0.69 1.0 0.87 0.72 1.0 0.61 1.0 0.69 1.0 1.0 1.0 0.95 0.9 0.57 0.82 0.97 0.76 0.74 0.66 0.72 0.81 0.59 0.8 0.59 0.75 0.69 0.56 1.0 0.73 0.91 0.86 1.0 1.0 0.56 0.85 0.97 0.97 0.89 0.8 0.7 0.64 0.54 0.81 0.52 0.96 0.53 1.0 1.0 0.8 0.93 0.73 0.98 1.0 1.0 0.81 0.87 1.0 0.78 0.74 0.92 0.67 0.66 0.93 0.66 0.61 0.66 0.61 0.74 1.0 0.71 0.97 0.59 1.0 0.56 0.9 1.0 1.0 1.0 1.0 0.93 0.75 0.86 0.8 1.0 1.0 0.59 0.53 0.69 1.0 1.0 0.81 0.55 0.97 0.92 0.53 0.59 0.65 0.88 0.65 0.52 0.61 0.9 
0.95 0.66 0.79 0.89 0.55 0.88 0.71 0.74 0.63 0.87 0.71 0.63 0.81 0.58 0.77 0.75 0.9 0.51 0.85 0.85 0.54 0.57 0.64 0.94 1.0 0.92 0.69 0.51 1.0 1.0 1.0 0.89 0.78 0.73 1.0 0.91 0.64 0.98 0.6 0.51 0.68 1.0 0.68 0.57 0.91 0.8 0.84 0.98 1.0 0.86 0.63 0.74 0.67 0.5 0.86 1.0 0.86 0.52 0.97 0.6 0.77 0.58 0.74 0.53 0.64 0.73 1.0 0.73 0.87 0.55 0.62 0.65 0.51 0.96 0.54 0.91 0.55 0.55 0.56 0.9 0.86 0.93 0.89 0.8 0.64 0.98 0.71 0.56 0.53 0.58 0.93 1.0 0.68 1.0 0.55 0.55 0.87 0.77 0.97 0.82 0.72 0.77 0.61 0.65 1.0 0.9 0.73 1.0 0.91 0.75 0.59 0.95 1.0 0.69 0.66 0.54 0.73 0.7 0.98 0.94 0.69 0.97 0.98 1.0 0.64 0.5 0.6 0.68 0.91 0.54 0.93 0.78 1.0 1.0 0.64 0.88 0.84 0.59 0.8 1.0 0.72 0.52 0.56 0.55 0.63 0.66 0.86 0.55 1.0 0.67 0.79 0.52 0.82 0.83 1.0 0.93 0.92 1.0 0.9 1.0 
0.45 0.29 0.26 0.34 0.17 0.7 0.25 0.3 0.14 0.3 0.28 0.35 0.24 0.33 0.34 0.26 0.25 0.3 0.43 0.29 0.2 0.23 0.2 0.35 0.84 0.41 0.24 0.35 0.47 0.16 0.4 0.25 0.59 0.46 0.54 0.22 0.43 0.34 0.36 0.25 0.48 0.81 0.18 0.19 0.42 0.39 0.66 0.2 0.15 0.41 0.21 0.3 0.16 0.13 0.36 0.53 0.25 0.19 0.28 0.23 0.43 0.23 0.28 0.21 0.38 0.15 0.59 0.43 0.46 0.21 0.25 0.07 0.27 0.54 0.19 0.33 0.15 0.36 0.16 0.17 0.38 0.18 0.5 0.33 0.19 0.49 0.18 0.22 0.33 0.19 0.18 0.22 0.17 0.24 0.44 0.23 0.33 0.24 0.25 0.17 0.12 0.2 0.28 0.19 0.54 0.57 0.38 0.32 0.25 0.26 0.27 0.28 0.23 0.41 0.24 0.22 0.21 0.36 0.34 0.4 0.27 0.19 0.3 0.23 0.13 0.28 0.45 0.18 0.58 0.2 0.87 0.38 0.44 0.58 0.2 0.27 0.15 0.21 0.3 0.6 0.44 0.38 0.32 0.11 0.26 0.16 0.34 0.23 0.35 0.19 0.28 0.41 0.25 0.34 0.16 0.39 0.14 0.11 0.47 0.41 
1647.33 795.56 881.36 899.14 735.66 1556.27 1315.81 1639.01 2065.38 785.87 1183.96 909.41 1123.0 1576.34 790.76 1170.86 1711.72 722.65 812.06 897.89 1951.78 1728.98 962.28 1920.93 1785.5 1482.93 1509.72 1167.33 966.55 1019.87 2197.93 553.87 1015.04 1051.28 761.77 1450.97 1191.53 1184.8 1004.78 871.4 744.39 1233.08 1036.29 1289.3 2096.79 1092.48 1789.44 796.35 929.8 993.38 1551.66 1342.46 1634.26 1831.02 1170.5 1273.36 666.95 889.63 1313.72 934.22 1489.82 1279.59 654.57 728.19 1287.51 1040.79 1855.35 684.28 1619.91 775.15 2005.54 1580.69 1830.59 963.16 1811.96 970.39 1909.15 1183.1 1199.61 775.57 889.31 2333.55 923.17 1805.84 1276.72 1770.32 1536.67 1319.79 1000.25 1040.18 2171.16 693.21 830.43 1069.02 1157.0 1706.22 1536.2 1031.3 1084.44 706.71 1824.83 1945.09 1560.38 734.67 1990.78 1687.02 1193.1 1092.64 1215.28 967.34 1417.5 1578.39 763.33 1153.53 756.97 1692.09 1316.23 1296.47 1082.85 1055.43 1329.4 1462.92 1205.43 1582.1 1209.57 1071.25 471.79 1412.12 1677.0 1639.44 1282.96 1723.83 1309.49 650.15 946.49 978.79 1061.64 1822.88 1023.71 1343.85 1499.59 1120.25 1039.52 971.41 2066.54 2016.49 1104.07 2203.63 1221.29 1948.16 720.68 1636.96 2117.97 1795.49 991.8 1622.56 1442.53 947.15 919.27 1706.65 
652.81 198.7 281.76 298.02 110.42 1059.35 320.94 479.74 318.03 218.35 323.34 283.24 276.2 531.61 252.73 263.72 396.22 191.58 339.75 297.53 457.0 391.46 188.69 801.37 1461.1 623.63 332.68 395.96 481.41 157.92 1010.3 161.44 604.06 512.51 362.52 356.46 510.78 397.31 281.84 189.78 352.34 1034.84 210.4 233.68 869.31 445.76 1092.03 132.28 198.38 431.12 323.82 405.86 230.29 226.16 429.13 714.15 180.8 159.2 328.15 183.69 616.4 277.25 202.43 140.6 469.61 148.7 977.79 244.49 713.21 161.51 552.4 81.45 436.25 500.46 349.96 348.08 288.25 409.17 171.72 147.36 355.18 324.36 448.53 569.84 156.75 877.29 260.32 304.91 299.55 186.66 368.66 120.14 113.82 264.32 496.38 487.52 515.85 249.57 297.87 125.36 204.27 386.8 446.27 119.72 1002.54 944.3 496.58 331.55 301.85 222.64 417.81 509.36 234.09 406.21 182.65 346.04 235.99 577.89 370.62 406.8 378.59 270.9 359.9 343.82 163.35 210.19 222.15 293.33 1021.37 346.4 1075.83 635.1 576.02 366.22 179.96 241.73 205.13 429.94 282.48 812.6 719.14 425.77 416.35 95.74 505.94 337.03 346.4 543.99 460.05 356.96 237.23 746.46 562.37 649.04 140.96 658.99 219.02 97.54 439.05 668.79 
7736.63 3477.81 3906.8 3995.69 3178.3 7281.36 6079.06 7695.05 9826.9 3429.35 5419.8 4047.06 5115.01 7381.69 3453.81 5354.32 8058.6 3113.23 3560.3 3989.47 9258.89 8144.9 4311.38 9104.63 8427.48 6914.64 7048.6 5336.63 4332.74 4599.36 10489.66 2269.34 4575.18 4756.42 3308.83 6754.85 5457.66 5423.99 4523.92 3856.98 3221.95 5665.41 4681.47 5946.5 9983.96 4962.39 8447.22 3481.77 4149.0 4466.88 7258.3 6212.29 7671.32 8655.12 5352.52 5866.81 2834.73 3948.16 6068.61 4171.08 6949.12 5897.95 2772.84 3140.93 5937.54 4703.95 8776.75 2921.38 7599.55 3375.76 9527.69 7403.44 8652.96 4315.78 8559.82 4351.96 9045.75 5415.49 5498.05 3377.86 3946.54 11167.76 4115.87 8529.19 5883.61 8351.59 7183.33 6098.93 4501.25 4700.89 10355.82 2966.07 3652.15 4845.09 5284.98 8031.1 7180.98 4656.48 4922.22 3033.56 8624.13 9225.47 7301.9 3173.36 9453.9 7935.11 5465.5 4963.2 5576.38 4336.71 6587.51 7391.94 3316.64 5267.65 3284.85 7960.46 6081.13 5982.33 4914.23 4777.15 6146.99 6814.58 5527.15 7410.5 5547.84 4856.25 1858.95 6560.62 7885.02 7697.21 5914.81 8119.15 6047.45 2750.73 4232.43 4393.95 4808.19 8614.4 4618.55 6219.27 6997.95 5101.25 4697.61 4357.07 9832.7 9582.46 5020.37 10518.16 5606.47 9240.81 3103.4 7684.8 10089.87 8477.44 4459.01 7612.81 6712.65 4235.77 4096.37 8033.23 
2764.03 493.5 908.81 990.11 52.11 4796.73 1104.69 1898.71 1090.16 591.75 1116.69 916.21 881.02 2158.07 763.65 818.58 1481.08 457.91 1198.76 987.67 1784.98 1457.29 443.45 3506.83 6805.5 2618.14 1163.42 1479.78 1907.07 289.6 4551.51 307.19 2520.29 2062.53 1312.59 1282.32 2053.9 1486.56 909.18 448.91 1261.72 4674.19 552.02 668.4 3846.55 1728.82 4960.15 161.42 491.92 1655.62 1119.08 1529.32 651.45 630.79 1645.66 3070.77 403.98 296.01 1140.74 418.47 2582.0 886.26 512.13 203.0 1848.06 243.52 4388.94 722.46 3066.05 307.57 2262.02 -92.77 1681.23 2002.32 1249.78 1240.41 941.23 1545.87 358.61 236.78 1275.89 1121.79 1742.65 2349.2 283.75 3886.46 801.6 1024.53 997.77 433.29 1343.31 100.7 69.09 821.61 1981.9 1937.6 2079.24 747.85 989.33 126.79 521.36 1434.0 1731.36 98.6 4512.71 4221.51 1982.89 1157.77 1009.24 613.19 1589.06 2046.8 670.43 1531.06 413.27 1230.22 679.93 2389.46 1353.09 1533.99 1392.93 854.5 1299.49 1219.08 316.77 550.93 610.75 966.66 4606.85 1232.01 4879.16 2675.51 2380.12 1331.08 399.78 708.66 525.67 1649.69 912.42 3562.99 3095.68 1628.86 1581.73 -21.32 2029.72 1185.13 1232.02 2219.95 1800.23 1284.82 686.17 3232.28 2311.85 2745.19 204.78 2794.97 595.11 -12.28 1695.23 2843.94 
130.77 79.6 71.53 86.67 139.37 173.59 85.06 87.25 103.43 88.57 179.61 129.09 84.69 81.4 74.57 131.77 170.73 122.04 187.91 183.05 86.49 127.44 134.57 132.87 161.45 161.96 85.17 118.77 136.99 141.44 72.69 77.16 142.01 151.12 123.18 173.21 68.95 125.18 183.1 73.2 101.8 80.1 68.66 133.63 104.45 131.59 118.97 103.63 84.3 115.9 117.09 121.05 87.13 66.65 130.0 77.8 125.91 92.6 187.64 179.32 75.72 130.15 85.41 173.88 78.89 84.01 111.06 88.93 80.95 78.21 117.51 160.81 120.75 180.96 117.18 171.73 122.0 104.38 83.98 82.31 70.84 71.29 105.56 68.65 155.94 80.47 86.41 134.76 143.94 77.17 121.03 145.86 88.16 89.73 135.55 165.24 102.67 72.94 140.22 121.73 82.05 143.66 81.15 72.59 80.65 79.46 86.33 131.71 123.6 77.2 160.58 162.58 86.08 88.77 125.06 121.48 119.36 106.16 107.65 162.67 131.83 166.99 162.71 67.85 81.15 106.3 132.05 128.88 105.04 144.78 127.37 137.58 117.99 103.34 81.82 137.06 128.83 162.46 87.42 97.38 125.47 78.86 145.47 103.62 129.63 106.87 68.59 176.68 124.05 138.6 119.91 74.69 101.01 108.96 118.29 149.16 157.19 145.14 155.78 145.86 
24 11 10 12 29 37 12 12 19 12 38 24 12 11 10 28 36 23 40 39 12 24 28 28 34 34 12 22 29 30 10 11 30 32 23 37 9 23 39 10 19 11 9 25 19 28 22 19 12 22 22 23 12 9 24 11 23 13 40 38 10 24 12 37 11 12 21 12 11 11 22 34 23 38 22 36 23 19 11 11 10 10 20 9 33 11 12 28 30 11 23 31 12 12 25 35 19 10 26 23 11 30 11 10 11 11 12 25 23 11 34 34 12 12 23 23 22 20 20 34 25 35 34 9 11 20 25 24 20 31 24 29 22 19 11 29 24 34 12 18 23 11 31 19 24 20 9 37 23 29 22 10 19 20 22 31 33 31 33 31 
33 73 92 75 155 196 209 146 87 6 135 1 78 173 119 88 162 198 216 33 196 9 227 87 209 165 222 91 100 198 120 136 206 207 49 39 19 135 61 236 154 79 40 67 163 74 121 151 109 64 37 188 63 137 92 116 197 231 46 35 97 102 190 155 213 205 17 162 53 133 56 3 128 167 86 121 193 126 137 5 205 215 43 215 165 82 18 234 53 11 170 156 17 47 67 11 234 36 139 207 161 177 205 46 178 170 237 95 204 82 190 85 212 10 235 119 93 61 27 84 109 25 233 158 66 157 14 46 214 192 32 31 56 86 99 208 10 27 19 63 16 188 72 122 95 224 84 183 174 178 67 15 15 154 2 179 109 219 128 156 
76 204 141 240 211 240 240 225 240 218 240 72 167 240 201 156 240 240 240 213 220 68 240 173 240 240 240 199 203 230 240 240 240 240 240 109 240 175 107 240 240 240 168 110 240 240 240 240 240 240 124 223 240 227 225 162 240 240 169 67 240 143 240 240 240 240 156 240 240 239 198 87 157 218 195 240 240 232 193 133 240 239 168 240 240 240 160 240 195 158 202 240 164 120 240 212 240 76 240 240 240 233 240 231 213 240 240 231 240 240 240 119 240 146 240 173 155 240 105 212 239 145 240 240 169 186 158 114 240 240 185 139 173 240 147 240 94 141 188 128 100 240 240 168 168 240 240 240 240 240 121 105 121 240 86 240 168 240 236 240 
2
0.0 0.0 
0.0 0.0 
0 0 12 6 12 12 6 12 5 14 12 11 8 7 8 13 12 11 13 8 13 15 10 6 15 9 10 14 8 8 9 2 14 13 13 7 12 4 4 16 12 11 14 8 13 18 15 4 10 16 9 11 8 6 12 14 9 10 14 12 4 3 3 7 10 7 9 12 18 12 11 16 13 16 13 9 10 2 7 10 11 10 11 4 8 15 11 12 5 10 14 12 6 3 11 4 10 13 11 14 8 6 13 12 8 9 10 7 10 12 14 11 12 10 11 10 7 10 9 11 13 4 18 9 13 12 5 11 14 14 7 14 7 13 13 18 3 13 13 4 12 17 14 4 12 7 11 13 10 13 8 12 8 9 12 11 13 12 7 7 4 12 
0 0 12 6 12 12 6 12 5 14 12 11 8 7 8 13 12 11 13 8 13 15 10 6 15 9 10 14 8 8 9 2 14 13 13 7 12 4 4 16 12 11 14 8 13 18 15 4 10 16 9 11 8 6 12 14 9 10 14 12 4 3 3 7 10 7 9 12 18 12 11 16 13 16 13 9 10 2 7 10 11 10 11 4 8 15 11 12 5 10 14 12 6 3 11 4 10 13 11 14 8 6 13 12 8 9 10 7 10 12 14 11 12 10 11 10 7 10 9 11 13 4 18 9 13 12 5 11 14 14 7 14 7 13 13 18 3 13 13 4 12 17 14 4 12 7 11 13 10 13 8 12 8 9 12 11 13 12 7 7 4 12 
12 12 0 5 6 3 5 7 7 3 0 3 4 5 6 3 6 3 7 5 5 4 9 7 2 6 3 4 6 4 7 9 2 3 6 5 2 7 8 6 7 5 6 7 3 7 6 8 2 5 4 1 4 7 4 2 2 8 2 3 8 8 10 4 2 5 6 7 6 7 6 3 0 4 0 5 1 9 5 2 6 6 7 8 5 3 8 4 8 3 4 3 6 9 6 8 1 1 1 3 7 7 2 5 7 6 8 7 8 0 8 4 1 4 5 7 4 2 3 2 8 8 6 5 5 2 8 0 7 7 7 1 4 6 7 6 8 7 10 7 4 6 7 7 8 4 1 8 6 6 6 0 5 3 0 1 3 9 5 5 8 4 
6 6 5 0 7 6 1 7 2 7 6 5 3 1 4 6 8 5 7 2 7 8 7 3 8 3 4 8 4 1 5 4 7 6 7 2 5 2 2 10 7 5 8 5 6 12 9 2 3 10 3 4 1 2 6 7 2 6 7 6 2 3 4 1 4 2 5 8 11 8 7 9 6 9 6 4 4 4 2 3 6 6 6 3 2 9 7 6 4 4 8 6 2 3 6 3 3 6 4 7 3 3 7 7 5 5 6 4 6 5 9 5 5 4 5 5 1 3 2 4 8 2 11 4 7 6 4 4 9 9 3 7 1 7 8 11 3 7 9 2 6 11 8 2 7 1 5 8 6 7 3 6 3 3 6 5 7 8 3 2 2 6 
12 12 6 7 0 3 6 13 10 10 6 3 4 8 4 9 0 9 13 9 11 10 14 10 7 11 9 11 3 6 12 10 9 10 12 5 4 8 10 13 13 11 13 3 10 12 13 8 5 12 4 6 8 10 11 9 7 13 6 3 9 9 8 7 4 5 2 0 12 0 0 9 6 11 6 3 6 10 9 5 12 1 13 7 9 9 14 10 6 9 10 9 10 9 0 8 6 8 6 9 11 10 9 1 3 2 13 4 13 6 15 10 7 10 11 12 8 6 5 4 14 9 12 2 12 9 6 6 14 13 10 8 8 12 13 12 10 13 15 8 2 13 13 9 14 7 5 14 1 12 10 7 10 4 6 5 4 14 4 5 8 2 
12 12 3 6 3 0 5 10 9 7 3 1 3 7 4 6 3 7 10 7 9 7 12 9 4 9 7 8 4 5 10 10 6 7 9 5 1 8 9 9 11 9 10 5 7 9 10 8 3 9 3 3 6 9 8 6 5 11 2 0 9 9 9 5 2 5 4 3 9 3 2 5 3 7 3 3 4 10 8 3 9 3 11 7 8 5 11 7 7 7 7 6 8 9 3 8 4 5 4 6 9 9 6 2 4 3 11 5 11 3 12 8 5 8 8 10 6 3 4 2 12 8 9 3 9 6 7 4 11 11 9 5 6 9 10 9 9 11 13 8 0 9 11 8 12 6 2 12 3 10 8 4 8 3 3 2 1 12 4 5 8 1 
6 6 5 1 6 5 0 8 3 8 6 4 2 3 2 7 6 6 9 4 8 9 9 4 8 5 5 9 2 2 7 4 8 7 9 0 5 2 3 11 9 7 10 3 7 12 11 2 3 11 2 4 3 4 7 7 3 8 7 6 3 3 4 2 3 0 4 7 12 6 6 9 6 10 6 2 4 4 4 3 7 5 8 2 4 9 9 7 2 5 9 7 4 3 5 2 4 7 4 8 5 4 7 6 3 3 8 3 8 6 11 6 6 6 7 7 2 3 2 4 10 3 12 3 9 7 2 5 10 10 5 7 2 9 9 12 4 9 11 2 5 12 10 3 9 2 5 10 5 9 4 6 5 2 6 4 7 9 1 0 2 5 
12 12 7 7 13 10 8 0 7 5 7 9 9 5 11 5 13 3 1 4 3 5 2 5 9 3 3 5 11 6 2 9 6 4 2 9 9 8 7 6 0 1 3 12 4 9 4 8 8 6 9 7 5 6 2 6 6 2 9 10 8 9 11 6 9 9 12 14 8 14 13 8 7 7 8 10 6 10 4 7 1 12 1 10 4 8 1 3 11 3 5 4 5 9 12 10 6 6 6 6 4 5 5 12 12 11 2 11 1 7 2 2 6 2 2 1 6 7 7 8 1 8 8 11 3 4 11 6 2 2 5 7 6 2 1 8 8 0 2 9 11 7 2 8 1 6 8 1 12 1 4 6 3 8 8 8 10 1 10 9 9 11 
5 5 7 2 10 9 3 7 0 9 8 7 5 2 6 8 10 6 8 3 8 10 6 1 10 3 5 9 6 4 4 2 9 7 8 4 8 2 0 11 7 6 9 6 8 13 10 1 6 11 6 6 3 1 7 9 5 5 9 9 1 2 4 3 7 4 7 10 13 10 9 11 8 11 8 6 6 2 2 6 6 8 6 4 3 11 6 7 4 5 9 7 1 2 9 3 6 8 6 9 3 1 8 9 7 7 5 6 6 8 9 6 7 5 6 5 3 6 5 7 8 1 13 7 8 7 5 7 9 9 2 9 3 8 8 13 1 7 8 2 9 12 9 1 7 3 7 8 8 8 2 8 3 5 8 7 10 7 5 4 2 9 
14 14 3 7 10 7 8 5 9 0 3 6 7 6 9 0 10 2 4 5 2 0 7 8 4 6 3 0 9 6 6 11 1 1 3 8 5 9 9 3 5 4 3 10 1 4 3 9 5 2 7 4 6 8 2 1 4 7 4 6 10 10 12 6 6 8 9 10 4 10 9 3 3 2 3 8 4 11 6 5 4 10 6 10 6 3 6 1 11 3 0 1 7 11 9 10 4 1 3 1 6 8 0 9 10 9 7 10 6 3 6 3 2 4 3 6 6 4 5 5 5 9 4 8 2 1 10 3 4 4 7 2 6 3 4 4 10 5 7 9 7 3 4 9 6 6 4 5 10 3 6 2 5 6 3 4 6 7 8 8 10 8 
12 12 0 6 6 3 6 7 8 3 0 3 4 5 6 3 6 4 7 5 5 4 9 8 2 6 4 4 6 4 8 10 2 4 6 5 1 8 8 6 8 6 7 7 4 6 7 8 2 5 4 1 5 7 5 2 3 9 1 3 8 9 10 4 2 6 6 7 6 7 6 3 0 4 0 5 2 10 6 2 6 6 8 8 6 3 9 4 8 4 4 3 7 9 6 8 2 1 1 3 7 8 3 5 7 6 9 7 8 0 9 5 1 5 5 8 5 2 3 2 8 8 6 5 6 3 8 1 8 7 7 1 5 6 7 6 9 7 10 8 3 6 7 8 9 5 1 8 6 6 6 1 6 3 0 1 2 9 5 5 8 4 
11 11 3 5 3 1 4 9 7 6 3 0 2 5 3 6 3 6 9 6 8 7 11 8 4 7 6 7 3 4 9 9 5 6 9 3 1 6 8 9 10 8 9 4 6 10 10 7 2 9 2 2 5 7 7 5 4 10 3 1 7 7 8 4 0 4 3 4 9 4 3 6 3 7 3 2 3 8 7 2 8 3 9 6 6 6 10 7 6 6 7 6 7 8 3 7 3 4 3 6 8 8 6 2 4 3 10 4 10 3 11 7 4 7 7 9 5 2 2 1 11 7 9 2 8 6 6 3 10 10 8 5 5 9 10 9 8 10 12 6 1 9 10 7 11 4 2 11 3 9 7 4 7 1 3 1 2 11 3 4 7 1 
8 8 4 3 4 3 2 9 5 7 4 2 0 4 1 7 5 6 9 5 8 8 10 6 7 6 6 8 1 2 8 6 7 7 9 1 3 4 5 10 9 8 10 2 7 11 10 4 2 10 0 3 4 5 7 7 3 9 5 4 5 5 5 2 2 1 2 5 11 4 4 8 5 9 5 1 3 6 5 2 8 3 9 3 5 8 10 7 3 6 8 7 5 5 3 4 3 6 4 7 6 6 7 4 2 2 9 2 9 5 11 7 5 6 7 8 3 2 2 2 11 5 11 1 9 6 3 4 11 10 6 6 3 9 10 11 6 10 12 4 3 11 10 5 10 3 3 11 3 9 6 5 6 1 5 3 5 10 0 1 4 3 
7 7 5 1 8 7 3 5 2 6 5 5 4 0 5 5 9 3 6 0 6 7 5 2 8 2 3 7 5 1 4 5 6 5 6 3 6 3 3 9 5 4 7 6 5 11 8 3 3 9 4 4 0 2 5 6 2 5 7 7 3 4 6 1 4 3 6 9 10 9 8 8 6 8 6 5 3 5 1 3 4 7 5 4 1 8 5 5 5 2 7 5 1 4 7 4 3 5 4 7 2 2 6 8 6 6 5 6 5 5 7 3 4 3 4 4 0 3 2 4 7 3 10 6 6 5 5 4 7 7 2 6 0 6 6 10 3 6 7 3 7 10 7 3 6 0 5 7 7 6 1 5 1 3 5 5 7 6 4 3 3 7 
8 8 6 4 4 4 2 11 6 9 6 3 1 5 0 8 4 8 11 6 10 10 11 7 8 8 7 10 0 4 9 6 9 9 11 1 5 4 6 12 11 9 12 0 9 13 12 4 3 12 2 5 5 6 9 8 5 10 7 5 5 5 4 4 3 1 1 4 13 4 3 9 6 11 6 1 5 6 6 4 9 2 10 3 6 9 11 9 2 7 10 8 6 5 3 4 5 7 5 9 8 7 9 4 1 1 10 0 10 6 13 8 7 8 9 10 5 4 3 4 12 5 13 1 10 8 2 6 12 12 7 8 5 11 11 12 6 11 13 4 4 13 12 5 11 4 5 12 2 11 7 7 7 3 6 5 6 12 0 2 4 4 
13 13 3 6 9 6 7 5 8 0 3 6 7 5 8 0 10 2 4 5 2 1 7 7 4 5 2 1 9 5 6 10 1 0 3 7 5 9 8 3 5 4 3 9 0 5 3 9 5 3 6 3 5 7 2 1 3 6 4 6 9 10 11 5 5 8 9 10 5 10 9 3 3 2 3 8 3 10 5 4 4 9 5 10 5 3 6 1 10 3 1 0 6 10 9 10 3 1 3 1 6 7 0 8 9 8 6 9 6 3 6 2 1 3 3 5 5 4 5 5 5 9 5 8 2 0 10 3 4 4 6 2 5 3 4 4 9 4 7 9 7 4 4 8 6 5 4 5 9 3 5 2 5 5 3 4 6 6 8 7 9 7 
12 12 6 8 0 3 6 13 10 10 6 3 5 9 4 10 0 10 13 9 12 10 14 11 7 11 10 11 4 7 13 11 9 10 13 6 4 9 10 13 14 12 13 4 10 12 13 9 5 12 4 6 8 10 11 9 7 14 6 3 9 9 9 7 4 6 3 0 12 0 0 9 6 11 6 4 6 10 10 5 12 2 13 8 10 9 14 10 7 10 10 10 10 10 1 9 7 8 6 9 11 11 9 1 4 3 14 4 14 6 15 11 8 11 11 13 8 6 6 5 14 9 12 3 12 9 7 7 14 14 11 8 8 13 13 12 11 14 16 9 2 13 14 9 14 8 5 14 2 13 11 7 10 5 6 5 4 15 5 6 9 2 
11 11 3 5 9 7 6 3 6 2 4 6 6 3 8 2 10 0 3 3 2 3 5 5 5 3 0 3 8 3 4 8 3 1 3 6 5 7 6 5 4 2 4 8 1 7 4 7 4 5 6 3 3 5 1 3 2 5 5 6 7 8 9 4 5 6 8 10 7 10 9 5 4 4 4 7 3 9 3 4 2 9 4 8 3 5 4 1 8 0 3 1 4 8 9 8 3 3 3 3 4 5 2 8 9 8 5 8 4 3 5 1 2 1 1 4 3 3 4 5 4 7 7 7 2 1 8 3 4 4 4 3 3 3 3 6 7 3 6 7 7 6 4 6 5 3 4 4 9 3 3 3 2 5 4 4 7 5 7 6 7 7 
13 13 7 7 13 10 9 1 8 4 7 9 9 6 11 4 13 3 0 5 2 5 3 6 8 4 3 4 11 7 3 10 6 3 1 9 9 9 8 5 1 2 2 12 3 8 2 9 8 5 9 7 6 7 2 5 6 3 9 10 9 10 12 7 9 10 12 14 7 14 13 7 7 6 7 11 6 11 5 7 1 13 2 11 5 7 2 3 11 3 4 4 6 10 13 11 6 6 6 5 5 6 5 12 12 11 3 12 3 7 1 2 5 3 2 3 6 7 7 8 1 9 7 11 2 4 12 6 1 1 6 6 6 1 0 7 9 0 3 9 11 6 1 9 2 6 8 1 13 0 5 6 4 8 7 8 10 2 10 9 10 11 
8 8 5 2 9 7 4 4 3 5 5 6 5 0 6 5 9 3 5 0 5 6 5 2 8 1 2 6 6 2 3 5 6 4 5 4 6 4 3 8 4 3 6 7 5 10 7 4 4 8 5 4 1 2 4 6 2 4 7 7 4 5 6 2 5 4 7 10 10 10 9 8 6 8 6 6 3 5 0 4 3 8 4 5 0 8 5 4 6 2 6 4 1 5 8 5 3 5 4 6 1 2 5 8 7 7 4 7 4 5 6 3 4 2 3 3 1 3 3 5 6 4 10 6 5 4 6 4 7 6 1 6 1 5 6 10 4 5 7 4 7 9 6 3 5 1 5 6 8 5 1 5 0 4 6 5 8 5 5 4 4 8 
13 13 5 7 11 9 8 3 8 2 5 8 8 6 10 2 12 2 2 5 0 2 5 7 6 4 3 2 10 6 5 11 4 1 1 8 7 9 8 3 3 2 1 11 1 6 2 9 6 3 8 5 6 7 1 3 5 5 7 8 9 10 12 6 7 9 11 12 5 12 11 5 5 3 5 10 5 11 5 6 2 11 4 11 5 5 4 1 11 3 2 2 6 10 11 10 5 4 5 3 5 7 2 10 11 10 5 11 4 5 3 2 4 2 2 4 6 6 6 7 3 9 5 10 0 2 11 5 2 2 6 4 6 0 1 5 9 2 5 9 9 4 2 9 4 6 6 3 11 1 5 4 4 7 5 6 8 4 9 8 10 10 
15 15 4 8 10 7 9 5 10 0 4 7 8 7 10 1 10 3 5 6 2 0 8 9 4 6 4 0 10 6 7 12 1 2 3 9 6 10 10 2 6 5 3 11 1 3 3 10 6 1 8 4 7 9 3 1 5 8 4 7 11 11 13 7 6 9 10 11 3 11 10 2 3 1 4 9 4 12 7 6 5 10 6 11 7 2 7 2 11 4 0 2 8 11 10 11 4 2 4 1 7 9 1 9 11 10 8 11 7 3 6 4 3 4 4 7 7 5 6 6 6 10 3 9 3 2 11 4 5 4 8 2 7 3 4 3 11 5 8 10 7 2 4 10 7 7 5 5 11 4 7 3 6 7 4 5 6 7 9 9 11 8 
10 10 9 7 14 12 9 2 6 7 9 11 10 5 11 7 14 5 3 5 5 8 0 4 11 3 5 7 11 7 1 8 9 6 4 9 11 8 6 8 2 3 5 12 6 11 6 8 9 9 10 8 6 5 4 8 7 0 11 12 8 8 10 7 10 9 12 15 11 15 14 11 9 9 10 11 8 8 4 9 3 13 1 10 4 10 1 6 10 5 8 6 5 8 13 9 8 8 8 8 3 4 8 13 12 12 0 12 1 9 3 4 8 4 4 1 6 8 8 10 3 7 11 11 5 6 11 8 5 5 4 9 6 5 4 11 7 3 2 8 12 10 4 7 1 6 9 3 13 4 4 8 4 9 9 9 12 1 10 9 8 12 
6 6 7 3 10 9 4 5 1 8 8 8 6 2 7 7 11 5 6 2 7 9 4 0 10 2 4 8 7 4 3 3 9 7 7 5 8 3 1 10 5 4 8 8 7 13 9 3 6 10 6 6 3 0 6 8 4 4 9 9 3 4 5 3 7 5 8 11 12 11 10 10 8 10 8 7 6 4 1 6 5 9 4 5 2 10 5 6 6 4 8 7 0 4 10 4 6 8 6 9 1 0 8 10 8 8 4 7 4 8 7 5 7 4 5 4 3 6 5 7 7 3 12 8 7 7 6 6 8 8 0 8 2 7 7 12 2 6 7 3 9 11 8 2 5 3 7 7 9 7 1 7 2 6 8 7 10 6 6 5 3 9 
15 15 2 8 7 4 8 9 10 4 2 4 7 8 8 4 7 5 8 8 6 4 11 10 0 9 6 4 8 6 10 12 2 5 7 8 3 10 11 6 9 8 7 9 5 5 7 11 5 5 6 4 7 10 6 3 5 10 1 3 11 11 12 7 5 8 8 8 5 8 7 1 2 3 2 7 4 12 8 4 8 8 9 10 8 1 10 5 11 6 4 4 9 12 7 11 4 2 4 3 9 10 3 6 9 7 11 9 10 2 10 7 3 7 7 10 7 4 6 4 9 11 5 7 6 4 10 3 9 8 10 2 7 7 8 4 11 9 11 10 4 5 8 10 10 7 3 9 8 8 9 2 8 5 2 3 3 11 8 8 11 5 
9 9 6 3 11 9 5 3 3 6 6 7 6 2 8 5 11 3 4 1 4 6 3 2 9 0 2 6 8 4 1 6 7 4 4 6 7 5 4 8 3 2 5 8 5 10 6 5 5 8 6 5 2 2 3 6 3 2 8 8 5 6 8 3 6 6 9 11 10 11 10 8 7 8 7 8 5 6 1 5 2 10 2 7 1 8 3 4 7 2 6 4 2 6 10 6 5 6 5 6 0 2 6 10 9 8 2 8 2 6 5 2 5 2 2 1 3 5 5 6 5 5 10 8 5 4 8 5 5 5 1 7 2 4 4 10 5 4 5 5 9 9 5 4 3 3 6 5 10 4 1 6 0 6 7 6 9 4 7 6 5 9 
10 10 3 4 9 7 5 3 5 3 4 6 6 3 7 2 10 0 3 2 3 4 5 4 6 2 0 4 7 3 3 8 4 2 3 5 5 6 6 6 4 2 4 8 2 8 5 6 4 6 5 3 2 4 2 3 2 4 6 7 6 7 9 3 5 6 8 10 8 10 9 6 4 5 4 7 3 8 2 4 2 9 3 7 2 6 4 2 8 0 4 2 4 7 9 7 2 3 3 4 3 4 3 8 8 8 4 8 4 4 5 1 2 1 1 3 3 3 3 4 5 6 7 7 3 2 8 3 5 4 4 4 3 3 4 7 6 4 6 6 7 7 4 6 4 3 4 5 9 3 3 3 2 4 4 4 7 5 6 5 6 7 
14 14 4 8 11 8 9 5 9 0 4 7 8 7 10 1 11 3 4 6 2 0 7 8 4 6 4 0 10 6 6 12 2 1 3 8 6 10 10 2 5 4 2 11 1 4 2 10 6 2 8 5 6 8 2 1 5 7 5 7 10 11 12 7 7 9 10 11 4 11 10 3 4 1 4 9 5 12 6 6 4 11 6 11 6 3 6 1 11 4 0 1 8 11 10 11 4 2 4 1 7 8 1 10 11 10 7 11 6 4 5 3 3 4 3 6 7 5 6 6 5 10 3 9 2 1 11 4 4 3 8 2 6 2 3 3 10 4 7 10 8 3 3 10 6 7 5 5 11 3 7 3 6 7 4 5 7 6 9 9 10 9 
8 8 6 4 3 4 2 11 6 9 6 3 1 5 0 9 4 8 11 6 10 10 11 7 8 8 7 10 0 4 9 7 9 9 11 2 5 4 6 12 11 9 12 0 9 13 12 5 3 12 2 5 5 6 9 8 5 10 7 4 5 5 5 4 3 1 1 4 13 4 3 9 6 11 6 0 5 6 7 4 10 2 10 3 7 9 11 9 3 7 10 8 7 5 2 4 5 7 5 9 8 7 9 3 0 1 11 0 11 6 13 8 7 8 9 10 5 4 3 4 12 5 13 1 10 8 2 6 12 12 7 8 5 11 12 12 6 11 13 4 4 13 12 5 12 5 5 12 2 11 7 7 7 3 6 5 6 12 1 2 4 3 
8 8 4 1 6 5 2 6 4 6 4 4 2 1 4 5 7 3 7 2 6 6 7 4 6 4 3 6 4 0 5 5 6 5 7 2 4 3 4 9 7 5 7 5 5 10 8 4 2 8 2 2 1 3 5 5 1 6 5 5 4 4 6 0 3 2 5 7 10 7 6 7 4 7 4 4 2 5 3 2 5 6 6 4 2 7 7 5 5 3 6 5 3 5 6 4 2 5 2 6 4 4 5 6 5 4 6 4 6 4 8 4 4 4 4 6 1 1 1 3 8 4 10 4 6 4 4 3 8 8 4 5 1 7 7 9 4 7 9 3 5 9 8 3 7 0 3 8 6 7 3 4 3 2 4 3 6 8 3 2 4 5 
9 9 7 5 12 10 7 2 4 6 8 9 8 4 9 6 13 4 3 3 5 7 1 3 10 1 3 6 9 5 0 7 8 5 4 7 9 6 5 8 2 2 5 10 5 11 6 6 7 8 8 6 4 3 4 7 5 1 9 10 6 7 9 5 8 8 10 13 10 13 12 9 8 8 8 9 6 7 2 7 2 11 1 8 2 9 2 5 9 3 7 5 3 7 11 7 6 7 6 7 1 3 6 11 10 10 1 10 1 7 4 3 6 2 3 0 4 6 6 8 4 6 10 10 5 5 9 6 5 5 2 8 4 4 4 10 5 3 4 6 10 9 5 5 2 4 8 4 11 4 2 7 2 7 8 8 10 2 8 7 7 11 
2 2 9 4 10 10 4 9 2 11 10 9 6 5 6 10 11 8 10 5 11 12 8 3 12 6 8 12 7 5 7 0 11 10 11 5 10 2 2 14 9 8 12 6 10 16 13 1 7 14 7 8 5 3 9 11 7 7 11 10 1 1 2 5 8 5 8 11 15 11 10 13 10 13 10 7 8 0 5 8 8 9 8 3 5 13 9 10 4 7 12 10 4 1 9 2 8 10 8 12 5 3 11 10 7 8 8 6 8 10 11 8 9 8 8 7 5 7 6 8 11 1 15 7 11 10 4 9 12 12 4 11 5 11 11 15 1 10 10 2 10 15 11 2 9 5 9 11 9 10 5 10 6 7 10 9 11 9 6 5 2 10 
14 14 2 7 9 6 8 6 9 1 2 5 7 6 9 1 9 3 6 6 4 1 9 9 2 7 4 2 9 6 8 11 0 2 5 7 4 10 10 3 7 5 5 9 2 4 5 10 5 3 6 3 6 8 4 0 4 8 3 5 10 11 12 6 5 8 9 9 4 9 8 1 2 1 2 8 3 12 7 4 6 9 7 10 6 1 8 3 11 4 1 2 8 11 9 10 3 1 3 0 8 9 1 8 9 8 8 9 8 2 7 4 2 5 5 7 6 4 5 4 7 10 4 8 4 2 10 3 6 5 8 0 6 4 5 3 10 6 9 10 6 4 5 9 8 6 3 7 9 5 7 1 6 5 2 4 5 8 8 8 10 7 
13 13 3 6 10 7 7 4 7 1 4 6 7 5 9 0 10 1 3 4 1 2 6 7 5 4 2 1 9 5 5 10 2 0 2 7 5 8 8 3 4 3 3 10 0 6 3 8 5 3 6 3 5 6 1 2 3 5 5 7 9 9 11 5 6 7 9 11 5 10 10 4 3 3 4 8 3 10 5 4 3 10 4 9 4 4 5 0 10 2 1 0 6 9 9 9 3 2 3 2 5 7 1 9 10 9 6 9 5 3 5 2 2 2 2 5 5 4 5 5 4 8 5 8 1 0 10 3 4 3 6 3 5 2 3 5 9 4 6 8 7 4 3 8 5 5 4 4 10 2 5 2 4 6 4 4 6 5 8 7 9 8 
13 13 6 7 12 9 9 2 8 3 6 9 9 6 11 3 13 3 1 5 1 3 4 7 7 4 3 3 11 7 4 11 5 2 0 9 8 9 8 3 2 2 1 12 2 6 2 9 7 4 9 6 6 7 1 4 5 4 7 9 10 10 12 7 8 9 11 13 6 13 12 6 6 4 6 10 6 11 5 7 2 12 3 11 5 6 3 2 11 3 3 3 6 10 12 11 6 5 6 4 5 7 3 11 12 11 4 11 4 6 2 2 4 2 2 3 6 6 7 7 2 9 6 10 0 3 11 5 1 1 6 5 6 0 0 6 9 1 4 10 10 5 1 9 3 6 7 2 12 0 5 5 4 8 6 7 9 3 10 9 10 10 
7 7 5 2 5 5 0 9 4 8 5 3 1 3 1 7 6 6 9 4 8 9 9 5 8 6 5 8 2 2 7 5 7 7 9 0 4 3 4 11 9 7 10 2 7 12 11 3 2 10 1 4 3 4 7 7 3 8 6 5 3 4 4 2 3 0 3 6 12 5 5 9 5 9 5 2 4 5 4 3 8 4 8 2 4 8 9 7 3 5 8 7 4 4 4 3 4 6 4 8 6 5 7 5 3 2 9 2 8 5 11 6 5 6 7 8 3 3 2 3 10 3 11 2 9 7 2 4 11 10 5 7 3 9 10 11 5 9 11 3 4 11 10 3 9 2 4 10 4 9 5 6 5 2 5 4 6 10 0 0 3 4 
12 12 2 5 4 1 5 9 8 5 1 1 3 6 5 5 4 5 9 6 7 6 11 8 3 7 5 6 5 4 9 10 4 5 8 4 0 7 8 8 9 7 8 5 5 8 9 8 2 7 3 2 5 8 7 4 4 10 1 1 8 8 9 5 1 5 4 5 8 5 4 4 2 6 1 4 2 9 7 2 8 4 9 7 6 4 10 6 7 5 6 5 7 9 4 8 2 3 2 5 8 8 4 3 5 4 10 5 10 2 11 6 3 6 7 9 5 2 3 1 10 8 8 4 7 5 7 2 10 9 8 3 5 8 9 7 9 9 12 7 1 8 9 8 10 5 1 10 5 8 7 3 7 2 1 1 1 11 4 5 8 2 
4 4 7 2 8 8 2 8 2 9 8 6 4 3 4 9 9 7 9 4 9 10 8 3 10 5 6 10 4 3 6 2 10 8 9 3 7 0 1 12 8 7 10 5 9 14 11 0 5 12 4 6 3 2 8 9 5 7 9 8 0 1 2 3 6 3 6 9 14 9 8 11 8 11 8 5 6 2 4 5 7 7 8 2 4 11 8 8 2 6 10 8 3 1 7 1 6 8 6 10 4 3 9 8 5 5 7 4 7 8 10 7 7 6 7 7 3 5 4 6 10 0 13 5 9 8 3 6 11 11 4 9 3 10 10 13 1 9 10 0 8 13 10 0 9 3 7 10 7 9 4 8 5 5 8 7 9 9 3 2 0 7 
4 4 8 2 10 9 3 7 0 9 8 8 5 3 6 8 10 6 8 3 8 10 6 1 11 4 6 10 6 4 5 2 10 8 8 4 8 1 0 12 7 6 10 6 8 14 11 1 6 12 6 7 3 1 7 9 5 5 10 9 1 2 4 3 7 4 8 10 14 10 10 11 9 11 9 6 6 2 3 6 6 8 6 3 3 11 7 8 4 5 10 8 2 2 9 3 6 9 7 10 3 1 9 10 7 7 6 6 6 8 9 6 8 6 6 5 3 6 5 7 9 1 13 7 9 8 5 7 10 10 2 9 3 9 9 13 0 8 9 2 9 13 9 1 7 3 7 9 9 8 3 8 4 6 8 7 10 7 5 4 2 9 
16 16 6 10 13 9 11 6 11 3 6 9 10 9 12 3 13 5 5 8 3 2 8 10 6 8 6 2 12 9 8 14 3 3 3 11 8 12 12 0 6 6 3 13 3 2 2 12 8 0 10 7 8 10 4 3 7 8 7 9 13 13 15 9 9 11 12 13 2 13 12 4 6 2 6 11 7 14 9 8 6 13 7 13 8 4 7 4 14 6 2 4 10 13 12 13 7 4 6 3 9 10 3 11 13 12 8 13 8 6 6 5 5 6 5 7 9 8 8 8 5 12 2 12 3 4 14 6 4 3 9 4 9 3 4 2 13 5 8 12 10 1 4 12 7 9 7 5 13 4 9 5 8 9 6 7 8 7 11 11 13 11 
12 12 7 7 13 11 9 0 7 5 8 10 9 5 11 5 14 4 1 4 3 6 2 5 9 3 4 5 11 7 2 9 7 4 2 9 9 8 7 6 0 1 3 12 4 9 4 8 8 7 9 7 6 6 3 6 6 2 10 11 8 9 11 7 9 9 12 14 9 14 13 9 8 7 8 11 7 9 4 8 1 13 0 10 4 9 0 4 11 4 6 5 5 9 13 10 7 7 7 7 3 5 6 13 12 12 1 11 1 8 2 3 6 3 2 1 6 7 7 9 1 8 9 11 3 5 11 7 3 3 4 7 6 3 2 9 8 1 2 9 11 8 2 8 0 6 8 1 13 2 4 7 4 8 8 8 11 1 10 9 9 12 
11 11 5 5 11 9 7 1 6 4 6 8 8 4 9 4 12 2 2 3 2 5 3 4 8 2 2 4 9 5 2 8 5 3 2 7 7 7 6 6 1 0 3 10 3 8 4 7 6 6 7 5 4 4 1 5 4 2 8 9 7 8 10 5 7 8 10 12 8 12 11 7 6 6 6 9 5 8 3 6 0 11 1 9 3 7 2 2 9 2 4 3 4 8 11 8 5 5 5 5 3 4 4 11 10 10 2 10 2 6 3 1 4 1 0 1 4 5 5 7 3 7 8 9 2 3 9 5 3 3 4 6 4 2 2 8 7 2 4 7 9 7 3 6 2 4 6 3 11 2 3 5 2 6 6 6 9 3 8 7 8 10 
14 14 6 8 13 10 10 3 9 3 7 9 10 7 12 3 13 4 2 6 1 3 5 8 7 5 4 2 12 7 5 12 5 3 1 10 8 10 10 3 3 3 0 12 2 6 0 11 8 3 9 7 7 8 2 4 6 5 8 10 11 12 13 8 9 10 12 14 5 14 13 6 6 4 7 11 6 12 6 8 3 13 4 12 6 6 4 2 12 4 3 3 8 12 13 12 6 5 6 4 6 8 4 12 13 12 5 12 5 6 3 3 5 4 3 5 7 7 8 8 2 10 5 11 1 3 12 6 1 0 7 5 7 0 1 5 10 2 4 11 10 4 1 10 4 7 7 2 13 1 6 5 6 9 7 8 9 4 11 10 11 11 
8 8 7 5 3 5 3 12 6 10 7 4 2 6 0 9 4 8 12 7 11 11 12 8 9 8 8 11 0 5 10 6 9 10 12 2 5 5 6 13 12 10 12 0 10 14 13 5 4 13 3 6 6 7 10 9 6 11 7 5 5 5 5 5 4 2 1 4 14 4 3 10 7 11 7 1 6 6 7 5 10 2 11 3 7 10 12 10 3 8 11 9 7 5 3 4 6 8 6 10 8 8 9 4 0 1 11 0 11 7 14 9 8 9 10 10 5 5 4 5 13 5 13 1 11 9 2 6 13 13 8 9 6 12 12 13 6 12 14 4 5 14 13 5 12 5 6 13 2 12 8 8 8 4 7 5 6 13 1 2 4 4 
13 13 3 6 10 7 7 4 8 1 4 6 7 5 9 0 10 1 3 5 1 1 6 7 5 5 2 1 9 5 5 10 2 0 2 7 5 9 8 3 4 3 2 10 0 5 3 9 5 3 7 4 5 7 1 1 4 6 5 7 9 10 11 5 6 8 9 11 5 11 10 4 4 3 4 8 4 10 5 5 3 10 5 10 5 4 5 0 10 2 1 0 6 10 10 10 4 2 3 2 6 7 1 9 10 9 6 10 5 3 5 2 2 3 2 5 5 4 5 5 4 9 5 8 1 0 10 3 4 3 6 2 5 2 3 5 9 4 6 9 7 4 3 8 5 5 4 4 10 2 5 2 4 6 4 5 6 6 8 7 9 8 
18 18 7 12 12 9 12 9 13 4 6 10 11 11 13 5 12 7 8 10 6 3 11 13 5 10 8 4 13 10 11 16 4 6 6 12 8 14 14 2 9 8 6 14 5 0 5 14 9 2 11 8 10 12 7 4 9 11 6 9 14 15 16 11 9 12 13 13 0 13 12 3 6 2 6 12 8 16 11 9 8 13 10 15 10 3 10 6 15 8 4 6 12 15 13 15 8 5 8 4 11 13 5 11 14 13 11 14 10 6 9 8 6 8 8 10 11 9 10 9 8 14 0 12 6 6 15 7 7 6 12 5 10 6 7 0 15 8 11 14 10 1 7 14 10 10 8 8 13 7 11 6 10 10 6 8 8 10 12 12 14 11 
15 15 6 9 13 10 11 4 10 3 7 10 10 8 12 3 13 4 2 7 2 3 6 9 7 6 5 2 12 8 6 13 5 3 2 11 9 11 11 2 4 4 0 13 3 5 0 11 8 3 10 7 8 9 3 4 7 6 8 10 12 12 14 8 9 11 13 14 5 14 13 6 7 3 7 12 7 13 7 8 4 13 5 13 7 6 5 3 13 5 3 3 8 12 13 13 7 5 7 4 7 9 4 12 13 12 6 13 5 7 3 4 5 4 4 6 8 8 8 9 3 11 5 12 1 4 13 6 2 1 8 5 8 1 2 5 11 3 5 11 11 3 1 11 5 8 8 3 13 2 7 6 6 9 7 8 10 5 11 11 12 11 
4 4 8 2 8 8 2 8 1 9 8 7 4 3 4 9 9 7 9 4 9 10 8 3 11 5 6 10 5 4 6 1 10 8 9 3 8 0 1 12 8 7 11 5 9 14 11 0 5 12 5 6 3 2 8 9 5 7 9 8 0 0 2 3 6 3 6 9 14 9 8 11 8 12 9 5 6 1 4 6 7 7 8 2 4 11 8 8 2 6 10 8 3 1 8 1 6 9 7 10 4 3 9 8 5 6 7 5 7 8 11 7 8 6 7 7 3 6 5 6 10 0 14 6 10 8 3 7 11 11 4 9 3 10 10 13 1 9 10 0 8 13 10 0 9 3 7 10 7 9 4 8 5 5 8 7 9 9 4 3 0 8 
10 10 2 3 5 3 3 8 6 5 2 2 2 3 3 5 5 4 8 4 6 6 9 6 5 5 4 6 3 2 7 7 5 5 7 2 2 5 6 8 8 6 8 4 5 9 8 5 0 8 1 1 3 5 6 5 2 8 4 3 6 6 7 2 1 3 4 6 9 5 5 6 3 7 3 3 1 7 5 0 6 4 7 5 4 6 8 5 5 4 6 4 5 6 4 6 1 4 1 5 6 6 5 4 4 3 8 4 8 2 9 5 3 5 5 7 3 0 0 1 9 5 9 3 7 4 5 2 9 8 6 4 3 7 8 8 6 8 10 5 3 9 8 5 9 2 1 9 4 7 5 3 5 0 3 1 4 9 3 3 5 3 
16 16 5 10 12 9 11 6 11 2 5 9 10 9 12 3 12 5 5 8 3 1 9 10 5 8 6 2 12 8 8 14 3 3 4 10 7 12 12 0 7 6 3 13 3 2 3 12 8 0 9 6 8 10 4 3 7 9 6 8 12 13 14 9 8 11 12 12 2 12 12 3 5 1 5 11 6 14 9 7 6 12 7 13 8 3 8 4 13 6 1 3 10 13 12 13 6 4 6 2 9 10 3 11 12 11 9 12 8 5 6 5 4 6 5 8 9 7 8 8 6 12 2 11 3 3 13 6 5 4 10 3 8 4 5 1 12 6 8 12 9 1 4 12 8 9 6 6 12 4 9 4 8 8 5 7 8 8 11 11 12 10 
9 9 4 3 4 3 2 9 6 7 4 2 0 4 2 6 4 6 9 5 8 8 10 6 6 6 5 8 2 2 8 7 6 6 9 1 3 4 6 10 9 7 9 3 7 11 10 5 1 9 0 3 3 5 7 6 3 9 5 3 5 5 6 2 1 1 2 5 11 4 4 7 4 8 4 1 3 6 5 2 8 3 9 4 5 7 9 7 4 5 8 6 5 5 3 5 3 5 3 7 6 6 6 3 3 2 9 2 9 4 11 6 5 6 7 8 3 2 1 2 10 5 10 1 8 6 4 3 10 10 6 6 3 9 9 10 6 9 11 4 3 10 10 5 10 3 3 10 3 9 6 5 5 0 4 2 4 10 1 1 5 3 
11 11 1 4 6 3 4 7 6 4 1 2 3 4 5 3 6 3 7 4 5 4 8 6 4 5 3 5 5 2 6 8 3 3 6 4 2 6 7 7 7 5 7 6 4 8 7 6 1 6 3 0 3 6 4 3 1 7 3 3 7 7 8 3 2 4 5 7 7 7 6 4 1 5 2 4 0 8 5 1 5 6 7 7 4 4 8 4 7 3 4 3 5 7 6 7 0 2 0 4 6 6 3 5 6 5 8 6 7 1 8 4 1 4 4 7 3 0 2 1 8 7 7 4 5 3 7 0 8 7 6 3 3 6 7 7 7 7 9 6 4 7 7 6 8 3 1 8 6 6 5 1 4 2 1 1 3 8 4 4 7 4 
8 8 4 1 8 6 3 5 3 6 5 5 4 0 5 5 8 3 6 1 6 7 6 3 7 2 2 6 5 1 4 5 6 5 6 3 5 3 3 8 6 4 7 6 5 10 8 3 3 8 3 3 0 2 4 5 1 5 6 6 4 4 6 1 4 3 6 9 10 8 8 8 5 8 5 5 3 5 1 3 4 7 5 5 1 7 6 4 5 2 6 4 2 4 7 4 3 5 3 6 3 3 5 7 6 6 5 5 5 5 7 3 4 3 4 4 0 3 2 4 7 3 10 5 6 4 5 3 7 7 2 6 0 6 6 10 4 6 8 3 6 9 7 3 6 0 4 7 7 6 2 5 2 3 5 4 7 6 4 3 4 6 
6 6 7 2 10 9 4 6 1 8 7 7 5 2 6 7 10 5 7 2 7 9 5 0 10 2 4 8 6 3 3 3 8 6 7 4 8 2 1 10 6 4 8 7 7 12 9 2 5 10 5 6 2 0 6 8 4 4 9 9 2 3 5 3 6 5 8 10 12 10 9 10 8 10 8 6 5 3 1 5 5 9 5 4 2 10 5 6 5 4 8 6 0 3 9 4 5 7 6 8 2 0 7 9 7 7 4 7 5 7 8 5 6 4 5 4 2 5 4 6 7 2 12 7 7 6 5 6 8 8 1 8 2 7 7 12 2 6 7 3 9 11 8 2 6 2 7 7 9 7 1 7 2 5 7 7 9 6 5 4 3 9 
12 12 4 6 11 8 7 2 7 2 5 7 7 5 9 2 11 1 2 4 1 3 4 6 6 3 2 2 9 5 4 9 4 1 1 7 7 8 7 4 3 1 2 10 1 7 3 8 6 4 7 4 4 6 0 3 4 4 6 8 8 9 11 5 7 8 10 12 6 11 11 6 5 4 5 9 4 9 4 5 1 10 3 9 4 6 3 1 10 2 3 1 5 9 10 9 4 4 4 3 4 6 3 10 10 9 4 10 3 5 3 1 3 1 1 3 5 5 5 6 3 8 6 9 1 2 10 4 3 2 5 4 5 1 2 6 8 2 5 8 8 5 2 7 3 5 5 3 11 1 4 4 3 6 5 6 8 4 8 7 8 9 
14 14 2 7 9 6 7 6 9 1 2 5 7 6 8 1 9 3 5 6 3 1 8 8 3 6 3 1 8 5 7 11 0 2 4 7 4 9 9 3 6 5 4 9 1 4 4 9 5 3 6 3 5 8 3 0 4 7 3 5 10 10 11 6 5 8 9 9 4 9 9 2 2 2 2 8 3 11 6 4 5 9 6 10 6 2 7 2 10 3 1 1 7 10 9 10 3 1 3 0 7 8 0 8 9 8 8 9 7 2 7 4 1 4 4 7 6 4 5 4 6 9 4 8 3 1 10 2 5 5 7 1 6 4 5 4 10 5 8 9 6 4 5 9 7 6 3 6 9 4 6 1 5 5 2 4 5 7 8 7 9 7 
9 9 2 2 7 5 3 6 5 4 3 4 3 2 5 3 7 2 6 2 5 5 7 4 5 3 2 5 5 1 5 7 4 3 5 3 4 5 5 7 6 4 6 6 4 9 7 5 2 7 3 1 1 4 4 4 0 6 4 5 5 6 7 1 3 4 6 8 8 8 7 6 3 6 3 4 1 7 3 1 4 6 5 6 2 6 6 3 6 2 5 3 4 6 6 6 1 3 1 4 4 5 4 6 6 5 6 6 6 3 7 3 2 3 3 5 2 1 1 2 7 5 8 5 5 3 6 1 7 7 4 4 2 5 6 8 6 6 8 5 5 8 6 5 7 1 2 7 6 5 3 3 3 2 3 2 5 7 4 3 5 5 
10 10 8 6 13 11 8 2 5 7 9 10 9 5 10 6 14 5 3 4 5 8 0 4 10 2 4 7 10 6 1 7 8 5 4 8 10 7 5 8 2 2 5 11 6 11 6 7 8 9 9 7 5 4 4 7 6 0 10 11 7 8 9 6 9 9 11 14 11 14 13 10 9 9 9 10 7 8 3 8 2 12 1 9 3 10 1 5 10 4 7 6 4 8 12 8 7 8 7 8 2 4 7 12 11 11 0 11 0 8 4 3 7 3 3 0 5 7 7 9 3 7 11 11 5 6 10 7 5 5 3 8 5 5 4 11 6 3 3 7 11 9 5 6 1 5 8 4 12 4 3 8 3 8 9 9 11 2 9 8 7 12 
14 14 2 7 6 2 7 9 9 4 1 3 5 7 7 4 6 5 9 7 7 4 11 9 1 8 6 5 7 5 9 11 3 5 7 6 1 9 10 7 10 8 8 7 5 6 8 9 4 6 5 3 6 9 6 3 4 10 0 2 10 10 11 6 3 7 6 6 6 6 5 3 1 5 1 6 3 11 8 3 8 6 9 9 7 2 10 5 9 6 5 4 9 10 6 10 3 2 3 3 9 10 4 4 7 6 10 7 10 1 10 6 3 7 7 9 6 3 4 3 10 10 6 6 7 4 9 3 9 9 9 2 6 7 8 6 10 9 12 9 3 7 9 9 10 6 2 10 6 8 8 2 7 4 1 2 1 11 6 6 9 4 
12 12 3 6 3 0 6 10 9 6 3 1 4 7 5 6 3 6 10 7 8 7 12 9 3 8 7 7 4 5 10 10 5 7 9 5 1 8 9 9 11 9 10 5 7 9 10 8 3 8 3 3 6 9 8 5 5 11 2 0 9 9 9 5 2 5 4 4 9 4 3 5 3 7 3 4 3 10 8 3 9 4 10 8 7 5 11 7 8 7 7 6 8 9 3 8 4 4 3 6 9 9 6 2 5 4 11 5 11 3 12 7 4 8 8 10 6 3 4 2 11 9 8 3 9 6 7 3 11 10 9 4 6 9 10 8 10 10 13 8 0 9 10 8 11 6 2 11 4 9 8 4 8 3 3 2 1 12 4 5 8 1 
4 4 8 2 9 9 3 8 1 10 8 7 5 3 5 9 9 7 9 4 9 11 8 3 11 5 6 10 5 4 6 1 10 9 10 3 8 0 1 13 8 7 11 5 9 14 12 0 6 12 5 7 4 2 8 10 5 7 10 9 0 0 2 3 6 3 6 9 14 9 8 11 9 12 9 5 6 1 4 6 7 7 8 2 4 11 8 8 3 6 10 8 3 0 8 1 6 9 7 10 4 3 9 9 6 6 7 5 7 8 11 7 8 7 7 7 3 6 5 7 10 0 14 6 10 8 3 7 11 11 4 10 3 10 10 14 1 9 10 0 8 13 10 0 9 3 7 10 7 9 4 8 5 5 8 7 10 9 4 3 0 8 
3 3 8 3 9 9 3 9 2 10 9 7 5 4 5 10 9 8 10 5 10 11 8 4 11 6 7 11 5 4 7 1 11 9 10 4 8 1 2 13 9 8 12 5 10 15 12 0 6 13 5 7 4 3 9 10 6 8 10 9 0 0 1 4 7 3 6 9 15 9 8 12 9 12 9 5 7 1 5 6 8 7 8 2 5 12 9 9 2 7 11 9 4 0 8 0 7 10 7 11 5 4 10 9 5 6 8 5 8 9 11 8 9 7 8 8 4 6 5 7 11 1 15 6 10 9 3 8 12 12 4 10 4 11 11 14 1 10 11 1 9 14 11 1 9 4 8 11 7 10 5 9 6 6 9 8 10 10 4 3 0 8 
3 3 10 4 8 9 4 11 4 12 10 8 5 6 4 11 9 9 12 6 12 13 10 5 12 8 9 12 5 6 9 2 12 11 12 4 9 2 4 15 11 10 13 5 11 16 14 2 7 14 6 8 6 5 11 11 7 9 11 9 2 1 0 5 7 4 6 9 16 9 8 13 10 14 10 6 8 2 6 7 10 7 10 1 6 13 11 11 2 8 12 11 5 1 8 1 8 11 8 12 7 5 11 9 5 6 10 4 10 10 13 9 10 9 10 9 5 7 6 8 13 2 16 6 12 10 2 9 13 13 6 11 6 12 12 16 3 12 13 2 9 15 13 3 11 5 9 13 7 12 6 10 7 6 10 9 11 11 4 4 2 9 
7 7 4 1 7 5 2 6 3 6 4 4 2 1 4 5 7 4 7 2 6 7 7 3 7 3 3 7 4 0 5 5 6 5 7 2 5 3 3 9 7 5 8 5 5 11 8 3 2 9 2 3 1 3 5 6 1 6 6 5 3 4 5 0 3 2 5 8 10 7 6 8 5 8 5 4 2 5 2 2 5 6 6 4 2 7 7 5 4 3 7 5 3 4 6 4 2 5 3 6 4 3 6 6 5 5 6 4 6 4 9 4 4 4 5 5 0 2 1 3 8 3 10 4 7 5 4 3 8 8 3 6 1 7 7 10 4 7 9 3 5 10 8 3 7 0 4 8 6 7 3 5 3 2 5 4 6 7 3 2 3 5 
10 10 2 4 4 2 3 9 7 6 2 0 2 4 3 5 4 5 9 5 7 6 10 7 5 6 5 7 3 3 8 8 5 6 8 3 1 6 7 9 9 7 9 4 6 9 9 6 1 8 1 2 4 6 7 5 3 9 3 2 6 7 7 3 0 3 3 5 9 4 4 6 3 7 3 2 2 8 6 1 7 4 9 6 5 6 9 6 6 5 6 5 6 7 3 6 2 4 2 6 7 7 5 3 4 3 9 4 9 3 10 6 3 6 6 8 4 1 2 0 10 6 9 2 8 5 5 2 10 9 7 4 4 8 9 9 7 9 11 6 2 9 9 6 10 4 1 10 4 8 6 3 6 1 2 1 3 10 3 3 6 2 
7 7 5 2 5 5 0 9 4 8 6 4 1 3 1 8 6 6 10 4 9 9 9 5 8 6 6 9 1 2 8 5 8 7 9 0 5 3 4 11 9 8 10 2 8 12 11 3 3 11 1 4 3 5 8 8 4 9 7 5 3 3 4 2 3 0 3 6 12 5 5 9 6 10 6 2 4 5 5 3 8 4 9 2 5 9 9 8 2 6 9 7 5 4 4 3 4 7 4 8 6 5 8 5 2 2 9 2 9 6 11 7 6 7 7 8 3 3 2 3 11 3 12 2 9 7 2 5 11 11 5 7 3 9 10 12 4 10 11 3 5 12 10 3 10 3 4 11 4 9 5 6 5 2 6 4 6 10 0 0 3 4 
9 9 6 5 2 4 4 12 7 9 6 3 2 6 1 9 3 8 12 7 11 10 12 8 8 9 8 10 1 5 10 8 9 9 11 3 4 6 8 12 12 10 12 1 9 13 13 6 4 12 2 5 6 8 10 9 6 11 6 4 6 6 6 5 3 3 0 3 13 2 2 9 6 11 6 1 5 7 8 4 10 0 11 4 8 9 12 9 4 8 10 9 8 6 1 5 5 8 6 9 9 8 9 2 1 0 12 1 12 6 14 9 7 9 10 11 6 5 4 4 13 6 12 0 11 9 3 6 13 13 8 8 6 11 12 12 8 12 14 6 3 13 13 6 13 6 5 13 1 12 8 7 8 3 6 5 5 13 2 3 6 2 
12 12 7 8 0 3 7 14 10 10 7 4 5 9 4 10 0 10 14 10 12 11 15 11 8 11 10 11 4 7 13 11 9 11 13 6 5 9 10 13 14 12 14 4 11 13 14 9 6 12 5 7 9 10 12 9 8 14 6 4 9 9 9 8 5 6 3 0 13 0 1 9 7 11 7 4 7 10 10 6 12 2 14 7 10 9 14 11 7 10 11 10 10 9 1 8 7 8 7 10 12 11 10 1 3 3 14 4 14 7 16 11 8 11 11 13 8 6 6 5 15 9 13 3 12 10 6 7 15 14 11 9 9 13 14 12 11 14 16 9 3 13 14 9 15 8 6 15 2 13 11 8 11 5 7 6 5 15 5 6 9 2 
18 18 6 11 12 9 12 8 13 4 6 9 11 10 13 5 12 7 7 10 5 3 11 12 5 10 8 4 13 10 10 15 4 5 6 12 8 14 14 2 9 8 5 14 5 0 5 14 9 2 11 7 10 12 6 4 8 11 6 9 14 15 16 10 9 12 13 13 0 13 12 3 6 2 6 12 8 16 10 9 8 13 9 14 10 3 10 6 15 8 3 5 12 15 12 15 8 5 7 3 11 12 4 11 13 12 11 13 10 6 8 7 6 8 7 10 10 8 9 9 8 14 0 12 5 5 14 7 7 6 12 4 10 6 7 0 14 8 10 14 10 1 6 13 10 10 8 8 13 6 11 5 10 10 6 8 8 10 12 12 14 10 
12 12 7 8 0 3 6 14 10 10 7 4 4 9 4 10 0 10 14 10 12 11 15 11 8 11 10 11 4 7 13 11 9 10 13 5 5 9 10 13 14 12 14 4 11 13 14 9 5 12 4 7 8 10 11 9 8 14 6 4 9 9 9 7 4 5 2 0 13 0 0 9 7 11 7 3 7 10 10 6 12 1 13 7 10 9 14 11 7 10 11 10 10 9 1 8 7 8 7 10 11 11 10 1 3 3 14 4 14 7 15 11 8 11 11 13 8 6 6 5 15 9 13 3 12 10 6 7 15 14 11 8 8 13 14 12 10 14 16 9 3 13 14 9 15 8 6 15 1 13 11 8 10 5 7 5 4 15 5 6 9 2 
11 11 6 7 0 2 6 13 9 9 6 3 4 8 3 9 0 9 13 9 11 10 14 10 7 10 9 10 3 6 12 10 8 10 12 5 4 8 10 12 13 11 13 3 10 12 13 8 5 12 4 6 8 9 11 9 7 13 5 3 8 8 8 6 4 5 2 1 12 0 0 8 6 10 6 3 6 10 9 5 11 1 13 7 9 8 13 10 6 9 10 9 9 9 0 8 6 8 6 9 11 10 9 0 3 2 13 3 13 6 14 10 7 10 10 12 7 5 5 4 14 8 12 2 11 9 6 6 14 13 10 8 7 12 13 12 10 13 15 8 2 12 13 9 14 7 5 14 1 12 10 7 9 4 6 5 4 14 4 5 8 1 
16 16 3 9 9 5 9 8 11 3 3 6 8 8 9 3 9 5 7 8 5 2 11 10 1 8 6 3 9 7 9 13 1 4 6 9 4 11 11 4 9 7 6 10 4 3 6 11 6 3 7 4 8 10 6 2 6 10 3 5 11 12 13 8 6 9 9 9 3 9 8 0 3 2 3 8 5 13 9 5 7 9 9 11 8 0 10 5 12 6 3 4 10 12 9 12 5 2 4 2 9 11 3 8 10 9 10 10 10 3 9 6 3 7 6 9 8 5 6 5 8 11 3 8 5 4 11 4 8 7 10 1 8 6 7 3 12 8 11 11 6 4 7 11 10 8 4 8 9 7 9 3 8 6 3 4 4 10 9 9 11 7 
13 13 0 6 6 3 6 7 8 3 0 3 5 6 6 3 6 4 7 6 5 3 9 8 2 7 4 4 6 4 8 10 2 3 6 5 2 8 9 6 8 6 6 7 4 6 7 8 3 5 4 1 5 8 5 2 3 9 1 3 9 9 10 5 3 6 6 7 6 7 6 3 0 4 0 5 2 10 6 2 6 7 8 8 6 2 9 4 9 4 4 3 7 9 6 9 2 1 1 2 7 8 2 5 7 6 9 7 8 0 9 5 1 5 5 8 5 2 3 2 8 8 6 5 5 3 8 1 8 7 8 1 5 6 7 5 9 7 10 8 3 6 7 8 9 5 1 8 7 6 7 1 6 3 0 1 2 9 6 6 8 4 
16 16 4 9 11 7 10 7 11 2 4 7 9 8 11 2 11 4 6 8 3 1 9 10 3 8 5 1 11 7 8 13 1 3 4 9 6 11 11 2 7 6 4 11 3 2 3 12 7 1 8 5 8 10 4 2 6 9 5 7 12 12 14 8 7 10 11 11 2 11 10 2 4 0 4 10 5 13 8 6 6 11 7 12 8 2 8 3 12 5 1 3 9 13 10 12 5 3 5 1 9 10 2 9 11 10 9 11 8 4 7 5 3 6 5 8 8 6 7 6 6 11 2 10 4 3 12 5 5 5 9 2 8 4 5 1 12 6 9 11 8 2 5 11 8 8 5 6 11 5 8 3 7 7 4 6 6 8 10 10 12 9 
13 13 0 6 6 3 6 8 8 3 0 3 5 6 6 3 6 4 7 6 5 4 10 8 2 7 4 4 6 4 8 10 2 4 6 5 1 8 9 6 8 6 7 7 4 6 7 9 3 5 4 2 5 8 5 2 3 9 1 3 9 9 10 5 3 6 6 7 6 7 6 3 0 4 0 5 2 10 6 2 7 6 8 8 6 2 9 4 9 4 4 3 7 9 6 9 2 1 2 3 7 8 3 5 7 6 9 7 9 0 9 5 1 5 5 8 5 2 3 2 8 9 6 5 6 3 8 1 8 7 8 1 5 6 7 5 9 8 10 8 3 6 7 8 9 5 1 8 6 7 7 1 6 3 0 1 2 9 6 6 9 4 
9 9 5 4 3 3 2 10 6 8 5 2 1 5 1 8 4 7 11 6 10 9 11 7 7 8 7 9 0 4 9 7 8 8 10 2 4 5 6 11 11 9 11 1 8 12 12 5 3 11 1 4 5 6 9 8 4 10 6 4 5 5 6 4 2 2 1 4 12 3 3 8 5 10 5 0 4 7 6 3 9 2 10 4 6 8 11 8 4 7 9 8 6 6 2 5 4 7 4 8 8 7 8 3 1 0 10 1 10 5 12 8 6 8 8 10 5 3 3 3 12 5 12 0 10 7 3 5 12 11 7 7 5 10 11 11 7 11 13 5 3 12 11 5 11 4 4 12 2 10 7 6 7 2 5 4 5 12 1 2 5 3 
10 10 1 4 6 4 4 6 6 4 2 3 3 3 5 3 6 3 6 3 5 4 8 6 4 5 3 5 5 2 6 8 3 3 6 4 2 6 6 7 7 5 6 6 4 8 7 6 1 6 3 0 3 5 4 3 1 7 3 3 6 7 8 2 2 4 5 7 8 7 6 5 2 5 2 4 0 8 4 1 5 6 6 6 4 5 7 4 7 3 4 3 5 7 6 7 0 2 0 4 5 6 3 5 6 5 7 6 7 1 8 4 1 4 4 6 3 0 1 1 8 6 7 4 5 3 6 0 7 7 5 3 3 6 6 7 7 7 9 6 4 7 7 6 7 3 1 8 6 6 5 2 4 2 2 1 4 8 4 4 6 4 
2 2 9 4 10 10 4 10 2 11 10 8 6 5 6 10 10 9 11 5 11 12 8 4 12 6 8 12 6 5 7 0 12 10 11 5 9 2 2 14 9 8 12 6 10 16 13 1 7 14 6 8 5 3 9 11 7 8 11 10 1 1 2 5 8 5 7 10 16 10 10 13 10 13 10 7 8 0 5 7 9 8 9 3 5 13 9 10 3 8 12 10 4 0 9 1 8 10 8 12 5 4 11 10 7 7 8 6 8 10 12 8 9 8 9 8 5 7 6 8 11 1 15 7 11 10 4 9 12 12 4 11 5 11 11 15 1 10 11 2 10 15 12 2 9 5 9 11 8 11 5 10 6 7 10 9 11 10 5 4 1 9 
7 7 5 2 9 8 4 4 2 6 6 7 5 1 6 5 10 3 5 0 5 7 4 1 8 1 2 6 7 3 2 5 7 5 5 4 7 4 3 9 4 3 6 7 5 11 7 4 5 9 5 5 1 1 4 6 3 3 8 8 4 5 6 2 6 5 8 10 10 10 9 9 6 8 6 6 4 5 0 5 3 9 4 5 0 8 4 5 6 2 7 5 1 5 9 5 4 6 4 7 1 2 6 9 8 7 4 7 4 6 6 3 5 2 3 3 1 4 4 5 6 4 10 7 5 5 6 5 7 6 1 7 1 5 6 10 4 5 6 4 8 10 6 3 5 2 6 6 9 5 0 6 0 5 6 6 8 5 5 4 4 8 
10 10 2 3 5 3 3 7 6 5 2 2 2 3 4 4 5 4 7 4 6 6 9 6 4 5 4 6 4 2 7 8 4 4 7 3 2 5 6 8 8 6 8 5 5 9 8 6 0 7 2 1 3 5 5 4 1 8 3 3 6 6 7 2 1 3 4 6 9 6 5 5 2 6 2 3 1 7 5 0 6 5 7 6 4 5 8 5 6 4 6 4 5 7 5 6 1 3 1 5 6 6 4 4 5 4 8 5 8 2 9 5 2 5 5 7 3 0 1 0 9 6 8 3 6 4 5 1 9 8 6 4 3 7 8 8 7 8 10 5 3 8 8 6 8 3 1 9 5 7 5 3 5 1 2 1 3 9 3 3 6 3 
11 11 6 6 12 9 7 1 6 4 6 8 8 4 9 4 12 2 1 3 2 5 3 5 8 2 2 4 10 5 2 8 6 3 2 8 8 7 6 6 1 0 3 10 3 8 4 7 6 6 8 5 4 5 1 5 4 2 8 9 7 8 10 5 7 8 10 12 8 12 11 7 6 6 7 9 5 9 3 6 0 11 1 9 3 7 2 2 10 2 5 3 4 8 11 9 5 5 5 5 3 5 4 11 10 10 2 10 2 6 3 1 5 1 1 1 4 6 6 7 2 7 8 9 2 3 10 5 3 3 4 6 4 2 2 8 7 1 3 8 9 7 3 7 2 5 6 2 11 2 3 5 2 7 6 7 9 2 8 7 8 10 
10 10 6 6 1 3 5 12 8 10 6 3 3 7 2 9 2 9 13 8 11 10 13 9 8 10 9 11 2 6 11 9 9 10 12 4 4 7 8 13 13 11 13 2 10 13 13 7 4 12 3 6 7 9 10 9 6 12 6 4 7 7 7 6 4 4 0 2 13 1 1 9 7 11 6 2 6 8 9 5 11 0 12 5 8 9 13 10 5 9 10 9 9 7 0 6 6 8 6 9 10 9 9 2 1 1 13 2 12 6 14 10 8 10 10 12 7 5 5 4 14 7 13 1 12 9 4 6 14 13 9 8 7 12 13 12 9 13 15 7 3 13 13 7 13 6 5 14 0 12 9 7 9 4 6 5 5 14 3 4 7 2 
11 11 7 6 13 11 8 1 6 6 8 9 9 5 10 5 13 4 2 4 4 6 1 4 9 2 3 6 10 6 1 8 7 4 3 8 9 8 6 7 0 1 4 11 5 10 5 8 7 7 9 7 5 5 3 6 5 1 9 10 8 8 10 6 9 9 11 14 9 13 13 9 8 7 8 10 6 9 4 7 1 12 0 9 3 9 0 4 10 3 6 5 4 8 12 9 6 7 7 7 3 4 6 12 11 11 1 11 0 7 3 2 6 2 2 0 5 7 7 8 2 7 9 10 4 5 10 7 3 3 4 7 5 3 3 9 7 1 2 8 11 8 3 7 1 5 8 2 12 3 3 7 3 8 8 8 11 1 9 8 8 11 
4 4 8 3 7 7 2 10 4 10 8 6 3 4 3 10 8 8 11 5 11 11 10 5 10 7 7 11 3 4 8 3 10 9 11 2 7 2 3 13 10 9 12 3 10 15 13 2 5 13 4 7 5 4 9 10 6 9 9 8 2 2 1 4 6 2 4 7 14 7 7 11 8 12 8 4 6 3 5 6 9 5 9 0 6 11 10 9 0 7 11 9 5 2 6 1 6 9 7 11 6 5 10 7 4 4 9 3 9 8 12 8 8 8 9 9 4 6 5 6 12 2 14 4 11 9 1 7 12 12 6 10 4 11 11 14 3 11 12 1 7 14 12 2 11 4 7 12 5 11 6 8 6 5 8 7 9 11 3 2 1 7 
8 8 5 2 9 8 4 4 3 6 6 6 5 1 6 5 10 3 5 0 5 7 4 2 8 1 2 6 7 2 2 5 6 4 5 4 6 4 3 8 4 3 6 7 5 10 7 4 4 8 5 4 1 2 4 6 2 3 7 7 4 5 6 2 5 5 8 10 10 10 9 8 6 8 6 6 4 5 0 4 3 8 3 6 0 8 4 4 6 2 6 4 1 5 9 5 4 5 4 6 1 2 5 9 7 7 4 7 4 5 6 3 5 2 3 3 1 4 3 5 6 4 10 7 5 4 6 4 6 6 1 6 1 5 5 10 4 5 6 4 8 9 6 3 5 2 5 6 8 5 0 5 0 4 6 5 8 5 5 4 4 8 
15 15 3 9 9 5 9 8 11 3 3 6 8 8 9 3 9 5 7 8 5 2 10 10 1 8 6 3 9 7 9 13 1 4 6 8 4 11 11 4 9 7 6 10 4 3 6 11 6 3 7 4 7 10 6 2 6 10 2 5 11 12 13 7 6 9 9 9 3 9 8 0 2 2 2 8 5 13 8 5 7 9 9 11 8 0 9 4 12 6 3 4 10 12 9 12 5 2 4 2 9 10 2 7 10 9 10 10 9 3 9 6 3 6 6 9 8 5 6 5 8 11 3 8 5 4 11 4 7 7 10 1 8 6 7 3 12 8 11 11 6 4 7 11 9 8 4 8 9 6 9 2 8 6 3 4 4 10 9 9 11 7 
11 11 8 7 14 11 9 1 6 6 9 10 10 5 11 6 14 4 2 5 4 7 1 5 10 3 4 6 11 7 2 9 8 5 3 9 10 8 7 7 0 2 4 12 5 10 5 8 8 8 9 8 6 5 3 7 6 1 10 11 8 9 11 7 9 9 12 14 10 14 13 10 9 8 9 11 7 9 4 8 2 13 0 10 4 9 0 4 11 4 7 5 5 9 13 10 7 7 7 7 3 5 7 13 12 12 1 12 0 8 2 3 7 3 3 1 6 8 8 9 2 8 10 11 4 5 11 7 3 4 4 8 6 3 3 10 7 2 2 8 12 8 3 7 0 6 9 2 13 3 4 7 4 9 9 9 11 0 10 9 9 12 
12 12 4 6 10 7 7 3 7 1 4 7 7 5 9 1 10 1 3 4 1 2 6 6 5 4 2 1 9 5 5 10 3 0 2 7 6 8 8 4 4 2 2 10 0 6 3 8 5 4 7 4 4 6 1 2 3 5 5 7 8 9 11 5 6 8 9 11 6 11 10 5 4 3 4 8 4 10 5 5 2 10 4 9 4 4 4 0 10 2 2 0 6 9 10 9 4 3 3 2 5 6 2 9 10 9 5 9 4 4 4 1 2 2 1 4 5 4 5 5 4 8 5 8 1 1 10 3 3 3 6 3 5 2 3 5 8 3 6 8 8 5 3 8 5 5 5 4 10 2 5 3 4 6 4 5 7 5 8 7 9 8 
5 5 8 4 6 7 2 11 4 11 8 6 3 5 2 10 7 8 11 6 11 11 10 6 11 7 8 11 3 5 9 4 11 10 11 3 7 2 4 14 11 9 12 3 10 15 13 2 5 13 4 7 5 5 10 10 6 10 9 8 3 2 2 4 6 2 4 7 15 7 6 12 9 12 9 4 7 3 6 6 10 5 10 0 6 12 11 10 0 8 11 10 5 2 6 1 7 9 7 11 7 6 10 7 3 4 10 2 10 8 13 9 9 8 9 9 5 6 5 6 12 3 15 4 11 9 0 7 13 13 6 10 5 11 12 14 4 11 13 2 7 14 12 3 11 5 7 12 5 11 6 9 7 5 8 7 9 11 3 2 2 7 
10 10 3 4 9 7 5 3 5 3 4 6 6 2 7 3 10 0 3 2 3 4 5 4 6 2 0 4 7 3 3 7 4 2 3 5 5 6 5 6 4 2 4 8 2 8 5 6 4 6 5 3 2 4 2 3 2 4 6 7 6 7 8 3 5 6 8 10 8 10 9 6 4 5 4 7 3 8 2 4 2 9 3 7 2 6 4 2 8 0 4 2 3 7 9 7 3 3 3 4 3 4 3 8 8 8 4 8 4 4 5 1 3 1 1 3 3 3 3 4 5 6 8 7 3 2 8 3 5 4 3 4 2 3 4 7 6 4 6 6 7 7 4 6 4 3 4 5 9 3 2 3 2 4 4 4 7 5 6 5 6 7 
14 14 4 8 10 7 9 5 9 0 4 7 8 7 10 1 10 3 4 6 2 0 8 8 4 6 4 0 10 6 7 12 1 1 3 8 6 10 10 2 6 4 3 11 1 4 3 10 6 1 8 4 6 8 3 1 5 7 5 7 10 11 12 7 6 9 10 11 3 11 10 3 4 1 4 9 4 12 7 6 5 10 6 11 6 3 7 2 11 4 0 1 8 11 10 11 4 2 4 1 7 9 1 9 11 10 7 11 7 4 6 4 3 4 4 6 7 5 6 6 5 10 3 9 2 2 11 4 4 4 8 2 7 3 4 3 11 5 7 10 8 2 4 10 7 7 5 5 11 3 7 3 6 7 4 5 6 7 9 9 10 8 
12 12 3 6 9 6 7 4 7 1 3 6 7 5 8 0 10 1 4 4 2 2 6 7 4 4 2 1 8 5 5 10 2 0 3 7 5 8 8 4 5 3 3 9 0 6 3 8 4 3 6 3 4 6 1 1 3 6 4 6 8 9 11 5 5 7 9 10 5 10 9 4 3 3 3 8 3 10 5 4 3 9 5 9 4 4 5 0 10 2 1 0 6 9 9 9 3 2 3 2 5 7 1 8 9 8 6 9 5 3 5 2 1 2 2 5 5 4 4 5 5 8 5 8 2 0 9 3 4 4 6 2 5 3 3 5 9 4 7 8 7 4 4 8 5 5 4 5 9 3 5 2 4 5 3 4 6 6 7 7 9 7 
6 6 6 2 10 8 4 5 1 7 7 7 5 1 6 6 10 4 6 1 6 8 5 0 9 2 4 8 7 3 3 4 8 6 6 4 7 3 2 10 5 4 8 7 6 12 8 3 5 10 5 5 2 0 5 7 4 4 9 8 3 4 5 3 6 5 8 10 12 10 9 10 7 9 7 6 5 4 1 5 4 9 4 5 1 10 5 6 5 3 8 6 0 4 9 4 5 7 5 8 1 0 7 9 7 7 4 7 4 7 7 4 6 4 4 3 2 5 4 6 7 3 11 7 7 6 6 6 8 7 0 8 2 7 7 11 2 6 7 3 8 11 7 2 5 2 6 7 9 6 1 7 2 5 7 6 9 6 5 4 3 9 
3 3 9 3 9 9 3 9 2 11 9 8 5 4 5 10 10 8 10 5 10 11 8 4 12 6 7 11 5 5 7 1 11 9 10 4 9 1 2 13 9 8 12 5 10 15 12 1 6 13 5 7 4 3 9 10 6 8 10 9 0 0 1 4 7 4 6 9 15 9 9 12 9 13 9 6 7 0 5 7 8 7 8 2 5 12 9 9 2 7 11 9 4 0 8 1 7 10 7 11 5 4 10 9 6 6 8 5 8 9 11 8 9 7 8 8 4 7 5 7 11 1 15 6 11 9 3 8 12 12 4 10 4 11 11 14 1 10 11 1 9 14 11 1 9 4 8 11 7 10 5 9 6 6 9 8 10 10 4 4 0 9 
11 11 6 6 0 3 5 12 9 9 6 3 3 7 3 9 1 9 13 8 11 10 13 10 7 10 9 10 2 6 11 9 9 9 12 4 4 7 9 12 13 11 13 3 10 13 13 8 4 12 3 6 7 9 10 9 6 12 6 3 8 8 8 6 3 4 1 1 12 1 0 9 6 10 6 2 6 9 9 5 11 0 12 6 9 9 13 10 6 9 10 9 9 8 0 7 6 8 6 9 10 10 9 1 2 1 13 3 12 6 14 10 7 10 10 12 7 5 5 4 14 8 12 1 11 9 5 6 14 13 10 8 7 12 13 12 9 13 15 7 2 13 13 8 13 6 5 14 0 12 9 7 9 4 6 5 4 14 3 4 7 2 
4 4 8 3 8 8 2 10 3 10 8 7 4 4 4 10 9 8 11 5 10 11 9 4 11 6 7 11 4 4 7 2 10 9 11 3 8 1 3 13 10 8 12 4 10 15 13 1 6 13 5 7 4 4 9 10 6 8 10 8 1 0 1 4 6 3 5 8 15 8 8 12 9 12 9 5 7 1 5 6 9 6 9 1 5 12 10 9 1 7 11 9 4 1 7 0 7 9 7 11 6 4 10 8 5 5 9 4 9 8 12 8 8 8 8 8 4 6 5 7 11 1 14 5 11 9 2 7 12 12 5 10 4 11 11 14 2 10 11 1 8 14 12 2 10 4 7 11 6 11 5 9 6 5 9 7 9 10 3 3 0 8 
10 10 1 3 6 4 4 6 6 4 2 3 3 3 5 3 7 3 6 3 5 4 8 6 4 5 2 4 5 2 6 8 3 3 6 4 2 6 6 7 7 5 6 6 4 8 7 6 1 6 3 0 3 5 4 3 1 7 3 4 6 7 8 2 2 4 5 7 8 7 6 5 2 5 2 4 0 8 4 1 5 6 6 6 4 5 7 4 7 3 4 3 5 7 6 7 0 2 0 4 5 6 3 5 6 5 7 6 7 2 8 4 1 4 4 6 3 0 1 1 7 6 7 4 5 3 6 0 7 7 5 3 3 6 6 7 7 7 9 6 4 7 7 6 7 3 1 7 6 6 4 2 4 2 2 1 4 8 4 4 6 4 
13 13 1 6 8 5 7 6 8 1 1 4 6 5 7 1 8 3 6 5 4 2 8 8 2 6 3 2 7 5 7 10 1 2 5 6 3 8 9 4 7 5 5 8 2 5 5 9 4 4 5 2 5 7 4 1 3 8 2 4 9 10 11 5 4 7 8 8 5 8 8 2 1 3 1 7 2 10 6 3 5 8 7 9 5 2 7 3 9 3 2 2 7 10 8 9 2 0 2 1 7 8 1 7 8 7 8 8 7 1 7 4 0 4 4 7 5 3 4 3 7 9 5 7 4 1 9 2 6 6 7 0 5 5 5 4 9 6 9 9 5 5 6 8 8 5 2 7 8 5 6 0 5 4 1 3 4 8 7 6 9 6 
11 11 1 4 6 4 4 6 6 3 1 3 4 4 5 3 6 3 6 4 5 4 8 6 4 5 3 4 5 2 6 8 3 3 6 4 2 6 7 6 7 5 6 6 3 8 7 7 1 6 3 0 3 6 4 3 1 7 3 3 7 7 8 3 2 4 6 7 7 7 6 4 1 5 2 4 0 8 4 1 5 6 7 7 4 4 7 3 7 3 4 3 5 7 6 7 0 2 0 3 6 6 3 5 6 5 7 6 7 1 8 4 1 4 4 6 3 1 2 1 8 7 7 5 5 3 7 0 7 7 6 2 3 6 6 7 7 7 9 6 4 7 7 6 8 3 1 8 6 6 5 1 4 2 1 1 4 8 4 4 7 4 
14 14 3 7 9 6 8 6 9 1 3 6 7 7 9 1 9 3 5 6 3 1 8 9 3 6 4 1 9 6 7 12 0 2 4 8 5 10 10 3 7 5 4 10 2 4 4 10 5 2 7 4 6 8 3 0 4 8 3 6 10 11 12 6 6 8 9 10 3 10 9 2 2 1 3 8 4 12 7 5 5 9 7 11 6 2 7 2 11 4 1 2 8 11 9 11 4 1 3 0 7 9 0 8 10 9 8 10 7 2 7 4 2 5 4 7 6 4 6 5 6 10 3 8 3 2 11 3 5 5 8 1 6 4 5 3 10 6 8 10 6 3 5 10 7 6 4 6 10 4 7 2 6 6 3 4 5 8 8 8 10 7 
8 8 7 3 11 9 5 4 3 6 7 8 6 2 8 6 11 4 5 1 5 7 3 1 9 0 3 7 8 4 1 5 8 5 5 6 8 4 3 9 3 3 6 8 6 11 7 4 6 9 6 6 3 2 4 7 4 2 9 9 4 5 7 4 7 6 9 12 11 11 11 9 7 9 7 8 5 5 1 6 3 10 3 6 1 9 3 5 7 3 7 5 1 5 10 6 5 7 6 7 0 1 6 10 9 9 2 8 3 7 6 3 6 2 3 2 3 5 5 7 5 4 11 8 5 5 7 6 6 6 0 7 3 5 5 11 4 4 5 5 9 10 6 4 4 3 7 5 10 5 0 6 1 6 7 7 10 4 7 6 5 9 
6 6 7 3 10 9 4 5 1 8 8 8 6 2 7 7 11 5 6 2 7 9 4 0 10 2 4 8 7 4 3 3 9 7 7 5 8 3 1 10 5 4 8 8 7 13 9 3 6 10 6 6 3 0 6 8 5 4 10 9 3 4 5 3 7 5 8 11 12 11 10 11 8 10 8 7 6 4 2 6 5 9 4 5 2 10 5 6 6 4 9 7 0 4 10 4 6 8 6 9 1 0 8 10 8 8 4 7 4 8 7 5 7 4 5 4 3 6 5 7 7 3 12 8 7 7 6 6 8 8 0 9 3 7 7 12 2 6 7 3 9 11 8 2 5 3 7 7 9 7 1 8 2 6 8 7 10 6 6 5 3 9 
13 13 2 7 9 6 7 5 8 0 3 6 7 6 9 0 9 2 5 5 2 1 8 8 3 6 3 1 9 5 6 11 1 1 3 7 4 9 9 3 6 4 4 9 1 5 4 9 5 3 6 3 5 7 3 0 4 7 4 6 9 10 11 6 5 8 9 10 4 10 9 3 2 2 3 8 3 11 6 4 4 9 6 10 5 2 7 2 10 3 1 1 7 10 9 10 3 1 3 0 6 8 0 8 9 8 7 9 7 2 6 3 1 4 3 6 6 4 5 5 6 9 4 8 3 1 10 3 5 4 7 1 5 3 4 4 10 5 8 9 6 4 4 9 7 5 4 6 9 4 6 1 5 5 3 4 5 7 8 7 9 7 
12 12 5 7 1 2 6 12 9 9 5 2 4 8 4 8 1 8 12 8 10 9 13 10 6 10 8 10 3 6 11 10 8 9 11 5 3 8 10 11 13 11 12 4 9 11 12 8 4 11 3 5 7 9 10 8 6 12 4 2 9 9 9 6 3 5 2 1 11 1 0 8 5 9 5 3 5 10 9 4 11 2 12 7 9 7 13 9 7 8 9 8 9 9 1 8 5 7 5 8 10 10 8 0 3 2 13 4 12 5 14 9 7 9 10 12 7 5 5 3 13 9 11 2 11 8 6 5 13 13 10 7 7 11 12 11 10 12 15 8 1 12 12 9 13 7 4 13 2 12 9 6 9 4 5 4 3 14 4 5 8 0 
8 8 7 5 3 4 3 12 7 10 7 4 2 6 1 9 4 9 12 7 11 11 12 8 9 9 8 11 0 5 10 7 9 10 12 3 5 5 7 13 12 10 13 0 10 14 13 5 4 12 3 6 6 7 10 9 6 11 7 5 6 5 5 5 4 2 1 3 13 3 3 10 7 11 7 1 6 7 8 5 10 1 11 4 7 10 12 10 3 8 11 9 7 6 2 5 6 8 6 10 9 8 9 3 0 1 12 0 12 7 14 9 8 9 10 11 6 5 4 4 13 6 13 1 11 9 2 6 13 13 8 9 6 12 12 13 7 12 14 5 4 13 13 6 12 5 5 13 1 12 8 8 8 4 7 5 6 13 2 3 5 3 
9 9 6 5 2 3 3 11 7 9 6 3 2 6 1 8 3 8 11 7 10 10 12 8 7 8 8 10 1 4 10 8 8 9 11 2 4 5 7 12 12 10 12 1 9 13 12 6 3 11 2 5 6 7 9 8 5 11 6 4 6 6 6 5 3 2 0 3 12 3 2 9 6 10 6 0 5 7 7 4 10 1 11 4 7 9 12 9 4 8 10 8 7 6 1 5 5 7 5 9 9 8 8 2 1 0 11 1 11 6 13 9 7 9 9 10 5 4 4 3 13 6 12 0 11 8 3 5 13 12 8 8 6 11 12 12 7 12 14 5 3 12 12 6 12 5 4 13 1 11 8 7 8 3 6 4 5 12 2 3 5 2 
10 10 8 6 13 11 8 2 5 7 9 10 9 5 10 6 14 5 3 4 5 8 0 4 11 2 4 7 11 6 1 8 8 6 4 9 10 7 6 8 1 2 5 11 6 11 6 7 8 9 9 8 5 4 4 8 6 0 10 11 7 8 10 6 9 9 12 14 11 14 13 10 9 9 9 10 7 8 4 8 2 13 1 9 4 10 1 5 10 4 7 6 4 8 13 9 7 8 7 8 2 4 7 13 12 11 0 11 0 8 3 4 7 3 3 1 5 8 7 9 3 7 11 11 5 6 10 7 4 5 3 8 5 4 4 11 6 3 2 8 12 9 4 7 1 6 9 3 13 4 3 8 3 8 9 9 11 1 9 8 8 12 
7 7 7 4 4 5 3 11 6 10 7 4 2 6 0 9 4 8 12 7 11 11 12 7 9 8 8 11 0 4 10 6 9 9 11 2 5 4 6 13 11 10 12 0 10 14 13 5 4 12 2 6 5 7 10 9 6 11 7 5 5 5 4 4 4 2 1 4 13 4 3 10 7 11 7 1 6 6 7 5 10 2 11 3 7 10 12 9 2 8 11 9 7 5 3 4 6 8 6 10 8 7 9 4 0 1 11 0 11 7 13 9 7 9 9 10 5 5 4 4 13 5 13 1 11 9 2 6 13 13 8 9 5 11 12 13 6 12 14 4 5 13 12 5 12 5 5 13 2 11 7 8 8 3 7 5 6 12 1 2 4 4 
10 10 8 6 13 11 8 1 6 6 8 10 9 5 10 6 14 4 3 4 4 7 1 4 10 2 4 6 11 6 1 8 8 5 4 8 10 7 6 8 1 2 5 11 5 10 5 7 8 8 9 7 5 5 3 7 6 0 10 11 7 8 10 6 9 9 12 14 10 14 13 10 8 8 9 10 7 8 4 8 2 12 0 9 4 9 0 4 10 4 7 5 4 8 12 9 7 7 7 7 3 4 7 12 12 11 0 11 0 8 3 3 7 3 3 0 5 7 7 9 3 7 10 11 4 5 10 7 4 4 3 8 5 4 3 10 7 2 2 8 11 9 4 7 1 6 8 3 12 3 3 7 3 8 8 8 11 1 9 8 8 12 
12 12 0 5 6 3 6 7 8 3 0 3 5 5 6 3 6 3 7 5 5 3 9 8 2 6 4 4 6 4 7 10 2 3 6 5 2 8 8 6 8 6 6 7 3 6 7 8 2 5 4 1 5 7 5 2 3 8 1 3 8 9 10 4 3 6 6 7 6 7 6 3 0 4 0 5 1 10 6 2 6 6 7 8 5 3 8 4 8 4 4 3 7 9 6 8 2 1 1 2 7 8 2 5 7 6 8 7 8 0 9 5 1 5 5 7 5 2 3 2 8 8 6 5 5 3 8 1 8 7 7 1 5 6 7 6 9 7 10 8 4 6 7 8 8 5 1 8 7 6 6 0 5 3 0 1 3 9 5 5 8 4 
14 14 8 9 15 12 11 2 9 6 9 11 11 7 13 6 15 5 1 6 3 6 3 7 10 5 5 5 13 8 4 11 7 5 2 11 11 10 9 6 2 3 3 14 5 9 3 11 9 6 11 8 7 8 3 7 7 4 10 12 11 11 13 9 10 11 14 16 8 15 14 9 9 7 9 12 8 12 6 9 3 14 3 12 6 9 2 4 13 5 6 5 7 11 14 12 8 7 8 7 6 7 6 14 14 13 3 13 3 9 0 4 7 4 4 3 8 9 9 10 0 10 8 13 3 5 13 8 1 2 7 8 8 2 1 8 10 1 2 11 12 7 1 10 2 8 9 0 14 2 6 8 6 10 9 10 12 2 12 11 11 13 
11 11 4 5 10 8 6 2 6 3 5 7 7 3 8 2 11 1 2 3 2 4 4 5 7 2 1 3 8 4 3 8 4 2 2 6 6 7 6 5 3 1 3 9 2 8 4 7 5 5 6 4 3 5 1 4 3 3 6 7 7 8 9 4 6 7 9 11 7 11 10 6 5 5 5 8 4 8 3 5 1 10 2 8 3 6 3 1 9 1 4 2 4 8 10 8 4 4 4 4 3 5 3 9 9 9 4 9 3 5 4 0 3 0 0 3 4 4 5 6 3 7 7 8 2 2 9 4 4 3 4 4 4 2 3 7 7 2 5 7 8 6 3 6 3 4 5 3 10 2 3 4 2 6 5 5 8 4 7 6 7 8 
12 12 1 5 7 5 6 6 7 2 1 4 5 4 7 1 8 2 5 4 4 3 8 7 3 5 2 3 7 4 6 9 2 2 4 5 3 7 8 5 6 4 5 8 2 6 5 8 3 4 5 1 4 6 3 1 2 7 3 4 8 9 10 4 3 6 7 8 6 8 7 3 1 3 1 6 1 9 5 2 5 8 6 8 5 3 7 2 9 3 3 1 6 9 7 8 1 0 1 2 6 7 1 7 8 7 7 7 7 1 7 3 0 3 4 6 4 2 3 3 7 8 6 6 4 1 8 1 6 6 6 1 4 4 5 5 8 6 8 8 5 5 6 7 7 4 2 7 8 5 5 0 4 4 1 2 4 7 6 6 8 6 
10 10 4 4 10 8 6 2 5 4 5 7 6 3 8 3 11 1 3 2 2 4 4 4 7 2 1 4 8 4 2 8 5 2 2 6 6 6 6 6 3 1 4 9 3 8 4 6 5 6 6 4 3 4 1 4 3 3 7 8 7 7 9 4 6 7 9 11 8 11 10 7 5 6 5 8 4 8 2 5 1 10 2 8 2 6 3 2 8 1 4 2 4 7 10 8 4 4 4 5 2 4 4 9 9 9 3 9 3 5 4 0 3 0 0 2 3 4 4 6 4 6 8 8 3 2 9 4 4 4 3 5 3 3 3 8 6 3 5 7 8 7 3 6 3 3 5 4 10 2 2 4 1 5 5 5 8 4 7 6 7 9 
11 11 5 5 11 8 7 2 6 3 5 7 7 4 9 3 11 1 2 3 2 4 4 5 7 2 1 3 9 4 3 8 5 2 2 7 7 7 6 5 2 0 3 10 2 8 4 7 5 5 7 4 4 5 1 4 3 3 7 8 7 8 10 5 6 7 10 11 7 11 10 6 5 5 5 8 4 9 3 5 1 10 2 9 3 6 3 1 9 1 4 2 4 8 10 8 4 4 4 4 3 5 3 10 10 9 3 9 3 5 4 0 4 0 0 2 4 5 5 6 3 7 7 9 2 2 9 4 3 3 4 5 4 2 2 7 7 2 4 7 8 6 3 7 3 4 5 3 10 2 3 4 2 6 5 6 8 3 8 7 8 9 
10 10 7 5 12 10 7 1 5 6 8 9 8 4 10 5 13 4 3 3 4 7 1 4 10 1 3 6 10 6 0 7 7 5 3 8 9 7 5 7 1 1 5 10 5 10 6 7 7 8 8 7 4 4 3 7 5 0 9 10 7 8 9 5 8 8 11 13 10 13 12 9 8 8 8 10 6 8 3 7 1 12 0 9 3 9 1 4 9 3 6 5 3 8 12 8 6 7 6 7 2 4 6 12 11 10 1 10 0 7 3 3 6 2 2 0 5 6 6 8 3 7 10 10 4 5 10 6 4 4 3 7 4 4 3 10 6 2 3 7 10 9 4 6 1 5 8 3 12 3 2 7 2 7 8 8 10 2 9 8 7 11 
7 7 4 1 8 6 2 6 3 6 5 5 3 0 5 5 8 3 6 1 6 7 6 3 7 3 3 7 5 1 4 5 6 5 6 3 5 3 3 9 6 4 7 5 5 11 8 3 3 9 3 3 0 2 5 6 2 5 6 6 3 4 5 0 4 3 6 8 10 8 7 8 5 8 5 5 3 5 1 3 4 7 5 4 1 8 6 5 5 3 7 5 2 4 7 4 3 5 3 6 3 3 6 7 6 5 5 5 5 5 8 4 4 3 4 5 0 3 2 4 7 3 10 5 6 5 5 3 8 7 2 6 0 6 7 10 4 6 8 3 6 10 7 3 6 0 4 7 7 6 2 5 2 3 5 4 7 7 4 3 3 6 
10 10 2 3 6 3 3 7 6 4 2 2 2 3 4 4 6 3 7 3 6 5 8 6 4 5 3 5 4 1 6 7 4 4 6 3 2 5 6 8 7 5 7 5 4 9 8 6 0 7 2 0 3 5 5 4 1 7 3 3 6 6 7 2 1 3 5 6 8 6 5 5 2 6 2 3 0 7 4 0 6 5 7 6 4 5 8 4 6 3 5 4 5 7 5 6 0 3 1 4 5 6 4 5 5 4 8 5 7 2 9 4 2 4 5 6 3 0 1 1 8 6 8 4 6 3 6 1 8 8 5 4 3 6 7 8 6 7 9 5 4 8 7 5 8 2 1 8 5 6 5 2 4 1 2 1 4 8 3 3 6 4 
9 9 3 2 5 4 2 7 5 5 3 2 2 2 3 5 6 4 7 3 6 6 8 5 6 5 3 6 3 1 6 6 5 5 7 2 3 4 5 8 7 5 8 4 5 10 8 5 0 8 1 2 2 4 5 5 1 7 4 4 5 5 6 1 2 2 4 6 9 6 5 6 3 7 3 3 1 6 4 1 6 5 7 5 3 6 8 5 5 3 6 4 4 5 5 5 1 4 2 6 5 5 5 5 4 4 7 4 7 3 9 5 3 4 5 6 2 1 0 1 8 5 9 3 7 4 5 2 9 8 5 5 2 7 8 9 6 7 10 4 4 9 8 4 8 2 2 8 5 7 4 3 4 1 3 2 5 8 2 2 5 4 
11 11 2 4 4 2 4 8 7 5 2 1 2 4 4 5 5 5 8 5 7 6 10 7 4 6 4 6 4 3 8 8 4 5 7 3 1 6 7 8 9 7 8 5 5 9 9 6 1 8 2 1 4 6 6 4 2 9 3 2 7 7 8 3 0 3 4 5 9 5 4 5 2 6 2 3 1 8 5 0 7 4 8 6 5 5 9 5 6 4 6 5 6 7 4 7 1 3 1 5 7 7 5 3 4 3 9 4 9 2 10 6 3 6 6 8 4 1 1 0 9 6 8 3 7 4 6 2 9 9 7 4 4 8 8 8 7 8 11 6 2 9 9 6 9 3 1 9 4 8 6 3 5 1 2 0 3 10 3 3 6 2 
13 13 8 8 14 12 10 1 8 5 8 11 11 7 12 5 14 4 1 6 3 6 3 7 9 5 5 5 12 8 4 11 7 4 2 10 10 10 9 5 1 3 2 13 4 8 3 10 9 6 10 8 7 7 3 6 7 3 10 11 10 11 13 8 10 11 13 15 8 15 14 8 8 6 8 12 8 11 6 9 2 14 2 12 6 8 2 4 12 5 5 5 7 11 14 11 7 7 8 6 5 7 6 13 13 13 3 13 3 8 0 3 7 4 3 3 7 8 8 9 0 10 8 12 3 5 12 7 1 1 6 7 7 2 1 8 10 0 2 10 12 6 1 9 2 7 9 0 14 1 6 7 5 9 8 9 11 2 11 10 11 12 
4 4 8 2 9 8 3 8 1 9 8 7 5 3 5 9 9 7 9 4 9 10 7 3 11 5 6 10 5 4 6 1 10 8 9 3 8 0 1 12 8 7 10 5 9 14 11 0 5 12 5 7 3 2 8 9 5 7 10 9 0 1 2 3 6 3 6 9 14 9 8 11 8 11 9 5 6 1 4 6 7 7 7 2 4 11 8 8 3 6 10 8 3 1 8 1 6 9 7 10 4 3 9 9 6 6 7 5 7 8 10 7 8 6 7 7 3 6 5 6 10 0 14 6 9 8 3 7 11 10 3 9 3 10 10 13 1 9 10 0 8 13 10 0 8 3 7 10 7 9 4 8 4 5 8 7 9 9 4 3 0 8 
18 18 6 11 12 9 12 8 13 4 6 9 11 10 13 5 12 7 7 10 5 3 11 12 5 10 7 3 13 10 10 15 4 5 6 11 8 13 13 2 9 8 5 13 5 0 5 14 9 2 10 7 10 12 6 4 8 11 6 8 14 15 16 10 9 12 12 13 0 13 12 3 6 2 6 12 7 15 10 8 8 13 9 14 10 3 10 5 15 8 3 5 11 15 12 14 7 5 7 3 11 12 4 11 13 12 11 13 10 6 8 7 6 8 7 10 10 8 9 8 8 14 0 12 5 5 14 7 7 6 11 4 10 6 7 0 14 8 10 14 9 1 6 13 10 10 7 8 13 6 10 5 9 9 6 7 8 10 12 12 14 10 
9 9 5 4 2 3 3 11 7 8 5 2 1 6 1 8 3 7 11 6 10 9 11 8 7 8 7 9 1 4 10 7 8 8 10 2 4 5 7 12 11 9 11 1 8 12 12 6 3 11 1 4 5 7 9 8 5 11 6 3 6 6 6 4 2 2 0 3 12 3 2 8 5 10 5 0 4 7 7 3 9 1 10 4 7 8 11 8 4 7 9 8 7 6 1 5 4 7 5 8 8 8 8 2 1 0 11 1 11 5 13 8 6 8 9 10 5 4 3 3 12 6 12 0 10 8 3 5 12 12 8 7 5 11 11 11 7 11 13 5 3 12 12 6 12 5 4 12 1 11 7 6 7 2 5 4 5 12 1 2 5 2 
13 13 5 7 12 9 9 3 8 2 6 8 9 6 10 2 12 2 2 5 0 3 5 7 6 5 3 2 10 6 5 11 4 1 0 9 7 9 9 3 3 2 1 11 1 6 1 10 7 3 8 5 6 7 1 3 5 5 7 9 10 10 12 7 8 9 11 12 5 12 11 5 5 4 6 10 5 11 5 6 2 12 4 11 5 5 4 1 11 3 2 2 7 11 11 11 5 4 5 3 5 7 3 11 11 11 5 11 4 5 3 2 4 3 2 4 6 6 7 7 3 9 5 10 0 2 11 5 2 1 6 4 6 0 1 5 9 2 5 10 9 4 1 9 4 6 6 2 12 1 5 4 5 7 6 6 8 4 9 9 10 10 
12 12 2 6 9 6 7 4 7 1 3 6 6 5 8 0 9 1 4 4 2 2 6 7 4 4 2 1 8 4 5 10 2 0 3 7 5 8 8 4 5 3 3 9 0 6 4 8 4 3 6 3 4 6 2 1 3 6 4 6 8 9 10 5 5 7 9 10 5 10 9 4 3 3 3 7 3 10 5 4 3 9 5 9 4 4 5 1 9 2 2 0 6 9 9 9 3 1 3 2 5 7 1 8 9 8 6 9 5 3 5 2 1 2 2 5 5 3 4 4 5 8 5 8 2 0 9 2 4 4 6 2 4 3 4 5 9 4 7 8 7 5 4 8 6 5 4 5 9 3 5 2 4 5 3 4 6 6 7 7 8 7 
5 5 8 4 6 7 2 11 5 10 8 6 3 5 2 10 7 8 12 6 11 11 11 6 10 8 8 11 2 4 9 4 10 10 11 2 7 3 5 14 11 9 12 2 10 15 13 3 5 13 4 7 5 5 10 10 6 10 9 7 3 3 2 4 5 2 3 6 14 6 6 11 8 12 8 3 6 4 6 5 10 4 10 1 6 11 11 10 0 8 11 9 6 3 5 2 6 9 7 11 7 6 10 6 2 3 10 2 10 8 13 9 8 9 9 10 5 6 5 6 12 3 14 3 11 9 0 7 13 13 7 10 5 12 12 14 4 12 13 3 6 14 12 4 11 5 7 13 4 11 7 8 7 4 8 7 8 12 2 2 2 6 
11 11 0 4 6 4 5 6 7 3 1 3 4 4 6 3 7 3 6 4 5 4 8 6 3 5 3 4 6 3 6 9 3 3 5 4 2 6 7 6 7 5 6 6 3 7 6 7 2 6 3 0 3 6 4 2 1 7 3 3 7 8 9 3 2 5 6 7 7 7 6 4 1 5 1 5 0 9 5 1 5 6 7 7 4 4 7 3 7 3 4 3 6 8 6 7 0 2 0 3 6 6 3 5 6 5 7 6 7 1 8 4 1 4 4 6 3 1 2 2 7 7 7 5 5 2 7 0 7 7 6 2 3 5 6 6 8 7 9 7 4 7 7 7 8 3 1 7 6 6 5 1 4 2 1 1 4 8 5 4 7 4 
14 14 7 9 14 11 10 2 9 4 8 10 11 7 12 4 14 4 1 7 2 5 5 8 9 5 5 4 12 8 5 12 6 4 1 11 10 11 10 4 3 3 1 13 4 7 2 11 9 5 10 8 7 8 3 5 7 5 9 11 11 12 13 8 10 11 13 15 7 15 14 8 8 5 8 12 7 12 7 9 3 14 3 12 6 7 3 3 13 5 4 4 8 12 14 12 7 6 7 5 6 8 5 13 13 13 4 13 4 8 1 4 6 4 3 4 8 8 9 9 1 11 7 12 2 4 13 7 0 0 7 7 8 1 0 7 10 1 3 11 11 5 0 10 3 8 8 1 14 1 6 7 6 9 8 9 11 3 11 11 11 12 
14 14 7 9 13 11 10 2 9 4 7 10 10 7 12 4 14 4 1 6 2 4 5 8 8 5 4 3 12 8 5 12 5 3 1 10 9 11 10 3 3 3 0 13 3 6 1 11 8 4 10 7 7 8 2 5 7 5 9 10 11 12 13 8 9 11 13 14 6 14 13 7 7 5 7 11 7 12 6 8 3 13 3 12 6 7 4 3 13 4 4 4 7 12 13 12 7 6 7 5 6 8 4 13 13 12 5 13 4 7 2 3 6 4 3 4 7 8 8 9 1 10 6 12 1 4 13 7 0 0 7 6 7 1 0 6 10 1 4 11 11 5 0 10 3 8 8 1 13 1 6 6 5 9 7 8 10 4 11 10 11 12 
7 7 7 3 10 9 5 5 2 7 7 8 6 2 7 6 11 4 6 1 6 8 4 0 10 1 4 8 7 4 2 4 8 6 6 5 8 4 2 9 4 4 7 8 6 12 8 4 6 10 6 6 2 1 5 7 4 3 9 9 4 4 6 3 7 5 8 11 12 11 10 10 8 9 8 7 5 4 1 6 4 9 4 6 1 10 4 6 6 3 8 6 0 4 10 5 5 7 6 8 0 0 7 10 8 8 3 8 3 7 7 4 6 3 4 3 2 5 5 7 6 3 11 8 6 6 7 6 7 7 0 8 2 6 6 11 3 5 6 4 9 11 7 3 5 3 7 6 9 6 0 7 1 6 7 7 10 5 6 5 4 9 
14 14 1 7 8 5 7 7 9 2 1 5 6 6 8 2 8 3 6 6 4 2 9 8 2 7 4 2 8 5 8 11 0 3 5 7 3 9 9 4 7 6 5 9 2 5 5 9 4 3 6 3 6 8 4 1 4 8 2 4 10 10 11 6 4 7 8 9 4 8 8 1 1 2 1 7 3 11 7 4 6 8 7 10 6 1 8 3 10 4 2 2 8 10 8 10 3 0 2 1 7 9 1 7 9 8 8 9 8 1 8 4 1 5 5 7 6 4 5 4 7 9 4 7 4 2 10 2 7 6 8 0 6 5 6 4 10 7 9 9 5 4 6 9 8 6 3 7 8 5 7 1 6 5 1 3 4 8 7 7 9 6 
7 7 4 1 8 6 2 6 3 6 5 5 3 0 5 5 8 3 6 1 6 7 6 2 7 2 3 6 5 1 4 5 6 5 6 3 5 3 3 9 6 4 7 6 5 10 8 3 3 8 3 3 0 2 5 6 2 5 6 6 3 4 6 1 4 3 6 9 10 8 7 8 5 8 5 5 3 5 1 3 4 7 5 4 1 8 6 5 5 2 7 5 2 4 7 4 3 5 3 6 3 3 5 7 6 6 5 5 5 5 8 4 4 3 4 4 0 3 2 4 7 3 10 5 6 4 5 3 8 7 2 6 0 6 7 10 4 6 8 3 6 9 7 3 6 0 4 7 7 6 2 5 2 3 5 4 7 7 4 3 3 6 
13 13 6 7 12 9 9 2 8 3 6 9 9 6 11 3 13 3 1 5 0 3 5 7 7 4 3 2 11 7 4 11 4 2 0 9 8 10 9 3 3 2 0 12 2 6 1 10 7 4 9 6 6 7 1 4 5 5 7 9 10 11 12 7 8 9 11 13 6 13 12 6 6 4 6 10 6 11 5 7 2 12 3 11 5 6 3 2 11 3 3 3 7 11 12 11 6 5 6 4 5 7 3 11 12 11 4 11 4 6 2 2 4 3 2 4 6 6 7 8 2 10 6 11 0 3 12 5 1 1 6 5 6 0 1 6 9 1 4 10 10 4 1 9 3 6 7 2 12 0 5 5 5 8 6 7 9 4 10 9 10 10 
13 13 7 8 13 10 9 1 8 4 7 10 10 6 11 4 13 3 0 6 1 4 4 7 8 4 4 3 12 7 4 11 5 3 0 10 9 10 9 4 2 2 1 12 3 7 2 10 8 5 9 7 6 7 2 5 6 4 8 10 10 11 12 7 9 10 12 14 7 14 13 7 7 5 7 11 6 11 6 8 2 13 3 11 5 7 3 3 12 4 4 3 7 11 13 11 6 5 6 5 5 7 4 12 12 12 4 12 3 7 1 3 5 3 2 3 7 7 8 8 1 10 7 11 1 4 12 6 0 0 6 6 7 1 0 7 10 1 3 10 11 5 0 9 3 7 8 1 13 0 5 6 5 9 7 8 10 3 10 10 10 11 
18 18 6 11 12 9 12 8 13 4 6 9 11 10 12 4 12 6 7 10 5 3 11 12 4 10 7 3 12 9 10 15 3 5 6 11 7 13 13 2 9 8 5 13 5 0 5 13 8 1 10 7 10 12 6 4 8 11 6 8 14 14 16 10 9 12 12 12 0 12 12 3 5 1 5 11 7 15 10 8 8 12 9 14 10 3 10 5 14 7 3 5 11 14 12 14 7 4 7 3 11 12 4 11 13 12 11 13 10 6 8 7 5 8 7 10 10 8 9 8 8 13 0 11 5 5 14 6 7 6 11 4 10 6 7 0 14 8 10 13 9 1 6 13 10 10 7 8 12 6 10 5 9 9 6 7 7 10 12 11 14 10 
3 3 8 3 10 9 4 8 1 10 9 8 6 3 6 9 11 7 9 4 9 11 7 2 11 5 6 10 6 4 5 1 10 9 9 5 9 1 0 13 8 7 10 6 9 15 11 1 6 12 6 7 4 2 8 10 6 6 10 10 1 1 3 4 7 4 8 11 14 10 10 12 9 12 9 7 7 1 4 7 7 9 7 3 4 12 7 8 4 6 11 9 2 1 9 2 7 9 7 10 4 2 10 10 7 7 6 6 7 9 10 7 8 6 7 6 4 6 6 7 10 1 14 7 9 9 4 8 10 10 3 10 4 9 10 14 0 9 9 1 9 13 10 1 8 4 8 10 9 9 4 9 4 6 9 8 10 8 5 4 1 9 
13 13 7 7 13 11 9 0 7 5 7 10 10 6 11 4 14 3 0 5 2 5 3 6 9 4 4 4 11 7 3 10 6 4 1 9 9 9 8 5 1 2 2 12 4 8 3 9 8 6 9 7 6 6 2 5 6 3 9 10 9 10 12 7 9 10 12 14 8 14 13 8 7 6 8 11 7 10 5 8 1 13 1 11 5 8 2 3 11 4 5 4 6 10 13 10 7 6 7 6 4 6 5 12 12 12 3 12 2 7 1 2 6 3 2 2 6 7 7 8 0 9 8 11 2 4 12 7 1 1 5 7 6 1 1 8 9 0 2 9 11 6 1 8 1 6 8 1 13 1 5 6 4 8 8 8 10 2 10 9 10 11 
13 13 10 9 15 13 11 2 8 7 10 12 12 7 13 7 16 6 3 7 5 8 2 7 11 5 6 7 13 9 4 10 9 6 4 11 12 10 9 8 2 4 4 14 6 11 5 10 10 8 11 9 8 7 5 8 8 3 12 13 10 11 13 9 11 11 14 16 10 16 15 11 10 9 10 13 9 11 6 10 3 15 2 12 6 11 2 6 13 6 7 7 7 11 15 11 9 9 9 8 5 7 8 15 14 14 2 14 2 10 2 5 8 5 4 3 8 9 10 11 2 10 10 13 5 7 13 9 3 4 6 9 8 4 3 10 9 2 0 10 13 9 3 9 1 8 10 2 15 4 6 9 6 11 10 11 13 1 12 11 11 14 
4 4 7 2 8 8 2 9 2 9 8 6 4 3 4 9 9 7 9 4 9 10 8 3 10 5 6 10 4 3 6 2 10 8 10 3 7 0 2 12 9 7 11 4 9 14 11 0 5 12 4 6 3 3 8 9 5 7 9 8 0 1 2 3 6 3 6 9 14 9 8 11 8 11 8 5 6 2 4 5 8 7 8 1 4 11 8 8 2 6 10 8 3 1 7 1 6 9 6 10 5 3 9 8 5 5 8 4 8 8 11 7 8 7 7 7 3 5 4 6 10 0 14 5 10 8 3 7 11 11 4 9 3 10 10 13 1 9 10 0 8 13 10 1 9 3 7 10 7 9 4 8 5 5 8 7 9 9 3 2 0 8 
12 12 4 6 2 0 5 11 9 7 3 1 3 7 4 7 2 7 11 7 9 7 12 9 4 9 7 8 4 5 10 10 6 7 10 4 1 8 9 10 11 9 10 5 7 10 11 8 3 9 3 4 6 9 8 6 5 11 3 0 8 9 9 5 2 5 3 3 10 3 2 6 3 8 3 3 4 10 8 3 9 3 11 7 8 6 12 8 7 7 8 7 8 9 2 8 4 5 4 6 9 9 6 1 4 3 12 5 11 4 12 8 5 8 8 10 6 4 4 2 12 8 9 3 9 7 6 4 11 11 9 5 6 10 11 9 9 11 13 8 0 10 11 8 12 6 3 12 3 10 8 5 8 3 3 2 1 12 4 5 8 0 
17 17 6 11 13 9 12 7 12 3 6 9 11 10 13 4 13 6 6 9 4 2 10 11 5 9 7 3 13 9 9 15 4 4 5 11 8 13 13 1 8 7 4 14 4 1 3 13 9 1 10 7 9 11 5 4 8 9 7 9 13 14 15 10 9 12 13 13 1 13 12 4 6 2 6 12 7 15 10 8 7 13 8 14 9 4 8 5 14 7 2 4 11 14 13 14 7 5 7 3 10 11 4 12 13 12 9 13 9 6 7 6 5 7 6 9 10 8 9 9 6 13 1 12 4 5 14 7 5 5 11 4 9 4 5 1 13 6 9 13 10 0 5 13 8 10 7 6 13 5 10 5 9 10 6 8 8 9 12 12 13 11 
14 14 7 8 13 11 10 2 9 4 7 10 10 7 12 4 14 4 1 6 2 4 4 8 8 5 4 3 12 8 5 11 5 3 1 10 9 10 9 4 2 3 1 13 3 7 1 10 8 4 10 7 7 8 2 5 6 5 9 10 10 11 13 8 9 10 13 14 6 14 13 7 7 5 7 11 7 12 6 8 3 13 3 12 6 7 3 3 12 4 4 4 7 11 13 12 7 6 7 5 6 8 4 12 13 12 4 12 4 7 1 3 6 3 3 4 7 7 8 9 1 10 6 12 1 4 12 7 0 0 7 6 7 1 0 6 10 1 3 10 11 5 0 10 3 7 8 1 13 0 6 6 5 9 7 8 10 3 11 10 11 11 
4 4 7 2 9 8 3 8 1 9 8 7 5 3 5 8 9 6 9 3 9 10 7 2 10 4 6 10 5 3 5 2 9 8 9 3 8 0 1 12 8 6 10 5 8 14 11 0 5 12 5 6 3 2 7 9 5 6 9 8 0 1 3 3 6 3 6 9 13 9 9 11 8 11 8 5 6 2 3 6 7 7 7 2 3 11 7 8 3 6 10 8 2 1 8 2 6 8 6 10 4 2 9 9 6 6 7 5 7 8 10 6 7 6 7 6 3 5 4 6 9 0 13 6 9 8 4 7 10 10 3 9 3 9 9 13 1 8 9 1 8 13 10 0 8 3 7 9 7 9 3 8 4 5 8 7 9 8 4 3 1 8 
12 12 8 7 14 12 9 1 7 6 9 11 10 6 11 6 14 5 2 5 4 7 1 5 10 3 4 6 12 7 2 9 8 5 3 9 10 9 7 7 0 2 4 12 5 10 5 9 9 8 10 8 6 6 3 7 7 1 10 11 9 9 11 7 10 10 13 15 10 15 14 10 9 8 9 11 7 9 5 8 2 13 1 11 5 9 0 5 11 4 7 5 5 9 13 10 7 8 8 7 4 5 7 13 12 12 1 12 1 8 2 3 7 3 3 1 6 8 8 9 2 8 10 12 4 6 11 8 3 3 5 8 6 3 3 10 8 1 1 9 12 8 3 8 0 7 9 2 13 3 4 8 4 9 9 9 12 0 10 9 9 12 
7 7 4 1 7 6 2 6 3 6 5 4 3 0 4 5 8 3 6 1 6 7 6 3 7 3 3 7 5 0 4 5 6 5 6 2 5 3 3 9 6 4 7 5 5 10 8 3 2 9 3 3 0 2 5 6 1 5 6 6 3 4 5 0 4 3 6 8 10 8 7 8 5 8 5 4 3 5 2 3 5 6 5 4 2 8 6 5 5 3 7 5 2 4 6 4 3 5 3 6 3 3 5 7 5 5 6 5 6 5 8 4 4 3 4 5 0 2 2 3 7 3 10 5 6 5 5 3 8 8 3 6 0 6 7 10 4 6 8 3 6 10 7 3 7 0 4 7 6 6 2 5 2 2 5 4 7 7 3 2 3 6 
11 11 1 5 5 2 5 8 7 4 1 2 3 5 5 4 5 4 8 5 6 5 9 7 3 6 4 5 5 3 8 9 3 4 7 4 1 7 7 7 8 6 7 6 4 8 8 7 1 6 3 1 4 7 5 3 2 8 2 2 7 8 9 4 1 4 5 6 8 6 5 4 1 5 1 4 1 9 6 1 6 5 8 7 5 4 9 5 7 4 5 4 6 8 5 7 1 2 1 4 7 7 4 4 5 4 9 5 8 1 9 5 2 5 5 8 4 1 2 1 9 7 7 4 6 4 7 1 8 8 7 3 4 7 8 7 8 8 10 7 3 7 8 7 9 4 0 9 5 7 6 2 5 2 1 0 2 9 4 4 7 3 
13 13 8 8 14 12 10 1 8 5 8 11 11 7 12 5 14 4 1 6 3 5 3 7 9 5 5 5 12 8 4 11 7 4 2 10 10 10 9 5 1 3 2 13 4 8 3 10 9 6 10 8 7 7 3 6 7 4 10 11 10 11 13 8 10 11 13 15 8 15 14 8 8 6 8 12 8 11 6 9 2 14 2 12 6 8 2 4 12 5 5 5 7 11 14 11 7 7 8 6 5 7 6 13 13 13 3 13 3 8 0 3 7 4 3 3 7 8 8 9 0 10 8 12 2 5 13 7 1 1 6 7 7 2 1 8 10 1 2 10 12 6 1 9 2 7 9 0 14 1 6 7 5 9 8 9 11 2 11 10 11 12 
10 10 6 6 1 3 5 12 8 10 6 3 3 7 2 9 2 9 13 8 11 11 13 9 8 10 9 11 2 6 11 9 9 10 12 4 5 7 9 13 13 11 13 2 10 13 13 7 4 12 3 6 7 9 11 9 6 12 6 4 7 7 7 6 4 4 1 2 13 1 1 9 7 11 6 2 6 8 9 5 11 0 12 5 8 9 13 10 5 9 11 9 9 7 0 6 6 8 6 10 10 9 9 2 1 1 13 2 12 7 14 10 8 10 10 12 7 5 5 4 14 7 13 1 12 9 4 6 14 13 9 8 7 12 13 12 9 13 15 7 3 13 13 7 13 6 5 14 0 12 9 7 9 4 6 5 5 14 3 4 7 2 
13 13 6 7 12 10 9 1 8 3 6 9 9 6 11 3 13 3 0 5 1 4 4 7 8 4 3 3 11 7 4 10 5 2 0 9 8 9 8 4 2 2 1 12 2 7 2 9 7 4 9 6 6 7 1 4 5 4 8 9 9 10 12 7 8 9 12 13 6 13 12 7 6 5 7 10 6 11 5 7 2 12 3 11 5 6 3 2 11 3 3 3 6 10 12 11 6 5 6 4 5 7 4 12 12 11 4 11 3 6 2 2 5 2 2 3 6 6 7 8 1 9 6 11 1 3 11 6 1 1 6 5 6 0 0 6 9 1 4 9 10 5 0 9 3 6 7 1 12 0 5 5 4 8 7 7 9 3 10 9 10 11 
8 8 6 3 10 8 4 4 2 6 6 7 6 1 7 5 11 3 5 1 5 7 4 1 9 1 3 7 7 3 2 5 7 5 5 5 7 4 3 9 4 3 6 8 5 11 7 4 5 9 6 5 2 1 4 6 3 3 8 8 4 5 6 3 6 5 8 11 11 11 10 9 7 8 7 7 5 5 0 5 3 9 3 6 0 9 4 5 6 2 7 5 1 5 9 5 4 6 5 7 0 1 6 9 8 8 3 7 3 6 6 3 5 2 3 2 2 5 4 6 6 4 10 7 5 5 7 5 6 6 0 7 2 5 5 10 4 5 6 4 8 10 6 3 4 2 6 6 9 5 0 6 0 5 7 6 9 5 6 5 4 9 
12 12 0 6 7 4 6 6 8 2 1 4 5 5 7 2 7 3 6 5 4 3 8 7 2 6 3 3 7 4 7 10 1 2 5 6 3 8 8 5 7 5 5 8 2 6 6 8 3 4 5 1 5 7 4 1 3 8 2 4 8 9 10 5 3 6 7 8 5 8 7 3 1 3 1 6 2 10 6 3 5 7 7 8 5 2 7 3 9 3 3 2 7 9 7 9 2 0 1 2 6 8 1 6 8 7 8 8 7 0 8 4 0 4 4 7 5 2 3 3 7 8 5 6 4 2 8 1 7 6 7 1 5 5 6 5 9 6 9 8 5 5 6 8 8 5 2 7 7 5 6 0 5 4 1 2 4 8 6 6 8 5 
8 8 5 3 10 8 5 3 3 5 6 7 6 1 7 5 10 2 4 0 4 6 4 2 8 0 2 6 7 3 2 6 6 4 4 5 7 5 4 8 4 2 6 8 4 10 6 5 5 8 5 4 2 2 3 5 3 3 7 8 5 6 7 3 6 5 8 11 10 10 9 8 6 7 6 7 4 6 0 5 2 9 3 6 0 8 4 4 7 2 6 4 2 6 9 6 4 5 4 6 1 2 5 9 8 8 3 8 3 5 6 2 4 1 2 2 2 4 4 5 5 4 9 7 5 4 7 4 6 5 1 6 2 5 5 9 4 4 6 5 8 9 5 4 4 2 5 5 9 4 0 5 0 5 6 5 8 4 6 5 5 8 
9 9 3 3 4 3 2 8 5 6 3 1 1 3 3 5 5 5 8 4 7 7 9 6 5 6 4 7 3 2 7 7 5 6 8 2 2 5 6 9 8 6 9 4 6 10 9 5 0 8 0 2 3 5 6 5 2 8 4 3 5 6 6 2 1 2 3 5 10 5 4 6 3 7 3 2 2 7 5 1 7 4 8 5 4 6 9 6 5 4 7 5 5 6 4 5 2 4 2 6 6 6 5 4 4 3 8 3 8 3 10 6 4 5 6 7 3 1 1 1 9 5 9 2 7 5 4 2 9 9 6 5 3 8 9 9 6 8 11 5 3 10 9 5 9 2 2 9 4 8 5 4 5 0 3 2 4 9 2 2 5 3 
12 12 0 6 6 3 6 8 8 3 0 3 5 5 6 3 6 4 7 6 5 4 9 8 2 7 4 4 6 4 8 10 2 4 6 5 1 8 8 6 8 6 7 7 4 6 7 8 3 5 4 1 5 7 5 2 3 9 1 3 8 9 10 5 2 6 6 7 6 7 6 3 0 4 0 5 2 10 6 2 6 6 8 8 6 3 9 4 8 4 4 3 7 9 6 9 2 1 1 3 7 8 3 5 7 6 9 7 8 0 9 5 1 5 5 8 5 2 3 2 8 8 6 5 6 3 8 1 8 7 7 1 5 6 7 6 9 8 10 8 3 6 7 8 9 5 1 8 6 7 7 1 6 3 0 1 2 9 5 6 8 4 
11 11 1 5 5 2 4 8 7 4 1 1 3 5 5 4 5 4 8 5 6 5 9 7 3 6 4 5 5 3 8 9 4 4 7 4 1 7 7 7 8 6 8 5 5 8 8 7 1 7 2 1 4 7 6 4 2 9 2 2 7 8 9 4 1 4 5 6 8 5 5 4 1 6 1 4 1 9 6 1 7 5 8 7 5 4 9 5 7 4 5 4 6 8 5 7 1 3 1 4 7 7 4 4 5 4 9 5 8 1 10 5 2 5 6 8 4 1 2 0 9 7 7 4 6 4 7 1 9 8 7 3 4 7 8 7 8 8 11 7 2 8 8 7 9 4 0 9 5 7 6 2 5 2 1 0 2 9 4 4 7 3 
13 13 3 7 4 1 7 10 10 6 2 2 5 7 6 6 4 7 10 8 8 6 12 10 3 9 7 7 6 6 10 11 5 6 9 6 1 9 10 8 11 9 9 6 6 8 10 9 4 8 4 3 7 9 8 5 5 11 1 1 10 10 11 6 3 6 5 5 8 4 4 4 2 6 2 5 4 11 8 3 9 5 11 9 8 4 11 7 9 7 6 6 9 10 4 9 4 4 4 5 10 10 5 3 6 5 11 6 11 3 12 8 4 8 8 10 7 4 5 3 11 9 8 5 8 6 8 4 11 10 10 4 7 9 10 7 10 10 13 9 1 8 10 9 12 7 2 11 5 9 9 4 8 4 2 2 0 12 6 6 9 2 
12 12 9 8 14 12 9 1 7 7 9 11 10 6 12 6 15 5 2 5 4 7 1 6 11 4 5 6 12 8 2 9 8 5 3 10 11 9 7 7 1 3 4 13 6 10 5 9 9 8 10 8 6 6 4 7 7 2 11 12 9 10 11 7 10 10 13 15 10 15 14 10 9 8 9 12 8 10 5 9 2 14 1 11 5 10 0 5 11 5 7 6 6 10 14 10 8 8 8 8 4 6 7 14 13 12 1 12 1 9 2 4 7 4 3 2 7 8 8 10 2 9 10 12 4 6 12 8 3 4 5 8 7 4 3 10 8 2 1 9 12 9 3 8 0 7 9 2 14 3 5 8 4 9 9 9 12 0 11 10 9 13 
7 7 5 3 4 4 1 10 5 8 5 3 0 4 0 8 5 7 10 5 9 9 10 6 8 7 6 9 1 3 8 6 8 8 10 0 4 3 5 11 10 8 11 1 8 12 11 4 3 11 1 4 4 5 8 8 4 9 6 4 4 4 4 3 3 0 2 5 12 5 4 9 6 10 6 1 4 5 5 3 8 3 9 3 5 9 10 8 3 6 9 7 5 4 3 3 4 7 4 8 7 6 8 4 2 2 9 1 9 5 12 7 6 7 8 9 4 3 2 3 11 4 12 1 9 7 2 5 11 11 6 7 4 10 10 12 5 10 12 3 4 12 11 4 10 3 4 11 3 10 6 6 6 2 5 4 6 11 0 1 4 4 
7 7 5 2 5 5 0 9 4 8 5 4 1 3 2 7 6 6 9 4 8 9 9 5 8 6 5 9 2 2 7 5 8 7 9 0 5 2 4 11 9 7 10 2 7 12 11 3 3 11 1 4 3 4 7 7 3 8 6 5 3 3 4 2 3 0 3 6 12 6 5 9 6 10 6 2 4 4 4 3 7 4 8 2 4 9 9 7 2 5 9 7 4 4 4 3 4 6 4 8 6 5 7 5 3 3 8 2 8 5 11 6 6 6 7 8 3 3 2 3 10 3 12 2 9 7 2 4 11 10 5 7 3 9 10 11 4 9 11 2 5 12 10 3 9 2 4 10 4 9 5 6 5 2 6 4 6 10 1 0 3 5 
4 4 8 2 8 8 2 9 2 10 8 7 4 3 4 9 9 7 10 4 10 11 8 3 11 5 6 10 4 4 7 2 10 9 10 3 8 0 2 13 9 8 11 4 9 14 12 0 5 12 5 7 4 3 8 9 5 7 9 8 0 0 2 3 6 3 6 9 14 9 8 11 8 12 9 5 6 1 4 6 8 7 8 1 4 11 9 9 2 6 10 9 3 0 7 0 6 9 7 10 5 3 9 8 5 5 8 4 8 8 11 7 8 7 8 7 3 6 5 6 11 0 14 5 10 8 2 7 11 11 4 9 3 10 10 14 1 10 11 0 8 13 11 1 9 3 7 11 7 10 4 8 5 5 8 7 9 9 4 3 0 8 
12 12 4 6 2 1 5 11 9 8 4 1 3 7 4 7 2 7 11 8 10 8 12 9 5 9 7 9 3 5 11 10 7 8 10 4 2 7 9 11 12 10 11 4 8 11 11 8 3 10 3 4 6 9 9 7 5 12 4 1 8 8 9 5 2 4 2 2 10 2 1 7 4 9 4 3 4 9 8 3 10 2 11 7 8 7 12 8 7 7 8 7 9 9 2 8 4 6 4 7 9 9 7 0 3 2 12 4 12 4 13 8 6 9 9 11 6 4 4 2 12 8 10 2 10 7 6 4 12 12 9 6 6 10 11 10 9 11 14 8 0 11 11 8 12 6 3 12 2 11 9 5 8 3 4 3 2 13 4 5 8 0 
