160 7356.68 0 1680 7 240
13.87 14.37 97.5 61.42 82.24 47.25 20.7 28.74 82.36 98.18 24.41 42.66 98.1 72.36 38.03 51.74 28.32 24.99 16.25 16.97 41.3 30.37 42.33 26.51 86.88 49.94 79.75 51.33 83.24 19.53 64.18 67.92 2.36 62.49 35.38 94.32 97.77 64.97 36.66 76.45 52.52 68.58 50.34 6.6 26.5 60.09 13.29 68.25 35.13 85.93 71.77 42.19 53.73 53.59 1.47 5.26 63.88 94.63 82.24 60.63 36.27 19.94 24.14 17.1 48.29 38.32 76.36 19.56 68.07 64.11 82.14 13.33 23.81 31.59 91.77 45.76 29.08 50.03 75.19 81.3 53.26 85.46 84.02 34.67 82.02 32.11 37.51 49.55 26.33 62.47 83.21 14.22 4.52 31.03 40.22 6.31 47.9 43.05 5.36 6.52 40.43 5.59 96.78 52.35 35.15 14.1 57.71 96.33 9.43 95.37 17.11 4.19 84.45 35.17 79.68 40.61 40.25 96.5 73.35 31.24 47.94 5.21 83.93 91.39 80.62 45.91 51.05 19.86 14.27 79.47 35.3 63.18 62.7 13.04 92.91 87.34 1.63 24.44 68.77 16.17 52.57 12.55 19.8 75.73 42.38 90.19 37.92 73.27 64.15 46.5 9.98 25.5 16.68 50.23 61.68 26.93 3.16 26.36 63.35 16.36 
49.16 68.32 41.13 57.87 64.67 52.54 80.77 14.68 28.82 75.94 18.75 62.9 35.47 87.2 61.31 52.17 53.79 72.29 65.0 10.14 68.3 28.89 81.44 78.48 76.67 48.59 78.12 83.62 82.01 29.64 45.47 49.54 40.17 84.56 43.32 32.93 65.66 41.43 64.84 24.38 20.63 77.45 33.38 23.48 86.55 30.6 16.07 62.31 70.17 12.91 72.74 35.98 70.04 11.15 25.6 18.1 21.94 88.6 63.65 79.15 26.5 26.86 31.39 78.36 68.53 53.33 33.44 54.55 13.14 26.08 15.46 62.48 68.08 52.53 71.65 40.35 12.93 59.77 45.6 19.11 78.82 63.15 16.02 68.9 24.92 87.65 85.32 49.37 78.35 58.23 26.46 66.54 62.2 70.07 54.42 45.25 86.59 79.57 15.27 17.84 53.45 59.0 27.37 75.85 13.65 77.65 46.7 38.64 47.23 17.94 19.38 78.86 62.76 72.6 25.42 57.78 50.4 22.67 42.53 14.88 76.6 44.37 32.06 73.85 19.67 34.47 78.3 22.69 67.49 81.22 80.15 73.31 40.57 35.25 50.2 20.23 89.12 71.1 44.77 46.31 14.12 36.96 60.31 20.23 43.87 82.1 63.42 73.6 52.73 56.64 60.34 72.0 66.86 60.07 19.16 71.84 28.29 51.46 38.13 55.3 
2 2 9 6 8 5 2 3 8 9 3 4 9 7 4 5 3 3 2 2 4 3 4 3 8 5 8 5 8 2 6 7 1 6 4 9 9 6 4 7 5 7 5 1 3 6 2 7 4 8 7 4 5 5 1 1 6 9 8 6 4 2 3 2 5 4 7 2 7 6 8 2 3 3 9 5 3 5 7 8 5 8 8 4 8 3 4 5 3 6 8 2 1 3 4 1 5 4 1 1 4 1 9 5 4 2 6 9 1 9 2 1 8 4 8 4 4 9 7 3 5 1 8 9 8 5 5 2 2 8 4 6 6 2 9 8 1 3 7 2 5 2 2 7 4 9 4 7 6 5 1 3 2 5 6 3 1 3 6 2 
1 2 3 4 5 6 7 8 9 10 11 12 13 14 15 16 17 18 19 20 21 22 23 24 25 26 27 28 29 30 31 32 33 34 35 36 37 38 39 40 41 42 43 44 45 46 47 48 49 50 51 52 53 54 55 56 57 58 59 60 61 62 63 64 65 66 67 68 69 70 71 72 73 74 75 76 77 78 79 80 81 82 83 84 85 86 87 88 89 90 91 92 93 94 95 96 97 98 99 100 101 102 103 104 105 106 107 108 109 110 111 112 113 114 115 116 117 118 119 120 121 122 123 124 125 126 127 128 129 130 131 132 133 134 135 136 137 138 139 140 141 142 143 144 145 146 147 148 149 150 151 152 153 154 155 156 157 158 159 160 
2 2 2 2 1 1 2 3 1 2 3 1 2 3 1 1 3 3 2 2 1 3 1 3 1 1 1 1 1 2 2 3 3 2 1 2 2 2 1 3 1 3 1 3 3 2 2 3 1 1 3 1 1 1 3 3 2 2 1 2 1 2 3 2 1 1 3 2 3 2 1 2 3 3 2 1 3 1 3 1 1 1 1 1 1 3 1 1 3 2 1 2 3 3 1 3 1 1 3 3 1 3 2 1 1 2 2 2 3 2 2 3 1 1 1 1 1 2 3 3 1 3 1 2 1 1 1 2 2 1 1 2 2 2 2 1 3 3 3 2 1 2 2 3 1 2 1 3 2 1 3 3 2 1 2 3 3 3 2 2 
3 3 1 1 1 2 3 2 1 1 2 3 1 2 3 2 2 2 3 3 3 2 3 2 1 2 1 2 1 3 1 2 2 1 3 1 1 1 3 2 2 2 2 2 2 1 3 2 3 1 2 3 2 2 2 2 1 1 1 1 3 3 2 3 2 3 2 3 2 1 1 3 2 2 1 2 2 2 2 1 2 1 1 3 1 2 3 2 2 1 1 3 2 2 3 2 2 3 2 2 3 2 1 2 3 3 1 1 2 1 3 2 1 3 1 3 3 1 2 2 2 2 1 1 1 2 2 3 3 1 3 1 1 3 1 1 2 2 2 3 2 3 3 2 3 1 3 2 1 2 2 2 3 2 1 2 2 2 1 3 
4 10 4 2 2 5 5 10 5 10 9 4 3 6 7 10 6 1 2 10 5 2 3 3 9 4 8 7 8 5 1 9 1 7 10 3 8 2 5 8 9 9 6 10 3 3 8 3 6 4 4 2 4 6 10 2 7 3 2 4 9 9 6 8 3 3 7 8 8 8 4 9 5 6 8 4 9 3 9 7 6 4 6 2 10 5 1 9 7 5 6 4 7 2 7 9 8 4 6 4 5 5 9 6 4 8 8 4 6 6 5 6 8 7 9 5 7 1 9 3 6 6 4 5 5 9 4 9 1 1 9 7 7 5 6 8 3 4 4 3 6 9 7 10 5 5 6 2 8 5 9 3 8 6 3 7 8 5 8 8 
3905.56 4307.12 4192.52 3966.89 4057.89 4052.2 4906.0 4191.62 4304.08 3761.89 3362.39 4071.2 3793.02 3597.05 4086.11 3511.55 3887.79 4022.11 4116.54 3877.31 3632.77 4398.7 3677.89 3924.25 3212.72 4697.72 3743.13 4774.57 3769.59 3742.57 4095.94 3375.54 4040.39 4821.54 3698.28 4473.69 3765.15 3988.53 4848.42 3780.97 3290.74 3202.89 3507.46 4191.39 4396.1 4409.57 3724.67 3777.71 3903.02 3347.33 4540.72 4609.99 4206.72 3590.65 4089.73 4499.96 4194.88 4815.19 4092.45 4274.21 3370.71 3196.34 3429.17 3745.68 4310.75 4237.96 4770.48 3783.14 3786.14 3838.81 4527.06 3232.21 4583.98 4043.57 3813.64 4175.21 3335.93 4694.15 3207.53 4720.65 3820.15 3276.9 4330.4 3594.58 4149.4 3761.1 3993.95 3259.1 4697.31 4601.71 4090.56 3910.37 4634.65 3727.63 4198.63 3229.75 3745.62 4005.96 3478.04 3633.56 4745.37 3549.76 3349.62 3880.91 4146.62 3846.36 3872.86 4303.68 4294.25 4252.88 4235.28 3441.89 3919.11 4788.2 3180.6 3601.24 4902.98 3957.36 3306.73 3694.0 3741.68 4184.34 3331.45 3872.29 3958.39 3338.44 3739.28 3203.06 4097.84 3781.63 3364.15 4075.67 4214.18 3613.78 3420.92 3873.45 4496.3 4239.58 3798.75 4392.21 4289.68 3308.84 4509.51 4061.08 3568.17 3974.08 4015.34 4481.44 3771.71 3991.64 3303.62 4666.24 3935.49 3599.45 3697.18 4281.81 3933.15 3922.88 3725.03 3869.14 
0.48 0.83 0.44 0.46 0.62 0.3 0.31 0.83 0.36 0.84 0.64 0.42 0.82 0.64 0.28 0.81 0.37 0.75 0.52 0.77 0.28 0.54 0.83 0.82 0.82 0.43 0.11 0.24 0.11 0.28 0.79 0.7 0.9 0.25 0.75 0.83 0.11 0.58 0.3 0.11 0.52 0.61 0.46 0.83 0.82 0.83 0.11 0.82 0.15 0.27 0.34 0.59 0.38 0.37 0.81 0.48 0.13 0.82 0.54 0.33 0.74 0.8 0.75 0.11 0.82 0.82 0.18 0.11 0.11 0.11 0.3 0.6 0.32 0.1 0.11 0.46 0.58 0.82 0.54 0.71 0.34 0.44 0.73 0.49 0.73 0.35 0.88 0.52 0.15 0.36 0.32 0.45 0.27 0.52 0.25 0.8 0.11 0.4 0.62 0.53 0.33 0.31 0.6 0.8 0.36 0.11 0.11 0.4 0.12 0.78 0.33 0.35 0.11 0.26 0.76 0.33 0.49 0.95 0.48 0.82 0.67 0.49 0.4 0.35 0.36 0.53 0.37 0.54 0.76 0.93 0.47 0.21 0.09 0.31 0.69 0.11 0.83 0.3 0.46 0.83 0.36 0.63 0.54 0.79 0.37 0.3 0.52 0.53 0.11 0.36 0.7 0.83 0.11 0.22 0.82 0.2 0.11 0.3 0.11 0.11 
0.67 0.68 0.96 0.72 0.7 1.0 0.81 0.7 0.92 0.81 0.78 0.7 1.0 0.8 0.56 0.67 0.9 0.86 0.61 0.87 0.86 0.72 0.79 0.72 0.75 0.76 1.0 0.99 0.85 0.78 0.58 0.82 1.0 0.93 0.62 1.0 0.93 0.83 0.85 0.74 0.99 0.75 0.74 0.91 1.0 0.91 1.0 0.76 1.0 0.57 0.71 1.0 1.0 0.75 1.0 0.79 1.0 0.9 0.69 0.83 1.0 0.69 0.75 0.62 0.66 0.74 0.59 0.9 0.82 0.52 0.78 0.52 1.0 1.0 0.68 1.0 0.84 0.7 0.92 0.71 0.62 0.59 1.0 0.78 0.54 0.8 0.68 0.53 0.73 0.63 0.77 0.69 0.88 0.64 0.85 0.93 0.57 0.87 0.74 0.94 0.53 0.66 0.53 1.0 0.99 0.96 0.99 1.0 0.92 0.98 0.75 1.0 0.61 1.0 0.53 0.98 0.51 0.61 0.69 0.69 0.76 0.67 0.62 1.0 0.7 0.61 0.63 0.93 0.76 1.0 1.0 0.88 0.95 0.68 0.6 0.97 0.68 0.99 1.0 1.0 0.93 0.6 0.68 0.59 0.78 0.61 0.99 0.7 0.86 0.72 0.59 1.0 1.0 0.74 0.59 0.9 1.0 1.0 0.71 0.54 
0.75 0.97 0.89 0.94 0.55 0.51 0.93 1.0 0.84 0.94 0.58 0.76 0.54 0.65 0.66 0.75 0.58 0.75 0.75 0.67 0.72 0.65 1.0 0.91 0.61 0.88 0.57 0.89 0.81 0.72 0.57 1.0 0.99 0.8 0.96 0.55 0.64 0.79 0.67 1.0 0.75 0.96 0.61 0.85 0.92 0.85 0.86 0.64 0.87 0.71 1.0 0.67 0.6 0.92 1.0 0.74 0.85 0.96 0.74 0.55 0.67 0.6 0.53 0.79 0.98 0.88 0.85 0.82 0.65 0.56 0.73 0.67 0.65 0.89 0.56 0.93 1.0 0.9 0.54 0.84 0.87 0.54 0.59 0.87 0.69 0.87 0.56 0.74 0.94 0.54 0.6 0.56 0.69 0.89 0.86 0.88 0.7 0.67 1.0 0.71 0.86 0.73 0.86 0.65 0.63 0.86 1.0 0.86 0.85 0.82 1.0 0.58 1.0 0.84 0.76 0.7 0.74 0.62 1.0 0.98 0.72 0.76 0.82 0.75 1.0 0.63 0.62 1.0 0.58 1.0 0.87 0.77 0.88 0.92 0.91 0.71 0.64 0.71 0.7 0.89 0.51 0.92 0.99 1.0 0.66 0.85 0.58 0.8 0.6 0.93 0.57 0.72 0.73 0.6 0.64 0.98 0.91 0.61 0.91 0.84 
0.91 0.97 0.92 0.95 0.61 0.51 0.96 0.86 0.95 0.75 0.55 1.0 1.0 0.74 1.0 1.0 1.0 0.69 0.72 0.82 0.64 0.63 0.95 1.0 0.68 0.76 0.69 0.73 0.62 0.94 0.87 0.77 0.54 0.71 1.0 0.59 0.71 0.93 0.51 0.87 0.68 0.87 0.81 0.69 0.67 0.93 1.0 0.76 0.77 0.99 1.0 0.65 1.0 0.74 0.6 0.73 1.0 0.9 1.0 0.53 0.79 0.93 0.61 0.98 0.79 0.58 0.64 0.74 0.87 0.98 0.66 0.79 0.69 0.66 1.0 0.62 0.57 0.53 0.81 0.52 1.0 0.61 1.0 0.98 0.72 0.75 1.0 0.86 0.65 0.55 0.72 1.0 0.72 0.63 0.69 0.98 0.64 0.85 0.65 0.66 0.81 0.79 1.0 0.81 0.9 0.54 0.98 0.86 0.98 0.87 1.0 0.87 1.0 0.71 0.85 0.65 0.83 0.61 0.73 0.55 0.69 0.78 0.68 0.71 0.8 0.78 0.79 0.86 0.69 0.66 1.0 0.87 0.68 1.0 0.97 0.95 0.77 0.55 0.84 0.95 1.0 0.61 0.94 0.79 0.73 0.87 0.5 0.51 0.97 0.66 0.83 0.6 0.93 0.53 0.57 0.75 1.0 0.76 0.61 0.8 
1.0 1.0 0.65 0.97 0.78 0.66 0.64 1.0 0.78 0.94 0.72 0.98 0.84 1.0 0.78 0.5 0.91 0.62 0.8 0.69 0.88 0.52 0.75 0.66 0.71 1.0 0.74 0.56 0.99 0.57 0.66 0.82 0.62 0.96 1.0 0.52 0.6 0.87 0.68 0.82 0.96 0.85 0.58 0.87 0.89 0.9 0.57 0.74 0.88 0.61 0.96 0.59 0.87 0.8 0.61 0.62 0.72 0.88 1.0 0.81 0.69 0.6 1.0 0.73 0.56 0.83 0.68 0.89 0.61 0.77 0.63 0.99 0.62 0.92 0.6 0.9 0.78 0.79 0.58 1.0 1.0 0.85 1.0 0.55 0.89 0.71 0.89 1.0 0.62 0.55 0.92 0.54 0.51 0.53 0.77 0.92 0.64 1.0 0.81 0.64 0.93 0.74 0.57 0.74 0.89 0.57 0.87 0.58 0.54 1.0 0.62 0.53 0.7 0.66 0.75 0.7 0.95 0.65 0.66 0.78 1.0 0.95 1.0 0.63 1.0 0.73 0.97 0.63 1.0 0.5 0.72 1.0 0.78 0.88 0.83 0.82 0.73 0.59 0.65 0.97 0.96 1.0 1.0 1.0 0.59 0.54 0.95 0.97 0.8 0.56 0.77 0.62 1.0 0.88 0.67 0.73 1.0 0.65 1.0 0.78 
0.56 0.75 0.62 1.0 1.0 0.89 0.94 0.77 0.7 0.62 0.75 0.96 0.66 0.76 0.6 0.92 0.86 0.95 0.66 1.0 0.66 0.91 0.98 1.0 0.68 0.88 0.86 1.0 0.81 0.98 0.79 0.69 0.79 0.87 0.68 0.62 1.0 1.0 1.0 0.64 0.79 0.96 0.95 0.93 0.59 0.69 0.61 0.67 0.68 0.86 0.79 0.58 0.6 0.54 0.68 0.9 0.53 0.9 0.79 0.56 0.62 0.59 1.0 0.56 0.51 0.83 0.71 0.64 0.85 1.0 0.9 1.0 1.0 0.7 0.77 0.83 0.84 0.98 0.62 0.98 0.92 0.67 0.63 0.93 0.57 1.0 0.97 1.0 1.0 0.77 1.0 0.7 0.67 0.99 0.57 0.9 0.5 0.55 0.67 0.54 0.73 0.6 1.0 0.62 0.82 1.0 0.76 0.59 0.79 0.59 1.0 0.7 0.54 0.76 0.81 0.91 1.0 0.53 0.99 0.78 0.59 0.68 1.0 1.0 0.92 0.61 0.8 0.76 0.84 0.67 0.84 0.54 0.81 1.0 0.59 0.74 1.0 0.89 0.5 0.73 0.55 0.84 1.0 0.56 0.73 0.55 0.63 0.83 0.83 0.98 0.8 1.0 0.56 0.55 1.0 0.93 1.0 1.0 0.74 0.54 
0.26 0.48 0.31 0.62 0.18 0.15 0.43 0.46 0.39 0.33 0.13 0.5 0.29 0.29 0.17 0.23 0.41 0.26 0.17 0.33 0.23 0.14 0.55 0.44 0.15 0.45 0.25 0.36 0.34 0.3 0.15 0.36 0.26 0.44 0.4 0.11 0.25 0.53 0.2 0.34 0.38 0.52 0.2 0.43 0.32 0.45 0.3 0.18 0.4 0.21 0.54 0.15 0.32 0.22 0.25 0.24 0.32 0.61 0.4 0.11 0.23 0.13 0.24 0.2 0.15 0.26 0.16 0.31 0.24 0.22 0.21 0.27 0.28 0.38 0.17 0.43 0.31 0.26 0.14 0.3 0.5 0.11 0.38 0.34 0.14 0.37 0.33 0.34 0.27 0.08 0.31 0.15 0.15 0.19 0.22 0.66 0.08 0.27 0.26 0.15 0.25 0.17 0.26 0.24 0.41 0.25 0.64 0.25 0.33 0.42 0.46 0.19 0.23 0.3 0.21 0.29 0.3 0.08 0.32 0.23 0.22 0.26 0.35 0.34 0.52 0.13 0.24 0.39 0.26 0.22 0.52 0.32 0.36 0.55 0.26 0.4 0.25 0.2 0.19 0.6 0.25 0.28 0.64 0.26 0.16 0.13 0.17 0.23 0.33 0.24 0.17 0.27 0.38 0.11 0.14 0.44 0.91 0.3 0.29 0.15 
816.86 1562.05 909.43 1191.39 1463.19 1104.87 1277.37 1960.8 969.53 1651.44 1062.52 1772.18 2001.08 1246.5 996.0 2026.96 1147.29 1927.46 1531.18 1690.09 945.3 1584.52 1829.95 1531.62 1343.62 920.96 1274.13 903.17 928.22 1128.06 1847.43 1336.19 1781.48 1004.97 1434.43 1876.12 1052.56 1425.53 1055.04 1147.72 1158.18 1149.16 1248.64 1457.07 1946.0 1563.52 1108.55 1414.62 976.51 763.18 925.69 1303.05 1190.42 964.33 1331.06 1266.07 901.25 1717.48 1141.9 1022.74 1189.9 1267.02 1319.54 1059.77 1899.71 1765.41 943.51 1423.33 959.17 881.09 1159.39 1106.03 1045.96 783.94 1038.96 1021.67 1113.13 1407.12 1119.66 1196.66 975.69 1368.13 1272.16 1382.65 1464.01 1016.0 1919.06 954.52 859.75 1108.06 1069.62 1012.09 960.05 1439.03 929.53 1298.33 1272.12 989.11 1403.91 1034.48 998.37 1450.07 1291.84 1542.66 850.66 930.2 1271.05 1140.94 923.44 1523.05 1320.01 1105.73 1182.25 1035.57 1163.41 688.07 1195.24 1796.21 1228.26 1526.44 1403.47 932.36 1451.89 1026.25 1351.72 1207.69 1300.35 1134.81 1868.08 1843.58 1095.11 860.97 862.23 1018.61 1149.25 1199.17 1686.4 1420.66 1076.76 1395.97 1182.04 1157.4 998.55 1437.1 1253.84 1239.81 1322.51 1439.66 1029.32 1190.25 1237.64 1578.7 1126.0 1035.67 2042.25 966.3 1153.26 1531.47 1357.87 1157.35 
221.38 742.92 317.16 677.37 260.2 157.83 505.03 892.71 420.65 566.43 80.41 949.89 538.63 364.64 183.56 459.06 486.5 615.47 276.27 647.77 190.43 249.62 1020.54 530.11 221.25 486.81 331.36 321.1 345.34 280.63 233.66 440.15 416.58 445.24 582.14 161.68 263.88 783.56 253.01 347.75 394.01 651.0 208.8 547.59 558.51 644.86 380.06 301.29 408.74 171.32 484.53 137.24 365.35 197.02 319.79 312.97 286.65 1008.77 443.32 88.43 292.93 177.93 346.26 210.0 236.14 425.72 191.42 482.78 168.31 181.29 287.91 336.14 333.32 302.2 157.29 428.39 368.68 369.97 160.23 428.53 456.6 148.09 544.79 425.83 275.98 383.15 666.77 297.33 233.41 77.53 308.2 137.15 168.85 276.19 188.08 800.65 77.02 292.93 320.13 198.81 256.19 243.17 349.79 392.52 414.64 249.01 853.01 339.03 289.54 634.58 645.53 220.9 326.53 272.62 224.52 187.2 313.58 155.31 341.05 364.68 307.88 266.1 472.65 318.55 643.02 171.84 291.25 436.11 529.12 347.42 589.22 270.97 340.35 555.81 275.79 428.62 446.9 303.61 216.48 807.47 291.92 346.13 630.64 407.89 182.18 115.96 204.67 355.32 294.29 379.64 209.97 424.74 418.22 106.21 299.02 392.9 1049.07 426.13 380.0 178.48 
3584.31 7310.24 4047.14 5456.97 6815.97 5024.34 5886.83 9303.99 4347.64 7757.2 4812.61 8360.89 9505.4 5732.5 4479.99 9634.82 5236.47 9137.3 7155.89 7950.44 4226.48 7422.61 8649.74 7158.09 6218.08 4104.79 5870.63 4015.83 4141.12 5140.29 8737.16 6180.93 8407.42 4524.86 6672.15 8880.58 4762.82 6627.66 4775.2 5238.61 5290.91 5245.78 5743.22 6785.37 9229.98 7317.61 5042.74 6573.11 4382.57 3315.88 4128.47 6015.25 5452.11 4321.65 6155.3 5830.33 4006.24 8087.42 5209.49 4613.68 5449.48 5835.11 6097.68 4798.83 8998.55 8327.03 4217.54 6616.64 4295.85 3905.45 5296.95 5030.16 4729.79 3419.68 4694.79 4608.37 5065.65 6535.6 5098.29 5483.28 4378.43 6340.64 5860.82 6413.25 6820.07 4580.01 9095.3 4272.6 3798.74 5040.3 4848.1 4560.47 4300.27 6695.13 4147.64 5991.66 5860.59 4445.55 6519.55 4672.42 4491.83 6750.37 5959.21 7213.29 3753.31 4151.02 5855.27 5204.7 4117.18 7115.25 6100.05 5028.64 5411.25 4677.84 5317.06 2940.34 5476.18 8481.03 5641.3 7132.2 6517.33 4161.79 6759.44 4631.23 6258.59 5538.47 6001.74 5174.03 8840.4 8717.9 4975.56 3804.85 3811.13 4593.05 5246.23 5495.84 7932.01 6603.29 4883.8 6479.83 5410.18 5286.98 4492.73 6685.48 5769.18 5699.04 6112.57 6698.31 4646.6 5451.24 5688.21 7393.48 5130.02 4678.35 9711.23 4331.49 5266.29 7157.33 6289.33 5286.73 
606.9 3214.61 1085.81 2886.83 801.0 289.17 2025.14 3963.57 1603.26 2332.14 -97.97 4249.46 2193.13 1323.19 417.81 1795.3 1932.49 2577.37 881.37 2738.86 452.14 748.12 4602.71 2150.57 606.24 1934.07 1156.79 1105.48 1226.7 903.15 668.32 1700.76 1582.9 1726.22 2410.71 308.38 819.41 3417.82 765.03 1238.76 1470.06 2755.02 544.02 2237.97 2292.54 2724.28 1400.32 1006.43 1543.71 356.6 1922.67 186.2 1326.75 485.1 1098.96 1064.86 933.24 4543.85 1716.62 -57.83 964.67 389.67 1231.29 549.99 680.69 1628.6 457.1 1913.91 341.54 406.46 939.53 1180.72 1166.59 1010.98 286.46 1641.93 1343.4 1349.86 301.13 1642.66 1783.0 240.44 2223.96 1629.15 879.88 1415.77 2833.84 986.65 667.07 -112.37 1041.0 185.75 344.25 880.96 440.38 3503.26 -114.89 964.65 1100.63 494.05 780.93 715.83 1248.95 1462.61 1573.22 745.07 3765.06 1195.16 947.72 2672.91 2727.66 604.48 1132.67 863.09 622.62 435.99 1067.9 276.57 1205.24 1323.41 1039.41 830.48 1863.25 1092.76 2715.09 359.18 956.25 1680.53 2145.61 1237.08 2446.11 854.83 1201.75 2279.03 878.97 1643.12 1734.49 1018.07 582.4 3537.34 959.58 1230.63 2653.21 1539.46 410.88 79.78 523.33 1276.59 971.44 1398.22 549.85 1623.72 1591.08 31.07 995.09 1464.48 4745.35 1630.66 1400.02 392.41 
117.17 129.21 125.78 119.01 81.16 81.04 147.18 167.66 86.08 112.86 134.5 81.42 113.79 143.88 81.72 70.23 155.51 160.88 123.5 116.32 72.66 175.95 73.56 156.97 64.25 93.95 74.86 95.49 75.39 112.28 122.88 135.02 161.62 144.65 73.97 134.21 112.95 119.66 96.97 151.24 65.81 128.12 70.15 167.66 175.84 132.29 111.74 151.11 78.06 66.95 181.63 92.2 84.13 71.81 163.59 180.0 125.85 144.46 81.85 128.23 67.41 95.89 137.17 112.37 86.21 84.76 190.82 113.49 151.45 115.16 90.54 96.97 183.36 161.74 114.41 83.5 133.44 93.88 128.3 94.41 76.4 65.54 86.61 71.89 82.99 150.44 79.88 65.18 187.89 138.05 81.81 117.31 185.39 149.11 83.97 129.19 74.91 80.12 139.12 145.34 94.91 141.99 100.49 77.62 82.93 115.39 116.19 129.11 171.77 127.59 127.06 137.68 78.38 95.76 63.61 72.02 98.06 118.72 132.27 147.76 74.83 167.37 66.63 116.17 79.17 66.77 74.79 96.09 122.94 75.63 67.28 122.27 126.43 108.41 102.63 77.47 179.85 169.58 151.95 131.77 85.79 99.27 135.29 162.44 71.36 119.22 80.31 179.26 113.15 79.83 132.14 186.65 118.06 71.99 110.92 171.27 157.33 156.92 111.75 116.07 
22 24 23 22 11 11 28 35 12 21 28 11 21 30 11 10 33 34 23 22 10 37 10 33 9 13 10 13 10 21 23 28 34 27 10 25 21 22 13 32 9 27 10 35 37 25 21 32 11 9 38 13 12 10 35 38 23 27 11 24 9 18 29 21 12 12 40 21 32 21 12 18 39 34 21 11 28 13 27 13 10 9 12 10 11 32 11 9 40 26 11 22 39 31 11 27 10 11 29 31 13 30 19 11 11 21 22 24 36 24 24 29 11 13 9 10 14 22 28 31 10 35 9 22 11 9 10 18 23 10 9 23 24 20 19 11 38 36 32 25 12 18 25 34 10 22 11 38 21 11 28 39 22 10 21 36 33 33 21 22 
47 154 33 104 162 111 232 109 181 111 53 212 74 232 119 126 112 157 123 33 139 24 163 193 163 212 124 175 148 155 29 208 207 174 197 102 93 118 94 212 178 110 188 211 113 37 82 227 212 93 187 129 225 180 206 177 165 5 169 215 86 147 51 70 80 33 234 128 67 95 225 182 179 40 54 76 147 170 218 160 126 52 222 16 62 204 136 213 53 121 88 232 129 138 234 188 78 3 203 239 152 37 38 81 5 182 97 189 198 103 12 187 209 208 212 64 133 48 144 135 192 175 92 154 180 166 163 227 199 109 80 8 41 42 187 60 65 225 125 130 133 149 160 237 225 215 139 181 81 27 139 66 170 219 1 130 119 77 133 55 
101 224 213 240 240 206 240 149 240 233 162 240 240 240 178 240 240 187 240 223 240 234 240 240 234 240 216 240 185 239 192 240 240 240 240 240 240 161 233 240 226 178 240 240 240 167 240 240 240 240 240 224 240 240 240 240 240 160 240 240 156 240 240 240 235 207 240 240 190 168 240 214 240 154 201 236 240 240 240 233 240 114 240 237 212 240 240 240 240 153 240 240 240 200 240 240 187 172 240 240 220 143 163 143 48 240 206 240 240 212 107 240 240 240 240 203 157 201 225 181 240 218 119 213 240 237 240 240 240 240 240 62 221 175 240 103 240 240 240 209 236 240 222 240 240 240 240 240 240 59 163 189 237 240 203 222 240 106 240 156 
10
0.0 0.0 0.0 0.0 0.0 0.0 0.0 0.0 0.0 0.0 
100.0 0.0 100.0 0.0 100.0 100.0 0.0 0.0 0.0 0.0 
0 14 0 14 0 0 14 14 14 14 7 4 16 10 12 9 4 12 15 14 12 8 16 10 7 10 7 5 5 13 7 11 6 4 12 10 11 7 12 10 12 12 8 9 9 16 14 12 7 15 13 10 11 10 4 13 12 11 6 17 10 10 8 14 10 11 14 13 12 9 11 10 10 3 8 8 14 7 15 13 16 5 5 8 13 10 13 9 13 16 8 13 16 6 15 4 5 10 4 10 15 5 5 6 8 7 7 6 12 11 8 5 17 8 13 3 11 16 7 17 11 3 13 6 15 8 9 17 13 12 7 7 15 13 16 11 7 11 5 11 5 9 12 9 15 16 1 5 12 8 14 9 6 15 10 13 7 11 11 9 5 5 5 9 14 5 10 7 12 6 
14 0 14 0 14 14 0 0 0 0 7 9 15 12 14 10 11 4 12 17 4 10 14 16 10 10 8 10 9 2 11 5 13 11 16 9 15 14 16 5 11 12 5 15 7 14 16 11 10 11 8 14 8 3 12 9 2 13 11 12 14 7 12 7 3 2 9 18 14 14 6 4 5 11 11 9 11 8 9 9 11 9 10 8 16 8 4 11 12 11 13 15 12 11 12 13 13 9 11 12 12 9 8 10 9 6 14 12 2 2 9 8 14 13 5 11 10 14 6 13 3 11 15 11 11 10 9 14 12 4 12 6 12 16 11 8 13 4 9 16 12 13 10 5 15 12 12 10 11 7 7 5 9 11 8 17 10 14 11 10 8 10 9 11 9 10 4 8 10 8 
0 14 0 14 0 0 14 14 14 14 7 4 16 10 12 9 4 12 15 14 12 8 16 10 7 10 7 5 5 13 7 11 6 4 12 10 11 7 12 10 12 12 8 9 9 16 14 12 7 15 13 10 11 10 4 13 12 11 6 17 10 10 8 14 10 11 14 13 12 9 11 10 10 3 8 8 14 7 15 13 16 5 5 8 13 10 13 9 13 16 8 13 16 6 15 4 5 10 4 10 15 5 5 6 8 7 7 6 12 11 8 5 17 8 13 3 11 16 7 17 11 3 13 6 15 8 9 17 13 12 7 7 15 13 16 11 7 11 5 11 5 9 12 9 15 16 1 5 12 8 14 9 6 15 10 13 7 11 11 9 5 5 5 9 14 5 10 7 12 6 
14 0 14 0 14 14 0 0 0 0 7 9 15 12 14 10 11 4 12 17 4 10 14 16 10 10 8 10 9 2 11 5 13 11 16 9 15 14 16 5 11 12 5 15 7 14 16 11 10 11 8 14 8 3 12 9 2 13 11 12 14 7 12 7 3 2 9 18 14 14 6 4 5 11 11 9 11 8 9 9 11 9 10 8 16 8 4 11 12 11 13 15 12 11 12 13 13 9 11 12 12 9 8 10 9 6 14 12 2 2 9 8 14 13 5 11 10 14 6 13 3 11 15 11 11 10 9 14 12 4 12 6 12 16 11 8 13 4 9 16 12 13 10 5 15 12 12 10 11 7 7 5 9 11 8 17 10 14 11 10 8 10 9 11 9 10 4 8 10 8 
0 14 0 14 0 0 14 14 14 14 7 4 16 10 12 9 4 12 15 14 12 8 16 10 7 10 7 5 5 13 7 11 6 4 12 10 11 7 12 10 12 12 8 9 9 16 14 12 7 15 13 10 11 10 4 13 12 11 6 17 10 10 8 14 10 11 14 13 12 9 11 10 10 3 8 8 14 7 15 13 16 5 5 8 13 10 13 9 13 16 8 13 16 6 15 4 5 10 4 10 15 5 5 6 8 7 7 6 12 11 8 5 17 8 13 3 11 16 7 17 11 3 13 6 15 8 9 17 13 12 7 7 15 13 16 11 7 11 5 11 5 9 12 9 15 16 1 5 12 8 14 9 6 15 10 13 7 11 11 9 5 5 5 9 14 5 10 7 12 6 
0 14 0 14 0 0 14 14 14 14 7 4 16 10 12 9 4 12 15 14 12 8 16 10 7 10 7 5 5 13 7 11 6 4 12 10 11 7 12 10 12 12 8 9 9 16 14 12 7 15 13 10 11 10 4 13 12 11 6 17 10 10 8 14 10 11 14 13 12 9 11 10 10 3 8 8 14 7 15 13 16 5 5 8 13 10 13 9 13 16 8 13 16 6 15 4 5 10 4 10 15 5 5 6 8 7 7 6 12 11 8 5 17 8 13 3 11 16 7 17 11 3 13 6 15 8 9 17 13 12 7 7 15 13 16 11 7 11 5 11 5 9 12 9 15 16 1 5 12 8 14 9 6 15 10 13 7 11 11 9 5 5 5 9 14 5 10 7 12 6 
14 0 14 0 14 14 0 0 0 0 7 9 15 12 14 10 11 4 12 17 4 10 14 16 10 10 8 10 9 2 11 5 13 11 16 9 15 14 16 5 11 12 5 15 7 14 16 11 10 11 8 14 8 3 12 9 2 13 11 12 14 7 12 7 3 2 9 18 14 14 6 4 5 11 11 9 11 8 9 9 11 9 10 8 16 8 4 11 12 11 13 15 12 11 12 13 13 9 11 12 12 9 8 10 9 6 14 12 2 2 9 8 14 13 5 11 10 14 6 13 3 11 15 11 11 10 9 14 12 4 12 6 12 16 11 8 13 4 9 16 12 13 10 5 15 12 12 10 11 7 7 5 9 11 8 17 10 14 11 10 8 10 9 11 9 10 4 8 10 8 
14 0 14 0 14 14 0 0 0 0 7 9 15 12 14 10 11 4 12 17 4 10 14 16 10 10 8 10 9 2 11 5 13 11 16 9 15 14 16 5 11 12 5 15 7 14 16 11 10 11 8 14 8 3 12 9 2 13 11 12 14 7 12 7 3 2 9 18 14 14 6 4 5 11 11 9 11 8 9 9 11 9 10 8 16 8 4 11 12 11 13 15 12 11 12 13 13 9 11 12 12 9 8 10 9 6 14 12 2 2 9 8 14 13 5 11 10 14 6 13 3 11 15 11 11 10 9 14 12 4 12 6 12 16 11 8 13 4 9 16 12 13 10 5 15 12 12 10 11 7 7 5 9 11 8 17 10 14 11 10 8 10 9 11 9 10 4 8 10 8 
14 0 14 0 14 14 0 0 0 0 7 9 15 12 14 10 11 4 12 17 4 10 14 16 10 10 8 10 9 2 11 5 13 11 16 9 15 14 16 5 11 12 5 15 7 14 16 11 10 11 8 14 8 3 12 9 2 13 11 12 14 7 12 7 3 2 9 18 14 14 6 4 5 11 11 9 11 8 9 9 11 9 10 8 16 8 4 11 12 11 13 15 12 11 12 13 13 9 11 12 12 9 8 10 9 6 14 12 2 2 9 8 14 13 5 11 10 14 6 13 3 11 15 11 11 10 9 14 12 4 12 6 12 16 11 8 13 4 9 16 12 13 10 5 15 12 12 10 11 7 7 5 9 11 8 17 10 14 11 10 8 10 9 11 9 10 4 8 10 8 
14 0 14 0 14 14 0 0 0 0 7 9 15 12 14 10 11 4 12 17 4 10 14 16 10 10 8 10 9 2 11 5 13 11 16 9 15 14 16 5 11 12 5 15 7 14 16 11 10 11 8 14 8 3 12 9 2 13 11 12 14 7 12 7 3 2 9 18 14 14 6 4 5 11 11 9 11 8 9 9 11 9 10 8 16 8 4 11 12 11 13 15 12 11 12 13 13 9 11 12 12 9 8 10 9 6 14 12 2 2 9 8 14 13 5 11 10 14 6 13 3 11 15 11 11 10 9 14 12 4 12 6 12 16 11 8 13 4 9 16 12 13 10 5 15 12 12 10 11 7 7 5 9 11 8 17 10 14 11 10 8 10 9 11 9 10 4 8 10 8 
7 7 7 7 7 7 7 7 7 7 0 2 12 6 10 4 4 5 10 12 4 4 12 9 3 5 2 3 2 5 4 3 6 4 11 5 10 7 10 2 7 7 2 8 3 11 12 7 3 9 6 8 5 3 5 7 4 7 4 11 8 4 6 7 3 4 8 12 9 7 4 3 2 4 5 3 9 1 9 7 10 1 3 2 11 4 5 5 8 10 7 10 11 4 10 6 6 5 4 7 10 2 2 3 3 1 7 6 4 4 3 1 12 6 5 4 6 11 0 12 4 4 10 4 9 4 3 12 8 5 6 1 10 11 10 5 6 3 2 10 5 7 7 1 11 11 5 3 7 0 7 1 1 9 4 11 3 9 7 4 1 3 2 5 8 3 3 1 7 0 
4 9 4 9 4 4 9 9 9 9 2 0 12 6 9 5 1 7 11 12 7 4 12 8 3 5 2 1 0 8 3 6 4 2 10 5 9 5 10 5 7 8 4 7 4 12 11 8 3 10 8 7 7 6 3 8 7 7 2 12 8 6 5 9 6 7 9 11 9 6 6 5 5 1 4 4 10 2 10 9 12 0 1 3 11 6 8 5 9 11 5 10 12 2 11 3 4 5 2 7 11 0 1 2 4 3 5 4 7 7 4 1 13 5 8 1 6 12 3 13 7 2 10 3 11 4 4 13 9 8 4 3 11 11 11 6 5 6 0 9 3 7 7 4 11 12 3 1 8 3 9 4 1 11 5 11 3 8 7 4 1 1 0 5 9 1 5 2 8 1 
16 15 16 15 16 16 15 15 15 15 12 12 0 5 4 7 12 10 2 4 10 8 0 7 8 6 10 11 12 12 8 9 9 11 5 6 5 8 6 11 4 4 13 7 8 1 3 4 9 3 7 6 6 13 12 5 12 5 9 4 5 7 7 7 13 13 5 6 3 7 8 11 10 12 8 8 3 11 5 5 4 12 11 9 4 7 10 7 3 3 8 3 4 9 3 11 10 6 11 5 2 12 13 10 8 13 9 9 13 13 8 13 1 8 9 13 5 0 12 3 11 14 3 9 3 8 8 2 3 10 8 13 2 4 3 7 8 11 12 6 10 6 4 12 1 3 15 11 4 11 7 12 11 4 7 5 9 5 5 7 12 11 12 7 6 10 13 10 4 11 
10 12 10 12 10 10 12 12 12 12 6 6 5 0 3 2 6 7 5 5 7 2 6 4 3 1 4 5 6 9 3 6 4 5 4 2 3 3 4 7 1 1 8 3 4 5 5 2 3 5 5 2 3 9 6 3 9 1 4 7 2 4 2 6 9 9 5 6 3 3 5 7 6 6 2 3 4 5 6 4 6 6 5 4 4 3 7 1 2 6 3 3 6 4 5 5 5 2 5 0 5 6 8 4 3 8 4 4 10 9 3 7 6 2 7 7 1 5 7 7 8 8 3 4 5 2 3 7 2 7 3 8 4 4 6 4 3 7 6 4 4 2 2 7 4 6 9 5 2 6 6 7 5 5 3 5 3 2 0 2 7 5 6 1 5 5 9 5 2 6 
12 14 12 14 12 12 14 14 14 14 10 9 4 3 0 5 9 10 5 2 10 5 4 3 6 4 7 8 9 12 5 9 6 8 1 5 1 5 2 10 3 2 11 4 7 4 2 4 6 5 7 2 6 12 8 5 12 2 6 7 1 7 4 8 12 12 6 3 0 3 8 10 9 9 4 6 4 9 7 6 7 9 8 7 1 6 10 4 2 6 4 0 6 6 5 7 7 5 8 2 5 9 11 7 6 11 5 5 13 12 6 10 5 4 9 9 4 4 10 6 11 11 0 6 5 6 6 6 3 10 5 11 4 1 6 6 4 10 9 2 7 2 4 10 2 6 12 8 3 9 8 10 8 6 6 2 6 1 3 5 10 8 9 4 7 7 12 8 4 9 
9 10 9 10 9 9 10 10 10 10 4 5 7 2 5 0 5 6 6 8 5 1 7 6 1 0 2 4 4 7 2 4 4 4 6 0 5 4 6 5 2 2 6 5 2 7 7 2 2 5 4 4 2 7 5 3 7 3 3 7 4 2 2 5 7 7 4 8 5 4 4 5 4 5 2 1 4 3 6 4 7 5 4 2 6 1 6 1 4 6 3 5 7 2 6 5 4 0 4 2 6 5 6 3 1 5 4 3 8 7 0 6 7 3 5 5 1 7 5 8 6 7 5 3 6 1 1 8 3 5 3 6 6 7 6 2 3 5 5 6 4 3 2 5 6 7 8 4 3 4 5 5 4 6 1 7 2 4 2 0 5 4 4 1 5 4 7 2 3 4 
4 11 4 11 4 4 11 11 11 11 4 1 12 6 9 5 0 9 11 11 8 4 12 7 3 6 4 1 2 10 3 7 3 0 9 6 8 4 8 7 8 8 6 5 5 12 11 8 3 11 9 6 7 8 1 9 9 7 2 13 7 7 4 10 8 9 10 10 9 5 8 7 7 0 4 4 10 3 11 9 12 2 1 4 10 6 9 5 9 12 4 9 12 2 11 1 2 6 0 6 11 2 3 2 4 5 3 3 9 9 4 3 13 4 9 1 7 12 5 13 8 2 9 2 11 4 5 13 9 9 3 5 11 10 12 7 4 8 2 8 2 6 8 6 11 12 2 1 8 4 10 6 2 11 6 9 3 7 7 5 3 1 2 5 10 1 7 4 8 3 
12 4 12 4 12 12 4 4 4 4 5 7 10 7 10 6 9 0 7 13 0 7 10 12 6 6 5 8 7 1 7 2 9 9 12 5 11 10 12 2 6 7 5 11 4 9 12 6 7 6 3 10 4 3 10 5 2 8 7 8 10 3 8 3 4 3 5 14 10 10 2 2 2 9 8 5 7 5 5 5 7 7 7 5 12 4 0 7 7 7 9 10 7 7 7 10 10 5 9 7 7 7 7 7 5 5 10 9 3 3 5 7 9 9 0 9 6 10 5 9 1 9 10 8 7 6 5 9 7 0 9 5 8 12 7 3 9 1 7 11 9 9 6 3 10 8 11 8 7 4 3 3 6 6 4 13 7 10 7 6 7 8 7 7 4 8 4 5 5 6 
15 12 15 12 15 15 12 12 12 12 10 11 2 5 5 6 11 7 0 7 8 7 2 8 7 5 8 10 10 9 8 7 9 10 6 5 7 8 7 8 3 3 11 8 7 1 5 3 8 1 4 7 4 10 11 3 10 5 8 2 6 5 7 4 11 11 2 8 4 7 6 8 8 11 7 7 1 9 3 2 1 10 10 8 6 5 7 6 2 1 8 4 1 8 0 11 10 5 10 5 0 11 12 9 7 11 9 9 11 10 6 11 2 7 7 11 4 2 10 2 9 13 4 9 0 7 6 2 2 7 8 11 0 6 1 5 8 8 11 7 9 6 3 9 3 1 14 10 2 9 4 10 10 1 6 7 8 6 4 6 11 10 10 6 3 10 11 8 3 10 
14 17 14 17 14 14 17 17 17 17 12 12 4 5 2 8 11 13 7 0 13 8 5 4 8 7 10 10 11 14 8 11 8 10 1 7 2 6 2 13 6 5 14 5 10 6 1 6 8 7 10 4 9 15 10 8 14 4 9 9 3 9 6 11 15 15 9 1 2 5 11 13 12 11 7 9 6 11 9 8 8 12 10 10 1 9 13 7 5 8 6 2 8 9 7 9 8 7 10 5 7 12 13 9 8 13 7 7 15 15 8 13 6 6 12 12 7 5 13 8 14 13 2 9 7 8 9 7 5 12 7 14 6 1 8 9 6 13 12 2 9 5 7 13 3 8 13 10 6 12 10 13 11 8 9 1 8 3 5 7 12 10 11 7 9 10 15 10 7 12 
12 4 12 4 12 12 4 4 4 4 4 7 10 7 10 5 8 0 8 13 0 6 10 11 6 6 5 7 6 1 7 1 9 8 12 5 11 10 12 1 6 7 4 10 3 10 12 6 6 7 4 10 4 2 9 5 1 8 7 8 10 3 8 4 3 2 5 14 10 10 2 1 1 8 7 5 7 5 6 5 8 6 7 4 12 4 1 6 8 8 9 10 8 7 8 9 9 5 8 7 8 6 6 7 5 4 10 9 2 2 5 6 10 9 1 8 6 10 4 10 1 9 10 7 7 6 5 10 7 1 8 4 8 12 8 3 9 0 7 11 8 9 6 2 10 8 10 7 7 4 4 3 5 7 4 13 6 10 7 6 6 7 6 6 5 7 3 4 6 5 
8 10 8 10 8 8 10 10 10 10 4 4 8 2 5 1 4 7 7 8 6 0 8 5 0 2 2 2 3 8 0 5 2 3 6 2 5 3 6 5 3 4 6 4 2 8 7 4 0 7 6 4 4 7 4 5 7 3 1 9 4 3 1 7 7 8 6 8 5 3 5 6 5 4 1 1 6 3 7 6 8 4 2 2 7 3 7 1 5 8 2 6 8 1 7 3 3 2 3 2 7 4 5 1 1 5 3 2 8 8 1 5 9 2 7 4 3 8 5 9 7 5 5 1 7 0 1 9 5 7 2 5 7 7 8 4 2 6 4 5 2 3 4 5 7 8 6 2 4 4 7 5 3 7 2 7 0 4 3 1 4 2 3 1 6 2 7 2 4 3 
16 14 16 14 16 16 14 14 14 14 12 12 0 6 4 7 12 10 2 5 10 8 0 8 9 7 10 11 12 12 9 9 10 11 6 7 6 9 6 11 5 4 13 8 9 0 4 4 9 3 6 7 6 13 12 5 12 5 10 3 6 7 8 7 13 13 5 7 4 8 8 11 10 13 8 8 3 11 5 5 3 12 11 9 5 7 10 7 3 3 8 4 3 10 2 12 11 7 11 6 2 12 13 10 8 13 10 10 13 13 8 13 1 8 9 13 5 0 12 2 11 14 4 10 2 8 8 1 3 9 9 13 2 5 3 7 9 11 12 7 11 7 5 12 2 2 15 11 4 11 7 12 11 3 8 6 9 6 5 7 13 11 12 7 5 11 13 10 4 12 
10 16 10 16 10 10 16 16 16 16 9 8 7 4 3 6 7 12 8 4 11 5 8 0 6 5 7 7 8 13 5 10 4 6 2 6 1 3 1 11 6 5 12 1 8 8 4 6 6 8 9 1 8 13 6 8 13 3 5 10 2 8 3 11 13 13 9 3 3 2 10 11 10 7 4 6 7 8 10 8 10 9 7 7 3 7 12 5 5 9 2 3 10 5 9 5 4 6 6 4 8 8 10 6 6 11 3 4 14 13 6 10 9 3 11 8 6 7 10 10 12 9 3 5 8 6 6 9 6 11 3 11 8 3 9 8 3 11 8 1 5 2 6 11 6 9 10 7 6 9 10 11 8 9 7 2 5 1 5 5 9 7 8 5 9 6 12 8 7 9 
7 10 7 10 7 7 10 10 10 10 3 3 8 3 6 1 3 6 7 8 6 0 9 6 0 2 1 2 3 7 1 4 2 2 7 2 6 3 7 5 4 4 5 4 2 9 8 4 0 7 6 4 4 7 3 5 7 4 1 9 5 3 2 7 7 7 6 8 6 4 4 5 4 3 1 1 6 2 8 6 9 3 2 1 7 3 7 1 5 8 3 6 9 1 8 3 3 2 2 3 8 3 4 1 1 5 3 2 8 7 1 4 9 2 6 4 3 8 4 10 6 5 6 1 7 0 1 10 5 6 2 5 7 7 8 3 3 6 3 6 2 3 4 5 7 9 6 2 4 3 7 5 2 7 2 8 0 5 3 1 4 2 3 1 6 2 6 2 4 3 
10 10 10 10 10 10 10 10 10 10 5 5 6 1 4 0 6 6 5 7 6 2 7 5 2 0 3 4 5 7 2 4 4 5 6 0 5 4 6 5 2 2 7 4 2 6 6 2 2 5 4 4 2 7 6 3 7 2 3 7 4 2 2 5 8 8 4 8 4 4 4 5 4 6 2 1 4 4 6 4 6 5 4 2 6 1 6 1 3 6 3 5 6 3 5 5 5 0 5 1 5 5 6 3 1 6 4 4 8 8 1 6 7 3 5 6 1 6 6 7 6 7 4 3 5 1 1 7 3 6 3 6 5 6 6 2 3 6 5 5 4 3 2 6 5 6 8 4 2 5 5 6 4 5 1 6 2 4 1 0 6 4 5 1 4 4 7 3 2 5 
7 8 7 8 7 7 8 8 8 8 2 2 10 4 7 2 4 5 8 10 5 2 10 7 1 3 0 2 2 6 2 3 4 3 8 3 8 5 8 3 5 5 4 6 1 9 10 5 1 8 5 6 4 5 4 5 5 5 2 10 6 3 4 7 5 6 6 10 7 5 4 4 3 3 3 1 7 1 8 6 9 2 2 0 9 3 5 3 6 9 5 8 9 2 8 4 4 3 3 4 8 2 3 2 1 3 5 4 6 6 1 3 10 4 5 3 4 9 2 10 5 4 8 2 8 1 1 10 6 5 4 3 8 9 8 3 4 4 2 8 3 5 5 3 9 9 6 2 5 2 6 3 1 8 2 9 1 7 5 2 2 2 2 3 6 2 5 0 5 1 
5 10 5 10 5 5 10 10 10 10 3 1 11 5 8 4 1 8 10 10 7 2 11 7 2 4 2 0 1 8 2 6 2 0 8 4 7 4 8 6 6 6 5 5 4 11 10 7 1 10 8 6 6 7 2 7 8 6 1 12 6 5 4 9 7 8 9 10 8 5 6 6 5 1 3 3 9 2 10 8 11 2 0 2 9 5 8 3 8 11 4 8 11 1 10 2 2 4 0 5 10 1 3 0 3 4 3 2 8 8 3 3 12 3 8 1 5 11 4 12 7 3 8 1 10 3 3 12 8 8 3 4 10 9 10 6 3 7 1 7 1 5 7 5 10 11 4 0 7 3 9 5 1 10 4 9 2 6 6 3 2 0 1 4 9 0 7 2 7 2 
5 9 5 9 5 5 9 9 9 9 2 0 12 6 9 4 2 7 10 11 6 3 12 8 3 5 2 1 0 7 3 5 4 2 10 5 9 5 9 5 7 7 4 7 4 12 11 7 2 10 8 7 6 6 3 7 7 7 2 12 8 5 5 9 6 6 9 11 9 6 6 5 4 1 4 3 9 1 10 8 11 0 1 2 10 5 7 4 8 11 5 9 11 2 11 3 4 5 2 6 11 0 1 2 3 3 5 4 7 6 3 1 12 5 7 1 6 12 2 13 6 2 9 2 10 3 4 12 8 7 4 3 10 10 11 6 5 6 0 9 3 6 7 4 11 12 4 1 8 2 8 4 0 10 4 10 3 8 7 4 1 1 0 4 9 1 5 2 7 1 
13 2 13 2 13 13 2 2 2 2 5 8 12 9 12 7 10 1 9 14 1 8 12 13 7 7 6 8 7 0 9 3 10 9 13 7 13 11 13 2 8 9 4 12 5 11 14 8 8 8 5 12 5 2 11 6 0 10 8 9 11 5 10 5 3 2 6 15 12 11 3 2 3 9 9 6 9 6 7 7 9 7 8 6 13 5 1 8 9 9 11 12 9 8 9 11 11 7 9 9 9 8 7 8 7 5 11 10 1 1 7 7 11 10 2 9 7 12 5 11 1 9 12 9 9 7 6 11 9 2 10 5 10 13 9 5 10 1 8 13 10 11 7 3 12 10 11 8 8 5 5 3 7 8 6 14 8 12 9 7 7 8 8 8 6 8 3 6 7 6 
7 11 7 11 7 7 11 11 11 11 4 3 8 3 5 2 3 7 8 8 7 0 9 5 1 2 2 2 3 9 0 5 1 2 6 3 5 2 6 6 4 4 6 3 3 9 8 5 0 8 6 4 5 8 3 6 8 3 0 10 4 4 1 8 8 8 7 8 5 3 6 6 5 3 0 2 7 3 8 6 9 4 2 2 7 4 8 1 5 9 2 6 9 0 8 3 2 2 2 3 8 3 5 1 1 5 2 1 9 8 2 5 9 1 7 4 3 8 5 10 7 5 6 1 8 1 2 10 5 7 1 6 7 7 8 4 1 7 3 5 1 3 5 6 7 9 6 2 5 4 7 6 3 8 3 7 0 4 3 1 4 2 3 1 7 2 7 3 5 4 
11 5 11 5 11 11 5 5 5 5 3 6 9 6 9 4 7 2 7 11 1 5 9 10 4 4 3 6 5 3 5 0 7 7 10 3 9 8 10 1 5 6 4 9 2 9 10 5 5 6 3 8 2 3 8 4 3 7 5 8 8 1 6 4 4 3 4 12 8 8 0 1 0 7 6 3 6 3 5 4 7 5 5 3 10 2 2 5 6 7 7 9 7 5 7 8 8 4 7 6 7 5 6 5 3 4 8 7 4 3 3 5 9 7 2 7 4 9 3 9 2 8 9 6 7 4 3 9 6 2 7 4 7 10 7 2 7 1 5 10 7 7 4 2 9 8 9 6 5 3 3 2 4 6 2 11 5 8 5 4 5 6 5 5 4 6 3 3 4 4 
6 13 6 13 6 6 13 13 13 13 6 4 9 4 6 4 3 9 9 8 9 2 10 4 2 4 4 2 4 10 1 7 0 2 6 4 5 1 5 8 6 5 8 2 5 10 8 6 2 9 8 3 6 9 2 7 10 4 1 11 4 6 2 10 9 10 9 7 6 2 7 8 7 3 2 4 8 5 10 8 11 4 3 4 7 5 9 3 6 10 1 6 11 2 9 1 0 4 2 4 9 4 6 2 3 7 1 0 10 10 4 6 10 1 9 4 5 9 6 11 9 5 6 1 9 3 4 11 7 9 1 7 9 7 10 6 1 8 4 5 1 3 6 7 8 10 5 2 6 6 9 7 4 9 5 6 2 4 5 3 5 2 4 3 9 2 9 4 6 5 
4 11 4 11 4 4 11 11 11 11 4 2 11 5 8 4 0 9 10 10 8 3 11 6 2 5 3 0 2 9 2 7 2 0 8 5 7 3 8 7 7 7 6 5 5 11 10 7 2 10 9 6 7 8 1 8 9 6 1 12 6 6 4 10 8 9 9 9 8 4 7 7 6 1 3 3 9 3 11 9 12 2 1 3 9 6 9 4 8 11 3 8 12 1 11 1 1 5 0 5 10 2 3 1 3 5 3 2 9 9 4 4 12 3 9 1 6 11 5 13 8 3 8 1 10 3 4 12 8 9 3 5 10 9 11 6 3 8 2 7 1 5 7 6 10 12 3 1 7 4 9 6 2 10 5 9 2 6 6 4 3 0 2 4 9 0 7 3 7 3 
12 16 12 16 12 12 16 16 16 16 11 10 5 4 1 6 9 12 6 1 12 6 6 2 7 6 8 8 10 13 6 10 6 8 0 6 1 5 0 11 5 4 13 3 8 6 2 5 7 7 9 2 8 13 8 7 13 3 7 9 2 8 4 10 14 14 8 2 1 3 10 11 11 9 5 7 6 10 9 7 8 10 9 8 1 7 12 5 4 8 4 1 8 7 7 7 7 6 8 4 7 10 11 8 7 12 5 6 14 14 7 11 7 4 11 10 5 5 11 8 12 11 2 7 7 7 7 7 5 11 5 12 6 0 8 8 5 12 10 1 7 3 6 12 3 8 12 8 5 10 10 12 9 8 7 0 7 1 4 6 11 8 10 5 8 8 13 9 6 10 
10 9 10 9 10 10 9 9 9 9 5 5 6 2 5 0 6 5 5 7 5 2 7 6 2 0 3 4 5 7 3 3 4 5 6 0 5 5 6 5 2 2 6 5 2 6 7 2 2 5 4 4 2 7 6 2 6 3 3 7 4 2 3 5 7 7 4 8 5 4 3 5 4 6 2 1 4 4 5 3 6 5 4 2 6 1 5 1 3 6 4 5 6 3 5 6 5 0 5 2 5 5 6 4 1 6 5 4 7 7 1 6 7 3 5 6 1 6 5 7 6 7 5 4 5 1 1 7 3 5 4 6 5 6 6 2 4 5 5 6 4 4 2 5 6 6 9 4 2 4 4 5 4 5 1 7 2 4 2 1 5 4 5 1 4 4 7 3 2 4 
11 15 11 15 11 11 15 15 15 15 10 9 5 3 1 5 8 11 7 2 11 5 6 1 6 5 8 7 9 13 5 9 5 7 1 5 0 4 0 11 5 4 12 2 8 6 3 5 6 7 9 1 7 13 7 7 12 2 6 9 1 8 3 10 13 13 8 2 2 2 9 11 10 8 4 6 6 9 9 7 8 9 8 7 1 7 11 4 4 8 3 2 8 6 7 6 6 5 7 3 7 9 10 7 6 11 4 5 13 13 6 10 7 3 11 9 5 6 10 8 12 10 2 6 7 6 6 8 5 11 4 11 6 1 8 7 4 11 9 0 6 2 5 11 4 8 11 7 5 10 9 11 8 8 7 1 6 1 4 5 10 7 9 4 8 7 13 8 6 9 
7 14 7 14 7 7 14 14 14 14 7 5 8 3 5 4 4 10 8 6 10 3 9 3 3 4 5 4 5 11 2 8 1 3 5 5 4 0 4 8 5 5 9 1 6 9 7 6 3 9 9 2 7 10 3 7 11 3 3 11 3 6 1 10 10 11 8 6 5 1 8 9 8 4 2 4 8 6 10 8 10 6 4 5 6 6 10 3 6 10 0 5 10 3 9 2 1 4 3 3 9 5 7 3 4 8 0 1 11 11 4 7 10 1 10 5 5 9 7 11 10 6 5 2 9 3 5 10 6 10 1 8 8 5 10 7 0 9 5 4 2 2 6 8 7 10 7 4 6 7 9 8 5 9 5 5 3 3 4 3 6 4 5 3 9 3 10 5 6 6 
12 16 12 16 12 12 16 16 16 16 10 10 6 4 2 6 8 12 7 2 12 6 6 1 7 6 8 8 9 13 6 10 5 8 0 6 0 4 0 11 5 5 13 2 8 7 3 6 7 8 9 2 8 13 8 8 13 3 7 9 2 8 4 10 14 14 9 1 2 3 10 11 11 9 5 7 7 9 10 8 9 10 8 8 1 8 12 5 5 8 4 2 9 7 8 7 6 6 8 4 7 10 11 7 7 12 5 5 14 14 7 11 8 4 11 9 6 6 11 9 13 11 2 6 8 7 7 8 5 12 5 12 7 1 8 8 4 12 10 0 6 3 6 12 4 8 11 8 5 10 10 11 9 8 7 0 6 1 4 6 10 8 9 5 9 8 13 9 6 10 
10 5 10 5 10 10 5 5 5 5 2 5 11 7 10 5 7 2 8 13 1 5 11 11 5 5 3 6 5 2 6 1 8 7 11 5 11 8 11 0 6 7 2 9 2 10 12 6 5 8 4 9 4 2 8 5 2 8 6 9 9 3 7 5 2 2 6 13 10 9 2 0 0 6 6 4 8 3 7 6 9 4 5 3 11 4 2 6 8 8 8 10 9 6 8 8 8 5 7 7 9 5 5 6 4 2 9 7 2 2 4 4 11 8 3 6 5 11 2 10 1 7 10 6 8 5 4 11 7 2 7 2 9 12 8 3 8 0 5 11 7 8 6 1 10 9 8 5 7 2 5 1 4 8 3 12 5 9 7 5 4 6 5 6 6 6 2 3 6 3 
12 11 12 11 12 12 11 11 11 11 7 7 4 1 3 2 8 6 3 6 6 3 5 6 4 2 5 6 7 8 4 5 6 7 5 2 5 5 5 6 0 0 8 5 4 4 5 0 4 3 3 4 2 8 7 2 8 2 5 5 4 3 3 5 9 9 3 7 3 4 4 6 6 8 4 3 2 6 4 2 4 7 6 4 5 2 6 2 1 4 5 3 5 5 3 7 6 2 7 1 3 7 8 5 3 8 6 5 9 9 3 8 5 4 6 8 0 4 7 5 7 9 3 5 3 3 3 5 1 6 5 8 3 5 4 3 5 7 7 5 6 3 0 7 4 4 10 6 0 6 4 7 6 3 3 6 4 4 1 2 8 6 7 2 3 6 9 5 1 6 
12 12 12 12 12 12 12 12 12 12 7 8 4 1 2 2 8 7 3 5 7 4 4 5 4 2 5 6 7 9 4 6 5 7 4 2 4 5 5 7 0 0 9 5 4 4 4 1 4 3 4 3 3 9 7 2 9 1 5 5 3 4 3 5 10 10 3 6 2 4 5 7 6 8 3 4 2 6 5 3 5 8 6 5 4 3 7 2 1 4 4 3 5 5 4 7 6 2 7 1 3 8 9 6 4 8 6 5 10 9 3 9 5 4 6 8 1 4 8 5 8 10 3 5 3 4 3 5 1 7 4 8 3 4 4 3 4 7 8 4 6 3 1 8 3 5 11 6 0 7 5 8 7 4 3 5 4 3 0 3 8 6 7 2 4 6 9 5 1 7 
8 5 8 5 8 8 5 5 5 5 2 4 13 8 11 6 6 5 11 14 4 6 13 12 5 7 4 5 4 4 6 4 8 6 13 6 12 9 13 2 8 9 0 10 4 13 14 8 6 10 7 10 6 2 7 8 3 9 6 12 10 5 8 8 2 3 9 14 11 10 5 3 3 5 7 5 10 3 10 9 11 3 5 4 13 6 5 7 10 11 9 12 12 6 11 8 8 6 6 8 11 4 3 5 5 0 9 8 3 3 5 2 13 8 6 5 7 13 1 13 3 5 12 6 11 6 5 13 10 5 8 0 11 13 11 6 8 3 4 12 7 9 8 1 13 12 6 5 9 2 8 1 3 10 5 13 6 11 9 6 3 5 4 7 8 5 1 3 8 2 
9 15 9 15 9 9 15 15 15 15 8 7 7 3 4 5 5 11 8 5 10 4 8 1 4 4 6 5 7 12 3 9 2 5 3 5 2 1 2 9 5 5 10 0 7 8 5 6 4 8 9 1 7 11 5 7 12 3 4 10 2 7 2 10 12 12 8 4 4 0 9 10 9 6 3 5 7 7 10 8 10 7 6 6 4 6 11 3 5 9 1 4 10 4 8 4 3 5 5 3 8 7 8 4 5 9 2 2 12 12 5 8 9 1 10 6 5 8 9 10 11 8 4 4 8 4 5 10 6 10 2 9 8 4 9 7 1 10 7 2 3 1 6 9 6 9 8 5 5 8 10 9 7 9 6 3 4 2 4 4 8 5 7 3 9 5 11 7 6 7 
9 7 9 7 9 9 7 7 7 7 3 4 8 4 7 2 5 4 7 10 3 2 9 8 2 2 1 4 4 5 3 2 5 5 8 2 8 6 8 2 4 4 4 7 0 8 9 4 3 6 4 6 2 4 6 3 5 5 3 8 6 1 4 5 5 5 5 10 7 6 2 3 2 5 4 1 6 2 6 4 7 4 3 1 9 1 4 3 5 7 5 7 7 3 7 6 6 2 5 4 7 4 5 3 1 4 6 5 5 5 1 4 9 5 4 5 3 8 3 9 4 6 7 4 6 2 1 9 5 4 5 4 7 9 7 1 5 3 4 8 5 5 3 3 8 8 8 4 4 2 4 3 3 6 1 9 2 6 4 2 4 4 4 3 5 4 5 1 4 3 
16 14 16 14 16 16 14 14 14 14 11 12 1 5 4 7 12 9 1 6 10 8 0 8 9 6 9 11 12 11 9 9 10 11 6 6 6 9 7 10 4 4 13 8 8 0 4 4 9 2 6 7 6 12 12 4 11 5 9 3 6 7 7 6 13 12 4 7 4 8 8 10 10 12 8 8 2 11 4 4 3 12 11 9 5 7 9 7 3 2 8 4 2 9 2 11 11 6 11 5 1 12 13 10 8 12 10 9 12 12 8 13 0 8 8 13 5 0 12 2 11 14 4 10 2 8 8 1 3 9 9 12 1 5 2 6 8 10 12 7 10 7 4 11 2 2 15 11 4 11 6 11 11 3 7 7 9 6 5 7 12 11 12 7 5 11 13 10 4 11 
14 16 14 16 14 14 16 16 16 16 12 11 3 5 2 7 11 12 5 1 12 7 4 4 8 6 10 10 11 14 8 10 8 10 2 7 3 7 3 12 5 4 14 5 9 4 0 5 8 6 9 4 8 14 10 7 13 4 8 7 3 9 6 10 14 14 7 3 2 5 10 12 11 11 7 8 5 11 8 7 7 12 10 9 1 8 12 6 4 7 6 1 7 9 6 9 9 7 10 5 5 11 13 9 8 13 7 8 15 14 8 13 5 6 11 12 6 3 12 6 13 13 1 8 6 8 8 6 4 11 7 13 5 1 7 8 6 12 11 3 9 5 6 12 2 6 14 10 5 11 9 12 11 7 8 2 8 3 5 7 12 10 11 6 8 10 14 10 6 11 
12 11 12 11 12 12 11 11 11 11 7 8 4 2 4 2 8 6 3 6 6 4 4 6 4 2 5 7 7 8 5 5 6 7 5 2 5 6 6 6 0 1 8 6 4 4 5 0 5 2 3 5 2 8 8 1 8 3 5 5 4 3 4 4 9 9 2 7 4 5 4 6 6 8 4 4 1 6 4 2 4 7 7 5 5 2 6 3 1 3 5 4 4 5 3 8 7 2 7 2 3 8 9 6 3 8 6 6 9 9 3 8 4 5 5 8 1 4 7 5 7 10 4 6 3 4 3 5 1 6 5 8 3 5 3 2 5 6 8 6 6 4 0 7 4 4 11 7 0 7 4 7 6 3 3 6 4 4 1 3 8 7 7 3 3 6 9 5 0 7 
7 10 7 10 7 7 10 10 10 10 3 3 9 3 6 2 3 7 8 8 6 0 9 6 0 2 1 1 2 8 0 5 2 2 7 2 6 3 7 5 4 4 6 4 3 9 8 5 0 8 6 4 4 7 3 5 7 4 0 10 5 4 2 8 7 8 7 8 6 3 5 5 5 3 1 1 7 2 8 6 9 3 1 1 7 3 7 2 6 9 3 6 9 0 8 3 2 2 2 3 8 3 4 1 1 5 3 2 8 7 1 4 10 2 7 3 3 9 4 10 7 5 6 1 8 1 2 10 6 7 2 5 8 7 9 4 2 6 3 6 2 3 5 5 8 9 6 1 5 3 7 5 2 8 3 8 0 5 4 1 3 1 2 2 7 1 7 2 5 3 
15 11 15 11 15 15 11 11 11 11 9 10 3 5 5 5 11 6 1 7 7 7 3 8 7 5 8 10 10 8 8 6 9 10 7 5 7 9 8 8 3 3 10 8 6 2 6 2 8 0 3 7 3 9 11 2 9 5 8 2 6 5 7 3 10 10 1 9 5 8 5 8 7 11 7 6 1 9 2 1 1 10 9 7 7 4 6 6 3 1 8 5 1 8 0 11 10 5 10 5 1 10 11 9 6 10 9 9 10 10 6 11 2 8 6 11 4 3 10 2 8 12 5 9 0 6 6 2 2 6 8 10 1 7 0 4 8 8 10 8 9 7 3 9 4 1 14 9 3 9 3 9 9 0 5 8 7 7 4 6 10 9 10 6 2 9 10 8 2 9 
13 8 13 8 13 13 8 8 8 8 6 8 7 5 7 4 9 3 4 10 4 6 6 9 6 4 5 8 8 5 6 3 8 9 9 4 9 9 9 4 3 4 7 9 4 6 9 3 6 3 0 8 1 6 10 1 5 6 7 4 7 2 7 1 7 6 1 11 7 8 2 4 4 9 6 5 3 6 2 1 4 8 7 5 9 2 3 5 4 4 8 7 4 7 4 10 9 4 9 5 4 8 9 7 5 7 9 8 6 6 4 8 6 7 2 9 3 6 7 6 5 10 7 7 3 5 4 6 4 3 8 7 4 9 4 2 8 4 8 9 8 7 3 6 7 4 12 8 4 6 0 6 7 3 3 10 6 8 4 5 8 8 8 5 1 8 7 5 2 7 
10 14 10 14 10 10 14 14 14 14 8 7 6 2 2 4 6 10 7 4 10 4 7 1 4 4 6 6 7 12 4 8 3 6 2 4 1 2 2 9 4 3 10 1 6 7 4 5 4 7 8 0 6 11 6 6 11 2 4 9 0 7 2 9 12 12 7 4 2 1 8 10 9 7 3 5 6 7 9 7 9 8 6 6 3 6 10 3 4 8 2 3 9 4 7 5 4 4 6 2 7 7 9 5 5 10 3 3 12 12 5 9 8 2 10 7 4 6 9 9 11 9 3 4 7 4 5 8 5 10 2 10 6 3 8 6 2 10 7 1 4 0 5 9 5 8 9 6 4 8 9 9 7 8 6 3 4 0 3 4 8 6 7 3 8 6 11 7 5 8 
11 8 11 8 11 11 8 8 8 8 5 7 6 3 6 2 7 4 4 9 4 4 6 8 4 2 4 6 6 5 5 2 6 7 8 2 7 7 8 4 2 3 6 7 2 6 8 2 4 3 1 6 0 6 8 1 5 4 5 5 6 1 5 3 7 6 2 10 6 6 2 4 3 7 5 3 3 5 3 2 5 6 6 3 8 1 4 3 3 4 6 6 5 5 4 8 7 2 7 3 4 7 7 5 3 6 7 6 6 6 3 7 6 6 3 8 2 6 6 6 5 9 6 6 4 3 2 6 3 3 6 6 4 8 4 0 6 4 7 8 7 5 2 5 6 5 10 6 3 5 2 5 5 4 1 8 4 6 3 3 6 6 6 3 2 6 6 4 1 5 
10 3 10 3 10 10 3 3 3 3 3 6 13 9 12 7 8 3 10 15 2 7 13 13 7 7 5 7 6 2 8 3 9 8 13 7 13 10 13 2 8 9 2 11 4 12 14 8 7 9 6 11 6 0 9 7 1 10 7 11 11 5 9 6 0 0 8 15 12 11 4 1 2 7 8 6 10 4 8 8 10 5 6 5 13 6 3 8 10 10 10 12 11 7 10 9 9 7 8 9 10 6 5 7 6 3 10 9 1 0 6 5 12 9 4 7 8 13 3 12 1 7 12 8 10 6 6 12 9 3 9 2 11 14 10 5 10 1 6 13 9 10 8 1 12 11 9 7 9 3 6 2 5 9 5 14 7 11 9 7 5 7 6 8 7 7 0 4 8 4 
4 12 4 12 4 4 12 12 12 12 5 3 12 6 8 5 1 10 11 10 9 4 12 6 3 6 4 2 3 11 3 8 2 1 8 6 7 3 8 8 7 7 7 5 6 12 10 8 3 11 10 6 8 9 0 9 10 6 2 13 6 7 4 11 9 10 10 9 8 4 8 8 7 1 4 5 10 4 12 10 12 3 2 4 9 7 10 5 9 12 3 9 13 2 11 0 1 6 1 6 11 3 4 2 4 6 3 2 10 10 5 4 13 3 10 2 7 12 6 13 9 3 8 2 11 4 5 13 9 10 3 6 11 9 12 7 3 9 3 7 1 5 8 7 10 12 3 2 8 5 10 7 3 11 6 9 3 6 7 5 4 2 3 5 10 2 8 5 8 4 
13 9 13 9 13 13 9 9 9 9 7 8 5 3 5 3 9 5 3 8 5 5 5 8 5 3 5 7 7 6 6 4 7 8 7 2 7 7 8 5 2 2 8 7 3 4 7 1 5 2 1 6 1 7 9 0 7 4 6 4 6 2 5 2 8 8 1 9 5 6 3 5 5 9 5 4 2 6 2 0 3 8 7 5 7 2 5 4 3 3 6 5 4 6 3 9 8 3 8 3 3 8 9 7 4 7 8 7 8 7 4 8 5 6 4 9 2 5 7 5 6 10 5 6 2 4 4 5 2 4 6 8 3 7 3 2 6 5 8 7 7 6 1 6 5 4 11 7 2 6 2 6 7 2 3 8 5 6 3 4 8 7 8 4 1 7 8 5 1 7 
12 2 12 2 12 12 2 2 2 2 4 7 12 9 12 7 9 2 10 14 1 7 12 13 7 7 5 8 7 0 8 3 10 9 13 6 12 11 13 2 8 9 3 12 5 11 13 8 7 9 5 11 5 1 10 7 0 10 8 10 11 5 9 5 2 1 7 15 11 11 3 1 2 8 9 6 9 5 7 7 9 6 7 5 13 5 2 8 9 9 10 12 10 8 9 10 10 7 9 9 10 7 6 8 6 4 11 10 1 1 6 6 12 10 3 8 7 12 4 11 0 9 12 8 9 7 6 11 9 2 9 4 10 13 9 5 10 1 7 13 9 10 7 2 12 10 10 8 8 4 5 2 6 8 5 14 7 11 8 7 6 8 7 8 6 8 2 5 7 5 
11 13 11 13 11 11 13 13 13 13 7 7 5 1 2 3 7 8 5 4 8 3 5 3 4 2 5 6 7 10 3 7 4 6 3 3 2 3 3 8 2 1 9 3 5 5 4 3 4 5 6 2 4 10 6 4 10 0 4 7 1 5 2 7 10 10 5 5 2 2 6 8 7 7 2 4 4 7 7 5 6 7 6 5 3 4 9 2 2 6 3 2 6 4 5 6 5 3 6 1 5 7 9 5 4 9 4 4 11 10 4 8 6 2 8 8 2 5 8 7 9 9 2 4 5 4 4 6 2 8 3 9 4 3 6 5 3 8 7 3 5 1 3 8 3 6 10 6 2 7 7 8 6 6 4 4 4 1 1 3 8 6 7 2 6 6 10 6 3 7 
6 11 6 11 6 6 11 11 11 11 4 2 9 4 6 3 2 7 8 9 7 1 10 5 1 3 2 1 2 8 0 5 1 1 7 3 6 3 7 6 5 5 6 4 3 9 8 5 0 8 7 4 5 7 2 6 8 4 0 10 5 4 2 8 7 8 8 8 6 3 6 6 5 2 1 2 7 3 9 7 10 3 1 2 8 4 8 2 6 9 2 7 10 0 9 2 2 3 1 4 9 3 4 0 2 5 2 1 8 8 2 4 10 2 8 3 4 9 4 11 7 4 7 0 9 1 2 11 6 7 2 5 8 8 9 5 2 7 3 6 1 4 5 5 8 10 5 1 6 4 8 5 2 9 3 8 1 5 4 2 3 1 2 2 8 1 7 2 6 3 
17 12 17 12 17 17 12 12 12 12 11 12 4 7 7 7 13 8 2 9 8 9 3 10 9 7 10 12 12 9 10 8 11 12 9 7 9 11 9 9 5 5 12 10 8 3 7 5 10 2 4 9 5 11 13 4 10 7 10 0 8 7 9 4 12 11 3 10 7 10 7 9 9 13 9 8 3 11 2 3 0 12 11 9 8 6 8 8 4 1 10 7 0 10 1 13 12 7 12 7 1 12 13 11 8 12 11 11 11 11 8 13 2 10 7 13 6 3 11 1 9 15 7 11 1 9 8 2 4 7 10 12 2 8 1 6 10 9 12 9 12 9 5 10 5 1 16 12 5 11 4 11 11 1 7 9 9 8 6 8 12 12 12 8 3 11 12 10 4 11 
10 14 10 14 10 10 14 14 14 14 8 8 5 2 1 4 7 10 6 3 10 4 6 2 5 4 6 6 8 11 4 8 4 6 2 4 1 3 2 9 4 3 10 2 6 6 3 4 5 6 7 0 6 11 6 6 11 1 5 8 0 6 2 9 12 12 7 3 1 1 8 9 9 7 3 5 5 7 8 6 8 8 6 6 2 5 10 3 3 7 2 2 8 5 6 6 5 4 6 2 6 8 9 5 5 10 3 4 12 12 5 9 7 2 9 8 4 6 9 8 10 9 2 5 6 4 5 7 4 10 3 10 6 2 7 6 3 10 8 1 5 1 4 9 4 7 10 6 4 8 8 9 7 7 5 2 5 0 3 4 9 6 7 3 7 6 11 7 5 8 
10 7 10 7 10 10 7 7 7 7 4 6 7 4 7 2 7 3 5 9 3 3 7 8 3 2 3 5 5 5 4 1 6 6 8 2 8 6 8 3 3 4 5 7 1 7 9 3 4 5 2 7 1 5 7 2 5 5 4 7 6 0 5 3 6 5 3 10 6 6 1 3 2 7 4 2 4 4 4 3 6 5 5 2 8 0 3 3 4 6 6 7 6 4 5 7 7 2 6 4 6 5 6 5 2 5 7 6 6 5 2 6 7 5 3 7 2 7 4 8 4 8 7 5 5 3 2 7 4 3 5 5 5 8 5 0 6 3 6 8 6 6 3 4 7 6 9 5 3 3 3 4 4 5 1 9 3 6 3 3 5 5 5 3 3 5 5 3 3 4 
8 12 8 12 8 8 12 12 12 12 6 5 7 2 4 2 4 8 7 6 8 1 8 3 2 2 4 4 5 10 1 6 2 4 4 3 3 1 4 7 3 3 8 2 4 7 6 4 2 7 7 2 5 9 4 5 9 2 2 9 2 5 0 8 9 10 7 6 4 1 6 7 6 5 0 3 6 5 8 6 8 5 4 4 5 4 8 1 4 8 1 4 8 2 7 3 3 3 4 2 7 5 7 3 2 7 2 2 10 10 3 7 8 0 8 5 3 7 7 9 8 7 4 2 7 2 3 9 4 8 1 7 6 5 8 5 1 8 5 4 3 1 4 7 6 8 7 4 4 6 7 7 5 7 4 5 2 2 2 2 6 4 5 1 7 3 9 4 4 5 
14 7 14 7 14 14 7 7 7 7 7 9 7 6 8 5 10 3 4 11 4 7 7 11 7 5 7 9 9 5 8 4 10 10 10 5 10 10 10 5 5 5 8 10 5 6 10 4 8 3 1 9 3 6 11 2 5 7 8 4 9 3 8 0 7 6 2 12 8 9 3 5 5 10 8 6 4 7 2 2 4 9 9 6 10 4 3 6 5 4 9 8 4 8 4 11 10 5 10 6 4 9 10 9 6 8 10 9 6 6 6 9 6 9 2 11 5 7 8 6 5 11 8 9 4 6 5 6 5 3 9 8 5 10 4 3 9 5 9 10 10 8 4 6 7 4 13 9 5 7 0 6 8 3 4 11 7 9 6 6 9 9 9 7 1 9 7 6 4 8 
10 3 10 3 10 10 3 3 3 3 3 6 13 9 12 7 8 4 11 15 3 7 13 13 7 8 5 7 6 3 8 4 9 8 14 7 13 10 14 2 9 10 2 12 5 13 14 9 7 10 7 12 7 0 9 8 2 10 7 12 12 6 9 7 0 1 8 16 12 11 4 2 3 7 9 6 10 4 9 8 11 5 6 5 14 6 4 8 10 11 10 13 11 7 11 9 9 7 8 9 11 6 5 7 6 2 10 9 1 1 6 4 13 10 5 7 8 13 3 13 2 7 12 8 11 7 6 13 10 4 9 2 11 14 11 6 10 2 6 13 9 11 9 2 13 12 9 7 9 3 7 2 5 10 6 15 7 12 9 7 5 7 6 8 8 7 0 5 9 4 
11 2 11 2 11 11 2 2 2 2 4 7 13 9 12 7 9 3 11 15 2 8 13 13 7 8 6 8 6 2 8 3 10 9 14 7 13 11 14 2 9 10 3 12 5 12 14 9 8 10 6 12 6 0 10 8 1 10 8 11 12 5 10 6 1 0 8 16 12 11 4 2 3 8 9 6 10 5 9 8 10 6 7 6 14 6 3 8 10 10 11 13 11 8 11 10 10 7 9 9 11 7 6 8 7 3 11 10 0 0 7 5 13 10 4 8 8 13 4 12 1 8 12 8 10 7 6 13 10 3 10 3 11 14 10 6 10 2 7 13 9 11 8 2 13 11 10 8 9 4 6 2 6 10 6 15 7 12 9 8 6 8 7 8 8 8 1 5 8 5 
14 9 14 9 14 14 9 9 9 9 8 9 5 5 6 4 10 5 2 9 5 6 5 9 6 4 6 9 9 6 7 4 9 9 8 4 8 8 9 6 3 3 9 8 5 4 7 2 7 1 1 7 2 8 10 1 7 5 8 3 7 3 7 2 8 8 0 10 6 8 3 6 5 10 7 5 2 7 1 0 2 9 8 6 8 3 5 5 3 2 8 6 2 7 2 10 9 4 9 5 2 9 10 8 5 8 9 8 8 8 5 9 4 7 4 10 3 5 8 4 6 11 6 8 2 6 5 4 3 4 8 8 3 8 2 3 8 6 9 8 9 7 2 7 5 3 13 9 3 7 1 7 8 1 4 9 6 7 4 5 9 9 9 5 0 8 8 6 2 8 
13 18 13 18 13 13 18 18 18 18 12 11 6 6 3 8 10 14 8 1 14 8 7 3 8 8 10 10 11 15 8 12 7 9 2 8 2 6 1 13 7 6 14 4 10 7 3 7 8 9 11 4 10 15 9 9 15 5 8 10 3 10 6 12 16 16 10 0 3 5 12 13 12 11 7 9 8 11 11 9 10 12 10 10 2 9 14 7 6 10 6 3 10 9 9 8 8 8 9 6 9 11 13 9 9 14 6 7 16 16 9 13 8 6 13 11 7 7 13 10 14 12 3 8 9 8 9 9 7 13 6 14 8 2 10 10 6 14 11 2 8 4 8 13 5 9 13 10 7 12 12 13 11 10 9 1 8 3 6 8 12 10 11 7 10 9 15 11 8 12 
12 14 12 14 12 12 14 14 14 14 9 9 3 3 0 5 9 10 4 2 10 5 4 3 6 4 7 8 9 12 5 8 6 8 1 5 2 5 2 10 3 2 11 4 7 4 2 4 6 5 7 2 6 12 8 5 11 2 6 7 1 6 4 8 12 12 6 3 0 3 8 10 9 9 4 6 4 9 7 5 6 9 8 7 1 6 10 4 2 6 4 0 6 6 5 7 7 5 8 2 5 9 11 7 6 11 5 6 12 12 6 10 5 4 9 9 4 4 10 6 11 11 0 6 5 6 6 6 3 10 5 11 4 1 6 6 4 10 9 2 7 3 4 10 2 6 12 8 3 9 8 10 8 6 6 2 6 1 3 5 10 8 9 4 7 7 12 8 4 9 
9 14 9 14 9 9 14 14 14 14 7 6 7 3 3 4 5 10 7 5 10 3 8 2 4 4 5 5 6 11 3 8 2 4 3 4 2 1 3 9 4 4 10 0 6 8 5 5 3 8 8 1 6 11 4 6 11 2 3 10 1 6 1 9 11 11 8 5 3 0 8 9 8 6 2 4 6 6 9 7 9 7 5 5 4 5 10 3 5 9 1 4 9 3 8 4 3 4 4 2 8 6 8 4 4 9 2 2 12 11 4 8 9 1 10 6 4 7 8 10 10 8 4 3 8 4 5 9 5 10 1 9 7 4 8 6 1 9 6 2 3 0 5 9 6 9 8 5 5 7 9 9 6 8 5 4 3 1 3 3 7 5 6 3 8 4 10 6 5 7 
11 6 11 6 11 11 6 6 6 6 4 6 8 5 8 4 8 2 6 11 2 5 8 10 4 4 4 6 6 3 6 0 7 7 10 3 9 8 10 2 4 5 5 9 2 8 10 4 5 5 2 8 2 4 8 3 3 6 6 7 8 1 6 3 4 4 3 12 8 8 0 2 1 7 6 3 5 4 4 3 6 6 6 3 10 2 2 5 6 6 7 8 6 6 6 8 8 3 7 5 6 6 6 6 4 5 8 7 4 4 3 6 8 7 1 7 4 8 4 8 2 8 8 6 6 4 3 8 5 1 7 5 6 10 6 1 7 2 6 9 7 7 4 3 8 7 10 6 5 4 2 3 5 5 2 11 5 8 5 4 6 6 6 5 3 6 4 3 4 5 
10 4 10 4 10 10 4 4 4 4 3 5 11 7 10 5 7 2 8 13 1 6 11 11 5 5 4 6 5 2 6 1 8 7 11 5 11 9 11 0 6 7 3 10 3 10 12 6 5 8 4 10 4 1 8 5 1 8 6 9 9 3 7 5 2 2 6 13 10 9 2 0 0 7 7 4 8 3 7 6 9 5 5 4 12 4 2 6 8 8 8 10 9 6 8 8 8 5 7 7 9 5 5 6 4 3 9 8 2 2 4 5 10 8 2 7 6 11 3 10 1 7 10 6 8 5 4 10 7 2 8 3 9 12 8 3 8 0 5 11 7 9 6 1 10 9 9 6 7 2 5 1 4 8 4 12 5 10 7 5 4 6 5 6 6 6 2 3 6 4 
10 5 10 5 10 10 5 5 5 5 2 5 10 6 9 4 7 2 8 12 1 5 10 10 4 4 3 5 4 3 5 0 7 6 11 4 10 8 11 0 6 6 3 9 2 10 11 6 5 7 4 9 3 2 7 5 2 7 5 9 9 2 6 5 3 3 5 12 9 8 1 0 0 6 6 3 7 3 6 5 8 4 5 3 11 3 2 5 7 8 7 9 8 5 8 8 7 4 6 6 8 5 5 5 4 3 8 7 3 3 3 4 10 7 2 6 5 10 3 10 1 7 9 6 7 4 3 10 7 2 7 3 8 11 8 3 7 1 5 10 7 8 5 1 10 9 8 5 6 2 4 1 4 7 3 11 4 9 6 4 4 5 5 5 5 5 3 2 5 3 
3 11 3 11 3 3 11 11 11 11 4 1 12 6 9 5 0 9 11 11 8 4 13 7 3 6 3 1 1 9 3 7 3 1 9 6 8 4 9 6 8 8 5 6 5 12 11 8 3 11 9 7 7 7 1 9 8 7 2 13 7 7 5 10 7 8 10 11 9 6 7 7 6 0 4 4 10 3 11 10 12 2 1 4 10 6 9 5 9 12 5 10 13 2 12 2 3 6 1 7 12 1 2 2 4 4 4 3 9 8 4 3 13 5 9 0 7 12 4 14 8 1 9 2 11 4 5 13 9 9 4 5 11 10 12 7 4 7 1 8 2 6 8 6 11 13 2 1 8 4 10 5 2 11 6 10 3 8 7 5 2 1 1 5 10 1 7 4 8 3 
8 11 8 11 8 8 11 11 11 11 5 4 8 2 4 2 4 8 7 7 7 1 8 4 1 2 3 3 4 9 0 6 2 3 5 2 4 2 5 6 4 3 7 3 4 8 7 4 1 7 6 3 5 8 4 5 9 2 1 9 3 4 0 8 9 9 7 7 4 2 6 7 6 4 0 2 6 4 8 6 8 5 3 3 6 4 8 1 5 8 1 5 9 1 7 3 2 2 3 2 7 4 6 2 2 6 2 1 9 9 2 6 9 1 8 5 3 8 6 9 8 6 5 1 7 1 2 9 5 8 1 7 7 6 8 4 1 7 4 4 2 2 4 6 6 8 7 3 4 5 7 6 4 7 3 6 1 3 3 1 5 3 4 1 7 3 8 3 4 4 
8 9 8 9 8 8 9 9 9 9 3 4 8 3 6 1 4 5 7 9 5 1 8 6 1 1 1 3 3 6 2 3 4 3 7 1 6 4 7 4 3 4 5 5 1 8 8 4 1 6 5 5 3 6 5 4 6 4 2 8 5 2 3 6 6 6 5 9 6 4 3 4 3 4 2 0 6 2 7 5 8 3 2 0 8 2 5 1 5 7 4 6 8 2 7 4 4 1 3 3 7 3 4 2 0 4 4 3 7 6 0 4 9 3 5 4 2 8 4 9 5 6 6 2 7 0 0 9 5 5 3 4 7 8 7 2 4 5 3 7 3 4 3 4 7 8 7 3 4 3 5 4 2 7 1 8 1 5 3 1 4 3 3 1 5 3 6 1 4 3 
14 11 14 11 14 14 11 11 11 11 9 10 3 4 4 4 10 7 1 6 7 6 3 7 6 4 7 9 9 9 7 6 8 9 6 4 6 8 7 8 2 2 10 7 6 2 5 1 7 1 3 6 3 10 10 2 9 4 7 3 5 4 6 4 10 10 2 8 4 6 5 8 7 10 6 6 0 8 3 2 2 9 8 6 5 4 7 5 1 2 7 4 2 7 1 9 9 4 9 4 1 10 11 8 5 10 8 8 10 10 5 10 3 6 6 10 3 2 9 3 8 12 4 8 1 6 5 3 1 6 7 10 1 6 2 4 7 8 10 6 8 5 2 9 3 2 13 9 1 8 4 9 8 1 5 7 6 5 3 5 10 9 9 5 2 8 10 7 1 9 
7 8 7 8 7 7 8 8 8 8 1 2 11 5 9 3 3 5 9 11 5 3 11 8 2 4 1 2 1 6 3 3 5 3 10 4 9 6 9 3 6 6 3 7 2 11 11 6 2 9 6 7 5 4 4 6 5 7 3 11 7 4 5 7 4 5 7 11 9 6 4 3 3 3 4 2 8 0 9 7 10 1 2 1 10 4 6 4 8 10 5 9 10 2 9 5 5 4 3 6 9 1 2 2 2 2 6 4 5 5 2 2 11 5 6 3 5 11 1 12 5 4 9 3 9 3 3 11 7 5 5 2 9 10 10 4 5 4 1 9 4 6 6 2 10 10 5 2 7 1 7 2 0 9 3 10 2 8 6 3 1 2 1 4 7 2 4 1 6 0 
15 9 15 9 15 15 9 9 9 9 9 10 5 6 7 6 11 5 3 9 6 7 5 10 8 6 8 10 10 7 8 5 10 11 9 5 9 10 10 7 4 5 10 10 6 4 8 4 8 2 2 9 3 8 12 2 7 7 9 2 8 4 8 2 9 9 1 11 7 9 4 7 6 11 8 7 3 9 0 1 2 10 10 7 9 5 5 7 4 2 9 7 2 9 2 11 11 5 11 6 2 10 11 9 7 9 10 10 8 8 6 11 4 9 4 12 5 5 9 3 7 13 7 9 2 7 6 4 4 5 9 10 3 9 2 4 9 7 10 9 10 8 3 8 6 2 14 10 4 8 2 8 9 1 5 10 8 8 5 6 10 10 10 7 1 10 9 8 3 9 
13 9 13 9 13 13 9 9 9 9 7 9 5 4 6 4 9 5 2 8 5 6 5 8 6 4 6 8 8 7 6 4 8 9 7 3 7 8 8 6 2 3 9 8 4 4 7 2 6 1 1 7 2 8 10 0 7 5 7 3 6 3 6 2 8 8 0 9 5 7 3 6 5 10 6 5 2 7 1 0 2 8 8 5 7 3 5 5 3 2 7 6 3 7 2 9 9 3 9 4 2 9 9 7 5 8 8 8 8 8 5 9 4 7 4 10 3 4 8 4 6 11 5 7 2 5 4 4 2 4 7 8 2 7 2 2 7 6 9 8 8 6 2 7 5 3 12 8 2 7 2 7 7 1 4 8 6 6 3 5 9 8 8 5 1 8 8 6 1 7 
16 11 16 11 16 16 11 11 11 11 10 12 4 6 7 7 12 7 1 8 8 8 3 10 9 6 9 11 11 9 9 7 11 12 8 6 8 10 9 9 4 5 11 10 7 3 7 4 9 1 4 9 5 10 12 3 9 6 10 0 8 6 8 4 11 10 2 10 6 9 6 9 8 12 8 8 2 10 2 2 0 11 11 8 8 6 7 7 4 0 9 6 0 10 1 12 11 6 12 6 1 12 12 10 8 11 11 10 10 10 8 12 2 9 6 13 5 3 11 1 9 14 6 10 1 8 7 2 4 7 10 11 2 8 0 5 10 8 12 9 11 8 4 10 5 1 15 11 4 10 4 10 10 1 6 9 9 8 5 7 12 11 11 7 2 11 11 9 4 10 
5 9 5 9 5 5 9 9 9 9 1 0 12 6 9 5 2 7 10 12 6 4 12 9 3 5 2 2 0 7 4 5 4 2 10 5 9 6 10 4 7 8 3 7 4 12 12 7 3 10 8 8 6 5 3 8 6 7 3 12 8 5 5 9 5 6 9 12 9 7 6 5 4 2 5 3 9 1 10 8 11 0 1 2 11 5 7 5 9 11 6 10 12 3 11 4 4 5 2 7 11 0 1 2 4 2 6 4 6 6 4 1 12 5 7 2 6 12 2 13 6 2 10 3 10 3 4 13 9 7 5 2 10 11 11 6 5 5 0 9 4 7 7 3 11 12 4 2 8 2 8 3 0 10 4 11 3 8 7 4 0 2 0 5 9 2 5 2 7 1 
5 10 5 10 5 5 10 10 10 10 3 1 11 5 8 4 1 7 10 10 7 2 11 7 2 4 2 0 1 8 2 5 3 1 9 4 8 4 8 5 6 6 5 6 3 11 10 7 1 9 7 6 6 6 2 7 7 6 1 11 6 5 4 9 6 7 8 10 8 5 6 5 5 1 3 2 8 2 10 8 11 1 0 2 9 5 7 3 8 10 4 8 11 1 10 3 3 4 1 5 10 1 2 1 3 4 4 3 7 7 3 2 11 4 7 1 5 11 3 12 7 3 8 1 10 2 3 12 7 7 3 4 10 9 10 5 4 6 1 8 2 5 6 4 10 11 4 0 7 3 8 4 1 10 4 9 2 7 6 3 2 0 1 3 8 0 6 2 7 2 
8 8 8 8 8 8 8 8 8 8 2 3 9 4 7 2 4 5 8 10 4 2 9 7 1 2 0 2 2 6 2 3 4 3 8 2 7 5 8 3 4 5 4 6 1 9 9 5 1 7 5 6 3 5 4 5 5 5 2 9 6 2 4 6 5 6 6 10 7 5 3 4 3 4 3 0 6 1 7 5 8 2 2 0 9 2 5 2 6 8 4 7 9 2 8 5 4 2 3 4 8 3 4 2 1 3 5 4 6 6 1 3 9 4 5 4 3 9 3 10 5 5 7 2 7 1 1 10 6 5 4 3 8 9 8 3 4 4 3 7 3 5 4 3 8 9 6 2 5 2 6 3 2 7 1 9 1 6 4 2 3 2 2 2 6 2 5 0 4 2 
13 16 13 16 13 13 16 16 16 16 11 11 4 4 1 6 10 12 6 1 12 7 5 3 7 6 9 9 10 13 7 10 7 9 1 6 1 6 1 11 5 4 13 4 9 5 1 5 7 7 9 3 8 13 9 7 13 3 8 8 2 8 5 10 14 14 8 2 1 4 10 12 11 10 6 8 5 10 9 7 8 11 9 9 0 7 12 6 4 7 5 1 8 8 6 8 7 6 9 4 6 11 12 8 7 12 6 7 14 14 7 12 6 5 11 11 6 4 12 7 13 12 1 8 6 7 7 7 4 11 6 12 5 0 7 8 5 12 11 2 8 4 6 12 3 7 13 9 5 11 9 12 10 7 8 1 7 2 4 6 11 9 10 6 8 9 14 9 6 11 
10 8 10 8 10 10 8 8 8 8 4 6 7 3 6 1 6 4 5 9 4 3 7 7 3 1 3 5 5 5 4 2 5 6 7 1 7 6 8 4 2 3 6 6 1 7 8 2 3 4 2 6 1 6 7 2 5 4 4 6 5 0 4 4 6 6 3 9 6 5 2 4 3 6 4 2 4 4 5 3 6 5 5 2 7 0 4 2 4 5 5 6 6 4 5 7 6 1 6 3 5 5 6 4 2 5 6 5 6 6 2 6 7 5 4 6 1 7 5 7 5 8 6 4 5 2 1 7 3 4 5 5 5 8 5 0 5 4 5 7 5 5 2 4 6 6 9 5 3 4 3 4 4 5 0 8 3 6 3 2 5 5 5 2 3 5 6 3 2 4 
13 4 13 4 13 13 4 4 4 4 5 8 10 7 10 6 9 0 7 13 1 7 10 12 7 6 5 8 7 1 8 2 9 9 12 5 11 10 12 2 6 7 5 11 4 9 12 6 7 6 3 10 4 3 10 5 2 9 8 8 10 3 8 3 4 3 5 14 10 10 2 2 2 9 8 5 7 6 5 5 7 7 7 5 12 4 0 7 8 7 10 10 7 8 7 10 10 5 9 8 7 7 7 8 6 5 10 9 3 3 6 7 9 9 0 9 6 10 5 9 1 10 10 8 7 6 5 9 7 0 9 5 8 12 7 3 9 1 8 12 9 9 6 3 10 8 11 8 7 5 3 4 6 6 4 13 7 10 7 6 7 8 7 7 4 8 4 5 6 6 
9 11 9 11 9 9 11 11 11 11 5 5 7 1 4 1 5 7 6 7 6 1 7 5 1 1 3 3 4 8 1 5 3 4 5 1 4 3 5 6 2 2 7 3 3 7 6 3 2 6 5 3 3 8 5 4 8 2 2 8 3 3 1 6 8 8 5 7 4 3 5 6 5 5 1 1 5 4 7 5 7 5 3 2 6 2 7 0 4 7 2 5 7 2 6 4 4 1 4 1 6 5 6 3 1 6 3 2 9 8 1 6 8 2 6 5 2 7 6 8 7 7 4 2 6 1 1 8 4 6 2 6 6 6 7 3 2 6 5 5 3 2 3 6 6 7 8 3 3 5 6 6 4 6 2 6 1 3 2 0 5 3 4 0 6 3 8 3 3 4 
13 12 13 12 13 13 12 12 12 12 8 9 3 2 2 4 9 7 2 5 8 5 3 5 5 3 6 8 8 9 5 6 6 8 4 3 4 6 5 8 1 1 10 5 5 3 4 1 6 3 4 4 3 10 9 3 9 2 6 4 3 4 4 5 10 10 3 6 2 5 6 8 7 9 5 5 1 8 4 3 4 9 8 6 4 4 8 4 0 3 5 2 4 6 3 8 7 3 8 2 2 9 10 7 5 9 7 6 10 10 5 10 4 5 7 9 2 3 9 4 9 11 2 6 2 5 5 4 0 7 5 9 2 4 3 4 5 8 9 5 7 4 1 9 2 4 12 8 0 8 5 9 8 3 4 5 5 4 1 4 9 8 8 4 4 7 10 7 2 8 
16 11 16 11 16 16 11 11 11 11 10 11 3 6 6 6 12 7 1 8 8 8 3 9 8 6 9 11 11 9 9 7 10 11 8 6 8 10 8 8 4 4 11 9 7 2 7 3 9 1 4 8 4 10 12 3 9 6 9 1 7 6 8 4 11 10 2 10 6 9 6 8 8 12 8 7 2 10 2 2 0 11 10 8 7 5 7 7 3 0 9 6 0 9 0 12 11 6 11 6 1 11 12 10 7 11 10 10 10 10 7 12 2 9 6 12 5 3 11 2 9 13 6 10 0 8 7 2 3 7 9 11 1 7 0 5 9 8 11 8 10 8 4 10 4 0 15 11 4 10 4 10 10 0 6 9 8 7 5 7 11 10 11 7 2 10 11 9 3 10 
8 13 8 13 8 8 13 13 13 13 7 5 8 3 4 3 4 9 8 6 9 2 8 2 3 3 5 4 5 11 2 7 1 3 4 4 3 0 4 8 5 4 9 1 5 8 6 5 3 8 8 2 6 10 3 6 10 3 2 10 2 6 1 9 10 11 8 6 4 1 7 8 7 5 1 4 7 5 9 7 9 6 4 4 5 5 10 2 5 9 0 5 9 3 8 3 2 4 3 3 8 5 7 3 3 8 1 1 11 10 4 7 9 0 9 5 4 8 7 10 9 7 5 2 8 3 4 10 5 9 0 8 7 5 9 6 0 9 5 3 2 1 5 8 6 9 7 4 5 7 9 8 5 8 5 5 3 2 4 3 6 4 5 2 8 3 10 5 5 6 
13 15 13 15 13 13 15 15 15 15 10 10 3 3 0 5 9 10 4 2 10 6 4 3 6 5 8 8 9 12 6 9 6 8 1 5 2 5 2 10 3 3 12 4 7 4 1 4 6 5 7 3 6 12 9 5 12 2 7 7 2 7 4 8 13 13 6 3 0 4 8 10 9 10 5 6 4 9 7 6 6 10 8 7 1 6 10 5 2 6 5 0 6 7 5 8 7 5 8 3 5 10 11 7 6 11 6 6 13 13 6 11 5 5 10 10 4 3 11 6 11 11 0 7 5 6 6 5 3 10 5 11 4 1 6 6 5 11 10 2 7 3 4 11 2 6 12 8 3 10 8 11 9 6 6 2 6 2 3 5 10 8 9 5 7 8 12 8 4 9 
16 12 16 12 16 16 12 12 12 12 11 12 4 6 6 7 12 7 1 8 8 8 3 10 9 6 9 11 11 9 9 7 11 12 8 6 8 10 9 9 5 5 12 10 7 2 7 4 9 1 4 9 5 11 13 4 10 6 10 0 8 6 8 4 11 11 2 10 6 9 6 9 8 13 9 8 2 10 2 3 0 12 11 9 8 6 7 7 4 0 9 6 0 10 1 12 11 6 12 6 1 12 13 10 8 11 11 10 11 11 8 12 2 9 6 13 5 3 11 1 9 14 6 10 1 8 7 2 4 7 10 11 2 8 0 6 10 9 12 9 11 8 4 10 5 0 15 11 4 10 4 10 11 1 7 9 9 8 5 7 12 11 12 7 3 11 11 9 4 11 
6 11 6 11 6 6 11 11 11 11 4 2 9 4 6 2 2 7 8 9 7 1 10 5 1 3 2 1 2 8 0 5 2 1 7 3 6 3 7 6 5 5 6 4 3 9 9 5 0 8 7 4 5 7 2 6 8 4 0 10 5 4 2 8 7 8 7 9 6 3 6 6 5 2 1 2 7 2 9 7 10 3 1 2 8 4 8 2 6 9 3 7 10 0 9 2 2 3 1 4 9 2 4 0 2 5 3 1 8 8 2 4 10 2 7 3 4 9 4 11 7 4 7 0 8 1 2 11 6 7 2 5 8 8 9 5 2 6 2 6 1 4 5 5 8 10 5 1 5 4 8 5 2 9 3 8 0 5 4 2 3 1 2 2 8 1 7 2 6 3 
15 12 15 12 15 15 12 12 12 12 10 11 3 5 5 6 11 7 0 7 8 7 2 9 8 5 8 10 11 9 8 7 9 11 7 5 7 9 8 8 3 4 11 8 7 2 6 3 8 0 4 7 4 10 11 3 9 5 9 1 6 5 7 4 11 11 2 9 5 8 6 8 8 12 7 7 1 9 2 2 1 11 10 8 6 5 7 6 3 0 8 5 1 9 0 11 10 5 11 5 0 11 12 9 7 11 10 9 11 10 7 11 2 8 6 12 4 2 10 2 9 13 5 9 0 7 6 2 2 7 8 11 1 7 0 5 8 8 11 8 10 7 3 9 3 1 14 10 3 9 4 10 10 1 6 8 8 7 4 6 11 10 11 6 3 10 11 8 3 10 
4 13 4 13 4 4 13 13 13 13 6 3 11 5 7 5 1 10 11 9 9 3 12 5 3 5 4 2 3 11 3 8 1 1 7 6 6 2 7 8 7 7 8 4 6 11 9 8 3 11 10 5 8 9 0 9 10 6 2 13 6 7 3 11 9 10 10 8 7 4 8 8 8 2 3 4 9 5 11 9 12 4 3 5 8 7 10 4 8 12 3 8 12 2 11 0 0 6 1 6 11 3 5 2 4 7 2 1 11 10 5 5 12 3 10 2 6 11 6 13 9 4 8 2 11 4 5 13 8 10 2 7 10 8 11 7 3 9 3 6 1 4 8 7 10 12 4 2 8 6 10 7 4 11 6 8 3 6 6 4 5 2 3 4 10 2 9 5 8 5 
5 13 5 13 5 5 13 13 13 13 6 4 10 5 7 4 2 10 10 8 9 3 11 4 3 5 4 2 4 11 2 8 0 1 7 5 6 1 6 8 6 6 8 3 6 11 9 7 2 10 9 4 7 9 1 8 10 5 2 12 5 7 3 10 9 10 9 8 7 3 8 8 7 3 2 4 9 5 11 9 11 4 3 4 7 6 10 4 7 11 2 7 11 2 10 0 0 5 1 5 10 4 5 2 4 7 1 1 11 10 4 5 11 2 10 3 6 10 6 12 9 4 7 1 10 3 5 12 7 10 1 7 10 7 11 7 2 9 4 6 0 4 7 7 9 11 5 2 7 6 10 7 4 10 5 7 3 5 6 4 5 2 3 4 10 2 9 5 7 5 
10 9 10 9 10 10 9 9 9 9 5 5 6 2 5 0 6 5 5 7 5 2 7 6 2 0 3 4 5 7 2 4 4 5 6 0 5 4 6 5 2 2 6 5 2 6 7 2 2 5 4 4 2 7 6 3 7 3 3 7 4 2 3 5 7 7 4 8 5 4 3 5 4 6 2 1 4 4 5 3 6 5 4 2 6 1 5 1 3 6 4 5 6 3 5 6 5 0 5 2 5 5 6 3 1 6 5 4 7 7 1 6 7 3 5 6 1 6 5 7 6 7 5 3 5 1 1 7 3 5 3 6 5 6 6 2 4 5 5 6 4 3 2 5 6 6 8 4 2 4 5 5 4 5 1 7 2 4 2 1 5 4 5 1 4 4 7 3 2 4 
4 11 4 11 4 4 11 11 11 11 4 2 11 5 8 4 0 9 10 10 8 3 11 6 2 5 3 0 2 9 2 7 2 0 8 5 7 3 8 7 7 7 6 5 5 11 10 7 2 10 9 6 7 8 1 8 9 6 1 12 6 6 4 10 8 9 9 9 8 4 7 7 6 1 3 3 9 3 11 9 12 2 1 3 9 6 9 4 8 11 3 8 12 1 11 1 1 5 0 5 10 2 3 1 3 5 3 2 9 9 4 4 12 3 9 1 6 11 5 13 8 3 8 1 10 3 4 12 8 9 3 5 10 9 11 6 3 8 2 7 1 5 7 6 10 12 3 1 7 4 9 6 2 10 5 9 2 6 6 4 3 0 2 4 9 0 7 3 7 3 
10 12 10 12 10 10 12 12 12 12 7 7 5 0 2 2 6 7 5 5 7 2 6 4 3 1 4 5 6 9 3 6 4 5 4 2 3 3 4 7 1 1 8 3 4 5 5 2 3 5 5 2 3 9 6 3 9 1 4 7 2 4 2 6 9 9 5 6 2 2 5 7 6 7 2 3 4 6 6 4 6 7 5 4 4 3 8 1 2 6 3 3 6 4 5 6 5 2 5 0 5 6 8 4 3 8 4 4 10 9 3 8 6 2 7 7 1 5 7 7 8 8 3 4 5 3 3 7 2 7 3 8 4 4 6 4 3 7 7 4 4 2 2 7 4 6 9 5 2 6 6 7 6 5 3 5 3 2 0 2 7 5 6 1 5 5 9 5 2 6 
15 12 15 12 15 15 12 12 12 12 10 11 2 5 5 6 11 7 0 7 8 7 2 8 8 5 8 10 11 9 8 7 9 10 7 5 7 9 7 9 3 3 11 8 7 1 5 3 8 1 4 7 4 10 11 3 10 5 9 1 6 6 7 4 11 11 2 9 5 8 6 9 8 12 7 7 1 9 2 2 1 11 10 8 6 5 7 6 2 1 8 5 1 9 0 11 10 5 10 5 0 11 12 9 7 11 9 9 11 11 7 12 1 8 7 12 4 2 10 2 9 13 5 9 0 7 7 1 2 7 8 11 0 6 1 5 8 9 11 7 10 7 3 10 3 1 14 10 3 9 4 10 10 1 6 8 8 6 4 6 11 10 11 6 3 10 11 8 3 10 
5 9 5 9 5 5 9 9 9 9 2 0 12 6 9 5 2 7 11 12 6 4 12 8 3 5 2 1 0 8 3 5 4 2 10 5 9 5 10 5 7 8 4 7 4 12 11 8 3 10 8 7 7 6 3 8 7 7 3 12 8 5 5 9 6 7 9 11 9 6 6 5 5 1 4 3 10 1 10 9 12 0 1 3 11 5 7 5 9 11 5 10 12 2 11 3 4 5 2 6 11 0 1 2 4 3 5 4 7 7 4 1 13 5 8 1 6 12 2 13 6 2 10 3 11 3 4 13 9 7 5 3 11 11 11 6 5 6 0 9 3 7 7 4 11 12 3 1 8 2 9 4 1 10 5 11 3 8 7 4 1 1 0 5 9 1 5 2 8 1 
5 8 5 8 5 5 8 8 8 8 2 1 13 8 11 6 3 7 12 13 6 5 13 10 4 6 3 3 1 7 5 6 6 3 11 6 10 7 11 5 8 9 3 8 5 13 13 9 4 11 9 9 7 5 4 9 6 9 4 13 9 6 7 10 5 6 10 13 11 8 6 5 5 2 6 4 11 2 11 9 12 1 2 4 12 6 7 6 10 12 7 11 13 4 12 5 5 6 3 8 12 1 0 3 5 2 7 6 6 6 5 0 14 7 8 2 7 13 2 14 6 2 11 4 11 5 5 14 10 7 6 2 12 12 12 7 7 6 1 11 5 8 8 4 12 13 3 3 9 2 9 3 2 11 6 12 4 9 8 6 0 3 1 6 10 3 4 3 9 1 
6 10 6 10 6 6 10 10 10 10 3 2 10 4 7 3 2 7 9 9 7 1 10 6 1 3 2 0 2 8 1 5 2 1 8 4 7 3 7 6 5 6 5 4 3 10 9 6 1 9 7 5 5 7 2 7 8 5 0 11 5 5 3 9 7 8 8 9 7 4 6 6 5 2 2 2 8 2 9 7 10 2 1 2 8 4 8 3 7 10 3 7 10 0 9 2 2 3 1 4 9 2 3 0 2 5 3 2 8 8 2 3 11 3 8 2 5 10 4 11 7 4 7 0 9 2 3 11 7 7 2 5 9 8 10 5 3 6 2 7 1 4 6 5 9 10 5 0 6 4 8 5 2 9 4 8 1 6 5 2 3 0 2 3 8 0 7 2 6 2 
8 9 8 9 8 8 9 9 9 9 3 4 8 3 6 1 4 5 7 8 5 1 8 6 1 1 1 3 3 7 1 3 3 3 7 1 6 4 7 4 3 4 5 5 1 8 8 3 1 6 5 5 3 6 4 4 6 4 2 8 5 2 2 6 6 7 5 9 6 4 4 4 4 4 2 0 5 2 7 5 8 4 3 1 7 2 6 1 5 7 3 6 8 2 7 4 4 1 3 3 7 4 5 2 0 5 4 3 7 7 0 4 8 3 5 4 2 8 4 9 5 6 6 2 6 0 0 9 5 5 3 5 7 7 7 2 3 5 4 6 3 4 3 4 7 8 7 3 4 3 6 4 3 7 1 8 1 5 3 0 4 3 3 1 5 3 6 2 4 3 
7 6 7 6 7 7 6 6 6 6 1 3 13 8 11 5 5 5 11 13 4 5 13 11 5 6 3 4 3 5 5 4 7 5 12 6 11 8 12 2 8 8 0 9 4 12 13 8 5 10 7 10 6 3 6 7 4 9 5 12 10 5 7 8 2 3 8 14 11 9 5 3 3 4 6 4 10 2 9 8 11 2 4 3 12 5 5 6 9 11 8 11 11 5 11 7 7 6 5 8 11 3 2 5 5 0 8 7 4 3 5 1 13 7 6 4 7 12 0 13 4 4 11 5 10 5 4 13 9 5 7 0 11 12 11 5 7 3 3 11 6 9 8 1 12 12 6 4 8 1 7 1 2 10 5 13 5 10 8 5 2 4 3 6 8 4 2 2 8 2 
7 14 7 14 7 7 14 14 14 14 7 5 9 4 5 4 3 10 9 7 10 3 10 3 3 4 5 3 5 11 2 8 1 3 5 5 4 0 5 9 6 6 9 2 6 10 7 6 3 9 9 3 7 10 3 8 11 4 2 11 3 7 2 10 10 11 9 6 5 2 8 9 8 4 2 4 8 6 10 8 11 6 4 5 6 6 10 3 7 10 1 6 11 3 10 2 1 5 3 4 9 5 7 3 4 8 0 1 11 11 4 7 10 1 10 4 5 9 7 11 10 6 6 2 9 4 5 11 7 10 1 8 9 6 10 7 1 9 5 4 2 2 6 8 8 11 6 4 6 7 10 8 5 10 6 6 3 4 5 4 6 3 5 3 9 3 10 5 7 6 
6 12 6 12 6 6 12 12 12 12 6 4 9 4 5 3 3 9 9 7 9 2 10 4 2 4 4 2 4 10 1 7 0 2 6 4 5 1 5 7 5 5 8 2 5 9 8 6 2 9 8 3 6 9 2 7 10 4 1 11 4 6 2 9 9 10 8 7 6 2 7 8 7 3 1 3 8 4 10 8 10 4 3 4 7 5 9 2 6 10 1 6 10 1 9 1 1 4 2 4 9 4 6 2 3 7 1 0 10 10 3 6 10 1 9 4 5 9 6 11 9 5 6 1 9 3 4 11 6 9 0 7 8 6 10 6 1 8 4 5 1 3 6 7 8 10 6 2 6 6 9 7 4 9 5 6 2 4 4 3 5 2 4 2 9 2 9 4 6 5 
12 2 12 2 12 12 2 2 2 2 4 7 13 10 13 8 9 3 11 15 2 8 13 14 8 8 6 8 7 1 9 4 10 9 14 7 13 11 14 2 9 10 3 12 5 12 15 9 8 10 6 12 6 1 10 8 1 11 8 11 12 6 10 6 1 0 8 16 12 12 4 2 3 9 9 7 10 5 8 8 10 6 7 6 14 6 3 9 10 10 11 13 11 8 11 11 11 7 9 10 11 7 6 8 7 4 11 10 0 0 7 6 13 10 4 8 8 13 4 12 1 9 13 9 10 7 7 13 10 3 10 4 11 14 10 6 11 2 7 14 10 11 8 3 13 11 10 8 9 4 6 3 6 10 6 15 8 12 9 8 6 8 7 9 8 8 1 5 8 5 
11 2 11 2 11 11 2 2 2 2 4 7 13 9 12 7 9 3 10 15 2 8 13 13 7 8 6 8 6 1 8 3 10 9 14 7 13 11 14 2 9 9 3 12 5 12 14 9 7 10 6 12 6 0 10 7 1 10 8 11 12 5 10 6 1 0 8 16 12 11 4 2 3 8 9 6 10 5 8 8 10 6 7 6 14 6 3 8 10 10 10 13 11 8 10 10 10 7 9 9 11 7 6 8 7 3 11 10 0 0 7 5 12 10 4 8 8 13 4 12 1 8 12 8 10 7 6 12 10 3 10 3 11 14 10 6 10 2 7 13 9 11 8 2 13 11 10 8 9 4 6 2 6 9 6 15 7 12 9 7 6 8 7 8 7 8 1 5 8 5 
8 9 8 9 8 8 9 9 9 9 3 4 8 3 6 0 4 5 6 8 5 1 8 6 1 1 1 3 3 7 2 3 4 4 7 1 6 4 7 4 3 3 5 5 1 8 8 3 1 6 4 5 3 6 5 4 6 4 2 8 5 2 3 6 6 7 5 9 6 4 3 4 3 4 2 0 5 2 6 5 8 4 3 1 7 2 6 1 5 7 4 6 8 2 7 5 4 1 4 3 7 4 5 2 0 5 4 3 7 7 0 5 8 3 5 5 2 8 4 9 5 6 6 2 6 0 0 9 4 5 3 5 6 7 7 2 3 5 4 6 3 4 3 4 7 8 7 3 4 3 5 4 3 6 1 8 1 5 3 0 4 3 3 1 5 3 6 2 3 3 
5 8 5 8 5 5 8 8 8 8 1 1 13 7 10 6 3 7 11 13 6 5 13 10 4 6 3 3 1 7 5 5 6 4 11 6 10 7 11 4 8 9 2 8 4 13 13 8 4 11 8 9 7 5 4 8 6 8 4 13 9 6 7 9 4 5 9 13 10 8 6 5 4 3 6 4 10 2 11 9 12 1 2 3 12 6 7 6 10 12 7 11 12 4 11 5 5 6 4 8 12 1 0 3 4 1 7 6 6 5 5 0 13 7 7 2 7 13 1 14 5 2 11 4 11 5 5 13 9 7 6 2 11 12 12 6 7 5 1 11 5 8 8 3 12 12 4 3 9 2 9 3 2 11 5 12 4 9 8 5 0 3 1 6 9 3 4 3 8 1 
17 14 17 14 17 17 14 14 14 14 12 13 1 6 5 7 13 9 2 6 10 9 1 9 9 7 10 12 12 11 9 9 10 12 7 7 7 10 8 11 5 5 13 9 9 0 5 4 10 2 6 8 6 12 13 5 12 6 10 2 7 7 8 6 13 13 4 8 5 9 8 10 10 13 9 9 3 11 4 4 2 12 11 9 6 7 9 8 4 2 9 5 2 10 2 12 11 7 12 6 1 13 14 11 8 13 10 10 13 12 8 13 0 9 9 13 6 1 12 1 11 15 5 10 2 9 8 0 3 9 9 13 1 6 2 7 9 11 13 8 11 8 5 12 3 1 16 12 4 11 6 12 11 3 8 7 9 7 5 8 13 12 12 8 5 11 13 10 5 12 
8 13 8 13 8 8 13 13 13 13 6 5 8 2 4 3 4 9 7 6 9 2 8 3 2 3 4 3 5 10 1 7 1 3 4 3 3 1 4 8 4 4 8 1 5 8 6 5 2 8 7 2 6 9 3 6 10 2 2 10 2 5 0 9 10 10 7 6 4 1 7 8 7 5 1 3 6 5 9 7 9 5 4 4 5 5 9 2 5 9 0 5 9 2 8 3 2 3 3 2 8 5 7 3 3 7 1 1 10 10 3 7 9 0 9 5 4 8 7 10 9 6 4 2 8 3 4 9 5 9 0 8 7 5 8 5 0 8 5 3 2 1 5 8 6 9 7 4 5 6 8 7 5 8 4 5 2 3 3 2 6 3 5 2 8 3 9 5 5 5 
13 5 13 5 13 13 5 5 5 5 5 8 9 7 9 5 9 0 7 12 1 7 9 11 6 5 5 8 7 2 7 2 9 9 11 5 11 10 11 3 6 6 6 10 4 8 11 5 7 6 2 10 3 4 10 4 3 8 8 7 9 3 8 2 5 4 4 13 9 10 1 2 2 9 8 5 6 6 4 4 6 7 7 5 11 4 0 6 7 6 9 10 6 7 6 10 10 5 9 7 7 8 8 8 5 6 10 9 4 4 5 7 9 9 0 9 5 9 6 8 2 10 9 8 6 6 5 8 6 0 9 6 7 11 6 3 9 2 8 11 9 9 5 4 9 7 11 8 6 5 2 4 7 5 4 12 7 10 6 6 7 8 8 6 3 8 5 5 5 6 
3 11 3 11 3 3 11 11 11 11 4 1 13 7 9 5 1 9 11 12 8 4 13 8 4 6 3 1 1 9 4 7 4 1 10 6 9 5 9 6 8 8 5 6 5 13 12 8 3 11 9 7 8 7 2 9 8 8 3 13 8 7 5 11 7 8 10 11 9 6 7 7 6 0 5 4 10 3 12 10 13 2 1 4 11 6 9 5 9 12 5 10 13 3 12 2 3 6 1 7 12 1 2 2 4 4 4 4 8 8 5 2 13 5 9 0 7 13 4 14 8 1 10 3 11 4 5 14 9 9 4 4 11 11 12 7 5 7 1 9 3 7 8 6 11 13 2 1 9 4 10 5 2 12 6 10 3 8 7 5 2 1 1 5 10 2 7 4 9 3 
11 10 11 10 11 11 10 10 10 10 6 6 5 1 4 1 7 6 4 7 6 3 5 6 3 1 4 5 6 7 3 4 5 6 5 1 5 5 6 5 0 1 7 5 3 5 6 1 3 4 3 4 2 8 7 2 7 2 4 6 4 2 3 5 8 8 3 7 4 4 4 6 5 7 3 2 3 5 5 3 5 6 5 3 6 1 6 2 2 5 4 4 5 4 4 6 6 1 6 1 4 6 7 5 2 7 5 5 8 8 2 7 6 4 5 7 0 5 6 6 6 8 4 4 4 2 2 6 2 5 4 7 4 6 5 2 4 6 6 5 5 3 1 6 5 5 10 5 1 5 4 6 5 4 2 6 3 4 1 2 7 5 6 2 3 5 8 4 1 6 
16 14 16 14 16 16 14 14 14 14 11 12 0 5 4 7 12 10 2 5 10 8 0 7 8 6 9 11 12 12 8 9 9 11 5 6 6 9 6 11 4 4 13 8 8 0 3 4 9 3 6 6 6 13 12 5 12 5 9 3 6 7 7 7 13 13 5 7 4 7 8 11 10 12 8 8 2 11 5 4 3 12 11 9 4 7 10 7 3 3 8 3 3 9 2 11 10 6 11 5 2 12 13 10 8 12 9 9 13 13 8 13 1 8 9 13 5 0 12 2 11 14 3 9 3 8 8 2 3 9 8 13 2 5 3 7 8 11 12 6 10 6 4 11 1 2 15 11 4 11 7 11 11 3 7 6 9 5 5 7 12 11 12 7 5 10 13 10 4 11 
7 6 7 6 7 7 6 6 6 6 0 3 12 7 10 5 5 5 10 13 4 5 12 10 4 6 2 4 2 5 5 3 6 5 11 5 10 7 11 2 7 8 1 9 3 12 12 7 4 10 7 9 6 3 6 7 4 8 4 11 9 4 7 8 3 4 8 13 10 8 4 3 3 4 6 4 9 1 9 8 11 2 3 3 12 5 5 6 9 11 7 11 11 4 10 6 6 5 5 7 10 2 2 4 4 0 7 6 4 4 4 1 12 7 6 4 6 12 0 12 4 4 10 5 10 4 4 12 9 5 6 0 10 12 10 5 7 3 2 11 5 8 7 1 11 11 6 4 8 0 7 1 2 10 4 12 4 9 7 5 1 4 2 6 8 4 2 2 7 1 
17 13 17 13 17 17 13 13 13 13 12 13 3 7 6 8 13 9 2 8 10 9 2 10 10 7 10 12 13 11 10 9 11 13 8 7 8 11 9 10 5 5 13 10 9 2 6 5 10 2 6 9 6 12 13 5 11 7 11 1 8 8 9 6 13 12 4 10 6 10 8 10 10 14 9 9 3 12 3 4 1 13 12 10 7 7 9 8 4 2 10 6 1 11 2 13 12 7 13 7 2 13 14 11 9 13 11 11 12 12 9 14 1 10 8 14 6 2 12 0 11 15 6 11 2 9 9 0 4 9 10 13 2 8 2 7 10 10 13 9 12 9 5 12 4 1 16 12 5 12 6 12 12 2 8 9 10 8 6 8 13 12 13 8 4 12 13 10 5 12 
11 3 11 3 11 11 3 3 3 3 4 7 11 8 11 6 8 1 9 14 1 7 11 12 6 6 5 7 6 1 7 2 9 8 12 6 12 10 13 1 7 8 3 11 4 11 13 7 7 8 5 11 5 1 9 6 0 9 7 9 10 4 8 5 2 1 6 14 11 10 2 1 1 8 8 5 8 5 7 6 9 6 7 5 13 5 1 7 9 9 9 11 9 7 9 9 9 6 8 8 9 6 6 7 5 4 10 9 1 1 5 5 11 9 2 8 6 11 4 11 0 8 11 8 8 6 5 11 8 2 9 3 9 13 9 4 9 0 6 12 9 10 7 2 11 10 10 7 8 3 5 2 5 8 5 13 6 11 8 6 5 7 6 7 6 7 2 4 7 5 
3 11 3 11 3 3 11 11 11 11 4 2 14 8 11 7 2 9 13 13 9 5 14 9 5 7 4 3 2 9 5 8 5 3 11 7 10 6 11 7 9 10 5 8 6 14 13 10 5 12 10 9 9 7 3 10 9 9 4 15 9 8 7 11 7 8 11 12 11 8 8 7 7 1 6 6 12 4 13 11 14 2 3 5 12 8 10 7 11 13 7 11 14 4 13 4 4 7 3 8 13 2 2 4 6 4 6 5 9 8 6 2 15 6 10 1 8 14 4 15 8 0 11 4 13 6 6 15 11 9 6 4 13 12 13 8 6 8 2 10 4 8 9 6 13 14 1 3 10 4 11 6 3 13 7 12 5 9 9 6 2 3 2 7 11 3 7 5 10 3 
13 15 13 15 13 13 15 15 15 15 10 10 3 3 0 5 9 10 4 2 10 5 4 3 6 4 8 8 9 12 6 9 6 8 2 5 2 5 2 10 3 3 12 4 7 4 1 4 6 5 7 3 6 12 8 5 12 2 7 7 2 7 4 8 12 12 6 3 0 4 8 10 9 9 5 6 4 9 7 5 6 10 8 7 1 6 10 4 2 6 5 0 6 7 5 8 7 5 8 3 5 10 11 7 6 11 6 6 13 12 6 11 5 4 9 10 4 3 10 6 11 11 0 7 5 6 6 5 3 10 5 11 4 1 6 6 5 10 10 2 7 3 4 10 2 6 12 8 3 10 8 10 9 6 6 2 6 2 3 5 10 8 9 4 7 8 12 8 4 9 
6 11 6 11 6 6 11 11 11 11 4 3 9 4 6 3 2 8 9 9 7 1 10 5 1 3 2 1 2 9 1 6 1 1 7 4 6 2 6 6 5 5 6 4 4 10 8 6 1 9 7 4 6 8 2 6 8 4 0 11 5 5 2 9 8 8 8 8 6 3 6 6 6 2 1 2 8 3 9 7 10 3 1 2 8 4 8 2 6 10 2 7 10 0 9 2 1 3 1 4 9 3 4 0 2 5 2 1 9 8 2 4 10 2 8 3 4 9 5 11 8 4 7 0 9 2 3 11 6 8 1 5 9 8 9 5 2 7 3 6 1 4 6 6 8 10 5 1 6 4 8 6 2 9 4 7 1 5 5 2 4 1 2 2 8 1 7 3 6 3 
15 11 15 11 15 15 11 11 11 11 9 11 3 5 5 6 11 7 0 7 7 7 2 8 7 5 8 10 10 9 8 7 9 10 7 5 7 9 8 8 3 3 11 8 6 2 6 3 8 0 3 7 4 10 11 2 9 5 9 1 6 5 7 4 11 10 2 9 5 8 6 8 7 11 7 7 1 9 2 2 1 10 10 7 6 5 7 6 2 0 8 5 1 8 0 11 10 5 10 5 0 11 11 9 6 10 9 9 10 10 6 11 2 8 6 11 4 3 10 2 8 13 5 9 0 7 6 2 2 7 8 10 1 7 0 4 8 8 11 7 10 7 3 9 4 1 14 10 3 9 4 9 9 0 5 8 8 6 4 6 11 10 10 6 2 10 10 8 2 10 
8 10 8 10 8 8 10 10 10 10 4 4 8 2 6 1 4 6 7 8 6 0 8 6 0 1 1 3 3 7 1 4 3 3 7 1 6 3 7 5 3 4 6 4 2 8 8 4 1 6 5 4 3 6 4 4 7 4 1 9 4 3 2 6 7 7 6 8 6 4 4 5 4 4 1 0 6 3 7 5 8 3 2 1 7 2 6 1 5 8 3 6 8 1 7 4 3 1 3 3 7 3 5 2 0 5 4 3 7 7 0 5 9 3 6 4 2 8 4 9 6 6 6 2 7 0 1 9 5 6 2 5 7 7 7 3 3 5 4 6 3 3 4 5 7 8 7 2 4 3 6 4 2 7 2 7 0 5 3 0 4 2 3 1 6 2 6 2 4 3 
9 9 9 9 9 9 9 9 9 9 3 4 8 3 6 1 5 5 6 9 5 1 8 6 1 1 1 3 4 6 2 3 4 4 7 1 6 5 7 4 3 3 5 5 1 8 8 3 2 6 4 5 2 6 5 4 6 4 2 8 5 2 3 5 6 6 5 9 6 5 3 4 3 5 2 0 5 3 6 4 7 4 3 1 7 1 5 1 5 7 4 6 7 2 6 5 5 1 4 3 7 4 5 3 0 4 5 4 7 6 0 5 8 4 5 5 2 8 4 9 5 6 6 3 6 1 0 8 4 5 3 5 6 8 7 2 4 4 4 7 4 4 3 4 7 7 7 3 4 3 5 4 3 6 0 8 1 5 3 1 4 3 4 1 5 3 6 1 3 3 
17 14 17 14 17 17 14 14 14 14 12 13 2 7 6 8 13 9 2 7 10 9 1 9 10 7 10 12 12 11 10 9 11 12 7 7 8 10 8 11 5 5 13 10 9 1 6 5 10 2 6 8 6 12 13 5 11 6 11 2 7 7 9 6 13 13 4 9 6 9 8 10 10 13 9 9 3 11 4 4 2 13 12 10 7 7 9 8 4 2 10 5 2 11 2 13 12 7 12 7 1 13 14 11 9 13 11 11 13 12 9 13 0 9 8 14 6 2 12 0 11 15 5 11 2 9 8 0 4 9 10 13 2 7 2 7 10 10 13 8 11 8 5 12 3 1 16 12 5 11 6 12 12 2 8 8 10 7 6 8 13 12 13 8 4 12 13 10 5 12 
13 12 13 12 13 13 12 12 12 12 8 9 3 2 3 3 9 7 2 5 7 5 3 6 5 3 6 8 8 9 5 6 7 8 5 3 5 6 5 7 1 1 10 6 5 3 4 1 6 2 4 5 3 9 9 2 9 2 6 4 4 4 4 5 10 10 3 7 3 5 5 7 7 9 5 5 1 7 4 2 4 9 7 6 4 3 7 4 0 3 5 3 4 6 2 8 7 3 8 2 2 9 10 7 5 9 7 6 10 10 4 9 3 5 6 9 2 3 9 4 8 11 3 6 2 5 4 4 0 7 6 9 2 5 3 4 6 8 9 5 7 4 1 8 3 3 12 8 0 8 5 8 8 3 4 6 5 4 1 4 9 8 8 4 3 7 10 6 1 8 
12 4 12 4 12 12 4 4 4 4 5 8 10 7 10 5 9 0 7 12 1 7 9 11 6 6 5 8 7 2 7 2 9 9 11 5 11 10 12 2 6 7 5 10 4 9 11 6 7 6 3 10 3 3 10 4 2 8 7 7 10 3 8 3 4 3 4 13 10 10 1 2 2 9 8 5 6 5 5 4 7 7 7 5 11 4 0 6 7 7 9 10 7 7 7 10 10 5 9 7 7 7 7 7 5 5 10 9 3 3 5 7 9 9 0 9 5 9 5 9 2 9 10 8 7 6 5 9 7 0 9 5 7 12 7 3 9 1 7 11 9 9 5 3 10 8 11 8 6 4 3 4 6 6 4 12 6 10 7 6 7 8 7 7 4 8 4 5 5 6 
7 12 7 12 7 7 12 12 12 12 6 4 8 3 5 3 3 9 8 7 8 2 9 3 2 3 4 3 4 10 1 7 1 3 5 4 4 1 5 7 5 4 8 2 5 9 7 5 2 8 8 2 6 9 3 6 9 3 2 10 3 5 1 9 9 10 8 6 5 1 7 8 7 4 1 3 7 5 9 7 10 5 3 4 6 5 9 2 5 9 0 5 10 2 8 2 1 3 3 3 8 5 6 2 3 7 1 0 10 10 3 6 9 0 9 4 4 8 6 10 9 6 5 1 8 2 3 10 6 9 0 7 8 6 9 6 0 8 4 4 1 2 5 7 7 9 6 3 5 6 8 7 4 8 4 6 2 3 4 2 5 3 4 2 8 3 9 4 5 5 
7 6 7 6 7 7 6 6 6 6 1 3 13 8 11 6 5 5 11 14 4 5 13 11 5 6 3 4 3 5 6 4 7 5 12 6 11 8 12 2 8 8 0 9 4 12 13 8 5 10 7 10 6 2 6 8 4 9 5 12 10 5 7 8 2 3 8 14 11 9 5 3 3 5 7 4 10 2 10 8 11 2 4 3 12 5 5 6 9 11 8 11 11 5 11 7 7 6 5 8 11 3 2 5 5 0 8 7 4 3 5 2 13 8 6 4 7 13 0 13 3 4 11 5 10 5 5 13 9 5 7 0 11 13 11 5 8 3 3 11 6 9 8 1 12 12 6 4 9 1 8 1 3 10 5 13 5 10 8 6 2 4 3 6 8 5 2 3 8 2 
15 12 15 12 15 15 12 12 12 12 10 11 2 4 4 6 11 8 0 6 8 7 2 8 7 5 8 10 10 10 7 7 9 10 6 5 6 8 7 9 3 3 11 8 7 1 5 3 8 1 4 6 4 11 11 3 10 4 8 2 6 5 6 5 11 11 3 8 4 7 6 9 8 11 7 7 1 9 3 2 2 10 10 8 5 5 8 6 2 1 7 4 2 8 1 10 10 5 10 4 0 11 12 9 7 11 9 8 11 11 6 11 1 7 7 11 4 2 10 2 9 13 4 9 1 7 6 2 2 7 8 11 0 6 1 5 8 9 11 7 9 6 3 10 2 1 14 10 2 9 5 10 10 2 6 7 7 6 4 6 11 10 10 6 3 9 11 8 3 10 
13 16 13 16 13 13 16 16 16 16 11 11 4 4 1 7 10 12 6 1 12 7 5 3 7 6 9 9 10 13 7 10 7 9 0 6 1 5 1 12 5 4 13 4 9 5 1 5 7 7 9 3 8 14 9 7 13 3 8 8 2 8 5 10 14 14 8 2 1 4 10 12 11 10 6 8 6 10 9 7 8 11 9 9 0 8 12 6 4 7 5 1 8 8 7 8 7 6 9 4 6 11 12 8 7 12 6 6 14 14 7 12 6 5 11 11 6 5 12 8 13 12 1 8 7 7 8 7 5 12 6 13 6 0 7 8 5 12 11 2 8 4 6 12 3 7 13 9 5 11 10 12 10 7 8 1 7 2 4 6 11 9 10 6 8 9 14 9 6 11 
16 11 16 11 16 16 11 11 11 11 10 11 3 6 6 6 12 7 1 8 8 8 3 9 8 6 8 10 11 9 8 7 10 11 8 6 8 10 8 8 4 4 11 9 7 2 7 3 9 0 4 8 4 10 12 3 9 6 9 1 7 5 8 4 11 10 2 10 6 8 6 8 8 12 8 7 2 10 2 2 0 11 10 8 7 5 7 7 3 0 9 6 0 9 0 11 11 6 11 6 1 11 12 10 7 11 10 10 10 10 7 12 2 8 6 12 5 3 10 2 9 13 6 9 0 7 7 2 3 7 9 11 1 7 0 5 9 8 11 8 10 8 3 9 4 0 15 10 3 9 4 10 10 0 6 9 8 7 5 7 11 10 11 7 2 10 11 8 3 10 
11 8 11 8 11 11 8 8 8 8 5 6 7 4 6 2 7 3 5 9 3 4 7 8 3 2 3 6 6 5 4 2 6 6 8 2 7 7 8 3 3 3 6 7 1 6 8 2 4 4 2 6 0 5 7 2 5 5 5 6 6 0 5 3 6 6 3 10 6 6 1 3 3 7 4 2 4 4 4 2 5 6 5 3 8 0 3 3 4 5 6 6 6 5 5 7 7 2 6 4 5 6 7 5 2 5 7 6 6 6 2 6 7 5 3 7 2 7 5 7 4 8 6 5 4 3 2 7 4 3 6 5 5 8 5 0 6 4 6 8 6 6 2 4 7 6 10 6 3 4 3 4 5 4 1 9 4 6 3 3 6 6 6 3 3 5 6 3 2 5 
7 13 7 13 7 7 13 13 13 13 6 5 8 3 4 3 4 9 8 6 9 2 9 3 3 3 4 3 5 10 1 7 1 3 5 4 4 0 4 8 5 4 8 1 5 8 6 5 2 8 8 2 6 10 3 6 10 3 2 10 3 6 1 9 10 10 8 6 4 1 7 8 7 4 1 4 7 5 9 7 10 5 4 4 5 5 9 2 5 9 0 5 10 2 8 3 2 4 3 3 8 5 7 3 3 7 1 1 11 10 3 7 9 0 9 5 4 8 7 10 9 6 5 2 8 3 4 10 6 9 0 8 8 5 9 6 0 9 5 4 2 1 5 8 7 9 7 3 5 6 9 8 5 9 5 5 2 3 4 3 6 3 5 2 8 3 9 5 6 5 
11 4 11 4 11 11 4 4 4 4 3 6 11 7 10 5 8 1 8 13 0 6 11 11 6 6 4 7 6 1 7 1 8 8 12 5 11 9 12 0 7 7 3 10 3 10 12 6 6 8 4 10 4 1 9 5 1 8 7 9 10 3 8 5 2 2 6 14 10 9 2 0 1 7 7 5 8 4 7 6 8 5 6 4 12 4 1 6 8 8 9 11 9 6 8 9 9 5 8 7 9 6 6 6 5 3 9 8 2 2 5 5 11 8 2 7 6 11 3 10 0 8 10 7 8 5 4 10 8 1 8 3 9 12 8 4 9 0 6 11 8 9 6 2 11 9 9 6 7 3 4 2 5 7 4 13 6 10 7 6 5 7 6 6 5 7 2 4 6 4 
5 9 5 9 5 5 9 9 9 9 2 0 12 6 9 5 2 7 11 12 7 4 12 8 3 5 2 1 0 8 3 5 4 2 10 5 9 5 10 5 7 8 4 7 4 12 11 8 3 10 8 7 7 6 3 8 7 7 3 12 8 6 5 9 6 7 9 11 9 6 6 5 5 1 4 3 10 1 10 9 12 0 1 3 11 5 8 5 9 11 5 10 12 2 11 3 4 5 2 7 11 0 1 2 4 3 5 4 7 7 4 1 13 5 8 1 6 12 2 13 6 2 10 3 11 4 4 13 9 7 4 3 11 11 11 6 5 6 0 9 3 7 7 4 11 12 3 1 8 3 9 4 1 11 5 11 3 8 7 4 1 1 0 5 9 1 5 2 8 1 
11 16 11 16 11 11 16 16 16 16 10 9 6 4 2 6 8 11 7 2 11 5 7 1 6 5 8 7 9 13 5 10 5 7 1 6 0 4 0 11 5 4 12 2 8 7 3 6 6 8 9 1 8 13 7 7 13 3 6 9 1 8 4 10 13 13 8 2 2 2 9 11 10 8 4 7 6 9 9 8 9 9 8 7 2 7 12 5 5 8 3 2 9 6 8 6 6 6 7 4 7 9 11 7 6 11 4 5 14 13 6 11 8 3 11 9 5 6 11 9 12 10 2 6 7 6 7 8 5 11 4 11 7 2 8 8 4 11 9 0 6 2 6 11 4 8 11 7 5 10 10 11 9 8 7 1 6 1 4 5 10 7 9 5 9 7 13 8 6 9 
5 12 5 12 5 5 12 12 12 12 5 3 10 4 7 4 2 9 9 9 8 2 11 5 2 4 3 1 3 10 1 7 1 1 7 4 6 2 6 7 6 6 7 3 5 10 9 6 2 9 8 4 7 9 1 7 9 5 1 12 5 6 3 10 9 9 9 8 7 3 7 7 7 2 2 3 8 4 10 8 11 4 2 3 8 5 9 3 7 10 2 7 11 1 10 1 0 4 1 4 10 3 5 1 3 6 2 1 10 9 3 5 11 2 9 3 5 10 5 12 9 4 7 1 10 3 4 11 7 9 1 6 9 8 10 6 2 8 3 6 0 4 6 7 9 11 4 2 6 5 9 6 3 10 5 7 2 5 5 3 4 1 3 3 9 1 8 4 7 4 
9 13 9 13 9 9 13 13 13 13 7 7 6 2 2 3 6 9 6 5 9 3 7 2 3 3 5 5 6 11 3 7 3 5 3 4 2 2 3 8 3 3 9 1 5 7 5 4 3 7 7 0 5 10 5 6 10 1 4 9 1 6 1 8 11 11 7 4 3 0 7 9 8 6 2 4 5 6 8 6 8 7 5 5 4 5 9 2 4 8 1 3 8 4 7 4 4 3 5 2 7 7 8 4 4 9 2 3 11 11 4 8 8 1 9 7 3 6 8 9 10 8 3 4 7 3 4 8 4 9 2 9 6 4 8 6 1 9 7 2 4 0 4 8 5 8 9 5 4 7 8 8 6 7 5 4 3 1 2 3 7 5 6 2 7 5 10 6 5 7 
12 10 12 10 12 12 10 10 10 10 7 7 4 2 4 2 8 6 3 7 6 4 5 6 4 2 5 7 7 7 5 4 6 7 6 2 5 6 6 6 0 1 8 6 3 4 6 0 5 3 3 5 2 8 8 1 7 3 5 5 4 3 4 4 9 8 2 8 4 5 4 6 5 8 4 3 2 6 3 2 4 7 6 4 6 2 6 3 1 4 5 4 4 5 3 8 7 2 7 2 3 7 8 6 3 8 6 6 8 8 3 8 5 5 5 8 1 4 7 5 7 9 4 6 3 4 3 5 1 5 5 8 3 6 3 2 5 6 7 6 6 4 0 7 4 4 11 6 1 6 4 7 6 3 2 7 4 4 1 3 8 6 7 3 3 6 8 5 0 6 
9 5 9 5 9 9 5 5 5 5 1 4 12 7 10 5 6 3 9 13 2 5 12 11 5 6 3 5 4 3 6 2 7 6 12 5 11 8 12 1 7 8 1 9 3 11 12 7 5 9 6 9 5 1 7 6 2 8 5 10 9 4 7 6 2 2 7 13 10 9 3 1 1 6 6 4 9 2 8 7 10 3 4 3 12 4 3 6 9 10 8 11 10 5 9 7 7 5 6 7 10 4 4 5 4 1 8 7 3 2 4 3 12 8 4 6 6 11 1 12 2 6 10 6 9 5 4 12 8 3 7 1 10 12 9 4 8 2 4 11 7 8 7 0 11 10 7 5 8 1 6 0 3 9 4 12 5 10 7 5 3 5 4 6 7 5 1 2 7 2 
15 15 15 15 15 15 15 15 15 15 11 11 1 4 2 6 11 10 3 3 10 7 2 6 7 5 9 10 11 12 7 9 8 10 3 6 4 7 4 10 4 3 13 6 8 2 2 4 8 4 7 5 6 12 10 5 12 3 8 5 4 7 6 7 13 13 5 5 2 6 8 10 10 11 6 7 3 10 6 5 5 11 10 8 3 6 10 6 2 4 6 2 5 8 3 10 9 6 10 4 3 11 12 9 7 12 8 8 13 13 7 12 3 6 9 11 5 1 11 4 11 13 2 8 4 7 7 3 3 10 7 12 2 3 4 7 7 11 11 4 9 5 4 11 0 4 14 10 3 10 7 11 10 4 7 4 8 4 4 6 11 10 11 6 6 9 13 9 4 10 
16 12 16 12 16 16 12 12 12 12 11 12 3 6 6 7 12 8 1 8 8 8 2 9 9 6 9 11 12 10 9 8 10 12 8 6 8 10 8 9 4 5 12 9 8 2 6 4 9 1 4 8 5 11 12 4 10 6 10 1 7 6 8 4 12 11 3 9 6 9 7 9 9 13 8 8 2 10 2 3 1 12 11 9 7 6 8 7 4 0 9 6 0 10 1 12 11 6 12 6 1 12 13 10 8 12 11 10 11 11 8 12 1 9 7 13 5 2 11 1 10 14 6 10 1 8 7 1 3 8 9 12 1 7 0 6 9 9 12 8 11 8 4 10 4 0 15 11 4 10 5 10 11 1 7 8 9 7 5 7 12 11 12 7 3 11 12 9 4 11 
1 12 1 12 1 1 12 12 12 12 5 3 15 9 12 8 2 11 14 13 10 6 15 10 6 8 6 4 4 11 6 9 5 3 12 9 11 7 11 8 10 11 6 8 8 15 14 11 6 14 12 9 10 9 3 11 10 10 5 16 10 9 7 13 9 10 13 13 12 8 10 9 8 2 7 7 13 5 14 12 15 4 4 6 13 9 11 8 12 15 7 12 15 5 14 4 5 8 3 9 14 3 3 5 7 6 6 6 10 10 7 4 16 7 11 2 10 15 6 16 10 1 12 5 14 7 7 16 12 11 6 6 14 13 15 10 7 9 3 11 4 9 11 7 14 15 0 4 11 6 12 7 4 14 8 12 6 10 10 7 4 4 3 8 13 4 8 6 11 5 
5 10 5 10 5 5 10 10 10 10 3 1 11 5 8 4 1 8 10 10 7 2 11 7 2 4 2 0 1 8 2 6 2 1 8 4 7 4 8 5 6 6 5 5 4 11 10 7 1 9 8 6 6 7 2 7 8 6 1 12 6 5 4 9 7 8 9 10 8 5 6 6 5 1 3 3 9 2 10 8 11 2 0 2 9 5 8 3 8 11 4 8 11 1 10 2 2 4 1 5 10 1 3 0 3 4 4 2 8 8 3 3 12 4 8 1 5 11 4 12 7 3 8 1 10 2 3 12 8 8 3 4 10 9 10 6 3 6 1 7 2 5 6 5 10 11 4 0 7 3 9 5 1 10 4 9 2 6 6 3 2 0 1 4 9 0 6 2 7 2 
12 11 12 11 12 12 11 11 11 11 7 8 4 2 3 3 8 7 2 6 7 4 4 6 4 2 5 7 8 8 5 5 6 7 5 2 5 6 5 7 0 0 9 5 4 4 5 0 5 3 4 4 3 9 8 2 8 2 6 5 4 3 4 5 9 9 3 7 3 5 5 7 6 8 4 4 1 7 4 2 4 8 7 5 5 3 7 3 0 4 5 3 4 5 3 8 7 2 7 2 3 8 9 6 4 8 6 6 9 9 4 9 4 5 6 9 1 4 8 5 8 10 3 6 3 4 4 5 0 6 5 9 2 5 3 3 5 7 8 5 6 4 1 8 3 4 11 7 0 7 4 8 7 3 3 6 5 4 1 3 8 7 8 3 3 7 9 6 1 7 
8 7 8 7 8 8 7 7 7 7 0 3 11 6 9 4 4 4 9 12 4 4 11 9 3 5 2 3 2 5 4 3 6 4 10 4 10 7 10 2 6 7 2 8 2 11 11 7 3 9 6 8 5 3 5 6 4 7 4 11 8 3 6 7 3 4 7 12 9 7 4 2 2 4 5 3 8 1 8 7 10 2 3 2 11 4 5 5 8 10 7 10 10 4 9 6 6 4 4 6 9 2 2 4 3 1 7 6 4 4 3 2 11 6 5 4 5 11 0 12 3 4 10 4 9 3 3 11 8 4 6 1 9 11 9 4 6 3 3 10 5 7 6 1 10 10 6 3 7 0 6 1 2 9 3 11 3 9 6 4 2 3 2 5 7 3 3 1 6 1 
14 7 14 7 14 14 7 7 7 7 7 9 7 6 8 5 10 3 4 10 4 7 7 10 7 5 6 9 8 5 7 3 9 9 10 4 9 9 10 5 4 5 8 10 4 6 9 4 7 3 0 9 2 6 10 2 5 7 8 4 8 3 7 0 7 6 1 12 8 9 2 5 4 10 7 5 4 7 2 2 4 8 8 6 9 3 3 6 5 4 9 8 4 8 4 10 10 5 9 6 4 9 9 8 6 7 10 9 6 6 5 9 6 8 2 10 4 7 7 6 5 11 8 8 4 6 5 6 5 3 8 8 5 10 4 3 9 4 9 10 9 8 4 6 7 5 12 9 4 6 0 6 8 3 4 11 7 8 5 6 8 9 9 6 1 9 7 6 3 7 
9 5 9 5 9 9 5 5 5 5 1 4 12 7 10 5 6 3 10 13 3 5 12 11 5 6 3 5 4 3 6 2 7 6 12 5 11 8 11 1 7 8 1 9 3 11 12 7 5 9 6 9 5 2 7 6 2 8 5 11 9 4 7 6 2 2 7 13 10 9 3 1 1 5 6 4 9 2 8 7 10 3 4 3 12 4 4 6 9 10 8 11 10 5 10 7 7 5 6 7 10 4 3 5 4 1 8 7 3 2 4 3 12 7 4 5 6 11 1 12 2 6 10 6 9 4 4 12 8 4 7 1 10 12 10 4 8 2 4 11 6 8 7 0 11 10 7 5 8 1 6 0 3 9 4 12 5 10 7 5 3 5 4 6 7 5 1 2 7 2 
6 9 6 9 6 6 9 9 9 9 1 1 11 5 8 4 2 6 10 11 5 3 11 8 2 4 1 1 0 7 3 4 4 2 9 4 8 5 9 4 6 7 3 7 3 11 11 6 2 9 7 7 5 5 3 7 6 6 2 11 7 4 5 8 5 6 8 11 8 6 5 4 4 2 4 2 8 0 9 7 10 0 1 2 10 4 6 4 8 10 5 9 11 2 10 4 4 4 2 6 10 1 2 2 3 2 5 4 6 6 3 2 11 5 7 2 5 11 2 12 5 3 9 2 9 2 3 12 8 6 4 3 10 10 10 5 5 5 1 9 3 6 6 3 10 11 4 1 7 2 8 3 0 9 3 10 2 7 6 3 1 1 1 4 8 1 5 1 6 0 
15 11 15 11 15 15 11 11 11 11 9 11 4 5 6 6 11 6 1 8 7 7 3 9 7 5 8 10 10 8 8 6 9 10 8 5 8 9 8 8 3 4 10 9 6 3 7 3 8 0 3 8 4 9 11 2 8 6 9 1 7 5 7 3 10 10 1 10 6 8 5 8 7 11 7 7 1 9 1 1 1 10 10 7 7 5 6 6 3 0 8 6 1 9 1 11 10 5 10 5 1 10 11 9 7 10 10 9 10 9 6 11 3 8 5 12 4 3 10 2 8 13 6 9 0 7 6 2 3 6 8 10 2 7 0 4 9 7 11 8 10 7 3 9 4 1 14 10 3 9 3 9 9 0 5 9 8 7 4 6 11 10 10 6 2 10 10 8 3 9 
10 8 10 8 10 10 8 8 8 8 4 5 7 3 6 1 6 4 6 9 4 2 8 7 2 1 2 4 4 6 3 2 5 5 7 1 7 5 7 3 3 3 5 6 1 7 8 3 3 5 3 6 1 5 6 3 5 4 3 7 5 1 4 4 6 6 4 9 6 5 2 4 3 6 3 1 5 3 5 4 6 4 4 1 8 0 4 2 4 6 5 6 7 3 6 6 5 1 5 3 6 5 6 4 1 5 6 5 6 6 1 5 8 4 4 6 2 7 4 8 5 7 6 4 5 2 0 8 4 4 4 5 6 8 6 1 5 4 5 7 5 5 2 4 7 7 8 4 3 3 4 4 3 5 0 8 2 6 3 1 5 4 4 2 4 4 6 2 3 4 
13 17 13 17 13 13 17 17 17 17 11 11 5 5 2 7 9 13 7 1 13 7 6 2 8 6 9 9 10 14 7 11 6 9 0 7 1 5 0 12 6 5 13 3 9 7 2 6 8 8 10 3 8 14 9 8 14 4 8 9 2 9 5 11 15 15 9 1 2 4 11 12 11 10 6 8 7 10 10 8 9 11 9 9 1 8 13 6 5 9 5 2 9 8 8 8 7 7 9 5 8 11 12 8 8 13 6 6 15 15 8 12 7 5 12 10 6 6 12 9 13 12 2 7 8 7 8 8 6 12 6 13 7 1 9 9 5 13 11 1 7 4 7 12 4 8 12 9 6 11 11 12 10 9 8 0 7 2 5 7 11 9 10 6 9 9 14 10 7 11 
7 10 7 10 7 7 10 10 10 10 3 3 9 3 6 2 3 7 8 8 6 0 9 5 0 2 1 2 3 8 0 5 2 2 7 2 6 3 6 5 4 4 6 4 2 9 8 4 0 7 6 4 4 7 3 5 7 4 1 9 5 3 2 7 7 7 6 8 6 3 5 5 4 3 1 1 6 2 8 6 9 3 2 1 7 3 7 1 5 8 3 6 9 0 8 3 3 2 2 3 8 3 4 1 1 5 3 2 8 7 1 4 9 2 7 3 3 9 4 10 6 5 6 1 8 0 1 10 5 6 2 5 7 7 8 4 2 6 3 6 2 3 4 5 8 9 6 2 5 3 7 5 2 8 2 7 0 5 4 1 4 2 3 1 7 1 7 2 5 3 
11 14 11 14 11 11 14 14 14 14 9 8 5 2 1 4 7 10 6 3 10 4 6 1 5 4 7 6 8 12 4 8 4 6 1 4 1 3 1 9 4 3 11 2 6 6 3 4 5 7 8 0 6 11 6 6 11 1 5 8 0 6 2 9 12 12 7 3 1 1 8 10 9 8 3 5 5 8 8 6 8 8 7 6 2 6 10 3 4 7 2 2 8 5 7 6 5 4 6 2 6 8 9 6 5 10 4 4 12 12 5 9 7 3 10 8 4 5 9 8 11 9 2 5 6 5 5 7 4 10 3 10 6 2 7 6 3 10 8 1 5 1 4 10 4 7 10 6 4 9 8 10 7 7 6 2 5 0 3 4 9 6 8 3 7 6 11 7 5 8 
11 11 11 11 11 11 11 11 11 11 7 7 5 0 3 2 7 7 4 5 7 3 5 5 3 1 5 6 7 9 3 5 5 6 4 2 4 4 4 7 1 0 9 4 4 5 5 1 4 4 4 3 3 9 7 3 8 1 4 6 3 3 2 6 9 9 4 6 3 3 5 7 6 7 3 3 3 6 5 3 5 7 6 4 4 3 7 2 1 5 4 3 5 4 4 6 6 2 6 0 4 7 8 5 3 8 5 4 9 9 3 8 5 3 6 7 1 5 7 6 8 9 3 5 4 3 3 6 1 7 4 8 4 4 5 3 4 7 7 4 5 2 1 7 4 5 10 6 1 6 5 7 6 4 3 5 4 3 0 2 7 6 7 2 4 5 9 5 2 6 
9 10 9 10 9 9 10 10 10 10 4 4 7 2 5 0 5 6 6 7 6 1 7 5 1 0 2 3 4 7 1 4 3 4 6 1 5 3 6 5 2 3 6 4 2 7 7 3 1 6 5 4 3 7 5 4 7 3 2 8 4 3 2 6 7 8 5 8 5 3 4 5 4 5 1 1 5 3 6 5 7 4 3 2 6 2 6 0 4 7 3 5 7 2 6 4 4 1 4 2 6 4 6 2 0 5 4 3 8 7 0 5 8 2 6 5 2 7 5 8 6 6 5 2 6 0 1 8 4 6 2 6 6 6 7 3 3 6 4 5 3 3 3 5 6 7 7 3 3 4 6 5 3 6 1 7 1 4 2 0 5 3 4 0 5 3 7 2 3 4 
5 8 5 8 5 5 8 8 8 8 1 1 12 7 10 5 3 7 11 12 6 4 13 9 4 6 2 2 1 7 4 5 5 3 11 5 10 6 10 4 8 8 3 8 4 12 12 8 3 10 8 8 6 5 4 8 6 8 3 12 9 5 6 9 5 6 9 12 10 7 6 4 4 2 5 4 10 1 10 9 12 0 2 3 11 5 7 5 9 11 6 10 12 3 11 5 5 5 3 7 11 1 0 3 4 2 6 5 6 6 4 0 13 6 7 2 7 12 1 13 5 2 10 4 11 4 4 13 9 7 5 2 11 11 11 6 6 5 1 10 4 7 8 3 11 12 4 2 8 2 8 3 1 11 5 11 4 9 7 5 0 2 1 5 9 2 4 2 8 1 
5 10 5 10 5 5 10 10 10 10 3 1 11 5 8 4 1 8 10 10 7 2 11 7 2 4 2 0 1 8 2 6 2 0 8 4 7 4 8 6 6 6 5 5 4 11 10 7 1 9 8 6 6 7 2 7 8 6 1 12 6 5 4 9 7 8 9 10 8 5 6 6 5 1 3 3 9 2 10 8 11 2 0 2 9 5 8 3 8 10 4 8 11 1 10 2 2 4 0 5 10 1 3 0 3 4 3 2 8 8 3 3 12 3 8 1 5 11 4 12 7 3 8 1 10 2 3 12 8 8 3 4 10 9 10 6 3 7 1 7 1 5 6 5 10 11 4 0 7 3 9 5 1 10 4 9 2 6 6 3 2 0 1 3 9 0 7 2 7 2 
5 9 5 9 5 5 9 9 9 9 2 0 12 6 9 4 2 7 10 11 6 3 12 8 3 5 2 1 0 8 3 5 4 2 10 5 9 5 9 5 7 7 4 7 4 12 11 7 2 10 8 7 6 6 3 8 7 7 2 12 7 5 5 9 6 7 9 11 9 6 6 5 5 1 4 3 9 1 10 8 11 0 1 2 10 5 7 4 8 11 5 9 12 2 11 3 3 5 2 6 11 0 1 2 3 3 5 4 7 7 3 1 12 5 8 1 6 12 2 13 6 2 9 2 10 3 4 13 8 7 4 3 10 10 11 6 5 6 0 9 3 6 7 4 11 12 3 1 8 2 9 4 1 10 4 10 3 8 7 4 1 1 0 4 9 1 5 2 7 1 
9 11 9 11 9 9 11 11 11 11 5 5 7 1 4 1 5 7 6 7 6 1 7 5 1 1 3 4 4 8 1 5 3 4 5 1 4 3 5 6 2 2 7 3 3 7 6 3 2 6 5 3 3 8 5 4 8 2 2 8 3 3 1 7 8 8 5 7 4 3 5 6 5 5 1 1 5 4 7 5 7 5 3 2 6 2 7 0 4 7 2 5 7 2 6 4 4 1 4 1 6 5 6 3 1 6 3 2 9 8 1 6 8 2 6 5 2 7 6 8 7 7 4 2 6 1 1 8 4 7 2 6 6 6 7 3 2 6 5 5 3 2 3 6 6 7 8 4 3 5 6 6 4 6 2 6 1 3 2 0 5 3 4 0 6 3 8 3 3 4 
14 9 14 9 14 14 9 9 9 9 8 9 6 5 7 5 10 4 3 9 5 6 5 9 6 4 6 9 9 6 7 4 9 9 8 4 8 9 9 6 3 4 8 9 5 5 8 3 7 2 1 8 2 7 10 1 6 6 8 3 7 3 7 1 8 8 0 10 7 8 3 6 5 10 7 5 2 7 1 1 2 9 8 6 8 3 4 6 4 2 8 7 3 8 3 10 10 4 9 5 3 9 10 8 5 8 9 9 8 7 5 9 5 8 3 10 3 5 8 4 6 11 7 8 2 6 5 4 3 4 8 8 3 8 2 3 8 5 9 9 9 7 3 7 6 3 13 9 3 7 1 7 8 2 4 9 7 7 4 5 9 9 9 6 0 9 8 6 2 8 
5 10 5 10 5 5 10 10 10 10 3 1 10 5 7 4 1 8 10 10 7 2 11 6 2 4 2 0 1 8 2 6 2 0 8 4 7 3 8 6 6 6 5 5 4 11 10 6 1 9 8 6 6 7 2 7 8 6 1 11 6 5 3 9 7 8 8 9 7 4 6 6 5 1 3 3 8 2 10 8 11 2 0 2 9 5 8 3 7 10 3 8 11 1 10 2 2 4 0 5 10 1 3 0 3 4 3 2 8 8 3 3 11 3 8 2 5 10 4 12 7 3 8 1 10 2 3 12 7 8 3 5 9 9 10 5 3 7 1 7 1 5 6 5 9 11 4 0 7 3 9 5 1 10 4 9 1 6 5 3 2 0 1 3 9 0 7 2 7 2 
10 4 10 4 10 10 4 4 4 4 3 5 13 9 12 7 7 4 11 15 3 7 13 12 6 7 5 7 5 3 7 3 9 7 13 7 13 10 13 2 9 9 1 11 5 13 14 9 7 10 7 11 6 0 8 8 2 10 7 12 11 5 9 7 0 1 8 15 12 10 4 2 3 7 8 6 10 4 9 8 11 5 6 5 14 6 4 8 10 11 10 12 11 7 11 9 9 7 7 9 11 5 4 7 6 2 10 9 1 1 6 4 13 9 5 7 8 13 2 13 2 7 12 7 10 6 6 13 10 4 9 2 11 14 11 6 9 2 5 13 8 10 8 1 13 12 8 6 9 3 7 1 5 10 6 14 7 11 9 7 4 7 5 8 8 7 0 4 8 4 
7 8 7 8 7 7 8 8 8 8 1 2 10 5 8 2 4 5 8 10 4 2 10 8 2 3 0 2 2 6 3 3 4 3 9 3 8 5 9 3 5 5 3 7 1 10 10 5 2 8 5 7 4 4 5 5 5 6 2 10 7 3 4 6 5 5 6 11 8 6 3 3 2 4 3 1 7 1 8 6 9 2 2 0 9 3 5 3 7 9 5 8 9 2 8 5 5 3 3 5 8 2 3 2 2 2 5 4 5 5 2 3 10 5 5 4 4 10 2 10 4 5 8 3 8 2 1 10 6 5 4 3 8 9 8 3 5 4 2 8 4 6 5 2 9 9 6 2 6 1 6 2 1 8 2 10 2 7 5 2 2 2 2 3 6 2 4 0 5 1 
12 10 12 10 12 12 10 10 10 10 7 8 4 2 4 3 8 5 3 7 6 4 4 7 4 2 5 7 7 7 5 4 6 7 6 2 6 6 6 6 1 1 8 6 4 4 6 0 5 2 2 5 1 8 8 1 7 3 6 4 5 3 4 4 9 8 2 8 4 5 4 6 5 8 4 4 1 6 3 1 4 7 7 4 6 2 6 3 2 3 5 4 4 6 3 8 7 2 7 2 3 8 9 6 4 8 7 6 8 8 3 8 5 5 5 9 1 4 7 5 7 10 4 6 2 4 3 5 1 5 5 8 3 6 3 2 6 6 8 6 7 5 0 7 4 4 11 7 1 6 3 7 6 3 3 7 5 5 2 3 8 7 7 3 2 7 8 5 0 7 
6 8 6 8 6 6 8 8 8 8 0 1 11 6 9 4 3 6 10 12 5 3 12 9 3 5 1 2 1 6 4 4 5 3 10 4 9 6 10 3 6 7 2 7 3 11 11 7 3 9 7 8 5 4 4 7 5 7 3 11 8 4 5 8 4 5 8 12 9 7 5 4 3 3 4 3 9 0 9 7 10 1 2 2 11 4 6 4 8 10 6 9 11 3 10 5 5 4 3 6 10 1 1 2 3 2 6 5 5 5 3 1 12 5 6 3 6 11 1 12 5 3 9 3 10 3 3 12 8 6 5 2 10 11 10 5 5 4 1 9 4 7 6 2 10 11 5 2 7 1 7 2 0 9 4 11 3 8 6 4 1 2 1 4 8 2 4 1 7 0 
