160 7073.2 0 1680 1 1680
64.12 92.81 90.35 51.04 84.83 59.59 12.58 86.18 83.68 26.7 41.8 34.51 82.35 73.23 81.71 80.79 14.48 59.39 8.22 45.7 60.71 4.89 82.05 71.76 46.02 40.78 38.4 73.54 72.87 96.11 76.02 81.99 16.24 8.03 54.31 6.33 83.9 25.78 86.77 60.23 72.02 94.45 59.96 68.81 69.73 51.95 82.77 98.76 81.67 52.03 62.55 97.43 34.84 52.89 70.69 90.34 62.0 69.01 50.7 27.26 47.0 38.33 84.22 61.23 26.81 34.82 96.64 27.99 27.63 72.5 15.33 73.95 49.55 14.22 48.33 58.3 9.62 87.76 83.64 52.6 39.27 62.41 46.12 71.38 1.53 24.6 19.29 74.65 2.66 69.74 90.1 3.26 64.9 48.67 72.72 82.36 87.5 81.6 79.99 79.7 37.5 5.94 40.28 83.24 57.39 93.52 83.85 92.75 96.7 27.99 84.0 5.86 71.79 95.41 18.87 81.59 69.85 87.34 46.01 41.83 68.93 17.87 47.65 3.36 68.55 98.34 8.94 20.65 69.11 28.08 38.65 64.49 24.43 64.64 71.77 28.21 42.66 62.6 46.18 15.65 1.15 83.38 5.97 50.66 92.57 92.08 90.09 25.36 52.07 95.07 61.42 35.77 94.24 42.53 85.26 16.13 49.03 75.58 93.28 4.73 
29.88 47.91 25.16 10.08 84.34 61.97 83.01 11.29 40.28 62.11 20.15 19.78 29.89 17.22 81.42 84.12 32.22 23.91 86.85 78.18 13.04 60.69 40.31 31.25 73.93 42.36 46.25 25.57 72.52 14.06 87.23 36.4 74.31 30.73 36.21 89.13 45.63 58.03 85.1 67.84 31.58 30.58 36.66 28.58 14.88 86.57 44.7 56.61 46.17 88.46 16.64 62.15 10.17 35.08 82.34 50.06 36.64 69.36 41.85 84.12 69.88 20.77 43.8 16.4 60.87 28.57 46.13 31.12 76.4 78.32 75.56 87.8 81.07 75.89 67.56 57.69 41.38 13.16 41.85 88.16 72.58 80.35 23.51 73.92 85.52 87.41 37.82 85.3 75.25 47.51 18.44 80.22 77.54 71.1 50.09 32.04 10.37 28.69 89.81 61.89 46.25 52.68 86.38 67.98 15.56 49.31 60.88 68.99 89.53 37.26 80.38 51.24 81.2 37.08 61.12 39.79 69.51 57.77 66.07 68.09 42.4 70.67 54.52 11.51 15.26 26.84 39.15 24.45 76.46 86.54 29.35 53.71 69.49 14.09 36.1 58.95 59.32 40.14 33.76 70.39 36.75 54.0 41.25 45.5 19.18 17.55 12.72 49.38 10.59 25.45 89.02 69.98 46.21 33.34 52.41 88.24 85.37 39.62 70.96 36.73 
6 9 9 5 8 6 2 8 8 3 4 4 8 7 8 8 2 6 1 5 6 1 8 7 5 4 4 7 7 9 7 8 2 1 5 1 8 3 8 6 7 9 6 7 7 5 8 9 8 5 6 9 4 5 7 9 6 7 5 3 5 4 8 6 3 4 9 3 3 7 2 7 5 2 5 6 1 8 8 5 4 6 5 7 1 3 2 7 1 7 9 1 6 5 7 8 8 8 8 8 4 1 4 8 6 9 8 9 9 3 8 1 7 9 2 8 7 8 5 4 7 2 5 1 7 9 1 2 7 3 4 6 3 6 7 3 4 6 5 2 1 8 1 5 9 9 9 3 5 9 6 4 9 4 8 2 5 7 9 1 
1 2 3 4 5 6 7 8 9 10 11 12 13 14 15 16 17 18 19 20 21 22 23 24 25 26 27 28 29 30 31 32 33 34 35 36 37 38 39 40 41 42 43 44 45 46 47 48 49 50 51 52 53 54 55 56 57 58 59 60 61 62 63 64 65 66 67 68 69 70 71 72 73 74 75 76 77 78 79 80 81 82 83 84 85 86 87 88 89 90 91 92 93 94 95 96 97 98 99 100 101 102 103 104 105 106 107 108 109 110 111 112 113 114 115 116 117 118 119 120 121 122 123 124 125 126 127 128 129 130 131 132 133 134 135 136 137 138 139 140 141 142 143 144 145 146 147 148 149 150 151 152 153 154 155 156 157 158 159 160 
3 2 2 2 1 3 3 1 1 2 2 2 1 1 1 1 3 3 2 2 3 2 1 1 2 2 2 1 1 2 1 1 3 2 2 2 1 2 1 3 1 2 3 1 1 2 1 2 1 2 3 2 2 2 1 2 3 1 2 2 2 2 1 3 2 2 2 2 2 1 3 1 2 3 2 3 2 1 1 2 2 3 2 1 2 2 3 1 2 1 2 2 3 2 1 1 1 1 1 1 2 2 2 1 3 2 1 2 2 2 1 2 1 2 3 1 1 1 2 2 1 3 2 2 1 2 2 3 1 2 2 3 2 3 1 2 2 3 2 3 2 1 2 2 2 2 2 2 2 2 3 2 2 2 1 3 2 1 2 2 
2 3 3 1 3 2 2 3 3 1 1 1 3 3 3 3 2 2 2 1 2 2 3 3 1 1 1 3 3 3 3 3 2 2 1 2 3 1 3 2 3 3 2 3 3 1 3 3 3 1 2 3 1 1 3 3 2 3 1 1 1 1 3 2 1 1 3 1 1 3 2 3 1 2 1 2 2 3 3 1 1 2 1 3 2 1 2 3 2 3 3 2 2 1 3 3 3 3 3 3 1 2 1 3 2 3 3 3 3 1 3 2 3 3 2 3 3 3 1 1 3 2 1 2 3 3 2 2 3 1 1 2 1 2 3 1 1 2 1 2 2 3 2 1 3 3 3 1 1 3 2 1 3 1 3 2 1 3 3 2 
9 2 3 7 3 6 5 9 2 9 4 6 1 7 2 2 10 1 5 7 3 7 7 4 1 9 3 6 5 3 3 8 7 5 8 1 1 7 8 6 4 9 2 1 5 8 2 5 7 10 4 1 7 6 9 3 9 5 1 5 8 5 10 6 4 9 5 10 7 10 1 3 5 9 9 3 3 1 8 4 8 2 8 4 7 8 2 5 10 1 8 5 2 2 6 1 8 8 1 5 7 4 5 8 5 1 1 7 3 2 7 10 8 4 7 3 2 5 3 5 3 8 9 6 4 9 4 5 8 9 4 2 9 2 4 10 3 7 3 1 10 10 2 6 6 9 5 8 6 9 9 1 2 1 6 2 7 9 8 10 
4296.46 4455.93 4291.96 3735.33 4598.85 4092.03 3938.88 4072.21 3676.42 4536.33 4173.12 3862.18 3080.56 3745.25 3274.46 3459.25 4804.95 3093.19 3530.97 3612.55 4384.91 3600.42 3873.61 4212.1 3193.27 4514.13 4240.85 3879.92 3989.92 4548.02 4361.89 3041.93 3695.33 4169.8 3058.6 3067.8 3210.46 3848.91 3054.96 4156.78 3916.56 4199.74 4745.32 3061.77 4262.32 3068.45 3397.22 3908.61 3584.7 3802.91 4199.07 3199.72 3867.73 3802.02 3608.87 4423.26 3976.08 3651.35 3103.6 4345.67 3069.7 4333.17 3920.41 3813.41 3860.03 4426.99 3429.94 4834.01 3734.41 4659.12 3141.02 4062.24 3385.65 3799.4 4487.67 4078.59 4153.77 3122.32 3031.59 3937.25 3011.95 3987.81 3016.36 4042.1 3541.42 3053.85 3448.74 4280.8 4631.72 3210.88 3048.06 4297.87 3259.82 3923.52 3959.68 3190.75 3062.3 3024.39 3148.45 3731.25 3640.43 3906.76 4257.15 3060.72 3731.75 3115.16 3053.19 3768.45 4391.91 4278.09 3603.95 4516.36 3068.48 3965.58 3584.4 4307.58 3752.02 3588.28 4529.25 4194.43 4600.05 3032.49 4216.8 4116.11 4124.28 4376.87 4242.54 3973.09 3044.9 4200.93 4034.93 4820.22 3729.77 3762.68 4255.53 3977.98 4352.04 3664.77 4261.69 3180.49 4751.91 4032.44 4272.27 3821.31 3988.96 4096.63 4093.45 3067.28 3899.89 4179.2 4511.04 3183.99 4158.07 3057.59 3879.41 4541.84 3630.07 4221.93 3015.54 4815.94 
0.04 0.45 0.58 0.09 0.45 0.51 0.42 0.05 0.3 0.08 0.37 0.59 0.29 0.14 0.36 0.67 0.94 0.3 0.39 0.13 0.41 0.13 0.21 0.69 0.23 0.08 0.5 0.68 0.38 0.58 0.64 0.15 0.26 0.53 0.18 0.28 0.23 0.18 0.16 0.51 0.36 0.08 0.77 0.24 0.59 0.19 0.54 0.49 0.1 0.94 0.23 0.32 0.21 0.61 0.09 0.55 0.08 0.44 0.27 0.52 0.13 0.54 0.88 0.53 0.71 0.07 0.63 0.91 0.18 0.94 0.28 0.54 0.65 0.08 0.06 0.42 0.32 0.22 0.17 0.72 0.16 0.32 0.2 0.38 0.26 0.2 0.36 0.51 0.96 0.29 0.19 0.55 0.25 0.52 0.6 0.31 0.18 0.15 0.21 0.56 0.19 0.22 0.54 0.16 0.5 0.17 0.25 0.13 0.32 0.73 0.19 0.93 0.21 0.58 0.18 0.45 0.77 0.54 0.46 0.62 0.64 0.16 0.07 0.55 0.38 0.04 0.52 0.59 0.23 0.06 0.27 0.4 0.05 0.8 0.57 0.91 0.56 0.13 0.42 0.31 0.95 0.89 0.28 0.67 0.58 0.07 0.62 0.2 0.7 0.06 0.04 0.21 0.79 0.32 0.71 0.36 0.18 0.05 0.21 0.94 
0.99 0.52 0.95 0.69 0.52 0.59 0.68 1.0 0.56 0.78 0.72 1.0 0.86 0.63 0.91 0.53 0.96 0.76 0.9 0.92 0.51 0.78 0.89 0.51 0.85 0.63 1.0 0.81 0.82 0.96 0.87 0.54 0.81 1.0 0.95 1.0 0.71 0.56 0.69 0.89 0.54 0.79 0.69 0.61 0.67 0.92 0.61 0.65 0.86 0.89 0.56 1.0 0.6 0.75 1.0 0.55 0.73 0.79 1.0 1.0 0.85 0.8 0.61 0.58 0.77 1.0 0.99 0.68 0.56 1.0 0.57 0.8 1.0 0.93 0.58 1.0 0.6 0.94 0.93 0.88 0.96 0.64 0.65 0.83 0.75 0.71 0.69 0.64 0.82 0.62 0.92 0.97 0.82 0.97 0.7 0.65 0.86 0.99 1.0 0.66 0.66 1.0 0.7 0.82 0.77 0.81 0.83 0.59 1.0 0.6 0.92 0.65 1.0 0.58 0.91 0.82 1.0 0.71 0.88 0.87 1.0 0.71 1.0 0.55 0.82 0.56 0.66 0.55 0.62 0.52 1.0 0.99 1.0 0.86 1.0 0.73 0.86 0.56 0.95 0.99 0.78 0.55 0.83 0.85 0.69 0.53 1.0 0.81 0.54 1.0 1.0 0.72 1.0 0.65 0.65 0.51 0.96 0.83 1.0 0.93 
0.73 1.0 0.88 0.65 0.83 1.0 1.0 0.6 0.84 0.8 0.95 0.9 0.87 0.9 0.9 0.99 0.74 0.53 0.65 0.64 0.75 1.0 0.61 0.96 1.0 1.0 0.51 0.7 0.8 1.0 0.7 0.82 0.82 0.63 0.89 0.99 0.87 0.87 0.83 0.66 1.0 0.8 1.0 0.59 0.62 0.66 0.97 0.94 0.97 1.0 0.5 0.6 0.89 0.75 0.91 0.63 0.72 0.86 0.71 0.58 1.0 0.57 0.71 1.0 0.75 0.58 0.92 0.78 0.95 1.0 0.57 0.73 0.89 0.84 0.74 0.79 0.63 0.74 0.5 0.91 1.0 0.54 1.0 1.0 0.85 0.55 1.0 0.51 0.77 0.92 0.66 0.96 0.67 0.64 1.0 0.63 0.77 0.68 0.55 1.0 0.62 0.68 0.81 0.85 0.95 1.0 0.64 0.59 0.96 1.0 0.67 0.87 0.8 0.87 0.93 0.77 1.0 0.69 0.94 0.77 0.55 0.59 0.8 0.64 0.77 0.91 0.87 1.0 0.75 0.77 1.0 0.81 0.64 1.0 1.0 0.92 0.6 0.78 0.62 0.87 0.84 0.68 0.55 0.53 0.63 0.64 1.0 0.58 0.91 0.53 0.89 0.91 1.0 0.79 1.0 0.82 0.85 0.58 0.75 0.52 
1.0 0.64 0.94 0.56 0.77 0.68 0.99 0.75 0.74 1.0 0.6 0.7 0.57 0.62 1.0 0.91 0.51 0.79 1.0 0.83 0.64 0.66 0.74 0.89 1.0 0.77 0.6 0.67 1.0 1.0 1.0 0.89 0.81 0.88 1.0 0.6 0.97 0.77 0.58 0.95 0.67 0.65 0.85 0.86 0.56 0.74 0.61 1.0 1.0 0.92 0.6 0.84 0.92 0.75 0.79 0.63 0.63 1.0 0.57 0.55 0.96 1.0 1.0 1.0 0.54 0.57 0.92 0.78 1.0 0.81 0.98 0.75 0.71 0.91 0.99 0.59 0.85 0.78 0.78 0.91 0.84 0.55 0.53 0.72 1.0 1.0 0.78 0.75 0.76 0.53 0.96 1.0 1.0 0.85 0.72 1.0 0.58 0.74 0.73 0.54 0.58 0.52 1.0 0.69 0.79 0.89 1.0 1.0 0.8 0.56 0.87 1.0 0.67 0.89 0.68 0.98 1.0 1.0 0.85 0.98 0.72 0.71 0.63 0.93 0.8 0.87 1.0 1.0 0.58 0.7 0.56 0.94 0.78 0.99 0.65 1.0 1.0 0.53 0.77 0.86 0.86 0.54 0.84 1.0 1.0 0.88 0.57 0.77 0.65 0.64 0.6 0.51 0.91 0.55 0.88 0.76 0.9 0.92 0.53 0.61 
0.81 0.63 1.0 0.94 0.86 0.89 0.69 0.94 0.84 0.89 0.52 0.53 0.65 0.84 0.92 0.78 0.75 0.82 1.0 0.81 0.98 1.0 0.87 0.88 0.85 0.55 0.67 0.99 1.0 0.73 0.78 0.73 0.87 0.82 0.77 0.58 0.82 1.0 0.72 0.85 0.89 0.87 1.0 0.62 0.84 0.93 0.68 0.59 1.0 0.94 0.62 0.73 1.0 0.64 1.0 0.75 1.0 0.83 0.58 1.0 0.5 1.0 0.71 0.92 0.89 0.89 0.59 0.6 1.0 0.61 0.55 0.79 0.91 0.66 0.95 0.85 0.85 0.89 0.86 0.82 0.79 0.65 0.97 0.5 0.8 0.85 0.57 0.82 0.7 0.77 0.79 0.98 0.78 1.0 0.92 1.0 0.82 0.97 1.0 1.0 0.6 0.78 0.73 1.0 0.98 0.59 1.0 1.0 0.73 0.5 0.62 0.8 0.92 0.74 1.0 0.88 0.99 0.74 0.52 0.65 0.81 0.72 0.91 0.89 0.73 0.56 0.69 0.57 0.65 0.59 0.74 0.56 0.92 1.0 0.74 0.92 0.96 0.92 0.59 0.67 1.0 1.0 0.51 0.62 0.91 0.83 1.0 0.62 1.0 0.92 0.53 0.8 0.73 0.8 0.99 0.9 0.86 1.0 0.69 1.0 
1.0 0.76 0.9 0.56 0.62 1.0 0.62 0.82 0.51 0.72 0.72 1.0 0.81 0.74 0.81 0.74 0.98 0.81 1.0 1.0 0.65 0.8 1.0 0.9 0.69 0.6 0.57 0.68 0.66 0.57 0.82 0.57 0.94 1.0 0.74 0.74 0.76 0.65 0.76 1.0 1.0 0.51 0.94 0.85 0.82 0.64 0.92 0.83 0.8 0.7 0.56 0.88 1.0 0.78 0.76 0.99 0.8 0.56 0.76 0.83 0.89 0.66 0.77 0.65 0.97 0.97 0.75 1.0 0.73 0.52 0.77 1.0 0.53 0.96 0.78 0.68 0.87 0.71 0.51 1.0 0.54 0.87 0.74 0.79 0.92 0.71 0.9 0.67 0.56 0.58 1.0 0.58 0.8 0.95 0.84 0.91 0.53 0.87 0.62 0.82 0.5 0.52 1.0 0.74 0.85 0.52 0.96 0.88 0.8 0.69 0.83 1.0 0.99 0.65 0.95 1.0 0.53 0.96 0.65 0.81 0.94 0.99 0.68 0.58 0.63 0.81 1.0 0.86 1.0 0.83 0.63 0.66 0.56 1.0 0.51 1.0 0.99 1.0 0.62 0.92 0.56 0.57 0.82 0.97 0.99 1.0 0.9 0.78 0.58 0.69 0.61 0.93 0.83 0.97 0.54 0.71 0.59 0.86 0.78 0.64 
0.58 0.16 0.71 0.13 0.18 0.35 0.29 0.34 0.15 0.4 0.15 0.34 0.22 0.22 0.61 0.27 0.27 0.21 0.58 0.39 0.16 0.41 0.35 0.34 0.5 0.16 0.12 0.26 0.43 0.4 0.39 0.16 0.44 0.45 0.48 0.25 0.37 0.25 0.18 0.47 0.32 0.18 0.55 0.16 0.16 0.27 0.23 0.3 0.67 0.54 0.06 0.33 0.49 0.21 0.55 0.16 0.27 0.32 0.18 0.26 0.36 0.3 0.24 0.34 0.27 0.29 0.37 0.25 0.38 0.26 0.14 0.35 0.3 0.45 0.31 0.27 0.24 0.35 0.16 0.6 0.34 0.11 0.25 0.24 0.48 0.23 0.28 0.13 0.19 0.14 0.46 0.53 0.34 0.5 0.39 0.37 0.17 0.42 0.25 0.29 0.07 0.14 0.41 0.36 0.49 0.23 0.51 0.3 0.45 0.12 0.28 0.45 0.49 0.22 0.55 0.54 0.52 0.35 0.24 0.34 0.31 0.21 0.31 0.17 0.23 0.2 0.39 0.27 0.18 0.14 0.26 0.28 0.26 0.86 0.24 0.62 0.49 0.21 0.17 0.46 0.32 0.12 0.16 0.27 0.39 0.25 0.51 0.17 0.19 0.22 0.17 0.25 0.55 0.22 0.3 0.2 0.38 0.38 0.21 0.19 
408.56 1572.81 1551.07 717.42 1254.21 1092.91 949.06 389.08 1440.1 502.9 972.91 1121.76 1075.05 573.13 1444.35 1621.22 1620.59 898.43 733.51 656.93 1230.84 793.02 937.73 1385.19 1395.5 505.7 1666.7 1191.47 1063.71 1639.36 2532.11 999.61 721.58 1002.95 1119.5 1273.41 1217.56 588.07 1184.23 1232.54 915.44 476.14 1956.48 879.29 1103.8 1474.6 1466.0 1105.57 705.62 1376.96 856.57 1304.9 836.25 1393.93 429.72 1295.66 496.0 860.7 946.67 1223.65 1376.86 1040.69 2053.36 1142.93 1266.55 580.87 1258.27 1504.78 791.81 1226.76 1185.38 1233.16 1407.83 489.9 416.84 1348.13 957.53 1049.5 1367.4 1424.68 1295.71 1443.49 1118.16 1061.0 801.18 1150.93 1443.45 765.86 2066.58 1348.28 1126.81 830.08 1516.3 1655.82 1162.9 1385.44 1388.81 958.82 1529.61 1048.94 856.7 807.54 825.61 1185.84 1033.27 1061.71 1231.81 695.8 1054.49 1751.55 776.74 1613.13 833.32 1103.16 661.26 1202.56 1927.88 929.4 1106.9 1133.21 1777.43 752.53 608.24 1310.44 918.85 544.48 1407.63 1101.52 1466.02 503.89 886.88 1520.82 500.2 1826.69 1492.18 1901.26 1365.17 462.28 1406.57 1243.99 2077.19 1394.21 1411.23 1221.29 1427.88 514.59 1074.84 1553.28 1453.9 430.43 441.84 1046.1 1772.26 1249.68 1417.36 1424.74 790.67 454.9 1222.21 1661.99 
219.81 195.69 1091.34 93.52 292.08 403.11 245.58 147.29 278.49 223.24 178.27 396.01 192.25 121.31 818.66 460.71 346.46 188.12 430.85 235.34 221.08 357.59 321.69 538.86 709.86 69.99 170.92 296.69 472.16 771.51 915.54 157.83 308.17 475.73 570.8 334.5 461.01 133.64 210.61 652.06 300.15 87.9 1095.63 127.54 144.18 336.44 353.8 348.79 480.2 738.2 50.06 407.18 445.46 318.31 244.54 151.64 118.85 265.15 186.16 358.14 477.11 348.96 518.7 386.44 387.98 159.76 455.0 302.32 327.16 346.98 158.22 379.3 444.8 223.3 121.84 329.47 200.38 312.13 262.53 895.91 551.3 150.09 200.61 269.65 373.4 279.42 359.18 76.59 382.19 222.34 498.94 445.63 584.2 818.8 460.99 521.19 196.92 387.55 385.81 296.61 50.1 106.75 290.65 434.6 505.94 212.4 544.14 206.27 516.38 205.32 212.57 656.71 447.46 261.65 366.19 610.1 901.46 304.96 289.66 332.6 547.27 141.68 168.57 251.16 168.47 119.19 483.12 306.64 325.43 51.55 217.89 415.86 128.13 1611.35 328.28 1089.43 713.41 95.7 186.99 548.56 734.16 149.6 212.57 365.02 572.49 130.73 547.84 244.41 343.89 82.91 86.8 275.1 980.93 261.53 501.69 263.2 311.7 144.41 217.97 255.58 
1542.78 7364.05 7255.33 3087.09 5771.06 4964.54 4245.31 1445.41 6700.49 2014.5 4364.57 5108.79 4875.27 2365.65 6721.75 7606.09 7602.96 3992.14 3167.56 2784.67 5654.19 3465.08 4188.67 6425.97 6477.5 2028.52 7833.48 5457.35 4818.55 7696.81 12160.54 4498.06 3107.91 4514.74 5097.52 5867.05 5587.82 2440.35 5421.15 5662.72 4077.21 1880.68 9282.4 3896.44 5019.02 6873.02 6830.02 5027.86 3028.12 6384.8 3782.87 6024.52 3681.26 6469.63 1648.6 5978.3 1979.98 3803.5 4233.33 5618.27 6384.32 4703.46 9766.81 5214.67 5832.73 2404.33 5791.35 7023.92 3459.03 5633.79 5426.89 5665.8 6539.15 1949.52 1584.22 6240.65 4287.64 4747.52 6337.01 6623.4 5978.57 6717.46 5090.82 4805.02 3505.88 5254.65 6717.27 3329.3 9832.91 6241.39 5134.04 3650.4 7081.48 7779.08 5314.49 6427.2 6444.06 4294.08 7148.04 4744.7 3783.51 3537.71 3628.06 5429.18 4666.35 4808.55 5659.07 2978.99 4772.47 8257.77 3383.71 7565.63 3666.58 5015.78 2806.28 5512.8 9139.39 4147.01 5034.51 5166.05 8387.17 3262.65 2541.2 6052.19 4094.27 2222.39 6538.17 5007.59 6830.11 2019.46 3934.42 7104.08 2001.02 8633.43 6960.9 9006.28 6325.83 1811.41 6532.85 5719.94 9885.94 6471.06 6556.15 5606.46 6639.38 2072.94 4874.21 7266.4 6769.49 1652.15 1709.18 4730.52 8361.32 5748.42 6586.79 6623.72 3453.35 1774.51 5611.06 7809.94 
599.05 478.46 4956.71 -32.4 960.4 1515.56 727.9 236.47 892.44 616.19 391.36 1480.04 461.26 106.56 3593.28 1803.53 1232.28 440.6 1654.27 676.69 605.4 1287.96 1108.46 2194.28 3049.29 -150.04 354.61 983.43 1860.8 3357.56 4077.72 289.13 1040.86 1878.66 2353.99 1172.48 1805.03 168.2 553.07 2760.32 1000.75 -60.52 4978.14 137.71 220.91 1182.22 1269.01 1243.96 1901.02 3190.99 -249.68 1535.91 1727.29 1091.56 722.7 258.22 94.27 825.74 430.82 1290.68 1885.57 1244.82 2093.5 1432.2 1439.9 298.78 1775.01 1011.58 1135.79 1234.92 291.08 1396.52 1724.01 616.52 109.2 1147.36 501.9 1060.66 812.66 3979.54 2256.51 250.47 503.03 848.23 1367.02 897.11 1295.91 -117.07 1410.93 611.71 1994.71 1728.13 2421.01 3594.02 1804.93 2105.94 484.62 1437.75 1429.06 983.06 -249.49 33.74 953.23 1673.01 2029.68 562.02 2220.72 531.35 2081.9 526.6 562.84 2783.57 1737.31 808.23 1330.96 2550.52 4007.28 1024.8 948.29 1162.99 2236.37 208.39 342.86 755.79 342.33 95.93 1915.62 1033.22 1127.17 -242.23 589.47 1579.29 140.66 7556.73 1141.39 4947.13 3067.03 -21.5 434.94 2242.78 3170.78 248.0 562.87 1325.08 2362.43 153.65 2239.21 722.07 1219.44 -85.46 -66.0 875.48 4404.64 807.63 2008.44 816.01 1058.52 222.06 589.83 777.89 
171.86 133.68 128.76 112.06 91.98 163.68 157.56 81.44 73.53 136.09 125.19 115.87 61.61 74.9 65.49 69.18 192.2 123.73 105.93 108.38 175.4 108.01 77.47 84.24 95.8 135.42 127.23 77.6 79.8 136.44 87.24 60.84 147.81 125.09 91.76 92.03 64.21 115.47 61.1 166.27 78.33 125.99 189.81 61.24 85.25 92.05 67.94 117.26 71.69 114.09 167.96 95.99 116.03 114.06 72.18 132.7 159.04 73.03 93.11 130.37 92.09 129.99 78.41 152.54 115.8 132.81 102.9 145.02 112.03 93.18 125.64 81.24 101.57 151.98 134.63 163.14 124.61 62.45 60.63 118.12 90.36 159.51 90.49 80.84 106.24 91.62 137.95 85.62 138.95 64.22 91.44 128.94 130.39 117.71 79.19 63.81 61.25 60.49 62.97 74.63 109.21 117.2 127.71 61.21 149.27 93.45 61.06 113.05 131.76 128.34 72.08 135.49 61.37 118.97 143.38 86.15 75.04 71.77 135.88 125.83 92.0 121.3 126.5 123.48 82.49 131.31 127.28 158.92 60.9 126.03 121.05 192.81 111.89 150.51 85.11 119.34 130.56 146.59 127.85 127.22 142.56 80.65 128.17 114.64 119.67 122.9 122.8 92.02 117.0 125.38 180.44 95.52 124.74 91.73 77.59 181.67 108.9 84.44 90.47 144.48 
257 178 171 149 91 245 236 81 73 181 166 154 61 74 65 69 288 185 141 144 263 144 77 84 127 180 169 77 79 181 87 60 221 166 122 122 64 153 61 249 78 167 284 61 85 122 67 156 71 152 251 127 154 152 72 176 238 73 124 173 122 173 78 228 154 177 137 193 149 93 188 81 135 227 179 244 166 62 60 157 120 239 120 80 141 122 206 85 185 64 121 171 195 156 79 63 61 60 62 74 145 156 170 61 223 124 61 150 175 171 72 180 61 158 215 86 75 71 181 167 92 181 168 164 82 175 169 238 60 168 161 289 149 225 85 159 174 219 170 190 190 80 170 152 159 163 163 122 155 167 270 127 166 122 77 272 145 84 120 192 
123 1654 267 1241 779 466 487 100 1196 16 1194 1251 664 304 655 1318 1619 487 1264 147 683 467 1152 486 1487 606 794 1123 1080 1601 923 556 456 313 1574 1089 637 903 427 722 1060 1145 428 515 219 1474 1377 1636 1301 740 114 695 1404 632 1459 962 452 1259 713 1288 842 1520 915 857 651 420 1378 84 1184 1659 1655 177 973 1499 1549 682 606 625 1329 878 936 82 577 809 1622 853 1229 412 950 1401 1436 604 1522 589 398 656 335 1357 370 1408 872 742 1077 537 765 941 298 796 474 207 1393 289 396 866 133 92 282 1372 228 303 1088 927 584 775 1156 1060 88 78 655 82 1112 565 410 39 83 1137 456 1352 1361 1586 1092 617 1305 1283 1478 775 1023 1652 823 1002 922 1015 1238 784 1041 1033 935 60 1560 744 
1381 1680 1680 1409 1680 863 999 325 1680 1447 1680 1680 908 1680 1550 1658 1680 1076 1680 850 1463 1457 1607 1209 1680 1309 1680 1680 1680 1680 1148 1680 1561 672 1680 1680 1680 1680 1092 1540 1680 1446 1514 721 942 1680 1680 1680 1680 1597 339 1284 1680 1680 1680 1680 639 1680 1321 1494 1622 1680 1680 1680 1680 645 1680 481 1466 1680 1680 1053 1332 1680 1680 1680 793 1680 1680 1680 1680 805 1070 1378 1680 1680 1680 924 1405 1680 1680 982 1680 1560 948 1680 1364 1680 1648 1680 1154 1680 1680 1030 1468 1319 676 964 1637 1680 1680 686 1253 1680 607 757 966 1680 1467 662 1680 1190 1517 1680 1680 1342 677 1585 1680 1570 1680 1594 922 302 1093 1649 1236 1680 1680 1680 1680 1263 1680 1680 1680 1680 1680 1680 1680 1680 1223 1680 1425 1680 1680 1680 1680 438 1680 969 
5
0.0 0.0 0.0 0.0 0.0 
0.0 100.0 0.0 0.0 0.0 
0 100 0 0 0 70 104 93 52 119 85 83 86 92 67 46 39 87 75 115 116 35 64 87 90 62 60 91 78 87 58 60 77 102 97 115 89 76 31 65 89 95 63 121 90 78 99 70 74 71 100 94 113 93 102 64 115 36 63 108 103 72 97 65 88 84 43 94 63 66 45 107 41 81 106 77 114 95 77 83 82 42 88 93 102 82 101 51 102 85 90 42 113 75 84 91 80 101 86 88 88 88 86 120 100 59 53 95 107 59 105 103 115 131 46 116 51 108 102 63 90 98 104 80 79 80 72 72 11 70 101 40 32 103 90 48 83 73 66 80 65 73 74 57 72 36 99 41 68 94 93 90 55 53 98 108 78 104 54 100 89 98 85 117 37 
100 0 100 100 100 95 106 117 103 86 70 21 123 102 46 90 87 108 110 83 82 69 96 15 50 106 39 101 99 52 70 66 104 77 128 77 103 30 69 83 12 99 49 88 68 99 117 87 99 110 53 99 107 97 53 104 104 96 83 72 103 88 75 77 31 55 88 101 103 47 79 110 74 36 75 28 74 53 27 58 72 59 123 101 53 47 65 89 75 14 27 65 76 24 87 121 20 68 56 88 106 125 108 80 88 65 47 42 89 102 106 92 97 97 68 86 49 74 114 43 101 76 97 57 52 89 34 65 88 108 122 61 78 73 31 80 79 39 107 96 49 58 86 80 33 63 95 59 74 122 123 125 56 103 120 62 46 108 79 97 19 51 96 97 63 
0 100 0 0 0 70 104 93 52 119 85 83 86 92 67 46 39 87 75 115 116 35 64 87 90 62 60 91 78 87 58 60 77 102 97 115 89 76 31 65 89 95 63 121 90 78 99 70 74 71 100 94 113 93 102 64 115 36 63 108 103 72 97 65 88 84 43 94 63 66 45 107 41 81 106 77 114 95 77 83 82 42 88 93 102 82 101 51 102 85 90 42 113 75 84 91 80 101 86 88 88 88 86 120 100 59 53 95 107 59 105 103 115 131 46 116 51 108 102 63 90 98 104 80 79 80 72 72 11 70 101 40 32 103 90 48 83 73 66 80 65 73 74 57 72 36 99 41 68 94 93 90 55 53 98 108 78 104 54 100 89 98 85 117 37 
0 100 0 0 0 70 104 93 52 119 85 83 86 92 67 46 39 87 75 115 116 35 64 87 90 62 60 91 78 87 58 60 77 102 97 115 89 76 31 65 89 95 63 121 90 78 99 70 74 71 100 94 113 93 102 64 115 36 63 108 103 72 97 65 88 84 43 94 63 66 45 107 41 81 106 77 114 95 77 83 82 42 88 93 102 82 101 51 102 85 90 42 113 75 84 91 80 101 86 88 88 88 86 120 100 59 53 95 107 59 105 103 115 131 46 116 51 108 102 63 90 98 104 80 79 80 72 72 11 70 101 40 32 103 90 48 83 73 66 80 65 73 74 57 72 36 99 41 68 94 93 90 55 53 98 108 78 104 54 100 89 98 85 117 37 
0 100 0 0 0 70 104 93 52 119 85 83 86 92 67 46 39 87 75 115 116 35 64 87 90 62 60 91 78 87 58 60 77 102 97 115 89 76 31 65 89 95 63 121 90 78 99 70 74 71 100 94 113 93 102 64 115 36 63 108 103 72 97 65 88 84 43 94 63 66 45 107 41 81 106 77 114 95 77 83 82 42 88 93 102 82 101 51 102 85 90 42 113 75 84 91 80 101 86 88 88 88 86 120 100 59 53 95 107 59 105 103 115 131 46 116 51 108 102 63 90 98 104 80 79 80 72 72 11 70 101 40 32 103 90 48 83 73 66 80 65 73 74 57 72 36 99 41 68 94 93 90 55 53 98 108 78 104 54 100 89 98 85 117 37 
70 95 70 70 70 0 33 26 23 58 32 74 28 22 49 24 31 18 15 54 56 49 7 79 51 17 66 20 7 47 26 30 10 43 35 58 19 65 56 11 82 25 47 59 38 8 30 7 4 16 57 23 43 23 59 13 46 35 12 52 33 7 39 17 65 43 27 24 13 48 29 36 36 59 49 66 58 53 67 40 28 55 28 22 59 49 50 19 44 83 69 45 56 76 18 28 78 47 44 21 18 30 17 61 35 31 62 61 42 15 35 36 48 67 36 54 62 51 32 54 20 40 36 40 44 13 61 29 63 15 34 55 43 46 67 25 23 56 15 9 46 36 10 18 63 63 30 59 20 30 30 31 43 22 31 59 49 34 21 30 75 57 15 50 59 
104 106 104 104 104 33 0 22 56 37 36 87 37 11 67 58 64 20 36 35 38 79 41 93 55 47 88 13 26 53 52 54 29 31 34 42 15 80 86 40 95 9 67 37 38 26 17 34 30 40 56 10 10 11 57 43 14 69 41 40 3 32 32 42 74 50 60 9 44 67 61 4 66 71 36 82 44 54 83 48 35 83 35 10 56 58 44 52 33 98 78 74 41 94 23 29 95 40 49 20 18 37 22 43 19 55 86 65 22 47 1 15 21 41 65 33 87 39 11 75 13 31 11 50 54 24 78 45 96 40 21 84 75 37 75 57 28 71 44 24 65 51 31 48 80 92 11 87 42 28 30 35 67 55 22 51 61 2 52 8 86 57 19 23 88 
93 117 93 93 93 26 22 0 42 59 47 96 14 16 73 48 56 9 18 56 59 76 30 102 69 32 92 17 19 65 52 56 16 50 12 63 14 88 82 37 105 21 72 60 52 19 6 32 21 23 72 20 32 22 73 29 37 57 38 60 24 30 49 43 86 62 52 19 30 72 55 21 62 80 56 90 64 69 91 59 45 82 12 17 73 69 61 44 52 107 90 72 62 100 30 6 103 58 62 30 10 15 9 65 38 56 88 79 43 34 24 36 43 64 63 55 88 59 12 80 17 48 32 60 64 27 85 51 88 23 8 82 69 55 87 51 38 79 27 21 70 58 31 44 87 89 29 85 44 6 7 12 69 40 4 70 70 21 48 27 97 73 20 45 86 
52 103 52 52 52 23 56 42 0 81 52 82 35 44 57 13 19 37 23 77 79 42 16 87 68 10 68 43 29 64 33 38 27 66 45 81 40 73 47 26 90 48 54 83 58 30 48 28 25 19 76 46 66 47 78 13 69 16 25 74 56 28 61 31 77 59 16 47 11 56 24 58 31 70 71 74 81 71 75 57 48 51 36 45 78 63 71 14 66 90 81 42 78 81 41 39 84 68 61 45 38 36 35 84 59 38 62 77 66 8 57 60 72 91 35 77 61 74 51 60 42 62 59 56 58 36 69 44 47 18 50 51 33 68 79 22 45 65 14 33 53 49 32 24 69 56 54 54 35 42 41 39 46 1 46 79 61 56 24 54 85 75 38 74 53 
119 86 119 119 119 58 37 59 81 0 33 72 73 44 62 77 81 54 68 4 4 87 65 76 39 75 83 44 54 40 60 60 59 16 71 9 48 69 93 56 78 38 64 2 29 54 54 53 58 71 32 39 31 38 33 71 25 89 58 14 34 52 21 54 57 40 78 40 71 62 74 39 77 57 13 70 11 35 71 40 37 86 71 42 32 47 22 72 17 83 60 80 10 82 39 66 81 21 38 36 52 74 55 7 23 60 85 44 16 74 36 23 17 12 73 4 85 13 48 69 44 21 26 42 45 44 68 47 109 70 59 88 87 17 56 71 36 62 73 49 62 49 49 63 70 96 30 89 51 65 67 71 68 80 59 23 51 39 66 31 68 35 45 15 93 
85 70 85 85 85 32 36 47 52 33 0 51 57 32 32 45 49 39 46 29 30 54 38 57 21 48 54 31 33 18 27 26 38 16 60 30 33 45 60 26 59 29 34 35 5 32 46 25 34 48 25 28 39 27 27 45 37 57 27 23 32 25 11 21 39 14 46 30 45 32 41 40 44 35 20 46 29 21 47 12 4 54 56 31 27 22 18 40 16 62 43 46 27 58 17 53 59 16 14 17 37 58 39 34 20 27 54 31 24 46 36 24 33 46 40 30 54 22 43 40 31 12 28 14 18 21 42 14 75 47 52 55 54 17 39 38 9 35 48 28 31 17 22 31 44 63 25 57 18 54 55 57 36 51 50 27 25 38 33 27 50 25 27 34 60 
83 21 83 83 83 74 87 96 82 72 51 0 102 82 25 69 66 87 89 69 68 50 75 5 33 84 23 81 78 34 49 44 83 61 108 63 83 9 52 62 8 80 28 74 50 78 97 66 78 88 39 79 90 78 39 83 87 76 62 58 84 67 58 56 14 36 67 81 82 26 58 91 54 16 60 7 61 37 7 38 52 41 102 82 40 28 49 68 59 11 12 45 62 12 67 100 9 52 38 68 86 104 87 67 70 44 31 27 72 80 87 74 81 84 48 71 32 59 94 22 81 58 78 37 32 69 13 45 72 87 102 44 59 56 15 59 59 17 86 75 28 38 65 59 12 47 76 42 53 102 102 104 35 82 100 49 26 89 58 78 6 36 76 81 46 
86 123 86 86 86 28 37 14 35 73 57 102 0 29 78 45 52 18 14 70 73 74 29 108 78 25 95 29 24 74 55 59 19 62 10 76 25 94 80 40 111 34 76 73 62 24 20 36 24 16 82 33 47 35 84 24 52 51 40 72 38 35 60 46 93 70 48 32 25 77 54 36 61 87 68 95 77 78 96 67 54 82 2 30 83 77 73 41 64 112 97 71 74 105 39 8 107 69 70 41 21 1 17 78 51 59 90 88 56 29 38 49 58 78 63 69 89 71 27 83 28 60 46 67 72 35 90 57 82 18 19 82 66 67 95 50 47 84 21 28 75 64 37 45 92 88 42 85 49 10 8 4 71 34 16 81 77 35 48 41 104 82 30 60 85 
92 102 92 92 92 22 11 16 44 44 32 82 29 0 61 46 53 10 25 41 43 69 29 88 53 35 81 1 14 50 42 45 17 33 29 47 4 75 76 29 91 5 60 44 36 14 14 23 18 28 56 4 22 6 57 31 25 57 31 44 11 21 32 33 71 47 49 3 32 60 50 14 56 66 39 76 48 53 78 44 30 74 27 1 57 54 45 41 35 93 75 64 45 88 15 22 89 41 46 14 8 30 11 49 21 46 78 63 27 36 13 20 30 50 55 40 78 42 12 68 2 32 17 45 50 14 72 38 85 29 19 74 64 39 72 46 23 66 32 12 58 45 21 38 74 82 13 77 33 22 24 28 59 43 18 53 56 12 41 12 82 56 8 32 79 
67 46 67 67 67 49 67 73 57 62 32 25 78 61 0 44 43 64 64 58 58 32 50 30 24 59 21 59 54 22 24 19 59 47 84 55 60 16 36 37 33 59 4 64 34 54 74 41 53 63 35 58 72 57 36 57 70 52 37 48 64 43 42 31 22 21 42 60 57 1 34 71 31 14 48 17 53 29 18 22 31 26 78 60 36 16 40 43 46 34 25 25 53 27 45 76 29 41 23 47 63 79 64 60 53 19 22 27 56 55 68 57 66 75 24 60 23 48 73 7 59 43 60 19 16 46 12 22 55 62 79 29 38 44 24 34 38 7 61 52 3 16 42 34 13 35 57 29 29 78 79 80 12 57 77 43 12 69 32 59 28 32 53 67 33 
46 90 46 46 46 24 58 48 13 77 45 69 45 46 44 0 7 41 31 73 74 29 17 74 58 20 54 45 31 53 22 26 32 60 54 75 43 59 35 20 77 49 41 78 51 32 53 24 28 28 67 47 67 47 69 21 69 12 18 68 57 26 56 23 65 49 3 48 19 43 10 60 17 58 65 61 74 61 62 47 41 38 46 47 68 52 63 5 61 76 69 28 72 67 39 48 71 61 51 43 42 46 40 79 56 26 48 66 63 16 59 58 70 88 21 73 47 68 56 46 44 56 59 46 47 35 55 34 39 27 56 37 21 62 67 9 40 52 23 33 41 39 28 14 56 43 53 41 26 50 50 48 33 14 53 71 50 58 13 54 72 65 38 72 40 
39 87 39 39 39 31 64 56 19 81 49 66 52 53 43 7 0 48 38 77 79 23 25 72 59 27 50 51 38 55 23 26 39 65 61 79 50 57 28 25 74 55 39 83 54 39 60 30 35 35 69 54 74 54 70 28 75 9 23 72 63 32 60 27 64 51 3 55 26 41 8 67 13 57 69 58 78 63 59 49 44 32 53 53 70 53 66 12 65 73 68 23 76 63 44 55 68 65 53 48 49 53 47 83 61 26 43 66 68 23 65 64 76 93 18 78 42 71 63 44 51 61 65 47 48 41 53 37 32 34 64 32 14 66 67 10 45 50 30 40 39 40 34 18 54 37 59 35 30 58 57 56 30 19 60 74 50 65 15 60 70 67 45 77 34 
87 108 87 87 87 18 20 9 37 54 39 87 18 10 64 41 48 0 15 51 54 67 23 93 60 27 83 10 10 57 43 46 9 43 20 57 6 79 74 28 96 15 63 55 43 10 12 23 13 19 64 14 31 16 65 23 35 51 29 53 21 21 41 33 77 53 44 14 25 63 47 21 54 71 49 81 58 60 82 50 36 73 17 12 65 60 54 36 45 98 81 63 55 91 21 13 93 50 53 22 2 20 1 59 32 47 79 70 38 28 22 31 40 61 54 50 79 52 14 70 9 41 28 51 55 18 76 42 81 20 16 73 61 48 78 43 29 70 23 12 61 49 22 36 78 81 24 77 35 14 15 18 60 35 13 62 61 20 39 22 88 64 11 42 77 
75 110 75 75 75 15 36 18 23 68 46 89 14 25 64 31 38 15 0 64 67 60 15 95 66 13 80 24 14 62 41 45 8 55 23 70 21 80 66 26 98 30 62 69 52 14 25 23 12 4 72 29 46 30 74 10 51 39 27 65 37 22 52 33 81 58 35 28 12 63 40 37 47 74 61 82 70 68 83 56 43 68 15 26 73 64 64 27 56 99 85 57 68 91 30 16 94 60 59 32 17 15 14 72 45 46 76 76 51 15 37 44 55 76 49 64 75 64 29 69 24 52 42 55 59 25 76 45 70 5 26 67 53 59 82 36 37 71 9 18 61 52 25 31 78 74 38 71 36 19 18 17 57 22 23 72 64 35 34 37 91 72 22 57 71 
115 83 115 115 115 54 35 56 77 4 29 69 70 41 58 73 77 51 64 0 2 83 61 73 36 71 79 41 51 36 56 55 56 12 68 8 45 65 89 52 75 35 60 6 25 50 52 49 54 67 30 36 30 35 30 67 24 85 54 11 32 48 17 50 54 36 74 37 68 58 70 38 73 54 9 66 10 32 67 36 33 82 68 39 29 43 19 67 12 80 57 76 8 79 35 63 78 17 34 32 49 71 52 8 19 56 81 41 13 70 34 20 16 17 69 2 81 9 46 66 41 16 24 38 42 41 64 43 105 67 57 84 83 13 53 67 32 58 69 46 58 44 45 59 66 92 27 85 47 63 64 69 64 76 57 21 47 37 62 29 65 32 42 15 89 
116 82 116 116 116 56 38 59 79 4 30 68 73 43 58 74 79 54 67 2 0 84 63 72 35 73 79 43 53 36 57 56 58 14 71 5 47 65 90 54 74 38 60 6 26 53 55 51 56 70 28 39 32 37 29 69 27 87 56 10 35 51 18 51 53 36 76 40 70 58 72 41 74 53 10 66 7 31 67 36 34 83 71 42 28 43 18 69 13 79 56 76 6 78 38 66 77 17 34 34 52 74 55 5 22 57 81 40 16 72 37 23 19 16 70 4 81 9 49 66 44 18 27 39 42 43 64 44 106 69 59 84 84 13 52 69 34 58 71 48 58 45 47 61 66 92 30 86 48 65 67 71 65 78 60 19 47 40 63 32 64 31 44 18 89 
35 69 35 35 35 49 79 76 42 87 54 50 74 69 32 29 23 67 60 83 84 0 45 54 55 50 30 68 57 52 28 27 59 70 83 82 67 42 6 40 57 70 28 89 57 57 79 45 54 57 66 69 87 68 67 50 88 30 38 75 77 47 65 37 53 49 26 70 49 31 20 83 13 46 74 43 81 60 43 48 50 10 75 69 67 47 67 32 70 54 56 7 80 44 57 76 49 67 51 60 67 76 67 87 71 26 22 59 77 46 80 75 86 100 14 84 20 75 81 29 67 66 77 46 45 55 38 39 23 56 84 8 9 70 55 24 54 38 53 57 30 39 48 31 38 14 72 12 38 79 78 78 20 43 80 73 43 80 28 73 56 63 61 87 10 
64 96 64 64 64 7 41 30 16 65 38 75 29 29 50 17 25 23 15 61 63 45 0 81 55 10 65 27 14 51 26 30 14 50 38 65 25 66 51 13 84 32 47 67 43 14 35 12 10 13 63 31 51 31 64 7 53 28 12 59 40 12 46 19 68 47 21 31 7 49 25 43 32 61 55 67 65 58 68 45 33 52 30 30 64 52 56 13 51 84 72 42 63 76 25 31 79 53 48 29 24 31 22 69 43 31 60 65 50 8 42 44 56 75 34 61 60 58 38 55 27 46 43 44 47 20 62 32 57 12 39 52 38 53 70 21 30 57 11 17 46 39 16 16 63 59 38 56 23 33 33 32 42 15 35 65 51 41 19 38 77 62 22 57 56 
87 15 87 87 87 79 93 102 87 76 57 5 108 88 30 74 72 93 95 73 72 54 81 0 38 90 26 87 84 39 55 50 89 66 114 67 89 14 56 68 2 86 33 78 55 84 102 72 84 94 43 85 95 83 43 88 92 81 68 62 89 73 63 61 19 42 72 87 88 31 64 97 59 22 64 13 65 41 12 44 57 45 108 87 44 34 54 73 64 6 16 50 66 12 73 106 8 57 43 74 92 110 93 71 75 50 34 32 77 86 93 79 86 88 53 76 35 63 100 27 87 64 84 43 38 75 18 50 75 93 108 47 63 61 19 65 65 23 92 81 34 44 71 65 18 50 82 45 59 108 108 110 41 87 106 53 32 95 63 84 8 40 82 86 50 
90 50 90 90 90 51 55 69 68 39 21 33 78 53 24 58 59 60 66 36 35 55 55 38 0 66 44 52 53 4 36 32 59 27 81 31 55 29 60 42 40 50 28 41 17 53 68 43 54 67 10 49 57 48 12 63 54 68 43 25 52 44 24 36 19 8 57 51 63 25 50 60 50 18 26 30 29 4 31 10 24 51 77 52 12 8 16 54 26 44 23 48 29 43 38 74 42 19 7 38 58 79 61 36 37 32 47 9 38 63 55 41 47 52 44 38 48 26 64 31 52 25 46 12 10 42 28 23 78 66 73 53 59 23 19 49 30 22 66 49 25 19 41 44 31 60 44 54 33 75 76 79 35 67 72 19 12 58 44 47 31 7 48 48 58 
62 106 62 62 62 17 47 32 10 75 48 84 25 35 59 20 27 27 13 71 73 50 10 90 66 0 73 34 21 62 35 40 17 60 35 75 31 75 55 24 93 40 56 76 54 21 38 23 17 9 74 38 57 39 75 4 61 26 23 70 47 23 56 30 78 58 23 38 3 58 30 48 37 71 66 77 75 68 78 55 44 58 27 36 75 63 67 17 61 93 82 48 73 85 35 29 88 64 59 38 28 26 26 79 52 40 67 76 59 4 48 53 64 84 40 71 66 69 42 63 33 57 52 55 58 30 71 43 57 8 40 57 41 63 80 27 40 67 4 25 56 49 27 25 72 64 46 61 33 32 31 29 50 8 36 75 62 47 27 46 87 73 30 66 60 
60 39 60 60 60 66 88 92 68 83 54 23 95 81 21 54 50 83 80 79 79 30 65 26 44 73 0 79 73 43 40 36 77 68 102 75 80 17 30 55 28 80 21 85 55 73 94 60 71 79 53 79 93 78 54 72 92 58 54 69 86 61 64 49 32 43 52 81 71 21 43 92 37 27 69 18 74 49 17 43 53 19 95 80 55 36 60 55 67 25 33 27 73 14 66 95 19 62 44 68 82 96 83 80 74 35 8 43 78 69 89 78 88 96 32 81 9 69 93 13 79 65 82 41 37 66 16 43 49 78 99 21 39 66 34 46 60 21 75 71 23 37 61 49 14 24 78 19 48 97 97 97 23 68 96 63 32 90 46 80 29 50 73 88 23 
91 101 91 91 91 20 13 17 43 44 31 81 29 1 59 45 51 10 24 41 43 68 27 87 52 34 79 0 13 49 41 44 17 33 29 47 3 74 74 28 90 5 58 45 35 13 15 22 17 28 55 4 23 5 56 30 26 56 29 43 12 20 31 31 70 45 47 4 31 58 48 15 54 65 39 75 48 52 76 43 29 72 27 2 56 53 44 39 35 92 74 62 45 86 14 23 88 40 45 13 8 30 11 49 21 44 77 62 27 34 14 20 30 51 54 40 76 42 13 66 0 31 18 44 48 13 70 37 83 28 21 73 63 38 71 44 22 64 31 11 56 43 19 36 72 80 13 76 31 23 24 28 57 42 19 52 54 13 40 12 81 55 6 32 77 
78 99 78 78 78 7 26 19 29 54 33 78 24 14 54 31 38 10 14 51 53 57 14 84 53 21 73 13 0 49 32 36 5 41 29 56 11 70 63 18 87 18 53 55 38 0 22 12 3 16 58 17 37 17 60 17 40 42 19 51 26 11 38 23 69 45 35 17 18 53 37 28 43 63 47 71 56 54 72 43 29 62 24 15 60 52 49 26 42 88 73 52 54 81 16 22 84 46 46 18 10 26 10 59 31 37 69 63 38 21 28 31 43 63 44 50 68 49 24 60 13 38 30 43 47 11 66 33 71 16 26 63 51 45 70 33 23 60 18 4 51 40 12 25 68 70 25 66 25 24 24 26 49 28 24 58 52 27 29 25 79 58 9 45 67 
87 52 87 87 87 47 53 65 64 40 18 34 74 50 22 53 55 57 62 36 36 52 51 39 4 62 43 49 49 0 32 28 55 26 78 32 51 29 57 38 42 47 25 42 15 49 64 39 50 63 13 46 55 45 15 59 52 64 39 26 50 40 23 32 21 4 53 48 59 23 46 57 46 18 26 30 31 7 31 6 20 48 73 49 15 6 17 50 25 45 25 44 30 43 35 70 43 19 3 35 55 75 57 37 35 28 45 13 37 59 53 40 46 53 40 38 46 26 61 30 49 24 44 7 7 38 28 19 75 62 70 50 55 23 21 45 27 22 62 45 23 14 37 40 30 58 42 51 28 71 72 75 32 63 68 21 10 55 40 44 33 11 45 47 55 
58 70 58 58 58 26 52 52 33 60 27 49 55 42 24 22 23 43 41 56 57 28 26 55 36 35 40 41 32 32 0 4 36 44 62 57 41 40 34 14 58 43 21 62 32 33 54 20 31 39 45 42 59 41 47 33 60 32 14 49 50 21 39 9 43 28 21 43 33 23 15 55 17 36 47 41 56 39 42 26 23 31 55 42 47 30 43 19 43 58 47 21 54 50 29 54 53 42 29 32 42 56 43 61 43 5 36 44 49 31 53 46 58 73 13 57 36 49 54 28 40 39 49 24 25 28 36 13 48 38 59 31 26 44 45 13 26 31 36 31 20 17 21 10 37 40 44 34 10 56 56 57 16 33 56 51 28 53 9 45 52 43 34 59 36 
60 66 60 60 60 30 54 56 38 60 26 44 59 45 19 26 26 46 45 55 56 27 30 50 32 40 36 44 36 28 4 0 40 43 66 55 44 35 34 18 53 45 17 62 30 36 58 23 35 44 42 44 61 43 44 38 61 36 18 48 52 25 38 13 39 25 25 45 37 18 18 58 18 32 46 37 54 36 38 23 22 29 59 45 44 26 41 24 43 53 43 20 53 46 31 58 48 41 26 34 46 60 46 60 44 0 33 40 49 36 55 47 58 72 13 56 32 48 57 24 43 39 50 21 22 30 31 12 49 43 63 30 28 43 41 16 27 27 41 34 16 13 24 14 33 38 45 32 12 60 60 61 13 38 60 48 23 55 13 47 47 40 37 60 34 
77 104 77 77 77 10 29 16 27 59 38 83 19 17 59 32 39 9 8 56 58 59 14 89 59 17 77 17 5 55 36 40 0 46 25 61 13 75 65 21 92 22 57 60 44 6 21 17 5 11 64 21 39 22 66 14 43 41 22 56 29 15 44 28 74 51 35 21 15 58 38 30 45 68 52 76 62 60 77 48 35 65 18 19 66 58 55 27 48 93 78 55 59 86 22 18 89 52 51 24 10 20 8 64 36 41 72 69 43 18 31 36 47 68 47 55 72 55 24 65 16 44 35 48 53 17 71 38 71 11 24 66 52 51 76 35 29 65 14 10 56 45 18 28 73 73 30 69 30 20 20 20 53 26 21 64 58 29 31 29 84 64 14 49 69 
102 77 102 102 102 43 31 50 66 16 16 61 62 33 47 60 65 43 55 12 14 70 50 66 27 60 68 33 41 26 44 43 46 0 62 15 37 56 77 40 68 29 49 18 13 40 47 38 44 57 25 29 30 27 26 56 26 73 42 10 28 37 4 37 47 26 62 30 57 47 58 35 61 45 5 57 15 24 58 25 20 70 61 32 25 33 13 55 2 72 50 63 12 70 25 56 70 9 24 22 41 63 44 18 12 44 69 35 11 59 31 16 20 29 57 13 70 8 41 55 33 4 20 27 31 30 55 30 92 57 52 72 70 5 46 55 20 48 59 36 46 32 33 47 57 80 21 73 34 56 58 62 52 65 52 20 37 33 49 23 58 27 33 20 76 
97 128 97 97 97 35 34 12 45 71 60 108 10 29 84 54 61 20 23 68 71 83 38 114 81 35 102 29 29 78 62 66 25 62 0 75 26 100 89 47 117 33 82 71 64 29 16 42 30 26 84 33 42 35 86 33 48 61 48 72 36 40 61 53 98 74 58 32 34 83 62 32 70 92 68 101 77 81 102 71 57 90 8 30 85 81 74 50 64 118 102 80 74 111 42 7 114 70 74 42 22 9 20 77 50 66 98 91 55 38 35 48 55 75 71 67 97 71 23 90 29 61 44 72 76 39 96 63 92 27 12 90 76 67 99 59 50 90 31 32 81 70 42 53 98 97 41 94 55 6 5 6 79 44 11 82 82 32 56 39 109 85 32 56 94 
115 77 115 115 115 58 42 63 81 9 30 63 76 47 55 75 79 57 70 8 5 82 65 67 31 75 75 47 56 32 57 55 61 15 75 0 51 61 88 55 69 42 58 10 25 55 59 53 59 72 24 43 38 41 24 71 32 87 57 7 39 52 19 51 48 33 76 44 72 55 71 45 73 49 9 61 2 27 62 33 34 80 74 46 23 39 15 70 14 74 51 75 2 74 40 70 73 14 31 37 55 77 58 4 25 56 78 35 20 74 41 27 24 20 69 10 78 7 53 62 47 18 31 36 39 45 60 43 104 72 64 82 83 12 47 68 35 54 74 51 55 43 48 61 62 90 34 83 48 70 71 75 63 80 64 14 43 44 63 36 59 27 47 23 87 
89 103 89 89 89 19 15 14 40 48 33 83 25 4 60 43 50 6 21 45 47 67 25 89 55 31 80 3 11 51 41 44 13 37 26 51 0 75 74 27 92 9 60 48 38 11 13 22 15 24 58 8 26 9 60 27 30 53 29 47 16 19 35 31 72 48 46 7 28 60 47 17 54 67 42 77 52 55 78 45 31 72 23 5 59 55 48 38 38 94 76 62 49 88 16 19 90 44 48 16 4 26 7 53 25 45 77 65 31 32 17 24 34 55 54 44 77 45 13 67 3 35 22 46 51 14 72 38 82 25 18 73 62 42 73 43 24 66 28 10 58 45 19 35 74 80 17 76 32 20 21 25 58 39 17 56 57 15 39 16 83 59 7 36 77 
76 30 76 76 76 65 80 88 73 69 45 9 94 75 16 59 57 79 80 65 65 42 66 14 29 75 17 74 70 29 40 35 75 56 100 61 75 0 44 53 17 73 18 71 44 70 89 57 69 79 37 72 84 71 38 73 82 66 53 55 77 59 53 47 14 31 57 74 73 17 49 85 44 11 56 1 59 33 2 32 45 33 94 74 38 23 46 58 55 18 15 36 59 13 59 92 14 48 32 61 78 95 79 65 64 35 23 26 67 71 81 68 76 81 38 68 25 55 87 13 73 53 72 30 26 61 3 37 64 78 94 35 50 52 17 50 52 9 77 67 19 30 57 50 3 40 70 34 44 94 94 96 26 73 92 47 19 82 48 72 13 34 68 77 39 
31 69 31 31 31 56 86 82 47 93 60 52 80 76 36 35 28 74 66 89 90 6 51 56 60 55 30 74 63 57 34 34 65 77 89 88 74 44 0 46 58 77 32 95 64 63 86 52 60 63 71 76 94 75 72 56 94 33 45 81 84 54 72 44 56 55 31 77 55 35 26 89 19 49 80 45 87 65 45 54 57 10 81 76 72 52 73 38 76 55 59 13 86 44 63 82 49 73 57 67 74 82 73 93 78 33 22 64 83 51 87 81 92 106 21 90 20 81 87 32 74 72 83 51 50 62 41 46 19 62 90 8 14 76 59 30 60 42 59 63 34 44 55 38 40 9 78 10 45 85 85 84 25 48 87 79 48 87 34 80 58 68 68 94 6 
65 83 65 65 65 11 40 37 26 56 26 62 40 29 37 20 25 28 26 52 54 40 13 68 42 24 55 28 18 38 14 18 21 40 47 55 27 53 46 0 71 31 35 58 32 18 40 5 16 26 50 29 48 29 52 21 50 32 1 48 38 7 36 6 55 34 22 30 20 36 20 43 26 48 45 55 55 45 56 31 21 44 40 29 51 39 44 15 41 72 59 35 53 64 19 39 67 42 35 23 28 42 28 59 36 19 51 52 42 20 41 38 50 68 26 53 50 48 41 43 27 36 39 31 34 15 50 19 56 25 45 45 35 42 56 17 20 44 24 17 34 25 9 8 51 53 34 48 9 41 42 42 31 25 42 53 38 41 12 34 64 49 21 52 49 
89 12 89 89 89 82 95 105 90 78 59 8 111 91 33 77 74 96 98 75 74 57 84 2 40 93 28 90 87 42 58 53 92 68 117 69 92 17 58 71 0 88 36 80 57 87 105 75 87 97 45 88 97 86 45 91 95 83 71 64 92 76 65 64 21 44 75 90 91 34 66 100 61 24 67 16 67 43 15 47 60 47 111 90 46 36 56 76 66 6 18 52 68 14 75 109 9 59 46 77 95 113 96 73 78 53 36 34 79 89 95 82 88 90 56 78 37 65 103 30 89 66 86 45 41 78 21 53 77 96 111 50 66 64 21 67 68 26 95 84 37 46 74 68 20 52 84 47 62 111 111 113 44 90 109 55 35 97 66 87 9 42 85 88 52 
95 99 95 95 95 25 9 21 48 38 29 80 34 5 59 49 55 15 30 35 38 70 32 86 50 40 80 5 18 47 43 45 22 29 33 42 9 73 77 31 88 0 59 39 32 18 18 25 22 33 51 1 18 2 53 36 21 60 32 39 7 23 28 33 68 44 51 1 36 59 51 12 57 64 34 74 43 49 75 41 28 74 32 3 52 52 40 43 30 91 72 65 40 86 14 27 87 37 43 12 13 35 17 44 16 46 78 59 22 40 10 15 24 45 56 34 78 37 14 66 6 27 12 43 47 15 70 37 87 34 23 75 66 34 69 48 21 64 36 15 57 43 21 39 72 83 8 78 33 27 29 33 58 47 23 48 53 10 43 6 80 52 10 27 79 
63 49 63 63 63 47 67 72 54 64 34 28 76 60 4 41 39 63 62 60 60 28 47 33 28 56 21 58 53 25 21 17 57 49 82 58 60 18 32 35 36 59 0 66 35 53 73 40 52 61 38 58 72 57 40 55 71 48 35 51 65 42 44 29 26 24 39 60 54 3 30 71 26 18 50 20 56 33 21 24 32 23 76 60 40 19 42 40 48 36 29 21 55 28 45 75 31 43 26 47 62 77 63 62 54 16 20 31 58 52 68 58 67 77 20 62 21 51 72 7 58 45 61 21 18 45 14 22 51 60 78 25 33 47 28 31 38 11 58 50 2 16 40 31 15 32 57 25 27 77 77 78 8 54 76 47 15 69 29 59 31 35 53 68 29 
121 88 121 121 121 59 37 60 83 2 35 74 73 44 64 78 83 55 69 6 6 89 67 78 41 76 85 45 55 42 62 62 60 18 71 10 48 71 95 58 80 39 66 0 31 55 55 55 59 72 34 40 30 39 34 72 25 91 60 16 35 54 23 56 59 42 80 41 73 64 76 40 79 59 15 72 13 37 73 42 39 88 71 43 34 49 24 73 19 85 62 82 12 84 41 66 83 23 40 37 53 74 56 8 24 62 87 46 17 75 36 24 17 10 75 5 87 15 48 72 45 23 27 44 48 46 70 49 111 72 59 90 89 19 58 73 38 64 74 51 64 51 51 65 72 98 31 91 53 66 67 72 71 82 60 25 53 39 68 32 70 37 46 15 95 
90 68 90 90 90 38 38 52 58 29 5 50 62 36 34 51 54 43 52 25 26 57 43 55 17 54 55 35 38 15 32 30 44 13 64 25 38 44 64 32 57 32 35 31 0 38 50 31 40 53 20 32 40 30 22 51 37 63 33 17 34 31 8 27 36 13 51 33 51 34 46 42 48 33 16 45 24 17 46 11 10 57 61 34 21 21 12 46 12 61 40 50 22 58 22 57 58 10 12 21 42 63 44 29 20 31 56 27 23 52 38 24 32 42 44 26 56 17 46 41 35 9 28 14 18 26 42 18 80 53 55 58 58 12 37 44 14 35 53 33 33 19 27 36 44 66 26 60 24 58 59 62 39 57 54 21 24 40 38 29 48 20 32 33 63 
78 99 78 78 78 8 26 19 30 54 32 78 24 14 54 32 39 10 14 50 53 57 14 84 53 21 73 13 0 49 33 36 6 40 29 55 11 70 63 18 87 18 53 55 38 0 22 13 4 16 58 16 36 17 60 17 39 42 19 50 26 11 37 23 69 45 35 17 18 53 37 28 44 63 46 71 56 54 72 43 29 63 24 15 59 52 49 27 42 88 73 53 53 81 16 22 84 46 45 18 10 26 10 58 31 37 69 63 38 21 27 31 42 62 44 50 69 49 24 60 12 37 30 43 47 11 66 33 71 16 26 63 51 44 70 33 23 60 18 4 51 40 12 25 68 71 25 66 25 24 24 26 49 28 23 58 52 26 29 24 79 58 8 44 67 
99 117 99 99 99 30 17 6 48 54 46 97 20 14 74 53 60 12 25 52 55 79 35 102 68 38 94 15 22 64 54 58 21 47 16 59 13 89 86 40 105 18 73 55 50 22 0 35 25 29 70 18 26 20 71 34 31 63 41 56 19 33 46 45 85 61 56 16 36 74 59 15 66 81 52 91 60 67 92 59 45 85 18 15 71 69 59 48 49 107 90 75 58 102 29 12 103 55 61 29 12 21 12 60 34 59 91 77 39 39 18 32 38 58 66 50 90 55 6 81 15 46 28 60 64 28 86 52 93 30 5 85 74 52 86 55 37 80 34 23 72 59 33 48 88 93 25 89 46 11 13 18 71 46 5 67 70 15 51 23 97 71 20 40 89 
70 87 70 70 70 7 34 32 28 53 25 66 36 23 41 24 30 23 23 49 51 45 12 72 43 23 60 22 12 39 20 23 17 38 42 53 22 57 52 5 75 25 40 55 31 13 35 0 11 23 50 24 43 23 52 20 45 36 7 46 33 2 33 10 57 35 26 25 20 41 26 37 32 51 43 59 53 45 60 33 21 50 36 24 52 41 43 19 38 76 61 40 50 69 14 35 71 41 36 18 22 38 23 56 32 24 56 53 39 21 35 34 46 64 31 49 56 46 35 47 21 34 34 32 36 10 54 21 61 23 39 51 41 40 59 22 17 48 23 11 38 28 4 14 55 58 29 54 12 36 37 38 36 27 36 52 41 35 17 29 67 49 15 47 55 
74 99 74 74 74 4 30 21 25 58 34 78 24 18 53 28 35 13 12 54 56 54 10 84 54 17 71 17 3 50 31 35 5 44 30 59 15 69 60 16 87 22 52 59 40 4 25 11 0 13 60 21 41 21 62 13 44 38 17 53 30 10 40 22 69 46 31 21 14 52 33 32 40 63 49 71 59 55 72 44 30 60 24 19 61 53 52 23 45 88 73 50 57 80 18 23 83 49 47 21 13 26 12 62 35 35 67 64 41 17 32 35 46 67 41 53 66 52 27 59 16 40 34 43 47 13 66 33 67 13 29 60 48 47 70 30 25 60 15 8 50 40 13 23 67 68 29 64 24 25 25 26 48 24 26 60 52 30 26 28 79 60 12 48 64 
71 110 71 71 71 16 40 23 19 71 48 88 16 28 63 28 35 19 4 67 70 57 13 94 67 9 79 28 16 63 39 44 11 57 26 72 24 79 63 26 97 33 61 72 53 16 29 23 13 0 73 32 50 33 75 7 54 35 26 67 40 23 54 33 81 59 31 32 8 62 37 41 44 74 63 81 73 69 82 56 44 65 18 30 75 65 65 25 59 98 85 55 70 90 32 20 93 62 60 35 21 18 18 75 48 44 74 77 54 12 41 48 58 79 47 67 73 66 33 68 27 54 46 56 60 27 76 45 66 1 31 65 50 61 82 34 39 70 5 21 60 52 26 30 77 71 41 68 36 23 22 20 56 18 27 74 64 39 32 40 90 73 25 60 68 
100 53 100 100 100 57 56 72 76 32 25 39 82 56 35 67 69 64 72 30 28 66 63 43 10 74 53 55 58 13 45 42 64 25 84 24 58 37 71 50 45 51 38 34 20 58 70 50 60 73 0 51 55 50 1 70 51 78 51 19 52 50 24 44 24 17 67 53 70 35 60 60 60 26 22 38 22 5 39 19 29 61 81 54 1 18 12 63 23 50 27 58 22 50 42 78 49 15 15 41 62 84 65 28 37 42 57 11 36 71 55 40 44 44 54 32 58 20 65 41 55 24 45 21 21 47 37 32 89 73 75 64 69 19 23 58 35 32 73 54 36 28 47 53 39 71 45 64 41 78 79 83 45 75 74 9 23 58 54 47 35 3 52 44 68 
94 99 94 94 94 23 10 20 46 39 28 79 33 4 58 47 54 14 29 36 39 69 31 85 49 38 79 4 17 46 42 44 21 29 33 43 8 72 76 29 88 1 58 40 32 16 18 24 21 32 51 0 19 1 53 34 22 59 31 39 9 22 28 32 68 43 50 1 35 58 50 13 56 63 35 74 43 49 75 41 27 73 31 2 52 51 41 42 31 90 72 63 41 85 13 27 87 37 43 11 12 34 16 45 17 45 77 59 23 38 11 16 26 46 55 35 77 38 14 65 5 27 13 42 47 14 69 36 86 32 23 74 65 34 68 46 20 63 35 13 56 42 20 38 71 82 9 76 32 27 28 32 57 45 22 49 53 11 41 8 79 52 8 28 78 
113 107 113 113 113 43 10 32 66 31 39 90 47 22 72 67 74 31 46 30 32 87 51 95 57 57 93 23 37 55 59 61 39 30 42 38 26 84 94 48 97 18 72 30 40 36 26 43 41 50 55 19 0 20 56 53 5 79 50 38 10 41 32 50 76 53 70 19 55 72 69 10 75 73 34 85 39 54 86 51 40 90 44 21 55 61 43 62 32 101 80 81 37 97 30 39 98 39 52 26 29 47 32 38 19 62 92 65 19 58 8 15 13 32 73 27 93 36 19 80 24 31 11 53 58 33 82 51 105 51 29 91 84 35 76 66 34 75 54 33 70 56 39 57 84 99 15 94 49 37 39 44 73 65 31 49 64 11 60 14 88 57 28 15 96 
93 97 93 93 93 23 11 22 47 38 27 78 35 6 57 47 54 16 30 35 37 68 31 83 48 39 78 5 17 45 41 43 22 27 35 41 9 71 75 29 86 2 57 39 30 17 20 23 21 33 50 1 20 0 51 35 22 59 30 37 9 21 26 31 66 42 50 3 36 56 50 14 55 61 33 72 42 47 73 39 26 72 33 4 51 49 39 42 29 89 70 62 39 84 12 28 85 35 41 9 14 36 17 43 15 44 76 57 21 39 12 14 25 45 54 34 75 36 16 64 6 26 12 40 45 13 68 35 85 33 25 73 64 32 67 46 18 61 36 14 54 41 20 37 70 81 8 75 31 29 30 34 56 46 24 47 51 12 41 7 77 51 8 27 77 
102 53 102 102 102 59 57 73 78 33 27 39 84 57 36 69 70 65 74 30 29 67 64 43 12 75 54 56 60 15 47 44 66 26 86 24 60 38 72 52 45 53 40 34 22 60 71 52 62 75 1 53 56 51 0 72 52 80 53 19 54 52 25 46 25 19 69 55 72 37 62 61 62 27 22 38 21 7 39 21 31 63 83 56 0 20 13 65 24 50 27 60 22 51 44 79 49 16 17 43 64 85 66 27 38 44 58 11 37 73 57 42 45 44 56 32 59 21 67 42 56 26 46 23 22 49 38 34 91 75 77 65 71 20 24 60 36 33 75 55 37 30 49 55 40 72 46 65 42 80 81 84 47 77 76 9 24 59 55 49 35 4 54 44 70 
64 104 64 64 64 13 43 29 13 71 45 83 24 31 57 21 28 23 10 67 69 50 7 88 63 4 72 30 17 59 33 38 14 56 33 71 27 73 56 21 91 36 55 72 51 17 34 20 13 7 70 34 53 35 72 0 57 28 20 66 43 20 53 27 76 55 24 34 1 56 30 45 37 69 62 75 72 65 76 52 41 58 25 32 72 60 63 17 57 92 80 48 69 83 31 27 86 60 56 34 25 25 22 75 48 38 67 73 55 5 45 49 60 80 40 67 66 65 38 62 29 53 48 52 55 26 70 40 59 6 37 58 42 60 77 27 37 65 3 21 54 47 23 23 71 64 42 61 31 30 29 27 49 12 33 72 59 43 26 42 85 70 26 62 61 
115 104 115 115 115 46 14 37 69 25 37 87 52 25 70 69 75 35 51 24 27 88 53 92 54 61 92 26 40 52 60 61 43 26 48 32 30 82 94 50 95 21 71 25 37 39 31 45 44 54 51 22 5 22 52 57 0 81 52 33 14 43 29 50 73 51 72 22 58 70 71 16 76 71 29 83 34 51 84 49 39 90 49 24 51 59 39 64 28 98 77 81 32 95 31 44 95 35 49 27 33 52 37 32 17 62 91 62 15 61 13 13 8 27 73 22 92 31 25 78 27 28 10 51 55 34 80 50 106 55 35 91 85 31 73 67 34 73 58 36 69 54 41 58 82 99 16 93 49 43 44 49 73 68 36 44 62 16 61 15 85 53 31 9 96 
36 96 36 36 36 35 69 57 16 89 57 76 51 57 52 12 9 51 39 85 87 30 28 81 68 26 58 56 42 64 32 36 41 73 61 87 53 66 33 32 83 60 48 91 63 42 63 36 38 35 78 59 79 59 80 28 81 0 30 80 68 37 68 35 74 60 11 59 27 51 18 71 22 66 77 68 86 72 68 58 52 40 52 58 79 62 75 17 73 82 77 31 85 72 51 55 76 73 62 55 52 52 50 91 68 36 51 76 75 23 70 70 82 100 27 85 50 80 66 53 55 68 70 57 58 46 62 46 31 34 65 38 20 74 76 19 52 60 30 45 49 49 40 26 63 42 65 42 38 58 57 55 40 17 62 83 59 69 24 65 80 76 50 84 40 
63 83 63 63 63 12 41 38 25 58 27 62 40 31 37 18 23 29 27 54 56 38 12 68 43 23 54 29 19 39 14 18 22 42 48 57 29 53 45 1 71 32 35 60 33 19 41 7 17 26 51 31 50 30 53 20 52 30 0 50 40 9 37 7 55 35 20 32 20 36 19 45 25 48 47 55 56 46 56 32 23 43 41 31 53 39 46 13 43 71 59 33 54 64 20 40 67 44 36 24 29 42 29 61 37 19 50 52 44 20 43 40 52 69 24 54 49 49 42 42 29 38 41 31 34 17 49 20 54 25 46 44 33 44 57 15 21 44 24 18 34 26 10 6 51 51 35 47 10 42 42 43 31 24 43 54 38 42 10 36 64 50 23 54 48 
108 72 108 108 108 52 40 60 74 14 23 58 72 44 48 68 72 53 65 11 10 75 59 62 25 70 69 43 51 26 49 48 56 10 72 7 47 55 81 48 64 39 51 16 17 50 56 46 53 67 19 39 38 37 19 66 33 80 50 0 37 46 13 45 43 26 69 40 66 48 64 44 66 43 4 55 6 21 56 26 27 73 71 42 19 32 8 63 8 69 46 67 4 68 34 66 67 7 24 32 51 73 54 11 22 49 71 30 19 68 40 25 25 26 62 13 71 1 51 55 43 12 29 29 32 39 54 36 97 67 62 75 76 6 42 61 29 48 68 46 48 36 42 54 56 83 31 76 41 66 68 72 56 74 61 11 37 43 56 33 54 21 42 25 80 
103 103 103 103 103 33 3 24 56 34 32 84 38 11 64 57 63 21 37 32 35 77 40 89 52 47 86 12 26 50 50 52 29 28 36 39 16 77 84 38 92 7 65 35 34 26 19 33 30 40 52 9 10 9 54 43 14 68 40 37 0 31 28 40 71 47 59 8 44 64 59 7 65 68 33 79 41 51 80 45 32 81 36 10 53 55 41 51 30 95 75 72 38 91 20 31 92 37 46 17 19 39 23 41 15 52 84 61 19 47 3 12 19 39 63 30 84 36 13 72 13 28 8 47 51 22 75 42 95 41 24 82 74 33 72 55 26 68 44 23 62 48 29 47 77 90 8 84 39 30 32 37 64 54 25 48 58 5 50 5 83 54 18 21 86 
72 88 72 72 72 7 32 30 28 52 25 67 35 21 43 26 32 21 22 48 51 47 12 73 44 23 61 20 11 40 21 25 15 37 40 52 19 59 54 7 76 23 42 54 31 11 33 2 10 23 50 22 41 21 52 20 43 37 9 46 31 0 33 12 58 36 28 23 20 42 28 35 34 52 42 60 52 46 61 33 21 52 34 22 52 42 43 20 38 77 63 42 50 70 13 33 73 41 36 17 20 36 21 56 30 26 58 54 37 21 33 32 44 63 34 48 58 45 33 49 19 33 32 33 37 9 55 22 63 22 37 53 43 40 60 24 17 49 22 9 40 29 3 16 57 60 27 56 14 35 35 36 38 27 34 52 42 33 19 28 69 50 13 46 57 
97 75 97 97 97 39 32 49 61 21 11 58 60 32 42 56 60 41 52 17 18 65 46 63 24 56 64 31 38 23 39 38 44 4 61 19 35 53 72 36 65 28 44 23 8 37 46 33 40 54 24 28 32 26 25 53 29 68 37 13 28 33 0 33 44 22 57 29 53 43 53 36 56 41 9 54 19 22 55 20 15 65 59 31 24 29 12 51 5 69 47 58 16 66 21 55 66 9 20 19 39 61 42 23 13 39 65 33 14 55 31 17 23 34 52 18 65 12 41 50 32 0 21 23 27 26 51 26 87 54 51 67 65 7 44 50 16 44 55 33 42 28 29 42 53 75 21 69 30 55 56 60 48 61 51 21 33 34 44 23 56 25 30 24 72 
65 77 65 65 65 17 42 43 31 54 21 56 46 33 31 23 27 33 33 50 51 37 19 61 36 30 49 31 23 32 9 13 28 37 53 51 31 47 44 6 64 33 29 56 27 23 45 10 22 33 44 32 50 31 46 27 50 35 7 45 40 12 33 0 48 28 24 33 27 30 20 46 25 41 42 48 51 39 49 25 17 41 46 32 46 32 40 18 38 65 52 31 49 58 19 45 61 38 29 23 33 48 33 56 35 13 46 45 41 27 43 38 50 66 23 50 45 44 44 37 30 33 39 24 27 18 43 13 56 32 49 41 34 39 50 17 18 38 31 21 28 19 12 9 45 49 34 44 3 47 47 48 26 31 47 48 31 43 11 36 57 43 24 51 46 
88 31 88 88 88 65 74 86 77 57 39 14 93 71 22 65 64 77 81 54 53 53 68 19 19 78 32 70 69 21 43 39 74 47 98 48 72 14 56 55 21 68 26 59 36 69 85 57 69 81 24 68 76 66 25 76 73 74 55 43 71 58 44 48 0 24 64 69 75 23 56 79 52 7 45 14 46 22 15 26 40 46 93 70 25 16 35 63 45 25 4 46 47 26 56 90 24 38 25 56 75 95 77 53 56 39 37 13 58 74 74 61 67 69 46 56 39 44 82 24 70 45 65 26 21 58 16 35 76 80 91 48 60 42 2 55 48 14 79 65 25 29 56 53 17 54 63 47 45 92 92 95 34 77 89 34 16 76 53 66 11 21 65 67 52 
84 55 84 84 84 43 50 62 59 40 14 36 70 47 21 49 51 53 58 36 36 49 47 42 8 58 43 45 45 4 28 25 51 26 74 33 48 31 55 34 44 44 24 42 13 45 61 35 46 59 17 43 53 42 19 55 51 60 35 26 47 36 22 28 24 0 49 45 55 22 43 55 43 20 26 32 32 11 33 2 16 47 69 46 19 8 18 46 24 48 28 42 31 44 31 67 44 19 2 32 51 71 53 38 33 25 44 17 36 55 50 37 45 53 37 38 45 27 58 29 45 22 42 3 5 35 29 15 72 58 66 48 52 23 25 41 23 22 58 41 21 11 33 36 31 56 39 50 24 68 69 71 29 59 65 23 11 52 36 42 35 15 41 46 53 
43 88 43 43 43 27 60 52 16 78 46 67 48 49 42 3 3 44 35 74 76 26 21 72 57 23 52 47 35 53 21 25 35 62 58 76 46 57 31 22 75 51 39 80 51 35 56 26 31 31 67 50 70 50 69 24 72 11 20 69 59 28 57 24 64 49 0 51 23 41 8 63 14 56 66 59 75 61 60 47 41 35 50 49 68 51 64 8 62 74 68 25 74 65 41 51 69 62 51 45 45 50 43 80 58 25 45 65 65 19 62 60 72 90 19 75 44 69 59 44 47 58 61 45 47 37 53 35 36 30 60 34 18 63 66 8 42 50 27 36 39 38 31 15 54 40 55 38 27 54 53 52 31 17 56 72 49 61 13 56 71 65 41 74 37 
94 101 94 94 94 24 9 19 47 40 30 81 32 3 60 48 55 14 28 37 40 70 31 87 51 38 81 4 17 48 43 45 21 30 32 44 7 74 77 30 90 1 60 41 33 17 16 25 21 32 53 1 19 3 55 34 22 59 32 40 8 23 29 33 69 45 51 0 35 59 51 12 57 65 36 75 45 50 77 43 29 74 30 2 54 53 42 43 32 92 73 65 42 87 14 26 88 38 44 13 11 33 15 46 18 46 78 61 24 38 10 17 26 47 56 36 78 39 13 67 4 29 14 44 48 15 71 38 87 32 22 75 66 35 70 47 22 65 35 14 58 44 21 39 73 83 10 78 33 26 27 31 59 46 21 50 55 10 42 8 81 54 9 28 79 
63 103 63 63 63 13 44 30 11 71 45 82 25 32 57 19 26 25 12 68 70 49 7 88 63 3 71 31 18 59 33 37 15 57 34 72 28 73 55 20 91 36 54 73 51 18 36 20 14 8 70 35 55 36 72 1 58 27 20 66 44 20 53 27 75 55 23 35 0 56 29 46 36 68 62 74 72 65 75 52 41 57 26 33 72 60 63 16 58 91 79 47 70 83 32 28 86 61 56 35 26 26 23 75 49 38 66 73 56 3 46 49 61 81 39 67 65 65 39 61 31 53 48 51 55 27 69 40 58 7 38 57 41 60 77 26 37 64 4 22 53 46 23 22 70 63 43 60 30 31 30 29 48 10 35 72 59 44 25 43 84 70 27 63 60 
66 47 66 66 66 48 67 72 56 62 32 26 77 60 1 43 41 63 63 58 58 31 49 31 25 58 21 58 53 23 23 18 58 47 83 55 60 17 35 36 34 59 3 64 34 53 74 41 52 62 35 58 72 56 37 56 70 51 36 48 64 42 43 30 23 22 41 59 56 0 33 71 29 15 48 18 54 30 19 22 31 25 77 59 37 17 40 42 46 35 26 24 53 28 44 76 30 41 24 47 62 78 63 60 52 18 22 28 56 54 67 57 66 75 23 60 23 49 72 7 58 43 60 19 16 45 13 21 54 61 79 28 36 45 25 33 38 8 60 51 2 15 41 33 14 35 56 28 28 77 78 79 11 56 76 44 12 69 31 59 29 33 53 67 32 
45 79 45 45 45 29 61 55 24 74 41 58 54 50 34 10 8 47 40 70 72 20 25 64 50 30 43 48 37 46 15 18 38 58 62 71 47 49 26 20 66 51 30 76 46 37 59 26 33 37 60 50 69 50 62 30 71 18 19 64 59 28 53 20 56 43 8 51 29 33 0 64 7 48 62 50 70 54 51 41 37 28 55 50 62 44 58 12 58 65 59 18 69 56 39 56 60 57 44 43 47 55 46 76 55 17 37 58 62 26 62 58 70 86 11 71 36 64 61 36 48 53 60 39 40 36 45 28 35 36 63 27 14 58 58 3 38 42 33 37 31 31 30 12 46 34 54 31 23 58 58 57 22 24 60 66 41 61 9 55 62 58 42 72 31 
107 110 107 107 107 36 4 21 58 39 40 91 36 14 71 60 67 21 37 38 41 83 43 97 60 48 92 15 28 57 55 58 30 35 32 45 17 85 89 43 100 12 71 40 42 28 15 37 32 41 60 13 10 14 61 45 16 71 45 44 7 35 36 46 79 55 63 12 46 71 64 0 70 75 40 86 47 58 87 52 40 87 34 13 60 63 48 55 37 102 83 77 44 98 26 28 99 44 54 24 20 36 23 46 23 59 90 69 25 49 4 19 23 43 69 36 90 42 9 79 16 35 14 54 59 27 82 49 99 41 19 87 79 40 79 60 33 75 45 26 69 55 34 51 84 95 15 90 45 27 28 34 71 57 20 55 65 2 55 13 90 61 22 25 92 
41 74 41 41 41 36 66 62 31 77 44 54 61 56 31 17 13 54 47 73 74 13 32 59 50 37 37 54 43 46 17 18 45 61 70 73 54 44 19 26 61 57 26 79 48 44 66 32 40 44 60 56 75 55 62 37 76 22 25 66 65 34 56 25 52 43 14 57 36 29 7 70 0 45 64 46 72 54 46 41 40 21 62 56 62 42 60 19 60 60 56 10 71 50 44 63 54 59 45 48 54 63 53 78 60 17 30 56 66 33 68 63 75 90 6 74 29 66 67 31 54 56 65 39 39 42 40 30 31 43 70 20 9 61 55 10 42 38 40 44 27 31 35 18 41 27 59 24 26 65 65 64 18 31 67 66 39 67 14 61 58 58 48 76 23 
81 36 81 81 81 59 71 80 70 57 35 16 87 66 14 58 57 71 74 54 53 46 61 22 18 71 27 65 63 18 36 32 68 45 92 49 67 11 49 48 24 64 18 59 33 63 81 51 63 74 26 63 73 61 27 69 71 66 48 43 68 52 41 41 7 20 56 65 68 15 48 75 45 0 44 12 47 22 13 22 35 39 87 65 27 12 35 56 43 27 11 39 47 24 51 85 24 37 21 52 70 89 72 54 54 31 32 16 56 67 71 58 65 70 39 56 33 44 78 17 65 42 62 21 16 53 11 29 69 73 86 41 52 41 10 48 43 7 72 59 17 22 50 46 13 47 60 41 38 86 87 89 27 70 84 36 10 73 45 62 16 23 60 65 45 
106 75 106 106 106 49 36 56 71 13 20 60 68 39 48 65 69 49 61 9 10 74 55 64 26 66 69 39 47 26 47 46 52 5 68 9 42 56 80 45 67 34 50 15 16 46 52 43 49 63 22 35 34 33 22 62 29 77 47 4 33 42 9 42 45 26 66 36 62 48 62 40 64 44 0 57 9 23 58 26 25 72 66 38 22 33 10 60 4 71 48 66 7 69 30 62 69 7 24 28 47 69 50 13 17 47 71 33 14 64 35 20 22 26 60 11 71 2 47 56 39 9 25 29 32 36 55 34 96 63 57 74 74 3 45 59 25 48 64 42 48 35 39 51 57 82 26 76 39 62 63 67 55 70 57 15 37 38 54 28 57 24 38 22 79 
77 28 77 77 77 66 82 90 74 70 46 7 95 76 17 61 58 81 82 66 66 43 67 13 30 77 18 75 71 30 41 37 76 57 101 61 77 1 45 55 16 74 20 72 45 71 91 59 71 81 38 74 85 72 38 75 83 68 55 55 79 60 54 48 14 32 59 75 74 18 50 86 46 12 57 0 59 34 1 33 46 34 95 76 39 24 47 60 56 17 15 37 60 12 61 94 12 49 33 62 79 97 81 66 65 36 24 27 68 73 82 70 77 82 40 68 26 56 88 14 75 54 74 32 27 63 5 38 65 80 96 36 51 53 16 51 53 10 78 68 21 31 59 51 5 41 71 35 46 95 96 97 28 74 94 48 21 84 50 73 12 35 70 78 40 
114 74 114 114 114 58 44 64 81 11 29 61 77 48 53 74 78 58 70 10 7 81 65 65 29 75 74 48 56 31 56 54 62 15 77 2 52 59 87 55 67 43 56 13 24 56 60 53 59 73 22 43 39 42 21 72 34 86 56 6 41 52 19 51 46 32 75 45 72 54 70 47 72 47 9 59 0 25 60 32 33 79 75 46 21 37 13 70 14 72 49 74 2 72 40 71 71 13 30 37 56 78 59 6 26 55 76 33 21 74 43 28 26 22 68 12 77 6 55 61 48 18 32 35 37 45 58 42 103 72 65 81 82 12 45 68 35 52 74 51 54 42 48 60 60 88 35 82 48 71 72 76 61 80 65 12 42 46 62 37 57 25 48 25 86 
95 53 95 95 95 53 54 69 71 35 21 37 78 53 29 61 63 60 68 32 31 60 58 41 4 68 49 52 54 7 39 36 60 24 81 27 55 33 65 45 43 49 33 37 17 54 67 45 55 69 5 49 54 47 7 65 51 72 46 21 51 46 22 39 22 11 61 50 65 30 54 58 54 22 23 34 25 0 35 13 24 56 77 51 7 13 12 57 22 48 25 52 25 47 39 74 46 15 10 38 58 80 61 31 35 36 52 10 36 65 54 39 44 47 48 34 52 22 63 36 52 23 44 15 15 43 33 26 83 68 72 58 63 20 22 52 31 27 68 50 30 22 42 47 35 65 43 59 35 75 76 79 39 70 71 14 17 56 48 45 34 4 48 44 63 
77 27 77 77 77 67 83 91 75 71 47 7 96 78 18 62 59 82 83 67 67 43 68 12 31 78 17 76 72 31 42 38 77 58 102 62 78 2 45 56 15 75 21 73 46 72 92 60 72 82 39 75 86 73 39 76 84 68 56 56 80 61 55 49 15 33 60 77 75 19 51 87 46 13 58 1 60 35 0 35 47 34 96 77 40 25 48 61 57 15 15 38 61 11 62 95 11 50 34 63 81 98 82 67 66 37 24 28 69 74 83 71 78 83 41 69 26 57 89 15 76 55 75 33 28 64 6 39 65 81 97 37 51 54 17 52 54 12 79 69 21 32 60 52 5 41 72 35 47 96 97 98 28 75 95 48 22 85 51 74 12 36 71 79 40 
83 58 83 83 83 40 48 59 57 40 12 38 67 44 22 47 49 50 56 36 36 48 45 44 10 55 43 43 43 6 26 23 48 25 71 33 45 32 54 31 47 41 24 42 11 43 59 33 44 56 19 41 51 39 21 52 49 58 32 26 45 33 20 25 26 2 47 43 52 22 41 52 41 22 26 33 32 13 35 0 14 46 67 43 21 10 19 44 23 50 30 41 31 46 29 64 46 19 3 30 49 69 51 38 31 23 44 20 34 52 48 36 44 53 36 37 45 27 56 30 43 21 40 2 6 32 30 13 71 56 64 48 51 22 27 39 21 23 55 39 21 10 30 33 32 56 37 49 22 65 66 68 29 57 62 25 12 50 34 39 38 17 39 45 53 
82 72 82 82 82 28 35 45 48 37 4 52 54 30 31 41 44 36 43 33 34 50 33 57 24 44 53 29 29 20 23 22 35 20 57 34 31 45 57 21 60 28 32 39 10 29 45 21 30 44 29 27 40 26 31 41 39 52 23 27 32 21 15 17 40 16 41 29 41 31 37 40 40 35 25 46 33 24 47 14 0 51 53 29 30 24 23 36 20 63 44 43 32 58 15 50 59 20 16 16 35 55 37 38 21 23 52 33 26 42 36 25 36 49 36 34 52 27 42 39 29 16 29 14 19 18 42 11 71 43 50 52 50 21 41 34 7 35 44 25 30 15 18 26 44 60 25 54 14 51 52 55 33 47 48 31 25 37 29 27 52 29 25 37 57 
42 59 42 42 42 55 83 82 51 86 54 41 82 74 26 38 32 73 68 82 83 10 52 45 51 58 19 72 62 48 31 29 65 70 90 80 72 33 10 44 47 74 23 88 57 63 85 50 60 65 61 73 90 72 63 58 90 40 43 73 81 52 65 41 46 47 35 74 57 25 28 87 21 39 72 34 79 56 34 46 51 0 83 74 63 43 65 40 69 44 48 10 78 34 60 83 39 66 49 63 73 83 73 85 73 28 11 54 78 54 84 76 87 99 18 83 10 73 85 21 71 66 79 43 41 59 30 40 30 64 89 2 20 69 48 31 56 31 61 62 25 37 52 37 29 9 74 3 41 85 85 85 17 52 86 70 38 84 33 76 47 59 65 88 6 
88 123 88 88 88 28 35 12 36 71 56 102 2 27 78 46 53 17 15 68 71 75 30 108 77 27 95 27 24 73 55 59 18 61 8 74 23 94 81 40 111 32 76 71 61 24 18 36 24 18 81 31 44 33 83 25 49 52 41 71 36 34 59 46 93 69 50 30 26 77 55 34 62 87 66 95 75 77 96 67 53 83 0 28 82 76 71 42 62 112 97 72 73 105 38 5 107 68 69 39 19 2 16 77 49 60 90 87 55 30 36 47 56 76 64 67 90 69 25 83 27 59 44 67 71 34 90 57 84 19 17 82 68 65 94 51 46 84 23 27 75 64 36 46 92 89 41 86 49 7 6 2 72 35 14 80 77 33 49 39 103 81 29 58 86 
93 101 93 93 93 22 10 17 45 42 31 82 30 1 60 47 53 12 26 39 42 69 30 87 52 36 80 2 15 49 42 45 19 32 30 46 5 74 76 29 90 3 60 43 34 15 15 24 19 30 54 2 21 4 56 32 24 58 31 42 10 22 31 32 70 46 49 2 33 59 50 13 56 65 38 76 46 51 77 43 29 74 28 0 55 53 43 41 34 93 74 64 44 87 15 24 89 40 45 13 9 31 13 48 20 46 78 62 26 37 12 19 28 49 55 38 78 41 12 67 2 30 16 44 49 14 71 38 85 30 21 74 65 37 71 46 22 65 33 13 58 44 21 38 73 82 12 77 33 24 25 29 58 44 19 52 55 11 41 10 81 55 8 30 79 
102 53 102 102 102 59 56 73 78 32 27 40 83 57 36 68 70 65 73 29 28 67 64 44 12 75 55 56 60 15 47 44 66 25 85 23 59 38 72 51 46 52 40 34 21 59 71 52 61 75 1 52 55 51 0 72 51 79 53 19 53 52 24 46 25 19 68 54 72 37 62 60 62 27 22 39 21 7 40 21 30 63 82 55 0 20 12 64 23 51 28 60 22 51 44 79 49 16 17 43 63 85 66 27 37 44 58 12 36 72 56 41 44 44 56 32 59 20 66 43 56 25 46 23 22 48 38 34 91 74 76 65 71 20 24 60 36 33 75 55 38 30 49 54 40 72 45 66 42 79 80 84 47 77 75 8 24 59 55 48 36 4 53 44 70 
82 47 82 82 82 49 58 69 63 47 22 28 77 54 16 52 53 60 64 43 43 47 52 34 8 63 36 53 52 6 30 26 58 33 81 39 55 23 52 39 36 52 19 49 21 52 69 41 53 65 18 51 61 49 20 60 59 62 39 32 55 42 29 32 16 8 51 53 60 17 44 63 42 12 33 24 37 13 25 10 24 43 76 53 20 0 24 49 32 39 20 40 37 36 39 74 36 26 9 40 59 78 60 44 41 26 38 13 44 59 59 46 53 59 37 45 39 33 66 23 53 30 50 9 5 42 21 19 70 64 74 45 51 30 17 43 31 15 63 48 17 13 39 39 23 52 47 45 29 75 76 78 27 63 73 27 4 60 39 50 27 16 49 54 49 
101 65 101 101 101 50 44 61 71 22 18 49 73 45 40 63 66 54 64 19 18 67 56 54 16 67 60 44 49 17 43 41 55 13 74 15 48 46 73 44 56 40 42 24 12 49 59 43 52 65 12 41 43 39 13 63 39 75 46 8 41 43 12 40 35 18 64 42 63 40 58 48 60 35 10 47 13 12 48 19 23 65 71 43 12 24 0 59 11 61 38 60 13 59 33 67 59 3 16 31 52 74 55 19 25 42 62 22 24 64 43 28 32 35 55 21 63 9 54 47 44 13 33 21 23 38 45 29 90 65 64 67 69 7 34 56 26 39 66 45 40 28 40 49 47 75 33 68 36 68 69 73 48 70 63 8 28 46 51 36 46 14 42 32 72 
51 89 51 51 51 19 52 44 14 72 40 68 41 41 43 5 12 36 27 67 69 32 13 73 54 17 55 39 26 50 19 24 27 55 50 70 38 58 38 15 76 43 40 73 46 27 48 19 23 25 63 42 62 42 65 17 64 17 13 63 51 20 51 18 63 46 8 43 16 42 12 55 19 56 60 60 70 57 61 44 36 40 42 41 64 49 59 0 56 76 67 30 68 67 33 44 71 57 47 37 37 43 35 74 50 24 49 63 57 13 53 53 65 83 22 68 48 63 51 46 39 51 53 42 44 29 54 31 44 23 52 40 25 57 65 9 35 50 20 28 39 35 23 10 55 46 48 43 22 46 46 45 33 14 48 67 47 53 10 48 71 61 33 66 43 
102 75 102 102 102 44 33 52 66 17 16 59 64 35 46 61 65 45 56 12 13 70 51 64 26 61 67 35 42 25 43 43 48 2 64 14 38 55 76 41 66 30 48 19 12 42 49 38 45 59 23 31 32 29 24 57 28 73 43 8 30 38 5 38 45 24 62 32 58 46 58 37 60 43 4 56 14 22 57 23 20 69 62 34 23 32 11 56 0 70 48 63 11 68 26 58 68 7 22 23 43 65 46 18 14 43 68 33 13 60 33 18 21 29 56 14 69 7 43 54 35 4 22 26 30 31 53 30 92 58 54 71 70 3 45 55 21 47 60 37 45 32 34 47 55 79 23 73 35 58 60 63 52 66 53 18 35 35 49 25 57 25 34 22 76 
85 14 85 85 85 83 98 107 90 83 62 11 112 93 34 76 73 98 99 80 79 54 84 6 44 93 25 92 88 45 58 53 93 72 118 74 94 18 55 72 6 91 36 85 61 88 107 76 88 98 50 90 101 89 50 92 98 82 71 69 95 77 69 65 25 48 74 92 91 35 65 102 60 27 71 17 72 48 15 50 63 44 112 93 51 39 61 76 70 0 23 50 73 10 78 111 5 63 49 79 96 114 98 78 81 53 33 38 83 89 98 85 92 95 55 82 34 70 105 29 92 70 90 48 43 80 22 55 74 97 113 46 63 68 26 67 70 27 95 85 37 48 76 68 20 48 87 44 63 112 113 114 43 90 111 59 37 100 66 90 14 47 87 92 48 
90 27 90 90 90 69 78 90 81 60 43 12 97 75 25 69 68 81 85 57 56 56 72 16 23 82 33 74 73 25 47 43 78 50 102 51 76 15 59 59 18 72 29 62 40 73 90 61 73 85 27 72 80 70 27 80 77 77 59 46 75 63 47 52 4 28 68 73 79 26 59 83 56 11 48 15 49 25 15 30 44 48 97 74 28 20 38 67 48 23 0 49 50 25 60 95 22 41 29 60 80 99 81 55 60 43 39 15 61 78 78 64 70 72 50 59 40 47 86 26 74 48 69 30 25 63 18 40 78 84 95 50 63 45 3 59 52 17 83 69 28 33 60 57 19 55 67 49 49 96 97 99 38 81 93 36 20 80 56 70 8 24 69 70 54 
42 65 42 42 42 45 74 72 42 80 46 45 71 64 25 28 23 63 57 76 76 7 42 50 48 48 27 62 52 44 21 20 55 63 80 75 62 36 13 35 52 65 21 82 50 53 75 40 50 55 58 63 81 62 60 48 81 31 33 67 72 42 58 31 46 42 25 65 47 24 18 77 10 39 66 37 74 52 38 41 43 10 72 64 60 40 60 30 63 50 49 0 72 40 51 73 45 60 44 54 63 73 62 79 65 20 19 52 70 44 75 68 79 93 8 77 18 68 76 23 62 59 70 38 37 49 32 32 30 54 79 10 13 63 49 21 47 32 51 52 22 31 43 27 32 18 66 13 32 75 75 75 13 42 76 66 36 75 23 67 50 56 56 81 14 
113 76 113 113 113 56 41 62 78 10 27 62 74 45 53 72 76 55 68 8 6 80 63 66 29 73 73 45 54 30 54 53 59 12 74 2 49 59 86 53 68 40 55 12 22 53 58 50 57 70 22 41 37 39 22 69 32 85 54 4 38 50 16 49 47 31 74 42 70 53 69 44 71 47 7 60 2 25 61 31 32 78 73 44 22 37 13 68 11 73 50 72 0 72 38 68 71 12 29 35 53 76 57 6 23 53 76 34 19 71 40 26 24 22 66 10 76 4 52 60 46 16 30 34 37 43 58 40 102 70 63 80 81 10 46 66 33 52 71 49 53 41 46 58 60 88 32 81 46 68 69 74 60 78 63 13 41 43 61 34 58 25 45 23 85 
75 24 75 75 75 76 94 100 81 82 58 12 105 88 27 67 63 91 91 79 78 44 76 12 43 85 14 86 81 43 50 46 86 70 111 74 88 13 44 64 14 86 28 84 58 81 102 69 80 90 50 85 97 84 51 83 95 72 64 68 91 70 66 58 26 44 65 87 83 28 56 98 50 24 69 12 72 47 11 46 58 34 105 87 51 36 59 67 68 10 25 40 72 0 72 104 5 62 46 74 90 106 91 78 78 45 22 39 80 80 94 82 90 95 45 81 24 69 100 21 86 67 86 44 39 73 15 49 63 89 107 36 53 66 27 58 65 22 87 79 30 43 69 60 13 38 83 34 56 105 106 107 34 81 104 60 33 96 57 85 18 47 81 90 38 
84 87 84 84 84 18 23 30 41 39 17 67 39 15 45 39 44 21 30 35 38 57 25 73 38 35 66 14 16 35 29 31 22 25 42 40 16 59 63 19 75 14 45 41 22 16 29 14 18 32 42 13 30 12 44 31 31 51 20 34 20 13 21 19 56 31 41 14 32 44 39 26 44 51 30 61 40 39 62 29 15 60 38 15 44 39 33 33 26 78 60 51 38 72 0 35 74 30 31 3 19 41 22 43 17 32 64 48 24 34 23 19 31 49 42 35 63 33 27 52 14 22 20 30 34 5 56 23 75 32 35 61 54 28 57 36 8 50 33 11 43 29 10 27 58 69 15 64 19 36 37 40 44 40 33 42 40 24 30 16 67 43 9 33 65 
91 121 91 91 91 28 29 6 39 66 53 100 8 22 76 48 55 13 16 63 66 76 31 106 74 29 95 23 22 70 54 58 18 56 7 70 19 92 82 39 109 27 75 66 57 22 12 35 23 20 78 27 39 28 79 27 44 55 40 66 31 33 55 45 90 67 51 26 28 76 56 28 63 85 62 94 71 74 95 64 50 83 5 24 79 74 67 44 58 111 95 73 68 104 35 0 106 64 67 36 15 8 13 72 44 59 90 84 50 32 31 42 50 71 64 62 90 65 19 83 22 54 39 64 69 31 89 55 87 21 11 83 69 61 92 52 43 83 25 25 73 62 35 46 90 90 36 87 47 2 2 5 71 38 8 76 74 28 49 34 101 78 25 52 87 
80 20 80 80 80 78 95 103 84 81 59 9 107 89 29 71 68 93 94 78 77 49 79 8 42 88 19 88 84 43 53 48 89 70 114 73 90 14 49 67 9 87 31 83 58 84 103 71 83 93 49 87 98 85 49 86 95 76 67 67 92 73 66 61 24 44 69 88 86 30 60 99 54 24 69 12 71 46 11 46 59 39 107 89 49 36 59 71 68 5 22 45 71 5 74 106 0 61 46 75 92 109 93 77 78 48 27 37 80 84 95 82 90 93 49 80 29 68 101 24 88 67 87 45 40 75 17 51 68 92 109 41 58 65 25 61 66 23 90 81 32 44 71 63 15 43 84 39 58 108 108 109 37 85 106 58 34 97 61 86 15 46 82 90 43 
101 68 101 101 101 47 40 58 68 21 16 52 69 41 41 61 65 50 60 17 17 67 53 57 19 64 62 40 46 19 42 41 52 9 70 14 44 48 73 42 59 37 43 23 10 46 55 41 49 62 15 37 39 35 16 60 35 73 44 7 37 41 9 38 38 19 62 38 61 41 57 44 59 37 7 49 13 15 50 19 20 66 68 40 16 26 3 57 7 63 41 60 12 62 30 64 61 0 17 28 48 70 51 19 21 41 63 26 20 62 40 25 29 33 54 19 64 7 50 48 41 9 29 22 24 35 47 28 90 62 60 67 69 4 37 54 23 41 63 42 41 28 37 47 49 75 29 69 35 64 65 69 48 68 60 12 30 42 49 32 49 17 39 29 72 
86 56 86 86 86 44 49 62 61 38 14 38 70 46 23 51 53 53 59 34 34 51 48 43 7 59 44 45 46 3 29 26 51 24 74 31 48 32 57 35 46 43 26 40 12 45 61 36 47 60 15 43 52 41 17 56 49 62 36 24 46 36 20 29 25 2 51 44 56 24 44 54 45 21 24 33 30 10 34 3 16 49 69 45 17 9 16 47 22 49 29 44 29 46 31 67 46 17 0 31 51 72 53 36 32 27 46 17 34 56 49 36 44 51 39 36 47 25 57 31 45 21 40 5 7 35 30 16 74 59 66 50 54 21 25 42 23 24 59 41 23 13 33 37 33 58 38 52 25 67 68 71 31 60 65 21 12 51 38 41 36 14 41 44 55 
88 88 88 88 88 21 20 30 45 36 17 68 41 14 47 43 48 22 32 32 34 60 29 74 38 38 68 13 18 35 32 34 24 22 42 37 16 61 67 23 77 12 47 37 21 18 29 18 21 35 41 11 26 9 43 34 27 55 24 32 17 17 19 23 56 32 45 13 35 47 43 24 48 52 28 62 37 38 63 30 16 63 39 13 43 40 31 37 23 79 60 54 35 74 3 36 75 28 31 0 20 42 23 40 13 35 66 48 20 37 20 15 27 46 46 32 66 31 26 54 13 19 16 31 35 8 58 25 79 35 34 64 58 26 57 39 8 52 36 14 45 31 14 31 60 72 11 67 22 36 37 41 47 44 33 40 41 21 34 12 68 42 10 29 69 
88 106 88 88 88 18 18 10 38 52 37 86 21 8 63 42 49 2 17 49 52 67 24 92 58 28 82 8 10 55 42 46 10 41 22 55 4 78 74 28 95 13 62 53 42 10 12 22 13 21 62 12 29 14 64 25 33 52 29 51 19 20 39 33 75 51 45 11 26 62 47 20 54 70 47 79 56 58 81 49 35 73 19 9 63 59 52 37 43 96 80 63 53 90 19 15 92 48 51 20 0 22 3 57 29 47 79 68 35 29 20 28 38 59 54 48 78 50 13 69 7 39 26 49 54 16 75 41 81 21 16 73 62 46 76 43 28 68 25 11 60 48 21 36 76 81 21 76 34 16 17 20 59 37 14 60 60 18 39 20 86 62 10 40 77 
88 125 88 88 88 30 37 15 36 74 58 104 1 30 79 46 53 20 15 71 74 76 31 110 79 26 96 30 26 75 56 60 20 63 9 77 26 95 82 42 113 35 77 74 63 26 21 38 26 18 84 34 47 36 85 25 52 52 42 73 39 36 61 48 95 71 50 33 26 78 55 36 63 89 69 97 78 80 98 69 55 83 2 31 85 78 74 43 65 114 99 73 76 106 41 8 109 70 72 42 22 0 19 79 52 61 91 89 57 30 39 50 58 79 65 70 91 72 27 85 30 61 47 69 73 37 92 59 84 19 19 83 68 68 96 52 49 86 23 30 76 66 38 47 93 90 43 87 50 10 8 3 73 35 16 82 78 36 50 42 105 84 31 60 86 
86 108 86 86 86 17 22 9 35 55 39 87 17 11 64 40 47 1 14 52 55 67 22 93 61 26 83 11 10 57 43 46 8 44 20 58 7 79 73 28 96 17 63 56 44 10 12 23 12 18 65 16 32 17 66 22 37 50 29 54 23 21 42 33 77 53 43 15 23 63 46 23 53 72 50 81 59 61 82 51 37 73 16 13 66 60 55 35 46 98 81 62 57 91 22 13 93 51 53 23 3 19 0 61 33 47 79 70 39 27 23 32 41 62 54 51 79 53 16 70 11 42 29 51 55 18 76 42 80 18 16 73 61 49 78 42 30 70 22 12 61 49 22 35 78 80 25 76 35 14 15 18 59 34 13 63 61 21 39 23 88 65 12 43 77 
120 80 120 120 120 61 43 65 84 7 34 67 78 49 60 79 83 59 72 8 5 87 69 71 36 79 80 49 59 37 61 60 64 18 77 4 53 65 93 59 73 44 62 8 29 58 60 56 62 75 28 45 38 43 27 75 32 91 61 11 41 56 23 56 53 38 80 46 75 60 76 46 78 54 13 66 6 31 67 38 38 85 77 48 27 44 19 74 18 78 55 79 6 78 43 72 77 19 36 40 57 79 61 0 27 60 82 39 22 77 42 29 24 16 73 10 83 11 54 67 50 22 32 41 43 48 64 47 109 75 65 87 88 17 52 73 39 59 77 54 60 48 52 65 67 95 35 88 53 71 73 77 67 83 66 18 48 45 67 37 63 31 50 23 92 
100 88 100 100 100 35 19 38 59 23 20 70 51 21 53 56 61 32 45 19 22 71 43 75 37 52 74 21 31 35 43 44 36 12 50 25 25 64 78 36 78 16 54 24 20 31 34 32 35 48 37 17 19 15 38 48 17 68 37 22 15 30 13 35 56 33 58 18 49 52 55 23 60 54 17 65 26 35 66 31 21 73 49 20 37 41 25 50 14 81 60 65 23 78 17 44 78 21 32 13 29 52 33 27 0 45 74 46 7 51 18 4 14 32 57 18 74 20 29 60 22 12 8 33 38 22 62 32 91 47 39 74 69 18 57 52 17 55 50 26 51 37 27 43 64 82 8 76 33 44 46 50 55 58 39 32 44 21 46 10 68 38 22 16 79 
59 65 59 59 59 31 55 56 38 60 27 44 59 46 19 26 26 47 46 56 57 26 31 50 32 40 35 44 37 28 5 0 41 44 66 56 45 35 33 19 53 46 16 62 31 37 59 24 35 44 42 45 62 44 44 38 62 36 19 49 52 26 39 13 39 25 25 46 38 18 17 59 17 31 47 36 55 36 37 23 23 28 60 46 44 26 42 24 43 53 43 20 53 45 32 59 48 41 27 35 47 61 47 60 45 0 32 40 50 36 56 48 59 73 13 57 32 48 58 23 44 39 51 21 22 31 31 13 48 43 63 29 27 43 41 16 28 26 42 35 15 14 25 15 32 37 46 31 13 61 61 62 12 38 61 49 23 56 13 48 47 40 38 61 34 
53 47 53 53 53 62 86 88 62 85 54 31 90 78 22 48 43 79 76 81 81 22 60 34 47 67 8 77 69 45 36 33 72 69 98 78 77 23 22 51 36 78 20 87 56 69 91 56 67 74 57 77 92 76 58 67 91 51 50 71 84 58 65 46 37 44 45 78 66 22 37 90 30 32 71 24 76 52 24 44 52 11 90 78 58 38 62 49 68 33 39 19 76 22 64 90 27 63 46 66 79 91 79 82 74 32 0 48 78 63 87 78 88 97 26 82 1 71 90 15 76 66 81 42 39 63 21 41 41 72 95 13 31 67 40 40 58 24 70 67 23 37 58 44 20 16 77 11 45 92 93 93 19 62 93 66 34 88 41 79 36 54 70 89 15 
95 42 95 95 95 61 65 79 77 44 31 27 88 63 27 66 66 70 76 41 40 59 65 32 9 76 43 62 63 13 44 40 69 35 91 35 65 26 64 52 34 59 31 46 27 63 77 53 64 77 11 59 65 57 11 73 62 76 52 30 61 54 33 45 13 17 65 61 73 28 58 69 56 16 33 27 33 10 28 20 33 54 87 62 12 13 22 63 33 38 15 52 34 39 48 84 37 26 17 48 68 89 70 39 46 40 48 0 46 72 64 50 55 56 50 44 49 31 73 33 62 34 55 21 18 52 27 32 83 76 83 56 64 30 12 57 40 23 76 59 29 27 51 52 29 63 53 56 42 85 86 88 39 76 81 21 17 67 53 56 24 8 58 55 61 
107 89 107 107 107 42 22 43 66 16 24 72 56 27 56 63 68 38 51 13 16 77 50 77 38 59 78 27 38 37 49 49 43 11 55 20 31 67 83 42 79 22 58 17 23 38 39 39 41 54 36 23 19 21 37 55 15 75 44 19 19 37 14 41 58 36 65 24 56 56 62 25 66 56 14 68 21 36 69 34 26 78 55 26 36 44 24 57 13 83 61 70 19 80 24 50 80 20 34 20 35 57 39 22 7 50 78 46 0 58 21 7 9 25 63 12 79 17 33 64 28 13 11 37 41 29 65 38 97 54 43 79 76 16 58 58 23 58 57 33 55 41 34 50 67 87 13 81 39 49 51 55 60 65 44 30 47 24 53 15 70 38 29 10 84 
59 102 59 59 59 15 47 34 8 74 46 80 29 36 55 16 23 28 15 70 72 46 8 86 63 4 69 34 21 59 31 36 18 59 38 74 32 71 51 20 89 40 52 75 52 21 39 21 17 12 71 38 58 39 73 5 61 23 20 68 47 21 55 27 74 55 19 38 3 54 26 49 33 67 64 73 74 65 74 52 42 54 30 37 72 59 64 13 60 89 78 44 71 80 34 32 84 62 56 37 29 30 27 77 51 36 63 72 58 0 49 52 64 83 36 70 62 67 43 59 34 55 51 51 54 29 67 40 54 11 42 53 37 62 76 23 38 63 7 25 52 46 25 21 68 60 46 57 30 35 34 32 46 7 38 73 58 47 23 46 83 70 30 66 56 
105 106 105 105 105 35 1 24 57 36 36 87 38 13 68 59 65 22 37 34 37 80 42 93 55 48 89 14 28 53 53 55 31 31 35 41 17 81 87 41 95 10 68 36 38 27 18 35 32 41 55 11 8 12 57 45 13 70 43 40 3 33 31 43 74 50 62 10 46 67 62 4 68 71 35 82 43 54 83 48 36 84 36 12 56 59 43 53 33 98 78 75 40 94 23 31 95 40 49 20 20 39 23 42 18 56 87 64 21 49 0 15 19 40 66 32 87 38 12 75 15 31 10 50 54 25 78 46 97 42 22 85 76 36 75 58 29 71 45 25 66 51 32 49 80 93 11 87 43 30 31 36 68 56 23 51 61 3 53 8 86 57 20 21 89 
103 92 103 103 103 36 15 36 60 23 24 74 49 20 57 58 64 31 44 20 23 75 44 79 41 53 78 20 31 40 46 47 36 16 48 27 24 68 81 38 82 15 58 24 24 31 32 34 35 48 40 16 15 14 42 49 13 70 40 25 12 32 17 38 61 37 60 17 49 57 58 19 63 58 20 70 28 39 71 36 25 76 47 19 41 46 28 53 18 85 64 68 26 82 19 42 82 25 36 15 28 50 32 29 4 48 78 50 7 52 15 0 12 31 60 19 78 23 26 64 21 16 4 38 42 23 66 36 94 48 36 78 72 21 61 55 20 60 50 27 55 41 29 46 68 86 6 80 36 42 44 48 59 59 37 35 48 17 49 8 73 42 22 13 82 
115 97 115 115 115 48 21 43 72 17 33 81 58 30 66 70 76 40 55 16 19 86 56 86 47 64 88 30 43 46 58 58 47 20 55 24 34 76 92 50 88 24 67 17 32 42 38 46 46 58 44 26 13 25 45 60 8 82 52 25 19 44 23 50 67 45 72 26 61 66 70 23 75 65 22 77 26 44 78 44 36 87 56 28 44 53 32 65 21 92 70 79 24 90 31 50 90 29 44 27 38 58 41 24 14 59 88 55 9 64 19 12 0 20 72 14 88 24 32 74 31 22 12 46 50 35 74 47 106 58 42 88 84 24 67 67 32 68 61 39 65 51 41 58 77 97 17 91 48 49 51 56 70 71 43 37 56 22 61 18 78 46 34 2 93 
131 97 131 131 131 67 41 64 91 12 46 84 78 50 75 88 93 61 76 17 16 100 75 88 52 84 96 51 63 53 73 72 68 29 75 20 55 81 106 68 90 45 77 10 42 62 58 64 67 79 44 46 32 45 44 80 27 100 69 26 39 63 34 66 69 53 90 47 81 75 86 43 90 70 26 82 22 47 83 53 49 99 76 49 44 59 35 83 29 95 72 93 22 95 49 71 93 33 51 46 59 79 62 16 32 73 97 56 25 83 40 31 20 0 86 15 98 26 52 82 51 33 33 55 58 54 81 60 121 79 62 101 100 30 68 83 48 74 81 58 75 61 60 75 83 109 37 102 63 70 72 77 81 90 64 35 63 43 78 38 80 47 54 18 106 
46 68 46 46 46 36 65 63 35 73 40 48 63 55 24 21 18 54 49 69 70 14 34 53 44 40 32 54 44 40 13 13 47 57 71 69 54 38 21 26 56 56 20 75 44 44 66 31 41 47 54 55 73 54 56 40 73 27 24 62 63 34 52 23 46 37 19 56 39 23 11 69 6 39 60 40 68 48 41 36 36 18 64 55 56 37 55 22 56 55 50 8 66 45 42 64 49 54 39 46 54 65 54 73 57 13 26 50 63 36 66 60 72 86 0 70 26 62 67 25 53 52 62 33 33 41 34 26 35 46 71 19 14 56 49 13 40 32 43 43 21 26 34 18 35 26 57 22 24 67 67 66 12 35 68 61 33 66 15 59 52 52 47 73 23 
116 86 116 116 116 54 33 55 77 4 30 71 69 40 60 73 78 50 64 2 4 84 61 76 38 71 81 40 50 38 57 56 55 13 67 10 44 68 90 53 78 34 62 5 26 50 50 49 53 67 32 35 27 34 32 67 22 85 54 13 30 48 18 50 56 38 75 36 67 60 71 36 74 56 11 68 12 34 69 37 34 83 67 38 32 45 21 68 14 82 59 77 10 81 35 62 80 19 36 32 48 70 51 10 18 57 82 44 12 70 32 19 14 15 70 0 83 12 44 67 40 17 22 40 43 40 66 44 106 66 55 85 84 15 56 68 33 60 69 45 59 46 45 60 69 93 26 87 48 61 63 67 66 76 56 24 49 35 62 28 68 35 41 13 90 
51 49 51 51 51 62 87 88 61 85 54 32 89 78 23 47 42 79 75 81 81 20 60 35 48 66 9 76 68 46 36 32 72 70 97 78 77 25 20 50 37 78 21 87 56 69 90 56 66 73 58 77 93 75 59 66 92 50 49 71 84 58 65 45 39 45 44 78 65 23 36 90 29 33 71 26 77 52 26 45 52 10 90 78 59 39 63 48 69 34 40 18 76 24 63 90 29 64 47 66 78 91 79 83 74 32 1 49 79 62 87 78 88 98 26 83 0 72 90 16 76 66 81 42 39 63 22 41 39 72 95 12 30 68 41 39 58 26 69 67 23 37 57 43 21 15 77 9 45 92 92 92 19 61 92 67 35 88 40 79 38 55 70 89 14 
108 74 108 108 108 51 39 59 74 13 22 59 71 42 48 68 71 52 64 9 9 75 58 63 26 69 69 42 49 26 49 48 55 8 71 7 45 55 81 48 65 37 51 15 17 49 55 46 52 66 20 38 36 36 21 65 31 80 49 1 36 45 12 44 44 27 69 39 65 49 64 42 66 44 2 56 6 22 57 27 27 73 69 41 20 33 9 63 7 70 47 68 4 69 33 65 68 7 25 31 50 72 53 11 20 48 71 31 17 67 38 23 24 26 62 12 72 0 50 56 42 11 28 29 32 38 54 35 97 66 60 75 76 5 44 61 28 48 67 45 48 36 42 53 57 83 29 76 41 65 66 70 56 73 60 12 37 41 56 31 56 23 41 23 80 
102 114 102 102 102 32 11 12 51 48 43 94 27 12 73 56 63 14 29 46 49 81 38 100 64 42 93 13 24 61 54 57 24 41 23 53 13 87 87 41 103 14 72 48 46 24 6 35 27 33 65 14 19 16 67 38 25 66 42 51 13 33 41 44 82 58 59 13 39 72 61 9 67 78 47 88 55 63 89 56 42 85 25 12 66 66 54 51 43 105 86 76 52 100 27 19 101 50 57 26 13 27 16 54 29 58 90 73 33 43 12 26 32 52 67 44 90 50 0 80 14 41 22 57 61 27 84 50 95 34 10 86 75 47 83 57 35 78 38 23 70 57 32 49 86 94 20 89 45 18 19 24 71 50 11 62 68 9 53 18 94 66 19 33 90 
63 43 63 63 63 54 75 80 60 69 40 22 83 68 7 46 44 70 69 66 66 29 55 27 31 63 13 66 60 30 28 24 65 55 90 62 67 13 32 43 30 66 7 72 41 60 81 47 59 68 41 65 80 64 42 62 78 53 42 55 72 49 50 37 24 29 44 67 61 7 36 79 31 17 56 14 61 36 15 30 39 21 83 67 43 23 47 46 54 29 26 23 60 21 52 83 24 48 31 54 69 85 70 67 60 23 15 33 64 59 75 64 74 82 25 67 16 56 80 0 66 51 68 27 23 53 9 29 51 67 86 24 36 52 27 37 46 10 65 58 9 23 48 38 9 30 64 23 35 84 85 86 13 60 84 50 19 76 36 66 27 38 60 75 28 
90 101 90 90 90 20 13 17 42 44 31 81 28 2 59 44 51 9 24 41 44 67 27 87 52 33 79 0 13 49 40 43 16 33 29 47 3 73 74 27 89 6 58 45 35 12 15 21 16 27 55 5 24 6 56 29 27 55 29 43 13 19 32 30 70 45 47 4 31 58 48 16 54 65 39 75 48 52 76 43 29 71 27 2 56 53 44 39 35 92 74 62 46 86 14 22 88 41 45 13 7 30 11 50 22 44 76 62 28 34 15 21 31 51 53 40 76 42 14 66 0 31 18 44 48 12 70 37 83 27 21 72 62 38 71 44 22 64 30 10 56 43 18 35 72 80 14 75 31 23 24 28 57 41 19 53 54 14 39 13 81 56 6 33 76 
98 76 98 98 98 40 31 48 62 21 12 58 60 32 43 56 61 41 52 16 18 66 46 64 25 57 65 31 38 24 39 39 44 4 61 18 35 53 72 36 66 27 45 23 9 37 46 34 40 54 24 27 31 26 26 53 28 68 38 12 28 33 0 33 45 22 58 29 53 43 53 35 56 42 9 54 18 23 55 21 16 66 59 30 25 30 13 51 4 70 48 59 16 67 22 54 67 9 21 19 39 61 42 22 12 39 66 34 13 55 31 16 22 33 52 17 66 11 41 51 31 0 21 24 28 27 51 26 88 54 51 68 66 6 45 50 16 45 55 33 42 29 30 42 54 76 20 69 30 55 56 60 48 61 50 21 34 33 45 23 56 26 30 23 72 
104 97 104 104 104 36 11 32 59 26 28 78 46 17 60 59 65 28 42 24 27 77 43 84 46 52 82 18 30 44 49 50 35 20 44 31 22 72 83 39 86 12 61 27 28 30 28 34 34 46 45 13 11 12 46 48 10 70 41 29 8 32 21 39 65 42 61 14 48 60 60 14 65 62 25 74 32 44 75 40 29 79 44 16 46 50 33 53 22 90 69 70 30 86 20 39 87 29 40 16 26 47 29 32 8 51 81 55 11 51 10 4 12 33 62 22 81 28 22 68 18 21 0 42 46 23 70 39 95 46 32 80 74 26 65 56 23 63 49 26 59 44 30 47 72 88 5 83 38 38 40 45 62 58 33 40 53 13 51 5 77 47 21 14 85 
80 57 80 80 80 40 50 60 56 42 14 37 67 45 19 46 47 51 55 38 39 46 44 43 12 55 41 44 43 7 24 21 48 27 72 36 46 30 51 31 45 43 21 44 14 43 60 32 43 56 21 42 53 40 23 52 51 57 31 29 47 33 23 24 26 3 45 44 51 19 39 54 39 21 29 32 35 15 33 2 14 43 67 44 23 9 21 42 26 48 30 38 34 44 30 64 45 22 5 31 49 69 51 41 33 21 42 21 37 51 50 38 46 55 33 40 42 29 57 27 44 24 42 0 4 32 28 11 69 55 65 45 48 25 27 37 22 21 55 39 19 7 30 32 30 53 39 47 21 66 66 69 26 55 63 27 10 52 32 41 37 19 39 47 50 
79 52 79 79 79 44 54 64 58 45 18 32 72 50 16 47 48 55 59 42 42 45 47 38 10 58 37 48 47 7 25 22 53 31 76 39 51 26 50 34 41 47 18 48 18 47 64 36 47 60 21 47 58 45 22 55 55 58 34 32 51 37 27 27 21 5 47 48 55 16 40 59 39 16 32 27 37 15 28 6 19 41 71 49 22 5 23 44 30 43 25 37 37 39 34 69 40 24 7 35 54 73 55 43 38 22 39 18 41 54 54 42 50 58 33 43 39 32 61 23 48 28 46 4 0 37 24 14 68 59 69 43 48 28 23 38 26 17 58 43 16 8 34 34 26 51 43 44 24 70 71 73 24 58 68 28 6 56 34 46 32 18 44 51 48 
80 89 80 80 80 13 24 27 36 44 21 69 35 14 46 35 41 18 25 41 43 55 20 75 42 30 66 13 11 38 28 30 17 30 39 45 14 61 62 15 78 15 45 46 26 11 28 10 13 27 47 14 33 13 49 26 34 46 17 39 22 9 26 18 58 35 37 15 27 45 36 27 42 53 36 63 45 43 64 32 18 59 34 14 48 42 38 29 31 80 63 49 43 73 5 31 75 35 35 8 16 37 18 48 22 31 63 52 29 29 25 23 35 54 41 40 63 38 27 53 12 27 23 32 37 0 58 24 72 27 33 60 51 34 60 32 12 52 28 6 43 31 6 24 60 68 18 62 18 33 33 36 44 36 31 47 43 25 27 19 69 47 7 37 64 
72 34 72 72 72 61 78 85 69 68 42 13 90 72 12 55 53 76 76 64 64 38 62 18 28 71 16 70 66 28 36 31 71 55 96 60 72 3 41 50 21 70 14 70 42 66 86 54 66 76 37 69 82 68 38 70 80 62 49 54 75 55 51 43 16 29 53 71 69 13 45 82 40 11 55 5 58 33 6 30 42 30 90 71 38 21 45 54 53 22 18 32 58 15 56 89 17 47 30 58 75 92 76 64 62 31 21 27 65 67 78 66 74 81 34 66 22 54 84 9 70 51 70 28 24 58 0 33 60 75 91 32 46 51 18 46 49 6 73 64 15 27 54 46 2 37 67 31 41 90 91 92 22 69 89 47 17 80 44 69 17 34 65 75 36 
72 65 72 72 72 29 45 51 44 47 14 45 57 38 22 34 37 42 45 43 44 39 32 50 23 43 43 37 33 19 13 12 38 30 63 43 38 37 46 19 53 37 22 49 18 33 52 21 33 45 32 36 51 35 34 40 50 46 20 36 42 22 26 13 35 15 35 38 40 21 28 49 30 29 34 38 42 26 39 13 11 40 57 38 34 19 29 31 30 55 40 32 40 49 23 55 51 28 16 25 41 59 42 47 32 13 41 32 38 40 46 36 47 60 26 44 41 35 50 29 37 26 39 11 14 24 33 0 61 44 57 41 40 30 37 26 16 27 43 30 19 6 20 20 35 49 35 43 9 57 57 59 22 44 55 37 19 47 21 37 46 30 31 48 46 
11 88 11 11 11 63 96 88 47 109 75 72 82 85 55 39 32 81 70 105 106 23 57 75 78 57 49 83 71 75 48 49 71 92 92 104 82 64 19 56 77 87 51 111 80 71 93 61 67 66 89 86 105 85 91 59 106 31 54 97 95 63 87 56 76 72 36 87 58 54 35 99 31 69 96 65 103 83 65 71 71 30 84 85 91 70 90 44 92 74 78 30 102 63 75 87 68 90 74 79 81 84 80 109 91 48 41 83 97 54 97 94 106 121 35 106 39 97 95 51 83 88 95 69 68 72 60 61 0 65 96 28 21 92 78 39 74 61 61 72 53 61 65 48 60 25 90 29 58 89 88 86 43 48 92 96 66 97 44 91 77 86 77 107 25 
70 108 70 70 70 15 40 23 18 70 47 87 18 29 62 27 34 20 5 67 69 56 12 93 66 8 78 28 16 62 38 43 11 57 27 72 25 78 62 25 96 34 60 72 53 16 30 23 13 1 73 32 51 33 75 6 55 34 25 67 41 22 54 32 80 58 30 32 7 61 36 41 43 73 63 80 72 68 81 56 43 64 19 30 74 64 65 23 58 97 84 54 70 89 32 21 92 62 59 35 21 19 18 75 47 43 72 76 54 11 42 48 58 79 46 66 72 66 34 67 27 54 46 55 59 27 75 44 65 0 31 64 48 61 81 33 38 69 4 21 59 51 25 29 76 70 41 67 35 24 23 21 55 17 28 74 63 40 31 40 89 72 25 60 67 
101 122 101 101 101 34 21 8 50 59 52 102 19 19 79 56 64 16 26 57 59 84 39 108 73 40 99 21 26 70 59 63 24 52 12 64 18 94 90 45 111 23 78 59 55 26 5 39 29 31 75 23 29 25 77 37 35 65 46 62 24 37 51 49 91 66 60 22 38 79 63 19 70 86 57 96 65 72 97 64 50 89 17 21 76 74 64 52 54 113 95 79 63 107 35 11 109 60 66 34 16 19 16 65 39 63 95 83 43 42 22 36 42 62 71 55 95 60 10 86 21 51 32 65 69 33 91 57 96 31 0 90 77 57 92 59 43 85 36 28 77 64 38 52 93 97 31 93 51 9 11 16 76 49 3 72 76 19 56 28 102 76 26 44 94 
40 61 40 40 40 55 84 82 51 88 55 44 82 74 29 37 32 73 67 84 84 8 52 47 53 57 21 73 63 50 31 30 66 72 90 82 73 35 8 45 50 75 25 90 58 63 85 51 60 65 64 74 91 73 65 58 91 38 44 75 82 53 67 41 48 48 34 75 57 28 27 87 20 41 74 36 81 58 37 48 52 2 82 74 65 45 67 40 71 46 50 10 80 36 61 83 41 67 50 64 73 83 73 87 74 29 13 56 79 53 85 78 88 101 19 85 12 75 86 24 72 68 80 45 43 60 32 41 28 64 90 0 18 70 51 31 57 34 61 62 27 39 53 37 31 8 75 3 42 85 85 85 19 51 87 72 40 85 34 77 49 61 66 90 4 
32 78 32 32 32 43 75 69 33 87 54 59 66 64 38 21 14 61 53 83 84 9 38 63 59 41 39 63 51 55 26 28 52 70 76 83 62 50 14 35 66 66 33 89 58 51 74 41 48 50 69 65 84 64 71 42 85 20 33 76 74 43 65 34 60 52 18 66 41 36 14 79 9 52 74 51 82 63 51 51 50 20 68 65 71 51 69 25 70 63 63 13 81 53 54 69 58 69 54 58 62 68 61 88 69 27 31 64 76 37 76 72 84 100 14 84 30 76 75 36 62 66 74 48 48 51 46 40 21 48 77 18 0 71 62 18 52 45 45 52 35 41 44 27 46 23 69 22 36 72 71 70 25 34 74 76 47 76 23 70 63 67 56 86 20 
103 73 103 103 103 46 37 55 68 17 17 56 67 39 44 62 66 48 59 13 13 70 53 61 23 63 66 38 45 23 44 43 51 5 67 12 42 52 76 42 64 34 47 19 12 44 52 40 47 61 19 34 35 32 20 60 31 74 44 6 33 40 7 39 42 23 63 35 60 45 58 40 61 41 3 53 12 20 54 22 21 69 65 37 20 30 7 57 3 68 45 63 10 66 28 61 65 4 21 26 46 68 49 17 18 43 67 30 16 62 36 21 24 30 56 15 68 5 47 52 38 6 26 25 28 34 51 30 92 61 57 70 71 0 42 56 23 45 62 40 44 31 36 48 53 78 26 72 36 61 63 67 51 68 57 14 33 39 50 28 54 21 37 24 75 
90 31 90 90 90 67 75 87 79 56 39 15 95 72 24 67 67 78 82 53 52 55 70 19 19 80 34 71 70 21 45 41 76 46 99 47 73 17 59 56 21 69 28 58 37 70 86 59 70 82 23 68 76 67 24 77 73 76 57 42 72 60 44 50 2 25 66 70 77 25 58 79 55 10 45 16 45 22 17 27 41 48 94 71 24 17 34 65 45 26 3 49 46 27 57 92 25 37 25 57 76 96 78 52 57 41 40 12 58 76 75 61 67 68 49 56 41 44 83 27 71 45 65 27 23 60 18 37 78 81 92 51 62 42 0 58 49 17 81 66 27 30 57 55 20 56 64 50 46 93 94 96 37 79 90 33 18 77 55 66 12 20 66 67 55 
48 80 48 48 48 25 57 51 22 71 38 59 50 46 34 9 10 43 36 67 69 24 21 65 49 27 46 44 33 45 13 16 35 55 59 68 43 50 30 17 67 48 31 73 44 33 55 22 30 34 58 46 66 46 60 27 67 19 15 61 55 24 50 17 55 41 8 47 26 33 3 60 10 48 59 51 68 52 52 39 34 31 51 46 60 43 56 9 55 67 59 21 66 58 36 52 61 54 42 39 43 52 42 73 52 16 40 57 58 23 58 55 67 83 13 68 39 61 57 37 44 50 56 37 38 32 46 26 39 33 59 31 18 56 58 0 35 42 30 33 31 30 26 8 47 38 51 34 20 54 54 54 24 23 56 63 40 58 5 51 63 56 38 68 34 
83 79 83 83 83 23 28 38 45 36 9 59 47 23 38 40 45 29 37 32 34 54 30 65 30 40 60 22 23 27 26 27 29 20 50 35 24 52 60 20 68 21 38 38 14 23 37 17 25 39 35 20 34 18 36 37 34 52 21 29 26 17 16 18 48 23 42 22 37 38 38 33 42 43 25 53 35 31 54 21 7 56 46 22 36 31 26 35 21 70 52 47 33 65 8 43 66 23 23 8 28 49 30 39 17 28 58 40 23 38 29 20 32 48 40 33 58 28 35 46 22 16 23 22 26 12 49 16 74 38 43 57 52 23 49 35 0 43 39 19 36 22 13 27 51 65 18 59 16 44 45 48 39 44 41 35 33 30 29 20 59 35 17 33 62 
73 39 73 73 73 56 71 79 65 62 35 17 84 66 7 52 50 70 71 58 58 38 57 23 22 67 21 64 60 22 31 27 65 48 90 54 66 9 42 44 26 64 11 64 35 60 80 48 60 70 32 63 75 61 33 65 73 60 44 48 68 49 44 38 14 22 50 65 64 8 42 75 38 7 48 10 52 27 12 23 35 31 84 65 33 15 39 50 47 27 17 32 52 22 50 83 23 41 24 52 68 86 70 59 55 26 24 23 58 63 71 60 68 74 32 60 26 48 78 10 64 45 63 21 17 52 6 27 61 69 85 34 45 45 17 42 43 0 68 57 11 20 48 41 8 40 60 33 35 84 85 86 20 65 83 41 11 73 40 63 20 29 59 68 38 
66 107 66 66 66 15 44 27 14 73 48 86 21 32 61 23 30 23 9 69 71 53 11 92 66 4 75 31 18 62 36 41 14 59 31 74 28 77 59 24 95 36 58 74 53 18 34 23 15 5 73 35 54 36 75 3 58 30 24 68 44 22 55 31 79 58 27 35 4 60 33 45 40 72 64 78 74 68 79 55 44 61 23 33 75 63 66 20 60 95 83 51 71 87 33 25 90 63 59 36 25 23 22 77 50 42 70 76 57 7 45 50 61 81 43 69 69 67 38 65 30 55 49 55 58 28 73 43 61 4 36 61 45 62 81 30 39 68 0 23 57 50 26 26 74 67 44 64 34 28 27 25 52 13 32 75 62 43 29 43 88 72 27 63 64 
80 96 80 80 80 9 24 21 33 49 28 75 28 12 52 33 40 12 18 46 48 57 17 81 49 25 71 11 4 45 31 34 10 36 32 51 10 67 63 17 84 15 50 51 33 4 23 11 8 21 54 13 33 14 55 21 36 45 18 46 23 9 33 21 65 41 36 14 22 51 37 26 44 59 42 68 51 50 69 39 25 62 27 13 55 48 45 28 37 85 69 52 49 79 11 25 81 42 41 14 11 30 12 54 26 35 67 59 33 25 25 27 39 58 43 45 67 45 23 58 10 33 26 39 43 6 64 30 72 21 28 62 52 40 66 33 19 57 23 0 49 37 10 25 65 70 21 66 23 26 27 29 48 32 25 53 49 24 29 21 76 54 5 40 67 
65 49 65 65 65 46 65 70 53 62 31 28 75 58 3 41 39 61 61 58 58 30 46 34 25 56 23 56 51 23 20 16 56 46 81 55 58 19 34 34 37 57 2 64 33 51 72 38 50 60 36 56 70 54 37 54 69 49 34 48 62 40 42 28 25 21 39 58 53 2 31 69 27 17 48 21 54 30 21 21 30 25 75 58 38 17 40 39 45 37 28 22 53 30 43 73 32 41 23 45 60 76 61 60 51 15 23 29 55 52 66 55 65 75 21 59 23 48 70 9 56 42 59 19 16 43 15 19 53 59 77 27 35 44 27 31 36 11 57 49 0 14 39 30 16 34 55 28 26 75 76 77 9 53 74 44 13 67 29 57 31 33 51 66 32 
73 58 73 73 73 36 51 58 49 49 17 38 64 45 16 39 40 49 52 44 45 39 39 44 19 49 37 43 40 14 17 13 45 32 70 43 45 30 44 25 46 43 16 51 19 40 59 28 40 52 28 42 56 41 30 47 54 49 26 36 48 29 28 19 29 11 38 44 46 15 31 55 31 22 35 31 42 22 32 10 15 37 64 44 30 13 28 35 32 48 33 31 41 43 29 62 44 28 13 31 48 66 49 48 37 14 37 27 41 46 51 41 51 61 26 46 37 36 57 23 43 29 44 7 8 31 27 6 61 51 64 39 41 31 30 30 22 20 50 37 14 0 27 25 29 47 41 40 15 64 64 66 19 49 62 35 12 53 25 43 39 26 38 51 44 
74 86 74 74 74 10 31 31 32 49 22 65 37 21 42 28 34 22 25 45 47 48 16 71 41 27 61 19 12 37 21 24 18 33 42 48 19 57 55 9 74 21 40 51 27 12 33 4 13 26 47 20 39 20 49 23 41 40 10 42 29 3 29 12 56 33 31 21 23 41 30 34 35 50 39 59 48 42 60 30 18 52 36 21 49 39 40 23 34 76 60 43 46 69 10 35 71 37 33 14 21 38 22 52 27 25 58 51 34 25 32 29 41 60 34 45 57 42 32 48 18 30 30 30 34 6 54 20 65 25 38 53 44 36 57 26 13 48 26 10 39 27 0 17 55 61 24 56 13 36 37 38 38 31 35 48 40 32 21 25 66 47 12 43 57 
57 80 57 57 57 18 48 44 24 63 31 59 45 38 34 14 18 36 31 59 61 31 16 65 44 25 49 36 25 40 10 14 28 47 53 61 35 50 38 8 68 39 31 65 36 25 48 14 23 30 53 38 57 37 55 23 58 26 6 54 47 16 42 9 53 36 15 39 22 33 12 51 18 46 51 51 60 47 52 33 26 37 46 38 54 39 49 10 47 68 57 27 58 60 27 46 63 47 37 31 36 47 35 65 43 15 44 52 50 21 49 46 58 75 18 60 43 53 49 38 35 42 47 32 34 24 46 20 48 29 52 37 27 48 55 8 27 41 26 25 30 25 17 0 47 45 42 40 12 48 48 48 26 23 49 57 37 49 3 43 62 51 29 60 41 
72 33 72 72 72 63 80 87 69 70 44 12 92 74 13 56 54 78 78 66 66 38 63 18 31 72 14 72 68 30 37 33 73 57 98 62 74 3 40 51 20 72 15 72 44 68 88 55 67 77 39 71 84 70 40 71 82 63 51 56 77 57 53 45 17 31 54 73 70 14 46 84 41 13 57 5 60 35 5 32 44 29 92 73 40 23 47 55 55 20 19 32 60 13 58 90 15 49 33 60 76 93 78 67 64 32 20 29 67 68 80 68 77 83 35 69 21 57 86 9 72 54 72 30 26 60 2 35 60 76 93 31 46 53 20 47 51 8 74 65 16 29 55 47 0 36 69 30 42 92 92 94 23 70 91 49 20 82 45 71 17 36 67 77 35 
36 63 36 36 36 63 92 89 56 96 63 47 88 82 35 43 37 81 74 92 92 14 59 50 60 64 24 80 70 58 40 38 73 80 97 90 80 40 9 53 52 83 32 98 66 71 93 58 68 71 71 82 99 81 72 64 99 42 51 83 90 60 75 49 54 56 40 83 63 35 34 95 27 47 82 41 88 65 41 56 60 9 89 82 72 52 75 46 79 48 55 18 88 38 69 90 43 75 58 72 81 90 80 95 82 37 16 63 87 60 93 86 97 109 26 93 15 83 94 30 80 76 88 53 51 68 37 49 25 70 97 8 23 78 56 38 65 40 67 70 34 47 61 45 36 0 84 6 50 93 92 92 27 57 94 79 47 93 41 85 53 68 74 98 3 
99 95 99 99 99 30 11 29 54 30 25 76 42 13 57 53 59 24 38 27 30 72 38 82 44 46 78 13 25 42 44 45 30 21 41 34 17 70 78 34 84 8 57 31 26 25 25 29 29 41 45 9 15 8 46 42 16 65 35 31 8 27 21 34 63 39 55 10 43 56 54 15 59 60 26 71 35 43 72 37 25 74 41 12 45 47 33 48 23 87 67 66 32 83 15 36 84 29 38 11 21 43 25 35 8 46 77 53 13 46 11 6 17 37 57 26 77 29 20 64 14 20 5 39 43 18 67 35 90 41 31 75 69 26 64 51 18 60 44 21 55 41 24 42 69 84 0 78 33 36 37 41 58 53 30 41 50 13 45 2 75 46 16 19 80 
41 59 41 41 41 59 87 85 54 89 57 42 85 77 29 41 35 77 71 85 86 12 56 45 54 61 19 76 66 51 34 32 69 73 94 83 76 34 10 48 47 78 25 91 60 66 89 54 64 68 64 76 94 75 65 61 93 42 47 76 84 56 69 44 47 50 38 78 60 28 31 90 24 41 76 35 82 59 35 49 54 3 86 77 66 45 68 43 73 44 49 13 81 34 64 87 39 69 52 67 76 87 76 88 76 31 11 56 81 57 87 80 91 102 22 87 9 76 89 23 75 69 83 47 44 62 31 43 29 67 93 3 22 72 50 34 59 33 64 66 28 40 56 40 30 6 78 0 44 89 89 88 21 55 90 73 41 88 37 80 48 61 69 92 4 
68 74 68 68 68 20 42 44 35 51 18 53 49 33 29 26 30 35 36 47 48 38 23 59 33 33 48 31 25 28 10 12 30 34 55 48 32 44 45 9 62 33 27 53 24 25 46 12 24 36 41 32 49 31 42 31 49 38 10 41 39 14 30 3 45 24 27 33 30 28 23 45 26 38 39 46 48 35 47 22 14 41 49 33 42 29 36 22 35 63 49 32 46 56 19 47 58 35 25 22 34 50 35 53 33 13 45 42 39 30 43 36 48 63 24 48 45 41 45 35 31 30 38 21 24 18 41 9 58 35 51 42 36 36 46 20 16 35 34 23 26 15 13 12 42 50 33 44 0 49 49 51 25 34 48 44 28 43 14 35 54 39 25 49 46 
94 122 94 94 94 30 28 6 42 65 54 102 10 22 78 50 58 14 19 63 65 79 33 108 75 32 97 23 24 71 56 60 20 56 6 70 20 94 85 41 111 27 77 66 58 24 11 36 25 23 78 27 37 29 80 30 43 58 42 66 30 35 55 47 92 68 54 26 31 77 58 27 65 86 62 95 71 75 96 65 51 85 7 24 79 75 68 46 58 112 96 75 68 105 36 2 108 64 67 36 16 10 14 71 44 61 92 85 49 35 30 42 49 70 67 61 92 65 18 84 23 55 38 66 70 33 90 57 89 24 9 85 72 61 93 54 44 84 28 26 75 64 36 48 92 93 36 89 49 0 1 6 73 41 6 76 76 27 52 34 103 79 26 51 89 
93 123 93 93 93 30 30 7 41 67 55 102 8 24 79 50 57 15 18 64 67 78 33 108 76 31 97 24 24 72 56 60 20 58 5 71 21 94 85 42 111 29 77 67 59 24 13 37 25 22 79 28 39 30 81 29 44 57 42 68 32 35 56 47 92 69 53 27 30 78 58 28 65 87 63 96 72 76 97 66 52 85 6 25 80 76 69 46 60 113 97 75 69 106 37 2 108 65 68 37 17 8 15 73 46 61 93 86 51 34 31 44 51 72 67 63 92 66 19 85 24 56 40 66 71 33 91 57 88 23 11 85 71 63 94 54 45 85 27 27 76 64 37 48 92 92 37 89 49 1 0 5 73 40 8 77 76 28 52 35 103 80 27 53 89 
90 125 90 90 90 31 35 12 39 71 57 104 4 28 80 48 56 18 17 69 71 78 32 110 79 29 97 28 26 75 57 61 20 62 6 75 25 96 84 42 113 33 78 72 62 26 18 38 26 20 83 32 44 34 84 27 49 55 43 72 37 36 60 48 95 71 52 31 29 79 57 34 64 89 67 97 76 79 98 68 55 85 2 29 84 78 73 45 63 114 99 75 74 107 40 5 109 69 71 41 20 3 18 77 50 62 93 88 55 32 36 48 56 77 66 67 92 70 24 86 28 60 45 69 73 36 92 59 86 21 16 85 70 67 96 54 48 86 25 29 77 66 38 48 94 92 41 88 51 6 5 0 74 38 13 81 78 33 51 39 105 83 30 58 88 
55 56 55 55 55 43 67 69 46 68 36 35 71 59 12 33 30 60 57 64 65 20 42 41 35 50 23 57 49 32 16 13 53 52 79 63 58 26 25 31 44 58 8 71 39 49 71 36 48 56 45 57 73 56 47 49 73 40 31 56 64 38 48 26 34 29 31 59 48 11 22 71 18 27 55 28 61 39 28 29 33 17 72 58 47 27 48 33 52 43 38 13 60 34 44 71 37 48 31 47 59 73 59 67 55 12 19 39 60 46 68 59 70 81 12 66 19 56 71 13 57 48 62 26 24 44 22 22 43 55 76 19 25 51 37 24 39 20 52 48 9 19 38 26 23 27 58 21 25 73 73 74 0 47 73 53 23 68 23 59 39 43 51 71 24 
53 103 53 53 53 22 55 40 1 80 51 82 34 43 57 14 19 35 22 76 78 43 15 87 67 8 68 42 28 63 33 38 26 65 44 80 39 73 48 25 90 47 54 82 57 28 46 27 24 18 75 45 65 46 77 12 68 17 24 74 54 27 61 31 77 59 17 46 10 56 24 57 31 70 70 74 80 70 75 57 47 52 35 44 77 63 70 14 66 90 81 42 78 81 40 38 85 68 60 44 37 35 34 83 58 38 62 76 65 7 56 59 71 90 35 76 61 73 50 60 41 61 58 55 58 36 69 44 48 17 49 51 34 68 79 23 44 65 13 32 53 49 31 23 70 57 53 55 34 41 40 38 47 0 45 78 61 55 24 53 85 74 37 73 54 
98 120 98 98 98 31 22 4 46 59 50 100 16 18 77 53 60 13 23 57 60 80 35 106 72 36 96 19 24 68 56 60 21 52 11 64 17 92 87 42 109 23 76 60 54 23 5 36 26 27 74 22 31 24 76 33 36 62 43 61 25 34 51 47 89 65 56 21 35 76 60 20 67 84 57 94 65 71 95 62 48 86 14 19 75 73 63 48 53 111 93 76 63 104 33 8 106 60 65 33 14 16 13 66 39 61 93 81 44 38 23 37 43 64 68 56 92 60 11 84 19 50 33 63 68 31 89 55 92 28 3 87 74 57 90 56 41 83 32 25 74 62 35 49 91 94 30 90 48 6 8 13 73 45 0 71 74 20 53 28 100 75 24 45 91 
108 62 108 108 108 59 51 70 79 23 27 49 81 53 43 71 74 62 72 21 19 73 65 53 19 75 63 52 58 21 51 48 64 20 82 14 56 47 79 53 55 48 47 25 21 58 67 52 60 74 9 49 49 47 9 72 44 83 54 11 48 52 21 48 34 23 72 50 72 44 66 55 66 36 15 48 12 14 48 25 31 70 80 52 8 27 8 67 18 59 36 66 13 60 42 76 58 12 21 40 60 82 63 18 32 49 66 21 30 73 51 35 37 35 61 24 67 12 62 50 53 21 40 27 28 47 47 37 96 74 72 72 76 14 33 63 35 41 75 53 44 35 48 57 49 79 41 73 44 76 77 81 53 78 71 0 31 53 58 43 45 12 51 36 77 
78 46 78 78 78 49 61 70 61 51 25 26 77 56 12 50 50 61 64 47 47 43 51 32 12 62 32 54 52 10 28 23 58 37 82 43 57 19 48 38 35 53 15 53 24 52 70 41 52 64 23 53 64 51 24 59 62 59 38 37 58 42 33 31 16 11 49 55 59 12 41 65 39 10 37 21 42 17 22 12 25 38 77 55 24 4 28 47 35 37 20 36 41 33 40 74 34 30 12 41 60 78 61 48 44 23 34 17 47 58 61 48 56 63 33 49 35 37 68 19 54 34 53 10 6 43 17 19 66 63 76 40 47 33 18 40 33 11 62 49 13 12 40 37 20 47 50 41 28 76 76 78 23 61 74 31 0 63 37 52 26 20 50 57 45 
104 108 104 104 104 34 2 21 56 39 38 89 35 12 69 58 65 20 35 37 40 80 41 95 58 47 90 13 27 55 53 55 29 33 32 44 15 82 87 41 97 10 69 39 40 26 15 35 30 39 58 11 11 12 59 43 16 69 42 43 5 33 34 43 76 52 61 10 44 69 61 2 67 73 38 84 46 56 85 50 37 84 33 11 59 60 46 53 35 100 80 75 43 96 24 28 97 42 51 21 18 36 21 45 21 56 88 67 24 47 3 17 22 43 66 35 88 41 9 76 14 33 13 52 56 25 80 47 97 40 19 85 76 39 77 58 30 73 43 24 67 53 32 49 82 93 13 88 43 27 28 33 68 55 20 53 63 0 53 10 88 59 19 24 90 
54 79 54 54 54 21 52 48 24 66 33 58 48 41 32 13 15 39 34 62 63 28 19 63 44 27 46 40 29 40 9 13 31 49 56 63 39 48 34 12 66 43 29 68 38 29 51 17 26 32 54 41 60 41 55 26 61 24 10 56 50 19 44 11 53 36 13 42 25 31 9 55 14 45 54 50 62 48 51 34 29 33 49 41 55 39 51 10 49 66 56 23 61 57 30 49 61 49 38 34 39 50 39 67 46 13 41 53 53 23 53 49 61 78 15 62 40 56 53 36 39 45 51 32 34 27 44 21 44 31 56 34 23 50 55 5 29 40 29 29 29 25 21 3 45 41 45 37 14 52 52 51 23 24 53 58 37 53 0 46 60 52 33 63 37 
100 97 100 100 100 30 8 27 54 31 27 78 41 12 59 54 60 22 37 29 32 73 38 84 47 46 80 12 25 44 45 47 29 23 39 36 16 72 80 34 87 6 59 32 29 24 23 29 28 40 47 8 14 7 49 42 15 65 36 33 5 28 23 36 66 42 56 8 43 59 55 13 61 62 28 73 37 45 74 39 27 76 39 10 48 50 36 48 25 90 70 67 34 85 16 34 86 32 41 12 20 42 23 37 10 48 79 56 15 46 8 8 18 38 59 28 79 31 18 66 13 23 5 41 46 19 69 37 91 40 28 77 70 28 66 51 20 63 43 21 57 43 25 43 71 85 2 80 35 34 35 39 59 53 28 43 52 10 46 0 77 48 16 20 82 
89 19 89 89 89 75 86 97 85 68 50 6 104 82 28 72 70 88 91 65 64 56 77 8 31 87 29 81 79 33 52 47 84 58 109 59 83 13 58 64 9 80 31 70 48 79 97 67 79 90 35 79 88 77 35 85 85 80 64 54 83 69 56 57 11 35 71 81 84 29 62 90 58 16 57 12 57 34 12 38 52 47 103 81 36 27 46 71 57 14 8 50 58 18 67 101 15 49 36 68 86 105 88 63 68 47 36 24 70 83 86 73 78 80 52 68 38 56 94 27 81 56 77 37 32 69 17 46 77 89 102 49 63 54 12 63 59 20 88 76 31 39 66 62 17 53 75 48 54 103 103 105 39 85 100 45 26 88 60 77 0 33 76 79 52 
98 51 98 98 98 57 57 73 75 35 25 36 82 56 32 65 67 64 72 32 31 63 62 40 7 73 50 55 58 11 43 40 64 27 85 27 59 34 68 49 42 52 35 37 20 58 71 49 60 73 3 52 57 51 4 70 53 76 50 21 54 50 25 43 21 15 65 54 70 33 58 61 58 23 24 35 25 4 36 17 29 59 81 55 4 16 14 61 25 47 24 56 25 47 43 78 46 17 14 42 62 84 65 31 38 40 54 8 38 70 57 42 46 47 52 35 55 23 66 38 56 26 47 19 18 47 34 30 86 72 76 61 67 21 20 56 35 29 72 54 33 26 47 51 36 68 46 61 39 79 80 83 43 74 75 12 20 59 52 48 33 0 52 46 65 
85 96 85 85 85 15 19 20 38 45 27 76 30 8 53 38 45 11 22 42 44 61 22 82 48 30 73 6 9 45 34 37 14 33 32 47 7 68 68 21 85 10 53 46 32 8 20 15 12 25 52 8 28 8 54 26 31 50 23 42 18 13 30 24 65 41 41 9 27 53 42 22 48 60 38 70 48 48 71 39 25 65 29 8 53 49 42 33 34 87 69 56 45 81 9 25 82 39 41 10 10 31 12 50 22 38 70 58 29 30 20 22 34 54 47 41 70 41 19 60 6 30 21 39 44 7 65 31 77 25 26 66 56 37 66 38 17 59 27 5 51 38 12 29 67 74 16 69 25 26 27 30 51 37 24 51 50 19 33 16 76 52 0 35 70 
117 97 117 117 117 50 23 45 74 15 34 81 60 32 67 72 77 42 57 15 18 87 57 86 48 66 88 32 45 47 59 60 49 20 56 23 36 77 94 52 88 27 68 15 33 44 40 47 48 60 44 28 15 27 44 62 9 84 54 25 21 46 24 51 67 46 74 28 63 67 72 25 76 65 22 78 25 44 79 45 37 88 58 30 44 54 32 66 22 92 70 81 23 90 33 52 90 29 44 29 40 60 43 23 16 61 89 55 10 66 21 13 2 18 73 13 89 23 33 75 33 23 14 47 51 37 75 48 107 60 44 90 86 24 67 68 33 68 63 40 66 51 43 60 77 98 19 92 49 51 53 58 71 73 45 36 57 24 63 20 79 46 35 0 94 
37 63 37 37 37 59 88 86 53 93 60 46 85 79 33 40 34 77 71 89 89 10 56 50 58 60 23 77 67 55 36 34 69 76 94 87 77 39 6 49 52 79 29 95 63 67 89 55 64 68 68 78 96 77 70 61 96 40 48 80 86 57 72 46 52 53 37 79 60 32 31 92 23 45 79 40 86 63 40 53 57 6 86 79 70 49 72 43 76 48 54 14 85 38 65 87 43 72 55 69 77 86 77 92 79 34 15 61 84 56 89 82 93 106 23 90 14 80 90 28 76 72 85 50 48 64 36 46 25 67 94 4 20 75 55 34 62 38 64 67 32 44 57 41 35 3 80 4 46 89 89 88 24 54 91 77 45 90 37 82 52 65 70 94 0 
