160 9245.46 0 1680 14 120
5.58 61.61 27.23 87.68 72.03 23.47 59.8 63.97 48.84 65.38 68.32 94.53 60.82 40.95 75.88 80.42 38.97 57.26 64.28 98.69 90.18 7.74 52.11 72.01 7.58 65.46 52.25 87.63 59.5 30.9 47.68 46.36 78.94 35.99 57.56 7.06 9.32 91.94 27.58 23.71 69.47 36.7 14.54 91.27 9.94 9.45 96.73 50.64 90.56 35.47 5.59 95.95 36.96 59.34 69.94 61.72 40.0 3.14 37.27 83.64 8.03 63.91 70.37 51.07 71.32 24.02 15.4 68.89 5.32 19.85 53.97 14.29 17.12 49.55 28.34 46.27 75.91 29.97 47.37 97.3 12.42 47.99 1.24 58.29 60.21 71.52 27.18 40.37 61.69 1.49 4.38 53.33 47.61 74.15 69.32 42.43 57.81 94.24 40.59 1.31 82.56 98.46 26.69 25.59 69.3 86.76 8.57 76.21 7.36 50.91 93.49 19.33 13.76 30.14 92.67 97.76 13.26 97.35 7.36 63.69 37.62 26.97 79.81 95.8 17.97 96.36 43.23 61.87 62.24 79.74 19.1 1.56 19.64 91.77 4.96 61.38 57.95 2.79 16.34 36.08 2.27 38.67 35.84 95.7 73.91 60.87 45.58 58.64 37.57 38.38 74.55 60.1 20.1 41.28 26.41 62.72 91.1 26.73 5.36 35.62 
77.62 77.86 86.42 47.07 54.42 59.56 32.1 67.56 56.06 64.29 44.33 70.4 65.04 60.48 29.92 65.95 77.95 18.19 89.92 62.31 49.71 63.06 78.57 32.37 26.45 83.94 24.8 36.28 37.65 28.47 69.0 44.06 74.96 62.69 20.83 54.54 34.34 43.97 46.02 66.95 56.24 40.13 61.04 33.19 65.8 86.79 59.25 65.99 84.7 22.56 24.1 36.34 84.55 24.34 70.05 77.73 88.54 36.1 16.9 47.3 20.19 21.03 80.4 64.05 10.65 69.93 17.32 83.84 48.67 84.51 28.39 22.54 59.86 84.81 17.3 31.85 53.72 82.98 15.26 75.31 23.35 74.24 37.24 58.29 78.76 31.07 18.77 46.62 20.67 66.69 58.01 17.88 60.69 18.18 40.7 15.96 40.36 34.66 63.66 79.4 48.89 63.74 34.74 73.16 43.9 82.7 26.01 53.77 13.82 23.17 78.16 48.38 27.52 17.91 89.14 29.89 16.6 20.84 21.27 45.47 45.9 69.31 72.44 87.18 21.33 53.45 15.65 73.98 29.4 79.52 24.23 13.66 44.98 34.63 44.99 14.4 52.23 28.66 46.19 27.08 18.09 43.6 74.79 62.09 70.79 73.98 82.51 46.92 41.5 53.54 35.62 54.13 60.89 48.12 50.84 43.09 72.25 78.33 88.45 52.59 
1 6 3 8 7 3 6 6 5 6 7 9 6 4 7 8 4 6 6 9 9 1 5 7 1 6 5 8 6 3 5 5 8 4 6 1 1 9 3 3 7 4 2 9 1 1 9 5 9 4 1 9 4 6 7 6 4 1 4 8 1 6 7 5 7 3 2 7 1 2 5 2 2 5 3 5 7 3 5 9 2 5 1 6 6 7 3 4 6 1 1 5 5 7 7 4 6 9 4 1 8 9 3 3 7 8 1 7 1 5 9 2 2 3 9 9 2 9 1 6 4 3 8 9 2 9 4 6 6 8 2 1 2 9 1 6 6 1 2 4 1 4 4 9 7 6 5 6 4 4 7 6 2 4 3 6 9 3 1 4 
1 2 3 4 5 6 7 8 9 10 11 12 13 14 15 16 17 18 19 20 21 22 23 24 25 26 27 28 29 30 31 32 33 34 35 36 37 38 39 40 41 42 43 44 45 46 47 48 49 50 51 52 53 54 55 56 57 58 59 60 61 62 63 64 65 66 67 68 69 70 71 72 73 74 75 76 77 78 79 80 81 82 83 84 85 86 87 88 89 90 91 92 93 94 95 96 97 98 99 100 101 102 103 104 105 106 107 108 109 110 111 112 113 114 115 116 117 118 119 120 121 122 123 124 125 126 127 128 129 130 131 132 133 134 135 136 137 138 139 140 141 142 143 144 145 146 147 148 149 150 151 152 153 154 155 156 157 158 159 160 
2 3 1 3 1 1 3 3 2 3 1 2 3 2 1 3 2 3 3 2 2 2 2 1 2 3 2 3 3 1 2 2 3 2 3 2 2 2 1 1 1 2 1 2 2 2 2 2 2 2 2 2 2 3 1 3 2 2 2 3 2 3 1 2 1 1 1 1 2 1 2 1 1 2 1 2 1 1 2 2 1 2 2 3 3 1 1 2 3 2 2 2 2 1 1 2 3 2 2 2 3 2 1 1 1 3 2 1 2 2 2 1 1 1 2 2 1 2 2 3 2 1 3 2 1 2 2 3 3 3 1 2 1 2 2 3 3 2 1 2 2 2 2 2 1 3 2 3 2 2 1 3 1 2 1 3 2 1 2 2 
1 2 2 2 3 2 2 2 1 2 3 1 2 3 3 2 3 2 2 1 1 1 1 3 1 2 1 2 2 2 1 1 2 3 2 1 1 1 2 2 3 3 1 1 1 1 1 1 1 3 1 1 3 2 3 2 3 1 3 2 1 2 3 1 3 2 1 3 1 1 1 1 1 1 2 1 3 2 1 1 1 1 1 2 2 3 2 3 2 1 1 1 1 3 3 3 2 1 3 1 2 1 2 2 3 2 1 3 1 1 1 1 1 2 1 1 1 1 1 2 3 2 2 1 1 1 3 2 2 2 1 1 1 1 1 2 2 1 1 3 1 3 3 1 3 2 1 2 3 3 3 2 1 3 2 2 1 2 1 3 
3 2 6 6 6 8 9 6 2 3 10 3 1 10 10 7 4 8 3 10 6 8 5 5 6 7 6 6 9 9 5 4 8 3 3 1 9 5 10 2 10 6 3 2 8 4 2 5 8 9 4 8 6 3 9 6 6 2 6 4 8 1 1 8 6 4 7 3 1 2 9 2 8 4 3 4 5 5 4 1 4 8 6 3 8 4 3 6 8 4 7 3 3 6 5 7 6 2 1 9 5 5 8 10 8 6 7 1 8 3 5 1 6 6 5 5 7 4 5 10 9 2 7 7 3 10 3 10 5 8 1 8 4 8 4 8 3 6 3 7 9 4 6 2 7 7 6 5 6 1 9 6 4 5 6 9 7 5 2 1 
4487.52 3331.1 3984.11 4492.08 4545.59 4135.31 3577.74 4632.51 3330.31 4137.16 4598.88 3109.7 3946.59 4749.71 4753.22 3733.61 4170.1 4143.07 3596.57 4716.45 4236.5 4144.48 3097.9 3096.75 4190.49 4035.66 4599.28 4429.07 3643.8 3722.27 3090.52 4227.4 4122.09 3628.29 3957.28 4307.8 3776.68 3093.37 4630.25 3327.79 4810.97 4500.89 3169.88 3325.35 4129.94 4088.1 3324.45 3096.89 4126.46 3636.34 3986.03 4119.4 4228.34 3144.86 3742.81 4405.22 4600.6 3324.95 4350.53 3990.56 4127.28 4429.82 3637.38 4140.18 4318.41 4289.06 4342.98 3574.34 3572.44 3327.35 3779.12 3324.74 4127.37 4288.27 4201.61 4248.96 3096.15 3101.3 4075.46 3995.84 4050.17 4143.71 4064.06 3599.6 4119.15 3989.65 3090.19 4132.58 4149.66 4152.07 3653.02 3450.28 3990.92 4165.46 3090.79 3848.0 4720.5 3332.52 4012.85 3877.75 3088.72 3097.47 4117.05 4599.14 4120.44 4281.87 4429.41 4001.27 4154.12 3652.46 3093.31 3297.31 4552.94 4692.24 3087.9 3088.39 4385.94 4100.3 3098.6 4764.68 3449.98 3328.22 4267.59 3962.79 3461.78 4691.41 4236.87 4790.83 3102.28 4116.83 4131.65 4119.45 4036.67 4151.61 4258.27 4116.98 4314.43 4510.31 3339.77 4081.84 3537.01 4251.4 4552.87 3329.22 4434.94 4315.44 4397.09 3102.34 4410.21 3999.31 3826.47 4520.1 4045.78 3089.87 4065.61 3757.18 4012.04 3089.95 3329.41 3827.83 
0.57 0.24 0.3 0.71 0.44 0.74 0.9 0.31 0.22 0.57 0.25 0.56 0.76 0.31 0.34 0.57 0.27 0.78 0.6 0.32 0.84 0.86 0.2 0.24 0.49 0.42 0.4 0.88 0.76 0.88 0.13 0.51 0.52 0.6 0.6 0.41 0.87 0.11 0.25 0.2 0.36 0.32 0.56 0.21 0.68 0.33 0.23 0.21 0.54 0.95 0.42 0.76 0.77 0.6 0.76 0.58 0.59 0.21 0.36 0.51 0.64 0.45 0.86 0.79 0.57 0.38 0.73 0.59 0.91 0.22 0.9 0.25 0.74 0.23 0.59 0.27 0.23 0.13 0.56 0.49 0.55 0.72 0.84 0.56 0.7 0.26 0.56 0.55 0.81 0.26 0.43 0.57 0.59 0.46 0.17 0.53 0.62 0.25 0.93 0.8 0.25 0.19 0.75 0.14 0.62 0.87 0.76 0.88 0.75 0.56 0.2 0.55 0.88 0.88 0.12 0.16 0.63 0.25 0.21 0.32 0.92 0.2 0.64 0.78 0.59 0.31 0.61 0.1 0.16 0.56 0.34 0.83 0.3 0.53 0.4 0.79 0.56 0.78 0.56 0.81 0.92 0.43 0.62 0.17 0.78 0.5 0.74 0.14 0.59 0.87 0.95 0.59 0.28 0.18 0.67 0.93 0.4 0.2 0.23 0.96 
1.0 0.73 0.7 0.53 1.0 1.0 0.79 1.0 0.52 0.67 1.0 0.73 0.87 0.95 0.63 1.0 1.0 0.56 1.0 0.68 1.0 0.54 0.67 0.74 1.0 0.86 0.65 1.0 0.69 0.73 0.62 0.57 0.95 0.56 0.82 1.0 0.8 0.92 0.84 0.56 0.97 0.6 0.67 0.66 0.68 0.94 0.91 0.73 0.71 0.93 0.79 0.59 1.0 0.51 1.0 0.6 0.52 0.63 1.0 0.6 0.88 0.59 0.57 0.92 0.99 1.0 1.0 1.0 0.61 0.58 0.97 0.75 1.0 0.58 0.82 0.56 0.62 0.89 0.6 0.72 0.91 0.58 0.66 0.77 1.0 0.88 0.72 1.0 0.91 1.0 0.96 0.93 0.51 0.95 0.68 0.77 0.58 0.99 0.76 0.85 0.63 0.66 1.0 0.97 0.79 0.83 1.0 1.0 0.59 0.83 0.9 1.0 0.7 0.78 0.68 0.82 0.99 0.9 0.73 0.58 0.58 0.75 0.94 1.0 0.72 0.5 0.5 0.96 1.0 0.55 0.56 0.8 0.56 0.55 1.0 1.0 0.8 0.96 0.61 0.87 1.0 0.99 0.95 0.68 0.58 0.85 0.72 1.0 0.56 0.81 0.6 0.71 0.7 1.0 0.88 0.64 0.63 1.0 0.85 0.87 
1.0 0.83 0.65 0.64 0.55 0.9 0.84 0.71 0.69 0.81 0.7 0.94 0.76 0.92 0.69 0.93 0.75 0.75 0.85 0.97 0.79 0.64 0.72 0.84 0.72 1.0 0.64 0.91 0.99 0.83 0.73 0.54 0.82 0.75 0.92 0.99 0.6 1.0 1.0 0.68 1.0 0.95 0.65 0.69 1.0 0.61 1.0 0.96 0.91 0.95 0.97 0.57 0.55 0.86 0.61 1.0 0.56 0.83 0.66 1.0 0.79 0.64 1.0 1.0 0.98 1.0 0.83 0.84 0.98 0.54 0.59 0.97 0.85 0.54 0.97 1.0 1.0 0.51 0.71 0.72 1.0 0.58 0.82 0.97 0.55 0.88 0.79 0.65 0.85 0.55 0.97 1.0 0.85 0.5 0.56 0.99 0.67 0.97 0.8 1.0 1.0 0.95 0.97 0.83 0.7 0.85 0.9 0.97 0.7 0.63 0.68 0.84 0.77 0.8 0.56 0.53 0.62 0.9 0.99 1.0 0.75 0.79 0.64 0.52 0.81 1.0 0.81 0.88 0.98 0.85 0.68 0.64 0.74 1.0 0.72 0.64 0.67 0.65 1.0 1.0 0.67 0.61 0.74 0.99 0.68 0.98 0.52 0.92 0.83 0.97 0.91 1.0 1.0 0.74 0.96 0.91 0.55 0.78 0.95 0.73 
0.66 0.92 0.8 0.76 0.86 1.0 0.52 0.72 0.88 1.0 0.96 0.61 0.73 0.75 0.65 0.75 0.91 1.0 0.75 1.0 0.74 0.87 0.55 0.65 0.56 0.53 0.95 0.95 1.0 0.51 1.0 1.0 1.0 0.86 1.0 0.55 0.5 1.0 0.68 0.63 0.8 0.63 0.6 0.58 0.97 1.0 0.68 0.61 0.69 0.56 1.0 0.87 0.69 0.81 0.72 1.0 0.8 0.72 0.67 1.0 0.6 0.91 1.0 0.63 1.0 0.86 0.64 0.82 0.87 0.53 0.54 0.76 0.77 0.68 0.86 0.5 1.0 0.74 0.87 1.0 0.78 0.59 0.58 0.57 0.97 0.54 0.66 1.0 0.88 0.93 0.63 1.0 0.9 0.61 0.87 0.6 1.0 0.9 0.82 0.6 0.73 0.52 0.98 0.92 0.81 0.91 0.89 0.92 0.56 0.87 1.0 0.65 0.9 0.71 0.55 0.84 1.0 0.75 0.69 0.67 0.94 1.0 0.95 0.75 0.89 0.62 0.55 0.51 0.65 0.68 0.61 0.96 1.0 0.99 0.92 1.0 0.66 0.86 1.0 1.0 1.0 1.0 0.91 0.9 1.0 0.68 0.71 0.64 0.67 0.65 1.0 0.73 1.0 1.0 0.93 0.66 0.73 0.79 0.66 0.84 
0.61 0.96 0.95 1.0 1.0 0.79 0.74 0.6 1.0 0.97 0.85 0.97 1.0 0.99 0.88 0.54 0.67 0.91 0.54 0.73 0.52 0.67 0.88 0.88 0.59 1.0 0.65 1.0 0.69 0.77 0.5 1.0 0.53 0.53 0.86 0.6 0.92 0.98 0.82 0.98 0.6 0.88 0.67 0.58 0.99 1.0 0.9 0.93 0.68 1.0 1.0 0.95 0.66 0.95 1.0 0.84 0.74 0.8 0.89 1.0 1.0 1.0 0.52 0.7 1.0 1.0 0.58 0.83 0.63 0.86 0.78 0.52 0.71 0.8 0.81 0.62 0.57 1.0 0.65 0.61 0.67 0.55 0.71 0.98 0.65 1.0 0.73 1.0 0.91 0.8 0.78 0.74 0.91 0.58 0.61 0.96 0.9 0.93 1.0 0.79 0.83 0.98 0.52 1.0 0.54 0.98 1.0 0.59 0.77 1.0 1.0 0.6 0.96 0.92 0.87 1.0 0.9 0.73 0.75 0.64 0.74 0.93 0.79 0.97 0.88 0.52 1.0 0.96 1.0 1.0 0.79 0.63 1.0 0.86 0.77 0.56 0.7 0.56 0.83 0.57 0.63 0.84 0.6 0.65 0.74 0.86 0.52 0.53 0.71 0.82 1.0 0.75 0.7 0.91 0.72 0.81 1.0 0.9 0.51 0.6 
0.78 0.82 0.56 0.62 0.77 0.67 1.0 0.86 0.84 0.5 0.76 0.72 0.72 1.0 0.87 0.82 0.69 1.0 0.85 0.89 1.0 1.0 1.0 0.73 0.72 0.72 0.73 0.59 0.56 0.87 0.83 0.84 1.0 0.95 0.66 1.0 0.89 0.66 0.93 0.51 0.52 0.58 0.65 0.97 0.54 1.0 0.87 0.65 0.8 0.54 0.61 0.91 0.59 0.92 1.0 0.52 1.0 0.89 1.0 1.0 0.8 0.95 0.54 1.0 0.73 0.62 0.74 1.0 0.64 0.75 0.78 0.74 0.95 0.98 0.88 0.72 0.7 0.52 0.96 0.87 1.0 0.93 0.85 1.0 0.81 0.83 0.54 0.55 0.76 0.5 1.0 0.76 1.0 0.84 1.0 0.66 0.97 0.61 0.57 0.69 0.78 0.87 0.86 0.65 0.91 0.82 0.71 0.64 0.9 0.64 0.51 1.0 1.0 0.7 0.6 0.82 0.86 0.78 0.61 0.87 0.92 0.84 0.7 0.91 0.97 1.0 0.84 0.69 0.75 0.62 0.89 0.7 1.0 0.72 0.76 0.81 1.0 0.64 0.89 0.84 0.71 1.0 0.86 0.64 0.53 0.71 0.68 1.0 0.74 1.0 0.9 0.83 0.86 0.58 0.83 0.89 0.7 0.54 1.0 0.6 
0.31 0.44 0.19 0.16 0.36 0.48 0.26 0.26 0.26 0.26 0.43 0.29 0.35 0.65 0.21 0.31 0.31 0.38 0.29 0.42 0.3 0.2 0.24 0.26 0.17 0.33 0.19 0.51 0.26 0.21 0.19 0.26 0.42 0.18 0.42 0.33 0.2 0.59 0.43 0.12 0.25 0.18 0.11 0.15 0.35 0.57 0.49 0.26 0.24 0.27 0.46 0.25 0.15 0.31 0.44 0.26 0.17 0.27 0.39 0.6 0.34 0.33 0.16 0.41 0.7 0.54 0.23 0.57 0.21 0.11 0.19 0.21 0.44 0.17 0.48 0.13 0.24 0.17 0.23 0.28 0.48 0.1 0.19 0.41 0.28 0.35 0.15 0.36 0.47 0.21 0.46 0.53 0.36 0.14 0.2 0.29 0.34 0.49 0.29 0.28 0.29 0.28 0.43 0.49 0.22 0.51 0.57 0.34 0.16 0.29 0.32 0.33 0.47 0.29 0.11 0.3 0.48 0.35 0.23 0.22 0.28 0.46 0.31 0.34 0.44 0.16 0.19 0.29 0.48 0.2 0.17 0.22 0.41 0.33 0.39 0.29 0.25 0.19 0.45 0.42 0.3 0.51 0.33 0.25 0.16 0.34 0.09 0.31 0.16 0.41 0.49 0.32 0.42 0.4 0.47 0.28 0.18 0.3 0.27 0.19 
1173.55 1243.63 748.38 1023.84 994.18 1120.98 1016.23 776.77 1170.95 1208.45 945.42 1245.37 1575.29 1318.01 1516.6 1510.36 610.45 1121.51 1007.89 1419.1 1258.19 859.24 878.08 850.05 1005.75 1220.89 785.97 1190.75 969.72 1265.77 845.79 765.89 803.02 1056.48 1703.13 1471.58 1168.46 969.76 1343.67 1262.11 1483.11 1038.08 1350.92 1453.11 870.35 656.7 1144.07 842.72 965.69 1244.46 559.04 1038.27 1199.28 1369.48 891.33 907.12 848.29 1199.78 801.5 556.78 1256.62 1410.56 1976.7 993.56 819.15 779.49 1898.48 1264.82 1471.4 1403.87 1102.59 1142.62 851.42 535.33 1577.92 660.06 1062.47 1135.85 628.87 1235.53 676.37 905.93 1300.4 1086.88 903.27 708.18 807.85 1106.71 875.12 600.96 1436.84 1283.83 1322.72 787.93 783.27 1842.17 880.81 1172.64 1606.29 1045.42 902.43 987.38 1044.18 998.47 791.1 1066.32 2026.95 1749.13 749.32 931.64 857.81 1464.76 1204.94 1105.36 945.13 907.89 1659.1 717.2 1071.75 1225.36 1240.65 1002.92 1931.57 1795.6 1146.04 1357.6 1173.98 962.66 808.56 635.15 1329.5 895.93 660.27 868.76 659.25 1009.36 1155.39 818.56 1151.38 2125.4 1224.78 665.74 616.2 1263.88 2149.21 1565.52 1080.5 1088.29 1028.67 2014.77 1302.12 1135.85 610.16 859.4 1112.79 1207.58 1721.33 1018.03 1370.18 1977.21 
325.85 593.41 170.65 188.28 314.86 605.75 227.19 201.34 276.23 347.3 433.09 343.55 584.02 827.43 368.9 429.95 169.26 404.92 328.38 599.31 364.23 218.46 230.06 214.78 161.22 329.67 152.79 618.17 277.4 236.73 150.14 216.96 331.81 163.57 729.23 346.89 235.14 613.49 650.18 167.87 381.47 157.04 124.04 211.69 309.79 400.82 579.7 231.56 231.79 334.01 258.07 259.65 181.39 414.68 415.64 248.9 181.1 290.97 338.28 319.65 413.05 457.28 313.57 431.9 585.15 425.0 352.21 786.06 322.8 108.6 212.82 248.67 362.2 75.66 763.64 64.12 280.51 197.0 161.11 381.79 308.12 56.86 212.86 360.32 249.0 248.77 123.86 358.86 469.63 121.43 677.93 643.91 450.01 119.95 189.05 489.61 256.64 534.76 457.42 268.99 229.46 268.63 430.52 482.93 197.3 551.9 1187.07 557.21 133.73 275.43 253.75 441.35 597.73 363.56 85.61 202.04 745.69 244.06 185.36 282.36 345.73 391.17 543.59 622.14 464.47 209.61 235.16 267.21 389.42 112.56 195.07 211.13 270.42 330.75 273.19 286.89 225.85 152.53 552.25 1024.95 392.7 362.96 230.47 344.25 287.58 486.18 93.67 299.19 150.92 681.15 659.98 363.11 236.01 310.43 491.45 317.67 253.8 282.55 362.01 333.09 
5367.75 5718.16 3241.91 4619.21 4470.91 5104.91 4581.16 3383.84 5354.76 5542.23 4227.09 5726.85 7376.44 6090.04 7083.01 7051.78 2552.24 5107.54 4539.43 6595.51 5790.96 3796.18 3890.38 3750.23 4528.74 5604.47 3429.86 5453.73 4348.58 5828.86 3728.94 3329.43 3515.08 4782.38 8015.66 6857.91 5342.28 4348.81 6218.35 5810.53 6915.54 4690.42 6254.58 6765.53 3851.77 2783.52 5220.36 3713.58 4328.44 5722.29 2295.18 4691.35 5496.39 6347.4 3956.64 4035.62 3741.44 5498.91 3507.5 2283.89 5783.09 6552.8 9383.49 4467.8 3595.77 3397.45 8992.42 5824.12 6857.01 6519.37 5012.96 5213.09 3757.11 2176.65 7389.59 2800.32 4812.33 5179.24 2644.35 5677.65 2881.83 4029.67 6002.0 4934.41 4016.37 3040.91 3539.24 5033.53 3875.58 2504.81 6684.19 5919.17 6113.59 3439.67 3416.37 8710.86 3904.07 5363.2 7531.45 4727.12 4012.15 4436.91 4720.91 4492.34 3455.48 4831.58 9634.74 8245.65 3246.59 4158.19 3789.06 6823.81 5524.69 5026.81 4225.67 4039.44 7795.48 3085.98 4858.74 5626.78 5703.26 4514.58 9157.87 8478.02 5230.19 6287.98 5369.88 4313.3 3542.78 2675.76 6147.5 3979.64 2801.33 3843.78 2796.26 4546.81 5276.93 3592.78 5256.88 10127.01 5623.88 2828.71 2581.01 5819.42 10246.07 7327.58 4902.48 4941.46 4643.35 9573.87 6010.59 5179.24 2550.79 3796.98 5063.94 5537.9 8106.65 4590.17 6350.89 9386.07 
1129.24 2467.03 353.25 441.42 1074.32 2528.73 635.93 506.7 881.14 1236.5 1665.44 1217.74 2420.08 3637.15 1344.5 1649.75 346.3 1524.62 1141.89 2496.54 1321.14 592.29 650.29 573.9 306.09 1148.34 263.93 2590.87 886.98 683.63 250.7 584.81 1159.03 317.84 3146.17 1234.46 675.72 2567.43 2750.9 339.37 1407.35 285.18 120.21 558.45 1048.93 1504.08 2398.52 657.8 658.95 1170.05 790.37 798.23 406.96 1573.4 1578.18 744.51 405.49 954.83 1191.41 1098.23 1565.24 1786.39 1067.87 1659.52 2425.74 1624.99 1261.04 3430.29 1114.02 43.02 564.12 743.37 1311.01 -121.71 3318.21 -179.41 902.56 484.99 305.56 1408.97 1040.6 -215.68 564.32 1301.58 745.0 743.85 119.32 1294.28 1848.13 107.16 2889.64 2719.57 1750.04 99.73 445.24 1948.04 783.22 2173.82 1787.11 844.97 647.31 843.13 1652.6 1914.64 486.48 2259.52 5435.37 2286.06 168.67 877.14 768.74 1706.75 2488.67 1317.81 -71.96 510.21 3228.47 720.31 426.82 911.81 1228.65 1455.87 2217.94 2610.72 1822.35 548.06 675.81 836.03 1447.12 62.79 475.37 555.65 852.12 1153.74 865.94 934.44 629.25 262.63 2261.23 4624.76 1463.48 1314.81 652.34 1221.25 937.9 1930.92 -31.65 995.96 254.59 2905.74 2799.9 1315.57 680.07 1052.14 1957.27 1088.33 768.99 912.77 1310.03 1165.43 
134.63 133.24 79.68 179.68 90.91 82.71 143.11 185.3 99.91 165.49 91.98 93.29 157.86 142.49 95.06 149.34 125.1 165.72 143.86 141.49 127.09 124.33 92.94 61.93 125.71 161.43 137.98 177.16 145.75 74.45 92.72 126.82 164.88 108.85 158.29 129.23 113.3 92.8 92.61 66.56 96.22 135.03 63.4 99.76 123.9 122.64 99.73 92.91 123.79 109.09 119.58 123.58 126.85 125.79 74.86 176.21 138.02 99.75 130.52 159.62 123.82 177.19 72.75 124.21 86.37 85.78 86.86 71.49 107.17 66.55 113.37 66.49 82.55 128.65 84.03 127.47 61.92 62.03 122.26 119.88 81.0 124.31 121.92 143.98 164.77 79.79 61.8 123.98 165.99 124.56 109.59 103.51 119.73 83.31 61.82 115.44 188.82 99.98 120.39 116.33 123.55 92.92 82.34 91.98 82.41 171.27 132.88 80.03 124.62 109.57 92.8 65.95 91.06 93.84 92.64 92.65 87.72 123.01 92.96 190.59 103.5 66.56 170.7 118.88 69.24 140.74 127.11 191.63 124.09 164.67 82.63 123.58 80.73 124.55 127.75 164.68 172.58 135.31 66.8 122.46 106.11 127.54 136.59 99.88 88.7 172.62 131.91 124.09 132.31 119.98 76.53 180.8 80.92 92.7 81.31 150.29 120.36 61.8 99.88 114.83 
12 14 5 19 6 5 15 19 9 17 6 8 16 13 6 16 11 17 15 13 12 11 8 4 11 17 13 18 15 5 8 12 17 10 16 12 10 8 6 4 6 12 4 9 11 11 9 8 11 10 11 11 12 13 5 18 13 9 12 17 11 18 5 11 6 6 6 5 10 4 10 4 5 12 6 12 4 4 11 11 5 11 11 15 17 5 4 11 17 11 10 9 11 5 4 10 20 9 11 11 13 8 5 6 5 18 12 5 11 10 8 4 6 6 8 8 6 11 8 20 9 4 18 11 4 13 12 20 13 17 5 11 5 11 12 17 18 12 4 11 10 12 13 9 6 18 12 13 12 11 5 19 5 8 5 16 11 4 9 10 
86 49 60 38 66 84 42 110 54 74 102 34 37 115 80 55 0 79 25 59 4 39 66 98 101 8 47 32 22 43 76 52 109 56 30 101 9 11 14 93 103 95 48 10 117 41 67 9 77 66 36 34 37 60 47 62 81 26 20 1 17 21 54 41 27 10 94 35 88 78 71 13 103 79 43 114 75 83 107 117 114 91 44 6 116 62 106 53 104 95 111 30 12 93 38 10 0 7 103 104 11 0 109 119 60 70 20 87 112 113 117 4 50 8 115 110 81 86 104 97 6 54 40 32 44 6 29 14 40 69 114 65 54 55 110 57 76 57 97 102 83 99 68 61 82 40 17 20 89 94 4 118 103 67 118 22 31 95 111 36 
120 117 92 120 120 120 104 120 120 95 120 109 120 120 120 72 69 120 80 120 104 120 120 120 120 118 97 112 120 71 110 120 120 91 120 120 120 106 116 120 120 107 120 37 120 97 120 87 120 120 120 80 77 89 109 89 120 91 96 73 120 70 120 120 106 104 120 68 120 103 120 35 120 120 107 120 120 120 120 120 120 120 120 54 120 120 120 120 120 120 120 120 89 120 75 99 53 30 120 120 49 85 120 120 120 88 120 120 120 120 120 100 120 120 120 120 120 120 120 120 70 120 120 120 120 56 79 120 85 112 120 97 77 120 120 120 120 120 109 120 96 120 120 120 120 120 118 35 111 120 38 120 120 120 120 81 98 120 120 69 
2
0.0 0.0 
0.0 0.0 
0 0 5 7 6 7 6 4 4 6 5 6 5 8 6 5 5 7 6 4 7 8 7 4 6 5 1 7 4 6 5 3 5 4 7 5 4 3 2 7 3 5 6 3 4 6 4 6 8 5 8 3 1 7 6 4 7 7 6 2 2 6 1 4 7 5 5 5 1 7 3 6 4 1 4 7 2 4 6 6 3 8 1 6 2 5 7 5 2 4 4 4 4 4 5 5 5 3 5 7 5 5 6 8 3 5 5 8 1 6 1 3 8 3 2 2 9 7 1 7 1 5 4 5 7 9 1 7 3 6 4 8 2 0 3 7 3 4 5 2 3 3 1 4 5 8 7 6 6 5 3 4 5 5 4 4 4 5 8 5 6 4 
0 0 5 7 6 7 6 4 4 6 5 6 5 8 6 5 5 7 6 4 7 8 7 4 6 5 1 7 4 6 5 3 5 4 7 5 4 3 2 7 3 5 6 3 4 6 4 6 8 5 8 3 1 7 6 4 7 7 6 2 2 6 1 4 7 5 5 5 1 7 3 6 4 1 4 7 2 4 6 6 3 8 1 6 2 5 7 5 2 4 4 4 4 4 5 5 5 3 5 7 5 5 6 8 3 5 5 8 1 6 1 3 8 3 2 2 9 7 1 7 1 5 4 5 7 9 1 7 3 6 4 8 2 0 3 7 3 4 5 2 3 3 1 4 5 8 7 6 6 5 3 4 5 5 4 4 4 5 8 5 6 4 
5 5 0 4 1 6 5 1 5 4 3 4 5 6 4 2 6 5 2 5 4 6 6 1 3 5 3 4 5 6 4 3 3 3 5 2 5 1 3 6 2 1 4 3 1 6 0 0 6 3 6 4 3 7 2 5 4 4 2 2 4 5 4 5 4 3 6 1 4 4 2 1 4 3 1 3 4 4 5 1 5 6 3 3 2 4 3 5 4 3 5 0 1 5 3 6 5 5 4 7 2 0 5 6 3 1 5 5 3 5 4 5 6 2 3 4 6 7 4 7 4 4 3 1 5 6 4 6 5 4 5 5 3 4 2 6 2 6 4 3 2 4 4 3 2 6 4 3 2 4 3 2 5 4 1 3 2 4 6 1 0 2 
7 7 4 0 2 2 1 3 3 0 1 1 2 2 0 1 3 1 1 4 0 2 2 3 0 3 5 0 3 3 2 4 1 2 1 2 4 4 4 3 3 2 1 3 3 3 3 3 2 1 2 4 5 3 1 3 0 0 1 5 4 2 5 4 0 1 4 2 5 0 4 3 3 5 3 0 4 3 2 2 4 2 5 1 5 1 0 3 4 2 4 4 4 4 1 4 2 4 2 3 1 4 2 2 3 2 2 1 5 2 5 3 2 3 4 4 2 4 5 4 5 2 2 2 1 2 5 3 4 0 3 1 4 6 3 3 4 4 1 5 3 4 6 2 1 2 1 0 1 2 3 2 3 1 3 2 3 2 2 2 4 2 
6 6 1 2 0 5 3 1 4 2 2 3 4 4 2 2 5 4 1 5 2 5 5 2 1 5 4 2 4 5 4 4 1 3 3 1 5 2 3 5 2 1 3 3 2 5 1 1 5 2 4 4 4 6 0 4 3 2 0 3 5 4 4 5 3 2 6 1 5 2 3 0 4 4 2 1 4 4 4 0 5 5 4 1 3 2 2 5 4 2 5 2 2 5 2 5 4 5 3 6 1 1 4 5 3 0 4 4 4 4 5 4 4 2 4 4 4 6 5 6 4 3 2 1 3 4 4 5 5 2 4 3 4 5 3 5 3 5 3 4 2 4 5 3 1 5 3 2 1 3 3 2 4 3 1 2 2 4 4 0 1 2 
7 7 6 2 5 0 1 4 2 2 2 2 1 1 2 3 1 1 4 2 3 1 0 5 3 1 5 3 2 0 2 4 3 2 2 3 2 5 5 0 4 4 1 3 5 1 5 6 1 2 2 4 6 0 4 2 2 2 4 6 4 0 6 2 2 2 2 4 5 2 5 5 2 5 5 3 4 3 0 4 3 2 5 3 6 2 2 1 4 3 2 6 6 3 3 2 1 3 2 1 3 6 0 1 4 4 1 2 5 0 6 3 2 4 5 4 3 1 5 1 6 1 3 4 1 2 5 0 3 2 2 2 5 6 4 0 5 2 2 6 5 3 6 3 4 1 1 2 3 2 3 3 1 2 4 3 4 1 1 4 6 3 
6 6 5 1 3 1 0 3 1 1 1 0 0 1 1 2 1 1 2 2 2 1 1 4 2 1 5 2 2 1 1 3 2 1 1 2 2 4 4 1 3 3 0 2 4 2 4 5 1 1 2 3 5 2 3 2 1 1 3 5 3 0 5 2 1 1 3 3 4 2 4 4 2 4 3 2 4 2 0 3 3 2 4 2 5 1 1 1 4 2 2 5 4 2 1 2 0 3 1 2 2 5 0 2 3 3 0 2 4 0 5 2 2 3 4 3 2 2 4 3 5 0 2 3 1 2 4 1 3 1 1 1 4 5 3 1 4 2 1 5 4 3 5 2 2 1 1 1 2 1 2 2 1 0 3 2 3 1 1 3 5 2 
4 4 1 3 1 4 3 0 3 2 1 3 3 5 2 1 4 4 1 3 3 5 4 1 2 3 2 3 3 4 3 2 1 1 4 0 3 1 2 5 1 0 3 1 0 5 1 2 5 1 5 2 2 5 2 3 3 3 2 2 3 4 3 3 3 1 4 0 3 3 1 1 3 2 0 2 3 2 3 1 3 5 2 2 2 2 2 3 2 1 3 1 1 3 1 4 3 3 2 5 1 2 4 5 1 0 3 4 2 3 3 3 5 0 2 3 5 5 3 5 2 3 1 0 4 5 2 5 3 2 3 4 2 3 1 5 1 4 2 2 1 2 3 1 1 5 3 2 2 2 1 1 4 2 0 1 0 3 4 1 2 1 
4 4 5 3 4 2 1 3 0 2 1 2 1 3 2 2 1 2 3 1 4 3 2 4 3 0 3 3 0 2 0 2 2 1 3 2 0 4 3 2 2 3 1 1 3 2 4 5 3 2 4 1 3 2 4 0 2 3 4 4 1 2 3 0 3 2 1 3 3 3 4 4 0 3 3 3 2 0 1 4 1 4 3 3 4 1 3 0 2 1 0 4 4 1 2 1 0 1 0 2 2 5 2 3 2 3 1 4 3 1 3 0 4 3 3 2 4 2 3 2 3 0 1 3 3 4 3 3 1 2 0 3 2 4 3 2 4 1 1 4 3 1 4 1 3 3 2 2 3 1 1 2 1 1 3 1 2 0 3 4 5 2 
6 6 4 0 2 2 1 2 2 0 1 0 1 2 0 1 2 1 1 3 1 2 2 4 1 2 4 1 3 2 2 3 1 2 1 2 3 4 4 2 3 2 0 2 3 3 3 4 2 0 2 3 5 3 2 3 0 0 2 4 4 2 5 3 1 0 4 2 4 1 4 3 2 4 3 1 4 2 1 2 3 2 4 1 4 0 0 2 4 2 3 4 4 3 1 3 1 3 1 3 1 4 1 2 3 2 1 1 4 1 5 3 2 3 4 4 2 3 5 4 5 1 2 2 1 2 4 2 3 0 2 1 4 5 3 3 4 3 1 5 3 3 5 2 2 2 0 0 1 1 2 2 2 0 3 2 2 1 1 2 4 2 
5 5 3 1 2 2 1 1 1 1 0 1 1 3 1 0 2 2 1 2 2 3 2 2 1 2 3 2 2 3 1 2 0 0 2 1 2 2 3 3 1 1 1 1 2 3 2 3 3 0 3 2 3 3 2 2 1 1 2 3 2 2 3 2 2 0 3 2 3 2 3 2 2 3 2 2 3 1 1 2 2 3 3 1 3 0 1 2 3 0 2 3 3 2 0 3 1 2 1 3 0 3 2 3 2 2 1 3 3 1 4 2 3 2 3 3 3 3 3 4 3 1 1 1 2 4 3 3 2 1 2 2 3 4 2 3 3 3 0 3 2 2 4 1 1 3 2 1 1 0 1 0 2 0 2 0 1 1 3 2 3 0 
6 6 4 1 3 2 0 3 2 0 1 0 1 2 0 1 2 1 2 3 1 2 2 4 1 2 4 1 2 2 1 3 1 1 1 2 3 4 4 2 2 2 0 2 3 2 3 4 2 1 2 3 5 2 2 2 0 0 2 4 3 1 5 3 1 1 3 2 4 1 4 3 2 4 3 1 4 2 1 2 3 2 4 1 4 0 1 2 4 2 3 4 4 3 1 3 1 3 1 2 1 4 1 2 3 2 1 2 4 1 5 3 2 3 4 4 2 3 5 3 5 1 2 2 1 2 4 2 3 0 2 1 4 5 3 2 4 3 1 5 3 3 5 2 2 2 0 0 1 1 2 2 2 0 3 2 2 1 1 2 4 2 
5 5 5 2 4 1 0 3 1 1 1 1 0 2 1 2 1 1 3 2 3 2 1 4 2 0 4 2 1 1 0 2 2 1 2 2 1 4 4 1 2 3 0 2 4 1 4 5 2 1 3 2 4 2 3 1 1 2 3 4 2 1 4 1 2 1 2 3 4 2 4 4 1 4 3 3 3 1 0 3 2 3 4 2 4 1 2 0 3 2 1 5 4 2 1 1 0 2 0 1 2 5 1 2 3 3 0 3 4 0 4 1 3 3 4 3 3 2 4 2 4 0 2 3 2 3 3 2 2 2 1 2 3 5 3 1 4 2 0 4 3 2 5 2 3 2 1 2 3 0 2 2 0 0 3 1 3 0 2 3 5 2 
8 8 6 2 4 1 1 5 3 2 3 2 2 0 2 3 3 1 4 4 2 0 1 6 3 3 6 2 4 2 3 5 3 3 1 4 4 6 6 1 5 5 2 4 5 2 6 6 0 3 1 5 7 2 4 4 1 2 4 6 5 1 7 4 1 3 4 5 6 2 6 5 4 6 5 3 6 4 1 4 5 0 6 3 7 2 2 3 6 4 4 6 6 4 3 4 2 5 3 2 3 6 1 0 5 4 2 1 6 1 7 4 0 5 6 5 1 2 6 3 7 2 4 4 1 1 6 1 5 2 3 1 6 7 5 2 6 4 2 7 5 5 7 4 4 0 1 2 3 3 4 4 2 2 5 4 5 2 0 4 6 4 
6 6 4 0 2 2 1 2 2 0 1 0 1 2 0 1 2 1 1 3 1 2 2 3 1 2 4 1 2 2 1 3 0 1 1 1 3 3 4 2 2 2 0 2 3 3 3 3 2 0 2 3 4 3 2 2 0 0 2 4 3 2 4 3 1 0 3 2 4 1 4 3 2 4 3 1 4 2 1 2 3 2 4 1 4 0 0 2 4 1 3 4 4 3 0 3 1 3 1 3 1 4 1 2 3 2 1 2 4 1 5 3 2 3 4 4 2 3 4 4 4 1 2 2 1 2 4 2 3 0 2 1 4 5 3 3 4 3 0 4 3 3 5 2 1 2 1 0 1 1 2 1 2 0 2 1 2 1 2 2 4 2 
5 5 2 1 2 3 2 1 2 1 0 1 2 3 1 0 3 2 1 3 2 4 3 2 1 2 3 2 2 3 2 2 0 1 2 0 3 2 2 3 1 1 2 1 1 4 2 2 3 0 3 2 3 4 1 2 2 1 2 3 3 3 3 3 2 0 4 1 3 2 2 2 2 3 1 1 3 2 2 1 3 4 3 1 3 1 1 3 3 0 3 2 2 3 0 3 2 3 1 4 0 3 3 4 2 1 2 3 3 2 4 2 3 1 3 3 4 4 3 4 3 1 1 1 2 4 3 3 3 1 2 3 3 4 1 4 2 3 1 3 2 2 4 1 1 3 2 1 1 1 1 0 2 1 1 0 1 1 3 1 3 0 
5 5 6 3 5 1 1 4 1 2 2 2 1 3 2 3 0 2 4 1 4 2 1 5 3 0 4 3 1 0 1 3 3 2 3 3 1 5 4 1 3 4 1 2 4 1 5 6 2 3 4 2 5 1 4 1 2 3 4 5 2 1 4 1 3 3 1 4 4 3 5 5 1 4 4 4 3 2 1 5 2 3 4 3 5 2 3 0 3 2 1 5 5 1 2 0 0 2 1 1 3 6 1 2 3 4 1 3 4 1 5 1 3 4 4 3 4 1 4 1 4 1 2 4 3 4 4 2 2 3 0 3 4 5 4 1 5 1 2 5 4 2 5 2 4 2 2 3 4 1 2 3 0 2 4 2 3 1 3 4 6 3 
7 7 5 1 4 1 1 4 2 1 2 1 1 1 1 2 2 0 3 3 2 1 1 5 2 2 5 1 3 2 2 4 2 2 0 3 3 5 5 1 4 4 1 3 4 2 5 5 1 2 1 4 6 2 3 3 0 1 3 5 4 1 6 3 1 2 4 4 5 1 5 4 3 5 4 2 5 3 0 3 4 1 5 2 6 1 1 2 5 3 3 5 5 3 2 3 1 4 2 2 2 5 1 1 4 3 1 1 5 0 6 3 1 4 5 4 1 2 5 3 6 1 3 3 0 1 5 1 4 1 2 0 5 6 4 2 5 3 1 6 4 4 6 3 3 1 0 1 2 2 3 3 2 1 4 3 4 2 0 3 5 3 
6 6 2 1 1 4 2 1 3 1 1 2 3 4 1 1 4 3 0 4 1 4 4 2 0 4 4 1 3 4 3 3 0 2 2 1 4 2 3 4 2 1 2 2 2 4 2 2 4 1 3 3 4 5 0 4 2 1 0 3 4 3 4 4 2 1 5 1 4 2 3 1 3 4 2 0 4 3 3 0 4 4 4 0 3 1 1 4 4 2 4 2 2 4 1 4 3 4 3 5 1 2 3 4 3 1 3 3 4 3 5 4 3 2 4 4 3 5 4 5 4 2 2 1 2 4 4 4 4 1 3 2 4 5 2 4 3 4 2 4 2 3 5 2 0 4 2 1 0 2 2 1 3 2 1 2 2 3 3 0 2 1 
4 4 5 4 5 2 2 3 1 3 2 3 2 4 3 3 1 3 4 0 5 4 3 4 4 1 3 4 0 2 1 2 3 2 4 3 0 4 3 3 2 4 2 2 4 2 4 5 4 3 5 1 3 3 4 0 3 4 5 4 1 2 3 0 4 3 1 4 2 4 4 5 0 3 4 4 2 1 2 5 0 4 3 4 4 2 4 1 2 2 0 5 4 0 3 1 1 1 1 2 3 5 2 4 2 4 2 5 3 2 3 0 5 3 3 1 5 3 3 2 3 2 2 4 4 5 2 3 1 3 0 4 2 3 3 2 4 0 2 3 3 1 3 2 4 4 3 3 4 2 2 2 1 2 4 2 3 1 4 4 6 2 
7 7 4 0 2 3 2 3 4 1 2 1 3 2 1 2 4 2 1 5 0 3 3 4 1 4 6 0 4 4 3 4 1 3 1 2 4 4 5 3 4 3 2 4 4 4 4 3 3 1 1 5 6 4 1 4 1 0 1 5 5 3 6 4 0 2 5 3 6 0 5 3 4 5 3 1 5 4 2 2 5 2 6 1 5 2 0 4 5 3 4 4 4 5 2 5 3 5 3 4 2 4 3 3 4 3 3 1 6 2 6 4 2 4 5 5 2 4 6 5 6 3 3 3 1 2 5 3 5 1 4 1 5 7 4 4 5 5 2 6 4 4 6 3 2 2 1 1 1 3 3 3 3 2 3 3 3 3 2 2 4 3 
8 8 6 2 5 1 1 5 3 2 3 2 2 0 2 4 2 1 4 4 3 0 1 6 3 2 6 2 4 2 3 5 3 3 1 4 4 6 6 1 5 5 2 4 6 2 6 6 0 3 1 5 7 1 4 3 2 2 4 7 5 1 7 3 2 3 4 5 6 2 6 5 4 6 5 3 5 4 1 5 4 0 6 3 7 2 2 2 5 4 3 6 6 4 3 3 2 5 3 2 4 7 1 0 5 5 2 1 6 1 7 4 1 5 6 5 1 2 6 2 7 2 4 5 1 1 6 0 5 2 3 1 6 7 5 2 6 4 2 7 5 5 7 4 4 0 1 2 4 3 4 4 2 2 5 4 5 2 0 5 6 4 
7 7 6 2 5 0 1 4 2 2 2 2 1 1 2 3 1 1 4 3 3 1 0 5 3 1 6 3 3 0 2 4 3 3 1 3 3 5 5 0 4 4 1 3 5 1 5 6 0 3 2 4 6 1 4 2 2 2 4 6 4 0 6 2 2 2 3 4 5 2 6 5 3 5 5 3 4 3 1 4 3 1 5 3 6 2 2 1 5 3 2 6 6 3 3 2 1 4 2 1 3 6 0 1 4 4 1 2 6 1 6 3 2 5 5 4 2 1 5 2 6 1 3 4 1 2 5 0 4 2 2 2 5 6 5 1 6 3 2 6 5 4 6 3 4 0 1 2 3 2 3 3 1 2 5 3 4 2 1 4 6 3 
4 4 1 3 2 5 4 1 4 4 2 4 4 6 3 2 5 5 2 4 4 6 5 0 3 5 2 4 4 6 4 2 2 3 5 2 4 0 2 6 1 1 4 2 0 6 0 1 6 3 6 3 2 6 2 4 4 3 2 1 3 5 3 5 4 3 5 1 3 4 1 1 4 2 0 3 3 3 4 2 4 6 2 2 1 3 3 5 3 2 4 0 0 4 2 5 4 4 3 6 2 1 5 6 2 1 4 5 2 4 3 4 6 1 2 3 6 6 3 7 2 4 2 1 5 6 3 6 4 3 4 5 2 3 1 6 1 5 3 2 1 3 3 2 2 6 4 3 3 3 2 2 5 3 0 2 1 4 5 1 1 2 
6 6 3 0 1 3 2 2 3 1 1 1 2 3 1 1 3 2 0 4 1 3 3 3 0 3 4 1 3 3 2 3 0 2 1 1 4 3 4 3 2 2 2 2 2 4 3 3 3 0 2 4 5 4 1 3 1 0 1 4 4 3 5 4 1 1 5 2 5 1 3 2 3 4 2 0 4 3 2 1 4 3 4 0 4 1 0 3 4 2 4 3 3 4 1 4 2 4 2 4 1 3 3 3 3 1 2 2 4 2 5 3 2 3 4 4 2 4 5 5 5 2 2 1 2 3 4 3 4 0 3 1 4 5 3 4 4 4 1 5 3 3 5 2 1 3 1 0 0 2 2 2 3 1 2 2 2 2 2 1 3 2 
5 5 5 3 5 1 1 3 0 2 2 2 0 3 2 2 0 2 4 1 4 2 1 5 3 0 4 3 1 1 0 2 3 2 3 3 1 4 4 1 3 4 1 2 4 1 5 5 2 2 3 2 4 1 4 1 2 3 4 4 2 1 4 0 3 2 1 4 4 3 4 5 1 4 4 4 3 1 1 4 2 3 4 3 5 2 3 0 3 2 1 5 5 1 2 1 0 2 1 1 3 6 1 2 3 4 0 3 4 1 4 1 3 3 4 3 4 1 4 1 4 1 2 4 2 4 3 2 2 3 0 3 3 5 3 1 4 1 1 4 4 2 5 2 3 2 2 3 4 1 2 2 0 1 4 2 3 1 3 4 6 2 
1 1 3 5 4 5 5 2 3 4 3 4 4 6 4 3 4 5 4 3 6 6 6 2 4 4 0 5 3 5 3 1 4 3 6 3 3 2 0 6 1 3 4 2 2 5 2 4 6 4 7 2 0 6 4 3 5 5 5 0 2 5 0 4 5 4 4 3 0 5 1 4 3 0 2 5 1 2 5 4 2 7 0 4 0 4 5 4 1 2 3 2 2 3 3 4 4 2 3 6 3 3 5 7 1 3 4 6 0 5 0 3 7 1 0 1 7 6 0 6 0 4 2 3 6 7 0 6 2 5 3 6 0 1 1 6 1 3 4 0 1 2 0 2 4 6 5 5 4 3 2 2 4 4 2 2 2 4 6 3 4 2 
7 7 4 0 2 3 2 3 3 1 2 1 2 2 1 2 3 1 1 4 0 2 3 4 1 3 5 0 4 3 3 4 1 3 1 2 4 4 5 3 3 3 1 3 3 4 4 4 2 1 1 4 6 4 2 4 1 0 1 5 5 2 6 4 0 1 5 3 5 0 4 3 4 5 3 1 5 3 2 2 5 2 5 1 5 1 0 3 5 3 4 4 4 4 2 4 3 5 3 4 2 4 2 2 4 2 2 1 5 2 6 4 2 4 5 5 1 4 6 5 6 2 3 2 1 2 5 3 5 0 3 1 5 6 4 3 5 4 2 5 4 4 6 3 2 2 1 0 1 2 3 2 3 2 3 3 3 2 2 2 4 3 
4 4 5 3 4 2 2 3 0 3 2 2 1 4 2 2 1 3 3 0 4 4 3 4 3 1 3 4 0 2 1 1 3 1 4 2 0 3 3 3 2 3 2 1 3 2 4 5 4 2 5 1 3 3 4 0 3 3 4 3 1 2 3 0 4 2 1 3 2 4 3 4 0 2 3 4 1 0 2 4 0 4 2 3 3 2 3 1 1 1 0 4 4 0 2 1 1 0 1 3 2 5 2 4 1 3 1 4 3 2 3 0 4 2 2 1 5 3 2 3 3 1 1 3 3 5 2 3 0 3 0 4 2 3 2 2 3 0 2 3 2 1 3 1 3 4 3 3 4 1 1 2 1 2 3 1 2 1 4 4 5 2 
6 6 6 3 5 0 1 4 2 2 3 2 1 2 2 3 0 2 4 2 4 2 0 6 3 1 5 3 2 0 2 4 3 3 2 4 2 5 5 0 4 5 1 3 5 0 5 6 1 3 3 3 5 0 4 2 2 3 5 6 3 0 5 2 3 3 2 5 5 3 5 5 2 5 5 4 4 2 1 5 3 2 5 3 6 2 3 1 4 3 2 6 6 2 3 1 1 3 2 0 3 6 0 2 4 5 1 3 5 1 5 2 3 4 5 4 3 0 5 1 5 1 3 4 2 3 5 1 3 3 1 3 4 6 4 0 5 2 2 6 5 3 6 3 4 1 2 3 4 2 3 3 0 2 5 3 4 1 2 5 6 3 
5 5 4 2 4 2 1 3 0 2 1 1 0 3 1 2 1 2 3 1 3 3 2 4 2 0 3 3 1 2 0 2 2 1 3 2 1 3 3 2 2 3 1 1 3 2 4 5 3 2 4 2 3 2 3 0 2 2 3 4 2 1 3 1 3 1 2 3 3 3 3 4 0 3 3 3 2 1 1 3 1 3 3 2 4 1 2 0 2 1 1 4 4 1 1 1 0 1 0 2 2 5 1 3 2 3 0 3 3 1 4 1 3 2 3 2 4 2 3 2 3 0 1 3 2 4 3 2 1 2 0 3 3 4 2 2 3 1 1 4 3 1 4 1 3 3 2 2 3 0 1 1 1 1 3 1 2 0 3 3 5 2 
3 3 3 4 4 4 3 2 2 3 2 3 2 5 3 2 3 4 3 2 4 5 4 2 3 2 1 4 1 4 2 0 3 1 4 2 1 2 1 4 1 2 3 0 2 4 3 4 5 3 5 0 1 4 4 2 4 4 4 2 0 4 1 2 4 2 3 3 1 4 2 4 1 1 2 4 0 1 3 3 1 5 1 3 2 2 4 2 0 1 2 3 2 1 2 3 2 1 2 4 2 4 3 5 0 3 2 5 1 3 1 1 5 1 1 0 6 4 1 4 1 2 1 2 4 6 1 5 1 3 2 5 0 2 1 4 2 2 2 2 1 0 2 1 3 5 4 3 3 2 1 1 3 2 2 1 1 2 5 3 4 1 
5 5 3 1 1 3 2 1 2 1 0 1 2 3 0 0 3 2 0 3 1 3 3 2 0 3 4 1 3 3 2 3 0 1 2 0 3 3 3 3 2 1 1 2 2 4 2 3 3 0 3 3 4 4 1 3 1 1 1 3 3 3 4 3 1 0 4 1 4 1 3 2 2 4 2 1 3 2 2 1 3 3 4 0 4 1 1 3 3 1 3 3 3 3 0 4 2 3 2 4 0 3 2 3 2 1 2 2 4 2 4 3 3 2 3 3 3 4 4 4 4 2 1 1 2 3 4 3 3 1 3 2 3 5 2 3 3 4 1 4 2 3 4 1 0 3 1 1 0 1 2 1 3 1 2 1 1 2 3 1 3 1 
4 4 3 2 3 2 1 1 1 2 0 1 1 3 1 1 2 2 2 2 3 3 3 3 2 2 3 3 1 3 1 1 1 0 3 1 1 2 2 3 1 2 1 0 2 3 3 4 3 1 4 1 3 3 2 1 2 2 3 3 2 2 3 2 3 1 2 2 2 3 2 3 1 2 2 2 2 0 2 3 2 4 2 2 3 1 2 2 2 0 1 3 3 1 1 2 1 2 0 3 1 4 2 3 1 2 1 3 2 2 3 1 4 1 2 2 4 3 3 4 3 1 0 2 3 4 2 3 2 2 1 3 2 3 1 3 2 2 1 3 2 1 3 0 2 3 2 2 2 0 0 0 2 1 2 0 1 1 3 2 4 0 
7 7 5 1 3 2 1 4 3 1 2 1 2 1 1 2 3 0 2 4 1 1 1 5 1 3 6 1 4 2 3 4 2 3 0 3 4 5 5 2 4 3 1 3 4 3 4 5 1 2 1 4 6 3 3 3 0 1 2 6 5 2 6 3 0 2 4 3 6 0 5 4 3 5 4 2 5 3 1 3 4 1 6 2 6 1 1 3 5 3 4 5 5 4 2 4 2 4 2 3 2 5 1 1 4 3 2 0 6 1 6 4 1 4 5 5 1 3 6 4 6 2 3 3 0 1 5 1 4 1 3 0 5 7 4 3 5 4 2 6 4 4 6 3 3 1 0 1 2 2 3 3 2 2 4 3 4 2 0 3 5 3 
5 5 2 2 1 3 2 0 2 2 1 2 2 4 1 0 3 3 1 3 2 4 3 2 1 3 3 2 2 4 2 2 0 1 3 0 3 2 2 4 1 0 2 1 1 4 1 2 4 1 4 2 3 4 1 3 2 2 1 3 3 3 3 3 2 1 4 0 3 2 2 1 2 3 1 1 3 2 2 1 3 4 3 1 3 1 2 3 3 1 3 2 2 3 0 4 2 3 2 4 0 2 3 4 2 1 2 3 3 2 4 3 4 1 2 3 4 4 3 5 3 2 1 0 3 4 3 4 3 2 3 3 3 4 1 4 2 3 1 3 1 2 3 1 0 4 2 1 1 1 1 0 3 1 1 1 1 2 3 1 2 0 
4 4 5 4 5 2 2 3 0 3 2 3 1 4 3 3 1 3 4 0 4 4 3 4 4 1 3 4 0 2 1 1 3 1 4 3 0 4 3 2 2 4 2 2 4 2 4 5 3 3 5 1 3 2 4 0 3 4 4 4 1 2 3 0 4 3 1 4 3 4 4 5 0 3 4 4 2 1 2 4 0 4 3 3 4 2 4 1 2 2 0 5 4 0 2 1 1 1 1 2 3 5 2 4 2 4 1 4 3 2 3 0 4 3 3 1 5 2 3 2 3 1 2 4 4 5 2 3 1 3 0 4 2 4 3 2 4 0 2 3 3 1 3 2 4 4 3 3 4 1 2 2 1 2 3 2 3 1 4 4 6 2 
3 3 1 4 2 5 4 1 4 4 2 4 4 6 3 2 5 5 2 4 4 6 5 0 3 4 2 4 3 5 3 2 3 2 5 2 4 0 1 6 1 1 4 2 0 6 0 2 6 3 6 3 2 6 3 4 4 4 3 1 3 5 2 4 4 3 5 1 2 4 0 2 3 2 0 3 3 3 4 2 4 6 2 3 1 3 4 4 2 2 4 0 0 4 2 5 4 3 3 6 2 1 5 6 1 1 4 6 2 4 2 3 6 0 1 3 6 6 2 6 2 4 2 1 5 6 2 6 3 4 4 5 2 2 1 6 0 4 3 1 0 2 2 2 2 6 4 4 3 3 2 2 5 3 1 2 1 4 6 2 2 2 
2 2 3 4 3 5 4 2 3 4 3 4 4 6 4 2 4 5 3 3 5 6 5 2 4 4 0 5 3 5 3 1 3 2 5 2 3 1 0 5 1 2 4 1 1 5 2 3 6 3 6 2 0 6 4 3 5 4 4 0 2 5 1 4 5 3 4 2 1 5 1 3 3 0 1 4 1 2 4 3 3 6 0 3 0 3 4 4 1 2 3 2 1 3 3 4 4 2 3 6 3 3 5 6 1 3 4 6 0 4 1 3 6 1 0 1 7 6 1 6 0 3 2 2 5 7 1 6 2 4 3 5 1 1 1 5 0 3 3 0 0 1 1 2 3 6 5 4 4 3 2 2 4 3 2 2 1 3 6 3 3 2 
7 7 6 3 5 0 1 5 2 2 3 2 1 1 2 3 1 1 4 3 3 1 0 6 3 1 6 3 3 0 2 4 3 3 2 4 2 6 5 0 4 5 1 3 5 0 6 6 1 3 2 4 6 0 4 2 2 3 4 6 4 0 6 2 3 3 2 5 5 3 6 5 2 5 5 4 4 3 1 5 3 2 5 3 6 2 3 1 4 3 2 6 6 3 3 2 1 4 2 0 3 6 0 1 4 5 1 2 6 1 6 3 2 5 5 4 3 1 5 1 6 2 3 4 2 3 5 0 4 3 2 2 5 6 5 0 6 3 2 6 5 4 6 3 4 1 2 3 4 2 3 3 1 2 5 3 4 2 2 5 6 4 
3 3 2 3 2 4 3 1 2 3 1 2 2 5 2 1 3 4 2 2 4 5 4 1 2 3 1 3 2 4 2 1 2 1 4 1 2 1 1 4 0 1 3 0 1 4 1 3 5 2 5 1 2 4 2 2 3 3 3 1 2 4 2 3 3 2 4 1 2 4 1 2 2 1 1 3 2 1 3 2 2 5 1 2 1 2 3 3 1 0 3 2 1 2 1 3 3 2 2 4 1 3 3 5 0 1 2 4 1 3 2 2 5 0 1 2 5 5 2 5 2 2 0 1 4 5 1 4 2 3 2 4 1 2 0 4 1 3 2 2 0 1 2 0 2 4 3 3 2 2 0 0 3 2 1 0 0 2 4 2 3 0 
5 5 1 2 1 4 3 0 3 2 1 2 3 5 2 1 4 4 1 4 3 5 4 1 2 4 3 3 3 5 3 2 1 2 3 0 4 1 2 5 1 0 3 2 0 5 0 1 5 1 4 3 3 5 1 3 3 2 1 2 3 4 3 4 3 1 5 0 3 3 1 1 3 3 0 2 3 2 3 1 4 5 3 1 2 2 2 4 3 1 4 1 1 4 1 5 3 3 3 5 1 1 4 5 2 0 3 4 3 3 3 3 5 1 2 3 5 5 3 6 3 3 1 0 4 5 3 5 3 2 3 4 3 4 1 5 2 4 2 3 1 2 3 1 1 5 3 2 1 2 2 1 4 2 0 1 1 3 4 0 2 1 
6 6 4 1 3 1 0 3 1 0 1 0 0 2 0 2 1 1 2 2 2 2 1 4 2 1 4 1 2 1 1 3 1 1 1 2 2 4 4 1 3 3 0 2 3 2 4 4 1 1 2 3 5 2 3 2 0 1 3 4 3 1 5 2 1 1 3 3 4 1 4 4 2 4 3 2 4 2 0 3 3 2 4 2 5 0 1 1 4 2 2 4 4 2 1 2 1 3 1 2 2 5 1 2 3 3 0 2 4 0 5 2 2 3 4 3 2 2 4 3 5 0 2 3 1 2 4 1 3 1 1 1 4 5 3 2 4 3 0 5 3 3 5 2 2 1 1 1 2 1 2 2 1 0 3 2 3 1 1 3 5 2 
3 3 3 3 3 3 2 1 1 2 1 2 2 4 2 1 2 3 2 2 4 4 3 2 2 2 2 3 1 3 1 0 2 0 3 1 2 2 1 3 0 2 2 0 2 3 2 3 4 2 4 1 2 4 3 1 3 3 3 2 1 3 2 2 3 1 3 2 2 3 2 3 1 2 1 3 1 0 2 3 1 5 2 2 2 2 3 2 1 0 2 3 2 1 1 3 2 1 1 4 1 3 3 4 0 2 2 4 2 2 2 1 4 1 1 1 5 4 2 4 2 1 0 2 3 5 1 4 1 3 1 4 1 3 1 3 2 2 1 2 1 0 2 0 2 4 3 2 3 1 0 0 2 1 1 0 1 1 4 2 4 0 
4 4 1 3 2 5 4 0 3 3 2 3 4 5 3 1 4 4 2 4 4 6 5 0 2 4 2 3 3 5 3 2 2 2 4 1 4 0 1 5 1 0 3 2 0 5 0 1 5 2 5 3 2 6 2 4 4 3 2 1 3 5 2 4 4 2 5 0 3 4 1 1 3 2 0 3 3 3 4 1 4 5 2 2 1 3 3 4 3 2 4 1 0 4 2 5 4 3 3 5 1 1 4 5 2 1 4 5 2 4 3 3 5 0 2 3 5 6 3 6 2 3 1 1 4 6 2 5 3 3 4 4 2 3 1 5 1 4 3 2 1 2 3 2 1 5 4 3 2 3 2 1 4 3 0 2 1 3 5 1 2 1 
6 6 6 3 5 1 2 5 2 3 3 2 1 2 3 4 1 2 4 2 4 2 1 6 4 1 5 4 2 0 2 4 4 3 3 4 2 6 5 0 4 5 2 3 5 0 6 6 1 3 3 4 6 0 5 2 3 3 5 6 4 1 6 2 3 3 2 5 5 3 6 6 2 5 5 4 4 3 1 5 3 3 5 4 6 2 3 1 4 3 2 6 6 2 3 1 1 3 2 0 4 7 1 2 4 5 1 3 5 1 6 2 3 5 5 4 3 0 5 0 6 2 3 5 2 3 5 1 3 3 2 3 5 6 5 0 6 2 2 6 5 3 6 3 4 2 2 3 4 2 3 4 1 2 5 3 4 2 2 5 7 4 
4 4 0 3 1 5 4 1 4 3 2 3 4 6 3 2 5 5 2 4 4 6 5 0 3 5 2 4 4 5 4 3 2 3 4 1 4 0 2 6 1 0 4 2 0 6 0 1 6 2 5 3 2 6 2 4 4 3 2 2 4 5 3 5 4 2 5 1 3 4 1 1 4 3 0 3 3 3 4 1 4 6 3 2 2 3 3 5 3 2 4 0 0 4 2 5 4 4 3 6 2 1 5 6 2 1 4 5 2 4 3 4 6 1 2 3 6 6 3 7 3 4 2 1 5 6 3 6 4 3 4 5 3 3 1 6 1 5 3 2 1 3 3 2 1 6 4 3 2 3 2 2 5 3 0 2 1 4 5 1 1 2 
6 6 0 3 1 6 5 2 5 4 3 4 5 6 3 2 6 5 2 5 3 6 6 1 3 5 4 4 5 6 5 4 3 4 5 2 5 2 3 6 3 1 4 3 1 6 1 0 6 3 5 4 4 7 1 5 4 3 2 3 5 6 4 6 4 3 7 1 4 4 2 0 5 4 1 2 5 4 5 1 5 6 4 2 3 4 3 5 5 3 6 1 2 5 3 6 5 5 4 7 2 0 5 6 3 1 5 5 4 5 5 5 6 2 4 5 5 7 5 7 4 4 3 1 5 6 4 6 5 3 5 5 4 5 3 6 3 6 4 4 2 4 4 3 2 6 4 3 2 4 3 3 5 4 2 3 2 4 5 1 0 3 
8 8 6 2 5 1 1 5 3 2 3 2 2 0 2 3 2 1 4 4 3 0 0 6 3 2 6 2 4 1 3 5 3 3 1 4 3 6 6 1 5 5 1 4 5 1 6 6 0 3 1 5 6 1 4 3 2 2 4 6 5 1 6 3 2 3 3 5 6 2 6 5 3 6 5 3 5 4 1 5 4 1 6 3 6 2 2 2 5 4 3 6 6 4 3 3 2 4 3 1 4 6 1 0 5 5 2 1 6 1 7 4 1 5 6 5 2 2 6 2 6 2 4 5 1 1 6 0 4 2 3 1 6 7 5 1 6 4 2 7 5 4 7 4 4 0 1 2 4 2 4 4 2 2 5 4 5 2 1 5 6 4 
5 5 3 1 2 2 1 1 2 0 0 1 1 3 0 0 3 2 1 3 1 3 3 3 0 2 4 1 2 3 2 3 0 1 2 1 3 3 3 3 2 1 1 2 2 3 2 3 3 0 3 3 4 3 1 3 1 1 1 4 3 2 4 3 1 0 4 1 4 1 3 2 2 4 2 1 3 2 2 1 3 3 4 0 4 0 1 2 3 1 3 3 3 3 0 3 2 3 1 3 0 3 2 3 2 1 2 2 4 2 4 3 3 2 3 3 3 4 4 4 4 1 1 1 2 3 3 3 3 0 2 2 3 5 2 3 3 3 1 4 2 2 4 1 1 3 1 0 1 1 1 1 2 1 2 1 2 1 2 1 3 1 
8 8 6 2 4 2 2 5 4 2 3 2 3 1 2 3 4 1 3 5 1 1 2 6 2 3 7 1 5 3 4 5 3 4 1 4 5 6 6 2 5 4 2 4 5 3 5 5 1 3 0 5 7 3 3 4 1 2 3 7 6 2 7 4 1 3 5 4 7 1 6 5 4 7 5 2 6 4 2 4 5 0 7 3 7 2 2 4 6 4 5 6 6 5 3 4 3 5 3 3 3 6 2 1 5 4 3 0 7 2 7 5 0 5 6 6 0 3 7 4 7 3 4 4 1 0 6 2 5 2 4 0 6 8 5 3 6 5 3 7 5 5 7 4 3 1 1 2 3 3 4 4 3 3 5 4 5 3 0 4 6 4 
3 3 4 4 4 4 3 2 1 3 2 3 2 5 3 2 2 4 3 1 5 5 4 3 4 2 2 4 1 3 2 0 3 1 4 2 1 3 2 4 1 3 3 1 3 4 3 4 5 3 5 0 2 4 4 1 4 4 4 2 0 3 1 2 4 3 2 3 1 4 2 4 1 1 2 4 0 1 3 4 0 5 1 3 2 3 4 2 0 1 1 3 3 1 2 2 2 0 2 4 2 4 3 5 1 3 2 5 1 3 2 1 5 2 1 0 6 4 1 4 2 2 1 3 4 6 1 4 0 4 1 5 1 2 1 4 2 1 2 2 2 0 2 1 3 5 4 4 4 2 1 2 2 2 2 1 2 2 5 4 5 2 
1 1 3 5 4 6 5 2 3 5 3 5 4 7 4 3 5 6 4 3 6 7 6 2 5 4 0 6 3 5 3 1 4 3 6 3 3 2 0 6 2 3 5 2 2 6 2 4 6 4 7 2 0 6 4 3 5 5 5 0 2 5 0 4 6 4 4 3 0 6 1 4 3 0 2 5 1 2 5 4 3 7 0 4 0 4 5 4 1 2 4 3 2 3 3 4 4 2 3 6 3 3 5 7 1 3 4 7 0 5 0 3 7 1 0 1 7 6 0 6 0 4 2 3 6 7 0 6 2 5 4 6 0 0 1 6 1 4 4 0 1 2 0 2 4 6 5 5 5 4 2 3 4 4 2 3 2 4 7 4 4 2 
7 7 7 3 6 0 2 5 2 3 3 2 2 2 3 4 1 2 5 3 4 1 1 6 4 1 6 4 3 0 2 4 4 3 3 4 2 6 6 0 4 5 2 4 6 0 6 7 1 3 3 4 6 0 5 2 3 3 5 6 4 1 6 2 3 3 2 5 5 3 6 6 3 5 5 4 5 3 1 5 3 2 6 4 6 3 3 1 5 4 2 7 6 3 3 2 1 4 2 0 4 7 1 1 4 5 1 3 6 1 6 3 2 5 5 4 3 0 6 1 6 2 4 5 2 3 5 1 4 3 2 3 5 6 5 0 6 2 2 6 5 4 6 4 5 1 2 3 4 2 4 4 1 2 5 3 5 2 2 5 7 4 
6 6 2 1 0 4 3 2 4 2 2 2 3 4 2 1 4 3 0 4 1 4 4 2 1 4 4 2 4 4 3 4 1 2 3 1 4 3 4 4 2 1 3 3 2 5 2 1 4 1 3 4 4 5 0 4 2 1 0 4 4 4 5 4 2 1 5 1 5 2 3 1 4 4 2 0 4 3 3 0 5 4 4 1 4 2 1 4 4 2 4 2 3 4 1 5 3 4 3 5 1 2 4 4 3 1 3 3 4 3 5 4 4 2 4 4 3 5 5 6 4 3 2 1 3 4 4 4 4 1 4 3 4 5 3 5 3 5 2 4 3 4 5 2 0 4 2 1 0 3 3 2 4 2 2 2 2 3 3 0 2 2 
4 4 5 3 4 2 2 3 0 3 2 2 1 4 2 2 1 3 4 0 4 3 2 4 3 1 3 4 0 2 0 2 3 1 3 3 0 4 3 2 2 3 2 1 4 2 4 5 3 3 4 1 3 2 4 0 3 3 4 4 1 2 3 0 4 2 1 4 3 4 4 5 0 3 3 4 2 1 2 4 1 4 3 3 4 2 3 0 2 2 0 5 4 0 2 1 1 1 1 2 3 5 2 3 2 4 1 4 3 2 3 0 4 3 3 2 5 2 3 2 3 1 2 3 3 5 2 3 1 3 0 4 2 4 3 2 4 0 1 4 3 1 4 2 3 3 3 3 4 1 1 2 1 2 3 2 3 1 4 4 5 2 
7 7 4 0 3 2 1 3 2 0 1 0 1 1 0 2 2 0 2 3 1 2 2 4 1 2 5 1 3 2 2 4 1 2 0 2 3 4 5 2 3 3 0 3 4 3 4 4 2 1 1 4 5 3 2 3 0 0 2 5 4 1 5 3 0 1 4 3 5 0 4 3 3 5 3 1 4 3 1 3 4 1 5 1 5 1 0 2 4 2 3 4 4 3 1 3 2 4 2 3 2 4 1 2 3 3 1 1 5 1 6 3 1 3 5 4 2 3 5 4 5 1 2 3 0 2 5 2 4 0 2 0 4 6 4 2 4 4 1 5 4 3 6 2 2 1 0 0 1 1 3 2 2 1 3 2 3 1 1 3 4 2 
7 7 4 0 2 2 1 3 3 0 1 0 2 2 0 1 3 1 1 4 0 2 2 3 0 3 5 0 3 3 2 4 1 2 1 2 4 4 4 3 3 2 1 3 3 3 3 3 2 1 2 4 5 3 1 3 0 0 1 5 4 2 5 4 0 1 4 2 5 0 4 3 3 5 3 1 4 3 1 2 4 2 5 1 5 1 0 3 4 2 4 4 4 4 1 4 2 4 2 3 1 4 2 2 3 2 2 1 5 2 5 3 2 3 4 4 2 4 5 4 5 2 2 2 1 2 5 3 4 0 3 1 4 6 3 3 4 4 1 5 3 4 6 2 1 2 1 0 1 2 3 2 3 1 3 2 3 2 2 2 4 2 
6 6 2 1 0 4 3 2 4 2 2 2 3 4 2 2 4 3 0 5 1 4 4 2 1 4 5 1 4 5 3 4 1 3 2 1 4 3 4 4 3 1 3 3 2 5 2 2 4 1 3 4 5 5 0 4 2 1 0 4 5 4 5 5 2 1 5 1 5 2 3 1 4 5 2 0 5 4 3 0 5 4 5 1 4 2 1 4 5 2 5 3 3 5 2 5 4 5 3 5 1 2 4 4 3 1 3 3 4 3 5 4 3 3 4 5 3 5 5 6 5 3 3 1 3 3 5 4 5 1 4 2 4 6 3 5 3 5 2 5 3 4 5 3 1 4 2 1 0 3 3 2 4 2 2 2 2 3 3 1 2 2 
2 2 2 5 3 6 5 2 4 4 3 4 4 6 4 3 5 5 3 4 5 7 6 1 4 4 0 5 3 6 4 2 3 3 6 3 4 1 0 6 1 2 4 2 1 6 2 3 6 4 7 2 0 6 4 4 5 5 4 0 2 5 1 4 5 3 5 2 1 5 0 3 3 1 1 4 2 3 5 3 3 7 1 4 0 4 5 4 2 2 4 2 1 3 3 5 4 3 3 6 3 3 5 7 1 3 4 6 0 5 1 3 7 1 0 2 7 6 1 6 1 4 2 2 6 7 1 6 3 4 4 6 1 1 1 6 0 4 4 0 1 2 1 2 3 6 5 4 4 4 2 2 5 4 2 2 1 4 6 3 3 2 
2 2 4 4 5 4 3 3 1 4 2 3 2 5 3 3 2 4 4 1 5 5 4 3 4 2 2 5 1 3 2 0 3 2 5 3 1 3 2 4 2 3 3 1 3 4 4 5 5 3 6 0 2 4 4 1 4 4 5 2 0 3 2 1 5 3 2 3 1 5 3 4 1 1 3 4 0 1 3 4 0 5 1 4 2 3 4 2 0 2 1 4 3 1 3 2 2 0 2 4 3 5 3 5 1 4 2 5 2 3 2 1 5 2 1 0 6 4 1 4 2 2 2 3 4 6 1 4 0 4 1 5 1 2 2 4 3 1 2 2 2 0 2 1 4 5 4 4 4 2 1 2 2 3 3 2 2 2 5 4 5 2 
6 6 5 2 4 0 0 4 2 2 2 1 1 1 2 3 1 1 3 2 3 1 0 5 3 1 5 2 2 0 1 4 3 2 2 3 2 5 5 0 4 4 1 3 5 1 5 6 1 2 2 3 5 1 4 2 1 2 4 5 3 0 5 2 2 2 2 4 5 2 5 5 2 5 4 3 4 2 0 4 3 2 5 3 5 1 2 1 4 3 2 6 5 3 2 2 1 3 1 1 3 6 0 1 4 4 1 2 5 0 5 2 2 4 5 4 3 1 5 2 5 1 3 4 1 2 5 1 3 2 1 2 4 6 4 1 5 2 1 5 4 3 6 3 3 1 1 2 3 1 3 3 1 1 4 3 4 1 1 4 6 3 
1 1 4 5 4 6 5 3 3 5 3 5 4 7 4 3 4 6 4 3 6 7 6 3 5 4 0 6 3 5 3 1 4 3 6 3 3 2 1 6 2 3 5 2 2 6 3 4 6 4 7 1 0 6 5 3 5 5 5 1 2 5 0 3 6 4 4 3 0 6 2 4 3 0 2 5 1 2 5 4 2 7 0 4 1 4 5 4 1 2 3 3 2 3 4 4 4 2 3 6 3 4 5 7 1 3 4 7 0 5 0 3 7 2 0 1 7 6 0 6 0 4 2 3 6 7 0 6 2 5 3 6 0 0 1 6 1 3 4 0 1 2 0 2 4 6 5 5 5 4 2 3 4 4 3 3 2 4 7 4 4 3 
4 4 5 4 5 2 2 3 0 3 2 3 1 4 3 3 1 3 4 0 4 3 2 5 4 0 4 4 0 2 1 2 3 2 3 3 0 4 4 2 3 4 2 2 4 2 5 6 3 3 4 2 4 2 4 0 3 4 5 4 1 2 3 0 4 3 0 4 3 4 4 5 0 3 4 4 2 1 2 5 1 4 3 3 4 2 4 0 2 2 0 5 5 0 3 0 1 1 1 2 3 6 2 3 2 4 1 4 3 2 4 0 4 3 3 2 5 2 3 2 4 1 2 4 3 5 3 3 1 3 0 4 3 4 3 2 4 0 2 4 3 2 4 2 4 3 3 3 4 1 2 2 1 2 4 2 3 1 4 4 6 3 
7 7 4 0 3 2 1 3 3 1 2 1 2 1 1 2 3 1 2 4 0 2 2 4 1 3 5 0 4 3 3 4 1 3 0 2 4 4 5 3 3 3 1 3 4 3 4 4 2 1 1 4 6 3 2 4 0 0 2 5 5 2 6 4 0 1 4 3 5 0 5 3 3 5 4 1 5 3 1 2 4 1 5 1 5 1 0 3 5 3 4 5 4 4 2 4 2 5 2 3 2 4 2 2 4 3 2 1 5 1 6 4 1 4 5 5 1 4 6 4 6 2 3 3 0 1 5 2 5 0 3 0 5 6 4 3 5 4 2 6 4 4 6 3 2 2 0 0 1 2 3 2 3 2 3 3 3 2 1 3 4 3 
5 5 3 1 2 2 1 1 2 0 0 1 1 3 0 0 3 2 1 3 2 3 2 3 1 2 4 1 2 3 1 2 0 1 2 1 3 3 3 3 2 1 1 1 2 3 2 3 3 0 3 3 4 3 1 2 1 1 1 3 3 2 4 3 1 0 4 1 4 1 3 2 2 3 2 1 3 2 1 2 3 3 4 0 4 0 1 2 3 1 3 3 3 3 0 3 2 3 1 3 0 3 2 3 2 1 1 2 4 1 4 2 3 2 3 3 3 4 4 4 4 1 1 1 2 3 3 3 3 1 2 2 3 5 2 3 3 3 0 4 2 2 4 1 1 3 1 0 1 1 1 1 2 0 2 1 1 1 2 2 3 1 
5 5 6 4 6 2 3 4 1 4 3 3 2 4 3 4 1 4 5 1 5 4 3 5 5 1 4 5 1 2 2 3 4 2 4 4 1 5 4 2 4 5 3 3 5 2 5 7 3 4 5 2 4 2 5 1 4 4 5 5 2 2 4 0 4 4 0 5 4 5 5 6 1 4 5 5 3 2 3 5 1 4 4 4 5 3 4 1 3 3 0 6 5 1 3 0 2 2 2 2 4 7 2 4 3 5 2 5 4 3 4 1 5 4 4 2 5 2 4 1 4 2 3 5 4 5 3 3 2 4 1 4 3 4 4 2 5 0 3 5 4 2 4 3 5 4 4 4 5 2 3 3 1 3 5 3 4 2 4 5 7 3 
5 5 1 2 1 4 3 0 3 2 2 2 3 5 2 1 4 4 1 4 3 5 4 1 2 4 3 3 3 5 3 3 1 2 3 0 4 1 2 5 1 0 3 2 0 5 1 1 5 1 4 3 3 5 1 4 3 2 1 2 3 4 3 4 3 1 5 0 3 3 2 1 3 3 0 2 3 3 3 1 4 5 3 1 2 2 2 4 3 2 4 1 1 4 1 5 3 4 3 5 1 1 4 5 2 0 3 4 3 3 4 3 4 1 3 3 5 5 3 6 3 3 1 0 3 5 3 5 4 2 3 4 3 4 1 5 2 4 2 3 1 3 4 2 0 5 3 2 1 2 2 1 4 2 0 1 1 3 4 0 1 1 
1 1 4 5 5 5 4 3 3 4 3 4 4 6 4 3 4 5 4 2 6 6 5 3 5 4 0 5 2 5 3 1 4 2 6 3 3 2 1 5 2 3 4 2 3 5 3 4 6 4 7 1 0 5 5 3 5 5 5 1 1 5 0 3 5 4 4 3 0 6 2 4 2 0 3 5 0 2 5 4 2 7 0 4 1 4 5 4 0 2 3 3 3 2 3 4 4 1 3 5 3 4 5 6 1 4 4 6 0 5 0 2 7 2 0 1 7 5 0 5 0 3 2 3 6 7 0 6 1 5 3 6 0 1 1 5 2 3 3 1 2 1 0 2 4 6 5 5 5 3 2 3 4 4 3 2 2 3 6 4 5 2 
7 7 4 0 2 2 2 3 3 1 2 1 2 2 1 2 3 1 2 4 0 2 2 4 1 3 5 0 4 3 3 4 1 3 0 2 4 4 5 3 4 3 1 3 4 3 4 4 2 1 1 4 6 3 2 4 0 0 2 5 5 2 6 4 0 1 5 3 6 0 5 3 4 5 4 1 5 4 2 2 5 2 5 1 5 1 0 3 5 3 4 4 4 4 2 4 3 5 3 3 2 4 2 2 4 3 2 1 5 2 6 4 1 4 5 5 1 4 6 4 6 2 3 3 1 1 5 2 5 0 3 0 5 6 4 3 5 4 2 6 4 4 6 3 2 2 0 0 1 2 3 3 3 2 3 3 3 2 1 3 4 3 
3 3 2 4 3 5 4 1 4 4 3 4 4 6 4 2 5 5 3 4 5 6 6 1 3 4 1 4 3 5 3 2 3 2 5 2 4 0 1 6 1 1 4 2 1 6 1 2 6 3 6 2 1 6 3 4 4 4 3 0 3 5 2 4 5 3 5 2 2 5 0 2 3 1 1 4 2 3 5 3 3 6 1 3 0 3 4 4 2 2 4 1 0 4 3 5 4 3 3 6 2 2 5 6 1 2 4 6 1 5 2 3 6 1 1 2 6 6 2 6 1 4 2 2 5 7 2 6 3 4 4 5 2 2 1 6 0 4 3 1 0 2 2 2 2 6 5 4 3 3 2 2 5 3 1 2 1 4 6 2 2 2 
6 6 1 3 0 5 4 1 4 3 2 3 4 5 3 2 5 4 1 5 3 5 5 1 2 5 4 3 4 5 4 4 2 3 4 1 5 2 3 5 2 1 4 3 1 6 1 0 5 2 5 4 4 6 1 5 3 3 1 3 4 5 4 5 3 2 6 1 4 3 2 0 4 4 1 2 4 4 4 0 5 5 4 2 3 3 2 5 4 3 5 1 2 5 2 6 4 5 4 6 2 1 5 5 3 0 4 4 4 4 5 4 5 2 4 4 5 6 4 7 4 4 3 1 4 5 4 5 5 3 4 4 4 5 2 6 3 5 3 4 2 4 4 3 1 5 3 3 1 3 3 2 5 3 1 3 2 4 5 0 1 2 
4 4 4 3 4 2 2 3 0 2 2 2 1 4 2 2 1 3 3 0 4 4 3 4 3 1 3 4 0 2 0 1 2 1 3 2 0 3 3 2 2 3 2 1 3 2 4 5 3 2 4 1 3 3 4 0 3 3 4 3 1 2 3 0 3 2 1 3 2 4 3 4 0 2 3 4 1 0 2 4 1 4 2 3 3 2 3 1 2 1 0 4 4 0 2 1 1 1 0 2 2 5 2 4 2 3 1 4 3 2 3 0 4 2 2 1 5 3 3 3 3 1 1 3 3 5 2 3 1 3 0 4 2 3 2 2 3 1 1 3 2 1 3 1 3 3 3 3 3 1 1 2 1 1 3 1 2 1 4 4 5 2 
1 1 3 5 4 5 4 2 3 4 3 4 4 6 4 3 4 5 4 3 5 6 5 2 4 4 0 5 2 5 3 1 4 2 5 3 3 2 0 5 1 3 4 2 2 5 3 4 6 4 7 1 0 5 4 3 5 5 5 1 1 5 0 3 5 3 4 3 0 5 1 4 2 0 2 5 1 2 4 4 2 7 0 4 1 4 5 4 0 2 3 3 2 2 3 4 4 2 3 5 3 4 5 6 1 3 4 6 0 4 0 2 6 1 0 1 7 5 0 5 0 3 2 3 5 7 0 6 2 5 3 6 0 1 1 5 1 3 3 0 1 1 0 2 4 6 5 4 4 3 2 2 4 3 2 2 2 3 6 4 4 2 
4 4 1 3 2 5 3 0 3 3 2 3 3 5 3 1 4 4 2 4 3 5 5 0 2 4 2 3 3 5 3 2 2 2 4 1 4 0 1 5 1 0 3 1 0 5 0 1 5 2 5 2 2 5 2 3 3 3 2 1 3 4 2 4 4 2 5 0 3 4 1 1 3 2 0 2 3 2 4 1 3 5 2 2 1 2 3 4 3 1 4 1 0 3 2 5 3 3 3 5 1 1 4 5 1 1 3 5 2 4 3 3 5 0 2 3 5 6 3 6 2 3 1 0 4 5 2 5 3 3 3 4 2 3 1 5 1 4 2 2 0 2 3 1 1 5 4 3 2 3 1 1 4 3 0 1 0 3 5 1 2 1 
7 7 3 0 1 3 2 2 3 1 2 1 3 3 1 1 4 2 0 4 1 3 3 3 0 4 5 1 4 4 3 4 1 2 2 1 4 3 4 4 3 2 2 3 3 4 3 2 3 1 2 4 5 4 0 4 1 1 0 4 4 3 5 4 1 1 5 2 5 1 4 2 4 5 2 0 5 3 2 1 4 3 5 0 4 1 0 4 4 2 4 3 3 4 1 5 3 4 3 4 1 3 3 3 3 1 3 2 5 2 5 4 3 3 4 4 3 5 5 5 5 2 2 1 2 3 5 4 4 1 4 2 4 6 3 4 4 5 2 5 3 4 5 3 1 3 2 1 0 2 3 2 3 2 2 2 2 3 3 1 3 2 
2 2 4 4 4 4 4 3 2 4 3 4 3 6 4 3 3 5 4 2 5 5 4 3 4 3 1 5 1 4 2 0 3 2 5 3 2 3 1 4 2 3 4 1 3 4 3 5 5 3 6 0 1 5 4 2 4 4 5 2 0 4 1 2 5 3 3 3 0 5 2 4 1 1 3 5 0 1 4 4 1 6 1 4 2 3 4 3 0 2 2 4 3 1 3 3 3 1 2 4 3 4 4 6 1 3 3 6 1 4 1 1 6 2 1 0 6 5 1 4 1 3 2 3 5 6 0 5 1 4 2 5 0 1 2 4 2 2 3 1 2 0 1 2 4 5 5 4 4 3 1 2 3 3 3 2 2 3 5 4 5 2 
4 4 4 3 4 3 2 2 0 2 1 2 1 4 2 2 2 3 3 1 4 4 3 3 3 1 2 3 0 2 1 1 2 0 3 2 1 3 2 3 1 2 2 0 3 3 3 4 4 2 4 1 2 3 3 1 3 3 4 3 1 2 2 1 3 2 2 3 2 4 3 4 0 2 2 3 1 0 2 3 1 4 2 3 3 2 3 1 1 1 1 4 3 1 2 2 1 1 1 3 2 4 2 4 1 3 1 4 2 2 3 0 4 2 2 1 5 3 2 3 2 1 1 3 3 5 2 3 1 3 1 4 2 3 2 3 3 1 1 3 2 0 3 0 3 4 3 3 3 1 0 1 2 1 2 1 1 1 4 3 4 1 
6 6 5 2 4 0 0 3 1 1 1 1 0 1 1 2 1 0 3 2 2 1 1 4 2 1 5 2 2 1 1 3 2 2 1 2 2 4 4 1 3 3 0 2 4 1 4 5 1 2 2 3 5 1 3 2 1 1 3 5 3 0 5 2 1 1 3 3 5 2 5 4 2 4 4 2 4 2 0 3 3 2 5 2 5 1 2 1 4 2 2 5 5 3 2 2 1 3 1 1 2 5 0 1 3 3 0 2 5 0 5 2 2 4 4 4 2 2 5 2 5 1 2 3 1 2 4 1 3 1 1 1 4 6 4 1 5 2 1 5 4 3 5 2 3 1 1 1 2 1 2 2 1 1 4 2 3 1 1 3 5 2 
6 6 1 2 0 4 3 1 4 2 2 2 3 4 2 1 5 3 0 5 2 5 4 2 1 4 4 2 4 5 3 3 1 3 3 1 4 2 3 5 2 1 3 3 1 5 1 1 5 1 4 4 4 5 0 4 3 2 0 3 4 4 4 5 2 2 5 1 4 2 3 0 4 4 1 1 4 3 3 0 4 4 4 1 3 2 2 4 4 2 4 2 2 4 2 5 4 4 3 5 1 2 4 5 3 0 3 4 4 3 5 4 4 2 4 4 4 6 4 6 4 3 2 0 3 4 4 5 4 2 4 3 4 5 2 5 3 5 2 4 2 4 5 2 0 4 3 2 1 3 3 2 4 2 1 2 2 3 4 0 1 2 
3 3 5 4 5 3 3 3 1 3 2 3 2 5 3 3 2 4 4 0 5 4 3 4 4 2 2 5 0 3 1 1 3 2 4 3 0 4 3 3 2 4 3 1 4 3 4 5 4 3 5 0 3 3 5 1 4 4 5 3 0 3 2 1 4 3 1 4 2 5 3 5 1 2 3 4 1 1 3 4 0 5 2 4 3 3 4 2 1 2 1 4 4 0 3 1 2 0 1 3 3 5 3 5 2 4 2 5 2 3 2 0 5 3 2 1 6 3 2 3 2 2 2 4 4 6 2 4 0 4 1 5 2 3 2 3 3 1 2 3 3 1 3 2 4 4 4 4 4 2 2 2 2 2 3 2 2 2 5 4 6 2 
8 8 6 2 5 2 2 5 4 2 3 2 3 0 2 4 3 1 4 4 2 0 1 6 3 3 7 2 4 2 3 5 3 4 1 4 4 6 6 2 5 5 2 5 5 3 6 6 1 3 0 5 7 2 4 4 1 2 4 7 5 2 7 4 1 3 4 5 7 2 6 5 4 7 5 3 6 4 2 4 5 0 7 3 7 3 2 3 6 4 4 6 6 5 3 4 3 5 3 2 4 6 2 0 5 5 3 0 7 2 7 4 0 5 6 6 1 3 7 3 7 3 4 5 1 0 6 1 5 2 4 1 6 8 5 2 6 5 3 7 6 5 7 4 4 0 1 2 3 3 4 4 3 3 5 4 5 3 0 5 6 4 
1 1 3 5 4 5 4 2 3 4 3 4 4 6 4 3 4 5 4 3 6 6 5 2 4 4 0 5 2 5 3 1 4 2 6 3 3 2 0 5 1 3 4 2 2 5 3 4 6 4 7 1 0 6 4 3 5 5 5 1 1 5 0 3 5 4 4 3 0 5 1 4 2 0 2 5 1 2 5 4 2 7 0 4 1 4 5 4 1 2 3 3 2 2 3 4 4 2 3 5 3 4 5 6 1 3 4 6 0 5 0 2 6 1 0 1 7 6 0 6 0 3 2 3 5 7 0 6 2 5 3 6 0 1 1 5 1 3 3 0 1 1 0 2 4 6 5 5 4 3 2 2 4 4 2 2 2 3 6 4 4 2 
6 6 3 1 1 3 2 2 3 1 1 1 2 3 1 1 3 2 0 4 1 3 3 2 0 3 4 1 3 3 2 3 0 2 2 1 3 3 3 3 2 1 2 2 2 4 2 2 3 0 3 3 4 4 1 3 1 1 1 4 4 3 4 3 1 0 4 1 4 1 3 2 3 4 2 0 4 3 2 1 4 3 4 0 4 1 0 3 4 2 3 3 3 4 0 4 2 4 2 4 0 3 3 3 3 1 2 2 4 2 5 3 3 2 4 4 3 4 4 5 4 2 2 1 2 3 4 3 4 0 3 2 4 5 2 4 3 4 1 4 3 3 5 2 0 3 1 0 0 2 2 1 3 1 2 1 2 2 3 1 3 1 
2 2 2 5 3 6 5 2 4 4 3 4 4 7 4 3 5 6 3 4 5 7 6 1 4 5 0 5 3 6 4 2 4 3 6 3 4 1 0 6 1 2 5 2 1 6 2 3 6 4 7 2 0 6 4 4 5 5 4 0 2 5 1 4 5 4 5 2 1 5 0 3 3 1 1 4 2 3 5 3 3 7 1 4 0 4 5 5 2 2 4 2 1 3 3 5 4 3 4 6 3 3 5 7 1 3 4 6 0 5 1 3 7 1 1 2 7 6 1 6 1 4 2 2 6 7 1 6 3 5 4 6 1 1 1 6 0 4 4 0 1 2 1 2 3 6 5 5 4 4 2 2 5 4 2 2 2 4 6 3 3 2 
5 5 4 1 2 2 1 2 1 0 0 0 1 2 0 1 2 1 1 2 2 2 2 3 1 2 4 1 2 2 1 2 1 1 1 1 2 3 3 2 2 2 0 2 3 2 3 4 2 0 2 3 4 3 2 2 1 1 2 4 3 1 4 2 1 0 3 2 4 1 3 3 2 4 2 1 3 2 1 2 3 3 4 1 4 0 1 2 3 1 2 4 3 2 0 3 1 3 1 3 1 4 1 2 2 2 1 2 4 1 4 2 2 2 3 3 3 3 4 3 4 0 1 2 1 3 3 2 3 1 2 2 3 5 2 2 3 3 0 4 3 2 4 1 1 2 1 1 1 0 1 1 1 0 2 1 2 1 2 2 4 1 
7 7 3 0 2 2 1 2 3 0 1 1 2 2 0 1 3 1 1 4 0 2 2 3 0 3 5 0 3 3 2 4 1 2 1 2 4 4 4 3 3 2 1 3 3 3 3 3 2 1 2 4 5 3 1 3 0 0 1 5 4 2 5 4 0 1 4 2 5 0 4 2 3 5 3 0 4 3 2 2 4 2 5 0 5 1 0 3 4 2 4 4 4 4 1 4 2 4 2 3 1 4 2 2 3 2 2 1 5 2 5 4 2 3 4 4 2 4 5 4 5 2 2 2 1 2 5 3 4 0 3 1 4 6 3 3 4 4 1 5 3 4 5 2 1 2 1 0 1 2 3 2 3 1 3 2 3 2 2 2 3 2 
5 5 5 3 5 1 1 3 0 2 2 2 0 3 2 3 0 2 4 1 4 2 1 5 3 0 4 3 1 1 0 2 3 2 3 3 1 4 4 1 3 4 1 2 4 1 5 5 2 2 4 2 4 1 4 0 2 3 4 4 2 1 4 0 3 2 1 4 4 3 4 5 1 4 4 4 3 1 1 4 2 3 4 3 5 2 3 0 3 2 1 5 5 1 2 0 0 2 1 1 3 6 1 3 3 4 0 3 4 1 4 1 3 3 4 3 4 1 4 1 4 1 2 4 3 4 3 2 2 3 0 3 3 5 3 1 4 1 1 4 4 2 5 2 4 2 2 3 4 1 2 2 0 1 4 2 3 1 3 4 6 2 
2 2 4 4 4 4 4 2 2 4 3 4 3 6 4 3 3 5 4 2 5 5 5 3 4 3 1 5 1 4 2 0 3 2 5 3 2 2 1 4 1 3 4 1 3 4 3 5 5 3 6 0 1 5 4 2 4 4 5 2 0 4 1 2 5 3 3 3 0 5 2 4 2 0 3 4 0 1 4 4 1 6 1 4 2 3 4 3 0 2 2 3 3 1 3 3 3 1 2 4 3 4 4 6 1 3 3 6 1 4 1 1 6 2 1 0 6 5 1 5 1 3 2 3 5 6 0 5 1 4 2 5 0 1 1 4 2 2 3 1 2 0 1 1 4 5 4 4 4 3 1 2 3 3 3 2 2 3 5 4 5 2 
4 4 3 2 2 3 2 1 1 2 0 2 2 4 1 0 2 3 2 2 3 4 3 2 2 2 2 3 1 3 1 1 1 0 3 1 2 2 2 3 0 1 2 0 2 3 2 3 4 1 4 1 2 4 2 2 2 2 2 2 2 3 2 2 3 1 3 2 2 3 2 3 1 2 1 2 2 1 2 2 2 4 2 2 2 1 2 2 2 0 2 3 2 2 1 3 2 2 1 3 1 3 3 4 1 2 2 4 2 2 3 1 4 1 2 2 4 4 2 4 2 1 0 1 3 4 2 4 2 2 1 3 2 3 1 3 2 2 1 2 1 1 3 0 2 4 2 2 2 1 0 0 2 1 1 0 1 1 4 2 3 0 
4 4 5 4 5 2 2 3 0 3 2 3 1 4 3 3 1 3 4 0 4 3 2 4 4 1 3 4 0 2 1 2 3 1 4 3 0 4 3 2 3 4 2 2 4 2 4 6 3 3 5 1 4 2 4 0 3 4 5 4 1 2 3 0 4 3 0 4 3 4 4 5 0 3 4 4 2 1 2 4 1 4 3 3 4 2 4 1 2 2 0 5 4 0 3 0 1 1 1 2 3 6 2 4 2 4 1 4 3 2 3 0 4 3 3 2 5 2 3 2 3 1 2 4 3 5 3 3 1 3 0 4 3 4 3 2 4 0 2 4 3 1 4 2 4 3 3 3 4 1 2 2 1 2 4 2 3 1 4 4 6 2 
4 4 0 4 2 6 5 1 4 4 3 4 5 6 4 2 5 5 2 5 4 6 6 0 3 5 2 4 4 6 4 3 3 3 5 2 5 0 2 6 2 1 4 3 1 6 0 1 6 3 6 3 3 7 2 5 4 4 3 2 4 6 3 5 5 3 6 1 3 4 1 1 4 3 1 3 4 4 5 2 4 6 3 3 2 4 4 5 3 3 5 0 0 5 3 6 5 4 4 7 2 0 5 6 2 1 5 6 2 5 3 4 6 1 2 4 6 7 3 7 3 4 2 1 5 6 3 6 4 4 5 5 3 3 2 6 1 5 4 2 1 3 3 3 2 6 5 4 3 4 3 2 5 4 1 3 2 4 6 1 1 2 
4 4 1 4 2 6 4 1 4 4 3 4 4 6 4 2 5 5 2 4 4 6 6 0 3 5 2 4 4 6 4 2 3 3 5 2 4 0 1 6 1 1 4 2 0 6 0 2 6 3 6 3 2 6 3 4 4 4 3 1 3 5 2 5 4 3 5 1 3 4 0 2 4 2 0 3 3 3 5 2 4 6 2 3 1 3 4 5 3 2 4 0 0 4 3 5 4 4 4 6 2 1 5 6 2 1 4 6 2 5 3 4 6 1 2 3 6 6 3 7 2 4 2 1 5 6 2 6 4 4 4 5 2 3 1 6 0 5 3 2 1 3 2 2 2 6 5 4 3 3 2 2 5 3 1 2 1 4 6 2 2 2 
4 4 5 4 5 3 2 3 1 3 2 3 2 4 3 3 1 3 4 0 5 4 3 4 4 1 3 4 0 2 1 1 3 1 4 3 0 4 3 3 2 4 2 1 4 2 4 5 4 3 5 1 3 3 4 0 3 4 5 3 1 3 3 0 4 3 1 4 2 4 4 5 0 2 3 4 1 1 3 4 0 5 2 4 3 2 4 1 1 2 0 5 4 0 3 1 1 0 1 3 3 5 3 4 2 4 2 5 3 3 3 0 5 3 2 1 5 3 2 3 3 2 2 4 4 5 2 3 0 4 1 4 2 3 3 2 3 0 2 3 3 1 3 2 4 4 4 4 4 2 2 2 1 2 3 2 3 1 4 4 6 2 
5 5 3 1 2 3 1 1 2 1 0 1 1 3 0 0 2 2 1 3 2 3 3 2 1 2 3 2 2 3 1 2 0 1 2 0 2 2 3 3 1 1 1 1 2 3 2 3 3 0 3 2 3 3 1 2 1 1 2 3 3 2 4 3 2 0 3 1 3 2 3 2 2 3 2 1 3 2 2 2 3 3 3 0 3 0 1 2 3 1 3 3 3 3 0 3 2 3 1 3 0 3 2 3 2 1 1 3 3 2 4 2 3 2 3 3 3 4 3 4 4 1 1 1 2 3 3 3 3 1 2 2 3 4 2 3 3 3 0 3 2 2 4 1 1 3 2 1 1 1 1 0 2 1 1 1 1 1 3 1 3 1 
5 5 6 4 5 2 2 4 1 3 3 3 1 4 3 3 0 3 4 1 5 3 2 5 4 1 4 4 1 1 1 3 4 2 4 4 1 5 4 2 3 5 2 3 5 1 5 6 3 3 4 2 4 2 5 1 3 4 5 5 2 2 4 0 4 3 0 5 4 4 5 6 1 4 5 5 3 2 2 5 1 4 4 4 5 3 4 0 3 3 0 6 5 1 3 0 1 2 1 1 4 6 2 3 3 5 1 4 4 2 4 1 4 4 4 3 5 1 4 1 4 2 3 4 3 5 4 2 2 4 1 4 3 5 4 1 5 0 2 5 4 2 5 3 4 3 3 4 5 2 3 3 1 2 4 3 4 1 4 5 7 3 
5 5 5 2 4 1 0 3 0 1 1 1 0 2 1 2 0 1 3 1 3 2 1 4 2 0 4 3 1 1 0 2 2 1 2 2 1 4 4 1 3 3 1 2 4 1 4 5 2 2 3 2 4 1 3 1 2 2 4 4 2 1 4 1 2 2 2 3 4 3 4 4 1 4 3 3 3 1 1 4 2 3 4 2 4 1 2 0 3 2 1 5 4 1 2 1 0 2 0 1 2 5 1 2 3 3 0 3 4 1 4 1 3 3 4 3 3 2 4 2 4 0 2 3 2 3 3 2 2 2 0 2 3 5 3 1 4 1 1 4 3 2 5 2 3 2 2 2 3 0 2 2 0 1 3 2 3 0 2 4 5 2 
3 3 5 4 5 3 3 3 1 3 2 3 2 5 3 3 2 4 4 1 5 5 4 4 4 2 2 5 0 3 1 1 3 2 4 3 1 3 2 4 2 3 3 1 3 3 4 5 4 3 5 0 2 4 4 1 4 4 5 3 0 3 2 1 5 3 2 4 1 5 3 5 1 2 3 4 1 1 3 4 0 5 2 4 3 3 4 2 1 2 1 4 4 0 3 2 2 0 2 3 3 5 3 5 1 4 2 5 2 3 2 0 5 2 2 0 6 4 2 3 2 2 2 3 4 6 1 4 0 4 1 5 1 2 2 3 3 1 2 2 2 0 2 1 4 5 4 4 4 2 1 2 2 3 3 2 2 2 5 4 5 2 
5 5 4 2 3 2 1 2 0 1 1 1 0 3 1 1 1 2 3 1 3 3 2 3 2 1 3 3 1 2 0 2 2 0 2 2 1 3 3 2 2 3 1 1 3 2 3 4 3 1 3 2 3 2 3 1 2 2 3 3 2 1 3 1 2 1 2 3 3 3 3 4 0 3 3 3 2 1 1 3 1 3 3 2 4 1 2 1 2 1 1 4 4 1 1 1 0 2 0 2 2 4 1 3 2 3 0 3 3 1 4 1 3 2 3 2 4 2 3 3 3 0 1 3 2 4 3 2 2 2 0 3 2 4 2 2 3 1 0 4 2 1 4 1 2 3 2 2 3 0 1 1 1 0 3 1 2 0 3 3 5 1 
7 7 7 3 6 1 2 5 2 3 3 2 1 2 3 4 1 2 5 2 4 2 1 6 4 1 6 4 3 0 2 4 4 3 3 4 2 6 6 0 4 5 2 4 5 0 6 7 1 3 3 4 6 0 5 2 3 3 5 6 4 1 6 2 3 3 2 5 5 3 6 6 2 5 5 4 4 3 1 5 3 2 5 4 6 3 3 1 4 3 2 7 6 3 3 1 1 3 2 0 4 7 1 2 4 5 1 3 6 1 6 3 3 5 5 4 3 0 5 1 6 2 4 5 2 3 5 1 3 3 2 3 5 6 5 0 6 2 2 6 5 4 6 4 5 1 2 3 4 2 4 4 1 2 5 3 4 2 2 5 7 4 
5 5 2 1 1 3 2 1 2 1 0 1 2 3 1 0 3 2 1 3 2 4 3 2 1 3 3 2 2 3 2 2 0 1 2 0 3 2 3 3 1 1 2 1 1 4 2 2 4 0 3 2 3 4 1 3 2 1 1 3 3 3 3 3 2 0 4 1 3 2 2 2 2 3 1 1 3 2 2 1 3 4 3 0 3 1 1 3 3 1 3 2 2 3 0 4 2 3 2 4 0 3 3 4 2 1 2 3 3 2 4 2 3 1 3 3 4 4 3 5 3 2 1 1 2 4 3 4 3 1 2 3 3 4 2 4 2 3 1 3 2 2 4 1 0 3 2 1 1 1 1 0 3 1 1 1 1 2 3 1 3 0 
5 5 0 4 1 6 5 2 5 4 3 4 5 6 4 3 6 5 2 5 4 7 6 1 3 6 3 4 5 6 5 4 3 4 5 2 5 1 3 6 3 1 5 3 1 7 1 0 6 3 6 4 3 7 2 5 4 4 2 3 5 6 4 6 4 3 7 1 4 4 2 1 5 4 1 3 4 4 5 2 5 6 4 3 3 4 4 6 4 3 6 0 1 5 3 6 5 5 4 7 3 0 6 7 3 1 5 6 3 5 4 5 6 2 3 4 6 7 4 8 4 5 3 1 5 6 4 7 5 4 5 5 4 4 2 7 2 6 4 3 2 4 4 3 2 6 5 4 3 4 3 3 6 4 1 3 2 5 6 1 0 3 
6 6 5 2 4 0 0 4 2 1 2 1 1 1 1 3 1 1 3 2 3 1 0 5 3 1 5 2 2 0 1 3 2 2 1 3 2 5 5 0 3 4 1 3 4 1 5 5 1 2 2 3 5 1 4 2 1 2 4 5 3 0 5 2 2 2 2 4 5 2 5 5 2 5 4 3 4 2 0 4 3 2 5 3 5 1 2 1 4 3 2 5 5 3 2 2 1 3 1 1 3 6 0 1 4 4 1 2 5 0 5 2 2 4 5 4 2 1 5 2 5 1 3 4 1 2 5 1 3 2 2 2 4 6 4 1 5 2 1 5 4 3 6 3 3 1 1 2 3 1 3 3 1 1 4 2 4 1 1 4 6 3 
8 8 6 2 5 1 2 5 3 2 3 2 2 0 2 4 2 1 4 4 3 0 1 6 3 2 7 2 4 2 3 5 3 3 1 4 4 6 6 1 5 5 2 4 5 2 6 6 0 3 1 5 7 1 4 3 2 2 4 7 5 1 7 3 2 3 4 5 6 2 6 5 4 6 5 3 6 4 1 5 5 0 6 3 7 2 2 3 6 4 4 6 6 4 3 3 2 5 3 2 4 7 1 0 5 5 2 1 6 1 7 4 1 5 6 5 1 2 6 3 7 2 4 5 1 1 6 0 5 2 3 1 6 7 5 2 6 4 3 7 5 5 7 4 4 0 1 2 4 3 4 4 2 2 5 4 5 2 0 5 6 4 
3 3 3 3 3 4 3 1 2 3 2 3 3 5 3 2 3 4 3 2 4 5 4 2 3 3 1 4 1 4 2 0 2 1 4 2 2 1 1 4 0 2 3 0 2 4 2 3 5 2 5 1 1 4 3 2 3 3 3 1 1 4 1 2 4 2 3 2 1 4 1 3 2 1 1 3 1 1 3 3 2 5 1 3 1 2 3 3 1 1 2 2 2 2 2 3 3 1 2 4 2 3 4 5 0 2 3 5 1 3 2 1 5 1 1 1 6 5 1 5 1 2 1 2 4 6 1 5 1 3 2 4 0 2 0 4 1 2 2 1 1 0 2 1 2 5 4 3 3 2 0 1 3 2 1 1 1 2 5 3 4 1 
5 5 1 2 0 4 3 0 3 2 2 2 3 4 2 1 4 3 1 4 3 5 4 1 1 4 3 2 3 5 3 3 1 2 3 1 4 1 3 5 1 0 3 2 1 5 1 1 5 1 4 3 3 5 1 4 3 2 1 3 4 4 3 4 3 1 5 0 4 3 2 0 3 3 1 1 3 3 3 0 4 5 3 1 3 2 2 4 3 2 4 1 1 4 1 5 3 4 3 5 1 1 4 5 2 0 3 4 3 3 4 4 4 1 3 3 4 6 4 6 3 3 2 0 3 5 3 5 4 2 4 3 3 4 2 5 2 4 2 3 2 3 4 2 0 5 3 2 1 3 2 1 4 2 0 2 1 3 4 0 1 1 
5 5 5 2 4 1 0 3 1 1 1 1 0 2 1 2 1 1 3 2 3 2 1 4 2 0 4 2 1 1 0 2 2 1 2 2 1 4 4 1 2 3 0 2 4 1 4 5 2 2 3 2 4 1 3 1 1 2 3 4 2 1 4 1 2 1 2 3 4 2 4 4 1 4 3 3 3 1 0 3 2 3 4 2 4 1 2 0 3 2 1 5 4 2 1 1 0 2 0 1 2 5 1 2 3 3 0 3 4 0 4 1 2 3 4 3 3 2 4 2 4 0 2 3 2 3 4 2 2 2 1 2 3 5 3 1 4 2 1 4 3 2 5 2 3 2 1 2 3 0 2 2 0 0 3 2 3 0 2 3 5 2 
8 8 5 1 4 2 2 4 4 1 3 2 3 1 2 3 3 1 3 5 1 1 2 5 2 3 6 1 4 3 3 5 2 3 0 3 4 6 6 2 4 4 2 4 5 3 5 5 1 2 0 5 7 3 3 4 1 1 3 6 5 2 7 4 1 2 5 4 6 1 6 4 4 6 5 2 6 4 2 4 5 0 6 2 6 2 1 3 6 4 4 6 6 5 3 4 3 5 3 3 3 6 2 1 5 4 3 0 6 2 7 4 0 5 6 6 0 3 7 4 7 3 4 4 0 0 6 2 5 1 4 0 6 7 5 3 6 5 2 7 5 5 7 4 3 1 1 1 2 3 4 4 3 2 5 4 4 3 0 4 5 4 
1 1 3 5 4 5 4 2 3 4 3 4 4 6 4 3 4 5 4 3 6 6 6 2 4 4 0 5 3 5 3 1 4 2 6 3 3 2 0 6 1 3 4 2 2 5 2 4 6 4 7 1 0 6 4 3 5 5 4 0 2 5 0 3 5 4 4 3 0 5 1 4 3 0 2 5 1 2 5 4 2 7 0 4 0 4 5 4 1 2 3 2 2 3 3 4 4 2 3 6 3 3 5 6 1 3 4 6 0 5 0 3 7 1 0 1 7 6 0 6 0 4 2 3 6 7 0 6 2 5 3 6 0 1 1 5 1 3 3 0 1 1 0 2 3 6 5 5 4 3 2 2 4 4 2 2 2 4 6 3 4 2 
6 6 5 2 4 0 0 3 1 1 1 1 0 1 1 2 1 0 3 2 2 1 1 4 2 1 5 2 2 1 1 3 2 2 1 2 2 4 4 1 3 3 0 2 4 1 4 5 1 2 2 3 5 1 3 2 1 2 3 5 3 0 5 2 1 1 3 3 5 2 5 4 2 4 4 2 4 2 0 3 3 2 5 2 5 1 2 1 4 2 2 5 5 3 2 2 1 3 1 1 2 5 0 1 3 3 0 2 5 0 5 2 2 4 4 4 2 2 5 2 5 1 2 3 1 2 4 1 3 1 2 1 4 6 4 1 5 3 1 5 4 3 5 2 3 1 1 1 3 1 2 2 1 1 4 2 3 1 1 3 5 2 
1 1 4 5 5 6 5 3 3 5 4 5 4 7 5 4 5 6 5 3 6 7 6 3 5 4 0 6 3 5 4 1 4 3 6 4 3 2 1 6 2 3 5 2 3 6 3 5 7 4 7 2 0 6 5 3 6 5 5 1 2 5 0 4 6 4 4 4 0 6 2 5 3 0 3 5 1 3 5 5 2 7 0 5 1 4 5 4 1 3 3 3 3 3 4 4 4 2 4 6 4 4 5 7 2 4 4 7 0 5 0 3 7 2 1 1 8 6 0 6 0 4 3 4 6 8 0 6 2 5 4 6 1 0 2 6 2 3 4 1 2 2 0 3 4 7 6 5 5 4 2 3 5 4 3 3 2 4 7 4 5 3 
3 3 5 3 4 3 2 3 0 3 2 3 1 4 3 2 1 3 4 0 4 4 3 4 3 1 3 4 0 2 1 1 3 1 4 3 0 3 3 3 2 3 2 1 3 2 4 5 4 3 5 1 3 3 4 0 3 3 4 3 1 2 3 0 4 2 1 3 2 4 3 4 0 2 3 4 1 0 2 4 0 4 2 3 3 2 4 1 1 1 0 4 4 0 2 1 1 0 1 3 2 5 2 4 1 4 1 4 3 2 3 0 4 2 2 1 5 3 2 3 3 1 1 3 4 5 2 3 0 3 0 4 2 3 2 3 3 0 2 3 2 1 3 1 3 4 3 3 4 1 1 2 1 2 3 1 2 1 4 4 5 2 
8 8 6 2 4 2 2 5 4 2 3 2 3 0 2 3 3 1 3 5 2 1 2 6 2 3 7 2 4 3 3 5 3 4 1 4 4 6 6 2 5 5 2 4 5 3 6 6 1 3 0 5 7 2 4 4 1 2 3 7 5 2 7 4 1 3 5 4 7 1 6 5 4 6 5 3 6 4 2 4 5 0 6 3 7 2 2 3 6 4 4 6 6 5 3 4 3 5 3 3 3 6 2 1 5 4 2 0 7 2 7 4 0 5 6 6 0 3 7 4 7 3 4 4 1 0 6 1 5 2 4 0 6 8 5 3 6 5 3 7 5 5 7 4 4 1 1 2 3 3 4 4 3 2 5 4 5 3 0 4 6 4 
3 3 2 3 2 4 3 0 3 3 2 3 3 5 3 1 4 4 2 3 4 5 5 1 3 3 1 4 2 4 2 1 2 1 4 1 3 0 1 5 0 1 3 1 0 5 1 2 5 2 5 2 1 5 2 3 3 3 3 1 2 4 2 3 4 2 4 1 2 4 1 2 2 1 0 3 2 2 4 2 3 5 1 2 1 2 3 3 2 1 3 1 1 3 2 4 3 2 2 5 1 2 4 5 1 1 3 5 1 4 2 2 5 0 1 2 5 5 2 5 2 3 1 1 4 6 1 5 2 3 3 4 1 2 0 5 1 3 2 1 0 1 2 1 2 5 4 3 3 2 1 1 4 2 0 1 0 3 5 2 3 1 
2 2 3 4 4 5 4 2 3 4 3 4 4 6 4 3 4 5 4 3 5 6 5 2 4 4 0 5 2 5 3 1 3 2 5 2 3 1 0 5 1 2 4 1 2 5 2 4 6 3 6 1 0 5 4 3 5 4 4 0 1 5 0 3 5 3 4 3 0 5 1 4 2 0 2 4 1 2 4 4 2 6 0 4 1 3 4 4 1 2 3 2 2 2 3 4 4 2 3 5 3 3 5 6 1 3 4 6 0 4 1 2 6 1 0 1 7 6 0 5 0 3 2 3 5 7 0 6 2 4 3 6 0 1 1 5 1 3 3 0 1 1 1 2 3 6 5 4 4 3 1 2 4 3 2 2 1 3 6 3 4 2 
2 2 4 4 4 4 3 3 2 4 3 4 3 5 4 3 3 4 4 1 5 5 4 3 4 3 1 5 1 4 2 0 3 2 5 3 1 3 1 4 2 3 3 1 3 4 3 5 5 3 6 0 1 4 4 2 4 4 5 2 0 4 1 2 5 3 2 3 1 5 2 4 1 1 3 4 0 1 4 4 1 6 1 4 2 3 4 3 0 2 2 4 3 1 3 3 3 0 2 4 3 4 4 5 1 3 3 6 1 4 1 1 6 2 1 0 6 4 1 4 1 3 2 3 5 6 0 5 0 4 2 5 0 2 2 4 2 2 3 2 2 0 1 1 4 5 4 4 4 2 1 2 3 3 3 2 2 2 5 4 5 2 
9 9 6 2 4 3 2 5 4 2 3 2 3 1 2 4 4 1 3 5 2 1 2 6 2 4 7 1 5 3 4 6 3 4 1 4 5 6 7 3 5 5 2 5 5 3 6 5 2 3 0 6 7 3 3 5 2 2 3 7 6 3 7 5 1 3 5 5 7 1 6 5 5 7 5 3 6 5 2 4 6 1 7 3 7 3 2 4 6 4 5 6 6 5 3 5 3 6 4 3 4 6 2 1 6 4 3 0 7 2 8 5 0 5 7 6 0 4 7 4 7 3 5 4 1 0 7 2 6 2 4 1 7 8 6 3 7 5 3 7 6 5 8 5 4 1 1 2 3 3 5 4 4 3 5 4 5 3 1 4 6 4 
7 7 7 4 6 1 2 5 2 3 3 3 2 2 3 4 1 2 5 3 4 2 1 6 4 1 6 4 3 0 2 4 4 3 3 4 2 6 6 1 5 5 2 4 6 0 6 7 2 4 3 4 6 0 5 2 3 4 5 6 4 1 6 2 4 4 2 5 5 4 6 6 3 5 6 5 5 3 2 6 3 3 6 4 6 3 4 1 5 4 2 7 6 3 4 1 2 4 2 0 4 7 1 2 5 6 2 3 6 2 6 3 3 5 6 4 4 0 6 0 6 2 4 5 3 4 5 1 4 4 2 3 5 6 5 0 6 2 3 6 5 4 6 4 5 2 3 4 5 3 4 4 1 3 5 4 5 2 3 6 7 4 
1 1 4 5 5 5 4 3 3 5 3 5 4 6 4 3 4 5 4 3 6 6 5 3 5 4 0 6 2 5 3 1 4 3 6 3 3 2 1 5 2 3 4 2 3 5 3 5 6 4 7 1 0 6 5 3 5 5 5 1 1 5 0 3 6 4 4 3 0 6 2 4 3 0 3 5 1 2 5 4 2 7 0 4 1 4 5 4 1 2 3 3 3 2 3 4 4 2 3 5 3 4 5 6 1 4 4 7 0 5 0 2 7 2 0 1 7 6 0 6 0 4 2 3 6 7 0 6 2 5 3 6 0 0 2 5 2 3 4 1 2 1 0 2 4 6 5 5 5 3 2 3 4 4 3 3 2 4 6 4 5 3 
7 7 7 4 6 1 3 5 2 4 4 3 2 3 4 4 1 3 5 2 5 2 2 7 5 1 6 5 3 1 2 4 4 4 4 5 2 6 6 1 5 6 3 4 6 0 7 7 2 4 4 4 6 1 6 2 4 4 6 6 4 2 6 2 4 4 1 6 5 4 6 7 3 5 6 5 4 3 2 6 3 3 6 5 6 3 4 1 5 4 2 7 7 3 4 1 2 3 3 1 5 8 2 3 5 6 2 4 6 2 6 3 4 5 5 4 4 0 6 0 6 2 4 6 3 4 5 2 3 4 2 4 5 6 5 1 6 2 3 6 6 4 6 4 5 2 3 4 5 3 4 4 1 3 6 4 5 2 3 6 8 4 
1 1 4 5 4 6 5 2 3 5 3 5 4 7 4 3 4 6 4 3 6 7 6 2 5 4 0 6 3 5 3 1 4 3 6 3 3 2 0 6 2 3 5 2 2 6 3 4 6 4 7 2 0 6 4 3 5 5 5 1 2 5 0 4 6 4 4 3 0 6 1 4 3 0 2 5 1 2 5 4 2 7 0 4 1 4 5 4 1 2 3 3 2 3 4 4 4 2 3 6 3 4 5 7 1 3 4 7 0 5 0 3 7 2 0 1 7 6 0 6 0 4 2 3 6 7 0 6 2 5 3 6 0 0 1 6 1 3 4 0 1 2 0 2 4 6 5 5 5 4 2 3 4 4 2 3 2 4 7 4 4 3 
5 5 4 2 3 1 0 3 0 1 1 1 0 2 1 1 1 1 2 2 3 2 1 4 2 1 4 2 1 1 0 2 2 1 2 2 1 4 3 2 2 3 0 1 3 2 4 4 2 1 3 2 4 2 3 1 1 2 3 4 2 1 4 1 2 1 2 3 3 2 4 4 1 3 3 2 3 1 1 3 2 3 3 2 4 0 2 1 3 1 1 4 4 2 1 2 0 2 0 2 2 5 1 2 2 3 0 3 4 1 4 1 3 3 3 3 3 2 4 2 4 0 1 3 2 3 3 2 2 2 1 2 3 4 3 2 4 2 0 4 3 2 4 1 2 2 1 2 2 0 1 1 1 0 3 1 2 0 2 3 5 2 
4 4 3 2 2 3 2 1 1 2 1 2 2 4 2 1 2 3 2 2 3 4 3 2 2 2 2 3 1 3 1 1 1 0 3 1 2 2 2 3 0 1 2 0 1 3 2 3 4 1 4 1 2 4 2 2 2 2 3 2 2 3 2 2 3 1 3 1 2 3 2 3 1 2 1 2 2 1 2 2 2 4 2 2 2 1 2 2 2 0 2 2 2 2 1 3 2 2 1 4 1 3 3 4 1 2 2 4 2 2 3 1 4 1 2 2 5 4 2 4 2 1 0 1 3 5 2 4 2 2 2 3 2 3 1 3 2 2 1 2 1 1 3 0 2 4 3 2 2 1 0 0 2 1 1 0 0 1 4 2 3 0 
5 5 1 2 1 4 3 0 3 2 1 2 3 4 2 1 4 3 1 4 3 5 4 1 1 4 3 2 3 4 3 2 1 2 3 0 4 1 2 4 1 0 3 2 1 5 1 1 5 1 4 3 3 5 1 3 3 2 1 2 3 4 3 4 3 1 5 0 3 3 2 1 3 3 0 1 3 3 3 0 4 5 3 1 2 2 2 4 3 1 4 1 1 4 1 4 3 3 3 5 1 1 4 5 2 0 3 4 3 3 4 3 4 1 3 3 4 5 3 6 3 3 1 0 3 5 3 5 4 2 3 3 3 4 1 5 2 4 2 3 1 3 4 2 0 4 3 2 1 2 2 1 4 2 0 1 1 3 4 0 2 1 
7 7 5 1 3 1 1 4 3 1 2 1 2 1 1 2 3 0 2 4 1 1 1 5 2 2 6 1 3 2 2 4 2 3 0 3 4 5 5 2 4 4 1 3 4 2 5 5 1 2 1 4 6 2 3 3 0 1 3 6 4 1 6 3 0 2 4 3 6 1 5 4 3 5 4 2 5 3 1 3 4 1 5 2 6 1 1 3 5 3 3 5 5 4 2 3 2 4 2 2 2 5 1 1 4 3 2 0 6 1 6 4 1 4 5 5 1 3 6 3 6 2 3 3 0 1 5 1 4 1 3 0 5 6 4 2 5 4 2 6 4 4 6 3 3 1 0 1 2 2 3 3 2 1 4 3 4 2 0 3 5 3 
9 9 6 2 4 2 2 5 4 2 4 2 3 1 2 4 4 1 4 5 2 1 2 6 3 4 7 2 5 3 4 6 3 4 1 4 5 6 7 3 5 5 2 5 6 3 6 6 1 3 0 6 7 3 4 5 2 2 3 7 6 2 7 5 1 3 5 5 7 1 7 5 5 7 5 3 6 5 2 4 6 0 7 3 7 3 2 4 6 4 5 6 6 5 3 5 3 6 4 3 4 6 2 1 6 5 3 0 7 2 8 5 0 6 7 6 0 4 7 4 7 3 5 5 1 0 7 2 6 2 4 1 7 8 6 3 7 5 3 7 6 6 8 5 4 1 1 2 3 3 5 4 3 3 5 4 5 3 1 4 6 4 
1 1 4 5 4 5 4 2 3 4 3 4 3 6 4 3 4 5 4 2 5 6 5 3 4 3 0 5 2 5 3 1 4 2 5 3 2 2 1 5 1 3 4 1 2 5 3 4 6 3 6 1 0 5 4 2 5 5 5 1 1 5 0 3 5 3 3 3 0 5 2 4 2 0 2 5 0 2 4 4 2 6 0 4 1 3 5 3 0 2 3 3 2 2 3 4 3 1 3 5 3 4 5 6 1 3 4 6 0 4 0 2 6 1 0 0 7 5 0 5 0 3 2 3 5 7 0 6 1 4 3 6 0 1 1 5 1 3 3 1 1 1 1 2 4 6 5 4 4 3 2 2 4 3 2 2 2 3 6 4 4 2 
7 7 6 3 5 0 1 5 3 2 3 2 2 1 2 3 2 1 4 3 3 0 0 6 3 2 6 3 3 1 2 5 3 3 1 4 3 6 6 0 4 5 1 4 5 1 6 6 0 3 2 4 6 1 4 3 2 3 4 6 4 1 6 3 2 3 3 5 6 2 6 5 3 6 5 4 5 3 1 5 4 1 6 3 6 2 3 2 5 4 3 6 6 3 3 2 2 4 2 1 4 7 1 0 5 5 2 2 6 1 6 3 1 5 6 5 2 1 6 2 6 2 4 5 1 2 6 0 4 2 2 2 5 7 5 1 6 3 2 6 5 4 7 4 4 0 2 2 4 2 4 4 2 2 5 3 4 2 1 5 6 4 
3 3 5 4 5 3 3 3 1 3 2 3 2 5 3 3 2 4 4 1 5 5 4 4 4 2 2 5 0 3 1 1 3 2 4 3 1 3 2 4 2 3 3 1 3 3 4 5 4 3 5 0 2 4 4 1 4 4 5 3 0 3 2 1 5 3 2 4 1 5 3 5 1 2 3 4 1 1 3 4 0 5 2 4 3 3 4 2 1 2 1 4 4 0 3 2 2 0 2 3 3 5 3 5 1 4 2 5 2 3 2 0 5 2 2 0 6 4 2 3 2 2 2 4 4 6 1 4 0 4 1 5 1 2 2 3 3 1 2 3 2 0 2 2 4 5 4 4 4 2 1 2 2 3 3 2 2 2 5 4 5 2 
6 6 4 0 2 2 1 2 2 0 1 0 2 2 0 1 3 1 1 3 1 2 2 3 0 3 5 0 3 3 2 3 1 2 1 2 3 4 4 3 3 2 1 3 3 3 3 3 2 0 2 4 5 3 1 3 0 0 1 4 4 2 5 3 0 1 4 2 5 0 4 3 3 5 3 1 4 3 1 2 4 2 5 0 5 1 0 3 4 2 3 4 4 4 1 4 2 4 2 3 1 4 2 2 3 2 2 1 5 1 5 3 2 3 4 4 2 4 5 4 5 2 2 2 1 2 4 2 4 0 3 1 4 6 3 3 4 4 1 5 3 3 5 2 1 2 0 0 1 1 2 2 2 1 3 2 3 2 2 2 4 2 
4 4 5 3 4 2 1 3 0 2 2 2 1 3 2 2 0 2 3 0 4 3 2 4 3 0 3 3 0 1 0 2 3 1 3 3 0 4 3 2 2 3 1 1 4 2 4 5 3 2 4 1 4 2 4 0 2 3 4 4 1 1 3 0 3 2 1 3 3 3 4 4 0 3 3 4 2 1 1 4 1 4 3 3 4 2 3 0 2 1 0 5 4 1 2 1 0 1 0 2 2 5 2 3 2 4 1 4 3 2 4 0 4 3 3 2 4 2 3 2 3 1 2 3 3 4 3 2 1 3 0 3 3 4 3 2 4 1 1 4 3 1 4 1 3 3 3 3 3 1 1 2 0 1 3 2 2 0 3 4 5 2 
8 8 5 1 3 2 1 4 3 1 2 1 2 1 1 3 3 0 2 4 1 1 2 5 1 3 6 1 4 3 3 5 2 3 0 3 4 5 5 2 4 4 1 4 4 3 5 5 1 2 0 5 6 3 3 4 0 1 2 6 5 2 6 4 0 2 4 4 6 0 5 4 4 6 4 2 5 4 1 3 5 1 6 2 6 2 1 3 5 3 4 5 5 4 2 4 2 5 3 3 3 5 2 1 4 3 2 0 6 1 6 4 0 4 6 5 1 3 6 4 6 2 3 3 0 1 6 2 5 1 3 0 5 7 4 3 5 4 2 6 5 4 7 3 3 1 0 1 2 2 4 3 3 2 4 3 4 2 0 3 5 3 
2 2 3 4 4 5 4 2 2 4 3 4 3 6 4 3 4 5 4 2 5 6 5 2 4 3 0 5 2 4 3 0 3 2 5 3 2 2 1 5 1 3 4 1 2 5 3 4 6 3 6 1 0 5 4 2 4 4 4 1 1 4 0 3 5 3 3 3 0 5 2 4 2 0 2 4 0 2 4 4 2 6 0 4 1 3 4 3 0 2 3 3 2 2 3 3 3 1 2 5 3 4 4 6 0 3 3 6 0 4 1 2 6 1 0 0 7 5 0 5 0 3 2 3 5 7 0 5 1 4 3 5 0 1 1 5 1 3 3 1 1 1 1 1 3 6 5 4 4 3 1 2 4 3 2 2 1 3 6 3 4 2 
0 0 4 6 5 6 5 3 4 5 4 5 5 7 5 4 5 6 5 3 7 7 6 3 5 5 1 6 3 6 4 2 5 3 7 4 4 2 1 6 2 4 5 3 3 6 3 5 7 5 8 2 0 6 5 4 6 6 6 1 2 6 0 4 6 5 4 4 1 6 2 5 3 1 3 6 1 3 6 5 3 8 1 5 1 5 6 5 1 3 4 3 3 3 4 5 5 2 4 6 4 4 6 7 2 4 5 7 1 6 0 3 8 2 1 2 8 6 0 6 0 4 3 4 6 8 1 7 2 6 4 7 1 0 2 6 2 4 4 1 2 2 0 3 5 7 6 6 5 4 3 3 5 5 3 3 3 4 7 4 5 3 
3 3 2 3 3 4 3 1 3 3 2 3 3 5 3 1 4 4 2 3 4 5 5 1 3 3 1 4 2 4 2 1 2 1 4 1 3 1 1 5 0 1 3 1 1 5 1 3 5 2 5 1 1 5 3 3 4 3 3 1 2 4 1 3 4 2 4 1 1 4 1 2 2 1 1 3 2 2 4 2 2 5 1 2 1 2 3 3 1 1 3 2 1 3 2 4 3 2 2 5 2 2 4 5 0 2 3 5 1 4 2 2 5 0 1 2 6 5 2 5 1 3 1 1 4 6 1 5 2 3 3 4 1 2 0 5 1 3 2 1 0 1 2 1 2 5 4 3 3 2 1 1 3 2 1 1 0 3 5 2 3 1 
7 7 6 3 5 0 1 5 2 3 3 2 1 2 3 4 1 2 4 2 4 2 1 6 4 1 6 3 2 0 2 4 3 3 3 4 2 6 5 0 4 5 2 3 5 0 6 6 1 3 3 4 6 0 5 2 2 3 5 6 4 1 6 2 3 3 2 5 5 3 6 6 2 5 5 4 4 3 1 5 3 2 5 4 6 2 3 1 4 3 2 6 6 2 3 1 1 3 2 0 4 7 1 2 4 5 1 3 5 1 6 3 3 5 5 4 3 0 5 1 6 2 3 5 2 3 5 1 3 3 2 3 5 6 5 0 6 2 2 6 5 4 6 3 4 1 2 3 4 2 3 4 1 2 5 3 4 2 2 5 7 4 
3 3 2 4 3 5 4 1 4 4 3 4 4 6 4 2 5 5 3 4 5 6 6 1 4 4 1 5 3 5 3 2 3 2 5 2 4 0 0 6 1 2 4 2 1 6 1 3 6 3 6 2 1 6 3 4 4 4 3 0 3 5 1 4 5 3 5 2 2 5 0 3 3 1 1 4 2 3 5 3 3 6 1 3 0 3 4 4 2 2 4 1 0 3 3 5 4 3 3 6 2 2 5 6 1 2 4 6 1 5 2 3 6 1 1 2 7 6 2 6 1 4 2 2 5 7 1 6 3 4 4 5 1 2 1 6 0 4 3 1 0 2 1 2 3 6 5 4 3 3 2 2 5 3 1 2 1 4 6 2 3 2 
4 4 6 4 5 2 2 4 1 3 3 3 2 4 3 3 1 3 4 0 5 4 3 5 4 1 3 4 0 2 1 2 4 2 4 3 0 4 3 3 3 4 3 2 4 2 5 6 4 3 5 1 4 2 5 0 4 4 5 4 1 2 3 0 4 3 0 4 3 4 4 5 1 3 4 5 2 1 2 5 1 5 3 4 4 3 4 1 2 2 0 5 5 0 3 0 1 1 1 2 3 6 2 4 2 4 2 5 3 3 3 0 5 3 3 2 5 2 3 2 3 2 2 4 4 5 3 3 1 4 1 4 3 4 3 2 4 0 2 4 3 2 4 2 4 4 4 4 4 2 2 3 1 2 4 2 3 2 4 5 6 3 
5 5 4 1 3 2 1 2 1 1 0 1 0 2 0 1 2 1 2 2 2 2 2 3 1 1 4 2 2 2 1 2 1 1 2 1 2 3 3 2 2 2 0 1 3 2 3 4 2 1 3 2 4 2 2 1 1 1 2 4 2 1 4 2 2 0 3 2 3 2 3 3 1 3 2 2 3 1 1 2 2 3 3 1 4 0 1 1 3 1 2 4 3 2 0 2 1 2 0 2 1 4 1 3 2 2 1 2 3 1 4 2 3 2 3 3 3 3 4 3 4 0 1 2 2 3 3 2 2 1 1 2 3 4 2 2 3 2 0 4 3 2 4 1 2 2 1 1 2 0 1 1 1 0 2 1 2 0 2 2 4 1 
2 2 3 5 4 6 5 2 4 5 3 5 4 7 4 3 5 6 4 3 6 7 6 2 5 4 0 5 3 6 4 2 4 3 6 3 3 1 0 6 2 3 5 2 2 6 2 4 7 4 7 2 0 6 4 4 5 5 5 0 2 5 0 4 6 4 5 3 1 6 1 4 3 0 2 5 1 3 5 4 3 7 0 4 0 4 5 4 1 2 4 2 2 3 3 5 4 2 4 6 3 3 5 7 1 3 4 7 0 5 1 3 7 1 0 2 7 6 1 6 0 4 2 3 6 7 1 6 3 5 4 6 1 1 1 6 1 4 4 0 1 2 0 2 4 7 5 5 4 4 2 3 5 4 2 3 2 4 7 3 4 2 
3 3 2 3 2 5 4 1 3 3 2 3 3 5 3 2 4 4 2 3 4 5 5 1 3 4 1 4 2 5 3 1 2 2 4 1 3 0 0 5 0 1 3 1 1 5 1 2 5 2 5 2 1 5 3 3 4 3 3 1 2 4 1 3 4 2 4 1 2 4 0 2 2 1 0 3 2 2 4 2 3 6 1 3 1 3 3 4 2 1 3 1 1 3 2 4 3 2 2 5 2 2 4 5 1 2 3 5 1 4 2 2 5 0 1 2 6 5 2 6 1 3 1 1 4 6 1 5 2 3 3 5 1 2 0 5 0 3 3 1 0 1 2 1 2 5 4 3 3 3 1 1 4 3 1 1 0 3 5 2 3 1 
3 3 4 4 4 3 3 2 1 3 2 3 2 5 3 2 2 4 3 1 4 5 4 3 3 2 2 4 1 3 1 0 3 1 4 2 1 2 1 4 1 2 3 0 2 3 3 4 4 2 5 0 2 4 4 1 3 4 4 2 0 3 2 2 4 2 2 3 1 4 2 4 1 1 2 4 0 0 3 4 1 5 1 3 2 2 4 2 0 1 1 3 3 1 2 2 2 0 1 4 2 4 3 5 0 3 2 5 1 3 2 1 5 1 1 0 5 4 1 4 2 2 1 3 4 6 1 4 0 3 1 4 1 2 1 4 2 2 2 2 1 0 2 1 3 4 4 3 4 2 1 1 2 2 2 1 1 2 5 3 4 1 
1 1 4 6 5 6 5 3 4 5 4 5 5 7 5 4 5 6 5 3 6 7 6 3 5 5 0 6 3 6 4 2 4 3 6 3 3 2 1 6 2 3 5 2 3 6 3 4 7 4 7 2 0 6 5 4 6 6 5 1 2 6 0 4 6 4 4 4 0 6 2 4 3 0 3 5 1 3 5 5 3 7 0 5 1 4 5 5 1 3 4 3 2 3 4 5 5 2 4 6 4 4 6 7 2 4 5 7 0 5 0 3 7 2 1 1 8 6 0 6 0 4 3 4 6 8 1 7 2 5 4 7 1 0 2 6 1 4 4 0 2 2 0 3 4 7 6 5 5 4 3 3 5 4 3 3 2 4 7 4 5 3 
4 4 3 2 3 3 2 1 1 2 1 2 2 4 2 1 2 3 2 2 3 4 3 2 2 2 2 3 1 3 1 1 1 0 3 1 2 2 2 3 0 1 2 0 2 3 2 3 4 1 4 1 2 4 2 2 2 2 3 2 1 3 2 2 3 1 3 2 2 3 2 3 1 2 1 3 2 0 2 2 2 4 2 2 2 1 2 2 1 0 2 3 2 2 1 3 2 1 1 4 1 3 3 4 1 2 2 4 2 2 3 1 4 1 2 1 5 4 2 4 2 1 0 2 3 5 2 4 2 2 1 3 1 3 1 3 2 2 1 2 1 1 3 0 2 4 3 2 2 1 0 0 2 1 1 0 1 1 4 2 3 0 
5 5 2 1 1 4 2 1 3 2 1 2 3 4 1 1 4 3 0 4 2 4 4 2 1 3 4 2 3 4 3 3 0 2 3 0 4 2 3 4 2 1 2 2 1 4 1 2 4 1 3 3 4 5 0 3 2 1 1 3 4 3 4 4 2 1 5 0 4 2 2 1 3 4 1 1 4 3 3 0 4 4 4 0 3 1 1 4 4 2 4 2 2 4 1 4 3 4 2 5 0 2 3 4 2 0 3 3 3 3 4 3 4 2 3 4 4 5 4 5 4 2 2 0 3 4 4 4 4 1 3 3 3 5 2 4 3 4 2 4 2 3 4 2 0 4 2 1 0 2 2 1 3 2 1 1 1 2 3 0 2 1 
8 8 6 2 5 1 1 5 3 2 3 2 2 0 2 3 2 1 4 4 2 0 0 6 3 2 6 2 4 1 3 5 3 3 1 4 4 6 6 1 4 5 1 4 5 2 6 6 0 3 1 5 6 1 4 3 1 2 4 6 5 1 6 3 2 3 4 5 6 2 6 5 3 6 5 3 5 4 1 4 4 0 6 3 6 2 2 2 5 4 3 6 6 4 3 3 2 5 3 1 3 6 1 0 5 5 2 1 6 1 7 4 1 5 6 5 1 2 6 2 6 2 4 4 1 1 6 0 5 2 3 1 6 7 5 1 6 4 2 7 5 4 7 4 4 0 1 2 3 2 4 4 2 2 5 4 5 2 0 5 6 4 
7 7 4 1 3 1 1 3 2 0 2 0 1 1 1 2 2 0 2 3 1 1 1 4 1 2 5 1 3 2 2 4 1 2 0 2 3 4 5 2 3 3 1 3 4 2 4 4 1 1 1 4 5 2 2 3 0 1 2 5 4 1 5 3 0 1 4 3 5 0 5 3 3 5 4 2 5 3 1 3 4 1 5 1 5 1 1 2 4 2 3 5 5 4 2 3 2 4 2 2 2 5 1 1 4 3 1 1 5 1 6 3 1 4 5 4 1 3 5 3 5 1 3 3 0 1 5 2 4 0 3 0 5 6 4 2 5 4 1 5 4 4 6 3 2 1 0 0 2 2 3 2 2 1 3 2 3 2 1 3 5 3 
6 6 3 0 2 2 1 2 2 0 1 0 2 2 0 1 3 1 1 3 1 2 2 3 0 3 5 0 3 3 2 3 1 2 1 1 3 4 4 3 3 2 1 2 3 3 3 3 2 0 2 4 5 3 1 3 0 0 1 4 4 2 5 3 0 0 4 2 5 0 4 3 3 4 3 1 4 3 1 2 4 2 5 0 5 1 0 3 4 2 3 4 4 4 1 4 2 4 2 3 1 4 2 2 3 2 2 1 5 1 5 3 2 3 4 4 2 4 5 4 5 2 2 2 1 2 4 2 4 0 3 1 4 6 3 3 4 4 1 5 3 3 5 2 1 2 0 0 1 1 2 2 2 1 3 2 2 2 2 2 4 2 
6 6 2 1 1 3 2 2 3 1 1 1 3 3 1 1 4 2 0 4 1 4 3 3 0 4 4 1 4 4 3 3 0 2 2 1 4 3 4 4 2 1 2 3 2 4 2 2 4 1 3 4 5 4 0 4 1 1 0 4 4 3 5 4 1 1 5 1 5 1 3 1 3 4 2 0 4 3 2 1 4 3 4 0 4 1 1 4 4 2 4 3 3 4 1 5 3 4 3 4 1 3 3 4 3 1 3 2 4 3 5 4 3 3 4 4 3 5 5 5 5 2 2 1 2 3 4 4 4 1 3 2 4 5 3 4 3 4 2 4 3 4 5 2 0 3 2 1 0 2 2 2 3 2 2 2 2 3 3 1 2 2 
5 5 4 2 3 2 1 2 1 1 0 1 0 3 1 1 1 2 2 2 3 3 2 3 2 1 3 2 1 2 0 2 1 0 2 1 1 3 3 2 2 2 1 1 3 2 3 4 2 1 3 2 4 2 3 1 1 2 3 4 2 1 4 1 2 1 2 2 3 2 3 3 1 3 3 2 3 1 1 3 2 3 3 2 4 0 2 1 3 1 1 4 3 2 1 2 0 2 0 2 1 4 1 3 2 3 0 3 3 1 4 1 3 2 3 2 3 3 3 3 4 0 1 2 2 3 3 2 2 1 1 2 3 4 2 2 3 2 0 4 3 2 4 1 2 2 2 1 2 0 1 1 1 0 2 1 2 0 2 3 4 1 
3 3 3 3 3 3 2 1 1 2 1 2 2 4 2 1 2 3 2 2 3 4 3 2 2 2 2 3 1 3 1 1 2 0 3 1 2 2 2 3 0 2 2 0 2 3 2 3 4 1 4 1 2 4 3 1 3 3 3 2 1 3 2 2 3 1 3 2 2 3 2 3 1 2 1 3 1 0 2 3 2 4 2 2 2 1 3 2 1 0 2 3 2 2 1 3 2 1 1 4 1 3 3 4 0 2 2 4 2 2 2 1 4 1 1 1 5 4 2 4 2 1 0 2 3 5 2 4 1 2 1 4 1 3 1 3 2 2 1 2 1 1 3 0 2 4 3 2 2 1 0 0 2 1 1 0 1 1 4 2 4 0 
4 4 2 2 2 3 2 1 2 2 0 2 2 4 1 0 3 3 1 2 3 4 3 2 2 2 2 2 2 3 1 1 1 0 3 0 2 2 2 3 0 1 2 0 1 4 2 3 4 1 4 2 3 4 2 2 2 2 2 2 2 3 3 2 2 1 3 1 3 3 2 2 2 2 1 2 2 1 2 2 2 4 2 1 2 1 2 2 2 0 2 2 2 2 0 3 2 2 1 4 0 3 3 4 1 1 2 4 2 2 3 2 4 1 2 2 4 4 3 4 3 1 0 1 3 4 2 4 2 2 2 3 2 3 1 4 2 3 1 3 1 1 3 0 1 4 2 2 2 1 0 0 2 1 1 0 0 1 3 1 3 0 
5 5 5 3 4 1 1 4 1 2 2 2 0 2 2 2 0 2 3 1 3 2 1 5 3 0 4 3 1 0 1 3 3 2 2 3 1 5 4 1 3 4 1 2 4 1 5 5 2 2 3 2 4 1 4 1 2 3 4 5 2 1 4 1 3 2 1 4 4 3 5 5 1 4 4 3 3 2 1 4 2 3 4 3 5 1 3 0 3 2 1 5 5 1 2 1 0 2 1 1 3 6 1 2 3 4 0 3 4 1 5 1 3 4 4 3 4 1 4 1 4 1 2 4 2 3 4 2 2 2 0 3 4 5 3 1 5 1 1 5 4 2 5 2 3 2 2 2 3 1 2 2 0 1 4 2 3 0 2 4 6 3 
5 5 4 1 3 2 0 2 1 0 0 0 0 2 0 1 2 1 2 2 2 2 2 3 1 1 4 2 2 2 1 2 1 1 2 1 2 3 3 2 2 2 0 1 3 2 3 4 2 1 3 2 4 2 2 2 1 1 2 4 3 1 4 2 2 0 3 2 4 2 3 3 1 3 3 2 3 1 1 2 2 3 4 1 4 0 1 1 3 1 2 4 3 2 1 2 1 3 0 2 1 4 1 2 2 2 0 2 4 1 4 2 2 2 3 3 3 3 4 3 4 0 1 2 1 3 3 2 3 1 1 2 3 5 2 2 3 2 0 4 3 2 4 1 2 2 1 1 2 0 1 1 1 0 2 1 2 0 2 2 4 1 
4 4 1 3 1 4 3 0 3 3 2 3 3 5 2 1 4 4 1 4 3 5 5 0 2 4 2 3 3 5 3 2 2 2 4 1 3 1 2 5 1 0 3 1 0 5 0 2 5 2 5 2 2 5 2 3 3 3 2 2 3 4 3 4 3 2 5 0 3 3 1 1 3 2 0 2 3 2 4 1 3 5 2 2 2 2 3 4 3 1 4 1 1 3 1 4 3 3 3 5 1 1 4 5 1 0 3 5 2 4 3 3 5 0 2 3 5 5 3 6 2 3 1 0 4 5 2 5 3 3 3 4 2 3 1 5 1 4 2 2 1 2 3 1 1 5 3 3 2 2 1 1 4 2 0 1 0 3 5 1 2 1 
4 4 3 2 2 3 2 1 1 2 0 2 1 4 1 0 2 3 2 2 3 4 3 2 2 2 2 3 1 3 1 1 1 0 3 1 2 2 2 3 0 1 2 0 2 3 2 3 4 1 4 1 3 3 2 2 2 2 2 2 2 3 3 2 3 1 3 1 2 3 2 3 1 2 1 2 2 1 2 2 2 4 2 1 2 1 2 2 2 0 2 3 2 2 1 3 2 2 1 3 1 3 2 4 1 2 2 4 2 2 3 1 4 1 2 2 4 4 3 4 3 1 0 1 3 4 2 3 2 2 2 3 2 3 1 3 2 2 1 3 1 1 3 0 1 4 2 2 2 1 0 0 2 1 1 0 1 1 3 2 3 0 
4 4 2 3 2 4 3 0 2 2 1 2 3 5 2 1 3 4 2 3 3 5 4 1 2 3 2 3 2 4 2 1 1 1 4 1 3 1 1 4 0 1 3 1 1 4 1 2 5 2 5 2 2 5 2 3 3 3 2 1 2 4 2 3 3 1 4 1 2 3 1 2 2 2 0 2 2 1 3 2 2 5 2 2 2 2 3 3 2 1 3 2 1 3 1 4 3 2 2 4 1 2 4 5 1 1 3 4 2 3 2 2 5 0 1 2 5 5 2 5 2 2 0 1 4 5 2 4 2 3 2 4 1 3 0 4 1 3 2 2 0 1 2 1 1 5 3 2 2 2 1 0 3 2 0 1 0 2 4 1 3 0 
5 5 4 2 4 1 1 3 0 1 1 1 0 2 1 1 1 2 3 1 3 2 2 4 2 1 4 2 1 1 0 2 2 1 2 2 1 4 3 2 2 3 1 1 3 2 4 4 2 1 3 2 4 2 3 1 1 2 3 4 2 1 4 1 2 1 2 3 3 2 4 4 1 3 3 3 3 1 1 3 2 3 3 2 4 1 2 1 3 1 1 4 4 1 1 1 0 2 0 2 2 5 1 2 2 3 0 3 4 1 4 1 3 3 3 2 3 2 4 2 4 0 1 3 2 3 3 2 2 2 0 2 3 4 3 2 4 2 0 4 3 2 4 1 2 2 2 2 3 0 1 1 0 0 3 1 2 0 2 3 5 2 
8 8 6 2 4 1 1 4 3 1 3 1 2 0 2 3 3 0 3 4 2 0 1 5 2 3 6 2 4 2 3 5 3 3 0 3 4 6 6 2 4 4 1 4 5 2 5 5 1 2 0 5 7 2 3 4 1 2 3 6 5 1 7 4 1 2 4 4 6 1 6 5 4 6 5 3 5 4 1 4 5 0 6 3 6 2 2 3 5 4 4 6 6 4 3 4 2 5 3 2 3 6 1 0 5 4 2 0 6 1 7 4 0 5 6 5 1 3 6 3 7 2 4 4 0 1 6 1 5 2 3 0 6 7 5 2 6 4 2 7 5 5 7 4 3 0 1 2 3 2 4 3 2 2 5 3 4 2 0 4 6 4 
5 5 1 2 0 4 3 1 4 2 2 2 3 4 2 1 4 3 0 4 2 5 4 1 1 4 3 2 4 5 3 3 1 2 3 1 4 2 3 5 2 0 3 2 1 5 1 1 5 1 4 4 4 5 0 4 3 2 1 3 4 4 4 4 3 2 5 0 4 3 2 0 4 4 1 1 4 3 3 0 4 5 4 1 3 2 2 4 4 2 4 1 2 4 1 5 4 4 3 5 1 1 4 5 3 0 3 4 3 3 4 4 4 2 3 4 4 6 4 6 4 3 2 0 3 4 4 5 4 2 4 3 3 4 2 5 2 5 2 3 2 3 4 2 0 5 3 2 1 3 2 1 4 2 1 2 1 3 4 0 1 1 
6 6 0 4 1 6 5 2 5 4 3 4 5 6 4 3 6 5 2 6 4 6 6 1 3 6 4 4 5 6 5 4 3 4 5 2 6 2 3 6 3 2 5 4 2 7 1 0 6 3 6 5 4 7 2 5 4 4 2 3 5 6 4 6 4 3 7 1 5 4 2 1 5 4 2 3 5 4 5 1 6 6 4 3 3 4 3 6 5 3 6 1 2 6 3 7 5 5 5 7 3 0 6 6 4 1 5 5 4 5 5 5 6 3 4 5 6 7 5 8 4 5 3 2 5 6 4 6 5 4 5 5 4 5 3 7 3 6 4 4 3 4 5 3 2 6 5 4 2 4 4 3 6 4 2 3 3 5 6 1 0 3 
4 4 2 2 2 3 2 1 2 2 0 2 2 4 2 0 3 3 1 2 3 4 3 2 2 2 2 3 2 3 2 1 1 0 3 0 2 2 2 4 0 1 2 0 1 4 2 3 4 1 4 2 2 4 2 2 2 2 2 2 2 3 3 3 3 1 3 1 2 3 2 2 2 2 1 2 2 1 2 2 2 4 2 1 2 1 2 2 2 0 2 2 2 2 1 3 2 2 1 4 0 3 3 4 1 1 2 4 2 2 3 2 4 1 2 2 4 4 3 4 3 2 0 1 3 4 2 4 2 2 2 3 2 3 1 4 2 3 1 2 1 1 3 0 1 4 3 2 2 1 0 0 3 1 1 0 0 2 4 1 3 0 
